#source	Target	value	weight	distance	potential1	geneCorrelation	separation	influenceWeight	betweenness	influence'Weight	betweenness'	nbetweenness	nbetweenness'	
0	0	     0.0000	     0.0000	     0.0000	     3.0000	-9.7531e+92	-9.7531e+92	     10.575	     0.0000	     6.1660	     0.0000	     0.0000	     0.0000	
0	1	    0.32229	     5.9614	     35.562	     2.9528	-9.7531e+92	-9.7531e+92	     2.0660	    0.65639	     0.0000	     0.0000	     8.9463	    0.76488	
0	2	 0.00082921	   0.015338	     211.35	    0.14318	-9.7531e+92	-9.7531e+92	   0.035717	  0.0023418	     0.0000	 -0.0067843	   0.040986	  -0.041657	
0	3	 2.7810e-05	 0.00051439	     273.88	   0.052386	-9.7531e+92	-9.7531e+92	   0.010007	 0.00038212	     0.0000	  -0.029273	  0.0044576	  -0.030150	
0	4	 5.1201e-07	 9.4707e-06	     281.58	   0.046977	-9.7531e+92	-9.7531e+92	   0.042521	 0.00027473	     0.0000	  -0.087526	  0.0031121	  -0.073004	
0	5	  0.0017973	   0.033244	     169.69	    0.32292	-9.7531e+92	-9.7531e+92	    0.10972	  0.0084954	     0.0000	  -0.097972	   0.082892	  -0.074797	
0	6	   0.094587	     1.7496	     105.31	     1.3454	-9.7531e+92	-9.7531e+92	    0.85176	    0.33130	     0.0000	  0.0030886	     4.3820	   0.022381	
0	7	   0.095756	     1.7712	     80.265	     2.1201	-9.7531e+92	-9.7531e+92	    0.80262	    0.36578	     0.0000	   0.011949	     4.4009	   0.074054	
0	8	 7.8347e-05	  0.0014492	     172.11	    0.30693	-9.7531e+92	-9.7531e+92	  0.0032641	 0.00055470	     0.0000	-9.9680e-05	  0.0067098	 -0.0013675	
0	9	   0.081191	     1.5018	     86.890	     1.9108	-9.7531e+92	-9.7531e+92	    0.71266	    0.29902	     0.0000	  0.0016904	     3.7454	   0.036346	
0	10	 1.1068e-13	 2.0472e-12	     210.64	    0.14503	-9.7531e+92	-9.7531e+92	 0.00062319	 0.00026975	     0.0000	-3.6140e-06	  0.0030527	-5.9841e-06	
0	11	 1.9544e-05	 0.00036151	     167.10	    0.34103	-9.7531e+92	-9.7531e+92	  0.0010895	 0.00031931	     0.0000	-3.7514e-05	  0.0040469	-0.00020659	
0	12	 3.2302e-13	 5.9749e-12	     226.76	    0.10933	-9.7531e+92	-9.7531e+92	 0.00063065	 0.00026789	     0.0000	-9.0220e-06	  0.0030759	-1.6371e-05	
0	13	   0.062686	     1.1595	     86.013	     1.9388	-9.7531e+92	-9.7531e+92	    0.65977	    0.23388	     0.0000	  -0.010229	     3.0947	  -0.050613	
0	14	    0.11439	     2.1159	     114.85	     1.0949	-9.7531e+92	-9.7531e+92	    0.91304	    0.16493	     0.0000	     0.0000	     2.8455	     0.0000	
0	15	 0.00017532	  0.0032429	     189.51	    0.21584	-9.7531e+92	-9.7531e+92	   0.015358	 0.00096348	     0.0000	 -0.0087915	   0.011029	  -0.028436	
0	16	 3.1071e-14	 5.7471e-13	     217.18	    0.12904	-9.7531e+92	-9.7531e+92	 0.00065720	 0.00028456	     0.0000	-0.00012232	  0.0029750	-0.00013386	
0	17	 7.1043e-14	 1.3141e-12	     353.56	   0.019078	-9.7531e+92	-9.7531e+92	  0.0022705	 0.00031614	     0.0000	 -0.0099126	  0.0028704	 -0.0056270	
0	18	   0.088347	     1.6341	     116.29	     1.0606	-9.7531e+92	-9.7531e+92	    0.80378	    0.27416	     0.0000	 3.0439e-05	     3.9837	   0.023651	
0	19	 2.9393e-13	 5.4368e-12	     234.49	   0.096052	-9.7531e+92	-9.7531e+92	 0.00079047	 0.00027527	     0.0000	-0.00018627	  0.0030131	-0.00051072	
0	20	 8.2834e-09	 1.5322e-07	     206.61	    0.15606	-9.7531e+92	-9.7531e+92	  0.0014732	 0.00026937	     0.0000	-0.00017207	  0.0030193	-0.00091885	
0	21	    0.11594	     2.1446	     39.458	     2.9290	-9.7531e+92	-9.7531e+92	    0.75655	    0.39982	     0.0000	     0.0000	     5.3778	    0.24880	
0	22	 8.4356e-14	 1.5603e-12	     321.47	   0.027830	-9.7531e+92	-9.7531e+92	  0.0013348	 0.00030556	     0.0000	 -0.0035759	  0.0029230	 -0.0024856	
0	23	   0.018844	    0.34856	     119.13	    0.99543	-9.7531e+92	-9.7531e+92	    0.10884	   0.068854	     0.0000	 0.00089429	    0.88365	   0.049109	
0	24	  0.0030281	   0.056011	     123.34	    0.90511	-9.7531e+92	-9.7531e+92	   0.019285	   0.011262	     0.0000	 0.00058789	    0.14471	  0.0071499	
1	0	    0.45293	     7.2455	     35.562	     2.9528	-9.7531e+92	-9.7531e+92	     2.6052	    0.45700	     0.0000	     0.0000	     1.2898	     0.0000	
1	1	     0.0000	     0.0000	     0.0000	     3.0000	-9.7531e+92	-9.7531e+92	     8.7165	     0.0000	     6.3769	     0.0000	     0.0000	     0.0000	
1	2	  0.0058980	   0.094350	     184.62	    0.23778	-9.7531e+92	-9.7531e+92	   0.048044	   0.012403	     0.0000	     0.0000	    0.13638	     0.0000	
1	3	 9.7702e-05	  0.0015629	     244.14	   0.082134	-9.7531e+92	-9.7531e+92	  0.0095287	 0.00039106	     0.0000	     0.0000	  0.0038163	     0.0000	
1	4	 2.0157e-06	 3.2246e-05	     272.02	   0.053810	-9.7531e+92	-9.7531e+92	   0.035438	 0.00017133	     0.0000	     0.0000	  0.0015681	     0.0000	
1	5	  0.0016465	   0.026339	     161.91	    0.38106	-9.7531e+92	-9.7531e+92	   0.090242	  0.0045262	     0.0000	     0.0000	   0.037576	     0.0000	
1	6	   0.067341	     1.0772	     96.519	     1.6061	-9.7531e+92	-9.7531e+92	    0.65175	    0.14667	     0.0000	     0.0000	     1.5361	     0.0000	
1	7	   0.071523	     1.1441	     75.481	     2.2648	-9.7531e+92	-9.7531e+92	    0.63160	    0.15874	     0.0000	     0.0000	     1.6381	     0.0000	
1	8	 1.1551e-05	 0.00018477	     184.58	    0.23797	-9.7531e+92	-9.7531e+92	  0.0022763	 0.00017418	     0.0000	     0.0000	  0.0018461	     0.0000	
1	9	   0.091622	     1.4657	     55.376	     2.7421	-9.7531e+92	-9.7531e+92	    0.66261	    0.19843	     0.0000	     0.0000	     2.1052	     0.0000	
1	10	 1.7401e-12	 2.7836e-11	     228.04	    0.10699	-9.7531e+92	-9.7531e+92	 0.00053778	 0.00016127	     0.0000	     0.0000	  0.0014929	     0.0000	
1	11	 4.4416e-08	 7.1052e-07	     185.20	    0.23505	-9.7531e+92	-9.7531e+92	 0.00084805	 0.00014458	     0.0000	     0.0000	  0.0015988	     0.0000	
1	12	 2.1244e-13	 3.3983e-12	     231.78	    0.10046	-9.7531e+92	-9.7531e+92	 0.00054392	 0.00016452	     0.0000	     0.0000	  0.0014653	     0.0000	
1	13	   0.066950	     1.0710	     57.043	     2.7128	-9.7531e+92	-9.7531e+92	    0.57964	    0.14101	     0.0000	     0.0000	     1.5627	     0.0000	
1	14	   0.050389	    0.80606	     88.839	     1.8485	-9.7531e+92	-9.7531e+92	    0.57892	   0.078948	     0.0000	     0.0000	     1.1507	     0.0000	
1	15	 0.00097804	   0.015646	     167.83	    0.33581	-9.7531e+92	-9.7531e+92	   0.016443	  0.0024763	     0.0000	     0.0000	   0.023562	     0.0000	
1	16	 1.1430e-13	 1.8285e-12	     207.46	    0.15366	-9.7531e+92	-9.7531e+92	 0.00056865	 0.00017601	     0.0000	     0.0000	  0.0013993	     0.0000	
1	17	 8.6539e-14	 1.3843e-12	     342.57	   0.021626	-9.7531e+92	-9.7531e+92	  0.0019125	 0.00018512	     0.0000	     0.0000	  0.0013811	     0.0000	
1	18	    0.11741	     1.8782	     111.77	     1.1715	-9.7531e+92	-9.7531e+92	    0.79491	    0.20370	     0.0000	     0.0000	     2.4662	     0.0000	
1	19	 5.7783e-13	 9.2435e-12	     226.57	    0.10968	-9.7531e+92	-9.7531e+92	 0.00067955	 0.00016821	     0.0000	     0.0000	  0.0014552	     0.0000	
1	20	 4.5188e-07	 7.2286e-06	     199.20	    0.17914	-9.7531e+92	-9.7531e+92	  0.0012568	 0.00015282	     0.0000	     0.0000	  0.0015832	     0.0000	
1	21	   0.072075	     1.1530	     57.297	     2.7081	-9.7531e+92	-9.7531e+92	    0.52157	    0.14025	     0.0000	     0.0000	     1.6817	     0.0000	
1	22	 1.5560e-13	 2.4890e-12	     312.59	   0.031097	-9.7531e+92	-9.7531e+92	  0.0011322	 0.00018144	     0.0000	     0.0000	  0.0014073	     0.0000	
1	23	 0.00044537	  0.0071245	     132.72	    0.73117	-9.7531e+92	-9.7531e+92	   0.034105	  0.0010586	     0.0000	     0.0000	   0.012519	     0.0000	
1	24	 0.00067564	   0.010808	     142.19	    0.58963	-9.7531e+92	-9.7531e+92	  0.0090299	  0.0015172	     0.0000	     0.0000	   0.018358	     0.0000	
2	0	    0.62862	     1.7089	     211.35	    0.14318	-9.7531e+92	-9.7531e+92	    0.55981	    0.24971	     0.0000	     0.0000	    -5.1031	    -2.3428	
2	1	  0.0072389	   0.019679	     184.62	    0.23778	-9.7531e+92	-9.7531e+92	    0.12716	  0.0030279	     0.0000	     0.0000	  -0.068729	    0.93372	
2	2	     0.0000	     0.0000	     0.0000	     3.0000	-9.7531e+92	-9.7531e+92	     1.3747	     0.0000	     1.3435	     0.0000	     0.0000	     0.0000	
2	3	   0.075503	    0.20525	     63.167	     2.5880	-9.7531e+92	-9.7531e+92	   0.059187	   0.019936	   0.038263	    0.12067	    -1.0924	   -0.72551	
2	4	   0.022572	   0.061362	     91.235	     1.7721	-9.7531e+92	-9.7531e+92	   0.027233	  0.0063847	     0.0000	   0.010350	   -0.30054	  -0.038373	
2	5	  0.0010056	  0.0027336	     120.45	    0.96633	-9.7531e+92	-9.7531e+92	  0.0085637	 0.00042507	     0.0000	   -0.11025	  -0.014606	    0.20376	
2	6	  0.0070282	   0.019106	     118.53	     1.0087	-9.7531e+92	-9.7531e+92	   0.057552	  0.0031975	     0.0000	  -0.075209	   -0.10169	    0.86837	
2	7	 0.00035581	 0.00096727	     153.12	    0.46179	-9.7531e+92	-9.7531e+92	   0.048340	 0.00019677	     0.0000	  -0.085125	 -0.0061389	    0.81654	
2	8	 1.2095e-06	 3.2879e-06	     174.51	    0.29198	-9.7531e+92	-9.7531e+92	 0.00027827	 3.2728e-05	     0.0000	-0.00021212	 -0.0010133	  0.0047293	
2	9	  0.0016264	  0.0044212	     133.64	    0.71608	-9.7531e+92	-9.7531e+92	   0.049450	 0.00078539	     0.0000	  -0.022542	  -0.024598	    0.75167	
2	10	 1.4874e-12	 4.0434e-12	     213.20	    0.13850	-9.7531e+92	-9.7531e+92	 9.1254e-05	 3.2329e-05	     0.0000	-6.3906e-06	 -0.0010032	 1.7190e-05	
2	11	 8.6779e-12	 2.3591e-11	     197.83	    0.18388	-9.7531e+92	-9.7531e+92	 0.00012302	 3.2071e-05	     0.0000	-8.9840e-05	 -0.0010003	 0.00080727	
2	12	 2.5185e-12	 6.8466e-12	     181.48	    0.25322	-9.7531e+92	-9.7531e+92	 9.2187e-05	 3.1761e-05	     0.0000	-1.5419e-05	-0.00099068	 4.7043e-05	
2	13	   0.048632	    0.13220	     127.66	    0.82064	-9.7531e+92	-9.7531e+92	   0.081774	   0.022123	     0.0000	  -0.038593	   -0.60606	    0.24090	
2	14	    0.11827	    0.32152	     97.273	     1.5829	-9.7531e+92	-9.7531e+92	    0.14602	   0.052073	     0.0000	   0.034449	    -1.4632	   -0.24535	
2	15	   0.071483	    0.19432	     21.827	     2.9932	-9.7531e+92	-9.7531e+92	   0.059360	   0.028394	   0.038856	   0.027818	   -0.92587	   -0.60509	
2	16	 0.00013750	 0.00037380	     68.097	     2.4691	-9.7531e+92	-9.7531e+92	 0.00021478	 8.1899e-05	     0.0000	 0.00031819	 -0.0023180	-0.00082206	
2	17	 7.4418e-08	 2.0230e-07	     160.64	    0.39167	-9.7531e+92	-9.7531e+92	  0.0011779	 2.4490e-05	     0.0000	 -0.0098962	-0.00081906	   0.012945	
2	18	   0.017484	   0.047529	     137.27	    0.65930	-9.7531e+92	-9.7531e+92	   0.066592	  0.0077499	     0.0000	-0.00059036	   -0.23815	    0.64144	
2	19	 3.5300e-06	 9.5962e-06	     139.30	    0.62950	-9.7531e+92	-9.7531e+92	 0.00015710	 3.0715e-05	     0.0000	-0.00018971	-0.00091879	  0.0012448	
2	20	 2.6119e-05	 7.1004e-05	     139.77	    0.62284	-9.7531e+92	-9.7531e+92	 0.00020473	 4.3257e-05	     0.0000	-0.00026252	 -0.0013379	  0.0023268	
2	21	 7.4757e-06	 2.0322e-05	     197.19	    0.18609	-9.7531e+92	-9.7531e+92	   0.042472	 3.4899e-05	     0.0000	     0.0000	 -0.0010734	    0.55521	
2	22	 8.6328e-07	 2.3468e-06	     161.29	    0.38622	-9.7531e+92	-9.7531e+92	 0.00054520	 2.6610e-05	     0.0000	 -0.0038926	-0.00085854	  0.0059793	
2	23	 3.5695e-07	 9.7035e-07	     168.40	    0.33177	-9.7531e+92	-9.7531e+92	  0.0059906	 3.2394e-05	     0.0000	-0.00076571	 -0.0010054	   0.067570	
2	24	 5.5992e-13	 1.5221e-12	     210.29	    0.14595	-9.7531e+92	-9.7531e+92	  0.0011155	 3.2290e-05	     0.0000	-0.00066233	 -0.0010021	   0.012979	
3	0	   0.015308	   0.054887	     273.88	   0.052386	-9.7531e+92	-9.7531e+92	    0.24952	  0.0041115	     0.0000	     0.0000	   -0.17306	     2.0625	
3	1	   0.079822	    0.28621	     244.14	   0.082134	-9.7531e+92	-9.7531e+92	    0.15501	   0.022686	     0.0000	     0.0000	   -0.97609	    0.66628	
3	2	    0.19753	    0.70827	     63.167	     2.5880	-9.7531e+92	-9.7531e+92	    0.23054	   0.051498	    0.18941	   0.070569	    -3.3596	    -2.5964	
3	3	     0.0000	     0.0000	     0.0000	     3.0000	-9.7531e+92	-9.7531e+92	     1.8525	     0.0000	     1.8249	     0.0000	     0.0000	     0.0000	
3	4	    0.25725	    0.92238	     82.606	     2.0469	-9.7531e+92	-9.7531e+92	    0.25045	   0.034367	    0.18366	    0.39108	    -4.1543	    -3.1286	
3	5	  0.0025225	  0.0090447	     167.87	    0.33554	-9.7531e+92	-9.7531e+92	  0.0099887	 0.00058051	     0.0000	  -0.059089	  -0.042508	    0.25078	
3	6	  0.0036438	   0.013065	     180.81	    0.25667	-9.7531e+92	-9.7531e+92	   0.047181	  0.0010925	     0.0000	  -0.062003	  -0.064595	     1.2189	
3	7	 3.2424e-05	 0.00011626	     215.68	    0.13250	-9.7531e+92	-9.7531e+92	   0.034832	 3.0226e-05	     0.0000	  -0.070015	 -0.0017420	     1.1039	
3	8	 9.4273e-14	 3.3802e-13	     221.29	    0.12010	-9.7531e+92	-9.7531e+92	 0.00030113	 2.0962e-05	     0.0000	-0.00017294	 -0.0011961	  0.0063533	
3	9	 0.00095853	  0.0034369	     191.41	    0.20802	-9.7531e+92	-9.7531e+92	   0.045872	 0.00031262	     0.0000	  -0.018638	  -0.018029	     1.0213	
3	10	 2.1949e-12	 7.8701e-12	     258.79	   0.065432	-9.7531e+92	-9.7531e+92	 0.00012049	 2.1093e-05	     0.0000	-5.2361e-06	 -0.0012058	 2.2992e-05	
3	11	 1.6437e-12	 5.8936e-12	     244.71	   0.081388	-9.7531e+92	-9.7531e+92	 0.00014847	 2.0926e-05	     0.0000	-7.3045e-05	 -0.0012011	  0.0010803	
3	12	 1.8199e-13	 6.5253e-13	     227.10	    0.10870	-9.7531e+92	-9.7531e+92	 0.00012245	 2.0525e-05	     0.0000	-1.2411e-05	 -0.0011946	 6.2918e-05	
3	13	   0.064216	    0.23025	     188.65	    0.21955	-9.7531e+92	-9.7531e+92	    0.12546	   0.019347	     0.0000	  -0.012992	   -0.99391	    0.13750	
3	14	    0.11429	    0.40980	     161.01	    0.38854	-9.7531e+92	-9.7531e+92	    0.20167	   0.034271	     0.0000	   0.024115	    -1.7418	   -0.29218	
3	15	    0.24542	    0.87997	     84.108	     1.9994	-9.7531e+92	-9.7531e+92	    0.25732	   0.065123	    0.23027	    0.19310	    -4.0378	    -3.2212	
3	16	 8.5421e-05	 0.00030628	     111.94	     1.1671	-9.7531e+92	-9.7531e+92	 0.00044189	 4.0901e-05	 7.8530e-05	 0.00015361	 -0.0024509	-0.00067441	
3	17	  0.0011733	  0.0042068	     122.41	    0.92444	-9.7531e+92	-9.7531e+92	   0.010878	 0.00021975	  0.0054207	-0.00093419	  -0.013968	  0.0024040	
3	18	   0.017734	   0.063587	     199.21	    0.17912	-9.7531e+92	-9.7531e+92	   0.077851	  0.0052797	     0.0000	-0.00048166	   -0.29403	    0.87298	
3	19	 1.4104e-06	 5.0571e-06	     184.07	    0.24039	-9.7531e+92	-9.7531e+92	 0.00060639	 2.0616e-05	     0.0000	-0.00023800	 -0.0012052	  0.0019291	
3	20	 2.1275e-06	 7.6283e-06	     185.64	    0.23299	-9.7531e+92	-9.7531e+92	 0.00042412	 2.1200e-05	     0.0000	-0.00023431	 -0.0012268	  0.0034696	
3	21	 1.4722e-07	 5.2786e-07	     259.71	   0.064522	-9.7531e+92	-9.7531e+92	   0.025861	 2.0680e-05	     0.0000	     0.0000	 -0.0011699	    0.74847	
3	22	 1.0276e-05	 3.6844e-05	     164.94	    0.35711	-9.7531e+92	-9.7531e+92	  0.0042963	 1.6996e-05	  0.0017544	 -0.0023870	 -0.0010901	  0.0071653	
3	23	 4.4290e-12	 1.5880e-11	     228.38	    0.10637	-9.7531e+92	-9.7531e+92	  0.0031063	 2.1144e-05	     0.0000	-0.00062717	 -0.0012012	   0.090509	
3	24	 5.7159e-13	 2.0495e-12	     270.69	   0.054855	-9.7531e+92	-9.7531e+92	 0.00067288	 2.1219e-05	     0.0000	-0.00054247	 -0.0012036	   0.017378	
4	0	  0.0084421	   0.021688	     281.58	   0.046977	-9.7531e+92	-9.7531e+92	    0.17544	  0.0040211	     0.0000	     0.0000	   -0.21367	     4.4212	
4	1	   0.020953	   0.053830	     272.02	   0.053810	-9.7531e+92	-9.7531e+92	   0.073758	   0.010592	     0.0000	     0.0000	   -0.56519	     2.5765	
4	2	    0.20728	    0.53252	     91.235	     1.7721	-9.7531e+92	-9.7531e+92	    0.17418	    0.11123	    0.14471	    0.21039	    -7.5476	    -5.4089	
4	3	    0.28070	    0.72114	     82.606	     2.0469	-9.7531e+92	-9.7531e+92	    0.21183	   0.096520	    0.19206	    0.95710	    -10.250	    -7.5480	
4	4	     0.0000	     0.0000	     0.0000	     3.0000	-9.7531e+92	-9.7531e+92	     1.3369	     0.0000	     1.2890	     0.0000	     0.0000	     0.0000	
4	5	  0.0020122	  0.0051693	     147.08	    0.52816	-9.7531e+92	-9.7531e+92	  0.0066780	 0.00055271	     0.0000	  -0.024445	  -0.059591	    0.38669	
4	6	   0.010272	   0.026388	     179.35	    0.26441	-9.7531e+92	-9.7531e+92	   0.032078	  0.0052388	     0.0000	  -0.054239	   -0.37815	     2.1988	
4	7	 8.8324e-05	 0.00022691	     209.16	    0.14897	-9.7531e+92	-9.7531e+92	   0.020901	 8.4681e-05	     0.0000	  -0.098579	 -0.0057523	     2.1563	
4	8	 1.3834e-05	 3.5541e-05	     186.41	    0.22946	-9.7531e+92	-9.7531e+92	 0.00026798	 4.5056e-05	     0.0000	-0.00021467	 -0.0030241	   0.011990	
4	9	 3.6506e-05	 9.3784e-05	     223.28	    0.11603	-9.7531e+92	-9.7531e+92	   0.023376	 5.7008e-05	     0.0000	  -0.026603	 -0.0038414	     2.0220	
4	10	 2.6283e-13	 6.7522e-13	     204.61	    0.16194	-9.7531e+92	-9.7531e+92	 8.7773e-05	 3.7851e-05	     0.0000	-7.3721e-06	 -0.0025275	 4.4789e-05	
4	11	 3.4944e-12	 8.9773e-12	     218.09	    0.12699	-9.7531e+92	-9.7531e+92	 0.00010451	 3.7163e-05	     0.0000	-9.5768e-05	 -0.0025091	  0.0021050	
4	12	 1.7425e-07	 4.4764e-07	     165.11	    0.35583	-9.7531e+92	-9.7531e+92	 9.3460e-05	 3.5756e-05	     0.0000	-1.4239e-05	 -0.0024635	 0.00011637	
4	13	   0.011320	   0.029082	     217.30	    0.12878	-9.7531e+92	-9.7531e+92	   0.054014	  0.0061495	     0.0000	   -0.10734	   -0.37733	     1.6009	
4	14	    0.15643	    0.40189	     184.55	    0.23808	-9.7531e+92	-9.7531e+92	    0.16626	   0.084360	     0.0000	   0.095154	    -5.1027	    -1.6273	
4	15	    0.17067	    0.43845	     106.18	     1.3210	-9.7531e+92	-9.7531e+92	    0.14674	   0.092674	    0.12736	    0.33923	    -6.3367	    -4.6269	
4	16	  0.0016522	  0.0042447	     75.439	     2.2661	-9.7531e+92	-9.7531e+92	  0.0012245	 0.00080583	 0.00096420	  0.0062949	  -0.056419	  -0.039857	
4	17	   0.077058	    0.19797	     73.525	     2.3215	-9.7531e+92	-9.7531e+92	   0.051841	   0.025354	   0.047931	    0.37249	    -2.1477	    -1.4838	
4	18	   0.018363	   0.047176	     186.18	    0.23049	-9.7531e+92	-9.7531e+92	   0.048490	  0.0095801	     0.0000	-0.00067205	   -0.64987	     1.7026	
4	19	  0.0016397	  0.0042125	     119.82	    0.98008	-9.7531e+92	-9.7531e+92	  0.0025540	 0.00091141	  0.0020438	  0.0036329	  -0.062462	  -0.042742	
4	20	 0.00098887	  0.0025405	     135.08	    0.69295	-9.7531e+92	-9.7531e+92	  0.0011572	 0.00056970	 0.00037652	 0.00093513	  -0.038907	  -0.021478	
4	21	 1.7625e-06	 4.5280e-06	     253.96	   0.070430	-9.7531e+92	-9.7531e+92	   0.016023	 3.8340e-05	     0.0000	     0.0000	 -0.0025358	     1.4639	
4	22	   0.032069	   0.082388	     82.638	     2.0459	-9.7531e+92	-9.7531e+92	   0.022238	   0.012342	   0.020417	    0.15342	   -0.97924	   -0.69850	
4	23	 1.5831e-11	 4.0671e-11	     212.30	    0.14074	-9.7531e+92	-9.7531e+92	  0.0021225	 3.8224e-05	     0.0000	-0.00088369	 -0.0025333	    0.17645	
4	24	 4.2019e-14	 1.0795e-13	     253.16	   0.071301	-9.7531e+92	-9.7531e+92	 0.00045155	 3.8391e-05	     0.0000	-0.00076435	 -0.0025394	   0.033872	
5	0	   0.028333	   0.032454	     169.69	    0.32292	-9.7531e+92	-9.7531e+92	   0.060648	  0.0075455	     0.0000	     0.0000	   -0.21031	    0.70409	
5	1	   0.051965	   0.059524	     161.91	    0.38106	-9.7531e+92	-9.7531e+92	   0.038511	   0.014907	     0.0000	     0.0000	   -0.40578	    0.33648	
5	2	  0.0047786	  0.0054737	     120.45	    0.96633	-9.7531e+92	-9.7531e+92	   0.029654	  0.0017642	   0.016514	 -0.0013060	  -0.050797	   0.031261	
5	3	 0.00081581	 0.00093447	     167.87	    0.33554	-9.7531e+92	-9.7531e+92	   0.034014	 0.00033055	   0.025198	 -0.0080544	 -0.0090513	   0.031607	
5	4	    0.71083	    0.81422	     147.08	    0.52816	-9.7531e+92	-9.7531e+92	    0.21232	    0.26754	    0.19098	     1.0000	    -7.4866	    -3.2651	
5	5	     0.0000	     0.0000	     0.0000	     3.0000	-9.7531e+92	-9.7531e+92	    0.57566	     0.0000	    0.55150	     0.0000	     0.0000	     0.0000	
5	6	   0.011126	   0.012744	     72.218	     2.3585	-9.7531e+92	-9.7531e+92	   0.014913	  0.0031398	     0.0000	     0.0000	   -0.10578	    0.31656	
5	7	  0.0070268	  0.0080489	     89.752	     1.8194	-9.7531e+92	-9.7531e+92	   0.011565	  0.0024082	     0.0000	 -0.0049168	  -0.073908	    0.33374	
5	8	  0.0017612	  0.0020174	     54.235	     2.7611	-9.7531e+92	-9.7531e+92	 0.00062751	 0.00063657	 5.7366e-05	 7.5423e-05	  -0.017729	 -0.0061952	
5	9	 2.2872e-05	 2.6199e-05	     134.70	    0.69890	-9.7531e+92	-9.7531e+92	   0.010172	 3.1673e-05	     0.0000	 -0.0040002	-0.00095201	    0.34413	
5	10	 4.5029e-06	 5.1579e-06	     93.726	     1.6933	-9.7531e+92	-9.7531e+92	 4.0248e-05	 2.5849e-05	     0.0000	 2.0414e-06	-0.00071816	-1.4483e-05	
5	11	 5.2018e-05	 5.9584e-05	     77.490	     2.2050	-9.7531e+92	-9.7531e+92	 6.6735e-05	 4.0931e-05	     0.0000	-3.3488e-06	 -0.0011176	 9.3230e-05	
5	12	 2.9512e-06	 3.3804e-06	     80.590	     2.1100	-9.7531e+92	-9.7531e+92	 4.2204e-05	 2.2704e-05	     0.0000	-4.0729e-07	-0.00051086	 3.0792e-06	
5	13	   0.038763	   0.044401	     125.66	    0.85869	-9.7531e+92	-9.7531e+92	   0.025077	   0.012793	     0.0000	 -0.0091931	   -0.37465	    0.15616	
5	14	   0.057181	   0.065499	     108.09	     1.2686	-9.7531e+92	-9.7531e+92	   0.049109	   0.018845	     0.0000	 -0.0073550	   -0.52285	    0.14337	
5	15	 0.00052895	 0.00060589	     104.94	     1.3557	-9.7531e+92	-9.7531e+92	   0.023715	 0.00022281	   0.015075	 -0.0025677	 -0.0064240	   0.033567	
5	16	 5.7206e-07	 6.5527e-07	     71.546	     2.3771	-9.7531e+92	-9.7531e+92	 0.00021944	 2.6141e-05	 0.00010336	-3.6915e-05	-0.00072261	 0.00016803	
5	17	 2.4586e-12	 2.8162e-12	     219.60	    0.12368	-9.7531e+92	-9.7531e+92	  0.0082583	 2.6726e-05	  0.0065149	 -0.0030419	-0.00074726	  0.0071449	
5	18	   0.082864	   0.094918	     53.346	     2.7752	-9.7531e+92	-9.7531e+92	   0.037734	   0.024207	     0.0000	 6.7139e-07	   -0.87330	 -0.0019999	
5	19	 0.00010960	 0.00012554	     64.874	     2.5486	-9.7531e+92	-9.7531e+92	 0.00046693	 6.2338e-05	 0.00023945	-7.9016e-06	 -0.0016582	 9.9202e-05	
5	20	  0.0025921	  0.0029691	     39.691	     2.9273	-9.7531e+92	-9.7531e+92	 0.00097195	 0.00092018	 0.00062385	 0.00036955	  -0.025072	  -0.010378	
5	21	 0.00065445	 0.00074964	     132.91	    0.72808	-9.7531e+92	-9.7531e+92	  0.0067706	 0.00025813	     0.0000	     0.0000	 -0.0076638	    0.24606	
5	22	 1.3740e-08	 1.5739e-08	     151.89	    0.47454	-9.7531e+92	-9.7531e+92	  0.0035572	 2.6310e-05	  0.0027451	 -0.0010874	-0.00072808	  0.0031465	
5	23	 0.00058377	 0.00066869	     65.633	     2.5304	-9.7531e+92	-9.7531e+92	  0.0010352	 0.00023849	     0.0000	-0.00011616	 -0.0070128	   0.027145	
5	24	 6.6129e-06	 7.5748e-06	     106.34	     1.3165	-9.7531e+92	-9.7531e+92	 0.00019437	 2.7035e-05	     0.0000	-0.00011404	-0.00079909	  0.0057250	
6	0	    0.20141	    0.41136	     105.31	     1.3454	-9.7531e+92	-9.7531e+92	    0.23076	    0.18402	     0.0000	     0.0000	     1.8722	   0.018257	
6	1	   0.084880	    0.17336	     96.519	     1.6061	-9.7531e+92	-9.7531e+92	    0.11349	   0.087424	     0.0000	     0.0000	     1.0093	   0.034410	
6	2	  0.0095688	   0.019543	     118.53	     1.0087	-9.7531e+92	-9.7531e+92	   0.012276	   0.014519	     0.0000	-0.00023565	    0.14527	  0.0017234	
6	3	 0.00013125	 0.00026807	     180.81	    0.25667	-9.7531e+92	-9.7531e+92	  0.0062463	 0.00032710	     0.0000	 -0.0057272	  0.0030361	  0.0067961	
6	4	 5.4313e-05	 0.00011093	     179.35	    0.26441	-9.7531e+92	-9.7531e+92	   0.034289	 0.00020203	     0.0000	  -0.017310	  0.0018056	   0.017294	
6	5	    0.16752	    0.34215	     72.218	     2.3585	-9.7531e+92	-9.7531e+92	   0.091912	    0.29522	   0.048829	    0.14772	     2.4035	   -0.14245	
6	6	     0.0000	     0.0000	     0.0000	     3.0000	-9.7531e+92	-9.7531e+92	     1.0612	     0.0000	    0.87991	     0.0000	     0.0000	     0.0000	
6	7	   0.052030	    0.10627	     34.871	     2.9563	-9.7531e+92	-9.7531e+92	   0.059633	   0.058853	     0.0000	     0.0000	    0.94546	     0.0000	
6	8	 0.00049040	  0.0010016	     109.28	     1.2365	-9.7531e+92	-9.7531e+92	 0.00056973	 0.00087132	     0.0000	 3.2767e-06	  0.0086419	-5.7684e-05	
6	9	   0.023677	   0.048359	     62.827	     2.5956	-9.7531e+92	-9.7531e+92	   0.049179	   0.032251	     0.0000	     0.0000	    0.38554	   0.046102	
6	10	 3.7265e-08	 7.6109e-08	     153.37	    0.45919	-9.7531e+92	-9.7531e+92	 6.8987e-05	 0.00011231	     0.0000	-6.9959e-07	 0.00095859	 1.5056e-06	
6	11	 6.2981e-05	 0.00012863	     117.04	     1.0431	-9.7531e+92	-9.7531e+92	 0.00013493	 0.00020728	     0.0000	-1.4002e-06	  0.0019301	 9.9828e-06	
6	12	 7.4548e-08	 1.5226e-07	     152.49	    0.46823	-9.7531e+92	-9.7531e+92	 7.0511e-05	 0.00011321	     0.0000	-1.7580e-06	 0.00095315	 4.1477e-06	
6	13	    0.12279	    0.25078	     53.773	     2.7685	-9.7531e+92	-9.7531e+92	   0.094984	    0.15325	     0.0000	  0.0078006	     1.5558	  -0.038045	
6	14	    0.19190	    0.39194	     41.508	     2.9135	-9.7531e+92	-9.7531e+92	    0.13877	    0.24420	     0.0000	   0.014247	     3.0255	  -0.079108	
6	15	  0.0082962	   0.016944	     96.746	     1.5991	-9.7531e+92	-9.7531e+92	  0.0090096	   0.013445	     0.0000	 0.00019254	    0.12467	-0.00078118	
6	16	 2.2412e-06	 4.5774e-06	     111.89	     1.1685	-9.7531e+92	-9.7531e+92	 9.9525e-05	 0.00012068	     0.0000	-2.2696e-05	 0.00096304	 3.2438e-05	
6	17	 2.8251e-14	 5.7700e-14	     251.72	   0.072906	-9.7531e+92	-9.7531e+92	  0.0013966	 0.00012101	     0.0000	 -0.0019661	 0.00091142	  0.0014471	
6	18	   0.085745	    0.17513	     36.723	     2.9464	-9.7531e+92	-9.7531e+92	   0.084006	    0.11484	     0.0000	 3.3856e-06	     1.2740	 -0.0029050	
6	19	 1.1389e-05	 2.3260e-05	     133.74	    0.71443	-9.7531e+92	-9.7531e+92	 0.00015237	 0.00012987	     0.0000	-3.3761e-05	  0.0011694	 0.00011937	
6	20	 0.00052332	  0.0010688	     111.59	     1.1762	-9.7531e+92	-9.7531e+92	 0.00053706	 0.00097671	     0.0000	 4.1030e-05	  0.0085659	-0.00028180	
6	21	   0.048596	   0.099253	     78.899	     2.1621	-9.7531e+92	-9.7531e+92	   0.047951	   0.071898	     0.0000	     0.0000	    0.73787	  0.0035246	
6	22	 1.8064e-12	 3.6893e-12	     216.08	    0.13159	-9.7531e+92	-9.7531e+92	 0.00063780	 0.00011986	     0.0000	-0.00070924	 0.00092481	 0.00063652	
6	23	  0.0021402	  0.0043712	     73.330	     2.3271	-9.7531e+92	-9.7531e+92	  0.0040860	  0.0034133	     0.0000	-5.5963e-05	   0.033610	  0.0039493	
6	24	 0.00016568	 0.00033838	     108.13	     1.2674	-9.7531e+92	-9.7531e+92	 0.00070063	 0.00036855	     0.0000	-6.3821e-05	  0.0034334	  0.0010003	
7	0	    0.10363	    0.18454	     80.265	     2.1201	-9.7531e+92	-9.7531e+92	    0.15979	   0.083450	     0.0000	     0.0000	    0.94378	   0.020755	
7	1	    0.11161	    0.19875	     75.481	     2.2648	-9.7531e+92	-9.7531e+92	    0.10915	    0.10021	     0.0000	     0.0000	     1.2679	  0.0060495	
7	2	 0.00092767	  0.0016520	     153.12	    0.46179	-9.7531e+92	-9.7531e+92	  0.0043749	  0.0013502	     0.0000	-0.00037174	   0.015366	  0.0029416	
7	3	 4.4257e-05	 7.8813e-05	     215.68	    0.13250	-9.7531e+92	-9.7531e+92	  0.0016406	 0.00016645	     0.0000	 -0.0016155	  0.0017420	  0.0020767	
7	4	 1.6806e-05	 2.9928e-05	     209.16	    0.14897	-9.7531e+92	-9.7531e+92	  0.0080486	 0.00012679	     0.0000	 -0.0048367	  0.0012765	  0.0052275	
7	5	  0.0020050	  0.0035706	     89.752	     1.8194	-9.7531e+92	-9.7531e+92	   0.021213	  0.0033000	     0.0000	 -0.0053602	   0.030598	  0.0055816	
7	6	    0.40307	    0.71779	     34.871	     2.9563	-9.7531e+92	-9.7531e+92	    0.20778	    0.54004	   0.049677	  0.0093781	     6.3070	  -0.089760	
7	7	     0.0000	     0.0000	     0.0000	     3.0000	-9.7531e+92	-9.7531e+92	    0.92204	     0.0000	    0.78542	     0.0000	     0.0000	     0.0000	
7	8	 0.00022494	 0.00040057	     109.89	     1.2203	-9.7531e+92	-9.7531e+92	 0.00037639	 0.00040720	     0.0000	-3.2267e-06	  0.0047063	 6.1305e-05	
7	9	   0.014537	   0.025887	     64.406	     2.5596	-9.7531e+92	-9.7531e+92	   0.039561	   0.016301	     0.0000	     0.0000	    0.25794	     0.0000	
7	10	 1.2326e-07	 2.1951e-07	     153.29	    0.46001	-9.7531e+92	-9.7531e+92	 6.0015e-05	 9.9807e-05	     0.0000	-1.8400e-07	  0.0010093	 4.2719e-07	
7	11	 7.8580e-05	 0.00013994	     112.26	     1.1591	-9.7531e+92	-9.7531e+92	 0.00012982	 0.00020765	     0.0000	 2.1442e-07	  0.0022348	-1.6494e-06	
7	12	 7.5027e-08	 1.3361e-07	     158.06	    0.41430	-9.7531e+92	-9.7531e+92	 6.0964e-05	 0.00010103	     0.0000	-4.9017e-07	 0.00099622	 1.2476e-06	
7	13	    0.10667	    0.18996	     57.312	     2.7078	-9.7531e+92	-9.7531e+92	   0.082214	    0.12886	     0.0000	     0.0000	     1.5309	 -0.0076566	
7	14	   0.098730	    0.17582	     65.464	     2.5345	-9.7531e+92	-9.7531e+92	   0.088648	    0.11175	     0.0000	 0.00030859	     1.5665	 -0.0018695	
7	15	 0.00033544	 0.00059735	     131.62	    0.74982	-9.7531e+92	-9.7531e+92	  0.0024499	 0.00059399	     0.0000	-0.00047560	  0.0060663	  0.0020841	
7	16	 1.8650e-07	 3.3212e-07	     137.28	    0.65913	-9.7531e+92	-9.7531e+92	 6.6939e-05	 0.00010567	     0.0000	-6.7291e-06	 0.00096579	 1.0373e-05	
7	17	 1.5406e-12	 2.7435e-12	     281.54	   0.047004	-9.7531e+92	-9.7531e+92	 0.00037173	 0.00010931	     0.0000	-0.00054825	 0.00094542	 0.00043535	
7	18	    0.10240	    0.18236	     38.248	     2.9371	-9.7531e+92	-9.7531e+92	   0.082616	    0.11610	     0.0000	 5.6791e-06	     1.5100	 -0.0052872	
7	19	 1.1035e-06	 1.9651e-06	     154.38	    0.44913	-9.7531e+92	-9.7531e+92	 8.5420e-05	 0.00010391	     0.0000	-1.0216e-05	  0.0010062	 3.8978e-05	
7	20	 0.00022720	 0.00040460	     126.68	    0.83907	-9.7531e+92	-9.7531e+92	 0.00028800	 0.00043487	     0.0000	-4.1787e-07	  0.0044332	 3.0972e-06	
7	21	   0.050781	   0.090431	     44.967	     2.8822	-9.7531e+92	-9.7531e+92	   0.044488	   0.064342	     0.0000	     0.0000	    0.81294	 0.00043811	
7	22	 1.9565e-12	 3.4841e-12	     241.36	   0.085874	-9.7531e+92	-9.7531e+92	 0.00019405	 0.00010813	     0.0000	-0.00019777	 0.00095780	 0.00019152	
7	23	  0.0034136	  0.0060790	     58.677	     2.6821	-9.7531e+92	-9.7531e+92	  0.0039217	  0.0047432	     0.0000	-1.0645e-05	   0.056142	 0.00081071	
7	24	  0.0012937	  0.0023038	     84.614	     1.9834	-9.7531e+92	-9.7531e+92	  0.0010642	  0.0019071	     0.0000	 2.0299e-06	   0.021125	-3.4334e-05	
8	0	    0.16870	    0.12052	     172.11	    0.30693	-9.7531e+92	-9.7531e+92	   0.075901	  0.0042479	     0.0000	     0.0000	   -0.68241	    0.27238	
8	1	    0.15461	    0.11044	     184.58	    0.23797	-9.7531e+92	-9.7531e+92	   0.053634	  0.0041814	     0.0000	     0.0000	   -0.65512	  -0.033386	
8	2	 6.1106e-05	 4.3651e-05	     174.51	    0.29198	-9.7531e+92	-9.7531e+92	  0.0019861	 3.9092e-06	     0.0000	-0.00097685	-0.00068065	   0.058174	
8	3	 9.6363e-06	 6.8837e-06	     221.29	    0.12010	-9.7531e+92	-9.7531e+92	  0.0011708	 2.3245e-06	     0.0000	 -0.0039393	-0.00040120	   0.038565	
8	4	 0.00011819	 8.4429e-05	     186.41	    0.22946	-9.7531e+92	-9.7531e+92	  0.0066556	 5.5967e-06	     0.0000	  -0.011665	-0.00098675	   0.094784	
8	5	   0.075619	   0.054019	     54.235	     2.7611	-9.7531e+92	-9.7531e+92	   0.017614	  0.0023572	  0.0025451	   0.037158	   -0.41099	   -0.28584	
8	6	   0.059233	   0.042313	     109.28	     1.2365	-9.7531e+92	-9.7531e+92	   0.025355	  0.0017620	     0.0000	 -0.0021431	   -0.31864	    0.15326	
8	7	   0.072532	   0.051813	     109.89	     1.2203	-9.7531e+92	-9.7531e+92	   0.025374	  0.0021781	     0.0000	-0.00035905	   -0.39176	   0.022055	
8	8	     0.0000	     0.0000	     0.0000	     3.0000	-9.7531e+92	-9.7531e+92	    0.35739	     0.0000	    0.35703	     0.0000	     0.0000	     0.0000	
8	9	 4.0291e-05	 2.8782e-05	     171.65	    0.30991	-9.7531e+92	-9.7531e+92	   0.011746	 3.2144e-06	     0.0000	 -0.0017495	-0.00057857	    0.37331	
8	10	 0.00055763	 0.00039835	     44.054	     2.8911	-9.7531e+92	-9.7531e+92	 0.00012599	 1.1788e-05	 7.7261e-05	 4.9947e-05	 -0.0015834	 -0.0013061	
8	11	  0.0054355	  0.0038829	     32.525	     2.9668	-9.7531e+92	-9.7531e+92	  0.0010152	 0.00016824	 0.00091549	 0.00047580	  -0.029885	  -0.028119	
8	12	  0.0037750	  0.0026967	     55.069	     2.7473	-9.7531e+92	-9.7531e+92	 0.00070130	 0.00010099	 0.00065066	 0.00068612	  -0.016802	  -0.015787	
8	13	   0.064663	   0.046192	     162.59	    0.37553	-9.7531e+92	-9.7531e+92	   0.023886	  0.0018964	     0.0000	 -0.0011545	   -0.31965	   0.049563	
8	14	    0.12863	   0.091890	     146.54	    0.53466	-9.7531e+92	-9.7531e+92	   0.037921	  0.0037001	     0.0000	  0.0036037	   -0.62937	   -0.17787	
8	15	 3.5186e-05	 2.5135e-05	     159.01	    0.40580	-9.7531e+92	-9.7531e+92	  0.0010629	 3.1502e-06	     0.0000	 -0.0012029	-0.00055427	   0.038962	
8	16	 6.4076e-07	 4.5773e-07	     112.87	     1.1438	-9.7531e+92	-9.7531e+92	 2.9802e-05	 2.1259e-06	     0.0000	-1.6108e-05	-0.00037075	 0.00018116	
8	17	 1.2710e-12	 9.0798e-13	     258.50	   0.065716	-9.7531e+92	-9.7531e+92	 0.00028181	 2.1042e-06	     0.0000	 -0.0013301	-0.00036817	  0.0077236	
8	18	    0.20345	    0.14534	     75.421	     2.2666	-9.7531e+92	-9.7531e+92	   0.050777	  0.0056617	     0.0000	 1.0814e-05	    -1.0545	   -0.60204	
8	19	  0.0038101	  0.0027218	     80.536	     2.1117	-9.7531e+92	-9.7531e+92	 0.00074610	 0.00010241	 0.00060424	 0.00045901	  -0.018544	  -0.016901	
8	20	   0.012303	  0.0087887	     51.987	     2.7958	-9.7531e+92	-9.7531e+92	  0.0023168	 0.00035793	  0.0020997	 0.00091784	  -0.064480	  -0.060620	
8	21	   0.014678	   0.010485	     132.38	    0.73687	-9.7531e+92	-9.7531e+92	   0.011449	 0.00044376	     0.0000	     0.0000	  -0.079284	    0.19470	
8	22	 6.1246e-08	 4.3751e-08	     168.70	    0.32968	-9.7531e+92	-9.7531e+92	 0.00013946	 2.0741e-06	     0.0000	-0.00046453	-0.00036453	  0.0033878	
8	23	   0.030018	   0.021443	     54.810	     2.7517	-9.7531e+92	-9.7531e+92	  0.0064632	 0.00088292	  0.0020322	 1.7266e-05	   -0.15913	   -0.12177	
8	24	  0.0017149	  0.0012251	     77.960	     2.1908	-9.7531e+92	-9.7531e+92	 0.00054152	 5.4483e-05	     0.0000	 2.1315e-05	 -0.0096955	 -0.0028197	
9	0	    0.15225	    0.26242	     86.890	     1.9108	-9.7531e+92	-9.7531e+92	    0.17146	    0.14522	     0.0000	     0.0000	     3.0422	   -0.35331	
9	1	    0.12486	    0.21521	     55.376	     2.7421	-9.7531e+92	-9.7531e+92	    0.11162	    0.12450	     0.0000	     0.0000	     2.5034	  -0.086193	
9	2	  0.0051775	  0.0089241	     133.64	    0.71608	-9.7531e+92	-9.7531e+92	  0.0052278	  0.0078367	     0.0000	 -0.0043344	    0.13494	  -0.021929	
9	3	 0.00076610	  0.0013205	     191.41	    0.20802	-9.7531e+92	-9.7531e+92	  0.0014802	  0.0013307	     0.0000	  -0.028645	   0.021547	  -0.024359	
9	4	 3.9509e-05	 6.8100e-05	     223.28	    0.11603	-9.7531e+92	-9.7531e+92	  0.0044383	 0.00017397	     0.0000	  -0.094644	  0.0027180	  -0.065021	
9	5	 0.00059466	  0.0010250	     134.70	    0.69890	-9.7531e+92	-9.7531e+92	   0.011190	  0.0011423	     0.0000	   -0.11279	   0.016602	  -0.070680	
9	6	    0.11992	    0.20670	     62.827	     2.5956	-9.7531e+92	-9.7531e+92	    0.10285	    0.17732	     0.0000	   0.018161	     3.0988	    0.10826	
9	7	    0.27790	    0.47900	     64.406	     2.5596	-9.7531e+92	-9.7531e+92	    0.14608	    0.42056	   0.013853	    0.13723	     7.1634	    0.69915	
9	8	 1.4905e-05	 2.5690e-05	     171.65	    0.30991	-9.7531e+92	-9.7531e+92	 0.00022131	 0.00013099	     0.0000	-0.00012740	  0.0020756	 -0.0014331	
9	9	     0.0000	     0.0000	     0.0000	     3.0000	-9.7531e+92	-9.7531e+92	    0.89486	     0.0000	    0.77107	     0.0000	     0.0000	     0.0000	
9	10	 1.3025e-11	 2.2451e-11	     215.04	    0.13402	-9.7531e+92	-9.7531e+92	 5.7881e-05	 0.00011141	     0.0000	-3.9161e-06	  0.0016735	-5.3122e-06	
9	11	 6.3828e-07	 1.1002e-06	     175.31	    0.28718	-9.7531e+92	-9.7531e+92	 8.6659e-05	 0.00010804	     0.0000	-5.5012e-05	  0.0017068	-0.00024826	
9	12	 1.7931e-12	 3.0907e-12	     214.99	    0.13415	-9.7531e+92	-9.7531e+92	 5.8528e-05	 0.00011202	     0.0000	-9.7762e-06	  0.0016697	-1.4533e-05	
9	13	    0.12698	    0.21887	     9.0540	     2.9998	-9.7531e+92	-9.7531e+92	   0.086552	    0.10988	     0.0000	     0.0000	     2.1784	     0.0000	
9	14	    0.12548	    0.21628	     38.749	     2.9339	-9.7531e+92	-9.7531e+92	   0.092828	    0.16325	     0.0000	   0.026657	     3.2738	    0.12805	
9	15	  0.0039519	  0.0068116	     117.55	     1.0311	-9.7531e+92	-9.7531e+92	  0.0032671	  0.0062105	     0.0000	 -0.0046071	    0.10353	  -0.012237	
9	16	 1.0147e-12	 1.7491e-12	     159.83	    0.39862	-9.7531e+92	-9.7531e+92	 6.1960e-05	 0.00011399	     0.0000	-0.00013255	  0.0016638	-0.00011879	
9	17	 2.4688e-12	 4.2554e-12	     293.28	   0.040011	-9.7531e+92	-9.7531e+92	 0.00023028	 0.00011762	     0.0000	  -0.010741	  0.0016471	 -0.0049960	
9	18	   0.048803	   0.084118	     96.665	     1.6016	-9.7531e+92	-9.7531e+92	   0.059073	   0.068224	     0.0000	-0.00018722	     1.2576	   -0.12041	
9	19	 7.8525e-08	 1.3535e-07	     193.08	    0.20137	-9.7531e+92	-9.7531e+92	 7.4320e-05	 0.00011206	     0.0000	-0.00020172	  0.0016794	-0.00045335	
9	20	 1.9481e-05	 3.3578e-05	     174.09	    0.29453	-9.7531e+92	-9.7531e+92	 0.00015482	 0.00013986	     0.0000	-0.00017118	  0.0021876	-0.00074937	
9	21	   0.012582	   0.021687	     83.320	     2.0244	-9.7531e+92	-9.7531e+92	   0.028197	   0.016934	     0.0000	     0.0000	    0.33513	   -0.13848	
9	22	 2.7575e-12	 4.7530e-12	     266.14	   0.058633	-9.7531e+92	-9.7531e+92	 0.00013227	 0.00011715	     0.0000	 -0.0038748	  0.0016538	 -0.0022075	
9	23	 0.00062429	  0.0010760	     121.73	    0.93874	-9.7531e+92	-9.7531e+92	  0.0027125	  0.0010642	     0.0000	-0.00042143	   0.017751	  -0.018973	
9	24	 3.7355e-05	 6.4387e-05	     149.07	    0.50520	-9.7531e+92	-9.7531e+92	 0.00055331	 0.00016307	     0.0000	-0.00039286	  0.0026577	 -0.0039165	
10	0	    0.13496	   0.048855	     210.64	    0.14503	-9.7531e+92	-9.7531e+92	   0.034810	 0.00019902	     0.0000	     0.0000	  -0.012054	  0.0081114	
10	1	   0.034228	   0.012391	     228.04	    0.10699	-9.7531e+92	-9.7531e+92	   0.018197	 5.4046e-05	     0.0000	     0.0000	 -0.0032141	  0.0092073	
10	2	 0.00016561	 5.9952e-05	     213.20	    0.13850	-9.7531e+92	-9.7531e+92	  0.0010572	 4.5417e-07	     0.0000	-1.9234e-05	-2.7303e-05	  0.0011560	
10	3	 3.6940e-06	 1.3372e-06	     258.79	   0.065432	-9.7531e+92	-9.7531e+92	 0.00047648	 1.4011e-07	     0.0000	-7.8347e-05	-8.1699e-06	 0.00077415	
10	4	 8.4567e-05	 3.0614e-05	     204.61	    0.16194	-9.7531e+92	-9.7531e+92	  0.0026193	 3.0289e-07	     0.0000	-0.00023224	-1.7820e-05	  0.0019045	
10	5	   0.038591	   0.013970	     93.726	     1.6933	-9.7531e+92	-9.7531e+92	  0.0064789	 8.1975e-05	     0.0000	 0.00023771	 -0.0046478	 -0.0018425	
10	6	  0.0011679	 0.00042280	     153.37	    0.45919	-9.7531e+92	-9.7531e+92	  0.0064350	 2.4239e-06	     0.0000	-0.00012626	-0.00014656	  0.0090967	
10	7	  0.0011135	 0.00040310	     153.29	    0.46001	-9.7531e+92	-9.7531e+92	  0.0068993	 2.3529e-06	     0.0000	-0.00012711	-0.00014065	  0.0078796	
10	8	    0.17002	   0.061549	     44.054	     2.8911	-9.7531e+92	-9.7531e+92	   0.015556	 0.00034106	   0.015376	 0.00010277	  -0.019102	  -0.016814	
10	9	 1.5772e-06	 5.7097e-07	     215.04	    0.13402	-9.7531e+92	-9.7531e+92	  0.0043790	 1.3528e-07	     0.0000	-3.4785e-05	-8.1525e-06	  0.0074909	
10	10	     0.0000	     0.0000	     0.0000	     3.0000	-9.7531e+92	-9.7531e+92	    0.18102	     0.0000	    0.18099	     0.0000	     0.0000	     0.0000	
10	11	  0.0068789	  0.0024902	     46.926	     2.8613	-9.7531e+92	-9.7531e+92	 0.00069028	 1.4201e-05	 0.00063975	 1.2264e-05	-0.00080835	-0.00070349	
10	12	  0.0079565	  0.0028803	     46.012	     2.8713	-9.7531e+92	-9.7531e+92	 0.00076745	 1.4762e-05	 0.00074179	 1.6033e-05	-0.00034809	-0.00024206	
10	13	  0.0089853	  0.0032527	     205.99	    0.15786	-9.7531e+92	-9.7531e+92	  0.0070301	 1.7013e-05	     0.0000	-0.00014542	-0.00098720	  0.0063041	
10	14	    0.10703	   0.038746	     190.48	    0.21181	-9.7531e+92	-9.7531e+92	   0.017668	 0.00018461	     0.0000	 3.0634e-05	  -0.011579	 -0.0015268	
10	15	 1.2118e-05	 4.3868e-06	     197.67	    0.18443	-9.7531e+92	-9.7531e+92	 0.00043391	 1.6159e-07	     0.0000	-2.3979e-05	-9.4646e-06	 0.00078377	
10	16	 7.6948e-09	 2.7855e-09	     147.94	    0.51817	-9.7531e+92	-9.7531e+92	 1.4449e-05	 1.4231e-07	     0.0000	-3.2604e-07	-8.1412e-06	 3.7004e-06	
10	17	 4.2384e-13	 1.5343e-13	     270.72	   0.054831	-9.7531e+92	-9.7531e+92	 0.00011366	 1.4290e-07	     0.0000	-2.6435e-05	-8.1174e-06	 0.00015488	
10	18	    0.37098	    0.13430	     118.82	     1.0023	-9.7531e+92	-9.7531e+92	   0.041628	 0.00069353	   0.011817	 3.5449e-06	  -0.042311	  -0.028756	
10	19	  0.0055061	  0.0019932	     85.643	     1.9506	-9.7531e+92	-9.7531e+92	 0.00058276	 1.1071e-05	 0.00051087	 1.4600e-05	-0.00056381	-0.00047339	
10	20	   0.090949	   0.032924	     74.457	     2.2947	-9.7531e+92	-9.7531e+92	  0.0083886	 0.00018650	  0.0082786	 0.00016283	  -0.010569	 -0.0093432	
10	21	  0.0049278	  0.0017839	     171.26	    0.31241	-9.7531e+92	-9.7531e+92	  0.0042373	 9.8147e-06	     0.0000	     0.0000	-0.00059296	  0.0049163	
10	22	 1.8899e-07	 6.8416e-08	     176.66	    0.27933	-9.7531e+92	-9.7531e+92	 5.9645e-05	 1.4249e-07	     0.0000	-9.2380e-06	-8.0390e-06	 6.8212e-05	
10	23	   0.014119	  0.0051110	     95.614	     1.6342	-9.7531e+92	-9.7531e+92	  0.0020878	 2.9005e-05	     0.0000	 1.3354e-06	 -0.0017136	-0.00084390	
10	24	  0.0023191	 0.00083952	     102.71	     1.4197	-9.7531e+92	-9.7531e+92	 0.00034119	 4.8645e-06	     0.0000	 9.6205e-07	-0.00028394	-0.00012085	
11	0	    0.23539	    0.11074	     167.10	    0.34103	-9.7531e+92	-9.7531e+92	   0.056150	 0.00075807	     0.0000	     0.0000	  -0.053083	 0.00067681	
11	1	    0.15977	   0.075165	     185.20	    0.23505	-9.7531e+92	-9.7531e+92	   0.037730	 0.00055567	     0.0000	     0.0000	  -0.037637	 -0.0028546	
11	2	 0.00012467	 5.8653e-05	     197.83	    0.18388	-9.7531e+92	-9.7531e+92	  0.0014036	 8.0306e-07	     0.0000	-6.5352e-05	-5.7483e-05	  0.0030569	
11	3	 1.9080e-06	 8.9765e-07	     244.71	   0.081388	-9.7531e+92	-9.7531e+92	 0.00085487	 2.9272e-07	     0.0000	-0.00026530	-2.0319e-05	  0.0020391	
11	4	 4.3208e-06	 2.0328e-06	     218.09	    0.12699	-9.7531e+92	-9.7531e+92	  0.0049247	 3.0390e-07	     0.0000	-0.00079039	-2.1406e-05	  0.0050399	
11	5	   0.089783	   0.042240	     77.490	     2.2050	-9.7531e+92	-9.7531e+92	   0.013210	 0.00040193	  0.0032859	  0.0031560	  -0.027633	  -0.019050	
11	6	   0.024099	   0.011338	     117.04	     1.0431	-9.7531e+92	-9.7531e+92	   0.011917	 0.00010021	     0.0000	-0.00031567	 -0.0073237	   0.017707	
11	7	   0.014150	  0.0066570	     112.26	     1.1591	-9.7531e+92	-9.7531e+92	   0.010888	 5.9536e-05	     0.0000	-0.00035619	 -0.0043220	   0.017193	
11	8	  0.0040541	  0.0019073	     32.525	     2.9668	-9.7531e+92	-9.7531e+92	 0.00059185	 1.5244e-05	 0.00035768	 4.6788e-06	-0.00093122	-0.00072596	
11	9	 3.1850e-05	 1.4984e-05	     175.31	    0.28718	-9.7531e+92	-9.7531e+92	  0.0073236	 4.1358e-07	     0.0000	-0.00011771	-3.0090e-05	   0.019739	
11	10	 0.00030139	 0.00014179	     46.926	     2.8613	-9.7531e+92	-9.7531e+92	 5.1703e-05	 1.4237e-06	 1.9613e-05	 3.2582e-06	-6.7094e-05	-4.7131e-05	
11	11	     0.0000	     0.0000	     0.0000	     3.0000	-9.7531e+92	-9.7531e+92	    0.23526	     0.0000	    0.23519	     0.0000	     0.0000	     0.0000	
11	12	 0.00077972	 0.00036683	     77.218	     2.2132	-9.7531e+92	-9.7531e+92	 0.00010900	 3.5669e-06	 7.5643e-05	 1.2217e-05	-0.00022050	-0.00018258	
11	13	   0.029778	   0.014009	     166.60	    0.34470	-9.7531e+92	-9.7531e+92	   0.011661	 0.00011923	     0.0000	-0.00033747	 -0.0082824	   0.011351	
11	14	   0.072606	   0.034159	     157.91	    0.41563	-9.7531e+92	-9.7531e+92	   0.018261	 0.00027555	     0.0000	-0.00011739	  -0.019909	  0.0045383	
11	15	 5.7520e-06	 2.7061e-06	     182.32	    0.24896	-9.7531e+92	-9.7531e+92	 0.00073151	 3.1408e-07	     0.0000	-8.1248e-05	-2.2269e-05	  0.0020684	
11	16	 8.4412e-08	 3.9713e-08	     142.85	    0.58099	-9.7531e+92	-9.7531e+92	 1.9997e-05	 3.0055e-07	     0.0000	-1.1021e-06	-2.0912e-05	 9.7414e-06	
11	17	 2.3821e-12	 1.1207e-12	     290.18	   0.041722	-9.7531e+92	-9.7531e+92	 0.00020653	 3.0212e-07	     0.0000	-8.9532e-05	-2.0857e-05	 0.00040858	
11	18	    0.34939	    0.16438	     81.269	     2.0888	-9.7531e+92	-9.7531e+92	   0.049532	  0.0012883	   0.010790	 5.7061e-06	   -0.10294	  -0.070285	
11	19	 0.00042006	 0.00019762	     108.78	     1.2499	-9.7531e+92	-9.7531e+92	 8.1778e-05	 2.1357e-06	     0.0000	 3.3999e-06	-0.00014938	-8.0505e-05	
11	20	  0.0013604	 0.00064002	     83.734	     2.0113	-9.7531e+92	-9.7531e+92	 0.00022756	 6.1803e-06	 8.4591e-05	 6.7041e-06	-0.00043714	-0.00031361	
11	21	  0.0047691	  0.0022437	     128.65	    0.80225	-9.7531e+92	-9.7531e+92	  0.0066163	 2.0122e-05	     0.0000	     0.0000	 -0.0014664	   0.013001	
11	22	 1.4927e-10	 7.0228e-11	     200.45	    0.17499	-9.7531e+92	-9.7531e+92	 9.8003e-05	 3.0174e-07	     0.0000	-3.2279e-05	-2.0781e-05	 0.00017999	
11	23	  0.0099844	  0.0046973	     53.605	     2.7712	-9.7531e+92	-9.7531e+92	  0.0020224	 4.1764e-05	     0.0000	 1.1631e-06	 -0.0029024	 -0.0010104	
11	24	  0.0031975	  0.0015043	     56.094	     2.7297	-9.7531e+92	-9.7531e+92	 0.00054767	 1.3577e-05	     0.0000	 4.8408e-06	-0.00093744	-0.00052864	
12	0	    0.19512	   0.068662	     226.76	    0.10933	-9.7531e+92	-9.7531e+92	   0.036196	 0.00046770	     0.0000	     0.0000	  -0.044397	  0.0093885	
12	1	   0.023092	  0.0081260	     231.78	    0.10046	-9.7531e+92	-9.7531e+92	   0.015040	 5.9197e-05	     0.0000	     0.0000	 -0.0055389	   0.027927	
12	2	 0.00094903	 0.00033396	     181.48	    0.25322	-9.7531e+92	-9.7531e+92	  0.0020166	 3.0699e-06	     0.0000	-6.0347e-05	-0.00030630	  0.0029887	
12	3	 2.4354e-05	 8.5703e-06	     227.10	    0.10870	-9.7531e+92	-9.7531e+92	  0.0013611	 2.7633e-07	     0.0000	-0.00026347	-2.7107e-05	  0.0021444	
12	4	  0.0027128	 0.00095464	     165.11	    0.35583	-9.7531e+92	-9.7531e+92	  0.0080381	 8.4353e-06	  0.0014838	-0.00067158	-0.00083997	  0.0045405	
12	5	    0.20457	   0.071988	     80.590	     2.1100	-9.7531e+92	-9.7531e+92	   0.020238	 0.00065358	   0.012815	  0.0083901	  -0.063186	  -0.053636	
12	6	  0.0031155	  0.0010964	     152.49	    0.46823	-9.7531e+92	-9.7531e+92	  0.0058111	 9.5489e-06	     0.0000	-0.00041631	-0.00096962	   0.024722	
12	7	  0.0029578	  0.0010409	     158.06	    0.41430	-9.7531e+92	-9.7531e+92	  0.0057656	 9.1816e-06	     0.0000	-0.00041820	-0.00092531	   0.021369	
12	8	   0.062832	   0.022111	     55.069	     2.7473	-9.7531e+92	-9.7531e+92	  0.0058081	 0.00016972	  0.0056330	 9.7394e-05	  -0.015894	  -0.014864	
12	9	 2.0502e-06	 7.2145e-07	     214.99	    0.13415	-9.7531e+92	-9.7531e+92	  0.0039773	 2.0776e-07	     0.0000	-0.00011730	-2.1074e-05	   0.020822	
12	10	  0.0044039	  0.0015497	     46.012	     2.8713	-9.7531e+92	-9.7531e+92	 0.00040484	 1.1757e-05	 0.00038083	 4.7493e-05	-0.00074548	-0.00067130	
12	11	  0.0027003	 0.00095023	     77.218	     2.2132	-9.7531e+92	-9.7531e+92	 0.00027590	 8.5367e-06	 0.00022678	 1.5800e-05	-0.00082675	-0.00074733	
12	12	     0.0000	     0.0000	     0.0000	     3.0000	-9.7531e+92	-9.7531e+92	    0.17598	     0.0000	    0.17596	     0.0000	     0.0000	     0.0000	
12	13	  0.0088599	  0.0031178	     205.94	    0.15802	-9.7531e+92	-9.7531e+92	  0.0063080	 2.5989e-05	     0.0000	-0.00049132	 -0.0024942	   0.017512	
12	14	   0.099986	   0.035185	     188.63	    0.21964	-9.7531e+92	-9.7531e+92	   0.016942	 0.00027508	     0.0000	 5.8233e-05	  -0.027709	 -0.0023858	
12	15	 9.4428e-05	 3.3229e-05	     166.81	    0.34315	-9.7531e+92	-9.7531e+92	  0.0011020	 5.0216e-07	     0.0000	-7.9971e-05	-4.9654e-05	  0.0021550	
12	16	 4.9425e-07	 1.7393e-07	     115.95	     1.0685	-9.7531e+92	-9.7531e+92	 1.9054e-05	 2.1587e-07	     0.0000	-1.0839e-06	-2.0993e-05	 1.0148e-05	
12	17	 2.8924e-12	 1.0178e-12	     225.22	    0.11223	-9.7531e+92	-9.7531e+92	 0.00032350	 2.1412e-07	     0.0000	-8.9107e-05	-2.0844e-05	 0.00043075	
12	18	    0.25084	   0.088272	     120.73	    0.96010	-9.7531e+92	-9.7531e+92	   0.029509	 0.00072666	 0.00052960	 5.8060e-06	  -0.073380	  -0.046597	
12	19	   0.065074	   0.022900	     44.530	     2.8865	-9.7531e+92	-9.7531e+92	  0.0057689	 0.00018176	  0.0056990	 0.00055913	  -0.016105	  -0.015121	
12	20	   0.071417	   0.025132	     45.010	     2.8817	-9.7531e+92	-9.7531e+92	  0.0064795	 0.00021499	  0.0063725	 0.00039823	  -0.020672	  -0.019556	
12	21	 2.5289e-05	 8.8990e-06	     187.39	    0.22505	-9.7531e+92	-9.7531e+92	  0.0034713	 2.7759e-07	     0.0000	     0.0000	-2.8057e-05	   0.015078	
12	22	 6.4918e-05	 2.2845e-05	     131.16	    0.75767	-9.7531e+92	-9.7531e+92	 0.00018995	 4.1628e-07	     0.0000	-2.7591e-05	-4.0296e-05	 0.00016868	
12	23	  0.0010989	 0.00038670	     109.85	     1.2215	-9.7531e+92	-9.7531e+92	 0.00071897	 3.6333e-06	     0.0000	-2.3418e-06	-0.00036190	  0.0014859	
12	24	 5.6619e-05	 1.9924e-05	     132.31	    0.73810	-9.7531e+92	-9.7531e+92	 0.00011604	 3.8626e-07	     0.0000	-3.1724e-06	-3.8405e-05	 0.00033055	
13	0	   0.078328	    0.58194	     86.013	     1.9388	-9.7531e+92	-9.7531e+92	    0.58892	   0.065911	     0.0000	     0.0000	    0.12084	     0.0000	
13	1	   0.074568	    0.55400	     57.043	     2.7128	-9.7531e+92	-9.7531e+92	    0.40821	   0.066970	     0.0000	     0.0000	    0.10979	     0.0000	
13	2	  0.0025628	   0.019040	     127.66	    0.82064	-9.7531e+92	-9.7531e+92	   0.019638	  0.0032952	     0.0000	     0.0000	  0.0057168	     0.0000	
13	3	 0.00024925	  0.0018518	     188.65	    0.21955	-9.7531e+92	-9.7531e+92	  0.0056573	 0.00040690	     0.0000	     0.0000	 0.00068980	     0.0000	
13	4	 5.8628e-05	 0.00043558	     217.30	    0.12878	-9.7531e+92	-9.7531e+92	   0.020435	 0.00017157	     0.0000	     0.0000	 0.00025960	     0.0000	
13	5	 0.00061210	  0.0045476	     125.66	    0.85869	-9.7531e+92	-9.7531e+92	   0.052136	 0.00098987	     0.0000	     0.0000	  0.0011331	     0.0000	
13	6	    0.12558	    0.93301	     53.773	     2.7685	-9.7531e+92	-9.7531e+92	    0.40760	    0.15291	     0.0000	     0.0000	    0.31200	     0.0000	
13	7	   0.039189	    0.29116	     57.312	     2.7078	-9.7531e+92	-9.7531e+92	    0.28035	   0.048745	     0.0000	     0.0000	    0.10019	     0.0000	
13	8	 2.0052e-05	 0.00014897	     162.59	    0.37553	-9.7531e+92	-9.7531e+92	  0.0011869	 0.00011731	     0.0000	     0.0000	 0.00018869	     0.0000	
13	9	    0.38361	     2.8501	     9.0540	     2.9998	-9.7531e+92	-9.7531e+92	    0.80497	    0.46599	    0.27140	     0.0000	     1.0327	     0.0000	
13	10	 5.7515e-14	 4.2731e-13	     205.99	    0.15786	-9.7531e+92	-9.7531e+92	 0.00024982	 9.5582e-05	     0.0000	     0.0000	 8.6021e-05	     0.0000	
13	11	 7.2530e-07	 5.3887e-06	     166.60	    0.34470	-9.7531e+92	-9.7531e+92	 0.00041691	 9.2546e-05	     0.0000	     0.0000	 0.00011132	     0.0000	
13	12	 2.9088e-13	 2.1611e-12	     205.94	    0.15802	-9.7531e+92	-9.7531e+92	 0.00025314	 9.6319e-05	     0.0000	     0.0000	 7.9491e-05	     0.0000	
13	13	     0.0000	     0.0000	     0.0000	     3.0000	-9.7531e+92	-9.7531e+92	     3.8778	     0.0000	     3.3204	     0.0000	     0.0000	     0.0000	
13	14	   0.055896	    0.41529	     32.765	     2.9658	-9.7531e+92	-9.7531e+92	    0.28484	   0.062534	     0.0000	     0.0000	    0.20547	     0.0000	
13	15	  0.0028435	   0.021126	     111.52	     1.1779	-9.7531e+92	-9.7531e+92	   0.012804	  0.0034598	     0.0000	     0.0000	   0.011065	     0.0000	
13	16	 1.5539e-09	 1.1545e-08	     153.85	    0.45440	-9.7531e+92	-9.7531e+92	 0.00026783	 9.6270e-05	     0.0000	     0.0000	 0.00011400	     0.0000	
13	17	 8.3949e-14	 6.2371e-13	     287.27	   0.043413	-9.7531e+92	-9.7531e+92	  0.0010425	 0.00010007	     0.0000	     0.0000	 6.8064e-05	     0.0000	
13	18	    0.19729	     1.4658	     87.611	     1.8878	-9.7531e+92	-9.7531e+92	    0.49603	    0.22711	     0.0000	     0.0000	    0.39752	     0.0000	
13	19	 1.0594e-07	 7.8712e-07	     184.51	    0.23831	-9.7531e+92	-9.7531e+92	 0.00032661	 9.4590e-05	     0.0000	     0.0000	 0.00012410	     0.0000	
13	20	 4.9510e-06	 3.6784e-05	     165.04	    0.35635	-9.7531e+92	-9.7531e+92	 0.00067820	 9.7178e-05	     0.0000	     0.0000	 0.00016867	     0.0000	
13	21	   0.038274	    0.28436	     76.619	     2.2311	-9.7531e+92	-9.7531e+92	    0.15085	   0.043829	     0.0000	     0.0000	    0.10855	     0.0000	
13	22	 8.5980e-15	 6.3879e-14	     260.15	   0.064098	-9.7531e+92	-9.7531e+92	 0.00059177	 0.00010020	     0.0000	     0.0000	 6.8690e-05	     0.0000	
13	23	 0.00080887	  0.0060095	     113.01	     1.1402	-9.7531e+92	-9.7531e+92	   0.011280	  0.0011149	     0.0000	     0.0000	  0.0026056	     0.0000	
13	24	 9.9331e-05	 0.00073799	     142.21	    0.58941	-9.7531e+92	-9.7531e+92	  0.0022547	 0.00022102	     0.0000	     0.0000	 0.00034468	     0.0000	
14	0	    0.92874	     7.3839	     114.85	     1.0949	-9.7531e+92	-9.7531e+92	     2.1457	     1.0000	    0.25046	     0.0000	    -7.9334	     0.0000	
14	1	   0.022203	    0.17652	     88.839	     1.8485	-9.7531e+92	-9.7531e+92	    0.47201	   0.028482	     0.0000	     0.0000	   -0.10308	     0.0000	
14	2	   0.010183	   0.080959	     97.273	     1.5829	-9.7531e+92	-9.7531e+92	   0.028741	   0.015709	     0.0000	     0.0000	   -0.10027	     0.0000	
14	3	 4.6243e-05	 0.00036766	     161.01	    0.38854	-9.7531e+92	-9.7531e+92	  0.0035407	 0.00017952	     0.0000	     0.0000	 -0.0011122	     0.0000	
14	4	 4.3319e-05	 0.00034441	     184.55	    0.23808	-9.7531e+92	-9.7531e+92	   0.010609	 0.00017295	     0.0000	     0.0000	 -0.0010652	     0.0000	
14	5	 0.00010760	 0.00085544	     108.09	     1.2686	-9.7531e+92	-9.7531e+92	   0.025561	 0.00031478	     0.0000	     0.0000	 -0.0017815	     0.0000	
14	6	  0.0073730	   0.058619	     41.508	     2.9135	-9.7531e+92	-9.7531e+92	    0.19769	   0.011282	     0.0000	     0.0000	  -0.070324	     0.0000	
14	7	  0.0066873	   0.053167	     65.464	     2.5345	-9.7531e+92	-9.7531e+92	    0.18341	   0.011082	     0.0000	     0.0000	  -0.066674	     0.0000	
14	8	 2.6637e-06	 2.1178e-05	     146.54	    0.53466	-9.7531e+92	-9.7531e+92	 0.00087143	 0.00011871	     0.0000	     0.0000	-0.00067830	     0.0000	
14	9	  0.0022180	   0.017635	     38.749	     2.9339	-9.7531e+92	-9.7531e+92	    0.15966	  0.0036712	     0.0000	     0.0000	  -0.022287	     0.0000	
14	10	 5.6737e-14	 4.5109e-13	     190.48	    0.21181	-9.7531e+92	-9.7531e+92	 0.00026690	 0.00011828	     0.0000	     0.0000	-0.00066987	     0.0000	
14	11	 4.8278e-08	 3.8383e-07	     157.91	    0.41563	-9.7531e+92	-9.7531e+92	 0.00037026	 0.00011784	     0.0000	     0.0000	-0.00070956	     0.0000	
14	12	 1.4534e-12	 1.1555e-11	     188.63	    0.21964	-9.7531e+92	-9.7531e+92	 0.00026934	 0.00011849	     0.0000	     0.0000	-0.00067270	     0.0000	
14	13	   0.014755	    0.11731	     32.765	     2.9658	-9.7531e+92	-9.7531e+92	    0.17110	   0.023496	     0.0000	     0.0000	   -0.12229	     0.0000	
14	14	     0.0000	     0.0000	     0.0000	     3.0000	-9.7531e+92	-9.7531e+92	     4.1702	     0.0000	     3.4483	     0.0000	     0.0000	     0.0000	
14	15	 0.00037724	  0.0029992	     78.991	     2.1593	-9.7531e+92	-9.7531e+92	  0.0053640	 0.00070467	     0.0000	     0.0000	 -0.0039815	     0.0000	
14	16	 6.6310e-08	 5.2720e-07	     121.20	    0.94999	-9.7531e+92	-9.7531e+92	 0.00027679	 0.00010980	     0.0000	     0.0000	-0.00051429	     0.0000	
14	17	 2.4160e-12	 1.9208e-11	     254.84	   0.069479	-9.7531e+92	-9.7531e+92	 0.00067932	 0.00012381	     0.0000	     0.0000	-0.00071926	     0.0000	
14	18	  0.0067588	   0.053736	     78.249	     2.1820	-9.7531e+92	-9.7531e+92	    0.18685	   0.010636	     0.0000	     0.0000	  -0.063025	     0.0000	
14	19	 1.4219e-07	 1.1305e-06	     166.55	    0.34505	-9.7531e+92	-9.7531e+92	 0.00031953	 0.00010802	     0.0000	     0.0000	-0.00052984	     0.0000	
14	20	 8.5794e-07	 6.8210e-06	     147.73	    0.52061	-9.7531e+92	-9.7531e+92	 0.00048068	 0.00011341	     0.0000	     0.0000	-0.00061612	     0.0000	
14	21	 0.00049337	  0.0039225	     101.18	     1.4647	-9.7531e+92	-9.7531e+92	    0.15873	 0.00092704	     0.0000	     0.0000	 -0.0056470	     0.0000	
14	22	 8.1020e-13	 6.4415e-12	     227.39	    0.10817	-9.7531e+92	-9.7531e+92	 0.00044664	 0.00011932	     0.0000	     0.0000	-0.00065283	     0.0000	
14	23	 1.2725e-05	 0.00010117	     114.84	     1.0952	-9.7531e+92	-9.7531e+92	   0.022470	 0.00013680	     0.0000	     0.0000	-0.00081767	     0.0000	
14	24	 2.0883e-06	 1.6603e-05	     150.00	    0.49487	-9.7531e+92	-9.7531e+92	  0.0041177	 0.00011926	     0.0000	     0.0000	-0.00071367	     0.0000	
15	0	   0.029425	   0.039269	     189.51	    0.21584	-9.7531e+92	-9.7531e+92	    0.11045	  0.0096990	     0.0000	     0.0000	   -0.10977	    0.45395	
15	1	   0.080990	    0.10808	     167.83	    0.33581	-9.7531e+92	-9.7531e+92	   0.066578	   0.028226	     0.0000	     0.0000	   -0.36182	    0.17561	
15	2	    0.14516	    0.19372	     21.827	     2.9932	-9.7531e+92	-9.7531e+92	   0.056134	   0.047349	   0.040825	   0.028346	    -1.1270	   -0.70031	
15	3	    0.10732	    0.14322	     84.108	     1.9994	-9.7531e+92	-9.7531e+92	   0.040518	   0.017982	   0.030247	    0.11904	   -0.89939	   -0.57512	
15	4	   0.017683	   0.023598	     106.18	     1.3210	-9.7531e+92	-9.7531e+92	   0.014211	  0.0039018	     0.0000	 -0.0024104	   -0.12708	  0.0042195	
15	5	  0.0024122	  0.0032191	     104.94	     1.3557	-9.7531e+92	-9.7531e+92	  0.0059293	 0.00078444	     0.0000	   -0.10489	  -0.018479	   0.094716	
15	6	   0.027600	   0.036833	     96.746	     1.5991	-9.7531e+92	-9.7531e+92	   0.031901	   0.010098	     0.0000	  -0.055592	   -0.22421	    0.34025	
15	7	  0.0023081	  0.0030802	     131.62	    0.74982	-9.7531e+92	-9.7531e+92	   0.020643	 0.00089437	     0.0000	  -0.081672	  -0.019614	    0.41761	
15	8	 1.3138e-06	 1.7533e-06	     159.01	    0.40580	-9.7531e+92	-9.7531e+92	 0.00016440	 2.6552e-05	     0.0000	-0.00020930	-0.00058071	  0.0025086	
15	9	  0.0027151	  0.0036234	     117.55	     1.0311	-9.7531e+92	-9.7531e+92	   0.029543	  0.0010441	     0.0000	  -0.021851	  -0.022964	    0.38863	
15	10	 1.6790e-13	 2.2406e-13	     197.67	    0.18443	-9.7531e+92	-9.7531e+92	 4.4855e-05	 2.6193e-05	     0.0000	-6.2942e-06	-0.00057688	 9.1517e-06	
15	11	 2.0640e-09	 2.7544e-09	     182.32	    0.24896	-9.7531e+92	-9.7531e+92	 6.6273e-05	 2.6017e-05	     0.0000	-8.8507e-05	-0.00057341	 0.00042933	
15	12	 2.7582e-09	 3.6808e-09	     166.81	    0.34315	-9.7531e+92	-9.7531e+92	 4.5484e-05	 2.5721e-05	     0.0000	-1.5276e-05	-0.00056815	 2.5031e-05	
15	13	    0.24021	    0.32056	     111.52	     1.1779	-9.7531e+92	-9.7531e+92	   0.099354	   0.088476	     0.0000	    0.23712	    -1.6406	   -0.73405	
15	14	    0.21294	    0.28417	     78.991	     2.1593	-9.7531e+92	-9.7531e+92	   0.098432	   0.078665	     0.0000	    0.15116	    -1.4013	   -0.52954	
15	15	     0.0000	     0.0000	     0.0000	     3.0000	-9.7531e+92	-9.7531e+92	    0.67590	     0.0000	    0.66583	     0.0000	     0.0000	     0.0000	
15	16	 0.00015722	 0.00020982	     65.362	     2.5370	-9.7531e+92	-9.7531e+92	 0.00011493	 7.5182e-05	     0.0000	 0.00045594	 -0.0014189	-0.00049540	
15	17	 9.0959e-09	 1.2139e-08	     175.81	    0.28425	-9.7531e+92	-9.7531e+92	 0.00061749	 1.9579e-05	     0.0000	  -0.010230	-0.00045051	  0.0064689	
15	18	    0.13036	    0.17397	     116.73	     1.0502	-9.7531e+92	-9.7531e+92	   0.068131	   0.047974	     0.0000	 0.00042909	   -0.98083	   -0.24038	
15	19	 7.2909e-05	 9.7298e-05	     131.26	    0.75593	-9.7531e+92	-9.7531e+92	 0.00010196	 5.2120e-05	     0.0000	-0.00012747	 -0.0011127	 0.00033436	
15	20	 0.00032652	 0.00043575	     124.66	    0.87845	-9.7531e+92	-9.7531e+92	 0.00021266	 0.00015113	     0.0000	 0.00010900	 -0.0033133	-0.00051911	
15	21	 0.00031789	 0.00042423	     175.65	    0.28523	-9.7531e+92	-9.7531e+92	   0.013118	 0.00014668	     0.0000	     0.0000	 -0.0031595	    0.28891	
15	22	 1.7534e-07	 2.3399e-07	     163.21	    0.37056	-9.7531e+92	-9.7531e+92	 0.00028170	 2.1663e-05	     0.0000	 -0.0042021	-0.00048783	  0.0031947	
15	23	 3.8301e-06	 5.1113e-06	     149.47	    0.50076	-9.7531e+92	-9.7531e+92	  0.0015691	 2.7630e-05	     0.0000	-0.00075348	-0.00060598	   0.035845	
15	24	 1.1892e-08	 1.5870e-08	     189.75	    0.21485	-9.7531e+92	-9.7531e+92	 0.00032618	 2.6234e-05	     0.0000	-0.00065212	-0.00057522	  0.0068943	
16	0	   0.010306	  0.0023518	     217.18	    0.12904	-9.7531e+92	-9.7531e+92	   0.017241	 2.3332e-05	     0.0000	     0.0000	-0.00027134	  0.0028597	
16	1	  0.0069684	  0.0015901	     207.46	    0.15366	-9.7531e+92	-9.7531e+92	  0.0060201	 1.6885e-05	     0.0000	     0.0000	-0.00020560	  0.0019833	
16	2	    0.16357	   0.037325	     68.097	     2.4691	-9.7531e+92	-9.7531e+92	   0.012676	 0.00045271	   0.010059	 0.00046832	 -0.0073459	 -0.0035384	
16	3	   0.057288	   0.013072	     111.94	     1.1671	-9.7531e+92	-9.7531e+92	  0.0068374	 0.00014709	  0.0050810	 0.00066571	 -0.0025839	 -0.0011331	
16	4	    0.28141	   0.064213	     75.439	     2.2661	-9.7531e+92	-9.7531e+92	   0.018100	 0.00059729	   0.013850	  0.0012088	  -0.010723	 -0.0044465	
16	5	   0.024949	  0.0056930	     71.546	     2.3771	-9.7531e+92	-9.7531e+92	  0.0019803	 6.5958e-05	     0.0000	 3.2841e-05	-0.00098581	-7.6542e-05	
16	6	  0.0058293	  0.0013302	     111.89	     1.1685	-9.7531e+92	-9.7531e+92	  0.0029234	 1.6523e-05	     0.0000	-0.00020388	-0.00027073	  0.0019693	
16	7	  0.0018521	 0.00042263	     137.28	    0.65913	-9.7531e+92	-9.7531e+92	  0.0023021	 5.5188e-06	     0.0000	-0.00023413	-8.9336e-05	  0.0017903	
16	8	  0.0015551	 0.00035486	     112.87	     1.1438	-9.7531e+92	-9.7531e+92	 0.00011476	 4.8346e-06	 1.1860e-06	 1.5347e-06	-7.7128e-05	-2.7655e-05	
16	9	 0.00036286	 8.2800e-05	     159.83	    0.39862	-9.7531e+92	-9.7531e+92	  0.0024068	 1.2315e-06	     0.0000	-6.4377e-05	-2.0057e-05	  0.0017115	
16	10	 2.1277e-07	 4.8551e-08	     147.94	    0.51817	-9.7531e+92	-9.7531e+92	 7.7978e-06	 2.0252e-07	     0.0000	-1.5475e-08	-3.2194e-06	 3.3274e-08	
16	11	 3.5047e-06	 7.9973e-07	     142.85	    0.58099	-9.7531e+92	-9.7531e+92	 1.0547e-05	 2.0897e-07	     0.0000	-2.3744e-07	-3.3568e-06	 1.7237e-06	
16	12	 5.4585e-05	 1.2456e-05	     115.95	     1.0685	-9.7531e+92	-9.7531e+92	 1.1347e-05	 3.6283e-07	     0.0000	 4.9553e-07	-5.7125e-06	-1.2518e-06	
16	13	   0.046345	   0.010575	     153.85	    0.45440	-9.7531e+92	-9.7531e+92	  0.0060389	 0.00012781	     0.0000	-0.00011762	 -0.0018455	 0.00057637	
16	14	    0.23986	   0.054732	     121.20	    0.94999	-9.7531e+92	-9.7531e+92	   0.019320	 0.00062288	     0.0000	 0.00052569	 -0.0093555	 -0.0029342	
16	15	   0.084166	   0.019205	     65.362	     2.5370	-9.7531e+92	-9.7531e+92	  0.0076756	 0.00024320	  0.0059545	 0.00044512	 -0.0037746	 -0.0018554	
16	16	     0.0000	     0.0000	     0.0000	     3.0000	-9.7531e+92	-9.7531e+92	    0.11411	     0.0000	    0.11409	     0.0000	     0.0000	     0.0000	
16	17	 4.1015e-06	 9.3591e-07	     148.25	    0.51453	-9.7531e+92	-9.7531e+92	 0.00071108	 1.9377e-07	 0.00036377	-2.9048e-05	-2.7265e-06	 2.8353e-05	
16	18	   0.072262	   0.016489	     110.59	     1.2021	-9.7531e+92	-9.7531e+92	  0.0072660	 0.00019707	     0.0000	-2.5915e-07	 -0.0031283	 0.00022285	
16	19	  0.0018176	 0.00041474	     73.024	     2.3358	-9.7531e+92	-9.7531e+92	 0.00014687	 5.5970e-06	 0.00010156	 1.0686e-05	-8.4772e-05	-4.1650e-05	
16	20	  0.0011398	 0.00026008	     74.477	     2.2942	-9.7531e+92	-9.7531e+92	 9.6989e-05	 3.5797e-06	 2.7644e-05	 3.0106e-06	-5.6559e-05	-2.2249e-05	
16	21	 3.1507e-05	 7.1895e-06	     180.81	    0.25669	-9.7531e+92	-9.7531e+92	  0.0015746	 2.8151e-07	     0.0000	     0.0000	-4.5543e-06	  0.0012404	
16	22	 0.00021967	 5.0127e-05	     106.73	     1.3057	-9.7531e+92	-9.7531e+92	 0.00032096	 7.9887e-07	 0.00015919	-7.0982e-06	-1.0363e-05	 7.2403e-06	
16	23	 1.0519e-05	 2.4002e-06	     136.77	    0.66684	-9.7531e+92	-9.7531e+92	 0.00022186	 2.2942e-07	     0.0000	-2.1445e-06	-3.7073e-06	 0.00015124	
16	24	 1.6479e-08	 3.7604e-09	     177.80	    0.27291	-9.7531e+92	-9.7531e+92	 4.5603e-05	 1.9886e-07	     0.0000	-1.8581e-06	-3.2122e-06	 2.9102e-05	
17	0	  0.0013434	 0.00057561	     353.56	   0.019078	-9.7531e+92	-9.7531e+92	   0.017764	 6.9507e-05	     0.0000	     0.0000	 -0.0013741	    0.15356	
17	1	  0.0017968	 0.00076987	     342.57	   0.021626	-9.7531e+92	-9.7531e+92	  0.0078102	 9.7764e-05	     0.0000	     0.0000	 -0.0020335	    0.10638	
17	2	   0.059073	   0.025310	     160.64	    0.39167	-9.7531e+92	-9.7531e+92	   0.019093	  0.0033435	   0.014178	  0.0075435	   -0.10131	  -0.057459	
17	3	    0.31299	    0.13410	     122.41	    0.92444	-9.7531e+92	-9.7531e+92	   0.045122	   0.014163	   0.041824	    0.20731	   -0.53155	   -0.36225	
17	4	    0.55792	    0.23905	     73.525	     2.3215	-9.7531e+92	-9.7531e+92	   0.067678	   0.012111	   0.059698	    0.13262	   -0.77235	   -0.48260	
17	5	 6.9904e-05	 2.9951e-05	     219.60	    0.12368	-9.7531e+92	-9.7531e+92	 0.00063141	 5.4429e-06	     0.0000	 -0.0087734	-0.00019536	   0.020388	
17	6	 0.00010501	 4.4991e-05	     251.72	   0.072906	-9.7531e+92	-9.7531e+92	  0.0030011	 9.3254e-06	     0.0000	  -0.011111	-0.00029760	    0.10916	
17	7	 7.7763e-12	 3.3318e-12	     281.54	   0.047004	-9.7531e+92	-9.7531e+92	  0.0021440	 3.7609e-06	     0.0000	  -0.012472	-0.00011741	   0.095138	
17	8	 6.9026e-13	 2.9575e-13	     258.50	   0.065716	-9.7531e+92	-9.7531e+92	 3.4203e-05	 3.8717e-06	     0.0000	-3.0512e-05	-0.00011985	 0.00055139	
17	9	 1.5508e-12	 6.6445e-13	     293.28	   0.040011	-9.7531e+92	-9.7531e+92	  0.0025458	 3.7725e-06	     0.0000	 -0.0033636	-0.00011777	   0.089204	
17	10	 2.9407e-13	 1.2600e-13	     270.72	   0.054831	-9.7531e+92	-9.7531e+92	 1.4557e-05	 3.8995e-06	     0.0000	-9.3235e-07	-0.00012118	 2.0001e-06	
17	11	 1.2212e-11	 5.2324e-12	     290.18	   0.041722	-9.7531e+92	-9.7531e+92	 1.6179e-05	 3.8642e-06	     0.0000	-1.2913e-05	-0.00012031	 9.3908e-05	
17	12	 7.3478e-12	 3.1483e-12	     225.22	    0.11223	-9.7531e+92	-9.7531e+92	 1.5325e-05	 3.7859e-06	     0.0000	-2.1595e-06	-0.00011838	 5.4738e-06	
17	13	  0.0064919	  0.0027816	     287.27	   0.043413	-9.7531e+92	-9.7531e+92	  0.0062784	 0.00036556	     0.0000	  -0.014592	 -0.0098197	   0.071275	
17	14	   0.026592	   0.011394	     254.84	   0.069479	-9.7531e+92	-9.7531e+92	   0.015650	  0.0014770	     0.0000	  -0.011794	  -0.039101	   0.065613	
17	15	  0.0037364	  0.0016009	     175.81	    0.28425	-9.7531e+92	-9.7531e+92	   0.012449	 0.00021604	  0.0092170	 -0.0011221	 -0.0067186	  0.0047088	
17	16	 1.5870e-05	 6.7996e-06	     148.25	    0.51453	-9.7531e+92	-9.7531e+92	 7.6669e-05	 4.3446e-06	 3.3249e-05	-1.1712e-05	-0.00013354	 2.2220e-05	
17	17	     0.0000	     0.0000	     0.0000	     3.0000	-9.7531e+92	-9.7531e+92	    0.21691	     0.0000	    0.21626	     0.0000	     0.0000	     0.0000	
17	18	  0.0014458	 0.00061949	     258.46	   0.065759	-9.7531e+92	-9.7531e+92	  0.0046491	 8.2840e-05	     0.0000	-0.00010736	 -0.0024686	   0.092064	
17	19	 3.4512e-05	 1.4787e-05	     187.53	    0.22442	-9.7531e+92	-9.7531e+92	 0.00033009	 5.7303e-06	 0.00024501	-3.2204e-05	-0.00017813	 0.00012515	
17	20	 1.3248e-07	 5.6761e-08	     207.02	    0.15490	-9.7531e+92	-9.7531e+92	 0.00011629	 3.8092e-06	     0.0000	-4.1117e-05	-0.00011840	 0.00030380	
17	21	 6.8497e-13	 2.9349e-13	     326.31	   0.026229	-9.7531e+92	-9.7531e+92	  0.0016484	 3.8165e-06	     0.0000	     0.0000	-0.00011687	   0.064360	
17	22	   0.028392	   0.012165	     106.10	     1.3231	-9.7531e+92	-9.7531e+92	  0.0041740	  0.0012919	  0.0038702	   0.022727	  -0.034217	  -0.021012	
17	23	 7.2591e-12	 3.1102e-12	     284.58	   0.045056	-9.7531e+92	-9.7531e+92	 0.00021981	 3.9106e-06	     0.0000	-0.00011168	-0.00012103	  0.0078572	
17	24	 5.7720e-12	 2.4731e-12	     325.25	   0.026569	-9.7531e+92	-9.7531e+92	 5.1303e-05	 3.9245e-06	     0.0000	-9.6593e-05	-0.00012137	  0.0015094	
18	0	    0.28057	     1.3091	     116.29	     1.0606	-9.7531e+92	-9.7531e+92	    0.59798	    0.30932	     0.0000	     0.0000	    -3.2096	   -0.16413	
18	1	    0.24884	     1.1610	     111.77	     1.1715	-9.7531e+92	-9.7531e+92	    0.45217	    0.27983	     0.0000	     0.0000	    -3.4711	   -0.42406	
18	2	   0.014230	   0.066395	     137.27	    0.65930	-9.7531e+92	-9.7531e+92	   0.026618	   0.024318	     0.0000	 0.00030345	   -0.21844	  -0.014880	
18	3	 8.4034e-05	 0.00039209	     199.21	    0.17912	-9.7531e+92	-9.7531e+92	  0.0069154	 0.00027079	     0.0000	 -0.0049078	 -0.0022095	   0.039516	
18	4	 1.3729e-05	 6.4059e-05	     186.18	    0.23049	-9.7531e+92	-9.7531e+92	   0.034172	 0.00014740	     0.0000	  -0.014770	 -0.0012440	   0.098763	
18	5	   0.060167	    0.28073	     53.346	     2.7752	-9.7531e+92	-9.7531e+92	   0.090476	    0.11266	     0.0000	   0.033565	   -0.96157	   -0.21277	
18	6	   0.060707	    0.28325	     36.723	     2.9464	-9.7531e+92	-9.7531e+92	    0.18441	   0.099384	     0.0000	 -0.0025664	   -0.93116	    0.15099	
18	7	    0.12781	    0.59632	     38.248	     2.9371	-9.7531e+92	-9.7531e+92	    0.22974	    0.20951	     0.0000	  0.0054269	    -1.9476	   -0.27480	
18	8	  0.0022496	   0.010496	     75.421	     2.2666	-9.7531e+92	-9.7531e+92	  0.0032417	  0.0037196	 0.00091930	 7.8615e-05	  -0.032412	 -0.0099593	
18	9	   0.020129	   0.093921	     96.665	     1.6016	-9.7531e+92	-9.7531e+92	    0.11262	   0.033942	     0.0000	 -0.0015855	   -0.31587	    0.27892	
18	10	 2.2712e-06	 1.0597e-05	     118.82	     1.0023	-9.7531e+92	-9.7531e+92	 0.00016065	 0.00010150	     0.0000	 1.2161e-07	-0.00075673	-2.4249e-06	
18	11	 0.00048432	  0.0022598	     81.269	     2.0888	-9.7531e+92	-9.7531e+92	 0.00079428	 0.00080072	 0.00014300	 9.3963e-06	 -0.0064657	 -0.0016677	
18	12	 3.3123e-06	 1.5455e-05	     120.73	    0.96010	-9.7531e+92	-9.7531e+92	 0.00016828	 0.00011297	     0.0000	-3.0636e-07	-0.00091081	 5.0428e-06	
18	13	   0.082408	    0.38450	     87.611	     1.8878	-9.7531e+92	-9.7531e+92	    0.17953	    0.11184	     0.0000	  0.0010189	    -1.3549	  -0.035784	
18	14	   0.068085	    0.31768	     78.249	     2.1820	-9.7531e+92	-9.7531e+92	    0.18248	    0.10171	     0.0000	 -0.0027382	   -0.78854	    0.11047	
18	15	  0.0010273	  0.0047930	     116.73	     1.0502	-9.7531e+92	-9.7531e+92	  0.0077442	  0.0018316	     0.0000	 -0.0013120	  -0.016526	   0.035050	
18	16	 6.6277e-07	 3.0924e-06	     110.59	     1.2021	-9.7531e+92	-9.7531e+92	 0.00018761	 0.00012660	     0.0000	-2.0262e-05	 -0.0011116	 0.00018814	
18	17	 3.0149e-12	 1.4067e-11	     258.46	   0.065759	-9.7531e+92	-9.7531e+92	  0.0014808	 0.00013350	     0.0000	 -0.0016743	 -0.0011836	  0.0080239	
18	18	     0.0000	     0.0000	     0.0000	     3.0000	-9.7531e+92	-9.7531e+92	     2.4383	     0.0000	     2.0541	     0.0000	     0.0000	     0.0000	
18	19	 2.9538e-05	 0.00013782	     118.15	     1.0174	-9.7531e+92	-9.7531e+92	 0.00028471	 0.00016045	     0.0000	-2.3530e-05	 -0.0013368	 0.00056345	
18	20	 0.00061069	  0.0028494	     90.275	     1.8027	-9.7531e+92	-9.7531e+92	  0.0011618	  0.0010155	     0.0000	 1.5433e-05	 -0.0083258	 -0.0016677	
18	21	   0.021516	    0.10039	     79.511	     2.1434	-9.7531e+92	-9.7531e+92	   0.092196	   0.034493	     0.0000	     0.0000	   -0.32922	    0.16519	
18	22	 2.3525e-12	 1.0977e-11	     205.13	    0.16037	-9.7531e+92	-9.7531e+92	 0.00072548	 0.00012920	     0.0000	-0.00059937	 -0.0011216	  0.0035344	
18	23	  0.0092940	   0.043364	     36.898	     2.9454	-9.7531e+92	-9.7531e+92	   0.018182	   0.014769	     0.0000	 3.6658e-05	   -0.13231	  -0.017256	
18	24	  0.0017489	  0.0081601	     74.739	     2.2865	-9.7531e+92	-9.7531e+92	  0.0036014	  0.0026634	     0.0000	 1.2020e-06	  -0.022634	 -0.0026767	
19	0	   0.020245	   0.011710	     234.49	   0.096052	-9.7531e+92	-9.7531e+92	   0.047640	 0.00035355	     0.0000	     0.0000	  -0.051857	    0.54372	
19	1	   0.025299	   0.014633	     226.57	    0.10968	-9.7531e+92	-9.7531e+92	   0.021884	 0.00046958	     0.0000	     0.0000	  -0.068148	    0.31712	
19	2	    0.10942	   0.063289	     139.30	    0.62950	-9.7531e+92	-9.7531e+92	   0.019091	  0.0022283	   0.012455	  0.0066566	   -0.37182	   -0.32375	
19	3	  0.0015206	 0.00087951	     184.07	    0.24039	-9.7531e+92	-9.7531e+92	  0.0036295	 3.0983e-05	     0.0000	 -0.0024342	 -0.0053190	   0.019954	
19	4	   0.049309	   0.028521	     119.82	    0.98008	-9.7531e+92	-9.7531e+92	   0.014532	 0.00089423	  0.0037584	   0.013727	   -0.16730	   -0.10131	
19	5	   0.092799	   0.053675	     64.874	     2.5486	-9.7531e+92	-9.7531e+92	   0.016634	  0.0018363	  0.0044326	   0.035840	   -0.32147	   -0.24206	
19	6	   0.049728	   0.028763	     133.74	    0.71443	-9.7531e+92	-9.7531e+92	   0.015330	 0.00098629	     0.0000	 -0.0022202	   -0.17087	    0.13066	
19	7	  0.0010339	 0.00059803	     154.38	    0.44913	-9.7531e+92	-9.7531e+92	  0.0082874	 2.2017e-05	     0.0000	 -0.0050596	 -0.0037932	    0.25391	
19	8	   0.043775	   0.025320	     80.536	     2.1117	-9.7531e+92	-9.7531e+92	  0.0064971	 0.00088562	  0.0062092	  0.0011531	   -0.15090	   -0.14543	
19	9	 2.7656e-05	 1.5997e-05	     193.08	    0.20137	-9.7531e+92	-9.7531e+92	  0.0070423	 1.8843e-06	     0.0000	 -0.0013826	-0.00032572	    0.24105	
19	10	  0.0012203	 0.00070582	     85.643	     1.9506	-9.7531e+92	-9.7531e+92	 0.00019955	 2.6094e-05	 0.00016010	 0.00028630	 -0.0043926	 -0.0040548	
19	11	 8.7896e-05	 5.0839e-05	     108.78	     1.2499	-9.7531e+92	-9.7531e+92	 6.4119e-05	 3.1969e-06	     0.0000	 1.0999e-06	-0.00054251	-5.0769e-05	
19	12	  0.0038680	  0.0022373	     44.530	     2.8865	-9.7531e+92	-9.7531e+92	 0.00059466	 6.4149e-05	 0.00055365	 0.00055466	 -0.0093616	 -0.0088611	
19	13	   0.050896	   0.029439	     184.51	    0.23831	-9.7531e+92	-9.7531e+92	   0.016170	  0.0010049	     0.0000	 -0.0021163	   -0.16026	   0.074046	
19	14	    0.25663	    0.14843	     166.55	    0.34505	-9.7531e+92	-9.7531e+92	   0.049422	  0.0049950	     0.0000	   0.012502	   -0.79995	   -0.50278	
19	15	   0.025856	   0.014955	     131.26	    0.75593	-9.7531e+92	-9.7531e+92	  0.0062834	 0.00052953	  0.0019207	  0.0023423	  -0.089916	  -0.061994	
19	16	 0.00010186	 5.8918e-05	     73.024	     2.3358	-9.7531e+92	-9.7531e+92	 4.8327e-05	 3.4448e-06	     0.0000	 2.4084e-05	-0.00058778	-0.00022822	
19	17	 3.0216e-10	 1.7477e-10	     187.53	    0.22442	-9.7531e+92	-9.7531e+92	 0.00060157	 1.3100e-06	     0.0000	-0.00098260	-0.00023164	  0.0049321	
19	18	    0.22023	    0.12738	     118.15	     1.0174	-9.7531e+92	-9.7531e+92	   0.041630	  0.0043220	     0.0000	 7.3647e-05	   -0.72538	   -0.44140	
19	19	     0.0000	     0.0000	     0.0000	     3.0000	-9.7531e+92	-9.7531e+92	    0.28940	     0.0000	    0.28929	     0.0000	     0.0000	     0.0000	
19	20	   0.033345	   0.019287	     28.400	     2.9806	-9.7531e+92	-9.7531e+92	  0.0049840	 0.00067940	  0.0048082	  0.0024282	   -0.11559	   -0.11167	
19	21	 2.6146e-05	 1.5123e-05	     197.71	    0.18427	-9.7531e+92	-9.7531e+92	  0.0050389	 1.8709e-06	     0.0000	     0.0000	-0.00031900	    0.17460	
19	22	   0.013625	  0.0078809	     93.933	     1.6868	-9.7531e+92	-9.7531e+92	  0.0022287	 0.00011820	  0.0018186	  0.0022262	  -0.020539	  -0.018355	
19	23	 0.00092006	 0.00053217	     121.29	    0.94810	-9.7531e+92	-9.7531e+92	 0.00095534	 2.0392e-05	     0.0000	-3.8232e-05	 -0.0034582	   0.017819	
19	24	 4.3252e-05	 2.5017e-05	     150.08	    0.49393	-9.7531e+92	-9.7531e+92	 0.00015928	 2.2808e-06	     0.0000	-3.8231e-05	-0.00038613	  0.0038740	
20	0	   0.043992	   0.028628	     206.61	    0.15606	-9.7531e+92	-9.7531e+92	   0.054273	 0.00084578	     0.0000	     0.0000	   -0.13645	    0.58376	
20	1	    0.16176	    0.10527	     199.20	    0.17914	-9.7531e+92	-9.7531e+92	   0.048266	  0.0033061	     0.0000	     0.0000	   -0.52666	  -0.048249	
20	2	   0.028037	   0.018245	     139.77	    0.62284	-9.7531e+92	-9.7531e+92	  0.0074445	 0.00064077	     0.0000	  0.0011269	   -0.11501	  -0.065583	
20	3	 0.00024460	 0.00015918	     185.64	    0.23299	-9.7531e+92	-9.7531e+92	  0.0024842	 6.9442e-06	     0.0000	 -0.0029985	 -0.0012573	   0.028821	
20	4	   0.038207	   0.024863	     135.08	    0.69295	-9.7531e+92	-9.7531e+92	   0.013508	 0.00083060	  0.0013874	  0.0095769	   -0.15675	  -0.077567	
20	5	   0.094574	   0.061544	     39.691	     2.9273	-9.7531e+92	-9.7531e+92	   0.018687	  0.0021242	  0.0049601	   0.038089	   -0.39300	   -0.29512	
20	6	  0.0075967	  0.0049436	     111.59	     1.1762	-9.7531e+92	-9.7531e+92	   0.012459	 0.00016854	     0.0000	 -0.0045363	  -0.031647	    0.32412	
20	7	  0.0031325	  0.0020385	     126.68	    0.83907	-9.7531e+92	-9.7531e+92	   0.011828	 7.1270e-05	     0.0000	 -0.0049123	  -0.013272	    0.29489	
20	8	   0.017450	   0.011355	     51.987	     2.7958	-9.7531e+92	-9.7531e+92	  0.0029866	 0.00037736	  0.0026627	 0.00033790	  -0.070507	  -0.066173	
20	9	 2.2370e-06	 1.4557e-06	     174.09	    0.29453	-9.7531e+92	-9.7531e+92	   0.010274	 1.5397e-06	     0.0000	 -0.0013811	-0.00028672	    0.28803	
20	10	 0.00031230	 0.00020323	     74.457	     2.2947	-9.7531e+92	-9.7531e+92	 7.4270e-05	 6.3393e-06	 2.9884e-05	 3.8012e-05	-0.00099821	-0.00077606	
20	11	 0.00016173	 0.00010525	     83.734	     2.0113	-9.7531e+92	-9.7531e+92	 7.5234e-05	 5.2575e-06	     0.0000	 6.4688e-06	-0.00096135	-0.00036102	
20	12	  0.0013616	 0.00088603	     45.010	     2.8817	-9.7531e+92	-9.7531e+92	 0.00024999	 2.5819e-05	 0.00020386	 0.00016986	 -0.0042291	 -0.0038344	
20	13	   0.084571	   0.055035	     165.04	    0.35635	-9.7531e+92	-9.7531e+92	   0.023844	  0.0018541	     0.0000	 0.00082801	   -0.32132	  -0.034735	
20	14	    0.18241	    0.11870	     147.73	    0.52061	-9.7531e+92	-9.7531e+92	   0.042271	  0.0039516	     0.0000	  0.0068939	   -0.68614	   -0.33248	
20	15	  0.0018569	  0.0012084	     124.66	    0.87845	-9.7531e+92	-9.7531e+92	  0.0022362	 4.4017e-05	     0.0000	-0.00071715	 -0.0080332	   0.022702	
20	16	 6.8031e-06	 4.4272e-06	     74.477	     2.2942	-9.7531e+92	-9.7531e+92	 3.4837e-05	 1.7103e-06	     0.0000	-1.0331e-05	-0.00031081	 0.00011422	
20	17	 4.8895e-12	 3.1819e-12	     207.02	    0.15490	-9.7531e+92	-9.7531e+92	 0.00054508	 1.5301e-06	     0.0000	 -0.0010382	-0.00028204	  0.0059561	
20	18	    0.33077	    0.21525	     90.275	     1.8027	-9.7531e+92	-9.7531e+92	   0.064834	  0.0071001	   0.011244	 0.00012588	    -1.3151	   -0.95127	
20	19	  0.0027891	  0.0018150	     28.400	     2.9806	-9.7531e+92	-9.7531e+92	 0.00051741	 5.5922e-05	 0.00038818	 0.00026951	  -0.010502	 -0.0094078	
20	20	     0.0000	     0.0000	     0.0000	     3.0000	-9.7531e+92	-9.7531e+92	    0.32549	     0.0000	    0.32529	     0.0000	     0.0000	     0.0000	
20	21	 1.7624e-05	 1.1469e-05	     169.84	    0.32188	-9.7531e+92	-9.7531e+92	  0.0067851	 1.8992e-06	     0.0000	     0.0000	-0.00034907	    0.20861	
20	22	 7.8509e-06	 5.1090e-06	     116.48	     1.0560	-9.7531e+92	-9.7531e+92	 0.00025046	 1.4985e-06	     0.0000	-0.00029982	-0.00028011	  0.0022989	
20	23	 0.00073570	 0.00047876	     93.058	     1.7144	-9.7531e+92	-9.7531e+92	  0.0010766	 1.8500e-05	     0.0000	-3.7423e-05	 -0.0033821	   0.022026	
20	24	 6.6669e-06	 4.3385e-06	     121.85	    0.93617	-9.7531e+92	-9.7531e+92	 0.00019645	 1.6999e-06	     0.0000	-3.9326e-05	-0.00031027	  0.0047745	
21	0	    0.23563	    0.47841	     39.458	     2.9290	-9.7531e+92	-9.7531e+92	    0.23937	    0.12304	     0.0000	     0.0000	     1.9196	     0.0000	
21	1	    0.22558	    0.45802	     57.297	     2.7081	-9.7531e+92	-9.7531e+92	    0.18706	    0.14150	     0.0000	     0.0000	     2.7487	     0.0000	
21	2	 0.00044248	 0.00089839	     197.19	    0.18609	-9.7531e+92	-9.7531e+92	  0.0033191	 0.00049269	     0.0000	     0.0000	  0.0087991	     0.0000	
21	3	 7.0489e-06	 1.4312e-05	     259.71	   0.064522	-9.7531e+92	-9.7531e+92	 0.00088706	 8.1624e-05	     0.0000	     0.0000	  0.0012816	     0.0000	
21	4	 4.5130e-07	 9.1630e-07	     253.96	   0.070430	-9.7531e+92	-9.7531e+92	  0.0034982	 7.5049e-05	     0.0000	     0.0000	  0.0011518	     0.0000	
21	5	  0.0011052	  0.0022440	     132.91	    0.72808	-9.7531e+92	-9.7531e+92	  0.0088977	  0.0013891	     0.0000	     0.0000	   0.019672	     0.0000	
21	6	   0.015968	   0.032421	     78.899	     2.1621	-9.7531e+92	-9.7531e+92	   0.059608	   0.015836	     0.0000	     0.0000	    0.28050	     0.0000	
21	7	   0.080420	    0.16328	     44.967	     2.8822	-9.7531e+92	-9.7531e+92	   0.083622	   0.081163	     0.0000	     0.0000	     1.4159	     0.0000	
21	8	 0.00020500	 0.00041622	     132.38	    0.73687	-9.7531e+92	-9.7531e+92	 0.00036669	 0.00029162	     0.0000	     0.0000	  0.0046980	     0.0000	
21	9	   0.099461	    0.20194	     83.320	     2.0244	-9.7531e+92	-9.7531e+92	   0.096364	    0.10193	     0.0000	     0.0000	     1.7215	     0.0000	
21	10	 1.6945e-08	 3.4404e-08	     171.26	    0.31241	-9.7531e+92	-9.7531e+92	 6.8296e-05	 7.4600e-05	     0.0000	     0.0000	  0.0011349	     0.0000	
21	11	 4.3676e-05	 8.8678e-05	     128.65	    0.80225	-9.7531e+92	-9.7531e+92	 0.00012563	 0.00011788	     0.0000	     0.0000	  0.0018951	     0.0000	
21	12	 1.3946e-12	 2.8314e-12	     187.39	    0.22505	-9.7531e+92	-9.7531e+92	 6.9162e-05	 7.5092e-05	     0.0000	     0.0000	  0.0011262	     0.0000	
21	13	    0.17635	    0.35806	     76.619	     2.2311	-9.7531e+92	-9.7531e+92	    0.12499	    0.17073	     0.0000	     0.0000	     2.9714	     0.0000	
21	14	   0.073517	    0.14927	     101.18	     1.4647	-9.7531e+92	-9.7531e+92	   0.080426	   0.057270	     0.0000	     0.0000	     1.2382	     0.0000	
21	15	 3.5625e-05	 7.2332e-05	     175.65	    0.28523	-9.7531e+92	-9.7531e+92	  0.0014204	 0.00011283	     0.0000	     0.0000	  0.0017415	     0.0000	
21	16	 2.2661e-12	 4.6011e-12	     180.81	    0.25669	-9.7531e+92	-9.7531e+92	 7.1060e-05	 7.7823e-05	     0.0000	     0.0000	  0.0011108	     0.0000	
21	17	 2.1510e-13	 4.3673e-13	     326.31	   0.026229	-9.7531e+92	-9.7531e+92	 0.00020394	 8.0766e-05	     0.0000	     0.0000	  0.0011001	     0.0000	
21	18	   0.085397	    0.17339	     79.511	     2.1434	-9.7531e+92	-9.7531e+92	   0.089184	   0.079330	     0.0000	     0.0000	     1.4657	     0.0000	
21	19	 4.3757e-09	 8.8843e-09	     197.71	    0.18427	-9.7531e+92	-9.7531e+92	 8.4114e-05	 7.6105e-05	     0.0000	     0.0000	  0.0011236	     0.0000	
21	20	 2.9794e-06	 6.0492e-06	     169.84	    0.32188	-9.7531e+92	-9.7531e+92	 0.00014826	 7.7379e-05	     0.0000	     0.0000	  0.0011819	     0.0000	
21	21	     0.0000	     0.0000	     0.0000	     3.0000	-9.7531e+92	-9.7531e+92	     1.0435	     0.0000	    0.93731	     0.0000	     0.0000	     0.0000	
21	22	 4.2224e-13	 8.5730e-13	     284.69	   0.044983	-9.7531e+92	-9.7531e+92	 0.00012714	 7.9891e-05	     0.0000	     0.0000	  0.0011075	     0.0000	
21	23	  0.0043055	  0.0087418	     78.648	     2.1698	-9.7531e+92	-9.7531e+92	  0.0053191	  0.0044874	     0.0000	     0.0000	   0.077319	     0.0000	
21	24	  0.0015214	  0.0030890	     85.071	     1.9688	-9.7531e+92	-9.7531e+92	  0.0014339	  0.0015959	     0.0000	     0.0000	   0.028906	     0.0000	
22	0	   0.015249	  0.0083228	     321.47	   0.027830	-9.7531e+92	-9.7531e+92	   0.029632	 0.00036273	     0.0000	     0.0000	  -0.013462	    0.15964	
22	1	   0.012281	  0.0067030	     312.59	   0.031097	-9.7531e+92	-9.7531e+92	   0.012993	 0.00031127	     0.0000	     0.0000	  -0.011750	    0.10377	
22	2	   0.062289	   0.033998	     161.29	    0.38622	-9.7531e+92	-9.7531e+92	   0.021158	  0.0017060	   0.014897	  0.0038874	  -0.083461	  -0.055332	
22	3	    0.16654	   0.090899	     164.94	    0.35711	-9.7531e+92	-9.7531e+92	   0.034405	  0.0038002	   0.030204	   0.055481	   -0.22047	   -0.17018	
22	4	    0.43002	    0.23471	     82.638	     2.0459	-9.7531e+92	-9.7531e+92	   0.066633	  0.0053964	   0.056467	   0.069385	   -0.51610	   -0.39396	
22	5	  0.0068565	  0.0037423	     151.89	    0.47454	-9.7531e+92	-9.7531e+92	  0.0029499	 0.00014154	     0.0000	 -0.0035595	 -0.0085267	   0.014249	
22	6	 0.00022383	 0.00012217	     216.08	    0.13159	-9.7531e+92	-9.7531e+92	  0.0049857	 7.6522e-06	     0.0000	 -0.0053512	-0.00039314	   0.097844	
22	7	 1.3227e-05	 7.2192e-06	     241.36	   0.085874	-9.7531e+92	-9.7531e+92	  0.0038135	 2.1774e-06	     0.0000	 -0.0059373	-0.00010930	   0.085212	
22	8	 7.2919e-05	 3.9800e-05	     168.70	    0.32968	-9.7531e+92	-9.7531e+92	 0.00045986	 3.9174e-06	 0.00018819	-1.2066e-05	-0.00019434	 0.00040745	
22	9	 1.1337e-07	 6.1881e-08	     266.14	   0.058633	-9.7531e+92	-9.7531e+92	  0.0037031	 1.8244e-06	     0.0000	 -0.0016015	-9.1574e-05	   0.079878	
22	10	 2.7603e-07	 1.5066e-07	     176.66	    0.27933	-9.7531e+92	-9.7531e+92	 2.9425e-05	 1.8934e-06	     0.0000	-3.6463e-07	-9.4043e-05	 1.4583e-06	
22	11	 1.0216e-11	 5.5758e-12	     200.45	    0.17499	-9.7531e+92	-9.7531e+92	 2.4930e-05	 1.8697e-06	     0.0000	-6.1647e-06	-9.3265e-05	 8.3353e-05	
22	12	 8.7498e-05	 4.7757e-05	     131.16	    0.75767	-9.7531e+92	-9.7531e+92	 6.6454e-05	 4.2358e-06	 2.7758e-05	 2.0121e-05	-0.00021237	-9.5229e-05	
22	13	  0.0025663	  0.0014007	     260.15	   0.064098	-9.7531e+92	-9.7531e+92	  0.0075801	 7.0779e-05	     0.0000	 -0.0073453	 -0.0031681	   0.070808	
22	14	   0.093405	   0.050981	     227.39	    0.10817	-9.7531e+92	-9.7531e+92	   0.028882	  0.0024897	     0.0000	 0.00022022	   -0.11081	 -0.0024305	
22	15	  0.0052915	  0.0028881	     163.21	    0.37056	-9.7531e+92	-9.7531e+92	   0.011685	 0.00014751	  0.0075683	-0.00031656	 -0.0073632	  0.0024622	
22	16	 0.00029955	 0.00016349	     106.73	     1.3057	-9.7531e+92	-9.7531e+92	 0.00011889	 9.4627e-06	 6.3581e-05	 8.2761e-05	-0.00048195	-0.00029020	
22	17	   0.019100	   0.010425	     106.10	     1.3231	-9.7531e+92	-9.7531e+92	  0.0052149	 0.00038278	  0.0043842	  0.0076974	  -0.014343	 -0.0092906	
22	18	   0.036347	   0.019838	     205.13	    0.16037	-9.7531e+92	-9.7531e+92	   0.013142	 0.00096360	     0.0000	-2.9085e-05	  -0.046829	   0.048000	
22	19	    0.12250	   0.066860	     93.933	     1.6868	-9.7531e+92	-9.7531e+92	   0.016846	  0.0031880	   0.016737	   0.017233	   -0.14202	   -0.11448	
22	20	   0.026858	   0.014659	     116.48	     1.0560	-9.7531e+92	-9.7531e+92	  0.0040254	 0.00074348	  0.0038595	  0.0022104	  -0.037182	  -0.030261	
22	21	 1.4531e-11	 7.9312e-12	     284.69	   0.044983	-9.7531e+92	-9.7531e+92	  0.0027511	 1.8409e-06	     0.0000	     0.0000	-9.0850e-05	   0.057761	
22	22	     0.0000	     0.0000	     0.0000	     3.0000	-9.7531e+92	-9.7531e+92	    0.27417	     0.0000	    0.27378	     0.0000	     0.0000	     0.0000	
22	23	 2.1146e-09	 1.1542e-09	     209.07	    0.14920	-9.7531e+92	-9.7531e+92	 0.00040058	 1.8878e-06	     0.0000	-5.3171e-05	-9.3455e-05	  0.0069838	
22	24	 8.8679e-12	 4.8402e-12	     237.89	   0.090842	-9.7531e+92	-9.7531e+92	 8.5384e-05	 1.8943e-06	     0.0000	-4.5990e-05	-9.3645e-05	  0.0013409	
23	0	    0.21638	    0.14580	     119.13	    0.99543	-9.7531e+92	-9.7531e+92	   0.079041	   0.014085	     0.0000	     0.0000	  -0.056635	  0.0027575	
23	1	    0.22367	    0.15070	     132.72	    0.73117	-9.7531e+92	-9.7531e+92	   0.062964	   0.021748	     0.0000	     0.0000	    0.24231	  -0.010084	
23	2	 0.00022644	 0.00015257	     168.40	    0.33177	-9.7531e+92	-9.7531e+92	  0.0012316	 3.4730e-05	     0.0000	-5.8180e-05	 0.00027938	  0.0018844	
23	3	 2.6128e-05	 1.7605e-05	     228.38	    0.10637	-9.7531e+92	-9.7531e+92	 0.00039354	 1.2683e-05	     0.0000	-0.00023757	 9.0125e-05	  0.0012631	
23	4	 9.4160e-06	 6.3445e-06	     212.30	    0.14074	-9.7531e+92	-9.7531e+92	  0.0018019	 1.0418e-05	     0.0000	-0.00070985	 7.0748e-05	  0.0031347	
23	5	  0.0074714	  0.0050342	     65.633	     2.5304	-9.7531e+92	-9.7531e+92	  0.0046833	  0.0010966	     0.0000	-0.00056070	  0.0065877	  0.0023480	
23	6	   0.032338	   0.021789	     73.330	     2.3271	-9.7531e+92	-9.7531e+92	   0.020735	  0.0041250	     0.0000	-0.00024751	   0.030504	  0.0096207	
23	7	   0.064408	   0.043398	     58.677	     2.6821	-9.7531e+92	-9.7531e+92	   0.023804	  0.0084508	     0.0000	-6.3209e-05	   0.060936	  0.0021149	
23	8	   0.012845	  0.0086546	     54.810	     2.7517	-9.7531e+92	-9.7531e+92	  0.0022652	  0.0016725	  0.0019298	     0.0000	   0.017495	     0.0000	
23	9	  0.0012978	 0.00087448	     121.73	    0.93874	-9.7531e+92	-9.7531e+92	   0.014178	 0.00017762	     0.0000	-0.00010388	  0.0012574	   0.012076	
23	10	 1.8654e-05	 1.2569e-05	     95.614	     1.6342	-9.7531e+92	-9.7531e+92	 2.6480e-05	 1.1551e-05	     0.0000	 1.9026e-07	 0.00010094	-2.9925e-06	
23	11	  0.0013252	 0.00089292	     53.605	     2.7712	-9.7531e+92	-9.7531e+92	 0.00026661	 0.00018339	 0.00017256	 6.9489e-06	  0.0014962	-0.00021871	
23	12	 1.7308e-05	 1.1662e-05	     109.85	     1.2215	-9.7531e+92	-9.7531e+92	 3.0107e-05	 1.1567e-05	     0.0000	 1.8702e-07	 7.7548e-05	-2.2861e-06	
23	13	    0.12157	   0.081911	     113.01	     1.1402	-9.7531e+92	-9.7531e+92	   0.032299	   0.015512	     0.0000	 0.00031093	    0.12888	 -0.0071989	
23	14	   0.092443	   0.062287	     114.84	     1.0952	-9.7531e+92	-9.7531e+92	   0.029415	  0.0086993	     0.0000	 8.9940e-06	   0.085629	-0.00023915	
23	15	 0.00013843	 9.3275e-05	     149.47	    0.50076	-9.7531e+92	-9.7531e+92	 0.00052544	 2.8082e-05	     0.0000	-7.1695e-05	 0.00018344	  0.0012658	
23	16	 1.5901e-07	 1.0714e-07	     136.77	    0.66684	-9.7531e+92	-9.7531e+92	 2.4165e-05	 9.5421e-06	     0.0000	-9.8794e-07	 5.6414e-05	 6.0635e-06	
23	17	 2.7665e-12	 1.8641e-12	     284.58	   0.045056	-9.7531e+92	-9.7531e+92	 9.2494e-05	 9.8708e-06	     0.0000	-8.0431e-05	 5.4698e-05	 0.00025481	
23	18	    0.18864	    0.12711	     36.898	     2.9454	-9.7531e+92	-9.7531e+92	   0.046044	   0.021625	     0.0000	 5.9622e-07	    0.17209	  -0.017287	
23	19	 4.3961e-05	 2.9621e-05	     121.29	    0.94810	-9.7531e+92	-9.7531e+92	 4.1288e-05	 1.5447e-05	     0.0000	-8.3523e-07	 9.9639e-05	 1.5378e-05	
23	20	 0.00033827	 0.00022792	     93.058	     1.7144	-9.7531e+92	-9.7531e+92	 0.00012678	 5.5800e-05	     0.0000	 5.1583e-07	 0.00036515	-1.7525e-05	
23	21	   0.035501	   0.023920	     78.648	     2.1698	-9.7531e+92	-9.7531e+92	   0.015200	  0.0044918	     0.0000	     0.0000	   0.034128	  0.0028622	
23	22	 5.9614e-12	 4.0167e-12	     209.07	    0.14920	-9.7531e+92	-9.7531e+92	 5.2895e-05	 9.7647e-06	     0.0000	-2.8974e-05	 5.6041e-05	 0.00011224	
23	23	     0.0000	     0.0000	     0.0000	     3.0000	-9.7531e+92	-9.7531e+92	    0.33803	     0.0000	    0.33385	     0.0000	     0.0000	     0.0000	
23	24	  0.0012951	 0.00087261	     40.708	     2.9198	-9.7531e+92	-9.7531e+92	 0.00045479	 0.00017855	     0.0000	 2.9090e-07	  0.0014086	-2.0373e-05	
24	0	    0.20459	    0.12177	     123.34	    0.90511	-9.7531e+92	-9.7531e+92	   0.069956	  0.0028152	     0.0000	     0.0000	  0.0064033	     0.0000	
24	1	    0.23089	    0.13743	     142.19	    0.58963	-9.7531e+92	-9.7531e+92	   0.058272	  0.0042017	     0.0000	     0.0000	   0.048825	     0.0000	
24	2	 2.3044e-05	 1.3716e-05	     210.29	    0.14595	-9.7531e+92	-9.7531e+92	  0.0010889	 2.1402e-06	     0.0000	     0.0000	 2.1506e-05	     0.0000	
24	3	 2.5967e-07	 1.5455e-07	     270.69	   0.054855	-9.7531e+92	-9.7531e+92	 0.00028843	 1.8015e-06	     0.0000	     0.0000	 1.6246e-05	     0.0000	
24	4	 1.1300e-06	 6.7254e-07	     253.16	   0.071301	-9.7531e+92	-9.7531e+92	  0.0012575	 1.8319e-06	     0.0000	     0.0000	 1.5977e-05	     0.0000	
24	5	 0.00098372	 0.00058550	     106.34	     1.3165	-9.7531e+92	-9.7531e+92	  0.0032405	 3.0099e-05	     0.0000	     0.0000	 0.00023630	     0.0000	
24	6	   0.011583	  0.0068942	     108.13	     1.2674	-9.7531e+92	-9.7531e+92	   0.013948	 0.00029468	     0.0000	     0.0000	  0.0027551	     0.0000	
24	7	   0.019436	   0.011568	     84.614	     1.9834	-9.7531e+92	-9.7531e+92	   0.015146	 0.00050156	     0.0000	     0.0000	  0.0047739	     0.0000	
24	8	  0.0031645	  0.0018835	     77.960	     2.1908	-9.7531e+92	-9.7531e+92	 0.00058753	 8.5544e-05	 0.00029128	     0.0000	 0.00083325	     0.0000	
24	9	 0.00057256	 0.00034078	     149.07	    0.50520	-9.7531e+92	-9.7531e+92	   0.011005	 1.6415e-05	     0.0000	     0.0000	 0.00015006	     0.0000	
24	10	 0.00014076	 8.3782e-05	     102.71	     1.4197	-9.7531e+92	-9.7531e+92	 4.1130e-05	 5.6121e-06	 5.3271e-07	     0.0000	 5.6689e-05	     0.0000	
24	11	  0.0014037	 0.00083548	     56.094	     2.7297	-9.7531e+92	-9.7531e+92	 0.00024771	 3.8286e-05	 0.00016463	     0.0000	 0.00042172	     0.0000	
24	12	 8.4025e-06	 5.0011e-06	     132.31	    0.73810	-9.7531e+92	-9.7531e+92	 2.2667e-05	 2.0525e-06	     0.0000	     0.0000	 1.7322e-05	     0.0000	
24	13	   0.053383	   0.031774	     142.21	    0.58941	-9.7531e+92	-9.7531e+92	   0.018896	  0.0013429	     0.0000	     0.0000	   0.013727	     0.0000	
24	14	   0.090668	   0.053965	     150.00	    0.49487	-9.7531e+92	-9.7531e+92	   0.025339	  0.0017530	     0.0000	     0.0000	   0.021309	     0.0000	
24	15	 1.2005e-05	 7.1453e-06	     189.75	    0.21485	-9.7531e+92	-9.7531e+92	 0.00038316	 2.1271e-06	     0.0000	     0.0000	 1.8101e-05	     0.0000	
24	16	 1.2128e-12	 7.2186e-13	     177.80	    0.27291	-9.7531e+92	-9.7531e+92	 2.1036e-05	 1.8820e-06	     0.0000	     0.0000	 1.4726e-05	     0.0000	
24	17	 1.4669e-12	 8.7312e-13	     325.25	   0.026569	-9.7531e+92	-9.7531e+92	 6.8764e-05	 1.9428e-06	     0.0000	     0.0000	 1.4449e-05	     0.0000	
24	18	    0.30633	    0.18233	     74.739	     2.2865	-9.7531e+92	-9.7531e+92	   0.056938	  0.0069551	  0.0079233	     0.0000	   0.070511	     0.0000	
24	19	 4.1568e-06	 2.4741e-06	     150.08	    0.49393	-9.7531e+92	-9.7531e+92	 2.7294e-05	 1.9601e-06	     0.0000	     0.0000	 1.6149e-05	     0.0000	
24	20	 3.9786e-05	 2.3680e-05	     121.85	    0.93617	-9.7531e+92	-9.7531e+92	 6.1407e-05	 2.8935e-06	     0.0000	     0.0000	 2.4475e-05	     0.0000	
24	21	   0.068866	   0.040989	     85.071	     1.9688	-9.7531e+92	-9.7531e+92	   0.018217	  0.0017024	     0.0000	     0.0000	   0.017043	     0.0000	
24	22	 1.8837e-13	 1.1211e-13	     237.89	   0.090842	-9.7531e+92	-9.7531e+92	 4.1130e-05	 1.9248e-06	     0.0000	     0.0000	 1.4674e-05	     0.0000	
24	23	  0.0078931	  0.0046979	     40.708	     2.9198	-9.7531e+92	-9.7531e+92	  0.0022306	 0.00020674	     0.0000	     0.0000	  0.0020137	     0.0000	
24	24	     0.0000	     0.0000	     0.0000	     3.0000	-9.7531e+92	-9.7531e+92	    0.29781	     0.0000	    0.29707	     0.0000	     0.0000	     0.0000	
