#source	Target	value	weight	distance	potential1	geneCorrelation	separation	influenceWeight	betweenness	influence'Weight	betweenness'	nbetweenness	nbetweenness'	
0	0	     0.0000	     0.0000	     0.0000	     3.0000	-9.7531e+92	-9.7531e+92	     3.8418	     0.0000	     2.7555	     0.0000	     0.0000	     0.0000	
0	1	   0.099321	    0.71403	     35.562	     2.9528	-9.7531e+92	-9.7531e+92	    0.37739	    0.13658	     0.0000	 0.00018411	     1.6600	  0.0022495	
0	2	  0.0045908	   0.033004	     211.35	    0.14318	-9.7531e+92	-9.7531e+92	    0.23715	  0.0072188	     0.0000	  -0.068395	   0.084268	  -0.088506	
0	3	 5.4471e-05	 0.00039160	     273.88	   0.052386	-9.7531e+92	-9.7531e+92	   0.021804	 0.00016556	     0.0000	-0.00093111	  0.0020696	  -0.019474	
0	4	 5.0790e-08	 3.6514e-07	     281.58	   0.046977	-9.7531e+92	-9.7531e+92	  0.0089252	 0.00011872	     0.0000	  -0.017864	  0.0012032	 -0.0075570	
0	5	  0.0023270	   0.016729	     169.69	    0.32292	-9.7531e+92	-9.7531e+92	   0.010180	  0.0040660	     0.0000	-0.00032315	   0.042487	 -0.0011160	
0	6	    0.21781	     1.5658	     105.31	     1.3454	-9.7531e+92	-9.7531e+92	    0.44718	    0.39160	   0.092629	    0.42591	     3.8067	    0.19692	
0	7	   0.026545	    0.19083	     80.265	     2.1201	-9.7531e+92	-9.7531e+92	    0.10939	   0.044170	     0.0000	-0.00042144	    0.47771	 -0.0089849	
0	8	 6.5408e-05	 0.00047023	     172.11	    0.30693	-9.7531e+92	-9.7531e+92	 0.00069550	 0.00024017	     0.0000	-0.00015730	  0.0023022	-0.00012554	
0	9	   0.087790	    0.63113	     86.890	     1.9108	-9.7531e+92	-9.7531e+92	    0.49458	    0.12015	     0.0000	     0.0000	     1.5743	  -0.084269	
0	10	 1.4360e-15	 1.0323e-14	     210.64	    0.14503	-9.7531e+92	-9.7531e+92	 0.00024314	 0.00012687	     0.0000	-8.5472e-06	  0.0011515	-3.0407e-06	
0	11	 4.1689e-06	 2.9971e-05	     167.10	    0.34103	-9.7531e+92	-9.7531e+92	 0.00028163	 0.00012284	     0.0000	-1.4153e-05	  0.0012876	-1.4178e-05	
0	12	 4.8008e-13	 3.4513e-12	     226.76	    0.10933	-9.7531e+92	-9.7531e+92	 0.00025079	 0.00013163	     0.0000	-3.7807e-05	  0.0011208	-1.2059e-05	
0	13	    0.11043	    0.79390	     86.013	     1.9388	-9.7531e+92	-9.7531e+92	    0.43350	    0.13714	     0.0000	     0.0000	     1.5971	  -0.032334	
0	14	   0.088081	    0.63323	     114.85	     1.0949	-9.7531e+92	-9.7531e+92	    0.37643	   0.076956	     0.0000	     0.0000	    0.70176	     0.0000	
0	15	 0.00015283	  0.0010987	     189.51	    0.21584	-9.7531e+92	-9.7531e+92	   0.010626	 0.00037468	     0.0000	  -0.010652	  0.0038813	 -0.0083118	
0	16	 5.5744e-13	 4.0075e-12	     217.18	    0.12904	-9.7531e+92	-9.7531e+92	 0.00027875	 0.00012137	     0.0000	-6.5810e-05	  0.0011430	-3.5749e-05	
0	17	 6.2936e-14	 4.5245e-13	     353.56	   0.019078	-9.7531e+92	-9.7531e+92	 0.00040640	 0.00012673	     0.0000	 -0.0010923	  0.0011210	-0.00028172	
0	18	    0.27381	     1.9684	     116.29	     1.0606	-9.7531e+92	-9.7531e+92	    0.63083	    0.44658	     0.0000	   0.046165	     4.9754	    0.20618	
0	19	 1.0742e-13	 7.7228e-13	     234.49	   0.096052	-9.7531e+92	-9.7531e+92	 0.00079763	 0.00012688	     0.0000	-0.00095030	  0.0011373	-0.00057144	
0	20	 2.5224e-13	 1.8134e-12	     206.61	    0.15606	-9.7531e+92	-9.7531e+92	 0.00035424	 0.00012854	     0.0000	-0.00022612	  0.0011349	-0.00010405	
0	21	   0.084798	    0.60962	     39.458	     2.9290	-9.7531e+92	-9.7531e+92	    0.17454	    0.13374	   0.035748	 0.00071838	     1.5441	   0.076628	
0	22	 1.2668e-13	 9.1075e-13	     321.47	   0.027830	-9.7531e+92	-9.7531e+92	 0.00049654	 0.00012925	     0.0000	 -0.0014437	  0.0011211	-0.00043250	
0	23	  0.0020731	   0.014904	     119.13	    0.99543	-9.7531e+92	-9.7531e+92	  0.0052912	  0.0032351	     0.0000	 1.3741e-05	   0.041853	  0.0014919	
0	24	  0.0021554	   0.015496	     123.34	    0.90511	-9.7531e+92	-9.7531e+92	  0.0049578	  0.0042782	 0.00068480	  0.0042641	   0.037880	  0.0018906	
1	0	    0.10151	    0.66626	     35.562	     2.9528	-9.7531e+92	-9.7531e+92	    0.44391	   0.076332	     0.0000	     0.0000	    0.30093	     0.0000	
1	1	     0.0000	     0.0000	     0.0000	     3.0000	-9.7531e+92	-9.7531e+92	     3.4578	     0.0000	     2.8184	     0.0000	     0.0000	     0.0000	
1	2	  0.0031520	   0.020688	     184.62	    0.23778	-9.7531e+92	-9.7531e+92	    0.14189	  0.0031551	     0.0000	     0.0000	   0.017067	     0.0000	
1	3	 0.00011424	 0.00074984	     244.14	   0.082134	-9.7531e+92	-9.7531e+92	   0.014462	 0.00018656	     0.0000	     0.0000	  0.0010039	     0.0000	
1	4	 1.7309e-06	 1.1361e-05	     272.02	   0.053810	-9.7531e+92	-9.7531e+92	  0.0055905	 7.6147e-05	     0.0000	     0.0000	 0.00034601	     0.0000	
1	5	  0.0022041	   0.014466	     161.91	    0.38106	-9.7531e+92	-9.7531e+92	   0.010181	  0.0022770	     0.0000	     0.0000	   0.011097	     0.0000	
1	6	   0.062101	    0.40760	     96.519	     1.6061	-9.7531e+92	-9.7531e+92	    0.17476	   0.067463	     0.0000	     0.0000	    0.28147	     0.0000	
1	7	    0.12689	    0.83285	     75.481	     2.2648	-9.7531e+92	-9.7531e+92	    0.25904	    0.12362	   0.034340	     0.0000	    0.64296	     0.0000	
1	8	 1.5215e-05	 9.9862e-05	     184.58	    0.23797	-9.7531e+92	-9.7531e+92	 0.00051707	 8.6074e-05	     0.0000	     0.0000	 0.00038613	     0.0000	
1	9	    0.12692	    0.83301	     55.376	     2.7421	-9.7531e+92	-9.7531e+92	    0.52550	    0.10360	     0.0000	     0.0000	    0.63303	     0.0000	
1	10	 2.0620e-13	 1.3534e-12	     228.04	    0.10699	-9.7531e+92	-9.7531e+92	 0.00022186	 7.3608e-05	     0.0000	     0.0000	 0.00029763	     0.0000	
1	11	 1.4741e-12	 9.6750e-12	     185.20	    0.23505	-9.7531e+92	-9.7531e+92	 0.00024492	 6.5589e-05	     0.0000	     0.0000	 0.00037867	     0.0000	
1	12	 2.5639e-12	 1.6828e-11	     231.78	    0.10046	-9.7531e+92	-9.7531e+92	 0.00022876	 7.4541e-05	     0.0000	     0.0000	 0.00029277	     0.0000	
1	13	    0.22527	     1.4786	     57.043	     2.7128	-9.7531e+92	-9.7531e+92	    0.56396	    0.17634	     0.0000	     0.0000	    0.87292	     0.0000	
1	14	    0.19058	     1.2509	     88.839	     1.8485	-9.7531e+92	-9.7531e+92	    0.50085	    0.15654	     0.0000	     0.0000	    0.88070	     0.0000	
1	15	 0.00082603	  0.0054217	     167.83	    0.33581	-9.7531e+92	-9.7531e+92	  0.0096020	 0.00097282	     0.0000	     0.0000	  0.0040353	     0.0000	
1	16	 8.5729e-13	 5.6268e-12	     207.46	    0.15366	-9.7531e+92	-9.7531e+92	 0.00024309	 7.5613e-05	     0.0000	     0.0000	 0.00026588	     0.0000	
1	17	 2.0529e-14	 1.3474e-13	     342.57	   0.021626	-9.7531e+92	-9.7531e+92	 0.00032405	 7.8367e-05	     0.0000	     0.0000	 0.00025532	     0.0000	
1	18	    0.12552	    0.82387	     111.77	     1.1715	-9.7531e+92	-9.7531e+92	    0.36405	   0.093229	     0.0000	     0.0000	    0.40280	     0.0000	
1	19	 8.8172e-13	 5.7871e-12	     226.57	    0.10968	-9.7531e+92	-9.7531e+92	 0.00069020	 7.2370e-05	     0.0000	     0.0000	 0.00030082	     0.0000	
1	20	 2.6284e-12	 1.7252e-11	     199.20	    0.17914	-9.7531e+92	-9.7531e+92	 0.00032330	 7.3527e-05	     0.0000	     0.0000	 0.00029666	     0.0000	
1	21	   0.032775	    0.21512	     57.297	     2.7081	-9.7531e+92	-9.7531e+92	   0.082027	   0.028652	     0.0000	     0.0000	    0.18649	     0.0000	
1	22	 7.0086e-12	 4.6001e-11	     312.59	   0.031097	-9.7531e+92	-9.7531e+92	 0.00038341	 7.7568e-05	     0.0000	     0.0000	 0.00026791	     0.0000	
1	23	  0.0017876	   0.011733	     132.72	    0.73117	-9.7531e+92	-9.7531e+92	  0.0044561	  0.0017839	     0.0000	     0.0000	   0.010196	     0.0000	
1	24	 0.00033371	  0.0021903	     142.19	    0.58963	-9.7531e+92	-9.7531e+92	  0.0016332	 0.00040197	     0.0000	     0.0000	  0.0020368	     0.0000	
2	0	  0.0035439	   0.011513	     211.35	    0.14318	-9.7531e+92	-9.7531e+92	    0.16046	  0.0031829	     0.0000	  -0.050946	 -0.0064302	    0.28917	
2	1	   0.018978	   0.061654	     184.62	    0.23778	-9.7531e+92	-9.7531e+92	   0.078358	   0.018369	     0.0000	  -0.017662	  -0.012642	    0.16083	
2	2	     0.0000	     0.0000	     0.0000	     3.0000	-9.7531e+92	-9.7531e+92	     1.6977	     0.0000	     1.4431	     0.0000	     0.0000	     0.0000	
2	3	    0.14829	    0.48176	     63.167	     2.5880	-9.7531e+92	-9.7531e+92	    0.14142	    0.13692	   0.088452	    0.62364	   -0.42597	   -0.33024	
2	4	   0.066214	    0.21511	     91.235	     1.7721	-9.7531e+92	-9.7531e+92	   0.060240	   0.053082	   0.039336	    0.25112	   -0.21459	   -0.16640	
2	5	  0.0054992	   0.017866	     120.45	    0.96633	-9.7531e+92	-9.7531e+92	  0.0071446	  0.0058149	     0.0000	  0.0016653	  -0.017116	 -0.0062692	
2	6	  0.0043954	   0.014280	     118.53	     1.0087	-9.7531e+92	-9.7531e+92	   0.032454	  0.0025647	     0.0000	-0.00045902	  0.0036957	 -0.0034985	
2	7	 0.00022979	 0.00074655	     153.12	    0.46179	-9.7531e+92	-9.7531e+92	   0.025346	 0.00032719	     0.0000	 -0.0041241	 -0.0010341	   0.096779	
2	8	 2.7012e-06	 8.7756e-06	     174.51	    0.29198	-9.7531e+92	-9.7531e+92	 0.00025795	 7.8943e-05	     0.0000	-0.00055010	-0.00026081	 0.00049514	
2	9	  0.0031759	   0.010318	     133.64	    0.71608	-9.7531e+92	-9.7531e+92	    0.13400	  0.0030966	     0.0000	     0.0000	  -0.010044	    0.43366	
2	10	 5.0154e-13	 1.6294e-12	     213.20	    0.13850	-9.7531e+92	-9.7531e+92	 0.00011065	 7.8019e-05	     0.0000	-1.8898e-05	-0.00027192	 7.7447e-06	
2	11	 3.1647e-13	 1.0281e-12	     197.83	    0.18388	-9.7531e+92	-9.7531e+92	 0.00011883	 7.6463e-05	     0.0000	-4.1973e-05	-0.00026768	 4.8265e-05	
2	12	 3.8687e-13	 1.2568e-12	     181.48	    0.25322	-9.7531e+92	-9.7531e+92	 0.00012119	 7.7390e-05	     0.0000	-8.3594e-05	-0.00025753	 3.0686e-05	
2	13	    0.38905	     1.2639	     127.66	    0.82064	-9.7531e+92	-9.7531e+92	    0.38943	    0.34226	     0.0000	     0.0000	   -0.73624	   -0.50851	
2	14	    0.26158	    0.84981	     97.273	     1.5829	-9.7531e+92	-9.7531e+92	    0.34938	    0.20700	     0.0000	   0.071519	    -1.0199	   -0.27254	
2	15	   0.050125	    0.16284	     21.827	     2.9932	-9.7531e+92	-9.7531e+92	   0.050141	   0.046364	   0.026401	    0.13794	   -0.11887	   -0.12161	
2	16	 0.00027258	 0.00088554	     68.097	     2.4691	-9.7531e+92	-9.7531e+92	 0.00037857	 0.00033006	 6.1927e-05	  0.0010771	-0.00056487	-0.00071786	
2	17	 6.9832e-08	 2.2687e-07	     160.64	    0.39167	-9.7531e+92	-9.7531e+92	  0.0012170	 6.7645e-05	 0.00021319	 -0.0022241	-0.00016869	 0.00071492	
2	18	   0.047950	    0.15578	     137.27	    0.65930	-9.7531e+92	-9.7531e+92	    0.10497	   0.050585	     0.0000	  -0.031757	   -0.10375	    0.13663	
2	19	 0.00065751	  0.0021361	     139.30	    0.62950	-9.7531e+92	-9.7531e+92	  0.0016564	 0.00076747	     0.0000	 0.00069197	 -0.0021014	-0.00048465	
2	20	 2.7551e-05	 8.9506e-05	     139.77	    0.62284	-9.7531e+92	-9.7531e+92	 0.00027409	 0.00010512	     0.0000	-0.00034528	-0.00031950	 0.00018081	
2	21	 5.6797e-06	 1.8452e-05	     197.19	    0.18609	-9.7531e+92	-9.7531e+92	   0.010598	 7.9144e-05	     0.0000	-0.00046700	-0.00025232	   0.054904	
2	22	 4.1820e-06	 1.3586e-05	     161.29	    0.38622	-9.7531e+92	-9.7531e+92	  0.0017617	 6.9181e-05	 0.00033839	 -0.0028819	-0.00014028	  0.0010766	
2	23	 6.6482e-07	 2.1598e-06	     168.40	    0.33177	-9.7531e+92	-9.7531e+92	 0.00053997	 7.6021e-05	     0.0000	-1.8673e-05	-0.00026254	  0.0023090	
2	24	 4.5393e-13	 1.4747e-12	     210.29	    0.14595	-9.7531e+92	-9.7531e+92	 0.00038874	 7.9085e-05	     0.0000	 -0.0030635	-0.00027559	  0.0015486	
3	0	 0.00049355	  0.0016985	     273.88	   0.052386	-9.7531e+92	-9.7531e+92	    0.26258	 0.00021458	     0.0000	   -0.26631	 -0.0041636	    0.99179	
3	1	  0.0010552	  0.0036312	     244.14	   0.082134	-9.7531e+92	-9.7531e+92	   0.067105	 0.00044357	     0.0000	  -0.049737	 -0.0085715	    0.65772	
3	2	   0.056520	    0.19451	     63.167	     2.5880	-9.7531e+92	-9.7531e+92	    0.13911	   0.016084	     0.0000	  -0.021445	   -0.59910	    0.19604	
3	3	     0.0000	     0.0000	     0.0000	     3.0000	-9.7531e+92	-9.7531e+92	     1.7377	     0.0000	     1.6816	     0.0000	     0.0000	     0.0000	
3	4	   0.030972	    0.10659	     82.606	     2.0469	-9.7531e+92	-9.7531e+92	   0.032311	  0.0075213	   0.010167	    0.10322	   -0.31840	   -0.21785	
3	5	 0.00048468	  0.0016680	     167.87	    0.33554	-9.7531e+92	-9.7531e+92	  0.0027438	 0.00022762	     0.0000	 -0.0048070	 -0.0056471	   0.024843	
3	6	 4.1165e-05	 0.00014166	     180.81	    0.25667	-9.7531e+92	-9.7531e+92	   0.040666	 3.9086e-05	     0.0000	   -0.47916	 -0.0010883	    0.44117	
3	7	 2.1974e-07	 7.5622e-07	     215.68	    0.13250	-9.7531e+92	-9.7531e+92	   0.022557	 2.8197e-05	     0.0000	 -0.0095197	-0.00069698	    0.30631	
3	8	 7.1920e-13	 2.4750e-12	     221.29	    0.12010	-9.7531e+92	-9.7531e+92	 0.00021888	 2.8661e-05	     0.0000	 -0.0012813	-0.00070792	  0.0015766	
3	9	 0.00015131	 0.00052072	     191.41	    0.20802	-9.7531e+92	-9.7531e+92	   0.079455	 8.3259e-05	     0.0000	     0.0000	 -0.0022119	     1.3952	
3	10	 2.4128e-13	 8.3033e-13	     258.79	   0.065432	-9.7531e+92	-9.7531e+92	 0.00011642	 2.8871e-05	     0.0000	-4.3331e-05	-0.00071983	 2.4214e-05	
3	11	 7.2820e-14	 2.5060e-13	     244.71	   0.081388	-9.7531e+92	-9.7531e+92	 0.00012407	 2.8780e-05	     0.0000	-9.6236e-05	-0.00071853	 0.00015096	
3	12	 5.3733e-13	 1.8491e-12	     227.10	    0.10870	-9.7531e+92	-9.7531e+92	 0.00012165	 2.8677e-05	     0.0000	-0.00019167	-0.00071635	 9.5951e-05	
3	13	  0.0032037	   0.011025	     188.65	    0.21955	-9.7531e+92	-9.7531e+92	    0.10419	  0.0012300	     0.0000	     0.0000	  -0.025230	    0.89555	
3	14	    0.89883	     3.0932	     161.01	    0.38854	-9.7531e+92	-9.7531e+92	    0.83980	    0.33572	    0.37033	     1.0000	    -7.4998	    -5.4670	
3	15	  0.0066363	   0.022838	     84.108	     1.9994	-9.7531e+92	-9.7531e+92	   0.014949	  0.0019244	     0.0000	-0.00028835	  -0.058819	  0.0046957	
3	16	 7.2653e-05	 0.00025003	     111.94	     1.1671	-9.7531e+92	-9.7531e+92	 0.00021351	 4.7058e-05	     0.0000	 0.00016402	 -0.0010849	-0.00028524	
3	17	 0.00014876	 0.00051193	     122.41	    0.92444	-9.7531e+92	-9.7531e+92	 0.00083345	 5.5877e-05	     0.0000	-0.00064309	 -0.0012359	 0.00044563	
3	18	  0.0013756	  0.0047341	     199.21	    0.17912	-9.7531e+92	-9.7531e+92	   0.079613	 0.00058279	     0.0000	   -0.13609	  -0.013489	    0.81702	
3	19	 7.0083e-06	 2.4118e-05	     184.07	    0.24039	-9.7531e+92	-9.7531e+92	 0.00069650	 3.0245e-05	     0.0000	 -0.0045282	-0.00076946	  0.0044134	
3	20	 7.1690e-07	 2.4671e-06	     185.64	    0.23299	-9.7531e+92	-9.7531e+92	 0.00019571	 2.8466e-05	     0.0000	 -0.0011322	-0.00071236	 0.00081167	
3	21	 1.4924e-12	 5.1357e-12	     259.71	   0.064522	-9.7531e+92	-9.7531e+92	   0.013629	 2.8196e-05	     0.0000	 -0.0010711	-0.00069547	    0.17263	
3	22	 4.6546e-06	 1.6018e-05	     164.94	    0.35711	-9.7531e+92	-9.7531e+92	  0.0010118	 2.2659e-05	     0.0000	 -0.0038372	-0.00059063	  0.0026623	
3	23	 1.5110e-12	 5.1999e-12	     228.38	    0.10637	-9.7531e+92	-9.7531e+92	 0.00058973	 2.8680e-05	     0.0000	-4.2850e-05	-0.00071428	  0.0072351	
3	24	 3.0709e-13	 1.0568e-12	     270.69	   0.054855	-9.7531e+92	-9.7531e+92	 0.00047195	 2.9057e-05	     0.0000	 -0.0070240	-0.00071620	  0.0048476	
4	0	 0.00098512	  0.0021610	     281.58	   0.046977	-9.7531e+92	-9.7531e+92	   0.077844	 0.00016395	     0.0000	   -0.10075	 -0.0066372	    0.85694	
4	1	 0.00039782	 0.00087269	     272.02	   0.053810	-9.7531e+92	-9.7531e+92	   0.028538	 7.4835e-05	     0.0000	  -0.019057	 -0.0029898	    0.56708	
4	2	    0.29742	    0.65243	     91.235	     1.7721	-9.7531e+92	-9.7531e+92	    0.21002	   0.035966	   0.038128	    0.19153	    -2.3457	    -1.5186	
4	3	    0.22768	    0.49945	     82.606	     2.0469	-9.7531e+92	-9.7531e+92	    0.16553	   0.032933	    0.12976	    0.79354	    -1.7303	    -1.4021	
4	4	     0.0000	     0.0000	     0.0000	     3.0000	-9.7531e+92	-9.7531e+92	     1.1172	     0.0000	     1.1030	     0.0000	     0.0000	     0.0000	
4	5	   0.011449	   0.025115	     147.08	    0.52816	-9.7531e+92	-9.7531e+92	   0.010506	  0.0019474	  0.0031786	  0.0051542	  -0.090898	  -0.057364	
4	6	 0.00013079	 0.00028691	     179.35	    0.26441	-9.7531e+92	-9.7531e+92	   0.013862	 2.9531e-05	     0.0000	   -0.17253	 -0.0015459	    0.34676	
4	7	 2.4780e-05	 5.4360e-05	     209.16	    0.14897	-9.7531e+92	-9.7531e+92	  0.0091369	 1.5676e-05	     0.0000	 -0.0036203	-0.00072948	    0.24133	
4	8	 1.0092e-05	 2.2138e-05	     186.41	    0.22946	-9.7531e+92	-9.7531e+92	 0.00046069	 1.3396e-05	     0.0000	-0.00045650	-0.00062020	  0.0011652	
4	9	 3.0826e-05	 6.7623e-05	     223.28	    0.11603	-9.7531e+92	-9.7531e+92	   0.043155	 1.5200e-05	     0.0000	     0.0000	-0.00076377	     1.1074	
4	10	 6.1752e-12	 1.3546e-11	     204.61	    0.16194	-9.7531e+92	-9.7531e+92	 8.4709e-05	 1.1678e-05	     0.0000	-1.6345e-05	-0.00054330	 1.8928e-05	
4	11	 1.2866e-12	 2.8224e-12	     218.09	    0.12699	-9.7531e+92	-9.7531e+92	 8.5272e-05	 1.1693e-05	     0.0000	-3.6589e-05	-0.00054496	 0.00011809	
4	12	 6.6487e-07	 1.4585e-06	     165.11	    0.35583	-9.7531e+92	-9.7531e+92	 0.00016299	 1.1619e-05	     0.0000	-6.6946e-05	-0.00054120	 7.0220e-05	
4	13	   0.025684	   0.056341	     217.30	    0.12878	-9.7531e+92	-9.7531e+92	   0.088166	  0.0039765	     0.0000	     0.0000	   -0.16532	    0.64043	
4	14	    0.14072	    0.30870	     184.55	    0.23808	-9.7531e+92	-9.7531e+92	    0.21019	   0.021462	     0.0000	  0.0020642	   -0.95589	  -0.024976	
4	15	    0.16068	    0.35247	     106.18	     1.3210	-9.7531e+92	-9.7531e+92	   0.096761	   0.023702	   0.080731	    0.32828	    -1.2245	    -1.0479	
4	16	 0.00086578	  0.0018992	     75.439	     2.2661	-9.7531e+92	-9.7531e+92	 0.00061257	 0.00014091	 0.00039876	  0.0023648	 -0.0063735	 -0.0051078	
4	17	   0.035904	   0.078762	     73.525	     2.3215	-9.7531e+92	-9.7531e+92	   0.020428	  0.0041647	   0.019751	    0.14000	   -0.17410	   -0.14659	
4	18	   0.023099	   0.050672	     186.18	    0.23049	-9.7531e+92	-9.7531e+92	   0.049169	  0.0038083	     0.0000	  -0.040560	   -0.17114	    0.51800	
4	19	   0.020738	   0.045494	     119.82	    0.98008	-9.7531e+92	-9.7531e+92	   0.014445	  0.0032726	   0.013223	   0.062081	   -0.15574	   -0.13641	
4	20	  0.0013623	  0.0029884	     135.08	    0.69295	-9.7531e+92	-9.7531e+92	  0.0016182	 0.00023928	  0.0012760	  0.0058876	  -0.011247	 -0.0090718	
4	21	 4.8649e-12	 1.0672e-11	     253.96	   0.070430	-9.7531e+92	-9.7531e+92	  0.0045457	 1.1470e-05	     0.0000	-0.00040762	-0.00053243	    0.13607	
4	22	   0.052827	    0.11589	     82.638	     2.0459	-9.7531e+92	-9.7531e+92	   0.030524	  0.0059985	   0.029563	    0.16346	   -0.27611	   -0.23501	
4	23	 3.3046e-13	 7.2493e-13	     212.30	    0.14074	-9.7531e+92	-9.7531e+92	 0.00027035	 1.1655e-05	     0.0000	-1.6307e-05	-0.00054266	  0.0056677	
4	24	 5.1921e-12	 1.1390e-11	     253.16	   0.071301	-9.7531e+92	-9.7531e+92	 0.00019798	 1.1802e-05	     0.0000	 -0.0026731	-0.00054356	  0.0037967	
5	0	   0.047844	   0.058287	     169.69	    0.32292	-9.7531e+92	-9.7531e+92	   0.067434	  0.0064275	     0.0000	  -0.068089	   -0.46704	    0.95034	
5	1	   0.075878	   0.092439	     161.91	    0.38106	-9.7531e+92	-9.7531e+92	   0.051404	   0.010314	     0.0000	 -0.0040615	   -0.75659	    0.20274	
5	2	   0.051131	   0.062291	     120.45	    0.96633	-9.7531e+92	-9.7531e+92	   0.041675	  0.0070834	     0.0000	  -0.047399	   -0.56461	    0.28270	
5	3	   0.011811	   0.014389	     167.87	    0.33554	-9.7531e+92	-9.7531e+92	  0.0080388	  0.0017440	     0.0000	  -0.018044	   -0.12974	   0.045884	
5	4	  0.0019033	  0.0023188	     147.08	    0.52816	-9.7531e+92	-9.7531e+92	  0.0027998	 0.00027492	     0.0000	  -0.022492	  -0.022369	   0.047788	
5	5	     0.0000	     0.0000	     0.0000	     3.0000	-9.7531e+92	-9.7531e+92	    0.61248	     0.0000	    0.60841	     0.0000	     0.0000	     0.0000	
5	6	   0.051439	   0.062666	     72.218	     2.3585	-9.7531e+92	-9.7531e+92	   0.027742	  0.0075294	     0.0000	   0.010032	   -0.60313	  -0.023209	
5	7	   0.020905	   0.025468	     89.752	     1.8194	-9.7531e+92	-9.7531e+92	   0.016721	  0.0029816	     0.0000	     0.0000	   -0.24310	    0.14577	
5	8	   0.014556	   0.017733	     54.235	     2.7611	-9.7531e+92	-9.7531e+92	  0.0048155	  0.0018059	  0.0045236	   0.016993	   -0.15594	   -0.14419	
5	9	  0.0057834	  0.0070456	     134.70	    0.69890	-9.7531e+92	-9.7531e+92	   0.057756	 0.00078841	     0.0000	     0.0000	  -0.067573	     1.6691	
5	10	 1.8352e-05	 2.2357e-05	     93.726	     1.6933	-9.7531e+92	-9.7531e+92	 6.2319e-05	 1.0794e-05	     0.0000	 5.6566e-05	-0.00087907	-0.00015253	
5	11	 0.00039000	 0.00047513	     77.490	     2.2050	-9.7531e+92	-9.7531e+92	 0.00020186	 6.1700e-05	 0.00010073	 0.00041069	 -0.0049728	 -0.0038315	
5	12	 0.00020338	 0.00024777	     80.590	     2.1100	-9.7531e+92	-9.7531e+92	 0.00019120	 2.8948e-05	 9.7350e-05	 0.00046723	 -0.0023676	 -0.0015696	
5	13	    0.24709	    0.30102	     125.66	    0.85869	-9.7531e+92	-9.7531e+92	    0.11007	   0.032915	     0.0000	     0.0000	    -2.4392	    -1.0296	
5	14	    0.24946	    0.30391	     108.09	     1.2686	-9.7531e+92	-9.7531e+92	    0.11129	   0.033927	     0.0000	   0.055084	    -2.5482	    -1.0886	
5	15	  0.0079356	  0.0096677	     104.94	     1.3557	-9.7531e+92	-9.7531e+92	  0.0046584	  0.0011731	     0.0000	  0.0019251	  -0.093239	 -0.0074996	
5	16	 6.8136e-05	 8.3007e-05	     71.546	     2.3771	-9.7531e+92	-9.7531e+92	 7.0139e-05	 1.9000e-05	     0.0000	 0.00011864	 -0.0014941	-0.00038943	
5	17	 4.1106e-13	 5.0077e-13	     219.60	    0.12368	-9.7531e+92	-9.7531e+92	 9.2986e-05	 9.9555e-06	     0.0000	 -0.0020292	-0.00079494	  0.0027218	
5	18	    0.15690	    0.19115	     53.346	     2.7752	-9.7531e+92	-9.7531e+92	   0.077089	   0.021857	     0.0000	   0.027977	    -1.7349	   -0.57574	
5	19	   0.045676	   0.055645	     64.874	     2.5486	-9.7531e+92	-9.7531e+92	   0.014629	  0.0046766	   0.013950	   0.032843	   -0.43416	   -0.40005	
5	20	  0.0081023	  0.0098707	     39.691	     2.9273	-9.7531e+92	-9.7531e+92	  0.0026768	  0.0010219	  0.0024867	   0.018525	  -0.088274	  -0.081489	
5	21	 0.00027990	 0.00034099	     132.91	    0.72808	-9.7531e+92	-9.7531e+92	  0.0047146	 5.1071e-05	     0.0000	-0.00039262	 -0.0040618	    0.20920	
5	22	 2.2642e-07	 2.7584e-07	     151.89	    0.47454	-9.7531e+92	-9.7531e+92	 0.00015270	 9.3363e-06	     0.0000	 -0.0023061	-0.00076764	  0.0040243	
5	23	  0.0025223	  0.0030728	     65.633	     2.5304	-9.7531e+92	-9.7531e+92	  0.0011440	 0.00038536	 0.00010255	 3.0013e-05	  -0.030679	  -0.019361	
5	24	 9.1722e-05	 0.00011174	     106.34	     1.3165	-9.7531e+92	-9.7531e+92	 0.00022860	 2.3858e-05	     0.0000	 -0.0021585	 -0.0018848	  0.0048839	
6	0	   0.052391	   0.052447	     105.31	     1.3454	-9.7531e+92	-9.7531e+92	   0.041573	   0.018552	     0.0000	     0.0000	    0.20678	     0.0000	
6	1	   0.032511	   0.032546	     96.519	     1.6061	-9.7531e+92	-9.7531e+92	   0.022792	   0.017167	     0.0000	 -0.0081408	    0.27680	   -0.10259	
6	2	    0.77683	    0.77766	     118.53	     1.0087	-9.7531e+92	-9.7531e+92	    0.20664	    0.49893	    0.12820	    0.79665	     7.6892	     1.0726	
6	3	 5.0612e-05	 5.0666e-05	     180.81	    0.25667	-9.7531e+92	-9.7531e+92	   0.017360	 7.4709e-05	  0.0010377	  -0.042917	  0.0011574	  -0.024941	
6	4	 2.1500e-05	 2.1523e-05	     179.35	    0.26441	-9.7531e+92	-9.7531e+92	  0.0073811	 6.2052e-05	 0.00093967	  -0.021923	 0.00086361	 -0.0096766	
6	5	  0.0035309	  0.0035346	     72.218	     2.3585	-9.7531e+92	-9.7531e+92	  0.0019260	  0.0023573	     0.0000	 0.00010506	   0.035647	 0.00037963	
6	6	     0.0000	     0.0000	     0.0000	     3.0000	-9.7531e+92	-9.7531e+92	    0.50785	     0.0000	    0.45848	     0.0000	     0.0000	     0.0000	
6	7	  0.0023385	  0.0023410	     34.871	     2.9563	-9.7531e+92	-9.7531e+92	  0.0059141	  0.0015969	     0.0000	 -0.0021543	   0.023449	  -0.048073	
6	8	 6.6187e-05	 6.6258e-05	     109.28	     1.2365	-9.7531e+92	-9.7531e+92	 8.4962e-05	 9.3480e-05	     0.0000	-0.00019229	  0.0012805	-0.00016081	
6	9	  0.0099365	  0.0099471	     62.827	     2.5956	-9.7531e+92	-9.7531e+92	   0.028621	  0.0057400	     0.0000	     0.0000	   0.098108	   -0.22633	
6	10	 7.0063e-09	 7.0138e-09	     153.37	    0.45919	-9.7531e+92	-9.7531e+92	 3.3934e-05	 4.8246e-05	     0.0000	-1.0497e-05	 0.00063560	-3.9168e-06	
6	11	 5.5700e-06	 5.5760e-06	     117.04	     1.0431	-9.7531e+92	-9.7531e+92	 3.7750e-05	 4.9763e-05	     0.0000	-1.5428e-05	 0.00069992	-1.6209e-05	
6	12	 2.4467e-09	 2.4493e-09	     152.49	    0.46823	-9.7531e+92	-9.7531e+92	 3.5828e-05	 4.8990e-05	     0.0000	-4.6543e-05	 0.00063263	-1.5571e-05	
6	13	   0.063250	   0.063318	     53.773	     2.7685	-9.7531e+92	-9.7531e+92	   0.068901	   0.034773	     0.0000	     0.0000	    0.59692	   -0.11566	
6	14	   0.043450	   0.043497	     41.508	     2.9135	-9.7531e+92	-9.7531e+92	   0.058970	   0.021446	     0.0000	     0.0000	    0.38628	   -0.14591	
6	15	 0.00066323	 0.00066394	     96.746	     1.5991	-9.7531e+92	-9.7531e+92	  0.0064261	 0.00050353	     0.0000	  -0.012174	  0.0070419	 -0.0099409	
6	16	 7.4903e-08	 7.4984e-08	     111.89	     1.1685	-9.7531e+92	-9.7531e+92	 6.6408e-05	 4.7836e-05	     0.0000	-8.0838e-05	 0.00063186	-4.6075e-05	
6	17	 3.9397e-14	 3.9439e-14	     251.72	   0.072906	-9.7531e+92	-9.7531e+92	 0.00016944	 4.9005e-05	     0.0000	 -0.0013450	 0.00062392	-0.00036381	
6	18	   0.013929	   0.013944	     36.723	     2.9464	-9.7531e+92	-9.7531e+92	   0.022507	  0.0088565	     0.0000	  -0.028912	    0.13746	   -0.13440	
6	19	 9.5029e-07	 9.5131e-07	     133.74	    0.71443	-9.7531e+92	-9.7531e+92	 0.00025830	 4.8633e-05	     0.0000	 -0.0011679	 0.00064570	-0.00073601	
6	20	 1.6676e-05	 1.6694e-05	     111.59	     1.1762	-9.7531e+92	-9.7531e+92	 6.5076e-05	 6.0582e-05	     0.0000	-0.00022653	 0.00079384	-0.00010927	
6	21	 0.00065917	 0.00065987	     78.899	     2.1621	-9.7531e+92	-9.7531e+92	  0.0027938	 0.00046660	     0.0000	-0.00025125	  0.0071472	  -0.028055	
6	22	 1.2203e-14	 1.2216e-14	     216.08	    0.13159	-9.7531e+92	-9.7531e+92	 0.00023704	 4.9183e-05	     0.0000	 -0.0017777	 0.00062654	-0.00055831	
6	23	 0.00023367	 0.00023392	     73.330	     2.3271	-9.7531e+92	-9.7531e+92	 0.00019609	 0.00019555	     0.0000	-7.3276e-06	  0.0029575	-0.00083409	
6	24	 0.00011948	 0.00011961	     108.13	     1.2674	-9.7531e+92	-9.7531e+92	 0.00013185	 0.00013472	     0.0000	 -0.0013204	  0.0017657	-0.00061379	
7	0	    0.10821	    0.11498	     80.265	     2.1201	-9.7531e+92	-9.7531e+92	   0.071732	   0.042720	     0.0000	 -0.0068651	    0.58790	  -0.024533	
7	1	   0.094862	    0.10079	     75.481	     2.2648	-9.7531e+92	-9.7531e+92	   0.054341	   0.027793	     0.0000	     0.0000	    0.27156	     0.0000	
7	2	  0.0038475	  0.0040881	     153.12	    0.46179	-9.7531e+92	-9.7531e+92	   0.017410	  0.0017923	     0.0000	  -0.031536	   0.023438	  -0.040923	
7	3	 9.6111e-06	 1.0212e-05	     215.68	    0.13250	-9.7531e+92	-9.7531e+92	  0.0019170	 3.6925e-05	     0.0000	  -0.015950	 0.00046188	 -0.0089367	
7	4	 1.9699e-05	 2.0932e-05	     209.16	    0.14897	-9.7531e+92	-9.7531e+92	 0.00072490	 4.3930e-05	     0.0000	 -0.0081295	 0.00051066	 -0.0034545	
7	5	   0.022077	   0.023458	     89.752	     1.8194	-9.7531e+92	-9.7531e+92	  0.0065481	   0.010561	  0.0029987	  0.0029115	    0.13115	   0.010116	
7	6	  0.0097721	   0.010383	     34.871	     2.9563	-9.7531e+92	-9.7531e+92	   0.015720	  0.0049407	     0.0000	  -0.045657	   0.056453	  -0.021246	
7	7	     0.0000	     0.0000	     0.0000	     3.0000	-9.7531e+92	-9.7531e+92	    0.54095	     0.0000	    0.50458	     0.0000	     0.0000	     0.0000	
7	8	 0.00011385	 0.00012098	     109.89	     1.2203	-9.7531e+92	-9.7531e+92	 0.00014263	 8.9347e-05	     0.0000	-3.9537e-05	  0.0010671	-3.1774e-05	
7	9	    0.47240	    0.50195	     64.406	     2.5596	-9.7531e+92	-9.7531e+92	    0.16198	    0.19581	     0.0000	     0.0000	     2.7997	    0.16897	
7	10	 5.2041e-08	 5.5296e-08	     153.29	    0.46001	-9.7531e+92	-9.7531e+92	 3.6158e-05	 3.4404e-05	     0.0000	-3.8243e-06	 0.00038095	-1.3708e-06	
7	11	 1.0919e-05	 1.1602e-05	     112.26	     1.1591	-9.7531e+92	-9.7531e+92	 4.3462e-05	 3.8084e-05	     0.0000	-2.8906e-06	 0.00045967	-2.9173e-06	
7	12	 3.7307e-08	 3.9641e-08	     158.06	    0.41430	-9.7531e+92	-9.7531e+92	 3.8256e-05	 3.4778e-05	     0.0000	-1.7197e-05	 0.00037864	-5.5264e-06	
7	13	    0.11071	    0.11763	     57.312	     2.7078	-9.7531e+92	-9.7531e+92	   0.068319	   0.040163	     0.0000	     0.0000	    0.51985	  -0.014566	
7	14	    0.10583	    0.11245	     65.464	     2.5345	-9.7531e+92	-9.7531e+92	   0.066547	   0.043188	     0.0000	 -0.0036330	    0.60308	  -0.017262	
7	15	 0.00090997	 0.00096689	     131.62	    0.74982	-9.7531e+92	-9.7531e+92	  0.0014679	 0.00049121	     0.0000	 -0.0043441	  0.0056204	 -0.0034107	
7	16	 2.1995e-08	 2.3371e-08	     137.28	    0.65913	-9.7531e+92	-9.7531e+92	 3.8662e-05	 3.4621e-05	     0.0000	-3.0020e-05	 0.00037437	-1.6433e-05	
7	17	 2.0972e-14	 2.2284e-14	     281.54	   0.047004	-9.7531e+92	-9.7531e+92	 4.9151e-05	 3.5404e-05	     0.0000	-0.00049864	 0.00036961	-0.00012956	
7	18	   0.060123	   0.063884	     38.248	     2.9371	-9.7531e+92	-9.7531e+92	   0.045564	   0.025244	     0.0000	 -0.0050672	    0.34514	  -0.022700	
7	19	 2.0534e-06	 2.1818e-06	     154.38	    0.44913	-9.7531e+92	-9.7531e+92	 0.00022754	 3.5040e-05	     0.0000	-0.00043199	 0.00039352	-0.00026160	
7	20	 7.1321e-05	 7.5782e-05	     126.68	    0.83907	-9.7531e+92	-9.7531e+92	 9.0329e-05	 7.0986e-05	     0.0000	-2.0937e-05	 0.00078959	-9.7034e-06	
7	21	  0.0085951	  0.0091327	     44.967	     2.8822	-9.7531e+92	-9.7531e+92	  0.0074504	  0.0038645	     0.0000	-5.3430e-05	   0.053122	 -0.0057355	
7	22	 1.6490e-13	 1.7521e-13	     241.36	   0.085874	-9.7531e+92	-9.7531e+92	 5.7419e-05	 3.5245e-05	     0.0000	-0.00065905	 0.00037281	-0.00019886	
7	23	  0.0019309	  0.0020517	     58.677	     2.6821	-9.7531e+92	-9.7531e+92	 0.00074885	 0.00095737	     0.0000	 5.5777e-06	   0.011953	 0.00060999	
7	24	 0.00050524	 0.00053684	     84.614	     1.9834	-9.7531e+92	-9.7531e+92	 0.00029473	 0.00028535	     0.0000	-2.7957e-05	  0.0033269	-1.2485e-05	
8	0	   0.016443	   0.011007	     172.11	    0.30693	-9.7531e+92	-9.7531e+92	   0.029707	 0.00055207	     0.0000	  -0.029917	  -0.065856	    0.53097	
8	1	   0.015083	   0.010096	     184.58	    0.23797	-9.7531e+92	-9.7531e+92	   0.022604	 0.00051610	     0.0000	 -0.0053292	  -0.061542	    0.33068	
8	2	  0.0017687	  0.0011840	     174.51	    0.29198	-9.7531e+92	-9.7531e+92	   0.010446	 6.3339e-05	     0.0000	  -0.045135	 -0.0081920	    0.33772	
8	3	 2.0613e-05	 1.3798e-05	     221.29	    0.12010	-9.7531e+92	-9.7531e+92	  0.0012642	 3.1288e-06	     0.0000	  -0.022195	-0.00038793	   0.071198	
8	4	 9.0529e-05	 6.0599e-05	     186.41	    0.22946	-9.7531e+92	-9.7531e+92	 0.00066457	 5.5547e-06	     0.0000	  -0.011115	-0.00072218	   0.028493	
8	5	    0.13880	   0.092913	     54.235	     2.7611	-9.7531e+92	-9.7531e+92	   0.024649	  0.0045116	   0.022413	   0.018202	   -0.64297	   -0.61959	
8	6	  0.0086029	  0.0057587	     109.28	     1.2365	-9.7531e+92	-9.7531e+92	  0.0075480	 0.00031010	     0.0000	  -0.065454	  -0.041048	    0.19034	
8	7	   0.017673	   0.011830	     109.89	     1.2203	-9.7531e+92	-9.7531e+92	  0.0083113	 0.00063092	     0.0000	-0.00052268	  -0.083837	   0.077231	
8	8	     0.0000	     0.0000	     0.0000	     3.0000	-9.7531e+92	-9.7531e+92	    0.33513	     0.0000	    0.33496	     0.0000	     0.0000	     0.0000	
8	9	 6.8422e-06	 4.5801e-06	     171.65	    0.30991	-9.7531e+92	-9.7531e+92	   0.035296	 2.4198e-06	     0.0000	     0.0000	-0.00034364	    0.73449	
8	10	 0.00046618	 0.00031205	     44.054	     2.8911	-9.7531e+92	-9.7531e+92	 0.00010850	 1.0753e-05	 6.2132e-05	 0.00032162	 -0.0012980	 -0.0011027	
8	11	   0.014271	  0.0095527	     32.525	     2.9668	-9.7531e+92	-9.7531e+92	  0.0024240	 0.00043488	  0.0023684	  0.0058833	  -0.058685	  -0.057537	
8	12	 0.00055413	 0.00037093	     55.069	     2.7473	-9.7531e+92	-9.7531e+92	 0.00015371	 1.7607e-05	 0.00010214	 0.00080525	 -0.0023963	 -0.0020677	
8	13	    0.12309	   0.082397	     162.59	    0.37553	-9.7531e+92	-9.7531e+92	   0.039996	  0.0040941	     0.0000	     0.0000	   -0.49667	   0.052918	
8	14	    0.20473	    0.13704	     146.54	    0.53466	-9.7531e+92	-9.7531e+92	   0.052904	  0.0068932	     0.0000	   0.011208	   -0.85453	   -0.28074	
8	15	 4.5189e-05	 3.0249e-05	     159.01	    0.40580	-9.7531e+92	-9.7531e+92	 0.00084433	 4.0285e-06	     0.0000	 -0.0068736	-0.00052832	   0.033569	
8	16	 4.8831e-08	 3.2687e-08	     112.87	     1.1438	-9.7531e+92	-9.7531e+92	 2.5366e-05	 2.4132e-06	     0.0000	-4.0840e-05	-0.00032186	 0.00014667	
8	17	 5.4217e-13	 3.6292e-13	     258.50	   0.065716	-9.7531e+92	-9.7531e+92	 3.4890e-05	 2.4150e-06	     0.0000	-0.00069275	-0.00032108	  0.0011522	
8	18	    0.35357	    0.23668	     75.421	     2.2666	-9.7531e+92	-9.7531e+92	   0.076190	   0.012052	  0.0082886	   0.042932	    -1.5848	    -1.1145	
8	19	   0.029577	   0.019798	     80.536	     2.1117	-9.7531e+92	-9.7531e+92	  0.0057344	 0.00091861	  0.0053617	   0.025943	   -0.13213	   -0.12799	
8	20	  0.0043756	  0.0029290	     51.987	     2.7958	-9.7531e+92	-9.7531e+92	 0.00092597	 0.00014238	 0.00082156	  0.0052173	  -0.020104	  -0.019152	
8	21	  0.0021244	  0.0014221	     132.38	    0.73687	-9.7531e+92	-9.7531e+92	  0.0025186	 7.8349e-05	     0.0000	-0.00011901	  -0.010358	   0.080044	
8	22	 7.3028e-09	 4.8884e-09	     168.70	    0.32968	-9.7531e+92	-9.7531e+92	 5.4723e-05	 2.3615e-06	     0.0000	-0.00087830	-0.00031799	  0.0017505	
8	23	   0.055227	   0.036968	     54.810	     2.7517	-9.7531e+92	-9.7531e+92	  0.0094277	  0.0019899	  0.0088554	 5.3860e-05	   -0.26381	   -0.25663	
8	24	   0.013476	  0.0090209	     77.960	     2.1908	-9.7531e+92	-9.7531e+92	  0.0023636	 0.00048909	  0.0019658	   0.021455	  -0.064721	  -0.061139	
9	0	    0.15062	    0.23415	     86.890	     1.9108	-9.7531e+92	-9.7531e+92	    0.12633	    0.21862	     0.0000	-0.00013506	     2.5191	-0.00028093	
9	1	    0.15827	    0.24603	     55.376	     2.7421	-9.7531e+92	-9.7531e+92	   0.098064	    0.22056	     0.0000	  0.0035222	     2.4822	   0.024616	
9	2	   0.025563	   0.039739	     133.64	    0.71608	-9.7531e+92	-9.7531e+92	   0.039232	   0.045388	     0.0000	  -0.027910	    0.47890	  -0.019006	
9	3	  0.0014048	  0.0021838	     191.41	    0.20802	-9.7531e+92	-9.7531e+92	  0.0045103	  0.0029819	     0.0000	  -0.018206	   0.028506	 -0.0053825	
9	4	 4.9280e-05	 7.6609e-05	     223.28	    0.11603	-9.7531e+92	-9.7531e+92	  0.0015731	 0.00024377	     0.0000	  -0.010103	  0.0021337	 -0.0021838	
9	5	 0.00088827	  0.0013809	     134.70	    0.69890	-9.7531e+92	-9.7531e+92	  0.0015608	  0.0017969	     0.0000	-0.00046241	   0.017251	-0.00079290	
9	6	   0.025166	   0.039121	     62.827	     2.5956	-9.7531e+92	-9.7531e+92	   0.030390	   0.051237	     0.0000	  -0.034826	    0.44291	 -0.0079424	
9	7	   0.021948	   0.034119	     64.406	     2.5596	-9.7531e+92	-9.7531e+92	   0.024033	   0.029719	     0.0000	-0.00038397	    0.45038	 -0.0040452	
9	8	 1.8047e-05	 2.8055e-05	     171.65	    0.30991	-9.7531e+92	-9.7531e+92	 0.00011314	 0.00016117	     0.0000	-0.00010775	  0.0015367	-5.0282e-05	
9	9	     0.0000	     0.0000	     0.0000	     3.0000	-9.7531e+92	-9.7531e+92	    0.84901	     0.0000	    0.60148	     0.0000	     0.0000	     0.0000	
9	10	 2.0532e-13	 3.1919e-13	     215.04	    0.13402	-9.7531e+92	-9.7531e+92	 5.2498e-05	 0.00013519	     0.0000	-4.8717e-06	  0.0011739	-8.3701e-07	
9	11	 6.4882e-09	 1.0086e-08	     175.31	    0.28718	-9.7531e+92	-9.7531e+92	 5.7330e-05	 0.00012904	     0.0000	-1.0144e-05	  0.0011978	-5.2422e-06	
9	12	 4.1701e-13	 6.4827e-13	     214.99	    0.13415	-9.7531e+92	-9.7531e+92	 5.4000e-05	 0.00013725	     0.0000	-2.1549e-05	  0.0011690	-3.3212e-06	
9	13	    0.22957	    0.35688	     9.0540	     2.9998	-9.7531e+92	-9.7531e+92	    0.13541	    0.23622	     0.0000	     0.0000	     2.1712	   0.038070	
9	14	    0.25024	    0.38901	     38.749	     2.9339	-9.7531e+92	-9.7531e+92	    0.14001	    0.40923	     0.0000	   0.016763	     4.7751	   0.044621	
9	15	  0.0033460	  0.0052015	     117.55	     1.0311	-9.7531e+92	-9.7531e+92	  0.0033974	  0.0069501	     0.0000	 -0.0033410	   0.060247	 -0.0012910	
9	16	 4.4160e-13	 6.8650e-13	     159.83	    0.39862	-9.7531e+92	-9.7531e+92	 5.8633e-05	 0.00014229	     0.0000	-3.7510e-05	  0.0011237	-9.8071e-06	
9	17	 1.3931e-13	 2.1656e-13	     293.28	   0.040011	-9.7531e+92	-9.7531e+92	 8.1366e-05	 0.00014924	     0.0000	-0.00062260	  0.0011016	-7.7686e-05	
9	18	    0.12208	    0.18978	     96.665	     1.6016	-9.7531e+92	-9.7531e+92	   0.087194	    0.12756	     0.0000	     0.0000	     1.8586	     0.0000	
9	19	 1.8555e-07	 2.8844e-07	     193.08	    0.20137	-9.7531e+92	-9.7531e+92	 0.00014839	 0.00013241	     0.0000	-0.00054144	  0.0011919	-0.00015874	
9	20	 3.4067e-06	 5.2959e-06	     174.09	    0.29453	-9.7531e+92	-9.7531e+92	 7.3389e-05	 0.00014078	     0.0000	-0.00012397	  0.0012444	-2.7756e-05	
9	21	   0.010552	   0.016403	     83.320	     2.0244	-9.7531e+92	-9.7531e+92	   0.012197	   0.019141	     0.0000	-5.4487e-05	    0.19349	 -0.0028703	
9	22	 2.2258e-13	 3.4602e-13	     266.14	   0.058633	-9.7531e+92	-9.7531e+92	 9.7574e-05	 0.00014603	     0.0000	-0.00082289	  0.0011257	-0.00011977	
9	23	 0.00022159	 0.00034448	     121.73	    0.93874	-9.7531e+92	-9.7531e+92	 0.00046432	 0.00053679	     0.0000	-3.4655e-06	  0.0052358	-0.00018280	
9	24	 6.5274e-05	 0.00010147	     149.07	    0.50520	-9.7531e+92	-9.7531e+92	 0.00029305	 0.00022720	     0.0000	-1.9047e-06	  0.0025305	-0.00014901	
10	0	   0.063479	   0.020477	     210.64	    0.14503	-9.7531e+92	-9.7531e+92	   0.013792	 0.00014658	     0.0000	-0.00086562	  -0.010903	   0.014378	
10	1	   0.014092	  0.0045456	     228.04	    0.10699	-9.7531e+92	-9.7531e+92	  0.0089405	 3.3203e-05	     0.0000	-0.00023962	 -0.0024757	   0.013917	
10	2	  0.0015356	 0.00049534	     213.20	    0.13850	-9.7531e+92	-9.7531e+92	  0.0042313	 3.8815e-06	     0.0000	 -0.0020115	-0.00030805	   0.014095	
10	3	 2.7900e-06	 8.9999e-07	     258.79	   0.065432	-9.7531e+92	-9.7531e+92	 0.00059261	 1.7406e-07	     0.0000	-0.00098722	-1.3303e-05	  0.0029657	
10	4	 0.00022992	 7.4166e-05	     204.61	    0.16194	-9.7531e+92	-9.7531e+92	 0.00054053	 7.4995e-07	     0.0000	-0.00048427	-5.8682e-05	  0.0011595	
10	5	    0.11871	   0.038295	     93.726	     1.6933	-9.7531e+92	-9.7531e+92	   0.013082	 0.00030386	   0.012004	  0.0010040	  -0.024057	  -0.022328	
10	6	  0.0030934	 0.00099785	     153.37	    0.45919	-9.7531e+92	-9.7531e+92	  0.0030019	 8.1052e-06	     0.0000	 -0.0033015	-0.00064476	  0.0089943	
10	7	  0.0010194	 0.00032884	     153.29	    0.46001	-9.7531e+92	-9.7531e+92	  0.0023344	 2.7766e-06	     0.0000	-5.1453e-05	-0.00022126	  0.0064487	
10	8	    0.22069	   0.071189	     44.054	     2.8911	-9.7531e+92	-9.7531e+92	   0.018430	 0.00056312	   0.018352	  0.0086617	  -0.044468	  -0.042564	
10	9	 4.2901e-06	 1.3839e-06	     215.04	    0.13402	-9.7531e+92	-9.7531e+92	   0.013017	 1.6559e-07	     0.0000	     0.0000	-1.4293e-05	   0.030571	
10	10	     0.0000	     0.0000	     0.0000	     3.0000	-9.7531e+92	-9.7531e+92	    0.16134	     0.0000	    0.16132	     0.0000	     0.0000	     0.0000	
10	11	   0.071893	   0.023191	     46.926	     2.8613	-9.7531e+92	-9.7531e+92	  0.0059471	 0.00018095	  0.0059203	  0.0021473	  -0.013813	  -0.013205	
10	12	   0.039840	   0.012851	     46.012	     2.8713	-9.7531e+92	-9.7531e+92	  0.0032805	 7.7426e-05	  0.0032557	  0.0019929	 -0.0035499	 -0.0032155	
10	13	   0.096091	   0.030997	     205.99	    0.15786	-9.7531e+92	-9.7531e+92	   0.016806	 0.00022007	     0.0000	     0.0000	  -0.016691	  0.0066726	
10	14	   0.036304	   0.011711	     190.48	    0.21181	-9.7531e+92	-9.7531e+92	   0.013401	 8.4412e-05	     0.0000	-0.00073290	 -0.0065337	   0.017185	
10	15	 3.3972e-05	 1.0959e-05	     197.67	    0.18443	-9.7531e+92	-9.7531e+92	 0.00046455	 2.5928e-07	     0.0000	-0.00030587	-2.0485e-05	  0.0013994	
10	16	 2.4051e-09	 7.7583e-10	     147.94	    0.51817	-9.7531e+92	-9.7531e+92	 1.2746e-05	 1.7509e-07	     0.0000	-1.8502e-06	-1.3887e-05	 6.1226e-06	
10	17	 1.4689e-12	 4.7382e-13	     270.72	   0.054831	-9.7531e+92	-9.7531e+92	 2.0968e-05	 1.7488e-07	     0.0000	-3.0796e-05	-1.3834e-05	 4.7966e-05	
10	18	    0.18148	   0.058540	     118.82	     1.0023	-9.7531e+92	-9.7531e+92	   0.027033	 0.00043875	     0.0000	 0.00060497	  -0.035032	  -0.014708	
10	19	   0.082550	   0.026629	     85.643	     1.9506	-9.7531e+92	-9.7531e+92	  0.0085294	 0.00020671	  0.0083498	  0.0040717	  -0.016375	  -0.015576	
10	20	   0.058658	   0.018922	     74.457	     2.2947	-9.7531e+92	-9.7531e+92	  0.0050217	 0.00011753	  0.0049714	  0.0022771	 -0.0087384	 -0.0082261	
10	21	 0.00026796	 8.6438e-05	     171.26	    0.31241	-9.7531e+92	-9.7531e+92	 0.00096953	 8.5600e-07	     0.0000	-5.8838e-06	-6.8225e-05	  0.0036925	
10	22	 4.4721e-07	 1.4426e-07	     176.66	    0.27933	-9.7531e+92	-9.7531e+92	 4.6118e-05	 1.7370e-07	     0.0000	-3.9323e-05	-1.3767e-05	 7.3019e-05	
10	23	  0.0063230	  0.0020397	     95.614	     1.6342	-9.7531e+92	-9.7531e+92	  0.0012177	 1.6588e-05	 0.00094189	 1.6152e-06	 -0.0013160	 -0.0010898	
10	24	  0.0037030	  0.0011945	     102.71	     1.4197	-9.7531e+92	-9.7531e+92	 0.00049341	 9.8925e-06	 0.00030168	 0.00023496	-0.00077797	-0.00062548	
11	0	    0.13717	   0.052206	     167.10	    0.34103	-9.7531e+92	-9.7531e+92	   0.026211	 0.00096332	     0.0000	-0.00060725	   -0.11322	   0.011494	
11	1	    0.13818	   0.052591	     185.20	    0.23505	-9.7531e+92	-9.7531e+92	   0.023793	 0.00098757	     0.0000	 0.00050942	   -0.11614	  -0.033698	
11	2	  0.0010403	 0.00039592	     197.83	    0.18388	-9.7531e+92	-9.7531e+92	  0.0052249	 8.0525e-06	     0.0000	 -0.0088273	 -0.0010198	   0.070286	
11	3	 9.8235e-06	 3.7388e-06	     244.71	   0.081388	-9.7531e+92	-9.7531e+92	 0.00059686	 5.7695e-07	     0.0000	 -0.0043028	-7.0198e-05	   0.014689	
11	4	 4.4157e-06	 1.6806e-06	     218.09	    0.12699	-9.7531e+92	-9.7531e+92	 0.00024678	 5.3556e-07	     0.0000	 -0.0021973	-6.7419e-05	  0.0059515	
11	5	    0.10074	   0.038342	     77.490	     2.2050	-9.7531e+92	-9.7531e+92	   0.010425	 0.00075699	  0.0091533	  0.0037576	  -0.097610	  -0.093120	
11	6	  0.0035607	  0.0013552	     117.04	     1.0431	-9.7531e+92	-9.7531e+92	  0.0049617	 2.7484e-05	     0.0000	  -0.014250	 -0.0035412	   0.044052	
11	7	   0.012798	  0.0048709	     112.26	     1.1591	-9.7531e+92	-9.7531e+92	  0.0047524	 9.7057e-05	     0.0000	-0.00014320	  -0.012539	   0.020590	
11	8	   0.070004	   0.026643	     32.525	     2.9668	-9.7531e+92	-9.7531e+92	  0.0067906	 0.00041982	  0.0066994	  0.0088003	  -0.060506	  -0.059430	
11	9	 3.3664e-05	 1.2812e-05	     175.31	    0.28718	-9.7531e+92	-9.7531e+92	   0.018575	 6.9715e-07	     0.0000	     0.0000	-9.6689e-05	    0.15128	
11	10	  0.0014646	 0.00055744	     46.926	     2.8613	-9.7531e+92	-9.7531e+92	 0.00015619	 5.0591e-06	 0.00012982	 0.00013239	-0.00033622	-0.00030314	
11	11	     0.0000	     0.0000	     0.0000	     3.0000	-9.7531e+92	-9.7531e+92	    0.19036	     0.0000	    0.19033	     0.0000	     0.0000	     0.0000	
11	12	 0.00041771	 0.00015898	     77.218	     2.2132	-9.7531e+92	-9.7531e+92	 6.2342e-05	 3.5095e-06	 3.3022e-05	 0.00016270	-0.00045158	-0.00037468	
11	13	   0.028267	   0.010758	     166.60	    0.34470	-9.7531e+92	-9.7531e+92	   0.014762	 0.00019751	     0.0000	     0.0000	  -0.023633	   0.088941	
11	14	    0.14495	   0.055166	     157.91	    0.41563	-9.7531e+92	-9.7531e+92	   0.025039	  0.0010242	     0.0000	 0.00026637	   -0.12506	 -0.0071091	
11	15	 3.0288e-06	 1.1528e-06	     182.32	    0.24896	-9.7531e+92	-9.7531e+92	 0.00037746	 5.3183e-07	     0.0000	 -0.0013394	-6.7918e-05	  0.0069543	
11	16	 9.6632e-08	 3.6778e-08	     142.85	    0.58099	-9.7531e+92	-9.7531e+92	 1.4016e-05	 5.1529e-07	     0.0000	-8.0582e-06	-6.6547e-05	 3.0187e-05	
11	17	 1.4985e-13	 5.7033e-14	     290.18	   0.041722	-9.7531e+92	-9.7531e+92	 1.7376e-05	 5.1368e-07	     0.0000	-0.00013450	-6.6204e-05	 0.00023724	
11	18	    0.30419	    0.11577	     81.269	     2.0888	-9.7531e+92	-9.7531e+92	   0.040015	  0.0021907	  0.0014083	  0.0066874	   -0.28137	   -0.18473	
11	19	 0.00088335	 0.00033620	     108.78	     1.2499	-9.7531e+92	-9.7531e+92	 0.00056733	 7.1783e-06	 0.00035541	 8.9645e-05	-0.00093203	-0.00038003	
11	20	  0.0058256	  0.0022172	     83.734	     2.0113	-9.7531e+92	-9.7531e+92	 0.00063749	 4.3867e-05	 0.00057812	  0.0016770	 -0.0057036	 -0.0054814	
11	21	  0.0032929	  0.0012533	     128.65	    0.80225	-9.7531e+92	-9.7531e+92	  0.0020727	 2.5455e-05	     0.0000	-2.1477e-05	 -0.0032758	   0.015362	
11	22	 2.3563e-12	 8.9681e-13	     200.45	    0.17499	-9.7531e+92	-9.7531e+92	 2.1360e-05	 5.1172e-07	     0.0000	-0.00017707	-6.5932e-05	 0.00036243	
11	23	   0.036643	   0.013946	     53.605	     2.7712	-9.7531e+92	-9.7531e+92	  0.0037654	 0.00028002	  0.0034400	 2.9116e-05	  -0.036088	  -0.034804	
11	24	   0.010525	  0.0040060	     56.094	     2.7297	-9.7531e+92	-9.7531e+92	  0.0011107	 8.1182e-05	 0.00088447	  0.0032114	  -0.010426	 -0.0097171	
12	0	   0.020722	  0.0070045	     226.76	    0.10933	-9.7531e+92	-9.7531e+92	  0.0099294	 0.00010134	     0.0000	 -0.0036114	  -0.010229	   0.062963	
12	1	  0.0073076	  0.0024701	     231.78	    0.10046	-9.7531e+92	-9.7531e+92	  0.0086386	 3.6540e-05	     0.0000	-0.00072705	 -0.0036972	   0.044313	
12	2	   0.012911	  0.0043642	     181.48	    0.25322	-9.7531e+92	-9.7531e+92	  0.0062183	 6.5539e-05	     0.0000	 -0.0048088	 -0.0071481	   0.035332	
12	3	 0.00012555	 4.2437e-05	     227.10	    0.10870	-9.7531e+92	-9.7531e+92	  0.0010089	 1.0062e-06	     0.0000	 -0.0027491	-0.00010537	  0.0086596	
12	4	  0.0046069	  0.0015572	     165.11	    0.35583	-9.7531e+92	-9.7531e+92	  0.0014778	 2.4153e-05	     0.0000	-0.00038736	 -0.0026478	 0.00098273	
12	5	    0.26860	   0.090790	     80.590	     2.1100	-9.7531e+92	-9.7531e+92	   0.026729	  0.0013943	   0.025600	  0.0054892	   -0.15541	   -0.15047	
12	6	  0.0018809	 0.00063579	     152.49	    0.46823	-9.7531e+92	-9.7531e+92	  0.0027675	 1.0289e-05	     0.0000	 -0.0095066	 -0.0011378	   0.027140	
12	7	 0.00057321	 0.00019375	     158.06	    0.41430	-9.7531e+92	-9.7531e+92	  0.0021576	 3.3703e-06	     0.0000	-0.00014392	-0.00037327	   0.019217	
12	8	   0.083533	   0.028235	     55.069	     2.7473	-9.7531e+92	-9.7531e+92	  0.0078343	 0.00043916	  0.0077533	  0.0090542	  -0.048702	  -0.047647	
12	9	 1.4710e-06	 4.9722e-07	     214.99	    0.13415	-9.7531e+92	-9.7531e+92	   0.012982	 3.3004e-07	     0.0000	     0.0000	-3.9306e-05	   0.089903	
12	10	   0.011051	  0.0037354	     46.012	     2.8713	-9.7531e+92	-9.7531e+92	 0.00097204	 3.3335e-05	 0.00094862	  0.0010326	 -0.0018669	 -0.0017363	
12	11	  0.0046029	  0.0015558	     77.218	     2.2132	-9.7531e+92	-9.7531e+92	 0.00050240	 2.4899e-05	 0.00047434	 0.00040892	 -0.0027466	 -0.0026482	
12	12	     0.0000	     0.0000	     0.0000	     3.0000	-9.7531e+92	-9.7531e+92	    0.16917	     0.0000	    0.16915	     0.0000	     0.0000	     0.0000	
12	13	   0.013979	  0.0047250	     205.94	    0.15802	-9.7531e+92	-9.7531e+92	   0.011793	 6.7901e-05	     0.0000	     0.0000	 -0.0069909	   0.059699	
12	14	   0.027530	  0.0093057	     188.63	    0.21964	-9.7531e+92	-9.7531e+92	   0.013919	 0.00013521	     0.0000	 -0.0022364	  -0.014211	   0.055018	
12	15	 0.00023141	 7.8220e-05	     166.81	    0.34315	-9.7531e+92	-9.7531e+92	 0.00079624	 1.5830e-06	     0.0000	-0.00083476	-0.00017360	  0.0040025	
12	16	 4.0587e-06	 1.3719e-06	     115.95	     1.0685	-9.7531e+92	-9.7531e+92	 1.5442e-05	 3.8000e-07	     0.0000	-4.4723e-06	-4.2125e-05	 1.5634e-05	
12	17	 8.4004e-13	 2.8395e-13	     225.22	    0.11223	-9.7531e+92	-9.7531e+92	 3.9081e-05	 3.5703e-07	     0.0000	-8.6072e-05	-3.9574e-05	 0.00014102	
12	18	    0.22766	   0.076953	     120.73	    0.96010	-9.7531e+92	-9.7531e+92	   0.031063	  0.0011442	     0.0000	  0.0026783	   -0.12588	  -0.068271	
12	19	    0.24466	   0.082698	     44.530	     2.8865	-9.7531e+92	-9.7531e+92	   0.022423	 0.00099946	   0.022234	   0.024898	   -0.11987	   -0.11693	
12	20	   0.060080	   0.020308	     45.010	     2.8817	-9.7531e+92	-9.7531e+92	  0.0054436	 0.00028427	  0.0053909	  0.0081806	  -0.033153	  -0.032412	
12	21	 5.3534e-06	 1.8095e-06	     187.39	    0.22505	-9.7531e+92	-9.7531e+92	 0.00074585	 3.8140e-07	     0.0000	-1.6737e-05	-4.2093e-05	   0.011007	
12	22	 0.00018015	 6.0893e-05	     131.16	    0.75767	-9.7531e+92	-9.7531e+92	 0.00011899	 1.2722e-06	     0.0000	-5.4036e-05	-0.00014343	 0.00010940	
12	23	  0.0095336	  0.0032225	     109.85	     1.2215	-9.7531e+92	-9.7531e+92	  0.0011230	 5.1472e-05	 0.00083400	 7.3055e-06	 -0.0056778	 -0.0050632	
12	24	 0.00022821	 7.7140e-05	     132.31	    0.73810	-9.7531e+92	-9.7531e+92	 0.00011310	 1.5897e-06	     0.0000	-6.2389e-05	-0.00017456	 0.00017402	
13	0	    0.20097	     1.3680	     86.013	     1.9388	-9.7531e+92	-9.7531e+92	    0.58465	    0.24290	     0.0000	     0.0000	     1.5112	     0.0000	
13	1	   0.076138	    0.51828	     57.043	     2.7128	-9.7531e+92	-9.7531e+92	    0.31299	   0.082584	     0.0000	     0.0000	    0.35389	     0.0000	
13	2	   0.071611	    0.48747	     127.66	    0.82064	-9.7531e+92	-9.7531e+92	    0.22614	   0.077129	     0.0000	     0.0000	    0.41234	     0.0000	
13	3	  0.0026498	   0.018037	     188.65	    0.21955	-9.7531e+92	-9.7531e+92	   0.026493	  0.0041794	     0.0000	     0.0000	   0.024363	     0.0000	
13	4	 6.9522e-05	 0.00047325	     217.30	    0.12878	-9.7531e+92	-9.7531e+92	  0.0089116	 0.00021070	     0.0000	     0.0000	  0.0011001	     0.0000	
13	5	  0.0023651	   0.016100	     125.66	    0.85869	-9.7531e+92	-9.7531e+92	  0.0095803	  0.0033234	     0.0000	     0.0000	   0.020387	     0.0000	
13	6	   0.016702	    0.11369	     53.773	     2.7685	-9.7531e+92	-9.7531e+92	    0.12158	   0.023697	     0.0000	     0.0000	    0.13648	     0.0000	
13	7	   0.055650	    0.37882	     57.312	     2.7078	-9.7531e+92	-9.7531e+92	    0.14955	   0.081359	     0.0000	     0.0000	    0.44802	     0.0000	
13	8	 2.9407e-05	 0.00020018	     162.59	    0.37553	-9.7531e+92	-9.7531e+92	 0.00052636	 0.00014842	     0.0000	     0.0000	 0.00076786	     0.0000	
13	9	    0.39665	     2.7001	     9.0540	     2.9998	-9.7531e+92	-9.7531e+92	    0.90665	    0.47175	     0.0000	     0.0000	     3.2120	     0.0000	
13	10	 9.8223e-13	 6.6862e-12	     205.99	    0.15786	-9.7531e+92	-9.7531e+92	 0.00023006	 0.00010797	     0.0000	     0.0000	 0.00051629	     0.0000	
13	11	 1.2575e-07	 8.5601e-07	     166.60	    0.34470	-9.7531e+92	-9.7531e+92	 0.00025135	 0.00010802	     0.0000	     0.0000	 0.00048726	     0.0000	
13	12	 9.2126e-13	 6.2712e-12	     205.94	    0.15802	-9.7531e+92	-9.7531e+92	 0.00023744	 0.00011254	     0.0000	     0.0000	 0.00047593	     0.0000	
13	13	     0.0000	     0.0000	     0.0000	     3.0000	-9.7531e+92	-9.7531e+92	     3.6651	     0.0000	     2.7378	     0.0000	     0.0000	     0.0000	
13	14	   0.087737	    0.59724	     32.765	     2.9658	-9.7531e+92	-9.7531e+92	    0.39784	    0.10879	     0.0000	     0.0000	    0.70692	     0.0000	
13	15	  0.0043349	   0.029509	     111.52	     1.1779	-9.7531e+92	-9.7531e+92	   0.017700	  0.0064906	     0.0000	     0.0000	   0.035369	     0.0000	
13	16	 3.2530e-12	 2.2144e-11	     153.85	    0.45440	-9.7531e+92	-9.7531e+92	 0.00026568	 0.00010835	     0.0000	     0.0000	 0.00048672	     0.0000	
13	17	 9.2851e-13	 6.3205e-12	     287.27	   0.043413	-9.7531e+92	-9.7531e+92	 0.00039363	 0.00011443	     0.0000	     0.0000	 0.00045032	     0.0000	
13	18	   0.077544	    0.52786	     87.611	     1.8878	-9.7531e+92	-9.7531e+92	    0.32334	    0.10575	     0.0000	     0.0000	    0.62095	     0.0000	
13	19	 4.1764e-06	 2.8430e-05	     184.51	    0.23831	-9.7531e+92	-9.7531e+92	 0.00076677	 0.00011331	     0.0000	     0.0000	 0.00053835	     0.0000	
13	20	 1.2276e-05	 8.3562e-05	     165.04	    0.35635	-9.7531e+92	-9.7531e+92	 0.00035007	 0.00012816	     0.0000	     0.0000	 0.00060011	     0.0000	
13	21	  0.0069023	   0.046985	     76.619	     2.2311	-9.7531e+92	-9.7531e+92	   0.048662	  0.0093723	     0.0000	     0.0000	   0.059242	     0.0000	
13	22	 7.5623e-13	 5.1478e-12	     260.15	   0.064098	-9.7531e+92	-9.7531e+92	 0.00048276	 0.00011251	     0.0000	     0.0000	 0.00046915	     0.0000	
13	23	 0.00044442	  0.0030253	     113.01	     1.1402	-9.7531e+92	-9.7531e+92	  0.0023541	 0.00078129	     0.0000	     0.0000	  0.0040062	     0.0000	
13	24	 0.00019178	  0.0013055	     142.21	    0.58941	-9.7531e+92	-9.7531e+92	  0.0014897	 0.00042419	     0.0000	     0.0000	  0.0018832	     0.0000	
14	0	    0.56579	     3.1975	     114.85	     1.0949	-9.7531e+92	-9.7531e+92	    0.92919	     1.0000	   0.075226	    0.71215	     5.2731	     1.8603	
14	1	   0.065621	    0.37085	     88.839	     1.8485	-9.7531e+92	-9.7531e+92	    0.22753	    0.10673	     0.0000	  -0.015968	    0.40996	   -0.14098	
14	2	    0.14800	    0.83639	     97.273	     1.5829	-9.7531e+92	-9.7531e+92	    0.29995	    0.22650	     0.0000	    0.13600	    0.75578	    0.28281	
14	3	 0.00047885	  0.0027061	     161.01	    0.38854	-9.7531e+92	-9.7531e+92	   0.028153	 0.00048516	     0.0000	     0.0000	-0.00011794	     0.0000	
14	4	 6.9380e-05	 0.00039209	     184.55	    0.23808	-9.7531e+92	-9.7531e+92	   0.011331	 0.00023183	     0.0000	  -0.051268	 0.00081124	  -0.024931	
14	5	 0.00099807	  0.0056404	     108.09	     1.2686	-9.7531e+92	-9.7531e+92	  0.0062497	  0.0019723	     0.0000	 -0.0038105	  0.0067276	 -0.0087753	
14	6	   0.017087	   0.096566	     41.508	     2.9135	-9.7531e+92	-9.7531e+92	    0.14222	   0.033852	     0.0000	   -0.39814	   0.098200	   -0.12329	
14	7	   0.022729	    0.12845	     65.464	     2.5345	-9.7531e+92	-9.7531e+92	   0.077445	   0.045417	     0.0000	 -0.0031054	    0.13274	  -0.044033	
14	8	 4.0575e-05	 0.00022930	     146.54	    0.53466	-9.7531e+92	-9.7531e+92	 0.00045009	 0.00021293	     0.0000	-0.00095275	 0.00066014	-0.00050239	
14	9	   0.034078	    0.19259	     38.749	     2.9339	-9.7531e+92	-9.7531e+92	    0.26471	   0.055438	     0.0000	     0.0000	    0.21159	   -0.48672	
14	10	 3.4599e-13	 1.9553e-12	     190.48	    0.21181	-9.7531e+92	-9.7531e+92	 0.00019100	 0.00014780	     0.0000	-4.2077e-05	 0.00031943	-9.8319e-06	
14	11	 9.4188e-08	 5.3229e-07	     157.91	    0.41563	-9.7531e+92	-9.7531e+92	 0.00020925	 0.00013728	     0.0000	-9.2914e-05	 0.00038058	-6.1196e-05	
14	12	 1.2865e-13	 7.2704e-13	     188.63	    0.21964	-9.7531e+92	-9.7531e+92	 0.00019721	 0.00014826	     0.0000	-0.00018612	 0.00031944	-3.9003e-05	
14	13	   0.083335	    0.47095	     32.765	     2.9658	-9.7531e+92	-9.7531e+92	    0.31497	    0.14196	     0.0000	     0.0000	    0.69782	   -0.23590	
14	14	     0.0000	     0.0000	     0.0000	     3.0000	-9.7531e+92	-9.7531e+92	     3.0088	     0.0000	     2.2378	     0.0000	     0.0000	     0.0000	
14	15	  0.0060668	   0.034285	     78.991	     2.1593	-9.7531e+92	-9.7531e+92	   0.019239	   0.010380	     0.0000	 -0.0011613	   0.040731	 -0.0045526	
14	16	 9.1144e-07	 5.1509e-06	     121.20	    0.94999	-9.7531e+92	-9.7531e+92	 0.00023961	 0.00011995	     0.0000	-0.00014519	 0.00050192	-0.00011197	
14	17	 3.7069e-14	 2.0949e-13	     254.84	   0.069479	-9.7531e+92	-9.7531e+92	 0.00039887	 0.00012329	     0.0000	 -0.0026167	 0.00042437	-0.00091180	
14	18	   0.054801	    0.30970	     78.249	     2.1820	-9.7531e+92	-9.7531e+92	    0.26702	    0.10337	     0.0000	  -0.061669	    0.37461	   -0.18931	
14	19	 1.7823e-06	 1.0073e-05	     166.55	    0.34505	-9.7531e+92	-9.7531e+92	 0.00068013	 0.00014109	     0.0000	 -0.0046613	 0.00038707	 -0.0018506	
14	20	 1.3668e-05	 7.7245e-05	     147.73	    0.52061	-9.7531e+92	-9.7531e+92	 0.00029049	 0.00017017	     0.0000	-0.00094309	 0.00044009	-0.00028619	
14	21	 0.00079493	  0.0044924	     101.18	     1.4647	-9.7531e+92	-9.7531e+92	   0.047563	  0.0016780	     0.0000	-0.00099718	  0.0051197	  -0.070721	
14	22	 5.3351e-13	 3.0150e-12	     227.39	    0.10817	-9.7531e+92	-9.7531e+92	 0.00050823	 0.00013233	     0.0000	 -0.0051229	 0.00038616	 -0.0014031	
14	23	 9.4485e-05	 0.00053397	     114.84	     1.0952	-9.7531e+92	-9.7531e+92	  0.0018227	 0.00033634	     0.0000	-3.6631e-05	 0.00086139	 -0.0026207	
14	24	 2.9269e-06	 1.6541e-05	     150.00	    0.49487	-9.7531e+92	-9.7531e+92	  0.0014358	 0.00015703	     0.0000	 -0.0067830	 0.00031410	 -0.0019811	
15	0	   0.036961	   0.041867	     189.51	    0.21584	-9.7531e+92	-9.7531e+92	   0.057766	  0.0057105	     0.0000	  -0.059214	 -0.0035811	  -0.030640	
15	1	   0.012187	   0.013804	     167.83	    0.33581	-9.7531e+92	-9.7531e+92	   0.021938	  0.0019265	     0.0000	  -0.012878	 -0.0019873	  -0.019941	
15	2	    0.20278	    0.22969	     21.827	     2.9932	-9.7531e+92	-9.7531e+92	   0.080221	   0.025390	     0.0000	   0.076829	   -0.18700	  -0.022664	
15	3	    0.30130	    0.34129	     84.108	     1.9994	-9.7531e+92	-9.7531e+92	   0.094294	   0.046722	   0.075825	    0.89158	   -0.17920	   0.017861	
15	4	   0.050622	   0.057340	     106.18	     1.3210	-9.7531e+92	-9.7531e+92	   0.018749	  0.0045529	   0.011460	   0.032180	  -0.039751	 -0.0060436	
15	5	  0.0078402	  0.0088807	     104.94	     1.3557	-9.7531e+92	-9.7531e+92	  0.0031213	  0.0013145	     0.0000	  0.0022855	 -0.0054616	-0.00026969	
15	6	  0.0070157	  0.0079467	     96.746	     1.5991	-9.7531e+92	-9.7531e+92	   0.011471	  0.0010778	     0.0000	   -0.12095	 -0.0045107	  0.0030059	
15	7	 0.00030239	 0.00034253	     131.62	    0.74982	-9.7531e+92	-9.7531e+92	  0.0066228	 6.2537e-05	     0.0000	 -0.0027618	-0.00027916	  0.0022953	
15	8	 3.2568e-05	 3.6890e-05	     159.01	    0.40580	-9.7531e+92	-9.7531e+92	 9.9532e-05	 1.7190e-05	     0.0000	-0.00030429	-7.9795e-05	 1.2546e-05	
15	9	  0.0047145	  0.0053402	     117.55	     1.0311	-9.7531e+92	-9.7531e+92	   0.033046	 0.00073077	     0.0000	     0.0000	 -0.0033126	  0.0062980	
15	10	 1.3344e-14	 1.5114e-14	     197.67	    0.18443	-9.7531e+92	-9.7531e+92	 3.8751e-05	 1.1664e-05	     0.0000	-1.2666e-05	-5.5747e-05	 2.8366e-07	
15	11	 8.2022e-13	 9.2907e-13	     182.32	    0.24896	-9.7531e+92	-9.7531e+92	 4.1592e-05	 1.1623e-05	     0.0000	-2.8162e-05	-5.6522e-05	 1.7207e-06	
15	12	 1.3120e-08	 1.4861e-08	     166.81	    0.34315	-9.7531e+92	-9.7531e+92	 4.1650e-05	 1.1582e-05	     0.0000	-5.5885e-05	-5.3145e-05	 1.1146e-06	
15	13	    0.14130	    0.16005	     111.52	     1.1779	-9.7531e+92	-9.7531e+92	   0.073271	   0.020973	     0.0000	     0.0000	  -0.037563	  0.0012145	
15	14	    0.19080	    0.21612	     78.991	     2.1593	-9.7531e+92	-9.7531e+92	    0.12269	   0.028083	     0.0000	   0.020817	  -0.081712	  0.0099605	
15	15	     0.0000	     0.0000	     0.0000	     3.0000	-9.7531e+92	-9.7531e+92	    0.57083	     0.0000	    0.56255	     0.0000	     0.0000	     0.0000	
15	16	 0.00029112	 0.00032976	     65.362	     2.5370	-9.7531e+92	-9.7531e+92	 0.00014345	 5.7714e-05	 3.3044e-05	 0.00067569	-0.00020272	-2.3770e-05	
15	17	 2.8284e-09	 3.2037e-09	     175.81	    0.28425	-9.7531e+92	-9.7531e+92	 0.00038658	 1.0138e-05	 3.6588e-05	 -0.0011579	-2.7407e-05	-1.9152e-05	
15	18	   0.043402	   0.049162	     116.73	     1.0502	-9.7531e+92	-9.7531e+92	   0.032979	  0.0070457	     0.0000	  -0.023121	  -0.022819	 -0.0025891	
15	19	 0.00013405	 0.00015184	     131.26	    0.75593	-9.7531e+92	-9.7531e+92	 0.00044590	 3.2753e-05	     0.0000	-0.00091251	-0.00011319	 1.8835e-05	
15	20	 0.00028942	 0.00032784	     124.66	    0.87845	-9.7531e+92	-9.7531e+92	 0.00016659	 5.9455e-05	     0.0000	 0.00073394	-0.00020348	-1.3261e-05	
15	21	 2.4423e-05	 2.7664e-05	     175.65	    0.28523	-9.7531e+92	-9.7531e+92	  0.0033895	 1.5495e-05	     0.0000	-0.00031310	-6.9779e-05	  0.0013245	
15	22	 3.2273e-07	 3.6556e-07	     163.21	    0.37056	-9.7531e+92	-9.7531e+92	 0.00055183	 1.0220e-05	 5.5592e-05	 -0.0014907	-3.3138e-05	-2.7047e-06	
15	23	 1.8759e-06	 2.1249e-06	     149.47	    0.50076	-9.7531e+92	-9.7531e+92	 0.00016858	 1.1905e-05	     0.0000	-1.2512e-05	-5.7296e-05	 7.7136e-05	
15	24	 1.4003e-09	 1.5861e-09	     189.75	    0.21485	-9.7531e+92	-9.7531e+92	 0.00012837	 1.1747e-05	     0.0000	 -0.0020559	-5.6539e-05	 5.2286e-05	
16	0	  0.0016452	 0.00035379	     217.18	    0.12904	-9.7531e+92	-9.7531e+92	  0.0086904	 2.8964e-06	     0.0000	-0.00037882	-9.6839e-06	 0.00024200	
16	1	 0.00066506	 0.00014302	     207.46	    0.15366	-9.7531e+92	-9.7531e+92	  0.0034486	 1.2673e-06	     0.0000	-7.1443e-05	-4.3450e-06	 0.00017662	
16	2	    0.20266	   0.043581	     68.097	     2.4691	-9.7531e+92	-9.7531e+92	   0.015611	 0.00032986	     0.0000	 0.00057587	 -0.0021832	-0.00042878	
16	3	    0.25856	   0.055601	     111.94	     1.1671	-9.7531e+92	-9.7531e+92	   0.016202	 0.00046258	   0.012696	  0.0037035	 -0.0023823	-0.00069181	
16	4	    0.11427	   0.024572	     75.439	     2.2661	-9.7531e+92	-9.7531e+92	  0.0070423	 0.00017286	  0.0056586	 0.00050562	 -0.0011457	-0.00040432	
16	5	   0.082356	   0.017710	     71.546	     2.3771	-9.7531e+92	-9.7531e+92	  0.0047194	 0.00015833	  0.0040010	 0.00019459	-0.00080149	-0.00028387	
16	6	  0.0029901	 0.00064299	     111.89	     1.1685	-9.7531e+92	-9.7531e+92	  0.0017519	 5.6507e-06	     0.0000	-0.00075029	-2.9227e-05	 0.00016969	
16	7	  0.0012843	 0.00027617	     137.28	    0.65913	-9.7531e+92	-9.7531e+92	  0.0011406	 2.6159e-06	     0.0000	-1.3108e-05	-1.3900e-05	 0.00011995	
16	8	 0.00035740	 7.6856e-05	     112.87	     1.1438	-9.7531e+92	-9.7531e+92	 8.1227e-05	 8.4190e-07	 2.9707e-05	 1.9492e-06	-4.4765e-06	-6.9460e-07	
16	9	 5.3013e-05	 1.1400e-05	     159.83	    0.39862	-9.7531e+92	-9.7531e+92	  0.0051614	 2.0917e-07	     0.0000	     0.0000	-1.1830e-06	 0.00055443	
16	10	 1.3782e-09	 2.9637e-10	     147.94	    0.51817	-9.7531e+92	-9.7531e+92	 8.2083e-06	 1.3459e-07	     0.0000	-6.1958e-08	-7.1792e-07	 1.0181e-08	
16	11	 3.1446e-07	 6.7621e-08	     142.85	    0.58099	-9.7531e+92	-9.7531e+92	 9.3842e-06	 1.3359e-07	     0.0000	-1.3504e-07	-7.2580e-07	 6.2135e-08	
16	12	 7.6955e-06	 1.6548e-06	     115.95	     1.0685	-9.7531e+92	-9.7531e+92	 1.3205e-05	 1.4995e-07	     0.0000	-7.1214e-08	-7.8058e-07	 1.0477e-08	
16	13	   0.038430	  0.0082641	     153.85	    0.45440	-9.7531e+92	-9.7531e+92	  0.0087832	 6.4629e-05	     0.0000	     0.0000	-0.00022985	 0.00017075	
16	14	    0.20723	   0.044563	     121.20	    0.94999	-9.7531e+92	-9.7531e+92	   0.023825	 0.00034927	     0.0000	 0.00013258	 -0.0014748	-0.00015012	
16	15	  0.0099319	  0.0021358	     65.362	     2.5370	-9.7531e+92	-9.7531e+92	  0.0016830	 1.8348e-05	 0.00011160	 2.4577e-05	-8.1749e-05	-7.9115e-06	
16	16	     0.0000	     0.0000	     0.0000	     3.0000	-9.7531e+92	-9.7531e+92	    0.10753	     0.0000	    0.10751	     0.0000	     0.0000	     0.0000	
16	17	 1.3996e-07	 3.0098e-08	     148.25	    0.51453	-9.7531e+92	-9.7531e+92	 0.00013717	 1.2630e-07	 7.0724e-05	-5.8343e-06	-5.7609e-07	 9.3819e-07	
16	18	   0.065108	   0.014001	     110.59	     1.2021	-9.7531e+92	-9.7531e+92	  0.0073444	 0.00011857	     0.0000	-7.0820e-05	-0.00056240	 0.00010802	
16	19	   0.010935	  0.0023515	     73.024	     2.3358	-9.7531e+92	-9.7531e+92	 0.00083404	 2.1397e-05	 0.00071430	 0.00013275	-0.00010262	-3.9539e-05	
16	20	  0.0027029	 0.00058123	     74.477	     2.2942	-9.7531e+92	-9.7531e+92	 0.00018997	 5.4774e-06	 0.00015643	 4.7567e-05	-2.5952e-05	-9.9522e-06	
16	21	 1.2777e-06	 2.7476e-07	     180.81	    0.25669	-9.7531e+92	-9.7531e+92	 0.00051191	 1.3134e-07	     0.0000	-1.5322e-06	-7.0149e-07	 7.0301e-05	
16	22	 0.00080926	 0.00017402	     106.73	     1.3057	-9.7531e+92	-9.7531e+92	 0.00024473	 1.6216e-06	 0.00015052	 7.7072e-06	-4.0622e-06	-1.1900e-08	
16	23	 3.9250e-06	 8.4403e-07	     136.77	    0.66684	-9.7531e+92	-9.7531e+92	 3.5013e-05	 1.3942e-07	     0.0000	-6.0998e-08	-7.6015e-07	 3.0040e-06	
16	24	 1.4598e-11	 3.1391e-12	     177.80	    0.27291	-9.7531e+92	-9.7531e+92	 2.1938e-05	 1.3393e-07	     0.0000	-1.0049e-05	-7.2166e-07	 2.0244e-06	
17	0	 0.00010061	 3.8058e-05	     353.56	   0.019078	-9.7531e+92	-9.7531e+92	   0.010843	 3.0365e-06	     0.0000	  -0.016464	-2.7051e-05	   0.021693	
17	1	 8.4115e-05	 3.1817e-05	     342.57	   0.021626	-9.7531e+92	-9.7531e+92	  0.0033909	 2.7908e-06	     0.0000	 -0.0030917	-2.5962e-05	   0.014953	
17	2	   0.094029	   0.035568	     160.64	    0.39167	-9.7531e+92	-9.7531e+92	   0.020059	  0.0016492	     0.0000	  0.0034962	  -0.022700	 -0.0032517	
17	3	    0.46603	    0.17628	     122.41	    0.92444	-9.7531e+92	-9.7531e+92	   0.051119	  0.0087061	   0.044952	    0.29484	   -0.10950	  -0.091499	
17	4	    0.31091	    0.11761	     73.525	     2.3215	-9.7531e+92	-9.7531e+92	   0.032562	  0.0016464	   0.030128	   0.035560	  -0.086202	  -0.075721	
17	5	 0.00045919	 0.00017369	     219.60	    0.12368	-9.7531e+92	-9.7531e+92	 0.00068930	 1.0264e-05	     0.0000	-0.00029810	-0.00014114	 0.00067405	
17	6	 1.9457e-12	 7.3600e-13	     251.72	   0.072906	-9.7531e+92	-9.7531e+92	  0.0018067	 1.2619e-06	     0.0000	  -0.038328	-1.8011e-05	   0.011963	
17	7	 2.3052e-12	 8.7196e-13	     281.54	   0.047004	-9.7531e+92	-9.7531e+92	  0.0011181	 1.2948e-06	     0.0000	-0.00058587	-1.8148e-05	  0.0082656	
17	8	 2.7954e-12	 1.0574e-12	     258.50	   0.065716	-9.7531e+92	-9.7531e+92	 4.5331e-05	 1.3179e-06	     0.0000	-7.8834e-05	-1.8613e-05	 4.2921e-05	
17	9	 4.1437e-13	 1.5674e-13	     293.28	   0.040011	-9.7531e+92	-9.7531e+92	  0.0046996	 1.1912e-06	     0.0000	     0.0000	-1.7546e-05	   0.037248	
17	10	 6.1177e-13	 2.3141e-13	     270.72	   0.054831	-9.7531e+92	-9.7531e+92	 1.3910e-05	 1.3204e-06	     0.0000	-2.6658e-06	-1.8995e-05	 6.6415e-07	
17	11	 4.7318e-12	 1.7898e-12	     290.18	   0.041722	-9.7531e+92	-9.7531e+92	 1.4011e-05	 1.3206e-06	     0.0000	-5.9224e-06	-1.8978e-05	 4.1356e-06	
17	12	 1.8195e-12	 6.8827e-13	     225.22	    0.11223	-9.7531e+92	-9.7531e+92	 2.0681e-05	 1.3128e-06	     0.0000	-1.1786e-05	-1.8835e-05	 2.6310e-06	
17	13	  0.0071919	  0.0027204	     287.27	   0.043413	-9.7531e+92	-9.7531e+92	  0.0087277	 0.00013053	     0.0000	     0.0000	 -0.0012238	   0.019325	
17	14	   0.014001	  0.0052960	     254.84	   0.069479	-9.7531e+92	-9.7531e+92	   0.031979	 0.00025505	     0.0000	 -0.0098974	 -0.0026785	   0.020604	
17	15	   0.011131	  0.0042104	     175.81	    0.28425	-9.7531e+92	-9.7531e+92	  0.0045071	 0.00020985	  0.0017430	  0.0016111	 -0.0029544	-0.00092929	
17	16	 1.8806e-06	 7.1136e-07	     148.25	    0.51453	-9.7531e+92	-9.7531e+92	 3.4400e-05	 1.2779e-06	     0.0000	-1.5254e-05	-1.7906e-05	 6.9662e-06	
17	17	     0.0000	     0.0000	     0.0000	     3.0000	-9.7531e+92	-9.7531e+92	    0.18983	     0.0000	    0.18971	     0.0000	     0.0000	     0.0000	
17	18	  0.0016630	 0.00062906	     258.46	   0.065759	-9.7531e+92	-9.7531e+92	  0.0049254	 3.2193e-05	     0.0000	 -0.0083513	-0.00040563	   0.020849	
17	19	 0.00030995	 0.00011724	     187.53	    0.22442	-9.7531e+92	-9.7531e+92	  0.0011434	 7.1310e-06	 0.00093276	-9.7119e-05	-0.00010084	 4.4454e-05	
17	20	 5.4578e-12	 2.0645e-12	     207.02	    0.15490	-9.7531e+92	-9.7531e+92	 0.00023776	 1.2997e-06	 0.00017876	-6.9897e-05	-1.8449e-05	 2.2330e-05	
17	21	 2.0715e-12	 7.8357e-13	     326.31	   0.026229	-9.7531e+92	-9.7531e+92	 0.00060516	 1.3021e-06	     0.0000	-6.5917e-05	-1.8174e-05	  0.0046605	
17	22	   0.094091	   0.035591	     106.10	     1.3231	-9.7531e+92	-9.7531e+92	  0.0097891	  0.0013796	  0.0096234	   0.057846	 -0.0026474	-0.00060571	
17	23	 1.7223e-12	 6.5148e-13	     284.58	   0.045056	-9.7531e+92	-9.7531e+92	 3.6875e-05	 1.3186e-06	     0.0000	-2.6371e-06	-1.8824e-05	 0.00019765	
17	24	 1.5154e-13	 5.7321e-14	     325.25	   0.026569	-9.7531e+92	-9.7531e+92	 2.8804e-05	 1.3235e-06	     0.0000	-0.00043228	-1.8856e-05	 0.00013248	
18	0	   0.023256	   0.072337	     116.29	     1.0606	-9.7531e+92	-9.7531e+92	    0.14347	   0.021991	     0.0000	  -0.044857	   -0.32386	    0.54515	
18	1	    0.26068	    0.81082	     111.77	     1.1715	-9.7531e+92	-9.7531e+92	    0.28097	    0.30076	     0.0000	   0.016736	    -2.6076	   -0.71004	
18	2	  0.0026712	  0.0083085	     137.27	    0.65930	-9.7531e+92	-9.7531e+92	   0.044186	  0.0037749	     0.0000	  -0.070764	  -0.027711	    0.36737	
18	3	 1.2264e-05	 3.8145e-05	     199.21	    0.17912	-9.7531e+92	-9.7531e+92	  0.0048676	 0.00011531	     0.0000	  -0.035230	-0.00076197	   0.078353	
18	4	 6.3698e-06	 1.9813e-05	     186.18	    0.23049	-9.7531e+92	-9.7531e+92	  0.0018267	 0.00011240	     0.0000	  -0.017997	-0.00079852	   0.031915	
18	5	  0.0032815	   0.010207	     53.346	     2.7752	-9.7531e+92	-9.7531e+92	  0.0047222	  0.0045517	     0.0000	 7.1980e-07	  -0.037521	-1.1104e-05	
18	6	  0.0045166	   0.014049	     36.723	     2.9464	-9.7531e+92	-9.7531e+92	   0.038360	  0.0070724	     0.0000	   -0.11426	  -0.055735	    0.23250	
18	7	   0.025615	   0.079674	     38.248	     2.9371	-9.7531e+92	-9.7531e+92	   0.053738	   0.036662	     0.0000	-0.00047642	   -0.29935	   0.044589	
18	8	 0.00029309	 0.00091163	     75.421	     2.2666	-9.7531e+92	-9.7531e+92	 0.00043455	 0.00043930	     0.0000	 0.00012502	 -0.0034817	-0.00058183	
18	9	    0.56688	     1.7632	     96.665	     1.6016	-9.7531e+92	-9.7531e+92	    0.53814	    0.68318	   0.042877	     0.0000	    -6.3808	    -2.0797	
18	10	 1.9854e-07	 6.1755e-07	     118.82	     1.0023	-9.7531e+92	-9.7531e+92	 0.00010538	 9.1769e-05	     0.0000	-7.6163e-06	-0.00070034	 1.2817e-05	
18	11	 3.4334e-05	 0.00010679	     81.269	     2.0888	-9.7531e+92	-9.7531e+92	 0.00014133	 0.00012658	     0.0000	 1.7915e-05	-0.00097802	-9.2271e-05	
18	12	 3.4260e-07	 1.0656e-06	     120.73	    0.96010	-9.7531e+92	-9.7531e+92	 0.00010869	 9.0956e-05	     0.0000	-3.6370e-05	-0.00068113	 5.3150e-05	
18	13	   0.055626	    0.17302	     87.611	     1.8878	-9.7531e+92	-9.7531e+92	    0.16936	   0.064868	     0.0000	     0.0000	   -0.50205	    0.34845	
18	14	   0.054305	    0.16891	     78.249	     2.1820	-9.7531e+92	-9.7531e+92	    0.16635	   0.062855	     0.0000	  -0.021473	   -0.51674	    0.36934	
18	15	 0.00016593	 0.00051610	     116.73	     1.0502	-9.7531e+92	-9.7531e+92	  0.0034665	 0.00035216	     0.0000	  -0.010722	 -0.0027671	   0.036625	
18	16	 2.3973e-08	 7.4566e-08	     110.59	     1.2021	-9.7531e+92	-9.7531e+92	 0.00011145	 0.00010312	     0.0000	-6.6304e-05	-0.00083433	 0.00016360	
18	17	 2.3611e-13	 7.3441e-13	     258.46	   0.065759	-9.7531e+92	-9.7531e+92	 0.00013844	 0.00010964	     0.0000	 -0.0011015	-0.00087930	  0.0012819	
18	18	     0.0000	     0.0000	     0.0000	     3.0000	-9.7531e+92	-9.7531e+92	     1.6412	     0.0000	     1.3257	     0.0000	     0.0000	     0.0000	
18	19	 8.9965e-06	 2.7983e-05	     118.15	     1.0174	-9.7531e+92	-9.7531e+92	 0.00032079	 9.7616e-05	     0.0000	-0.00093124	-0.00076332	  0.0025275	
18	20	 4.3396e-05	 0.00013498	     90.275	     1.8027	-9.7531e+92	-9.7531e+92	 0.00017994	 0.00014535	     0.0000	-0.00011671	 -0.0011202	 0.00024208	
18	21	  0.0019077	  0.0059336	     79.511	     2.1434	-9.7531e+92	-9.7531e+92	   0.016071	  0.0027212	     0.0000	-0.00011281	  -0.022703	   0.089970	
18	22	 1.1890e-13	 3.6982e-13	     205.13	    0.16037	-9.7531e+92	-9.7531e+92	 0.00015923	 0.00010508	     0.0000	 -0.0014553	-0.00082703	  0.0019574	
18	23	 0.00019615	 0.00061012	     36.898	     2.9454	-9.7531e+92	-9.7531e+92	 0.00087543	 0.00032298	     0.0000	-5.7924e-06	 -0.0026270	  0.0031220	
18	24	 0.00050455	  0.0015694	     74.739	     2.2865	-9.7531e+92	-9.7531e+92	 0.00079477	 0.00046629	     0.0000	-6.1841e-09	 -0.0029537	 1.2648e-05	
19	0	  0.0011907	 0.00074413	     234.49	   0.096052	-9.7531e+92	-9.7531e+92	   0.019466	 0.00011560	     0.0000	  -0.093613	 -0.0096326	     1.1330	
19	1	  0.0039352	  0.0024593	     226.57	    0.10968	-9.7531e+92	-9.7531e+92	   0.016737	 0.00037409	     0.0000	  -0.017007	  -0.031295	    0.72095	
19	2	    0.10666	   0.066655	     139.30	    0.62950	-9.7531e+92	-9.7531e+92	   0.027001	  0.0099464	     0.0000	   0.045555	   -0.92650	   -0.24102	
19	3	  0.0022863	  0.0014288	     184.07	    0.24039	-9.7531e+92	-9.7531e+92	  0.0050343	 0.00022944	     0.0000	  -0.053550	  -0.020292	    0.11865	
19	4	   0.066948	   0.041838	     119.82	    0.98008	-9.7531e+92	-9.7531e+92	   0.011908	  0.0057543	  0.0078865	    0.25681	   -0.60045	   -0.53415	
19	5	    0.27341	    0.17086	     64.874	     2.5486	-9.7531e+92	-9.7531e+92	   0.044168	   0.023614	   0.042081	   0.041877	    -2.4471	    -2.3804	
19	6	  0.0023812	  0.0014881	     133.74	    0.71443	-9.7531e+92	-9.7531e+92	  0.0053637	 0.00023774	     0.0000	   -0.21195	  -0.022624	    0.42725	
19	7	 0.00014930	 9.3302e-05	     154.38	    0.44913	-9.7531e+92	-9.7531e+92	  0.0042547	 2.1001e-05	     0.0000	 -0.0029941	 -0.0019938	    0.30955	
19	8	   0.034477	   0.021546	     80.536	     2.1117	-9.7531e+92	-9.7531e+92	  0.0058975	  0.0032057	  0.0057478	   0.071975	   -0.31254	   -0.30580	
19	9	 2.9412e-06	 1.8381e-06	     193.08	    0.20137	-9.7531e+92	-9.7531e+92	   0.027130	 6.2685e-06	     0.0000	     0.0000	-0.00063469	     1.4286	
19	10	 0.00075713	 0.00047316	     85.643	     1.9506	-9.7531e+92	-9.7531e+92	 0.00016110	 7.0772e-05	 0.00011781	  0.0031313	 -0.0068545	 -0.0061780	
19	11	 0.00011683	 7.3014e-05	     108.78	     1.2499	-9.7531e+92	-9.7531e+92	 0.00010350	 1.7959e-05	 5.1624e-05	 0.00019091	 -0.0017166	-0.00092588	
19	12	   0.011351	  0.0070935	     44.530	     2.8865	-9.7531e+92	-9.7531e+92	  0.0018158	 0.00079679	  0.0017677	   0.034032	  -0.076190	  -0.074183	
19	13	   0.043422	   0.027136	     184.51	    0.23831	-9.7531e+92	-9.7531e+92	   0.028564	  0.0039634	     0.0000	     0.0000	   -0.33740	    0.71051	
19	14	    0.10178	   0.063607	     166.55	    0.34505	-9.7531e+92	-9.7531e+92	   0.038700	  0.0093965	     0.0000	  -0.016094	   -0.82039	    0.27612	
19	15	   0.020122	   0.012575	     131.26	    0.75593	-9.7531e+92	-9.7531e+92	  0.0052804	  0.0019707	 0.00071369	   0.034051	   -0.18586	   -0.11668	
19	16	 8.7232e-05	 5.4514e-05	     73.024	     2.3358	-9.7531e+92	-9.7531e+92	 4.6216e-05	 1.4891e-05	     0.0000	 0.00019761	 -0.0014292	-0.00051576	
19	17	 4.0980e-12	 2.5610e-12	     187.53	    0.22442	-9.7531e+92	-9.7531e+92	 0.00024589	 6.3463e-06	 5.2796e-05	 -0.0018188	-0.00062017	  0.0022225	
19	18	    0.30840	    0.19273	     118.15	     1.0174	-9.7531e+92	-9.7531e+92	   0.062356	   0.028868	     0.0000	   0.099057	    -2.6853	    -1.7729	
19	19	     0.0000	     0.0000	     0.0000	     3.0000	-9.7531e+92	-9.7531e+92	    0.31456	     0.0000	    0.31421	     0.0000	     0.0000	     0.0000	
19	20	   0.017823	   0.011138	     28.400	     2.9806	-9.7531e+92	-9.7531e+92	  0.0031020	 0.00093580	  0.0030046	   0.013689	   -0.10951	   -0.10620	
19	21	 2.8997e-07	 1.8121e-07	     197.71	    0.18427	-9.7531e+92	-9.7531e+92	  0.0014693	 6.5751e-06	     0.0000	-0.00037751	-0.00061939	    0.17516	
19	22	  0.0045986	  0.0028739	     93.933	     1.6868	-9.7531e+92	-9.7531e+92	  0.0010688	 0.00035410	 0.00079497	   0.018438	  -0.037010	  -0.032969	
19	23	 9.3545e-05	 5.8460e-05	     121.29	    0.94810	-9.7531e+92	-9.7531e+92	 0.00033260	 1.5887e-05	     0.0000	-1.2867e-05	 -0.0015022	  0.0064189	
19	24	 5.1076e-06	 3.1919e-06	     150.08	    0.49393	-9.7531e+92	-9.7531e+92	 0.00011117	 7.1364e-06	     0.0000	 -0.0024516	-0.00067400	  0.0048304	
20	0	   0.011144	  0.0062110	     206.61	    0.15606	-9.7531e+92	-9.7531e+92	   0.017502	 0.00019377	     0.0000	  -0.015599	  -0.019246	    0.23605	
20	1	  0.0068769	  0.0038327	     199.20	    0.17914	-9.7531e+92	-9.7531e+92	   0.014113	 0.00012199	     0.0000	 -0.0029398	  -0.012155	    0.15563	
20	2	   0.044072	   0.024563	     139.77	    0.62284	-9.7531e+92	-9.7531e+92	   0.015977	 0.00078087	     0.0000	  -0.010006	  -0.085212	   0.064976	
20	3	  0.0010651	 0.00059359	     185.64	    0.23299	-9.7531e+92	-9.7531e+92	  0.0027881	 2.0844e-05	     0.0000	  -0.010405	 -0.0021724	   0.028598	
20	4	   0.012850	  0.0071615	     135.08	    0.69295	-9.7531e+92	-9.7531e+92	  0.0042430	 0.00022186	 0.00065691	  0.0052953	  -0.025686	  -0.012611	
20	5	   0.070098	   0.039067	     39.691	     2.9273	-9.7531e+92	-9.7531e+92	   0.017372	  0.0011726	   0.015510	  0.0050673	   -0.14001	   -0.13075	
20	6	  0.0053065	  0.0029575	     111.59	     1.1762	-9.7531e+92	-9.7531e+92	  0.0046108	 9.8974e-05	     0.0000	  -0.035482	  -0.011018	   0.088490	
20	7	  0.0035050	  0.0019534	     126.68	    0.83907	-9.7531e+92	-9.7531e+92	  0.0039190	 6.5607e-05	     0.0000	-0.00048180	 -0.0073105	   0.061645	
20	8	   0.021159	   0.011793	     51.987	     2.7958	-9.7531e+92	-9.7531e+92	  0.0041018	 0.00038032	  0.0039683	  0.0086761	  -0.042964	  -0.041681	
20	9	 8.1147e-06	 4.5225e-06	     174.09	    0.29453	-9.7531e+92	-9.7531e+92	   0.023445	 1.2710e-06	     0.0000	     0.0000	-0.00015135	    0.31578	
20	10	  0.0061435	  0.0034239	     74.457	     2.2947	-9.7531e+92	-9.7531e+92	 0.00089860	 8.9881e-05	 0.00085999	  0.0041488	 -0.0089310	 -0.0086007	
20	11	  0.0016100	 0.00089728	     83.734	     2.0113	-9.7531e+92	-9.7531e+92	 0.00031345	 3.0451e-05	 0.00026718	 0.00052733	 -0.0033848	 -0.0031570	
20	12	  0.0021702	  0.0012095	     45.010	     2.8817	-9.7531e+92	-9.7531e+92	 0.00062505	 3.1256e-05	 0.00058212	  0.0015423	 -0.0031781	 -0.0029873	
20	13	   0.073611	   0.041025	     165.04	    0.35635	-9.7531e+92	-9.7531e+92	   0.025891	  0.0012622	     0.0000	     0.0000	   -0.12802	    0.10698	
20	14	    0.10397	   0.057943	     147.73	    0.52061	-9.7531e+92	-9.7531e+92	   0.031828	  0.0018055	     0.0000	 -0.0026921	   -0.18725	   0.057581	
20	15	   0.021380	   0.011915	     124.66	    0.87845	-9.7531e+92	-9.7531e+92	  0.0045263	 0.00039589	 0.00045363	  0.0067104	  -0.043785	  -0.028294	
20	16	 0.00010248	 5.7117e-05	     74.477	     2.2942	-9.7531e+92	-9.7531e+92	 4.0466e-05	 3.1232e-06	     0.0000	 4.6339e-05	-0.00034805	-0.00014460	
20	17	 8.5505e-13	 4.7654e-13	     207.02	    0.15490	-9.7531e+92	-9.7531e+92	 9.7581e-05	 1.2133e-06	     0.0000	-0.00033002	-0.00013763	 0.00049117	
20	18	    0.25577	    0.14255	     90.275	     1.8027	-9.7531e+92	-9.7531e+92	   0.053149	  0.0045124	     0.0000	   0.013181	   -0.49562	   -0.29286	
20	19	    0.35381	    0.19719	     28.400	     2.9806	-9.7531e+92	-9.7531e+92	   0.049973	  0.0056846	   0.049662	    0.16203	   -0.67278	   -0.65833	
20	20	     0.0000	     0.0000	     0.0000	     3.0000	-9.7531e+92	-9.7531e+92	    0.27925	     0.0000	    0.27917	     0.0000	     0.0000	     0.0000	
20	21	 3.3313e-07	 1.8566e-07	     169.84	    0.32188	-9.7531e+92	-9.7531e+92	  0.0012965	 1.2428e-06	     0.0000	-6.7374e-05	-0.00013749	   0.038691	
20	22	 8.1838e-05	 4.5610e-05	     116.48	     1.0560	-9.7531e+92	-9.7531e+92	 0.00026126	 2.1495e-06	 1.7098e-05	-0.00025043	-0.00025288	 0.00048291	
20	23	  0.0052444	  0.0029228	     93.058	     1.7144	-9.7531e+92	-9.7531e+92	 0.00095079	 9.9335e-05	 0.00047436	 1.4715e-05	  -0.011016	 -0.0090688	
20	24	 2.3251e-05	 1.2958e-05	     121.85	    0.93617	-9.7531e+92	-9.7531e+92	 9.5314e-05	 1.6897e-06	     0.0000	-0.00042237	-0.00018701	  0.0010292	
21	0	    0.16348	    0.17026	     39.458	     2.9290	-9.7531e+92	-9.7531e+92	   0.084085	   0.024104	     0.0000	     0.0000	    0.29487	     0.0000	
21	1	    0.24344	    0.25353	     57.297	     2.7081	-9.7531e+92	-9.7531e+92	   0.087216	   0.048748	     0.0000	  0.0070534	    0.81817	   0.088918	
21	2	 0.00047160	 0.00049115	     197.19	    0.18609	-9.7531e+92	-9.7531e+92	   0.017891	 0.00013554	     0.0000	  -0.034315	  0.0022544	  -0.046215	
21	3	 2.1209e-05	 2.2088e-05	     259.71	   0.064522	-9.7531e+92	-9.7531e+92	  0.0018371	 2.2156e-05	     0.0000	  -0.016593	 0.00036724	 -0.0096462	
21	4	 5.1914e-06	 5.4066e-06	     253.96	   0.070430	-9.7531e+92	-9.7531e+92	 0.00071560	 1.9700e-05	     0.0000	 -0.0084822	 0.00029771	 -0.0037453	
21	5	  0.0011567	  0.0012046	     132.91	    0.72808	-9.7531e+92	-9.7531e+92	  0.0011807	 0.00032571	     0.0000	-0.00034225	  0.0050092	 -0.0012371	
21	6	   0.020083	   0.020916	     78.899	     2.1621	-9.7531e+92	-9.7531e+92	   0.019582	  0.0055037	     0.0000	  -0.035142	   0.081792	  -0.017016	
21	7	   0.043943	   0.045765	     44.967	     2.8822	-9.7531e+92	-9.7531e+92	   0.022978	   0.011336	     0.0000	 0.00025335	    0.18321	  0.0056556	
21	8	 0.00052815	 0.00055004	     132.38	    0.73687	-9.7531e+92	-9.7531e+92	 0.00021002	 0.00016325	     0.0000	 0.00024610	  0.0024216	 0.00020588	
21	9	   0.033328	   0.034710	     83.320	     2.0244	-9.7531e+92	-9.7531e+92	   0.058053	  0.0075413	     0.0000	     0.0000	    0.13872	  -0.073703	
21	10	 8.1924e-10	 8.5320e-10	     171.26	    0.31241	-9.7531e+92	-9.7531e+92	 3.5250e-05	 1.8761e-05	     0.0000	-4.0604e-06	 0.00026879	-1.5157e-06	
21	11	 2.6571e-05	 2.7673e-05	     128.65	    0.80225	-9.7531e+92	-9.7531e+92	 4.6587e-05	 2.4966e-05	     0.0000	 5.6086e-06	 0.00038516	 5.8944e-06	
21	12	 3.3855e-13	 3.5258e-13	     187.39	    0.22505	-9.7531e+92	-9.7531e+92	 3.6221e-05	 1.9072e-05	     0.0000	-1.7966e-05	 0.00026666	-6.0128e-06	
21	13	    0.23409	    0.24379	     76.619	     2.2311	-9.7531e+92	-9.7531e+92	   0.092804	   0.050237	     0.0000	     0.0000	    0.91987	   0.059653	
21	14	    0.15968	    0.16630	     101.18	     1.4647	-9.7531e+92	-9.7531e+92	   0.071946	   0.032096	     0.0000	     0.0000	    0.61770	   0.013964	
21	15	 7.3205e-05	 7.6240e-05	     175.65	    0.28523	-9.7531e+92	-9.7531e+92	  0.0011511	 3.7840e-05	     0.0000	 -0.0051188	 0.00056998	 -0.0041814	
21	16	 1.3231e-13	 1.3780e-13	     180.81	    0.25669	-9.7531e+92	-9.7531e+92	 3.7779e-05	 1.8645e-05	     0.0000	-3.1273e-05	 0.00026653	-1.7831e-05	
21	17	 1.7450e-13	 1.8174e-13	     326.31	   0.026229	-9.7531e+92	-9.7531e+92	 4.8261e-05	 1.9009e-05	     0.0000	-0.00051908	 0.00026524	-0.00014045	
21	18	   0.093386	   0.097258	     79.511	     2.1434	-9.7531e+92	-9.7531e+92	   0.052652	   0.022843	     0.0000	 -0.0010390	    0.38613	 -0.0048314	
21	19	 1.6746e-07	 1.7440e-07	     197.71	    0.18427	-9.7531e+92	-9.7531e+92	 9.7439e-05	 1.8749e-05	     0.0000	-0.00045144	 0.00026914	-0.00028459	
21	20	 1.6883e-06	 1.7583e-06	     169.84	    0.32188	-9.7531e+92	-9.7531e+92	 4.9064e-05	 1.9342e-05	     0.0000	-0.00010542	 0.00027485	-5.0870e-05	
21	21	     0.0000	     0.0000	     0.0000	     3.0000	-9.7531e+92	-9.7531e+92	    0.52655	     0.0000	    0.50645	     0.0000	     0.0000	     0.0000	
21	22	 4.9778e-14	 5.1842e-14	     284.69	   0.044983	-9.7531e+92	-9.7531e+92	 5.6129e-05	 1.9069e-05	     0.0000	-0.00068607	 0.00026603	-0.00021554	
21	23	  0.0035438	  0.0036907	     78.648	     2.1698	-9.7531e+92	-9.7531e+92	  0.0011999	 0.00091329	 0.00030964	 1.4012e-05	   0.015326	  0.0015955	
21	24	  0.0027517	  0.0028657	     85.071	     1.9688	-9.7531e+92	-9.7531e+92	 0.00089667	 0.00077981	 0.00027766	  0.0027690	   0.011635	  0.0012876	
22	0	 4.3517e-05	 2.2364e-05	     321.47	   0.027830	-9.7531e+92	-9.7531e+92	   0.013138	 3.3286e-06	     0.0000	  -0.028451	-9.4546e-05	    0.12289	
22	1	 0.00038582	 0.00019828	     312.59	   0.031097	-9.7531e+92	-9.7531e+92	  0.0061528	 1.3922e-05	     0.0000	 -0.0053242	-0.00040001	   0.081401	
22	2	    0.17271	   0.088759	     161.29	    0.38622	-9.7531e+92	-9.7531e+92	   0.035899	  0.0050651	     0.0000	   0.037832	   -0.18059	  -0.092121	
22	3	    0.21589	    0.11095	     164.94	    0.35711	-9.7531e+92	-9.7531e+92	   0.037017	  0.0067537	   0.028639	    0.22675	   -0.22258	   -0.19286	
22	4	    0.30285	    0.15564	     82.638	     2.0459	-9.7531e+92	-9.7531e+92	   0.042208	  0.0033010	   0.038902	    0.10224	   -0.33905	   -0.31334	
22	5	   0.024590	   0.012637	     151.89	    0.47454	-9.7531e+92	-9.7531e+92	  0.0066326	 0.00079775	  0.0049160	  0.0038466	  -0.027632	  -0.022532	
22	6	 2.3193e-06	 1.1919e-06	     216.08	    0.13159	-9.7531e+92	-9.7531e+92	  0.0025371	 2.1719e-06	     0.0000	  -0.066309	-7.7876e-05	   0.052599	
22	7	 1.3762e-11	 7.0724e-12	     241.36	   0.085874	-9.7531e+92	-9.7531e+92	  0.0017988	 2.1473e-06	     0.0000	 -0.0010121	-7.5391e-05	   0.036406	
22	8	 2.1298e-05	 1.0945e-05	     168.70	    0.32968	-9.7531e+92	-9.7531e+92	 0.00048290	 2.8801e-06	 0.00035978	-0.00011921	-0.00010090	 0.00016404	
22	9	 1.4447e-12	 7.4244e-13	     266.14	   0.058633	-9.7531e+92	-9.7531e+92	  0.0094743	 1.9775e-06	     0.0000	     0.0000	-7.3917e-05	    0.16637	
22	10	 5.1078e-11	 2.6249e-11	     176.66	    0.27933	-9.7531e+92	-9.7531e+92	 4.1712e-05	 2.1848e-06	 6.1104e-06	-4.5923e-06	-7.7350e-05	 2.8680e-06	
22	11	 7.6831e-12	 3.9484e-12	     200.45	    0.17499	-9.7531e+92	-9.7531e+92	 2.9431e-05	 2.1889e-06	     0.0000	-1.0228e-05	-7.7420e-05	 1.7886e-05	
22	12	 0.00019771	 0.00010161	     131.16	    0.75767	-9.7531e+92	-9.7531e+92	 0.00016276	 8.5864e-06	 0.00012317	 0.00036462	-0.00030391	-0.00020481	
22	13	  0.0045314	  0.0023287	     260.15	   0.064098	-9.7531e+92	-9.7531e+92	   0.014690	 0.00013756	     0.0000	     0.0000	 -0.0040205	    0.10919	
22	14	   0.031551	   0.016214	     227.39	    0.10817	-9.7531e+92	-9.7531e+92	   0.034674	 0.00095409	     0.0000	  -0.014649	  -0.029315	   0.091960	
22	15	  0.0026520	  0.0013629	     163.21	    0.37056	-9.7531e+92	-9.7531e+92	  0.0052259	 8.4928e-05	  0.0014705	 -0.0033568	 -0.0030346	  0.0048759	
22	16	 0.00045159	 0.00023208	     106.73	     1.3057	-9.7531e+92	-9.7531e+92	 0.00010195	 1.6065e-05	 5.1861e-05	 0.00039348	-0.00057990	-0.00044905	
22	17	   0.021165	   0.010877	     106.10	     1.3231	-9.7531e+92	-9.7531e+92	  0.0035049	 0.00044244	  0.0033461	   0.021702	 -0.0023809	 -0.0012520	
22	18	   0.042238	   0.021706	     205.13	    0.16037	-9.7531e+92	-9.7531e+92	   0.015731	  0.0013069	     0.0000	 -0.0085658	  -0.043892	   0.058103	
22	19	    0.14235	   0.073156	     93.933	     1.6868	-9.7531e+92	-9.7531e+92	   0.019919	  0.0044045	   0.019633	    0.12952	   -0.15541	   -0.14719	
22	20	   0.038364	   0.019715	     116.48	     1.0560	-9.7531e+92	-9.7531e+92	  0.0052051	  0.0012341	  0.0051249	   0.051053	  -0.043679	  -0.041462	
22	21	 2.4543e-12	 1.2613e-12	     284.69	   0.044983	-9.7531e+92	-9.7531e+92	 0.00081390	 2.1603e-06	     0.0000	-0.00011387	-7.5454e-05	   0.020515	
22	22	     0.0000	     0.0000	     0.0000	     3.0000	-9.7531e+92	-9.7531e+92	    0.25829	     0.0000	    0.25806	     0.0000	     0.0000	     0.0000	
22	23	 2.8708e-12	 1.4753e-12	     209.07	    0.14920	-9.7531e+92	-9.7531e+92	 8.4865e-05	 2.1867e-06	     0.0000	-4.5554e-06	-7.7046e-05	 0.00085771	
22	24	 6.8879e-12	 3.5398e-12	     237.89	   0.090842	-9.7531e+92	-9.7531e+92	 4.3713e-05	 2.1934e-06	     0.0000	-0.00074672	-7.7116e-05	 0.00057463	
23	0	    0.33933	    0.17307	     119.13	    0.99543	-9.7531e+92	-9.7531e+92	   0.059043	  0.0066395	     0.0000	   0.012974	   -0.32285	   -0.16599	
23	1	    0.12146	   0.061950	     132.72	    0.73117	-9.7531e+92	-9.7531e+92	   0.030316	  0.0024517	     0.0000	 0.00048446	   -0.11659	  -0.021579	
23	2	  0.0011273	 0.00057497	     168.40	    0.33177	-9.7531e+92	-9.7531e+92	  0.0074072	 2.7262e-05	     0.0000	  -0.014238	 -0.0012238	   0.077022	
23	3	 5.7861e-06	 2.9511e-06	     228.38	    0.10637	-9.7531e+92	-9.7531e+92	 0.00075298	 1.7054e-06	     0.0000	 -0.0069495	-7.3870e-05	   0.016112	
23	4	 2.1676e-06	 1.1055e-06	     212.30	    0.14074	-9.7531e+92	-9.7531e+92	 0.00030085	 1.6592e-06	     0.0000	 -0.0035502	-7.3299e-05	  0.0065481	
23	5	  0.0055025	  0.0028064	     65.633	     2.5304	-9.7531e+92	-9.7531e+92	  0.0011320	 0.00012959	     0.0000	 0.00012858	 -0.0060319	 -0.0023416	
23	6	  0.0036532	  0.0018632	     73.330	     2.3271	-9.7531e+92	-9.7531e+92	  0.0088985	 8.9598e-05	     0.0000	  -0.022963	 -0.0041144	   0.048482	
23	7	   0.019247	  0.0098163	     58.677	     2.6821	-9.7531e+92	-9.7531e+92	  0.0073335	 0.00044960	     0.0000	-0.00016230	  -0.021081	   0.015871	
23	8	  0.0024213	  0.0012349	     54.810	     2.7517	-9.7531e+92	-9.7531e+92	 0.00035539	 4.3276e-05	 0.00023319	 0.00020966	 -0.0016207	 -0.0014084	
23	9	  0.0071835	  0.0036638	     121.73	    0.93874	-9.7531e+92	-9.7531e+92	   0.027652	 0.00015489	     0.0000	     0.0000	 -0.0078664	    0.15915	
23	10	 6.7765e-05	 3.4562e-05	     95.614	     1.6342	-9.7531e+92	-9.7531e+92	 2.6147e-05	 3.0621e-06	     0.0000	 2.9010e-05	-0.00013189	-6.2442e-05	
23	11	 0.00052919	 0.00026990	     53.605	     2.7712	-9.7531e+92	-9.7531e+92	 8.9373e-05	 1.2484e-05	 4.7032e-05	 5.6040e-05	-0.00043824	-0.00036565	
23	12	 6.6017e-06	 3.3671e-06	     109.85	     1.2215	-9.7531e+92	-9.7531e+92	 1.9100e-05	 1.7203e-06	     0.0000	-2.3348e-06	-7.3366e-05	 3.7099e-06	
23	13	   0.099406	   0.050700	     113.01	     1.1402	-9.7531e+92	-9.7531e+92	   0.027912	  0.0020790	     0.0000	     0.0000	  -0.091085	   0.033049	
23	14	    0.10526	   0.053687	     114.84	     1.0952	-9.7531e+92	-9.7531e+92	   0.027451	  0.0022125	     0.0000	 -0.0016118	   -0.10015	   0.029043	
23	15	 3.3823e-05	 1.7251e-05	     149.47	    0.50076	-9.7531e+92	-9.7531e+92	 0.00045685	 2.4296e-06	     0.0000	 -0.0021536	-0.00011090	  0.0076344	
23	16	 1.3581e-08	 6.9266e-09	     136.77	    0.66684	-9.7531e+92	-9.7531e+92	 1.8295e-05	 1.6410e-06	     0.0000	-1.3052e-05	-7.5841e-05	 3.3436e-05	
23	17	 1.1401e-12	 5.8147e-13	     284.58	   0.045056	-9.7531e+92	-9.7531e+92	 2.2721e-05	 1.6525e-06	     0.0000	-0.00021719	-7.5605e-05	 0.00026197	
23	18	    0.28451	    0.14511	     36.898	     2.9454	-9.7531e+92	-9.7531e+92	   0.050740	  0.0063434	     0.0000	  0.0097500	   -0.29392	   -0.18305	
23	19	 2.0626e-05	 1.0520e-05	     121.29	    0.94810	-9.7531e+92	-9.7531e+92	 7.4539e-05	 2.1040e-06	     0.0000	-0.00016966	-9.6821e-05	 0.00050428	
23	20	 0.00034286	 0.00017487	     93.058	     1.7144	-9.7531e+92	-9.7531e+92	 7.1036e-05	 9.7497e-06	     0.0000	 0.00011791	-0.00043711	-0.00026434	
23	21	  0.0083900	  0.0042791	     78.648	     2.1698	-9.7531e+92	-9.7531e+92	  0.0044181	 0.00019267	     0.0000	-1.0982e-05	 -0.0091416	   0.011456	
23	22	 1.7975e-13	 9.1676e-14	     209.07	    0.14920	-9.7531e+92	-9.7531e+92	 2.6197e-05	 1.6468e-06	     0.0000	-0.00028591	-7.5091e-05	 0.00040011	
23	23	     0.0000	     0.0000	     0.0000	     3.0000	-9.7531e+92	-9.7531e+92	    0.25516	     0.0000	    0.25472	     0.0000	     0.0000	     0.0000	
23	24	  0.0014950	 0.00076249	     40.708	     2.9198	-9.7531e+92	-9.7531e+92	 0.00030377	 3.8041e-05	 6.2705e-07	 0.00050294	 -0.0017395	 -0.0010398	
24	0	   0.039916	   0.019642	     123.34	    0.90511	-9.7531e+92	-9.7531e+92	   0.016906	 0.00031242	     0.0000	 -0.0017235	 -0.0094029	   0.021802	
24	1	   0.014082	  0.0069298	     142.19	    0.58963	-9.7531e+92	-9.7531e+92	   0.022722	 0.00013759	     0.0000	-0.00046419	 -0.0026275	   0.015697	
24	2	 6.8011e-05	 3.3467e-05	     210.29	    0.14595	-9.7531e+92	-9.7531e+92	  0.0040302	 1.4320e-06	     0.0000	 -0.0039705	-2.7805e-05	   0.016443	
24	3	 4.4386e-08	 2.1842e-08	     270.69	   0.054855	-9.7531e+92	-9.7531e+92	 0.00045259	 7.1919e-07	     0.0000	 -0.0019125	-1.3688e-05	  0.0033929	
24	4	 2.5985e-09	 1.2787e-09	     253.16	   0.071301	-9.7531e+92	-9.7531e+92	 0.00017694	 7.5655e-07	     0.0000	-0.00097720	-1.4503e-05	  0.0013827	
24	5	  0.0015830	 0.00077897	     106.34	     1.3165	-9.7531e+92	-9.7531e+92	 0.00060266	 1.8443e-05	     0.0000	-2.8253e-05	-0.00037290	 0.00037856	
24	6	 0.00084112	 0.00041391	     108.13	     1.2674	-9.7531e+92	-9.7531e+92	  0.0037790	 1.0309e-05	     0.0000	 -0.0067063	-0.00020825	   0.010891	
24	7	  0.0041061	  0.0020206	     84.614	     1.9834	-9.7531e+92	-9.7531e+92	  0.0048522	 4.5874e-05	     0.0000	-9.0398e-05	-0.00093985	  0.0067521	
24	8	  0.0017825	 0.00087717	     77.960	     2.1908	-9.7531e+92	-9.7531e+92	 0.00026667	 1.8170e-05	 0.00014878	 6.3146e-05	-0.00021912	-0.00020608	
24	9	 0.00028075	 0.00013815	     149.07	    0.50520	-9.7531e+92	-9.7531e+92	   0.040159	 3.4432e-06	     0.0000	     0.0000	-7.7521e-05	   0.035165	
24	10	 3.3646e-05	 1.6557e-05	     102.71	     1.4197	-9.7531e+92	-9.7531e+92	 2.0906e-05	 1.1151e-06	     0.0000	 4.0720e-06	-1.7839e-05	-5.8890e-06	
24	11	 0.00043336	 0.00021325	     56.094	     2.7297	-9.7531e+92	-9.7531e+92	 7.4636e-05	 5.2539e-06	 3.3785e-05	 1.6198e-05	-6.1376e-05	-5.6067e-05	
24	12	 5.6732e-07	 2.7917e-07	     132.31	    0.73810	-9.7531e+92	-9.7531e+92	 1.7380e-05	 7.8287e-07	     0.0000	-1.8354e-06	-1.5330e-05	 2.2498e-06	
24	13	   0.038983	   0.019183	     142.21	    0.58941	-9.7531e+92	-9.7531e+92	   0.018320	 0.00037228	     0.0000	     0.0000	 -0.0070490	   0.018170	
24	14	  0.0059609	  0.0029333	     150.00	    0.49487	-9.7531e+92	-9.7531e+92	   0.014070	 5.5496e-05	     0.0000	 -0.0015414	 -0.0011622	   0.025358	
24	15	 3.9744e-07	 1.9558e-07	     189.75	    0.21485	-9.7531e+92	-9.7531e+92	 0.00030964	 7.5990e-07	     0.0000	-0.00059521	-1.5345e-05	  0.0016225	
24	16	 4.0437e-13	 1.9899e-13	     177.80	    0.27291	-9.7531e+92	-9.7531e+92	 1.7123e-05	 7.7421e-07	     0.0000	-3.5978e-06	-1.5935e-05	 7.0892e-06	
24	17	 3.1606e-15	 1.5553e-15	     325.25	   0.026569	-9.7531e+92	-9.7531e+92	 1.9838e-05	 7.8277e-07	     0.0000	-5.9753e-05	-1.5887e-05	 5.5503e-05	
24	18	    0.88102	    0.43354	     74.739	     2.2865	-9.7531e+92	-9.7531e+92	    0.11608	  0.0091201	   0.066162	   0.011427	   -0.18601	   -0.16429	
24	19	 2.0623e-06	 1.0148e-06	     150.08	    0.49393	-9.7531e+92	-9.7531e+92	 4.9523e-05	 7.9249e-07	     0.0000	-4.9465e-05	-1.5941e-05	 0.00011100	
24	20	 0.00010820	 5.3245e-05	     121.85	    0.93617	-9.7531e+92	-9.7531e+92	 3.8206e-05	 2.0319e-06	     0.0000	 2.5178e-06	-4.0670e-05	-4.2615e-06	
24	21	  0.0096811	  0.0047640	     85.071	     1.9688	-9.7531e+92	-9.7531e+92	  0.0027072	 0.00010197	     0.0000	-2.8272e-06	 -0.0020564	  0.0020881	
24	22	 4.2542e-14	 2.0935e-14	     237.89	   0.090842	-9.7531e+92	-9.7531e+92	 2.2130e-05	 7.8328e-07	     0.0000	-7.8843e-05	-1.5761e-05	 8.4746e-05	
24	23	  0.0011169	 0.00054963	     40.708	     2.9198	-9.7531e+92	-9.7531e+92	 0.00023154	 1.2848e-05	     0.0000	 1.0832e-07	-0.00025684	-7.4562e-05	
24	24	     0.0000	     0.0000	     0.0000	     3.0000	-9.7531e+92	-9.7531e+92	    0.24612	     0.0000	    0.24582	     0.0000	     0.0000	     0.0000	
