#source	Target	value	weight	distance	potential1	geneCorrelation	separation	influenceWeight	betweenness	influence'Weight	betweenness'	nbetweenness	nbetweenness'	
0	0	     0.0000	     0.0000	     0.0000	     3.0000	-9.7531e+92	-9.7531e+92	     5.2029	     0.0000	     4.6636	     0.0000	     0.0000	     0.0000	
0	1	    0.17567	     1.7665	     35.562	     2.9528	-9.7531e+92	-9.7531e+92	    0.67556	   0.075407	     0.0000	  0.0089563	   -0.26398	  -0.066694	
0	2	 0.00074472	  0.0074889	     211.35	    0.14318	-9.7531e+92	-9.7531e+92	    0.11991	 0.00049648	     0.0000	 -0.0042541	 -0.0023910	   0.068627	
0	3	 0.00010555	  0.0010614	     273.88	   0.052386	-9.7531e+92	-9.7531e+92	    0.29840	 0.00010173	     0.0000	 -0.0087475	-0.00042677	    0.11843	
0	4	 3.6070e-06	 3.6272e-05	     281.58	   0.046977	-9.7531e+92	-9.7531e+92	   0.051192	 4.4325e-05	     0.0000	 -0.0043404	-0.00021974	   0.048763	
0	5	  0.0016212	   0.016303	     169.69	    0.32292	-9.7531e+92	-9.7531e+92	    0.17251	 0.00095772	     0.0000	 -0.0048639	 -0.0049282	   0.064897	
0	6	   0.026856	    0.27006	     105.31	     1.3454	-9.7531e+92	-9.7531e+92	   0.099973	   0.017338	     0.0000	  0.0026449	  -0.095869	  -0.015785	
0	7	   0.085799	    0.86279	     80.265	     2.1201	-9.7531e+92	-9.7531e+92	    0.41352	   0.042819	     0.0000	 1.4953e-07	   -0.23697	  -0.015699	
0	8	 6.6079e-05	 0.00066449	     172.11	    0.30693	-9.7531e+92	-9.7531e+92	  0.0021486	 7.9703e-05	     0.0000	-6.9952e-05	-0.00038620	  0.0012125	
0	9	   0.084753	    0.85227	     86.890	     1.9108	-9.7531e+92	-9.7531e+92	    0.41571	   0.044125	     0.0000	 0.00015950	   -0.24145	  -0.017671	
0	10	 2.2595e-13	 2.2721e-12	     210.64	    0.14503	-9.7531e+92	-9.7531e+92	 0.00035176	 4.2403e-05	     0.0000	-2.4061e-06	-0.00022418	 1.5805e-05	
0	11	 1.0173e-05	 0.00010230	     167.10	    0.34103	-9.7531e+92	-9.7531e+92	   0.014516	 4.5933e-05	     0.0000	-0.00096730	-0.00021466	   0.011221	
0	12	 6.9404e-14	 6.9793e-13	     226.76	    0.10933	-9.7531e+92	-9.7531e+92	 0.00035390	 4.2106e-05	     0.0000	-3.8091e-06	-0.00021582	 2.5180e-05	
0	13	    0.28118	     2.8275	     86.013	     1.9388	-9.7531e+92	-9.7531e+92	     1.2327	    0.12081	     0.0000	  0.0029462	   -0.90959	  -0.074048	
0	14	    0.14120	     1.4200	     114.85	     1.0949	-9.7531e+92	-9.7531e+92	    0.57158	   0.078689	     0.0000	  0.0091179	   -0.41735	  -0.046899	
0	15	 0.00060313	  0.0060651	     189.51	    0.21584	-9.7531e+92	-9.7531e+92	   0.065011	 0.00041960	     0.0000	     0.0000	 -0.0024908	   0.047931	
0	16	 4.1911e-13	 4.2145e-12	     217.18	    0.12904	-9.7531e+92	-9.7531e+92	 0.00047929	 4.4522e-05	     0.0000	-1.1767e-05	-0.00028938	 0.00021997	
0	17	 1.1831e-13	 1.1897e-12	     353.56	   0.019078	-9.7531e+92	-9.7531e+92	  0.0016104	 4.6048e-05	     0.0000	-0.00038577	-0.00029917	  0.0021844	
0	18	   0.078475	    0.78914	     116.29	     1.0606	-9.7531e+92	-9.7531e+92	    0.34762	   0.041219	     0.0000	  0.0029409	   -0.26928	  -0.017733	
0	19	 2.2245e-13	 2.2369e-12	     234.49	   0.096052	-9.7531e+92	-9.7531e+92	 0.00082125	 4.2959e-05	     0.0000	-4.4803e-05	-0.00024863	 0.00068017	
0	20	 9.9842e-09	 1.0040e-07	     206.61	    0.15606	-9.7531e+92	-9.7531e+92	  0.0020567	 4.2501e-05	     0.0000	-0.00020447	-0.00023683	  0.0014114	
0	21	    0.11871	     1.1938	     39.458	     2.9290	-9.7531e+92	-9.7531e+92	    0.34553	   0.060783	    0.16373	     0.0000	   -0.30028	   -0.10050	
0	22	 3.8423e-13	 3.8638e-12	     321.47	   0.027830	-9.7531e+92	-9.7531e+92	  0.0010612	 4.5509e-05	     0.0000	-0.00023840	-0.00028691	  0.0014789	
0	23	  0.0011406	   0.011469	     119.13	    0.99543	-9.7531e+92	-9.7531e+92	   0.010580	 0.00068490	     0.0000	-6.9518e-05	 -0.0029698	  0.0033764	
0	24	  0.0030509	   0.030680	     123.34	    0.90511	-9.7531e+92	-9.7531e+92	  0.0088680	  0.0016444	  0.0037952	 2.1193e-05	 -0.0028861	-0.00044417	
1	0	   0.032369	    0.49830	     35.562	     2.9528	-9.7531e+92	-9.7531e+92	    0.34501	   0.021788	     0.0000	-0.00018828	  -0.050547	  0.0099628	
1	1	     0.0000	     0.0000	     0.0000	     3.0000	-9.7531e+92	-9.7531e+92	     8.0541	     0.0000	     6.7170	     0.0000	     0.0000	     0.0000	
1	2	 0.00046948	  0.0072275	     184.62	    0.23778	-9.7531e+92	-9.7531e+92	    0.26023	 0.00050466	     0.0000	 -0.0013749	  0.0013523	   0.035765	
1	3	 8.5234e-05	  0.0013122	     244.14	   0.082134	-9.7531e+92	-9.7531e+92	    0.89840	 0.00014023	     0.0000	 -0.0028156	 0.00047441	   0.061540	
1	4	 5.0290e-06	 7.7419e-05	     272.02	   0.053810	-9.7531e+92	-9.7531e+92	    0.13899	 7.2671e-05	     0.0000	 -0.0013968	 0.00019162	   0.025290	
1	5	 0.00012598	  0.0019394	     161.91	    0.38106	-9.7531e+92	-9.7531e+92	    0.18433	 0.00018160	     0.0000	 -0.0014273	 0.00048182	   0.034476	
1	6	  0.0018319	   0.028202	     96.519	     1.6061	-9.7531e+92	-9.7531e+92	   0.075146	  0.0019287	     0.0000	-0.00067610	  0.0044137	  0.0064903	
1	7	   0.013387	    0.20608	     75.481	     2.2648	-9.7531e+92	-9.7531e+92	    0.25880	   0.011573	     0.0000	-8.1732e-05	   0.034101	   0.033099	
1	8	 7.0731e-06	 0.00010889	     184.58	    0.23797	-9.7531e+92	-9.7531e+92	  0.0023567	 7.3637e-05	     0.0000	-2.3619e-05	 0.00017599	 0.00066225	
1	9	   0.016429	    0.25293	     55.376	     2.7421	-9.7531e+92	-9.7531e+92	    0.31334	   0.013490	     0.0000	-0.00016977	   0.047759	   0.030276	
1	10	 1.4338e-14	 2.2073e-13	     228.04	    0.10699	-9.7531e+92	-9.7531e+92	 0.00053167	 6.9683e-05	     0.0000	-7.5192e-07	 0.00014380	 8.1751e-06	
1	11	 5.3335e-08	 8.2108e-07	     185.20	    0.23505	-9.7531e+92	-9.7531e+92	   0.015628	 6.4687e-05	     0.0000	-0.00030865	 0.00020109	  0.0058106	
1	12	 3.2599e-14	 5.0186e-13	     231.78	    0.10046	-9.7531e+92	-9.7531e+92	 0.00053653	 7.0965e-05	     0.0000	-1.2258e-06	 0.00010928	 1.3024e-05	
1	13	    0.86440	     13.307	     57.043	     2.7128	-9.7531e+92	-9.7531e+92	     3.7622	    0.60295	    0.93300	  0.0066396	     2.1665	   -0.27412	
1	14	   0.050330	    0.77482	     88.839	     1.8485	-9.7531e+92	-9.7531e+92	    0.51436	   0.046219	     0.0000	 -0.0029166	    0.14972	   0.024237	
1	15	 0.00089796	   0.013824	     167.83	    0.33581	-9.7531e+92	-9.7531e+92	    0.17632	 0.00095169	     0.0000	     0.0000	  0.0020857	   0.024651	
1	16	 8.9763e-14	 1.3819e-12	     207.46	    0.15366	-9.7531e+92	-9.7531e+92	 0.00090927	 7.2406e-05	     0.0000	-3.7867e-06	 7.1463e-05	 0.00011377	
1	17	 1.0444e-13	 1.6078e-12	     342.57	   0.021626	-9.7531e+92	-9.7531e+92	  0.0040760	 7.4873e-05	     0.0000	-0.00012415	 5.9094e-05	  0.0011299	
1	18	  0.0046657	   0.071827	     111.77	     1.1715	-9.7531e+92	-9.7531e+92	    0.22432	  0.0043773	     0.0000	 -0.0041907	   0.011866	   0.031853	
1	19	 6.7959e-14	 1.0462e-12	     226.57	    0.10968	-9.7531e+92	-9.7531e+92	  0.0013764	 6.9337e-05	     0.0000	-1.4418e-05	 0.00014214	 0.00035190	
1	20	 2.9638e-07	 4.5627e-06	     199.20	    0.17914	-9.7531e+92	-9.7531e+92	  0.0025901	 7.1650e-05	     0.0000	-6.5785e-05	 0.00010704	 0.00073010	
1	21	   0.014783	    0.22758	     57.297	     2.7081	-9.7531e+92	-9.7531e+92	    0.14447	   0.012583	     0.0000	-8.9459e-06	   0.042952	  0.0018819	
1	22	 4.6267e-13	 7.1227e-12	     312.59	   0.031097	-9.7531e+92	-9.7531e+92	  0.0024801	 7.4200e-05	     0.0000	-7.6722e-05	 7.3933e-05	 0.00076515	
1	23	 0.00017364	  0.0026732	     132.72	    0.73117	-9.7531e+92	-9.7531e+92	   0.010841	 0.00020478	     0.0000	-9.2735e-06	  0.0010852	  0.0011304	
1	24	 3.5125e-05	 0.00054073	     142.19	    0.58963	-9.7531e+92	-9.7531e+92	  0.0017405	 8.6523e-05	     0.0000	-2.8334e-06	 0.00047034	 0.00012271	
2	0	  0.0071703	   0.024244	     211.35	    0.14318	-9.7531e+92	-9.7531e+92	   0.038164	  0.0052620	     0.0000	  -0.013028	  -0.034813	    0.24667	
2	1	   0.095246	    0.32205	     184.62	    0.23778	-9.7531e+92	-9.7531e+92	    0.13512	   0.057107	     0.0000	  0.0084668	   -0.32295	  -0.036159	
2	2	     0.0000	     0.0000	     0.0000	     3.0000	-9.7531e+92	-9.7531e+92	     1.7708	     0.0000	     1.5518	     0.0000	     0.0000	     0.0000	
2	3	   0.081868	    0.27681	     63.167	     2.5880	-9.7531e+92	-9.7531e+92	    0.19260	   0.042892	     0.0000	  -0.011964	   -0.82055	    0.21021	
2	4	    0.25938	    0.87702	     91.235	     1.7721	-9.7531e+92	-9.7531e+92	    0.25508	    0.14163	    0.10299	   0.090235	    -2.2269	    -1.4032	
2	5	   0.012103	   0.040922	     120.45	    0.96633	-9.7531e+92	-9.7531e+92	   0.062813	  0.0093700	     0.0000	  -0.039540	   -0.11070	    0.32391	
2	6	  0.0061638	   0.020841	     118.53	     1.0087	-9.7531e+92	-9.7531e+92	   0.013603	  0.0029565	     0.0000	     0.0000	  -0.013836	   0.012179	
2	7	  0.0015925	  0.0053844	     153.12	    0.46179	-9.7531e+92	-9.7531e+92	   0.064669	  0.0012634	     0.0000	 -0.0030979	  -0.015314	    0.46836	
2	8	 1.4515e-05	 4.9080e-05	     174.51	    0.29198	-9.7531e+92	-9.7531e+92	 0.00068050	 6.6900e-05	     0.0000	-0.00074298	-0.00081180	  0.0077619	
2	9	  0.0076759	   0.025954	     133.64	    0.71608	-9.7531e+92	-9.7531e+92	   0.062997	  0.0058310	     0.0000	 -0.0062170	  -0.072038	    0.41535	
2	10	 4.8417e-12	 1.6371e-11	     213.20	    0.13850	-9.7531e+92	-9.7531e+92	 0.00011870	 5.6841e-05	     0.0000	-2.4408e-05	-0.00069056	 9.6575e-05	
2	11	 2.7685e-12	 9.3609e-12	     197.83	    0.18388	-9.7531e+92	-9.7531e+92	  0.0052592	 5.5318e-05	     0.0000	 -0.0099278	-0.00068565	   0.068619	
2	12	 1.0600e-12	 3.5842e-12	     181.48	    0.25322	-9.7531e+92	-9.7531e+92	 0.00012343	 5.6306e-05	     0.0000	-3.8471e-05	-0.00068156	 0.00015386	
2	13	    0.13492	    0.45620	     127.66	    0.82064	-9.7531e+92	-9.7531e+92	    0.26219	   0.066968	     0.0000	  -0.012342	    -1.2495	    0.21724	
2	14	    0.13034	    0.44071	     97.273	     1.5829	-9.7531e+92	-9.7531e+92	    0.18431	    0.10063	     0.0000	   0.070137	   -0.97982	   -0.21572	
2	15	    0.15354	    0.51916	     21.827	     2.9932	-9.7531e+92	-9.7531e+92	    0.17841	    0.10278	   0.031806	     0.0000	    -1.2296	   -0.75254	
2	16	 0.00025581	 0.00086494	     68.097	     2.4691	-9.7531e+92	-9.7531e+92	 0.00074877	 0.00020841	     0.0000	 4.2616e-06	 -0.0014981	-0.00032654	
2	17	 1.0113e-06	 3.4194e-06	     160.64	    0.39167	-9.7531e+92	-9.7531e+92	  0.0049174	 4.7970e-05	     0.0000	 -0.0030215	-0.00050350	   0.013338	
2	18	    0.10915	    0.36906	     137.27	    0.65930	-9.7531e+92	-9.7531e+92	    0.12989	   0.087160	     0.0000	    0.10845	   -0.91891	   -0.30703	
2	19	 9.6390e-05	 0.00032591	     139.30	    0.62950	-9.7531e+92	-9.7531e+92	  0.0012391	 0.00012997	     0.0000	-0.00037907	 -0.0014802	  0.0034796	
2	20	 0.00042133	  0.0014246	     139.77	    0.62284	-9.7531e+92	-9.7531e+92	  0.0012686	 0.00040939	     0.0000	 -0.0013599	 -0.0048412	  0.0056756	
2	21	 4.5215e-05	 0.00015288	     197.19	    0.18609	-9.7531e+92	-9.7531e+92	  0.0096672	 8.7248e-05	     0.0000	 -0.0015504	 -0.0010507	    0.12219	
2	22	 4.5213e-06	 1.5287e-05	     161.29	    0.38622	-9.7531e+92	-9.7531e+92	  0.0035750	 5.1556e-05	     0.0000	 -0.0018450	-0.00055739	  0.0090005	
2	23	 5.2452e-06	 1.7735e-05	     168.40	    0.33177	-9.7531e+92	-9.7531e+92	  0.0023022	 5.7173e-05	     0.0000	 -0.0012662	-0.00071789	   0.028547	
2	24	 1.1425e-11	 3.8632e-11	     210.29	    0.14595	-9.7531e+92	-9.7531e+92	 0.00028506	 5.3555e-05	     0.0000	-0.00021351	-0.00067680	  0.0030722	
3	0	  0.0041985	   0.018323	     273.88	   0.052386	-9.7531e+92	-9.7531e+92	   0.041163	  0.0057588	     0.0000	  -0.016180	    0.11680	   -0.18990	
3	1	   0.049042	    0.21403	     244.14	   0.082134	-9.7531e+92	-9.7531e+92	    0.12925	   0.041312	     0.0000	 -0.0017795	     1.0334	   -0.15456	
3	2	    0.21383	    0.93322	     63.167	     2.5880	-9.7531e+92	-9.7531e+92	    0.32635	    0.28793	   0.043664	    0.11665	     5.1976	    0.52764	
3	3	     0.0000	     0.0000	     0.0000	     3.0000	-9.7531e+92	-9.7531e+92	     2.3604	     0.0000	     1.8659	     0.0000	     0.0000	     0.0000	
3	4	    0.22313	    0.97380	     82.606	     2.0469	-9.7531e+92	-9.7531e+92	    0.31123	    0.25848	    0.11492	    0.20158	     5.4556	    0.62692	
3	5	   0.010977	   0.047908	     167.87	    0.33554	-9.7531e+92	-9.7531e+92	   0.080453	   0.017437	     0.0000	  -0.048085	    0.25971	   -0.16800	
3	6	 0.00046310	  0.0020211	     180.81	    0.25667	-9.7531e+92	-9.7531e+92	   0.012196	 0.00085806	     0.0000	  -0.027831	   0.012470	  -0.042799	
3	7	 0.00038797	  0.0016932	     215.68	    0.13250	-9.7531e+92	-9.7531e+92	   0.045887	 0.00066802	     0.0000	 -0.0036791	   0.010863	   -0.24582	
3	8	 2.4764e-12	 1.0808e-11	     221.29	    0.12010	-9.7531e+92	-9.7531e+92	 0.00083574	 0.00010670	     0.0000	-0.00087865	  0.0015490	 -0.0038594	
3	9	  0.0043180	   0.018845	     191.41	    0.20802	-9.7531e+92	-9.7531e+92	   0.078090	  0.0064117	     0.0000	 -0.0076557	    0.10417	   -0.22397	
3	10	 2.3172e-12	 1.0113e-11	     258.79	   0.065432	-9.7531e+92	-9.7531e+92	 0.00015302	 0.00011374	     0.0000	-2.8493e-05	  0.0015015	-4.6720e-05	
3	11	 1.0305e-13	 4.4975e-13	     244.71	   0.081388	-9.7531e+92	-9.7531e+92	  0.0067340	 0.00010805	     0.0000	  -0.011590	  0.0015247	  -0.033331	
3	12	 1.0614e-12	 4.6320e-12	     227.10	    0.10870	-9.7531e+92	-9.7531e+92	 0.00015658	 0.00011230	     0.0000	-4.4910e-05	  0.0015142	-7.4443e-05	
3	13	    0.20125	    0.87832	     188.65	    0.21955	-9.7531e+92	-9.7531e+92	    0.39024	    0.12190	     0.0000	     0.0000	 -0.0045052	  -0.020810	
3	14	    0.13090	    0.57130	     161.01	    0.38854	-9.7531e+92	-9.7531e+92	    0.24405	    0.20765	     0.0000	   0.083206	     3.4126	    0.12739	
3	15	    0.14558	    0.63534	     84.108	     1.9994	-9.7531e+92	-9.7531e+92	    0.23288	    0.17802	   0.043655	     0.0000	     3.8038	    0.35335	
3	16	 0.00033743	  0.0014726	     111.94	     1.1671	-9.7531e+92	-9.7531e+92	  0.0010463	 0.00055609	     0.0000	 0.00010699	   0.010903	 0.00049955	
3	17	  0.0023737	   0.010359	     122.41	    0.92444	-9.7531e+92	-9.7531e+92	  0.0085269	  0.0029688	     0.0000	 0.00085194	   0.073147	  0.0023707	
3	18	   0.013056	   0.056980	     199.21	    0.17912	-9.7531e+92	-9.7531e+92	   0.072247	   0.020741	     0.0000	   -0.13104	    0.32441	   -0.17299	
3	19	 2.1584e-05	 9.4197e-05	     184.07	    0.24039	-9.7531e+92	-9.7531e+92	  0.0014552	 0.00014513	     0.0000	-0.00050905	  0.0020444	 -0.0019553	
3	20	 8.7098e-06	 3.8011e-05	     185.64	    0.23299	-9.7531e+92	-9.7531e+92	  0.0012122	 0.00012758	     0.0000	 -0.0023937	  0.0017233	 -0.0041881	
3	21	 3.5819e-07	 1.5632e-06	     259.71	   0.064522	-9.7531e+92	-9.7531e+92	   0.011469	 9.6403e-05	     0.0000	 -0.0018144	  0.0016106	  -0.062557	
3	22	 0.00011055	 0.00048248	     164.94	    0.35711	-9.7531e+92	-9.7531e+92	  0.0045509	 0.00024921	     0.0000	 -0.0025651	  0.0047114	 -0.0040311	
3	23	 1.4995e-14	 6.5444e-14	     228.38	    0.10637	-9.7531e+92	-9.7531e+92	  0.0028537	 9.8735e-05	     0.0000	 -0.0014800	  0.0015716	  -0.013989	
3	24	 1.0977e-13	 4.7907e-13	     270.69	   0.054855	-9.7531e+92	-9.7531e+92	 0.00032088	 0.00010023	     0.0000	-0.00024925	  0.0015600	 -0.0014968	
4	0	  0.0029761	  0.0086260	     281.58	   0.046977	-9.7531e+92	-9.7531e+92	   0.022124	  0.0015261	     0.0000	  -0.017887	  -0.026676	    0.37920	
4	1	  0.0089849	   0.026042	     272.02	   0.053810	-9.7531e+92	-9.7531e+92	   0.057281	  0.0038073	     0.0000	   -0.10009	  -0.065041	    0.48510	
4	2	    0.26086	    0.75607	     91.235	     1.7721	-9.7531e+92	-9.7531e+92	    0.25524	   0.091043	   0.067502	   0.025949	    -3.3594	    -1.8320	
4	3	    0.28063	    0.81338	     82.606	     2.0469	-9.7531e+92	-9.7531e+92	    0.30233	   0.088158	     0.0000	   0.032416	    -3.8986	    -1.6208	
4	4	     0.0000	     0.0000	     0.0000	     3.0000	-9.7531e+92	-9.7531e+92	     1.5291	     0.0000	     1.3987	     0.0000	     0.0000	     0.0000	
4	5	   0.012169	   0.035269	     147.08	    0.52816	-9.7531e+92	-9.7531e+92	   0.045427	  0.0064946	     0.0000	  -0.050603	   -0.16041	    0.44978	
4	6	 0.00027539	 0.00079818	     179.35	    0.26441	-9.7531e+92	-9.7531e+92	  0.0069747	 0.00016613	     0.0000	  -0.020244	 -0.0042442	    0.12123	
4	7	 8.2838e-05	 0.00024010	     209.16	    0.14897	-9.7531e+92	-9.7531e+92	   0.026630	 7.6960e-05	     0.0000	 -0.0039862	 -0.0019360	    0.66583	
4	8	 1.0565e-05	 3.0621e-05	     186.41	    0.22946	-9.7531e+92	-9.7531e+92	 0.00059170	 4.2710e-05	     0.0000	-0.00093902	 -0.0010533	   0.010820	
4	9	 5.2421e-05	 0.00015194	     223.28	    0.11603	-9.7531e+92	-9.7531e+92	   0.037048	 6.0988e-05	     0.0000	 -0.0088047	 -0.0015562	    0.64968	
4	10	 6.2226e-13	 1.8036e-12	     204.61	    0.16194	-9.7531e+92	-9.7531e+92	 0.00010272	 3.7877e-05	     0.0000	-3.0739e-05	-0.00092557	 0.00013409	
4	11	 5.1570e-13	 1.4947e-12	     218.09	    0.12699	-9.7531e+92	-9.7531e+92	  0.0038185	 3.6976e-05	     0.0000	  -0.012503	-0.00092203	   0.095289	
4	12	 4.9879e-07	 1.4457e-06	     165.11	    0.35583	-9.7531e+92	-9.7531e+92	 0.00011359	 3.7550e-05	     0.0000	-4.7345e-05	-0.00091243	 0.00020876	
4	13	    0.11793	    0.34181	     217.30	    0.12878	-9.7531e+92	-9.7531e+92	    0.20120	   0.041221	     0.0000	  -0.015941	    -1.2423	    0.41742	
4	14	   0.058864	    0.17061	     184.55	    0.23808	-9.7531e+92	-9.7531e+92	    0.11776	   0.030917	     0.0000	  -0.093563	   -0.66640	    0.31927	
4	15	    0.17727	    0.51379	     106.18	     1.3210	-9.7531e+92	-9.7531e+92	    0.18164	   0.083346	   0.055964	     0.0000	    -2.2155	    -1.2717	
4	16	  0.0028673	  0.0083105	     75.439	     2.2661	-9.7531e+92	-9.7531e+92	  0.0023854	  0.0013611	  0.0016409	  0.0011778	  -0.031786	  -0.025237	
4	17	   0.035664	    0.10337	     73.525	     2.3215	-9.7531e+92	-9.7531e+92	   0.027877	   0.012959	   0.022187	   0.016913	   -0.22454	   -0.16057	
4	18	  0.0075758	   0.021958	     186.18	    0.23049	-9.7531e+92	-9.7531e+92	   0.044529	  0.0040846	     0.0000	   -0.15722	  -0.093277	    0.49266	
4	19	  0.0066805	   0.019363	     119.82	    0.98008	-9.7531e+92	-9.7531e+92	  0.0057114	  0.0035015	  0.0037996	  0.0058399	  -0.082330	  -0.059121	
4	20	  0.0010715	  0.0031055	     135.08	    0.69295	-9.7531e+92	-9.7531e+92	  0.0017000	 0.00063970	     0.0000	-0.00034233	  -0.015496	  0.0015757	
4	21	 8.8476e-08	 2.5644e-07	     253.96	   0.070430	-9.7531e+92	-9.7531e+92	  0.0059613	 3.5105e-05	     0.0000	 -0.0019574	-0.00087265	    0.17038	
4	22	   0.026031	   0.075447	     82.638	     2.0459	-9.7531e+92	-9.7531e+92	   0.020736	  0.0092778	   0.016808	  0.0076682	   -0.15688	   -0.10834	
4	23	 3.4302e-13	 9.9421e-13	     212.30	    0.14074	-9.7531e+92	-9.7531e+92	  0.0016100	 3.5740e-05	     0.0000	 -0.0015966	-0.00090911	   0.039702	
4	24	 6.4788e-13	 1.8778e-12	     253.16	   0.071301	-9.7531e+92	-9.7531e+92	 0.00019354	 3.6002e-05	     0.0000	-0.00026889	-0.00091506	  0.0042667	
5	0	   0.094465	    0.14495	     169.69	    0.32292	-9.7531e+92	-9.7531e+92	   0.060077	   0.060378	     0.0000	   0.016206	   -0.94361	  0.0079240	
5	1	    0.10289	    0.15788	     161.91	    0.38106	-9.7531e+92	-9.7531e+92	   0.076392	   0.064338	     0.0000	   0.023042	   -0.64880	   0.013555	
5	2	   0.043186	   0.066266	     120.45	    0.96633	-9.7531e+92	-9.7531e+92	   0.034011	   0.029568	     0.0000	  -0.020557	   -0.54832	   0.013533	
5	3	  0.0010814	  0.0016593	     167.87	    0.33554	-9.7531e+92	-9.7531e+92	   0.031170	 0.00074519	     0.0000	   -0.12413	  -0.014135	   0.056730	
5	4	  0.0042276	  0.0064869	     147.08	    0.52816	-9.7531e+92	-9.7531e+92	  0.0099726	  0.0030015	     0.0000	  -0.056250	  -0.055245	   0.027919	
5	5	     0.0000	     0.0000	     0.0000	     3.0000	-9.7531e+92	-9.7531e+92	    0.79370	     0.0000	    0.70237	     0.0000	     0.0000	     0.0000	
5	6	   0.046875	   0.071926	     72.218	     2.3585	-9.7531e+92	-9.7531e+92	   0.022491	   0.035281	  0.0026128	   0.092199	   -0.64476	  -0.030779	
5	7	   0.085641	    0.13141	     89.752	     1.8194	-9.7531e+92	-9.7531e+92	   0.079602	   0.054365	     0.0000	 0.00092238	    -1.0907	  -0.011609	
5	8	   0.012425	   0.019065	     54.235	     2.7611	-9.7531e+92	-9.7531e+92	  0.0058387	  0.0085936	  0.0040087	   0.010626	   -0.15049	  -0.010762	
5	9	 0.00094409	  0.0014486	     134.70	    0.69890	-9.7531e+92	-9.7531e+92	   0.026128	 0.00064070	     0.0000	-0.00099263	  -0.013178	   0.056012	
5	10	 8.6637e-05	 0.00013294	     93.726	     1.6933	-9.7531e+92	-9.7531e+92	 0.00010752	 0.00010276	     0.0000	 0.00016356	 -0.0016143	-2.7308e-05	
5	11	    0.16378	    0.25131	     77.490	     2.2050	-9.7531e+92	-9.7531e+92	   0.064981	    0.11465	   0.049905	    0.22165	    -1.9868	   -0.15182	
5	12	 1.8898e-05	 2.8998e-05	     80.590	     2.1100	-9.7531e+92	-9.7531e+92	 0.00011253	 5.9960e-05	     0.0000	-7.2977e-06	-0.00099578	 2.9594e-06	
5	13	    0.10589	    0.16248	     125.66	    0.85869	-9.7531e+92	-9.7531e+92	    0.11535	   0.060876	     0.0000	  -0.033913	   -0.88354	  -0.062615	
5	14	   0.092580	    0.14206	     108.09	     1.2686	-9.7531e+92	-9.7531e+92	   0.063442	   0.034075	     0.0000	-0.00042524	    -1.5613	   0.010085	
5	15	   0.015508	   0.023796	     104.94	     1.3557	-9.7531e+92	-9.7531e+92	   0.014433	   0.010824	     0.0000	     0.0000	   -0.20723	   0.023833	
5	16	 6.2488e-06	 9.5884e-06	     71.546	     2.3771	-9.7531e+92	-9.7531e+92	 7.8626e-05	 5.4663e-05	     0.0000	-0.00016290	 -0.0010100	 0.00018638	
5	17	 5.1532e-13	 7.9072e-13	     219.60	    0.12368	-9.7531e+92	-9.7531e+92	 0.00026747	 5.2059e-05	     0.0000	 -0.0055215	-0.00095801	  0.0018791	
5	18	    0.15648	    0.24010	     53.346	     2.7752	-9.7531e+92	-9.7531e+92	   0.095694	    0.10757	 0.00072420	    0.30774	    -1.9876	  -0.059522	
5	19	  0.0021396	  0.0032831	     64.874	     2.5486	-9.7531e+92	-9.7531e+92	  0.0011985	  0.0014013	 0.00018636	 0.00088220	  -0.022370	 0.00030095	
5	20	   0.017148	   0.026312	     39.691	     2.9273	-9.7531e+92	-9.7531e+92	  0.0070100	   0.010639	  0.0050176	   0.024327	   -0.16435	   0.013076	
5	21	  0.0032789	  0.0050312	     132.91	    0.72808	-9.7531e+92	-9.7531e+92	   0.010121	  0.0024147	     0.0000	 -0.0018024	  -0.045013	   0.012215	
5	22	 4.6846e-07	 7.1883e-07	     151.89	    0.47454	-9.7531e+92	-9.7531e+92	 0.00019121	 4.9966e-05	     0.0000	 -0.0033953	-0.00088310	  0.0012520	
5	23	   0.051259	   0.078653	     65.633	     2.5304	-9.7531e+92	-9.7531e+92	   0.021264	   0.038440	   0.014893	   0.020708	   -0.72249	  -0.045365	
5	24	 9.3337e-05	 0.00014322	     106.34	     1.3165	-9.7531e+92	-9.7531e+92	 0.00064474	 0.00012049	     0.0000	-0.00023819	 -0.0022753	 0.00033697	
6	0	   0.043996	   0.048241	     105.31	     1.3454	-9.7531e+92	-9.7531e+92	   0.021135	  0.0059645	     0.0000	-2.9050e-05	   0.049707	 0.00046161	
6	1	   0.091654	    0.10050	     96.519	     1.6061	-9.7531e+92	-9.7531e+92	   0.047195	   0.012333	     0.0000	 5.1550e-05	    0.18739	-0.00018239	
6	2	    0.67278	    0.73770	     118.53	     1.0087	-9.7531e+92	-9.7531e+92	    0.19588	    0.11939	    0.12486	  0.0043736	     1.2781	  -0.035942	
6	3	 4.7409e-05	 5.1984e-05	     180.81	    0.25667	-9.7531e+92	-9.7531e+92	   0.029779	 1.9521e-05	     0.0000	-0.00094826	 0.00022499	  0.0065145	
6	4	 0.00036802	 0.00040353	     179.35	    0.26441	-9.7531e+92	-9.7531e+92	   0.029358	 7.8980e-05	     0.0000	-0.00046647	 0.00081625	  0.0026747	
6	5	  0.0038572	  0.0042294	     72.218	     2.3585	-9.7531e+92	-9.7531e+92	   0.015248	 0.00066672	     0.0000	     0.0000	  0.0087401	     0.0000	
6	6	     0.0000	     0.0000	     0.0000	     3.0000	-9.7531e+92	-9.7531e+92	    0.55093	     0.0000	    0.53673	     0.0000	     0.0000	     0.0000	
6	7	   0.014849	   0.016282	     34.871	     2.9563	-9.7531e+92	-9.7531e+92	   0.018956	  0.0024854	     0.0000	-2.6891e-05	   0.028843	  0.0034547	
6	8	 0.00020790	 0.00022796	     109.28	     1.2365	-9.7531e+92	-9.7531e+92	 0.00022917	 5.0539e-05	     0.0000	-6.5861e-06	 0.00054993	 5.8555e-05	
6	9	  0.0079879	  0.0087587	     62.827	     2.5956	-9.7531e+92	-9.7531e+92	   0.017978	  0.0013395	     0.0000	-6.6355e-05	   0.015718	  0.0037681	
6	10	 7.7661e-09	 8.5155e-09	     153.37	    0.45919	-9.7531e+92	-9.7531e+92	 3.8066e-05	 1.2834e-05	     0.0000	-2.3781e-07	 0.00012216	 8.8156e-07	
6	11	 1.9871e-06	 2.1789e-06	     117.04	     1.0431	-9.7531e+92	-9.7531e+92	  0.0012869	 1.2825e-05	     0.0000	-0.00010648	 0.00012393	 0.00062653	
6	12	 4.0614e-08	 4.4533e-08	     152.49	    0.46823	-9.7531e+92	-9.7531e+92	 3.8755e-05	 1.2848e-05	     0.0000	-4.1194e-07	 0.00011826	 1.4026e-06	
6	13	   0.052391	   0.057446	     53.773	     2.7685	-9.7531e+92	-9.7531e+92	   0.064704	  0.0064429	     0.0000	-0.00043248	   0.043229	  0.0051819	
6	14	   0.073366	   0.080445	     41.508	     2.9135	-9.7531e+92	-9.7531e+92	   0.047383	   0.012305	     0.0000	-0.00023146	    0.13696	  0.0012565	
6	15	 0.00098479	  0.0010798	     96.746	     1.5991	-9.7531e+92	-9.7531e+92	   0.021582	 0.00018925	     0.0000	     0.0000	  0.0019841	  0.0026404	
6	16	 3.9853e-07	 4.3699e-07	     111.89	     1.1685	-9.7531e+92	-9.7531e+92	 0.00011024	 1.2960e-05	     0.0000	-1.2722e-06	 0.00011438	 1.2255e-05	
6	17	 3.0207e-13	 3.3122e-13	     251.72	   0.072906	-9.7531e+92	-9.7531e+92	 0.00059878	 1.3260e-05	     0.0000	-4.1798e-05	 0.00010974	 0.00012187	
6	18	   0.033817	   0.037080	     36.723	     2.9464	-9.7531e+92	-9.7531e+92	   0.028139	  0.0059410	     0.0000	-0.00069269	   0.064288	  0.0016636	
6	19	 1.4506e-06	 1.5906e-06	     133.74	    0.71443	-9.7531e+92	-9.7531e+92	 0.00018081	 1.3024e-05	     0.0000	-2.7231e-06	 0.00012368	 3.7834e-05	
6	20	 1.9351e-05	 2.1218e-05	     111.59	     1.1762	-9.7531e+92	-9.7531e+92	 0.00024923	 1.6457e-05	     0.0000	-1.5007e-05	 0.00015845	 7.7456e-05	
6	21	  0.0032805	  0.0035970	     78.899	     2.1621	-9.7531e+92	-9.7531e+92	  0.0041559	 0.00058421	     0.0000	-1.3642e-05	  0.0061913	 0.00091394	
6	22	 2.5260e-12	 2.7697e-12	     216.08	    0.13159	-9.7531e+92	-9.7531e+92	 0.00043635	 1.3134e-05	     0.0000	-2.5831e-05	 0.00011318	 8.2472e-05	
6	23	 0.00037893	 0.00041550	     73.330	     2.3271	-9.7531e+92	-9.7531e+92	 0.00068733	 7.9114e-05	     0.0000	-1.2341e-05	 0.00091174	 0.00023681	
6	24	 1.2643e-05	 1.3863e-05	     108.13	     1.2674	-9.7531e+92	-9.7531e+92	 0.00010315	 1.4206e-05	     0.0000	-2.2245e-06	 0.00014830	 2.7245e-05	
7	0	    0.16317	    0.32594	     80.265	     2.1201	-9.7531e+92	-9.7531e+92	    0.11240	    0.11426	  0.0052637	   0.057618	    -1.2061	    0.21703	
7	1	    0.13076	    0.26119	     75.481	     2.2648	-9.7531e+92	-9.7531e+92	    0.11437	    0.10173	     0.0000	   0.083864	  -0.081749	    0.11872	
7	2	  0.0026286	  0.0052507	     153.12	    0.46179	-9.7531e+92	-9.7531e+92	   0.020875	  0.0023833	     0.0000	  -0.078296	  -0.017912	  -0.066656	
7	3	 6.0084e-05	 0.00012002	     215.68	    0.13250	-9.7531e+92	-9.7531e+92	   0.047391	 0.00011219	     0.0000	   -0.16594	-0.00075257	   -0.13673	
7	4	 1.2590e-05	 2.5149e-05	     209.16	    0.14897	-9.7531e+92	-9.7531e+92	  0.0085159	 7.3957e-05	     0.0000	  -0.082288	-0.00054679	  -0.045249	
7	5	   0.091660	    0.18310	     89.752	     1.8194	-9.7531e+92	-9.7531e+92	   0.073897	   0.073412	     0.0000	   0.050629	   -0.57767	   0.026327	
7	6	   0.013318	   0.026603	     34.871	     2.9563	-9.7531e+92	-9.7531e+92	   0.014303	   0.012810	     0.0000	  0.0014682	   -0.10367	 0.00031044	
7	7	     0.0000	     0.0000	     0.0000	     3.0000	-9.7531e+92	-9.7531e+92	     1.0566	     0.0000	    0.91475	     0.0000	     0.0000	     0.0000	
7	8	 0.00081694	  0.0016319	     109.89	     1.2203	-9.7531e+92	-9.7531e+92	  0.0010753	 0.00072819	     0.0000	-4.7788e-05	 -0.0053008	-0.00022042	
7	9	    0.11746	    0.23463	     64.406	     2.5596	-9.7531e+92	-9.7531e+92	   0.094949	   0.099349	     0.0000	  0.0092607	   -0.84622	   0.041342	
7	10	 2.5602e-07	 5.1142e-07	     153.29	    0.46001	-9.7531e+92	-9.7531e+92	 7.2866e-05	 5.7786e-05	     0.0000	-3.0976e-05	-0.00041959	-8.8555e-06	
7	11	 4.4372e-05	 8.8636e-05	     112.26	     1.1591	-9.7531e+92	-9.7531e+92	  0.0061438	 8.7849e-05	     0.0000	 -0.0023967	-0.00058277	 -0.0065397	
7	12	 3.0816e-08	 6.1556e-08	     158.06	    0.41430	-9.7531e+92	-9.7531e+92	 7.3673e-05	 5.6483e-05	     0.0000	-4.0028e-05	-0.00040281	-1.4369e-05	
7	13	    0.18647	    0.37249	     57.312	     2.7078	-9.7531e+92	-9.7531e+92	    0.19415	    0.13349	     0.0000	  0.0014098	   -0.62157	  0.0065110	
7	14	   0.097095	    0.19395	     65.464	     2.5345	-9.7531e+92	-9.7531e+92	   0.095527	   0.082785	     0.0000	  0.0055562	   -0.58594	  0.0018851	
7	15	  0.0014933	  0.0029829	     131.62	    0.74982	-9.7531e+92	-9.7531e+92	   0.011531	  0.0014380	     0.0000	     0.0000	  -0.011843	  -0.034196	
7	16	 9.3044e-07	 1.8586e-06	     137.28	    0.65913	-9.7531e+92	-9.7531e+92	 9.0953e-05	 6.6569e-05	     0.0000	-0.00022203	-0.00057599	-0.00012200	
7	17	 5.1791e-14	 1.0346e-13	     281.54	   0.047004	-9.7531e+92	-9.7531e+92	 0.00027615	 6.7867e-05	     0.0000	 -0.0073151	-0.00058704	 -0.0012698	
7	18	    0.15778	    0.31517	     38.248	     2.9371	-9.7531e+92	-9.7531e+92	    0.10934	   0.056735	     0.0000	     0.0000	    -1.2837	     0.0000	
7	19	 1.0308e-05	 2.0591e-05	     154.38	    0.44913	-9.7531e+92	-9.7531e+92	 0.00021857	 6.9439e-05	     0.0000	-0.00073190	-0.00054450	-0.00040385	
7	20	 6.5621e-05	 0.00013108	     126.68	    0.83907	-9.7531e+92	-9.7531e+92	 0.00078723	 0.00011021	     0.0000	 -0.0018402	-0.00079351	-0.00081605	
7	21	   0.031607	   0.063136	     44.967	     2.8822	-9.7531e+92	-9.7531e+92	   0.028968	   0.026206	     0.0000	  0.0021938	   -0.21379	   0.011500	
7	22	 2.2084e-14	 4.4115e-14	     241.36	   0.085874	-9.7531e+92	-9.7531e+92	 0.00018755	 6.6771e-05	     0.0000	 -0.0045207	-0.00056465	-0.00088978	
7	23	  0.0041795	  0.0083487	     58.677	     2.6821	-9.7531e+92	-9.7531e+92	  0.0045961	  0.0037081	     0.0000	 5.0687e-05	  -0.029586	 6.0886e-05	
7	24	  0.0013678	  0.0027323	     84.614	     1.9834	-9.7531e+92	-9.7531e+92	  0.0010406	  0.0012225	 3.2938e-05	 0.00084947	 -0.0090999	 0.00063449	
8	0	   0.072878	   0.052354	     172.11	    0.30693	-9.7531e+92	-9.7531e+92	   0.025019	  0.0016255	     0.0000	 0.00071205	   -0.31168	  -0.075018	
8	1	   0.091269	   0.065566	     184.58	    0.23797	-9.7531e+92	-9.7531e+92	   0.032294	  0.0019922	     0.0000	 0.00058366	   -0.34880	  -0.015214	
8	2	 0.00024654	 0.00017711	     174.51	    0.29198	-9.7531e+92	-9.7531e+92	  0.0072958	 7.1250e-06	     0.0000	 -0.0057266	 -0.0015095	    0.28341	
8	3	 0.00022468	 0.00016140	     221.29	    0.12010	-9.7531e+92	-9.7531e+92	   0.017392	 6.3662e-06	     0.0000	  -0.011672	 -0.0013806	    0.48884	
8	4	 0.00011350	 8.1538e-05	     186.41	    0.22946	-9.7531e+92	-9.7531e+92	  0.0031475	 4.0930e-06	     0.0000	 -0.0057637	-0.00087570	    0.19855	
8	5	    0.13854	   0.099521	     54.235	     2.7611	-9.7531e+92	-9.7531e+92	   0.034113	  0.0028650	     0.0000	  0.0069410	   -0.67031	   -0.34965	
8	6	   0.014735	   0.010585	     109.28	     1.2365	-9.7531e+92	-9.7531e+92	  0.0053297	 0.00035619	     0.0000	 0.00046243	  -0.074083	 -0.0083159	
8	7	   0.032282	   0.023191	     109.89	     1.2203	-9.7531e+92	-9.7531e+92	   0.037545	 0.00071520	     0.0000	-0.00022866	   -0.15924	    0.17406	
8	8	     0.0000	     0.0000	     0.0000	     3.0000	-9.7531e+92	-9.7531e+92	    0.35955	     0.0000	    0.35870	     0.0000	     0.0000	     0.0000	
8	9	 1.7069e-05	 1.2262e-05	     171.65	    0.30991	-9.7531e+92	-9.7531e+92	   0.010812	 1.8606e-06	     0.0000	-0.00092510	-0.00041494	    0.31041	
8	10	 0.00062714	 0.00045052	     44.054	     2.8911	-9.7531e+92	-9.7531e+92	 0.00014129	 1.2168e-05	 8.3561e-05	 5.9996e-05	 -0.0020013	 -0.0015288	
8	11	  0.0098842	  0.0071006	     32.525	     2.9668	-9.7531e+92	-9.7531e+92	  0.0045943	 0.00022394	     0.0000	 1.2637e-05	  -0.046884	-0.00046933	
8	12	 0.00066397	 0.00047698	     55.069	     2.7473	-9.7531e+92	-9.7531e+92	 0.00016527	 1.4449e-05	 0.00010170	 8.6114e-05	 -0.0027014	 -0.0021222	
8	13	    0.22528	    0.16184	     162.59	    0.37553	-9.7531e+92	-9.7531e+92	   0.071454	  0.0046135	     0.0000	  0.0016713	   -0.87248	   -0.14620	
8	14	   0.054597	   0.039222	     146.54	    0.53466	-9.7531e+92	-9.7531e+92	   0.023122	  0.0011107	     0.0000	  -0.010254	   -0.25811	    0.17538	
8	15	 9.6646e-05	 6.9429e-05	     159.01	    0.40580	-9.7531e+92	-9.7531e+92	  0.0038887	 3.7874e-06	     0.0000	     0.0000	-0.00081231	    0.19581	
8	16	 4.2050e-07	 3.0208e-07	     112.87	     1.1438	-9.7531e+92	-9.7531e+92	 3.2862e-05	 1.6257e-06	     0.0000	-1.5683e-05	-0.00034091	 0.00087783	
8	17	 1.7193e-13	 1.2351e-13	     258.50	   0.065716	-9.7531e+92	-9.7531e+92	 0.00010126	 1.6235e-06	     0.0000	-0.00051522	-0.00033822	  0.0087480	
8	18	    0.31942	    0.22946	     75.421	     2.2666	-9.7531e+92	-9.7531e+92	   0.069466	  0.0072121	   0.025003	   0.078212	    -1.5403	    -1.1308	
8	19	  0.0042941	  0.0030848	     80.536	     2.1117	-9.7531e+92	-9.7531e+92	 0.00093825	 9.1554e-05	 0.00046441	 0.00022997	  -0.019620	  -0.015184	
8	20	   0.016277	   0.011693	     51.987	     2.7958	-9.7531e+92	-9.7531e+92	  0.0032840	 0.00035959	  0.0023512	  0.0027060	  -0.077406	  -0.065287	
8	21	  0.0043445	  0.0031210	     132.38	    0.73687	-9.7531e+92	-9.7531e+92	  0.0047080	 0.00010371	     0.0000	-0.00015606	  -0.021848	   0.061761	
8	22	 1.8731e-08	 1.3456e-08	     168.70	    0.32968	-9.7531e+92	-9.7531e+92	 6.9513e-05	 1.6067e-06	     0.0000	-0.00031349	-0.00033598	  0.0059294	
8	23	   0.011818	  0.0084894	     54.810	     2.7517	-9.7531e+92	-9.7531e+92	  0.0032759	 0.00028196	 0.00029319	 0.00031622	  -0.059385	  -0.035447	
8	24	  0.0023922	  0.0017185	     77.960	     2.1908	-9.7531e+92	-9.7531e+92	 0.00056394	 5.7663e-05	 0.00020155	 0.00011938	  -0.012121	 -0.0088597	
9	0	    0.12955	    0.22839	     86.890	     1.9108	-9.7531e+92	-9.7531e+92	   0.079666	   0.081478	     0.0000	   0.024870	     1.4488	    0.22348	
9	1	    0.21801	    0.38435	     55.376	     2.7421	-9.7531e+92	-9.7531e+92	    0.13175	    0.14766	     0.0000	    0.15626	     3.2799	    0.42608	
9	2	   0.011287	   0.019899	     133.64	    0.71608	-9.7531e+92	-9.7531e+92	   0.022179	  0.0092806	     0.0000	  -0.041978	    0.16248	   -0.13715	
9	3	  0.0019961	  0.0035190	     191.41	    0.20802	-9.7531e+92	-9.7531e+92	   0.041833	  0.0016086	     0.0000	   -0.10159	   0.029778	   -0.29184	
9	4	 0.00025208	 0.00044441	     223.28	    0.11603	-9.7531e+92	-9.7531e+92	  0.0081173	 0.00026974	     0.0000	  -0.050982	  0.0045410	   -0.11339	
9	5	  0.0026281	  0.0046333	     134.70	    0.69890	-9.7531e+92	-9.7531e+92	   0.046327	  0.0022740	     0.0000	  -0.056449	   0.037895	   -0.13983	
9	6	   0.016601	   0.029268	     62.827	     2.5956	-9.7531e+92	-9.7531e+92	   0.013065	   0.014799	     0.0000	  0.0082686	    0.23286	  0.0089745	
9	7	   0.022395	   0.039483	     64.406	     2.5596	-9.7531e+92	-9.7531e+92	   0.043294	   0.016137	     0.0000	 -0.0025377	    0.33433	   -0.12080	
9	8	 9.3359e-06	 1.6459e-05	     171.65	    0.30991	-9.7531e+92	-9.7531e+92	 0.00044570	 6.7345e-05	     0.0000	-0.00087291	  0.0010531	 -0.0026952	
9	9	     0.0000	     0.0000	     0.0000	     3.0000	-9.7531e+92	-9.7531e+92	    0.93402	     0.0000	    0.81266	     0.0000	     0.0000	     0.0000	
9	10	 8.0605e-13	 1.4211e-12	     215.04	    0.13402	-9.7531e+92	-9.7531e+92	 6.2661e-05	 6.1148e-05	     0.0000	-2.8543e-05	 0.00090591	-3.2766e-05	
9	11	 1.9371e-07	 3.4151e-07	     175.31	    0.28718	-9.7531e+92	-9.7531e+92	  0.0038533	 5.9752e-05	     0.0000	  -0.011610	 0.00091276	  -0.023403	
9	12	 2.6831e-13	 4.7302e-13	     214.99	    0.13415	-9.7531e+92	-9.7531e+92	 6.3221e-05	 6.1149e-05	     0.0000	-4.4989e-05	 0.00090468	-5.2212e-05	
9	13	    0.15659	    0.27606	     9.0540	     2.9998	-9.7531e+92	-9.7531e+92	    0.16431	    0.10048	     0.0000	 -0.0098264	     2.0612	  -0.088569	
9	14	    0.32903	    0.58008	     38.749	     2.9339	-9.7531e+92	-9.7531e+92	    0.17907	    0.14980	   0.010644	     0.0000	     3.1267	     0.0000	
9	15	   0.010539	   0.018581	     117.55	     1.0311	-9.7531e+92	-9.7531e+92	   0.014078	  0.0087816	     0.0000	     0.0000	    0.15052	  -0.080586	
9	16	 1.3122e-11	 2.3133e-11	     159.83	    0.39862	-9.7531e+92	-9.7531e+92	 8.1397e-05	 6.0110e-05	     0.0000	-0.00013898	 0.00091624	-0.00045381	
9	17	 1.0532e-12	 1.8567e-12	     293.28	   0.040011	-9.7531e+92	-9.7531e+92	 0.00025452	 6.2449e-05	     0.0000	 -0.0045564	 0.00089160	 -0.0045454	
9	18	   0.074616	    0.13155	     96.665	     1.6016	-9.7531e+92	-9.7531e+92	   0.056063	   0.059797	     0.0000	   0.034070	     1.0659	   0.032478	
9	19	 1.0342e-07	 1.8233e-07	     193.08	    0.20137	-9.7531e+92	-9.7531e+92	 0.00016288	 6.0159e-05	     0.0000	-0.00052908	 0.00092194	 -0.0014267	
9	20	 4.3630e-06	 7.6920e-06	     174.09	    0.29453	-9.7531e+92	-9.7531e+92	 0.00049729	 6.4530e-05	     0.0000	 -0.0024065	 0.00097668	 -0.0029572	
9	21	   0.025935	   0.045723	     83.320	     2.0244	-9.7531e+92	-9.7531e+92	   0.021284	   0.021352	     0.0000	 0.00079510	    0.36927	   0.019479	
9	22	 5.1431e-13	 9.0673e-13	     266.14	   0.058633	-9.7531e+92	-9.7531e+92	 0.00017361	 6.2304e-05	     0.0000	 -0.0028158	 0.00089609	 -0.0030997	
9	23	 0.00051645	 0.00091049	     121.73	    0.93874	-9.7531e+92	-9.7531e+92	  0.0018782	 0.00050446	     0.0000	 -0.0012955	  0.0080691	 -0.0086008	
9	24	 4.0937e-05	 7.2172e-05	     149.07	    0.50520	-9.7531e+92	-9.7531e+92	 0.00027851	 9.2800e-05	     0.0000	-0.00022638	  0.0014879	-0.00095368	
10	0	   0.034498	   0.011833	     210.64	    0.14503	-9.7531e+92	-9.7531e+92	  0.0088244	 5.7855e-05	     0.0000	-3.7560e-05	 -0.0094665	  0.0049566	
10	1	   0.073797	   0.025312	     228.04	    0.10699	-9.7531e+92	-9.7531e+92	   0.013898	 0.00011453	     0.0000	-9.3734e-05	  -0.018261	  0.0030744	
10	2	 0.00047766	 0.00016384	     213.20	    0.13850	-9.7531e+92	-9.7531e+92	  0.0027463	 9.6488e-07	     0.0000	-0.00030181	-0.00016716	   0.018638	
10	3	 3.1094e-05	 1.0665e-05	     258.79	   0.065432	-9.7531e+92	-9.7531e+92	  0.0055059	 1.6578e-07	     0.0000	-0.00061843	-2.9570e-05	   0.032337	
10	4	 0.00045400	 0.00015572	     204.61	    0.16194	-9.7531e+92	-9.7531e+92	  0.0012711	 9.2435e-07	     0.0000	-0.00030330	-0.00016114	   0.013002	
10	5	    0.21327	   0.073152	     93.726	     1.6933	-9.7531e+92	-9.7531e+92	   0.023726	 0.00038318	  0.0033107	 0.00089348	  -0.067178	  -0.045846	
10	6	  0.0024873	 0.00085314	     153.37	    0.45919	-9.7531e+92	-9.7531e+92	  0.0015384	 4.8308e-06	     0.0000	-0.00013965	-0.00081318	  0.0031297	
10	7	  0.0093200	  0.0031968	     153.29	    0.46001	-9.7531e+92	-9.7531e+92	   0.015828	 1.6411e-05	     0.0000	-1.9260e-05	 -0.0029461	   0.018278	
10	8	    0.13042	   0.044732	     44.054	     2.8911	-9.7531e+92	-9.7531e+92	   0.011502	 0.00023968	   0.011093	 0.00056946	  -0.040587	  -0.038195	
10	9	 1.3430e-05	 4.6066e-06	     215.04	    0.13402	-9.7531e+92	-9.7531e+92	  0.0041032	 1.3960e-07	     0.0000	-4.8934e-05	-2.5268e-05	   0.020470	
10	10	     0.0000	     0.0000	     0.0000	     3.0000	-9.7531e+92	-9.7531e+92	    0.17152	     0.0000	    0.17149	     0.0000	     0.0000	     0.0000	
10	11	   0.010224	  0.0035067	     46.926	     2.8613	-9.7531e+92	-9.7531e+92	  0.0028932	 1.9065e-05	     0.0000	 3.0831e-06	 -0.0032154	-0.00013309	
10	12	  0.0082610	  0.0028335	     46.012	     2.8713	-9.7531e+92	-9.7531e+92	 0.00075575	 1.0289e-05	 0.00072540	 1.0194e-05	-0.00030800	-0.00017831	
10	13	   0.080393	   0.027575	     205.99	    0.15786	-9.7531e+92	-9.7531e+92	   0.022180	 0.00012248	     0.0000	-0.00022202	  -0.020061	   0.024430	
10	14	   0.033849	   0.011610	     190.48	    0.21181	-9.7531e+92	-9.7531e+92	  0.0089398	 5.8046e-05	     0.0000	-0.00087326	  -0.010158	   0.017444	
10	15	 0.00014689	 5.0385e-05	     197.67	    0.18443	-9.7531e+92	-9.7531e+92	  0.0014091	 3.8894e-07	     0.0000	     0.0000	-6.7587e-05	   0.012895	
10	16	 7.2712e-08	 2.4940e-08	     147.94	    0.51817	-9.7531e+92	-9.7531e+92	 1.4955e-05	 1.2778e-07	     0.0000	-8.3102e-07	-2.1566e-05	 5.7945e-05	
10	17	 1.9225e-12	 6.5940e-13	     270.72	   0.054831	-9.7531e+92	-9.7531e+92	 4.0899e-05	 1.2812e-07	     0.0000	-2.7255e-05	-2.1484e-05	 0.00057645	
10	18	    0.27827	   0.095447	     118.82	     1.0023	-9.7531e+92	-9.7531e+92	   0.032517	 0.00049406	   0.011288	  0.0034758	  -0.085502	  -0.062702	
10	19	   0.035255	   0.012092	     85.643	     1.9506	-9.7531e+92	-9.7531e+92	  0.0032499	 6.5707e-05	  0.0030236	 0.00017373	  -0.010985	  -0.010241	
10	20	   0.054726	   0.018771	     74.457	     2.2947	-9.7531e+92	-9.7531e+92	  0.0050888	 0.00010320	  0.0046434	 0.00059878	  -0.017338	  -0.016094	
10	21	 0.00021670	 7.4328e-05	     171.26	    0.31241	-9.7531e+92	-9.7531e+92	  0.0015955	 5.1509e-07	     0.0000	-1.0742e-05	-8.9350e-05	  0.0052997	
10	22	 4.3921e-07	 1.5065e-07	     176.66	    0.27933	-9.7531e+92	-9.7531e+92	 3.2551e-05	 1.2861e-07	     0.0000	-1.6768e-05	-2.1553e-05	 0.00039062	
10	23	   0.028312	  0.0097109	     95.614	     1.6342	-9.7531e+92	-9.7531e+92	  0.0032283	 5.2719e-05	  0.0018042	 5.2487e-05	 -0.0090913	 -0.0073237	
10	24	  0.0055810	  0.0019143	     102.71	     1.4197	-9.7531e+92	-9.7531e+92	 0.00055698	 1.0448e-05	 0.00038395	 1.7484e-05	 -0.0017989	 -0.0015578	
11	0	   0.074414	   0.033376	     167.10	    0.34103	-9.7531e+92	-9.7531e+92	   0.016236	  0.0061819	     0.0000	  0.0012146	   -0.17884	  -0.019175	
11	1	    0.14373	   0.064465	     185.20	    0.23505	-9.7531e+92	-9.7531e+92	   0.026001	   0.011667	     0.0000	   0.012090	   -0.26514	  -0.042561	
11	2	 0.00080405	 0.00036063	     197.83	    0.18388	-9.7531e+92	-9.7531e+92	  0.0036371	 7.5446e-05	     0.0000	 -0.0089640	 -0.0025610	   0.073095	
11	3	 1.2427e-05	 5.5735e-06	     244.71	   0.081388	-9.7531e+92	-9.7531e+92	  0.0092287	 6.5499e-06	     0.0000	  -0.018464	-0.00022681	    0.12588	
11	4	 4.5577e-06	 2.0442e-06	     218.09	    0.12699	-9.7531e+92	-9.7531e+92	  0.0016262	 6.2424e-06	     0.0000	 -0.0091542	-0.00021254	   0.052079	
11	5	    0.13977	   0.062691	     77.490	     2.2050	-9.7531e+92	-9.7531e+92	   0.020097	  0.0080934	     0.0000	 9.4718e-05	   -0.21915	 0.00064101	
11	6	  0.0016959	 0.00076065	     117.04	     1.0431	-9.7531e+92	-9.7531e+92	  0.0018027	 0.00016449	     0.0000	 -0.0044854	 -0.0055303	   0.013642	
11	7	   0.048808	   0.021891	     112.26	     1.1591	-9.7531e+92	-9.7531e+92	   0.028244	  0.0040741	     0.0000	-0.00020715	   -0.14707	   0.026401	
11	8	   0.021110	  0.0094684	     32.525	     2.9668	-9.7531e+92	-9.7531e+92	  0.0025615	  0.0018859	  0.0020266	  0.0027846	  -0.060863	  -0.024555	
11	9	 4.5136e-05	 2.0244e-05	     175.31	    0.28718	-9.7531e+92	-9.7531e+92	  0.0056218	 9.2524e-06	     0.0000	 -0.0014327	-0.00034101	   0.082252	
11	10	 0.00055914	 0.00025078	     46.926	     2.8613	-9.7531e+92	-9.7531e+92	 8.0319e-05	 5.5892e-05	 4.4277e-05	 0.00018446	 -0.0017060	-0.00067692	
11	11	     0.0000	     0.0000	     0.0000	     3.0000	-9.7531e+92	-9.7531e+92	    0.22593	     0.0000	    0.22152	     0.0000	     0.0000	     0.0000	
11	12	 0.00022888	 0.00010266	     77.218	     2.2132	-9.7531e+92	-9.7531e+92	 4.4503e-05	 2.6779e-05	 4.8156e-06	 7.6072e-05	-0.00082610	-0.00025690	
11	13	    0.14086	   0.063176	     166.60	    0.34470	-9.7531e+92	-9.7531e+92	   0.038063	   0.010641	     0.0000	 -0.0027608	   -0.28597	   0.032909	
11	14	  0.0047778	  0.0021430	     157.91	    0.41563	-9.7531e+92	-9.7531e+92	  0.0087000	 0.00030063	     0.0000	  -0.017979	  -0.015491	   0.099840	
11	15	 9.8295e-06	 4.4087e-06	     182.32	    0.24896	-9.7531e+92	-9.7531e+92	  0.0020643	 6.7592e-06	     0.0000	     0.0000	-0.00023609	   0.052158	
11	16	 1.4179e-07	 6.3597e-08	     142.85	    0.58099	-9.7531e+92	-9.7531e+92	 1.9556e-05	 6.2596e-06	     0.0000	-2.4799e-05	-0.00021319	 0.00023691	
11	17	 1.6898e-12	 7.5793e-13	     290.18	   0.041722	-9.7531e+92	-9.7531e+92	 5.5206e-05	 6.3667e-06	     0.0000	-0.00081363	-0.00021503	  0.0023530	
11	18	    0.39236	    0.17598	     81.269	     2.0888	-9.7531e+92	-9.7531e+92	   0.051342	   0.034114	   0.023582	    0.15848	    -1.1553	   -0.37766	
11	19	  0.0022684	  0.0010174	     108.78	     1.2499	-9.7531e+92	-9.7531e+92	 0.00031695	 0.00020524	 2.1110e-05	 0.00015200	 -0.0066692	 -0.0020644	
11	20	  0.0011724	 0.00052586	     83.734	     2.0113	-9.7531e+92	-9.7531e+92	 0.00036036	 0.00010780	     0.0000	-1.4908e-05	 -0.0034597	 7.5675e-05	
11	21	  0.0032718	  0.0014675	     128.65	    0.80225	-9.7531e+92	-9.7531e+92	  0.0029164	 0.00030199	     0.0000	-0.00026571	  -0.010294	   0.017659	
11	22	 1.6965e-10	 7.6091e-11	     200.45	    0.17499	-9.7531e+92	-9.7531e+92	 3.8386e-05	 6.2498e-06	     0.0000	-0.00050282	-0.00020778	  0.0015923	
11	23	   0.014096	  0.0063221	     53.605	     2.7712	-9.7531e+92	-9.7531e+92	  0.0022841	  0.0013163	 0.00042190	 0.00064714	  -0.044982	  -0.012317	
11	24	  0.0099965	  0.0044836	     56.094	     2.7297	-9.7531e+92	-9.7531e+92	  0.0012054	 0.00093677	 0.00097916	 0.00097176	  -0.031970	  -0.011805	
12	0	   0.046911	   0.016274	     226.76	    0.10933	-9.7531e+92	-9.7531e+92	  0.0096985	 0.00010501	     0.0000	-2.2849e-05	  -0.014432	  0.0019515	
12	1	   0.034961	   0.012128	     231.78	    0.10046	-9.7531e+92	-9.7531e+92	   0.010519	 7.3682e-05	     0.0000	-0.00064035	 -0.0096441	   0.013490	
12	2	  0.0046546	  0.0016147	     181.48	    0.25322	-9.7531e+92	-9.7531e+92	  0.0035093	 1.0975e-05	     0.0000	-0.00048753	 -0.0016381	   0.019634	
12	3	 0.00073338	 0.00025441	     227.10	    0.10870	-9.7531e+92	-9.7531e+92	  0.0066189	 1.7818e-06	     0.0000	 -0.0010617	-0.00027295	   0.036167	
12	4	   0.013319	  0.0046204	     165.11	    0.35583	-9.7531e+92	-9.7531e+92	  0.0029100	 3.1054e-05	     0.0000	-0.00037231	 -0.0046825	   0.010421	
12	5	    0.14397	   0.049943	     80.590	     2.1100	-9.7531e+92	-9.7531e+92	   0.018103	 0.00033857	     0.0000	 0.00082486	  -0.051352	  -0.028415	
12	6	 0.00028631	 9.9323e-05	     152.49	    0.46823	-9.7531e+92	-9.7531e+92	  0.0012389	 8.7236e-07	     0.0000	-0.00029219	-0.00012730	  0.0042801	
12	7	  0.0063162	  0.0021911	     158.06	    0.41430	-9.7531e+92	-9.7531e+92	   0.017258	 1.4660e-05	     0.0000	-3.4890e-05	 -0.0022669	   0.021624	
12	8	   0.079482	   0.027573	     55.069	     2.7473	-9.7531e+92	-9.7531e+92	  0.0073367	 0.00019099	  0.0069230	 0.00057210	  -0.027979	  -0.026100	
12	9	 2.1888e-06	 7.5931e-07	     214.99	    0.13415	-9.7531e+92	-9.7531e+92	  0.0040453	 1.5779e-07	     0.0000	-8.4546e-05	-2.4590e-05	   0.023102	
12	10	   0.017292	  0.0059987	     46.012	     2.8713	-9.7531e+92	-9.7531e+92	  0.0015160	 3.6993e-05	  0.0014881	 0.00023730	 -0.0038580	 -0.0035242	
12	11	   0.011855	  0.0041127	     77.218	     2.2132	-9.7531e+92	-9.7531e+92	  0.0025659	 2.9164e-05	     0.0000	 2.5403e-05	 -0.0042963	-0.00071132	
12	12	     0.0000	     0.0000	     0.0000	     3.0000	-9.7531e+92	-9.7531e+92	    0.17349	     0.0000	    0.17346	     0.0000	     0.0000	     0.0000	
12	13	    0.13551	   0.047008	     205.94	    0.15802	-9.7531e+92	-9.7531e+92	   0.025418	 0.00027666	     0.0000	-0.00017956	  -0.037675	   0.012697	
12	14	   0.019210	  0.0066641	     188.63	    0.21964	-9.7531e+92	-9.7531e+92	  0.0079304	 4.3400e-05	     0.0000	 -0.0018660	 -0.0065138	   0.024268	
12	15	  0.0011358	 0.00039402	     166.81	    0.34315	-9.7531e+92	-9.7531e+92	  0.0018007	 2.8670e-06	     0.0000	     0.0000	-0.00043061	   0.014222	
12	16	 2.0148e-06	 6.9894e-07	     115.95	     1.0685	-9.7531e+92	-9.7531e+92	 1.8280e-05	 1.7143e-07	     0.0000	-1.4209e-06	-2.5133e-05	 6.4810e-05	
12	17	 2.0490e-12	 7.1079e-13	     225.22	    0.11223	-9.7531e+92	-9.7531e+92	 7.1863e-05	 1.6668e-07	     0.0000	-4.7039e-05	-2.4332e-05	 0.00065128	
12	18	    0.34348	    0.11916	     120.73	    0.96010	-9.7531e+92	-9.7531e+92	   0.037622	 0.00080024	   0.016151	  0.0078142	   -0.11926	  -0.091933	
12	19	    0.11065	   0.038385	     44.530	     2.8865	-9.7531e+92	-9.7531e+92	  0.0097324	 0.00026535	  0.0095036	 0.00079097	  -0.038565	  -0.036298	
12	20	   0.025052	  0.0086907	     45.010	     2.8817	-9.7531e+92	-9.7531e+92	  0.0026758	 4.0047e-05	  0.0022253	 0.00015168	 -0.0045324	 -0.0038559	
12	21	 0.00030336	 0.00010524	     187.39	    0.22505	-9.7531e+92	-9.7531e+92	  0.0015835	 8.8506e-07	     0.0000	-1.8466e-05	-0.00013204	  0.0059512	
12	22	 7.7087e-05	 2.6742e-05	     131.16	    0.75767	-9.7531e+92	-9.7531e+92	 6.7308e-05	 3.5417e-07	     0.0000	-2.6482e-05	-5.1499e-05	 0.00041206	
12	23	  0.0047385	  0.0016438	     109.85	     1.2215	-9.7531e+92	-9.7531e+92	  0.0010660	 1.1717e-05	     0.0000	 2.4192e-06	 -0.0017437	-0.00022073	
12	24	 6.1409e-05	 2.1303e-05	     132.31	    0.73810	-9.7531e+92	-9.7531e+92	 7.8935e-05	 3.1299e-07	     0.0000	-2.2162e-06	-4.6626e-05	 0.00012906	
13	0	   0.071850	     1.0777	     86.013	     1.9388	-9.7531e+92	-9.7531e+92	    0.42150	    0.12848	     0.0000	   0.019529	     3.3541	    0.33528	
13	1	    0.10213	     1.5320	     57.043	     2.7128	-9.7531e+92	-9.7531e+92	    0.67591	   0.075879	     0.0000	     0.0000	    0.50604	     0.0000	
13	2	   0.052404	    0.78605	     127.66	    0.82064	-9.7531e+92	-9.7531e+92	    0.55005	    0.12690	     0.0000	  -0.031887	     2.7604	   -0.22376	
13	3	    0.44834	     6.7250	     188.65	    0.21955	-9.7531e+92	-9.7531e+92	     1.9729	     1.0000	    0.27310	     1.0000	     23.495	     6.0568	
13	4	 0.00032369	  0.0048553	     217.30	    0.12878	-9.7531e+92	-9.7531e+92	    0.30089	 0.00098613	     0.0000	   -0.16674	   0.020511	   -0.80390	
13	5	   0.024016	    0.36024	     125.66	    0.85869	-9.7531e+92	-9.7531e+92	    0.27536	   0.059790	     0.0000	   -0.11544	     1.2510	   -0.63668	
13	6	   0.027094	    0.40641	     53.773	     2.7685	-9.7531e+92	-9.7531e+92	    0.13687	   0.074073	     0.0000	    0.10408	     1.3917	    0.25374	
13	7	   0.045422	    0.68132	     57.312	     2.7078	-9.7531e+92	-9.7531e+92	    0.38334	   0.099647	     0.0000	 -0.0043786	     2.3826	   -0.45982	
13	8	 0.00012044	  0.0018066	     162.59	    0.37553	-9.7531e+92	-9.7531e+92	  0.0033464	 0.00046124	     0.0000	 -0.0025754	  0.0098574	  -0.017999	
13	9	   0.050571	    0.75856	     9.0540	     2.9998	-9.7531e+92	-9.7531e+92	    0.40251	    0.10995	     0.0000	 -0.0071274	     2.6505	   -0.32845	
13	10	 4.2770e-14	 6.4154e-13	     205.99	    0.15786	-9.7531e+92	-9.7531e+92	 0.00052528	 0.00018350	     0.0000	-9.3501e-05	  0.0034017	-0.00024482	
13	11	 4.0433e-06	 6.0649e-05	     166.60	    0.34470	-9.7531e+92	-9.7531e+92	   0.023081	 0.00017764	     0.0000	  -0.038015	  0.0036821	   -0.17441	
13	12	 3.2701e-14	 4.9050e-13	     205.94	    0.15802	-9.7531e+92	-9.7531e+92	 0.00053385	 0.00018143	     0.0000	-0.00014737	  0.0034313	-0.00039009	
13	13	     0.0000	     0.0000	     0.0000	     3.0000	-9.7531e+92	-9.7531e+92	     8.2852	     0.0000	     5.5286	     0.0000	     0.0000	     0.0000	
13	14	   0.057241	    0.85861	     32.765	     2.9658	-9.7531e+92	-9.7531e+92	    0.60558	    0.14580	     0.0000	   -0.29716	     3.1344	   -0.69569	
13	15	   0.037828	    0.56741	     111.52	     1.1779	-9.7531e+92	-9.7531e+92	    0.37443	   0.090410	     0.0000	     0.0000	     1.9878	  -0.099211	
13	16	 6.7114e-08	 1.0067e-06	     153.85	    0.45440	-9.7531e+92	-9.7531e+92	  0.0013595	 0.00017590	     0.0000	-0.00045509	  0.0034907	 -0.0033968	
13	17	 4.9964e-14	 7.4945e-13	     287.27	   0.043413	-9.7531e+92	-9.7531e+92	  0.0082401	 0.00019418	     0.0000	  -0.014926	  0.0033517	  -0.033907	
13	18	   0.051578	    0.77366	     87.611	     1.8878	-9.7531e+92	-9.7531e+92	    0.38242	    0.12782	     0.0000	  -0.091091	     2.7278	   -0.18661	
13	19	 1.0761e-06	 1.6141e-05	     184.51	    0.23831	-9.7531e+92	-9.7531e+92	  0.0021199	 0.00018177	     0.0000	 -0.0017303	  0.0034956	  -0.010587	
13	20	 0.00011720	  0.0017579	     165.04	    0.35635	-9.7531e+92	-9.7531e+92	  0.0038496	 0.00050542	     0.0000	 -0.0071595	  0.0094399	  -0.019945	
13	21	   0.028879	    0.43318	     76.619	     2.2311	-9.7531e+92	-9.7531e+92	    0.16389	   0.058274	     0.0000	  0.0035761	     1.5369	    0.19427	
13	22	 2.8922e-13	 4.3382e-12	     260.15	   0.064098	-9.7531e+92	-9.7531e+92	  0.0047433	 0.00018921	     0.0000	 -0.0092239	  0.0033968	  -0.023050	
13	23	  0.0019714	   0.029571	     113.01	     1.1402	-9.7531e+92	-9.7531e+92	   0.017477	  0.0042661	     0.0000	 -0.0015666	    0.11005	  -0.037880	
13	24	 0.00010329	  0.0015494	     142.21	    0.58941	-9.7531e+92	-9.7531e+92	  0.0021175	 0.00036378	     0.0000	-0.00049070	  0.0091287	 -0.0059854	
14	0	   0.010684	   0.052999	     114.85	     1.0949	-9.7531e+92	-9.7531e+92	    0.11455	  0.0087327	     0.0000	-0.00052632	   0.029590	  0.0049165	
14	1	   0.022766	    0.11294	     88.839	     1.8485	-9.7531e+92	-9.7531e+92	    0.17809	   0.018923	     0.0000	 -0.0028592	    0.17481	  0.0052765	
14	2	  0.0055940	   0.027750	     97.273	     1.5829	-9.7531e+92	-9.7531e+92	   0.051956	  0.0054951	     0.0000	 -0.0017357	   0.030672	  0.0091582	
14	3	 0.00010644	 0.00052800	     161.01	    0.38854	-9.7531e+92	-9.7531e+92	   0.066010	 0.00015675	     0.0000	 -0.0038611	 0.00087212	   0.016855	
14	4	 0.00010648	 0.00052820	     184.55	    0.23808	-9.7531e+92	-9.7531e+92	   0.016351	 0.00017729	     0.0000	 -0.0019115	 0.00096707	  0.0070716	
14	5	    0.44598	     2.2124	     108.09	     1.2686	-9.7531e+92	-9.7531e+92	    0.60540	    0.47328	    0.31013	   0.014320	     2.5045	  -0.064059	
14	6	  0.0025299	   0.012550	     41.508	     2.9135	-9.7531e+92	-9.7531e+92	   0.029408	  0.0028575	     0.0000	-0.00086892	   0.014817	  0.0017481	
14	7	  0.0036927	   0.018318	     65.464	     2.5345	-9.7531e+92	-9.7531e+92	    0.10409	  0.0036747	     0.0000	-0.00013130	   0.021593	   0.010978	
14	8	 5.4977e-06	 2.7272e-05	     146.54	    0.53466	-9.7531e+92	-9.7531e+92	  0.0046474	 8.2007e-05	     0.0000	-3.2734e-05	 0.00037262	 0.00019159	
14	9	    0.45825	     2.2733	     38.749	     2.9339	-9.7531e+92	-9.7531e+92	    0.62632	    0.37339	    0.28482	     0.0000	     3.3224	     0.0000	
14	10	 1.4601e-13	 7.2430e-13	     190.48	    0.21181	-9.7531e+92	-9.7531e+92	 0.00020965	 7.9123e-05	     0.0000	-1.0667e-06	 0.00031433	 2.3731e-06	
14	11	 3.2754e-08	 1.6248e-07	     157.91	    0.41563	-9.7531e+92	-9.7531e+92	   0.049698	 7.7975e-05	 0.00095591	-0.00043388	 0.00029074	  0.0016845	
14	12	 2.7103e-14	 1.3445e-13	     188.63	    0.21964	-9.7531e+92	-9.7531e+92	 0.00021395	 7.9515e-05	     0.0000	-1.6813e-06	 0.00030134	 3.7807e-06	
14	13	   0.030812	    0.15285	     32.765	     2.9658	-9.7531e+92	-9.7531e+92	    0.25411	   0.024627	     0.0000	 -0.0020507	    0.17207	   0.012962	
14	14	     0.0000	     0.0000	     0.0000	     3.0000	-9.7531e+92	-9.7531e+92	     2.6509	     0.0000	     2.1770	     0.0000	     0.0000	     0.0000	
14	15	 0.00057535	  0.0028541	     78.991	     2.1593	-9.7531e+92	-9.7531e+92	   0.024174	 0.00062511	     0.0000	     0.0000	  0.0041695	  0.0071000	
14	16	 2.8014e-07	 1.3897e-06	     121.20	    0.94999	-9.7531e+92	-9.7531e+92	 0.00021054	 7.4590e-05	     0.0000	-5.1862e-06	 0.00039672	 3.3020e-05	
14	17	 1.0333e-13	 5.1258e-13	     254.84	   0.069479	-9.7531e+92	-9.7531e+92	 0.00053849	 7.8684e-05	     0.0000	-0.00017028	 0.00031184	 0.00032768	
14	18	   0.018344	   0.091002	     78.249	     2.1820	-9.7531e+92	-9.7531e+92	    0.13404	   0.019546	     0.0000	 -0.0043751	    0.10485	  0.0067486	
14	19	 1.0902e-07	 5.4081e-07	     166.55	    0.34505	-9.7531e+92	-9.7531e+92	  0.0010914	 7.5707e-05	     0.0000	-1.9773e-05	 0.00037555	 0.00010181	
14	20	 7.0832e-06	 3.5138e-05	     147.73	    0.52061	-9.7531e+92	-9.7531e+92	  0.0055229	 8.5981e-05	     0.0000	-8.9735e-05	 0.00037785	 0.00020996	
14	21	 0.00051813	  0.0025703	     101.18	     1.4647	-9.7531e+92	-9.7531e+92	   0.024624	 0.00060902	     0.0000	-6.5976e-05	  0.0032430	  0.0028835	
14	22	 3.9154e-13	 1.9423e-12	     227.39	    0.10817	-9.7531e+92	-9.7531e+92	 0.00039733	 7.9000e-05	     0.0000	-0.00010523	 0.00031139	 0.00022145	
14	23	 1.8167e-05	 9.0123e-05	     114.84	     1.0952	-9.7531e+92	-9.7531e+92	   0.016885	 9.4824e-05	     0.0000	-5.5161e-05	 0.00040676	 0.00069725	
14	24	 9.8824e-07	 4.9024e-06	     150.00	    0.49487	-9.7531e+92	-9.7531e+92	 0.00079077	 7.5866e-05	     0.0000	-9.3103e-06	 0.00031039	 7.5191e-05	
15	0	  0.0026722	  0.0040335	     189.51	    0.21584	-9.7531e+92	-9.7531e+92	   0.016024	  0.0013424	     0.0000	 -0.0077099	   0.015435	  -0.029746	
15	1	   0.067083	    0.10126	     167.83	    0.33581	-9.7531e+92	-9.7531e+92	   0.052695	   0.026511	     0.0000	  -0.010923	    0.36547	  -0.015683	
15	2	    0.13546	    0.20447	     21.827	     2.9932	-9.7531e+92	-9.7531e+92	   0.081005	   0.052957	     0.0000	  0.0064873	    0.49536	   0.017603	
15	3	    0.27151	    0.40982	     84.108	     1.9994	-9.7531e+92	-9.7531e+92	    0.14722	   0.095339	     0.0000	   0.015255	    0.75552	  0.0073871	
15	4	   0.023981	   0.036198	     106.18	     1.3210	-9.7531e+92	-9.7531e+92	   0.036679	  0.0089006	     0.0000	 -0.0031540	   0.098814	 -0.0078513	
15	5	  0.0070201	   0.010596	     104.94	     1.3557	-9.7531e+92	-9.7531e+92	   0.030508	  0.0037191	     0.0000	  -0.024037	   0.026168	  -0.013344	
15	6	   0.010674	   0.016111	     96.746	     1.5991	-9.7531e+92	-9.7531e+92	  0.0080651	  0.0054391	     0.0000	 -0.0017518	   0.044007	-0.00053009	
15	7	  0.0021896	  0.0033050	     131.62	    0.74982	-9.7531e+92	-9.7531e+92	   0.024095	  0.0011466	     0.0000	 -0.0016573	  0.0083037	  -0.018723	
15	8	 7.0551e-05	 0.00010649	     159.01	    0.40580	-9.7531e+92	-9.7531e+92	 0.00033354	 7.5296e-05	     0.0000	-0.00038074	 0.00045747	-0.00023521	
15	9	  0.0021745	  0.0032822	     117.55	     1.0311	-9.7531e+92	-9.7531e+92	   0.031230	  0.0011248	     0.0000	 -0.0036562	  0.0082650	  -0.017535	
15	10	 1.6447e-13	 2.4826e-13	     197.67	    0.18443	-9.7531e+92	-9.7531e+92	 5.3050e-05	 3.7812e-05	     0.0000	-1.3171e-05	 0.00021015	-2.8532e-06	
15	11	 1.3709e-08	 2.0693e-08	     182.32	    0.24896	-9.7531e+92	-9.7531e+92	  0.0025492	 3.6746e-05	     0.0000	 -0.0053571	 0.00021433	 -0.0020726	
15	12	 2.7980e-08	 4.2233e-08	     166.81	    0.34315	-9.7531e+92	-9.7531e+92	 5.4013e-05	 3.7525e-05	     0.0000	-2.0733e-05	 0.00021498	-4.5436e-06	
15	13	    0.22953	    0.34646	     111.52	     1.1779	-9.7531e+92	-9.7531e+92	    0.14724	   0.075375	     0.0000	  0.0050223	    0.35002	   0.035245	
15	14	    0.18210	    0.27487	     78.991	     2.1593	-9.7531e+92	-9.7531e+92	    0.10220	   0.094628	     0.0000	   0.094281	    0.81668	   0.033415	
15	15	     0.0000	     0.0000	     0.0000	     3.0000	-9.7531e+92	-9.7531e+92	    0.77817	     0.0000	    0.71272	     0.0000	     0.0000	     0.0000	
15	16	 0.00012685	 0.00019147	     65.362	     2.5370	-9.7531e+92	-9.7531e+92	 0.00018748	 9.6833e-05	     0.0000	-1.5648e-05	 0.00087532	-1.2983e-05	
15	17	 1.0043e-07	 1.5159e-07	     175.81	    0.28425	-9.7531e+92	-9.7531e+92	 0.00088319	 3.2615e-05	     0.0000	 -0.0013525	 0.00031943	-0.00040082	
15	18	   0.065134	   0.098316	     116.73	     1.0502	-9.7531e+92	-9.7531e+92	   0.043024	   0.034619	     0.0000	  0.0039697	    0.26353	  0.0010383	
15	19	 7.6196e-05	 0.00011501	     131.26	    0.75593	-9.7531e+92	-9.7531e+92	 0.00026868	 7.8099e-05	     0.0000	-0.00021285	 0.00050358	-0.00011270	
15	20	 0.00010589	 0.00015983	     124.66	    0.87845	-9.7531e+92	-9.7531e+92	 0.00042027	 9.6993e-05	     0.0000	 -0.0010187	 0.00057049	-0.00024763	
15	21	 8.8250e-05	 0.00013321	     175.65	    0.28523	-9.7531e+92	-9.7531e+92	  0.0045912	 8.0161e-05	     0.0000	-0.00083459	 0.00056383	 -0.0047017	
15	22	 1.2783e-06	 1.9294e-06	     163.21	    0.37056	-9.7531e+92	-9.7531e+92	 0.00055968	 3.3910e-05	     0.0000	-0.00083722	 0.00030500	-0.00027973	
15	23	 5.4539e-06	 8.2323e-06	     149.47	    0.50076	-9.7531e+92	-9.7531e+92	  0.0011034	 3.8145e-05	     0.0000	-0.00068319	 0.00024323	-0.00089736	
15	24	 2.4269e-08	 3.6633e-08	     189.75	    0.21485	-9.7531e+92	-9.7531e+92	 0.00012385	 3.5555e-05	     0.0000	-0.00011521	 0.00022082	-9.4307e-05	
16	0	  0.0033926	 0.00081172	     217.18	    0.12904	-9.7531e+92	-9.7531e+92	  0.0021960	 1.0866e-05	     0.0000	-9.8629e-05	-3.0808e-05	 0.00021825	
16	1	  0.0089034	  0.0021303	     207.46	    0.15366	-9.7531e+92	-9.7531e+92	  0.0048878	 2.5030e-05	     0.0000	-0.00055703	-1.9020e-05	 5.6738e-05	
16	2	    0.29919	   0.071585	     68.097	     2.4691	-9.7531e+92	-9.7531e+92	   0.023029	 0.00086332	  0.0075313	 0.00029142	 -0.0068163	 -0.0020768	
16	3	    0.20891	   0.049984	     111.94	     1.1671	-9.7531e+92	-9.7531e+92	   0.020813	 0.00055515	     0.0000	 0.00023614	 -0.0053412	-0.00078236	
16	4	    0.11074	   0.026496	     75.439	     2.2661	-9.7531e+92	-9.7531e+92	   0.012104	 0.00025030	  0.0013417	 1.5082e-05	 -0.0020871	-0.00042781	
16	5	   0.019584	  0.0046858	     71.546	     2.3771	-9.7531e+92	-9.7531e+92	  0.0044522	 6.6187e-05	     0.0000	-0.00023731	-0.00049060	 0.00040418	
16	6	 0.00029591	 7.0802e-05	     111.89	     1.1685	-9.7531e+92	-9.7531e+92	 0.00063344	 1.2155e-06	     0.0000	-0.00016917	-8.4862e-06	 0.00013129	
16	7	  0.0023335	 0.00055831	     137.28	    0.65913	-9.7531e+92	-9.7531e+92	  0.0029023	 7.7932e-06	     0.0000	-2.1460e-05	-5.8266e-05	 0.00067328	
16	8	 0.00013203	 3.1590e-05	     112.87	     1.1438	-9.7531e+92	-9.7531e+92	 5.5510e-05	 6.9478e-07	     0.0000	-4.6532e-06	-5.3198e-06	 1.0620e-05	
16	9	 0.00025011	 5.9843e-05	     159.83	    0.39862	-9.7531e+92	-9.7531e+92	  0.0035130	 1.0244e-06	     0.0000	-4.8811e-05	-7.8311e-06	 0.00068345	
16	10	 3.4243e-08	 8.1932e-09	     147.94	    0.51817	-9.7531e+92	-9.7531e+92	 8.4223e-06	 2.3818e-07	     0.0000	-1.7047e-07	-1.8460e-06	 1.4944e-07	
16	11	 2.1456e-07	 5.1336e-08	     142.85	    0.58099	-9.7531e+92	-9.7531e+92	 0.00037273	 2.3377e-07	     0.0000	-6.9512e-05	-1.8369e-06	 0.00010603	
16	12	 2.6401e-06	 6.3168e-07	     115.95	     1.0685	-9.7531e+92	-9.7531e+92	 9.4561e-06	 2.4610e-07	     0.0000	-2.3684e-07	-1.8759e-06	 2.0982e-07	
16	13	    0.21277	   0.050908	     153.85	    0.45440	-9.7531e+92	-9.7531e+92	   0.021472	 0.00054495	     0.0000	 6.1645e-05	 -0.0025044	-2.8586e-05	
16	14	   0.087147	   0.020851	     121.20	    0.94999	-9.7531e+92	-9.7531e+92	   0.010908	 0.00028391	     0.0000	-0.00012003	 -0.0016008	 6.6104e-05	
16	15	   0.019391	  0.0046397	     65.362	     2.5370	-9.7531e+92	-9.7531e+92	  0.0059844	 6.2366e-05	     0.0000	     0.0000	-0.00043269	 0.00024283	
16	16	     0.0000	     0.0000	     0.0000	     3.0000	-9.7531e+92	-9.7531e+92	    0.11966	     0.0000	    0.11960	     0.0000	     0.0000	     0.0000	
16	17	 3.5019e-08	 8.3789e-09	     148.25	    0.51453	-9.7531e+92	-9.7531e+92	 0.00024984	 2.1132e-07	     0.0000	-9.6430e-06	-9.4889e-07	 2.0641e-05	
16	18	   0.024129	  0.0057732	     110.59	     1.2021	-9.7531e+92	-9.7531e+92	  0.0047348	 8.0494e-05	     0.0000	-0.00060791	-0.00052297	 0.00033579	
16	19	 0.00078644	 0.00018817	     73.024	     2.3358	-9.7531e+92	-9.7531e+92	 0.00011047	 2.9475e-06	     0.0000	 1.0268e-06	-1.9439e-05	-2.0689e-06	
16	20	  0.0019462	 0.00046565	     74.477	     2.2942	-9.7531e+92	-9.7531e+92	 0.00018087	 7.1355e-06	     0.0000	 8.3469e-06	-5.3640e-05	-7.6323e-06	
16	21	 2.4045e-05	 5.7530e-06	     180.81	    0.25669	-9.7531e+92	-9.7531e+92	 0.00060901	 3.0385e-07	     0.0000	-1.0868e-05	-2.2431e-06	 0.00017971	
16	22	 6.4076e-05	 1.5331e-05	     106.73	     1.3057	-9.7531e+92	-9.7531e+92	 0.00017709	 4.1003e-07	     0.0000	-2.5489e-06	-9.8394e-07	 4.9005e-06	
16	23	 1.0390e-05	 2.4860e-06	     136.77	    0.66684	-9.7531e+92	-9.7531e+92	 0.00015932	 2.6359e-07	     0.0000	-8.8542e-06	-2.0662e-06	 4.3736e-05	
16	24	 6.5005e-11	 1.5553e-11	     177.80	    0.27291	-9.7531e+92	-9.7531e+92	 1.7826e-05	 2.2888e-07	     0.0000	-1.4950e-06	-1.8084e-06	 4.7335e-06	
17	0	 0.00048684	 0.00020534	     353.56	   0.019078	-9.7531e+92	-9.7531e+92	  0.0020902	 1.3904e-05	     0.0000	 -0.0015513	-0.00012515	   0.013826	
17	1	  0.0045887	  0.0019354	     342.57	   0.021626	-9.7531e+92	-9.7531e+92	  0.0060786	 0.00010599	     0.0000	 -0.0087408	-0.00064245	   0.015634	
17	2	   0.075249	   0.031737	     160.64	    0.39167	-9.7531e+92	-9.7531e+92	   0.023195	  0.0016420	     0.0000	 0.00024142	  -0.028906	 -0.0036279	
17	3	    0.41316	    0.17426	     122.41	    0.92444	-9.7531e+92	-9.7531e+92	   0.059013	  0.0080920	   0.011218	   0.012230	   -0.16846	   -0.10036	
17	4	    0.39697	    0.16743	     73.525	     2.3215	-9.7531e+92	-9.7531e+92	   0.053293	  0.0051634	   0.034322	  0.0034281	   -0.13595	   -0.11238	
17	5	 0.00034585	 0.00014587	     219.60	    0.12368	-9.7531e+92	-9.7531e+92	  0.0039316	 1.0746e-05	     0.0000	 -0.0052271	-0.00017137	   0.022030	
17	6	 8.7876e-12	 3.7063e-12	     251.72	   0.072906	-9.7531e+92	-9.7531e+92	 0.00064041	 1.7141e-06	     0.0000	 -0.0025745	-2.7190e-05	  0.0048777	
17	7	 1.5682e-11	 6.6142e-12	     281.54	   0.047004	-9.7531e+92	-9.7531e+92	  0.0024380	 1.6863e-06	     0.0000	-0.00032993	-2.7118e-05	   0.026003	
17	8	 1.5976e-11	 6.7380e-12	     258.50	   0.065716	-9.7531e+92	-9.7531e+92	 5.4688e-05	 1.8016e-06	     0.0000	-7.8363e-05	-2.9055e-05	 0.00043177	
17	9	 6.7873e-12	 2.8627e-12	     293.28	   0.040011	-9.7531e+92	-9.7531e+92	  0.0034618	 1.6804e-06	     0.0000	-0.00072844	-2.7462e-05	   0.025426	
17	10	 2.0071e-12	 8.4652e-13	     270.72	   0.054831	-9.7531e+92	-9.7531e+92	 1.4591e-05	 1.8297e-06	     0.0000	-2.5412e-06	-2.9720e-05	 5.3202e-06	
17	11	 4.6960e-14	 1.9806e-14	     290.18	   0.041722	-9.7531e+92	-9.7531e+92	 0.00033627	 1.7985e-06	     0.0000	 -0.0010336	-2.9540e-05	  0.0037768	
17	12	 3.3177e-13	 1.3993e-13	     225.22	    0.11223	-9.7531e+92	-9.7531e+92	 1.6035e-05	 1.8163e-06	     0.0000	-4.0054e-06	-2.9328e-05	 8.4757e-06	
17	13	   0.037430	   0.015787	     287.27	   0.043413	-9.7531e+92	-9.7531e+92	   0.020442	 0.00075840	     0.0000	 -0.0046743	 -0.0085130	   0.028591	
17	14	  0.0052326	  0.0022069	     254.84	   0.069479	-9.7531e+92	-9.7531e+92	   0.010536	 0.00013457	     0.0000	  -0.019018	 -0.0017871	   0.029562	
17	15	   0.011847	  0.0049968	     175.81	    0.28425	-9.7531e+92	-9.7531e+92	   0.012517	 0.00029359	     0.0000	     0.0000	 -0.0047696	   0.011738	
17	16	 1.9155e-06	 8.0790e-07	     148.25	    0.51453	-9.7531e+92	-9.7531e+92	 0.00010574	 1.7250e-06	     0.0000	-1.0628e-05	-2.6401e-05	 7.3383e-05	
17	17	     0.0000	     0.0000	     0.0000	     3.0000	-9.7531e+92	-9.7531e+92	    0.21197	     0.0000	    0.21114	     0.0000	     0.0000	     0.0000	
17	18	 0.00082800	 0.00034923	     258.46	   0.065759	-9.7531e+92	-9.7531e+92	  0.0039504	 2.3159e-05	     0.0000	  -0.014611	-0.00033563	   0.021277	
17	19	 2.6262e-05	 1.1076e-05	     187.53	    0.22442	-9.7531e+92	-9.7531e+92	 0.00032645	 2.4514e-06	 4.8249e-05	-4.5029e-05	-3.8138e-05	 0.00021823	
17	20	 1.2723e-10	 5.3660e-11	     207.02	    0.15490	-9.7531e+92	-9.7531e+92	 0.00014430	 1.8199e-06	     0.0000	-0.00021501	-2.9140e-05	 0.00047356	
17	21	 3.1118e-12	 1.3124e-12	     326.31	   0.026229	-9.7531e+92	-9.7531e+92	 0.00059026	 1.7405e-06	     0.0000	-0.00016182	-2.7454e-05	  0.0066647	
17	22	   0.053834	   0.022705	     106.10	     1.3231	-9.7531e+92	-9.7531e+92	  0.0064058	  0.0011425	  0.0058342	  0.0010412	 0.00018527	 -0.0027646	
17	23	 2.9338e-12	 1.2374e-12	     284.58	   0.045056	-9.7531e+92	-9.7531e+92	 0.00014885	 1.7702e-06	     0.0000	-0.00013199	-2.9081e-05	  0.0015706	
17	24	 5.5486e-12	 2.3402e-12	     325.25	   0.026569	-9.7531e+92	-9.7531e+92	 2.3092e-05	 1.7774e-06	     0.0000	-2.2230e-05	-2.9301e-05	 0.00016898	
18	0	   0.065549	    0.21953	     116.29	     1.0606	-9.7531e+92	-9.7531e+92	    0.13685	   0.041375	     0.0000	  0.0015317	    -1.7889	   -0.13094	
18	1	   0.052167	    0.17471	     111.77	     1.1715	-9.7531e+92	-9.7531e+92	    0.13544	   0.035239	     0.0000	  -0.016296	    -1.0235	    0.34169	
18	2	  0.0014000	  0.0046888	     137.27	    0.65930	-9.7531e+92	-9.7531e+92	   0.023071	  0.0010521	     0.0000	  -0.019549	  -0.043185	    0.79242	
18	3	 7.9822e-06	 2.6733e-05	     199.21	    0.17912	-9.7531e+92	-9.7531e+92	   0.054558	 5.5527e-05	     0.0000	  -0.040647	 -0.0021294	     1.3927	
18	4	 9.3690e-06	 3.1377e-05	     186.18	    0.23049	-9.7531e+92	-9.7531e+92	  0.0096852	 5.9867e-05	     0.0000	  -0.020135	 -0.0022530	    0.56689	
18	5	  0.0086048	   0.028818	     53.346	     2.7752	-9.7531e+92	-9.7531e+92	   0.065855	  0.0059855	     0.0000	  -0.016249	   -0.25184	    0.65673	
18	6	  0.0020468	  0.0068550	     36.723	     2.9464	-9.7531e+92	-9.7531e+92	   0.014067	  0.0017118	     0.0000	 -0.0095648	  -0.064539	    0.14125	
18	7	    0.77357	     2.5907	     38.248	     2.9371	-9.7531e+92	-9.7531e+92	    0.69504	    0.51590	    0.45727	   0.014404	    -22.728	    -8.9942	
18	8	 8.3974e-05	 0.00028123	     75.421	     2.2666	-9.7531e+92	-9.7531e+92	 0.00099488	 9.9913e-05	     0.0000	-2.2567e-05	 -0.0040567	   0.011705	
18	9	 0.00083121	  0.0027838	     96.665	     1.6016	-9.7531e+92	-9.7531e+92	   0.077474	 0.00064903	     0.0000	 -0.0031774	  -0.026941	    0.87490	
18	10	 4.8812e-07	 1.6347e-06	     118.82	     1.0023	-9.7531e+92	-9.7531e+92	 0.00011814	 4.6625e-05	     0.0000	-5.5039e-06	 -0.0017886	 0.00014691	
18	11	 4.2225e-05	 0.00014141	     81.269	     2.0888	-9.7531e+92	-9.7531e+92	  0.0055585	 6.9126e-05	     0.0000	-0.00038640	 -0.0027819	   0.097086	
18	12	 1.2063e-07	 4.0401e-07	     120.73	    0.96010	-9.7531e+92	-9.7531e+92	 0.00011919	 4.4554e-05	     0.0000	-7.0865e-06	 -0.0017218	 0.00022279	
18	13	   0.062754	    0.21016	     87.611	     1.8878	-9.7531e+92	-9.7531e+92	    0.22406	   0.038274	     0.0000	  -0.017073	    -1.4487	     1.2023	
18	14	   0.025838	   0.086534	     78.249	     2.1820	-9.7531e+92	-9.7531e+92	   0.099928	   0.018671	     0.0000	  -0.064587	   -0.73923	    0.84758	
18	15	 0.00033633	  0.0011264	     116.73	     1.0502	-9.7531e+92	-9.7531e+92	   0.012806	 0.00031142	     0.0000	     0.0000	  -0.012180	    0.55557	
18	16	 2.2258e-07	 7.4541e-07	     110.59	     1.2021	-9.7531e+92	-9.7531e+92	 0.00013924	 5.6052e-05	     0.0000	-5.4566e-05	 -0.0021021	  0.0025106	
18	17	 1.4891e-12	 4.9872e-12	     258.46	   0.065759	-9.7531e+92	-9.7531e+92	 0.00035111	 5.8152e-05	     0.0000	 -0.0017910	 -0.0021293	   0.024988	
18	18	     0.0000	     0.0000	     0.0000	     3.0000	-9.7531e+92	-9.7531e+92	     1.7561	     0.0000	     1.5488	     0.0000	     0.0000	     0.0000	
18	19	 7.8498e-06	 2.6289e-05	     118.15	     1.0174	-9.7531e+92	-9.7531e+92	 0.00026871	 5.4953e-05	     0.0000	-0.00015089	 -0.0021213	  0.0075003	
18	20	 0.00010284	 0.00034443	     90.275	     1.8027	-9.7531e+92	-9.7531e+92	 0.00084166	 0.00010995	     0.0000	-0.00029499	 -0.0044095	   0.011696	
18	21	  0.0052458	   0.017568	     79.511	     2.1434	-9.7531e+92	-9.7531e+92	   0.029421	  0.0037465	     0.0000	-0.00050674	   -0.15645	    0.16457	
18	22	 4.9540e-14	 1.6591e-13	     205.13	    0.16037	-9.7531e+92	-9.7531e+92	 0.00025025	 5.7030e-05	     0.0000	 -0.0010945	 -0.0020953	   0.016934	
18	23	  0.0011900	  0.0039853	     36.898	     2.9454	-9.7531e+92	-9.7531e+92	  0.0046965	 0.00093637	     0.0000	-0.00041331	  -0.037025	   0.038030	
18	24	 0.00020781	 0.00069597	     74.739	     2.2865	-9.7531e+92	-9.7531e+92	  0.0010456	 0.00021089	     0.0000	-5.1236e-05	 -0.0082828	  0.0030294	
19	0	   0.014150	  0.0084129	     234.49	   0.096052	-9.7531e+92	-9.7531e+92	   0.010786	 0.00025920	     0.0000	 -0.0013571	  -0.047179	    0.12255	
19	1	   0.078190	   0.046487	     226.57	    0.10968	-9.7531e+92	-9.7531e+92	   0.023368	  0.0013765	     0.0000	 -0.0010935	   -0.23238	   0.024374	
19	2	   0.059456	   0.035349	     139.30	    0.62950	-9.7531e+92	-9.7531e+92	   0.016372	  0.0010431	     0.0000	-0.00039787	   -0.22379	   0.018753	
19	3	  0.0035098	  0.0020867	     184.07	    0.24039	-9.7531e+92	-9.7531e+92	   0.014481	 6.0050e-05	     0.0000	 -0.0097446	  -0.013236	    0.37809	
19	4	   0.093248	   0.055440	     119.82	    0.98008	-9.7531e+92	-9.7531e+92	   0.017993	  0.0014655	     0.0000	  0.0048106	   -0.35285	   -0.16988	
19	5	    0.25538	    0.15184	     64.874	     2.5486	-9.7531e+92	-9.7531e+92	   0.047174	  0.0046257	   0.011786	   0.019825	   -0.98433	   -0.70544	
19	6	 0.00091866	 0.00054618	     133.74	    0.71443	-9.7531e+92	-9.7531e+92	  0.0024466	 1.8687e-05	     0.0000	 -0.0028154	 -0.0038473	   0.043562	
19	7	 0.00084767	 0.00050397	     154.38	    0.44913	-9.7531e+92	-9.7531e+92	   0.019742	 1.6512e-05	     0.0000	-0.00038381	 -0.0035188	    0.25128	
19	8	   0.034622	   0.020584	     80.536	     2.1117	-9.7531e+92	-9.7531e+92	  0.0055937	 0.00065194	  0.0048847	  0.0025933	   -0.13402	   -0.12120	
19	9	 2.4774e-06	 1.4729e-06	     193.08	    0.20137	-9.7531e+92	-9.7531e+92	  0.0086651	 1.2469e-06	     0.0000	-0.00085760	-0.00026758	    0.24754	
19	10	 0.00062020	 0.00036873	     85.643	     1.9506	-9.7531e+92	-9.7531e+92	 0.00011886	 1.1991e-05	 7.1088e-05	 0.00010320	 -0.0022954	 -0.0018796	
19	11	 0.00015936	 9.4748e-05	     108.78	     1.2499	-9.7531e+92	-9.7531e+92	  0.0039350	 4.3015e-06	     0.0000	 -0.0011937	-0.00088449	   0.035275	
19	12	 0.00068961	 0.00041000	     44.530	     2.8865	-9.7531e+92	-9.7531e+92	 0.00017222	 1.0673e-05	 0.00011961	 6.9260e-05	 -0.0016070	 -0.0012570	
19	13	    0.13028	   0.077458	     184.51	    0.23831	-9.7531e+92	-9.7531e+92	   0.043909	  0.0021349	     0.0000	 -0.0020175	   -0.39238	    0.15094	
19	14	   0.087797	   0.052199	     166.55	    0.34505	-9.7531e+92	-9.7531e+92	   0.024341	  0.0015442	     0.0000	 -0.0019340	   -0.32158	   0.026664	
19	15	  0.0018471	  0.0010982	     131.26	    0.75593	-9.7531e+92	-9.7531e+92	  0.0054871	 3.5186e-05	     0.0000	     0.0000	 -0.0074207	    0.14982	
19	16	 0.00012282	 7.3021e-05	     73.024	     2.3358	-9.7531e+92	-9.7531e+92	 6.9027e-05	 3.5895e-06	     0.0000	-5.0765e-06	-0.00074673	 0.00024936	
19	17	 5.4773e-12	 3.2565e-12	     187.53	    0.22442	-9.7531e+92	-9.7531e+92	 0.00036250	 1.2268e-06	     0.0000	-0.00042597	-0.00026098	  0.0069640	
19	18	    0.18905	    0.11240	     118.15	     1.0174	-9.7531e+92	-9.7531e+92	   0.040118	  0.0034688	  0.0033200	   0.035787	   -0.71105	   -0.44483	
19	19	     0.0000	     0.0000	     0.0000	     3.0000	-9.7531e+92	-9.7531e+92	    0.29761	     0.0000	    0.29721	     0.0000	     0.0000	     0.0000	
19	20	   0.047244	   0.028088	     28.400	     2.9806	-9.7531e+92	-9.7531e+92	  0.0075190	 0.00072992	  0.0067470	  0.0061642	   -0.15292	   -0.13747	
19	21	 1.5701e-06	 9.3346e-07	     197.71	    0.18427	-9.7531e+92	-9.7531e+92	  0.0021664	 1.2904e-06	     0.0000	-0.00019050	-0.00026422	   0.064853	
19	22	  0.0018252	  0.0010851	     93.933	     1.6868	-9.7531e+92	-9.7531e+92	 0.00053556	 2.9673e-05	     0.0000	 7.7605e-05	 -0.0063229	 -0.0016554	
19	23	 3.4719e-05	 2.0642e-05	     121.29	    0.94810	-9.7531e+92	-9.7531e+92	  0.0014311	 1.9463e-06	     0.0000	-0.00015408	-0.00039963	   0.014850	
19	24	 3.4440e-08	 2.0476e-08	     150.08	    0.49393	-9.7531e+92	-9.7531e+92	 9.0190e-05	 1.2834e-06	     0.0000	-2.6156e-05	-0.00026359	  0.0016078	
20	0	   0.015864	   0.010195	     206.61	    0.15606	-9.7531e+92	-9.7531e+92	   0.013835	 0.00031405	     0.0000	-0.00099653	  -0.039197	   0.079375	
20	1	   0.019968	   0.012833	     199.20	    0.17914	-9.7531e+92	-9.7531e+92	   0.017314	 0.00038247	     0.0000	 -0.0064239	  -0.043588	    0.12594	
20	2	   0.012687	  0.0081534	     139.77	    0.62284	-9.7531e+92	-9.7531e+92	  0.0078285	 0.00025319	     0.0000	 -0.0032891	  -0.035768	    0.12380	
20	3	  0.0030749	  0.0019762	     185.64	    0.23299	-9.7531e+92	-9.7531e+92	   0.011729	 6.0055e-05	     0.0000	 -0.0080948	 -0.0086558	    0.25764	
20	4	  0.0024872	  0.0015984	     135.08	    0.69295	-9.7531e+92	-9.7531e+92	  0.0033334	 5.0114e-05	     0.0000	 -0.0038381	 -0.0072187	    0.10178	
20	5	    0.30691	    0.19724	     39.691	     2.9273	-9.7531e+92	-9.7531e+92	   0.058191	  0.0054327	   0.019938	   0.014294	   -0.84010	   -0.57625	
20	6	  0.0015394	 0.00098936	     111.59	     1.1762	-9.7531e+92	-9.7531e+92	  0.0029261	 3.4212e-05	     0.0000	 -0.0020492	 -0.0046895	   0.028070	
20	7	  0.0061262	  0.0039372	     126.68	    0.83907	-9.7531e+92	-9.7531e+92	   0.033345	 0.00012194	     0.0000	-0.00027245	  -0.017771	    0.15787	
20	8	   0.017590	   0.011305	     51.987	     2.7958	-9.7531e+92	-9.7531e+92	  0.0035076	 0.00034746	  0.0027411	 0.00084511	  -0.047553	  -0.037849	
20	9	 1.1818e-05	 7.5949e-06	     174.09	    0.29453	-9.7531e+92	-9.7531e+92	  0.0086302	 1.5399e-06	     0.0000	-0.00065819	-0.00022666	    0.16815	
20	10	 0.00013701	 8.8056e-05	     74.457	     2.2947	-9.7531e+92	-9.7531e+92	 6.8399e-05	 3.7483e-06	 1.6755e-05	 1.2741e-05	-0.00040759	-0.00019876	
20	11	  0.0010402	 0.00066848	     83.734	     2.0113	-9.7531e+92	-9.7531e+92	  0.0049794	 2.3312e-05	     0.0000	-0.00082781	 -0.0032281	   0.021798	
20	12	   0.012429	  0.0079879	     45.010	     2.8817	-9.7531e+92	-9.7531e+92	  0.0020250	 0.00024639	  0.0019681	  0.0015253	  -0.030835	  -0.025801	
20	13	    0.12913	   0.082989	     165.04	    0.35635	-9.7531e+92	-9.7531e+92	   0.044133	  0.0023057	     0.0000	 -0.0015818	   -0.28701	    0.10412	
20	14	   0.053847	   0.034607	     147.73	    0.52061	-9.7531e+92	-9.7531e+92	   0.020388	 0.00093932	     0.0000	 -0.0070386	   -0.14898	   0.096509	
20	15	  0.0014629	 0.00094021	     124.66	    0.87845	-9.7531e+92	-9.7531e+92	  0.0033991	 3.1289e-05	     0.0000	     0.0000	 -0.0044312	    0.10274	
20	16	 1.3327e-05	 8.5648e-06	     74.477	     2.2942	-9.7531e+92	-9.7531e+92	 3.2233e-05	 1.7086e-06	     0.0000	-1.0399e-05	-0.00023447	 0.00044367	
20	17	 2.4830e-11	 1.5958e-11	     207.02	    0.15490	-9.7531e+92	-9.7531e+92	 9.5491e-05	 1.4309e-06	     0.0000	-0.00036299	-0.00019676	  0.0047429	
20	18	    0.36429	    0.23412	     90.275	     1.8027	-9.7531e+92	-9.7531e+92	   0.071668	  0.0073479	   0.031891	   0.065338	    -1.0221	   -0.71841	
20	19	   0.047214	   0.030343	     28.400	     2.9806	-9.7531e+92	-9.7531e+92	  0.0078143	 0.00082062	  0.0073904	  0.0013814	   -0.10429	  -0.084555	
20	20	     0.0000	     0.0000	     0.0000	     3.0000	-9.7531e+92	-9.7531e+92	    0.32211	     0.0000	    0.32127	     0.0000	     0.0000	     0.0000	
20	21	 5.8203e-05	 3.7406e-05	     169.84	    0.32188	-9.7531e+92	-9.7531e+92	  0.0026715	 2.6097e-06	     0.0000	-0.00014577	-0.00036104	   0.043923	
20	22	 6.4019e-05	 4.1144e-05	     116.48	     1.0560	-9.7531e+92	-9.7531e+92	 8.5465e-05	 2.6168e-06	     0.0000	-0.00018581	-0.00035057	  0.0028078	
20	23	  0.0040454	  0.0025999	     93.058	     1.7144	-9.7531e+92	-9.7531e+92	  0.0023925	 8.7141e-05	     0.0000	-1.3671e-06	  -0.012016	 0.00011666	
20	24	 1.4225e-05	 9.1421e-06	     121.85	    0.93617	-9.7531e+92	-9.7531e+92	 0.00011707	 1.7275e-06	     0.0000	-1.9368e-05	-0.00023852	  0.0010575	
21	0	    0.17890	    0.31097	     39.458	     2.9290	-9.7531e+92	-9.7531e+92	    0.10213	   0.030393	  0.0089016	 2.1934e-05	    0.20804	  -0.080445	
21	1	    0.20632	    0.35862	     57.297	     2.7081	-9.7531e+92	-9.7531e+92	    0.12788	   0.051079	     0.0000	   0.085918	     1.0809	    0.26920	
21	2	 0.00059575	  0.0010355	     197.19	    0.18609	-9.7531e+92	-9.7531e+92	   0.018010	 0.00021781	     0.0000	  -0.030403	  0.0036965	   -0.12206	
21	3	 6.1229e-06	 1.0643e-05	     259.71	   0.064522	-9.7531e+92	-9.7531e+92	   0.056440	 2.3059e-05	     0.0000	  -0.062425	 0.00041674	   -0.21889	
21	4	 1.0477e-06	 1.8211e-06	     253.96	   0.070430	-9.7531e+92	-9.7531e+92	  0.0090212	 2.2607e-05	     0.0000	  -0.030949	 0.00037389	  -0.084868	
21	5	 0.00066007	  0.0011473	     132.91	    0.72808	-9.7531e+92	-9.7531e+92	   0.022688	 0.00023296	     0.0000	  -0.034990	  0.0039752	   -0.10873	
21	6	  0.0020286	  0.0035261	     78.899	     2.1621	-9.7531e+92	-9.7531e+92	  0.0072330	 0.00072518	     0.0000	  -0.014714	   0.011148	  -0.019947	
21	7	   0.050163	   0.087192	     44.967	     2.8822	-9.7531e+92	-9.7531e+92	   0.068571	   0.014557	     0.0000	-3.5253e-05	    0.28557	  -0.038843	
21	8	 0.00011205	 0.00019476	     132.38	    0.73687	-9.7531e+92	-9.7531e+92	 0.00033593	 5.9563e-05	     0.0000	-0.00047835	 0.00097130	 -0.0018509	
21	9	   0.010531	   0.018306	     83.320	     2.0244	-9.7531e+92	-9.7531e+92	   0.035811	  0.0031328	     0.0000	 -0.0041842	   0.059833	   -0.10813	
21	10	 5.1796e-09	 9.0030e-09	     171.26	    0.31241	-9.7531e+92	-9.7531e+92	 6.0232e-05	 2.3017e-05	     0.0000	-1.7190e-05	 0.00035344	-2.4839e-05	
21	11	 3.2190e-05	 5.5953e-05	     128.65	    0.80225	-9.7531e+92	-9.7531e+92	  0.0019348	 3.2776e-05	     0.0000	 -0.0069791	 0.00053606	  -0.017675	
21	12	 3.9588e-13	 6.8811e-13	     187.39	    0.22505	-9.7531e+92	-9.7531e+92	 6.0660e-05	 2.2966e-05	     0.0000	-2.7159e-05	 0.00035306	-3.9595e-05	
21	13	    0.32339	    0.56211	     76.619	     2.2311	-9.7531e+92	-9.7531e+92	    0.23546	   0.079835	     0.0000	   0.030133	     1.5541	    0.31264	
21	14	   0.074350	    0.12923	     101.18	     1.4647	-9.7531e+92	-9.7531e+92	   0.067780	   0.023307	     0.0000	  -0.030357	    0.42353	  -0.041438	
21	15	 3.8652e-05	 6.7184e-05	     175.65	    0.28523	-9.7531e+92	-9.7531e+92	   0.011345	 3.5259e-05	     0.0000	     0.0000	 0.00056278	  -0.079956	
21	16	 1.8503e-12	 3.2161e-12	     180.81	    0.25669	-9.7531e+92	-9.7531e+92	 8.3545e-05	 2.3506e-05	     0.0000	-8.3898e-05	 0.00034337	-0.00034443	
21	17	 9.3922e-14	 1.6325e-13	     326.31	   0.026229	-9.7531e+92	-9.7531e+92	 0.00028721	 2.4010e-05	     0.0000	 -0.0027506	 0.00034029	 -0.0034450	
21	18	    0.15101	    0.26248	     79.511	     2.1434	-9.7531e+92	-9.7531e+92	   0.088525	   0.046179	     0.0000	    0.14443	    0.83551	    0.16922	
21	19	 1.5317e-08	 2.6623e-08	     197.71	    0.18427	-9.7531e+92	-9.7531e+92	 0.00013286	 2.3134e-05	     0.0000	-0.00031944	 0.00035106	 -0.0010800	
21	20	 5.5062e-06	 9.5707e-06	     169.84	    0.32188	-9.7531e+92	-9.7531e+92	 0.00029751	 2.4967e-05	     0.0000	 -0.0014514	 0.00038244	 -0.0022354	
21	21	     0.0000	     0.0000	     0.0000	     3.0000	-9.7531e+92	-9.7531e+92	    0.88145	     0.0000	    0.85002	     0.0000	     0.0000	     0.0000	
21	22	 3.2416e-13	 5.6345e-13	     284.69	   0.044983	-9.7531e+92	-9.7531e+92	 0.00018616	 2.3840e-05	     0.0000	 -0.0016998	 0.00034371	 -0.0023465	
21	23	  0.0013078	  0.0022732	     78.648	     2.1698	-9.7531e+92	-9.7531e+92	  0.0017416	 0.00041186	     0.0000	-0.00025330	  0.0091906	 -0.0067312	
21	24	 0.00054199	 0.00094207	     85.071	     1.9688	-9.7531e+92	-9.7531e+92	 0.00053917	 0.00018348	     0.0000	 9.7261e-06	  0.0038262	 0.00020545	
22	0	 0.00029763	 0.00017115	     321.47	   0.027830	-9.7531e+92	-9.7531e+92	  0.0039713	 6.8107e-06	     0.0000	 -0.0013901	-0.00028287	   0.039102	
22	1	  0.0097767	  0.0056221	     312.59	   0.031097	-9.7531e+92	-9.7531e+92	  0.0096645	 0.00017017	     0.0000	 -0.0073130	 -0.0064231	   0.048470	
22	2	   0.067865	   0.039026	     161.29	    0.38622	-9.7531e+92	-9.7531e+92	   0.028459	  0.0011000	     0.0000	 8.2217e-05	  -0.065098	 -0.0026315	
22	3	    0.18249	    0.10494	     164.94	    0.35711	-9.7531e+92	-9.7531e+92	   0.049170	  0.0027719	     0.0000	  0.0028929	   -0.17425	  -0.058299	
22	4	    0.47534	    0.27335	     82.638	     2.0459	-9.7531e+92	-9.7531e+92	   0.079027	  0.0046098	   0.053161	  0.0077122	   -0.44362	   -0.36475	
22	5	   0.071168	   0.040925	     151.89	    0.47454	-9.7531e+92	-9.7531e+92	   0.016290	  0.0013712	     0.0000	 0.00091532	  -0.071181	  -0.010449	
22	6	 6.5427e-06	 3.7624e-06	     216.08	    0.13159	-9.7531e+92	-9.7531e+92	  0.0012335	 1.3904e-06	     0.0000	 -0.0022976	-7.3135e-05	   0.011721	
22	7	 3.1297e-05	 1.7998e-05	     241.36	   0.085874	-9.7531e+92	-9.7531e+92	  0.0054651	 1.8349e-06	     0.0000	-0.00029447	-9.6904e-05	   0.063258	
22	8	 0.00011123	 6.3964e-05	     168.70	    0.32968	-9.7531e+92	-9.7531e+92	 0.00028586	 3.5545e-06	     0.0000	-6.3070e-05	-0.00018190	 0.00093108	
22	9	 1.7130e-07	 9.8507e-08	     266.14	   0.058633	-9.7531e+92	-9.7531e+92	  0.0048475	 1.2483e-06	     0.0000	-0.00065043	-6.6555e-05	   0.061680	
22	10	 5.0056e-12	 2.8785e-12	     176.66	    0.27933	-9.7531e+92	-9.7531e+92	 2.2967e-05	 1.3499e-06	     0.0000	-2.2691e-06	-6.8905e-05	 1.2667e-05	
22	11	 4.8523e-12	 2.7903e-12	     200.45	    0.17499	-9.7531e+92	-9.7531e+92	  0.0013553	 1.3299e-06	     0.0000	-0.00092293	-6.8758e-05	  0.0090042	
22	12	 0.00025095	 0.00014431	     131.16	    0.75767	-9.7531e+92	-9.7531e+92	 7.4455e-05	 6.3756e-06	 2.3572e-05	 3.7477e-05	-0.00032577	-0.00021147	
22	13	   0.091261	   0.052480	     260.15	   0.064098	-9.7531e+92	-9.7531e+92	   0.034388	  0.0014225	     0.0000	 -0.0026411	  -0.064538	   0.058986	
22	14	  0.0075562	  0.0043452	     227.39	    0.10817	-9.7531e+92	-9.7531e+92	   0.013713	 0.00014274	     0.0000	  -0.016544	 -0.0069282	   0.073336	
22	15	  0.0073210	  0.0042099	     163.21	    0.37056	-9.7531e+92	-9.7531e+92	   0.014672	 0.00013586	     0.0000	     0.0000	 -0.0073184	   0.032452	
22	16	 0.00046200	 0.00026568	     106.73	     1.3057	-9.7531e+92	-9.7531e+92	 0.00021212	 9.8708e-06	 6.4415e-05	 1.3977e-05	-0.00052387	-0.00025118	
22	17	   0.019540	   0.011236	     106.10	     1.3231	-9.7531e+92	-9.7531e+92	  0.0042997	 0.00027521	  0.0031707	 0.00054697	 -0.0013280	-0.00070311	
22	18	   0.012737	  0.0073246	     205.13	    0.16037	-9.7531e+92	-9.7531e+92	  0.0090769	 0.00024474	     0.0000	  -0.010503	  -0.012191	   0.042515	
22	19	   0.037642	   0.021646	     93.933	     1.6868	-9.7531e+92	-9.7531e+92	  0.0057965	 0.00072889	  0.0054172	  0.0026240	  -0.036850	  -0.034019	
22	20	   0.016138	  0.0092800	     116.48	     1.0560	-9.7531e+92	-9.7531e+92	  0.0026779	 0.00032574	  0.0019312	  0.0023189	  -0.016557	  -0.013671	
22	21	 2.1598e-12	 1.2420e-12	     284.69	   0.044983	-9.7531e+92	-9.7531e+92	  0.0010545	 1.2937e-06	     0.0000	-0.00014449	-6.6410e-05	   0.016163	
22	22	     0.0000	     0.0000	     0.0000	     3.0000	-9.7531e+92	-9.7531e+92	    0.28868	     0.0000	    0.28791	     0.0000	     0.0000	     0.0000	
22	23	 6.9803e-12	 4.0140e-12	     209.07	    0.14920	-9.7531e+92	-9.7531e+92	 0.00050952	 1.3150e-06	     0.0000	-0.00011786	-6.8327e-05	  0.0037537	
22	24	 1.3442e-12	 7.7298e-13	     237.89	   0.090842	-9.7531e+92	-9.7531e+92	 4.1577e-05	 1.3195e-06	     0.0000	-1.9849e-05	-6.8560e-05	 0.00040326	
23	0	    0.11319	   0.072875	     119.13	    0.99543	-9.7531e+92	-9.7531e+92	   0.028146	  0.0045470	     0.0000	  0.0011927	   -0.17354	  -0.038105	
23	1	    0.28826	    0.18559	     132.72	    0.73117	-9.7531e+92	-9.7531e+92	   0.060401	   0.011159	  0.0044770	   0.014673	   -0.35479	   -0.11136	
23	2	 0.00054683	 0.00035207	     168.40	    0.33177	-9.7531e+92	-9.7531e+92	  0.0072581	 2.6949e-05	     0.0000	 -0.0030813	 -0.0010913	   0.048128	
23	3	 2.2237e-05	 1.4317e-05	     228.38	    0.10637	-9.7531e+92	-9.7531e+92	   0.020065	 3.7413e-06	     0.0000	 -0.0063210	-0.00015419	   0.083119	
23	4	 4.7022e-06	 3.0275e-06	     212.30	    0.14074	-9.7531e+92	-9.7531e+92	  0.0033209	 3.1732e-06	     0.0000	 -0.0031340	-0.00012876	   0.034041	
23	5	  0.0080091	  0.0051566	     65.633	     2.5304	-9.7531e+92	-9.7531e+92	  0.0075646	 0.00028626	     0.0000	-0.00031347	  -0.011113	   0.021631	
23	6	   0.019272	   0.012408	     73.330	     2.3271	-9.7531e+92	-9.7531e+92	  0.0052199	 0.00091037	     0.0000	 0.00087128	  -0.036486	 -0.0050011	
23	7	   0.034639	   0.022302	     58.677	     2.6821	-9.7531e+92	-9.7531e+92	   0.022407	  0.0014332	     0.0000	-0.00011610	  -0.062487	   0.028085	
23	8	  0.0032677	  0.0021039	     54.810	     2.7517	-9.7531e+92	-9.7531e+92	 0.00063165	 0.00014809	     0.0000	 9.9306e-05	 -0.0056090	 -0.0016458	
23	9	  0.0044495	  0.0028647	     121.73	    0.93874	-9.7531e+92	-9.7531e+92	  0.0098323	 0.00018938	     0.0000	-0.00046791	 -0.0083151	   0.049954	
23	10	 1.7627e-05	 1.1349e-05	     95.614	     1.6342	-9.7531e+92	-9.7531e+92	 2.5401e-05	 3.7373e-06	     0.0000	 3.8179e-07	-0.00011364	-1.7712e-06	
23	11	 0.00073267	 0.00047172	     53.605	     2.7712	-9.7531e+92	-9.7531e+92	 0.00076395	 3.5742e-05	     0.0000	-0.00062975	 -0.0013078	  0.0066673	
23	12	 1.5650e-05	 1.0076e-05	     109.85	     1.2215	-9.7531e+92	-9.7531e+92	 2.6795e-05	 3.7994e-06	     0.0000	-7.7574e-07	-0.00014524	 4.9591e-06	
23	13	    0.26323	    0.16948	     113.01	     1.1402	-9.7531e+92	-9.7531e+92	   0.083424	  0.0094969	     0.0000	  0.0017342	   -0.36340	  -0.044320	
23	14	   0.024820	   0.015980	     114.84	     1.0952	-9.7531e+92	-9.7531e+92	   0.016524	 0.00089329	     0.0000	 -0.0056756	  -0.045502	   0.051203	
23	15	 0.00019919	 0.00012825	     149.47	    0.50076	-9.7531e+92	-9.7531e+92	  0.0041137	 1.1895e-05	     0.0000	     0.0000	-0.00049553	   0.033641	
23	16	 7.8706e-08	 5.0674e-08	     136.77	    0.66684	-9.7531e+92	-9.7531e+92	 3.0854e-05	 3.1604e-06	     0.0000	-8.4929e-06	-0.00012867	 0.00015235	
23	17	 1.0326e-13	 6.6484e-14	     284.58	   0.045056	-9.7531e+92	-9.7531e+92	 0.00010502	 3.2183e-06	     0.0000	-0.00027856	-0.00012928	  0.0015142	
23	18	    0.14262	   0.091826	     36.898	     2.9454	-9.7531e+92	-9.7531e+92	   0.031751	  0.0060825	     0.0000	   0.013250	   -0.25466	  -0.060466	
23	19	 3.9478e-06	 2.5417e-06	     121.29	    0.94810	-9.7531e+92	-9.7531e+92	 5.6496e-05	 3.2102e-06	     0.0000	-1.9999e-05	-0.00012762	 0.00046859	
23	20	  0.0016588	  0.0010680	     93.058	     1.7144	-9.7531e+92	-9.7531e+92	 0.00037288	 7.7162e-05	     0.0000	 3.7246e-05	 -0.0029808	-0.00033714	
23	21	   0.089528	   0.057642	     78.648	     2.1698	-9.7531e+92	-9.7531e+92	   0.018359	  0.0039881	  0.0067189	 0.00044027	   -0.16522	  -0.055443	
23	22	 2.6631e-12	 1.7146e-12	     209.07	    0.14920	-9.7531e+92	-9.7531e+92	 6.8620e-05	 3.1756e-06	     0.0000	-0.00017215	-0.00012659	  0.0010256	
23	23	     0.0000	     0.0000	     0.0000	     3.0000	-9.7531e+92	-9.7531e+92	    0.32233	     0.0000	    0.31965	     0.0000	     0.0000	     0.0000	
23	24	  0.0055197	  0.0035538	     40.708	     2.9198	-9.7531e+92	-9.7531e+92	 0.00098649	 0.00025261	 0.00066170	 0.00017676	 -0.0098008	 -0.0040411	
24	0	    0.23122	    0.12187	     123.34	    0.90511	-9.7531e+92	-9.7531e+92	   0.038220	  0.0011589	  0.0099496	 0.00045111	  -0.078083	  -0.043256	
24	1	    0.27929	    0.14721	     142.19	    0.58963	-9.7531e+92	-9.7531e+92	   0.049067	  0.0021596	  0.0032834	  0.0048745	  -0.046378	  -0.029600	
24	2	 6.3230e-05	 3.3328e-05	     210.29	    0.14595	-9.7531e+92	-9.7531e+92	  0.0050201	 1.1210e-06	     0.0000	 -0.0010794	-3.4180e-05	   0.013852	
24	3	 1.8788e-07	 9.9031e-08	     270.69	   0.054855	-9.7531e+92	-9.7531e+92	   0.015242	 5.5687e-07	     0.0000	 -0.0021982	-1.7006e-05	   0.023711	
24	4	 3.8175e-08	 2.0122e-08	     253.16	   0.071301	-9.7531e+92	-9.7531e+92	  0.0024585	 5.8014e-07	     0.0000	 -0.0010898	-1.7854e-05	  0.0097329	
24	5	  0.0043547	  0.0022954	     106.34	     1.3165	-9.7531e+92	-9.7531e+92	  0.0055635	 3.6635e-05	     0.0000	 -0.0010156	 -0.0011790	   0.012318	
24	6	  0.0057953	  0.0030547	     108.13	     1.2674	-9.7531e+92	-9.7531e+92	  0.0026602	 5.3202e-05	     0.0000	-0.00033876	 -0.0016560	  0.0016031	
24	7	   0.092742	   0.048884	     84.614	     1.9834	-9.7531e+92	-9.7531e+92	   0.023919	 0.00072282	     0.0000	 8.7893e-06	  -0.024472	 -0.0047810	
24	8	  0.0081908	  0.0043173	     77.960	     2.1908	-9.7531e+92	-9.7531e+92	  0.0011627	 7.1207e-05	 0.00053409	 0.00011231	 -0.0020359	 -0.0014925	
24	9	 0.00096212	 0.00050713	     149.07	    0.50520	-9.7531e+92	-9.7531e+92	  0.0080476	 8.3807e-06	     0.0000	-0.00017150	-0.00028272	   0.015080	
24	10	 0.00017403	 9.1731e-05	     102.71	     1.4197	-9.7531e+92	-9.7531e+92	 4.1491e-05	 2.1051e-06	     0.0000	 6.4583e-06	-4.5379e-05	-2.4940e-05	
24	11	  0.0017167	 0.00090487	     56.094	     2.7297	-9.7531e+92	-9.7531e+92	 0.00070651	 1.4685e-05	     0.0000	-0.00016351	-0.00022158	 0.00073095	
24	12	 7.5762e-06	 3.9934e-06	     132.31	    0.73810	-9.7531e+92	-9.7531e+92	 2.0240e-05	 6.6655e-07	     0.0000	-6.1934e-07	-2.0828e-05	 3.2726e-06	
24	13	    0.21575	    0.11372	     142.21	    0.58941	-9.7531e+92	-9.7531e+92	   0.063531	  0.0015856	     0.0000	 0.00024152	  -0.038249	 -0.0049443	
24	14	  0.0074841	  0.0039448	     150.00	    0.49487	-9.7531e+92	-9.7531e+92	   0.011978	 6.1531e-05	     0.0000	 -0.0044265	 -0.0019061	   0.018160	
24	15	 8.2710e-06	 4.3596e-06	     189.75	    0.21485	-9.7531e+92	-9.7531e+92	  0.0030742	 6.6145e-07	     0.0000	     0.0000	-2.0969e-05	  0.0096804	
24	16	 3.0708e-12	 1.6186e-12	     177.80	    0.27291	-9.7531e+92	-9.7531e+92	 2.4538e-05	 6.1568e-07	     0.0000	-2.9542e-06	-1.9441e-05	 4.3744e-05	
24	17	 9.5564e-14	 5.0372e-14	     325.25	   0.026569	-9.7531e+92	-9.7531e+92	 7.9903e-05	 6.2172e-07	     0.0000	-9.6855e-05	-1.9415e-05	 0.00043450	
24	18	   0.089432	   0.047139	     74.739	     2.2865	-9.7531e+92	-9.7531e+92	   0.019605	 0.00071374	     0.0000	  0.0015616	  -0.023685	 -0.0058873	
24	19	 1.0862e-05	 5.7251e-06	     150.08	    0.49393	-9.7531e+92	-9.7531e+92	 4.3645e-05	 7.0185e-07	     0.0000	-1.0974e-05	-2.1997e-05	 0.00013285	
24	20	 0.00049874	 0.00026288	     121.85	    0.93617	-9.7531e+92	-9.7531e+92	 0.00015318	 5.0728e-06	     0.0000	-3.0542e-05	-0.00015903	 0.00016732	
24	21	   0.051891	   0.027351	     85.071	     1.9688	-9.7531e+92	-9.7531e+92	   0.011018	 0.00043109	  0.0014892	 2.7048e-05	  -0.014031	 -0.0075185	
24	22	 1.8871e-12	 9.9466e-13	     237.89	   0.090842	-9.7531e+92	-9.7531e+92	 5.2558e-05	 6.1869e-07	     0.0000	-5.9856e-05	-1.9248e-05	 0.00029423	
24	23	   0.010416	  0.0054903	     40.708	     2.9198	-9.7531e+92	-9.7531e+92	  0.0017034	 8.7012e-05	     0.0000	 4.0957e-05	 -0.0021203	 -0.0010592	
24	24	     0.0000	     0.0000	     0.0000	     3.0000	-9.7531e+92	-9.7531e+92	    0.26365	     0.0000	    0.26338	     0.0000	     0.0000	     0.0000	
