#source	Target	value	weight	distance	potential1	geneCorrelation	separation	influenceWeight	betweenness	influence'Weight	betweenness'	nbetweenness	nbetweenness'	
0	0	     0.0000	     0.0000	     0.0000	     3.0000	-9.7531e+92	-9.7531e+92	     3.4144	     0.0000	     2.9041	     0.0000	     0.0000	     0.0000	
0	1	   0.099338	    0.64399	     35.562	     2.9528	-9.7531e+92	-9.7531e+92	    0.29194	   0.066781	     0.0000	     0.0000	  -0.059104	     0.0000	
0	2	   0.011646	   0.075499	     211.35	    0.14318	-9.7531e+92	-9.7531e+92	    0.18461	  0.0095893	     0.0000	     0.0000	   0.037620	     0.0000	
0	3	 0.00043813	  0.0028403	     273.88	   0.052386	-9.7531e+92	-9.7531e+92	   0.024515	 0.00047343	     0.0000	     0.0000	  0.0022642	     0.0000	
0	4	 7.8621e-06	 5.0969e-05	     281.58	   0.046977	-9.7531e+92	-9.7531e+92	   0.011310	 7.5331e-05	     0.0000	     0.0000	 0.00019101	     0.0000	
0	5	  0.0012838	  0.0083227	     169.69	    0.32292	-9.7531e+92	-9.7531e+92	   0.018598	  0.0013096	     0.0000	     0.0000	  0.0026621	     0.0000	
0	6	   0.086935	    0.56359	     105.31	     1.3454	-9.7531e+92	-9.7531e+92	    0.47597	   0.064372	     0.0000	     0.0000	    0.17475	     0.0000	
0	7	    0.13681	    0.88692	     80.265	     2.1201	-9.7531e+92	-9.7531e+92	    0.34009	    0.11263	     0.0000	     0.0000	    0.37502	     0.0000	
0	8	 4.4608e-05	 0.00028918	     172.11	    0.30693	-9.7531e+92	-9.7531e+92	   0.025361	 0.00011211	     0.0000	     0.0000	 0.00020524	     0.0000	
0	9	   0.018439	    0.11954	     86.890	     1.9108	-9.7531e+92	-9.7531e+92	   0.048253	   0.017935	     0.0000	     0.0000	   0.036464	     0.0000	
0	10	 1.5389e-13	 9.9765e-13	     210.64	    0.14503	-9.7531e+92	-9.7531e+92	 0.00025664	 6.8907e-05	     0.0000	     0.0000	 0.00011639	     0.0000	
0	11	 1.4864e-06	 9.6359e-06	     167.10	    0.34103	-9.7531e+92	-9.7531e+92	 0.00029992	 6.6004e-05	     0.0000	     0.0000	 0.00017251	     0.0000	
0	12	 3.3111e-12	 2.1465e-11	     226.76	    0.10933	-9.7531e+92	-9.7531e+92	 0.00022588	 7.1435e-05	     0.0000	     0.0000	 8.6543e-05	     0.0000	
0	13	    0.20633	     1.3376	     86.013	     1.9388	-9.7531e+92	-9.7531e+92	    0.58668	    0.14240	     0.0000	     0.0000	   0.080268	     0.0000	
0	14	   0.099795	    0.64695	     114.85	     1.0949	-9.7531e+92	-9.7531e+92	    0.31490	   0.081881	     0.0000	     0.0000	    0.20063	     0.0000	
0	15	 0.00048411	  0.0031384	     189.51	    0.21584	-9.7531e+92	-9.7531e+92	   0.027257	 0.00054185	     0.0000	     0.0000	  0.0010404	     0.0000	
0	16	 2.3957e-12	 1.5531e-11	     217.18	    0.12904	-9.7531e+92	-9.7531e+92	 0.00047676	 6.9962e-05	     0.0000	     0.0000	 8.1575e-05	     0.0000	
0	17	 2.0282e-12	 1.3148e-11	     353.56	   0.019078	-9.7531e+92	-9.7531e+92	 0.00051738	 7.1401e-05	     0.0000	     0.0000	 7.7465e-05	     0.0000	
0	18	    0.10202	    0.66141	     116.29	     1.0606	-9.7531e+92	-9.7531e+92	    0.26348	   0.091394	     0.0000	     0.0000	    0.21216	     0.0000	
0	19	 1.9229e-12	 1.2466e-11	     234.49	   0.096052	-9.7531e+92	-9.7531e+92	 0.00052681	 7.0187e-05	     0.0000	     0.0000	 9.4319e-05	     0.0000	
0	20	 2.9597e-13	 1.9187e-12	     206.61	    0.15606	-9.7531e+92	-9.7531e+92	 0.00064551	 6.8352e-05	     0.0000	     0.0000	 0.00010572	     0.0000	
0	21	    0.23495	     1.5232	     39.458	     2.9290	-9.7531e+92	-9.7531e+92	    0.44605	    0.17860	    0.16769	     0.0000	    0.71858	     0.0000	
0	22	 1.0899e-12	 7.0656e-12	     321.47	   0.027830	-9.7531e+92	-9.7531e+92	 0.00070168	 7.1238e-05	     0.0000	     0.0000	 8.4261e-05	     0.0000	
0	23	 0.00052229	  0.0033859	     119.13	    0.99543	-9.7531e+92	-9.7531e+92	  0.0025968	 0.00054476	     0.0000	     0.0000	  0.0016855	     0.0000	
0	24	 0.00094805	  0.0061460	     123.34	    0.90511	-9.7531e+92	-9.7531e+92	  0.0024884	 0.00087920	     0.0000	     0.0000	  0.0039290	     0.0000	
1	0	    0.14620	    0.88574	     35.562	     2.9528	-9.7531e+92	-9.7531e+92	    0.35416	   0.091701	     0.0000	     0.0000	    0.22098	     0.0000	
1	1	     0.0000	     0.0000	     0.0000	     3.0000	-9.7531e+92	-9.7531e+92	     3.1536	     0.0000	     2.7328	     0.0000	     0.0000	     0.0000	
1	2	   0.012184	   0.073815	     184.62	    0.23778	-9.7531e+92	-9.7531e+92	    0.19564	  0.0089975	     0.0000	     0.0000	   0.053571	     0.0000	
1	3	  0.0043025	   0.026067	     244.14	   0.082134	-9.7531e+92	-9.7531e+92	   0.031004	  0.0036595	     0.0000	     0.0000	   0.023802	     0.0000	
1	4	 1.2363e-05	 7.4900e-05	     272.02	   0.053810	-9.7531e+92	-9.7531e+92	   0.012030	 7.1236e-05	     0.0000	     0.0000	 0.00031116	     0.0000	
1	5	  0.0025314	   0.015337	     161.91	    0.38106	-9.7531e+92	-9.7531e+92	   0.020221	  0.0022186	     0.0000	     0.0000	  0.0094083	     0.0000	
1	6	    0.11555	    0.70009	     96.519	     1.6061	-9.7531e+92	-9.7531e+92	    0.49090	   0.075852	     0.0000	     0.0000	    0.40121	     0.0000	
1	7	    0.12467	    0.75531	     75.481	     2.2648	-9.7531e+92	-9.7531e+92	    0.30167	   0.099566	     0.0000	     0.0000	    0.46537	     0.0000	
1	8	 1.4209e-05	 8.6084e-05	     184.58	    0.23797	-9.7531e+92	-9.7531e+92	   0.025344	 7.3667e-05	     0.0000	     0.0000	 0.00026490	     0.0000	
1	9	   0.048185	    0.29193	     55.376	     2.7421	-9.7531e+92	-9.7531e+92	   0.087817	   0.040257	   0.024617	     0.0000	    0.19948	     0.0000	
1	10	 1.0264e-13	 6.2184e-13	     228.04	    0.10699	-9.7531e+92	-9.7531e+92	 0.00024225	 6.2326e-05	     0.0000	     0.0000	 0.00021067	     0.0000	
1	11	 1.8217e-13	 1.1037e-12	     185.20	    0.23505	-9.7531e+92	-9.7531e+92	 0.00027736	 5.9409e-05	     0.0000	     0.0000	 0.00024264	     0.0000	
1	12	 1.1697e-12	 7.0865e-12	     231.78	    0.10046	-9.7531e+92	-9.7531e+92	 0.00021162	 6.3858e-05	     0.0000	     0.0000	 0.00019823	     0.0000	
1	13	    0.17896	     1.0842	     57.043	     2.7128	-9.7531e+92	-9.7531e+92	    0.50058	    0.11299	     0.0000	     0.0000	    0.36131	     0.0000	
1	14	    0.13168	    0.79781	     88.839	     1.8485	-9.7531e+92	-9.7531e+92	    0.33792	   0.092704	     0.0000	     0.0000	    0.37451	     0.0000	
1	15	  0.0025158	   0.015242	     167.83	    0.33581	-9.7531e+92	-9.7531e+92	   0.028976	  0.0022549	     0.0000	     0.0000	  0.0089320	     0.0000	
1	16	 2.3659e-12	 1.4334e-11	     207.46	    0.15366	-9.7531e+92	-9.7531e+92	 0.00047867	 6.2430e-05	     0.0000	     0.0000	 0.00019408	     0.0000	
1	17	 1.0049e-12	 6.0881e-12	     342.57	   0.021626	-9.7531e+92	-9.7531e+92	 0.00052357	 6.3910e-05	     0.0000	     0.0000	 0.00018762	     0.0000	
1	18	    0.11801	    0.71496	     111.77	     1.1715	-9.7531e+92	-9.7531e+92	    0.26406	   0.093747	     0.0000	     0.0000	    0.41098	     0.0000	
1	19	 4.7656e-13	 2.8873e-12	     226.57	    0.10968	-9.7531e+92	-9.7531e+92	 0.00052084	 6.2764e-05	     0.0000	     0.0000	 0.00020315	     0.0000	
1	20	 2.6252e-07	 1.5905e-06	     199.20	    0.17914	-9.7531e+92	-9.7531e+92	 0.00063543	 6.1248e-05	     0.0000	     0.0000	 0.00021758	     0.0000	
1	21	    0.11429	    0.69241	     57.297	     2.7081	-9.7531e+92	-9.7531e+92	    0.24681	   0.082553	     0.0000	     0.0000	    0.48577	     0.0000	
1	22	 1.3565e-12	 8.2185e-12	     312.59	   0.031097	-9.7531e+92	-9.7531e+92	 0.00071762	 6.3733e-05	     0.0000	     0.0000	 0.00019331	     0.0000	
1	23	 0.00080343	  0.0048676	     132.72	    0.73117	-9.7531e+92	-9.7531e+92	  0.0025574	 0.00074232	     0.0000	     0.0000	  0.0034439	     0.0000	
1	24	 0.00010165	 0.00061582	     142.19	    0.58963	-9.7531e+92	-9.7531e+92	  0.0010957	 0.00014018	     0.0000	     0.0000	 0.00072625	     0.0000	
2	0	   0.011971	   0.074074	     211.35	    0.14318	-9.7531e+92	-9.7531e+92	    0.11574	   0.031575	     0.0000	   -0.25058	    0.14423	   -0.81799	
2	1	   0.010448	   0.064653	     184.62	    0.23778	-9.7531e+92	-9.7531e+92	    0.10603	   0.027593	     0.0000	  -0.033203	    0.11640	   -0.71759	
2	2	     0.0000	     0.0000	     0.0000	     3.0000	-9.7531e+92	-9.7531e+92	     3.4096	     0.0000	     2.6383	     0.0000	     0.0000	     0.0000	
2	3	    0.15882	    0.98274	     63.167	     2.5880	-9.7531e+92	-9.7531e+92	    0.32078	    0.12312	    0.11673	  0.0070268	    -2.1385	   -0.32434	
2	4	    0.10445	    0.64632	     91.235	     1.7721	-9.7531e+92	-9.7531e+92	    0.19057	    0.19154	   0.088513	     1.0000	    0.57074	     1.0100	
2	5	  0.0099867	   0.061797	     120.45	    0.96633	-9.7531e+92	-9.7531e+92	   0.028930	   0.024624	     0.0000	 -0.0010239	   0.063012	  -0.034931	
2	6	   0.058050	    0.35921	     118.53	     1.0087	-9.7531e+92	-9.7531e+92	    0.33655	    0.13273	     0.0000	     0.0000	    0.37337	    -1.3777	
2	7	 0.00072713	  0.0044994	     153.12	    0.46179	-9.7531e+92	-9.7531e+92	    0.11576	  0.0021970	     0.0000	   -0.33339	  0.0041102	   -0.79263	
2	8	 3.0966e-06	 1.9161e-05	     174.51	    0.29198	-9.7531e+92	-9.7531e+92	   0.010750	 0.00019253	     0.0000	   -0.22282	 0.00034803	   -0.12038	
2	9	 0.00016435	  0.0010170	     133.64	    0.71608	-9.7531e+92	-9.7531e+92	   0.015804	 0.00041872	     0.0000	     0.0000	  0.0022461	   -0.13298	
2	10	 1.1933e-12	 7.3838e-12	     213.20	    0.13850	-9.7531e+92	-9.7531e+92	 0.00022819	 0.00018713	     0.0000	-0.00089495	 0.00031021	-0.00040546	
2	11	 1.2510e-12	 7.7410e-12	     197.83	    0.18388	-9.7531e+92	-9.7531e+92	 0.00024589	 0.00018669	     0.0000	-0.00084884	 0.00030950	-0.00064408	
2	12	 7.4432e-12	 4.6058e-11	     181.48	    0.25322	-9.7531e+92	-9.7531e+92	 0.00021498	 0.00017716	     0.0000	-0.00027439	 0.00037128	-0.00010634	
2	13	    0.45875	     2.8387	     127.66	    0.82064	-9.7531e+92	-9.7531e+92	    0.89489	     1.0000	     0.0000	     0.0000	     3.9678	     3.6033	
2	14	   0.085852	    0.53124	     97.273	     1.5829	-9.7531e+92	-9.7531e+92	    0.26816	    0.21708	     0.0000	  -0.039457	    0.79087	   -0.11311	
2	15	   0.078676	    0.48684	     21.827	     2.9932	-9.7531e+92	-9.7531e+92	    0.18273	    0.16119	   0.028258	   0.017178	    0.53221	    0.60037	
2	16	  0.0023941	   0.014814	     68.097	     2.4691	-9.7531e+92	-9.7531e+92	  0.0048288	  0.0048010	  0.0019335	  0.0070784	   0.022709	   0.023918	
2	17	 2.1110e-06	 1.3062e-05	     160.64	    0.39167	-9.7531e+92	-9.7531e+92	  0.0052372	 0.00013621	     0.0000	  -0.013047	 0.00055163	 -0.0096761	
2	18	   0.019273	    0.11926	     137.27	    0.65930	-9.7531e+92	-9.7531e+92	    0.10793	   0.040516	     0.0000	   -0.24215	    0.11315	   -0.42577	
2	19	 0.00020711	  0.0012816	     139.30	    0.62950	-9.7531e+92	-9.7531e+92	  0.0020454	 0.00061467	     0.0000	 -0.0031746	  0.0019724	 -0.0031938	
2	20	 0.00019546	  0.0012095	     139.77	    0.62284	-9.7531e+92	-9.7531e+92	  0.0010089	 0.00063832	     0.0000	 -0.0023149	  0.0017432	 -0.0022870	
2	21	 3.1633e-05	 0.00019574	     197.19	    0.18609	-9.7531e+92	-9.7531e+92	   0.059580	 0.00027143	     0.0000	 -0.0023874	 0.00050984	   -0.47742	
2	22	 7.4218e-06	 4.5925e-05	     161.29	    0.38622	-9.7531e+92	-9.7531e+92	  0.0082652	 0.00015840	     0.0000	  -0.029960	 0.00053437	  -0.015615	
2	23	 1.0672e-07	 6.6040e-07	     168.40	    0.33177	-9.7531e+92	-9.7531e+92	 0.00091784	 0.00019271	     0.0000	-1.0191e-05	 0.00028235	 -0.0066829	
2	24	 1.6558e-12	 1.0246e-11	     210.29	    0.14595	-9.7531e+92	-9.7531e+92	 0.00049936	 0.00019205	     0.0000	-0.00081204	 0.00027693	 -0.0035806	
3	0	 0.00013712	 0.00095033	     273.88	   0.052386	-9.7531e+92	-9.7531e+92	   0.065375	 0.00014286	     0.0000	   -0.12958	-0.00092710	    0.29445	
3	1	  0.0015594	   0.010807	     244.14	   0.082134	-9.7531e+92	-9.7531e+92	   0.062759	  0.0011413	     0.0000	  -0.017583	 -0.0080057	    0.26319	
3	2	    0.90480	     6.2707	     63.167	     2.5880	-9.7531e+92	-9.7531e+92	     1.7590	    0.37439	    0.89523	    0.40001	    -8.5512	    -4.4392	
3	3	     0.0000	     0.0000	     0.0000	     3.0000	-9.7531e+92	-9.7531e+92	     3.6468	     0.0000	     3.4183	     0.0000	     0.0000	     0.0000	
3	4	   0.036375	    0.25210	     82.606	     2.0469	-9.7531e+92	-9.7531e+92	    0.16404	   0.015141	   0.049739	   0.051766	   -0.30160	   -0.11704	
3	5	  0.0015625	   0.010829	     167.87	    0.33554	-9.7531e+92	-9.7531e+92	   0.019580	  0.0011320	     0.0000	 -0.0016270	  -0.012013	   0.061583	
3	6	  0.0012350	  0.0085588	     180.81	    0.25667	-9.7531e+92	-9.7531e+92	    0.19384	 0.00083369	     0.0000	     0.0000	 -0.0091324	    0.89497	
3	7	 6.4481e-06	 4.4688e-05	     215.68	    0.13250	-9.7531e+92	-9.7531e+92	   0.065866	 5.3026e-05	     0.0000	   -0.14793	-0.00055711	    0.38431	
3	8	 1.9854e-12	 1.3760e-11	     221.29	    0.12010	-9.7531e+92	-9.7531e+92	  0.0066126	 4.9043e-05	     0.0000	  -0.097861	-0.00052317	   0.060359	
3	9	 8.1122e-06	 5.6221e-05	     191.41	    0.20802	-9.7531e+92	-9.7531e+92	  0.0091202	 4.8738e-05	     0.0000	  -0.028615	-0.00055893	   0.057148	
3	10	 8.3574e-14	 5.7921e-13	     258.79	   0.065432	-9.7531e+92	-9.7531e+92	 0.00024583	 4.9802e-05	     0.0000	-0.00039195	-0.00053534	 0.00020900	
3	11	 7.1395e-13	 4.9480e-12	     244.71	   0.081388	-9.7531e+92	-9.7531e+92	 0.00025786	 4.9960e-05	     0.0000	-0.00037285	-0.00053852	 0.00033067	
3	12	 8.3361e-13	 5.7773e-12	     227.10	    0.10870	-9.7531e+92	-9.7531e+92	 0.00023792	 4.7980e-05	     0.0000	-0.00011898	-0.00051209	 5.4779e-05	
3	13	   0.013969	   0.096812	     188.65	    0.21955	-9.7531e+92	-9.7531e+92	    0.49915	  0.0087748	     0.0000	     0.0000	  -0.068669	    0.54883	
3	14	  0.0067037	   0.046460	     161.01	    0.38854	-9.7531e+92	-9.7531e+92	    0.16257	  0.0046325	     0.0000	   -0.16198	  -0.037871	    0.37197	
3	15	   0.030952	    0.21452	     84.108	     1.9994	-9.7531e+92	-9.7531e+92	    0.15639	   0.016468	     0.0000	 3.0997e-05	   -0.20291	  -0.028544	
3	16	 0.00017646	  0.0012230	     111.94	     1.1671	-9.7531e+92	-9.7531e+92	  0.0031010	 0.00013759	     0.0000	-0.00045013	 -0.0012414	 0.00085998	
3	17	 0.00053982	  0.0037412	     122.41	    0.92444	-9.7531e+92	-9.7531e+92	  0.0054695	 0.00028790	     0.0000	 -0.0013167	 -0.0022065	 0.00078722	
3	18	  0.0019279	   0.013361	     199.21	    0.17912	-9.7531e+92	-9.7531e+92	   0.064855	  0.0013184	     0.0000	   -0.15591	  -0.013736	    0.26760	
3	19	 4.3376e-06	 3.0061e-05	     184.07	    0.24039	-9.7531e+92	-9.7531e+92	  0.0016823	 4.2817e-05	     0.0000	 -0.0019645	-0.00042737	  0.0022708	
3	20	 1.3670e-06	 9.4741e-06	     185.64	    0.23299	-9.7531e+92	-9.7531e+92	 0.00075939	 4.7915e-05	     0.0000	 -0.0019573	-0.00052028	  0.0022325	
3	21	 1.2735e-12	 8.8262e-12	     259.71	   0.064522	-9.7531e+92	-9.7531e+92	   0.033714	 4.8384e-05	     0.0000	 -0.0010495	-0.00050763	    0.22917	
3	22	 3.7513e-05	 0.00025999	     164.94	    0.35711	-9.7531e+92	-9.7531e+92	  0.0072569	 5.4439e-05	     0.0000	 -0.0078504	-0.00055818	  0.0054609	
3	23	 5.9229e-13	 4.1049e-12	     228.38	    0.10637	-9.7531e+92	-9.7531e+92	 0.00064156	 5.0453e-05	     0.0000	-4.4777e-06	-0.00053871	  0.0034100	
3	24	 1.1454e-12	 7.9381e-12	     270.69	   0.054855	-9.7531e+92	-9.7531e+92	 0.00040420	 5.0453e-05	     0.0000	-0.00035672	-0.00054139	  0.0018337	
4	0	 0.00077557	  0.0022848	     281.58	   0.046977	-9.7531e+92	-9.7531e+92	   0.023618	 0.00036353	     0.0000	  -0.083043	 -0.0055086	    0.50258	
4	1	 0.00014244	 0.00041962	     272.02	   0.053810	-9.7531e+92	-9.7531e+92	   0.023711	 9.1042e-05	     0.0000	  -0.011598	 -0.0014096	    0.45467	
4	2	    0.25543	    0.75249	     91.235	     1.7721	-9.7531e+92	-9.7531e+92	    0.36794	   0.068132	 0.00075669	   0.066778	    -2.4032	    -1.0285	
4	3	    0.23568	    0.69430	     82.606	     2.0469	-9.7531e+92	-9.7531e+92	    0.24604	   0.059561	    0.14889	    0.52325	    -2.0780	    -1.4452	
4	4	     0.0000	     0.0000	     0.0000	     3.0000	-9.7531e+92	-9.7531e+92	     1.5236	     0.0000	     1.4750	     0.0000	     0.0000	     0.0000	
4	5	   0.011249	   0.033140	     147.08	    0.52816	-9.7531e+92	-9.7531e+92	   0.016709	  0.0049225	     0.0000	-0.00016927	  -0.097386	   0.014662	
4	6	  0.0059549	   0.017543	     179.35	    0.26441	-9.7531e+92	-9.7531e+92	   0.092695	  0.0023858	     0.0000	     0.0000	  -0.049827	     1.3105	
4	7	 2.8338e-05	 8.3483e-05	     209.16	    0.14897	-9.7531e+92	-9.7531e+92	   0.024375	 4.2187e-05	     0.0000	  -0.095555	-0.00082793	    0.56336	
4	8	 1.3311e-05	 3.9215e-05	     186.41	    0.22946	-9.7531e+92	-9.7531e+92	  0.0040284	 3.6187e-05	     0.0000	  -0.063141	-0.00071249	   0.087257	
4	9	 2.5470e-13	 7.5033e-13	     223.28	    0.11603	-9.7531e+92	-9.7531e+92	  0.0031625	 2.6965e-05	     0.0000	  -0.017250	-0.00057526	   0.082814	
4	10	 1.4537e-13	 4.2826e-13	     204.61	    0.16194	-9.7531e+92	-9.7531e+92	 0.00011459	 3.0490e-05	     0.0000	-0.00025295	-0.00060026	 0.00030005	
4	11	 4.0836e-14	 1.2030e-13	     218.09	    0.12699	-9.7531e+92	-9.7531e+92	 0.00011701	 3.0613e-05	     0.0000	-0.00024090	-0.00060324	 0.00047527	
4	12	 5.9487e-07	 1.7525e-06	     165.11	    0.35583	-9.7531e+92	-9.7531e+92	 0.00011955	 2.9596e-05	     0.0000	-7.1807e-05	-0.00058232	 7.3851e-05	
4	13	  0.0083645	   0.024642	     217.30	    0.12878	-9.7531e+92	-9.7531e+92	    0.13897	  0.0033132	     0.0000	     0.0000	  -0.055378	     1.0008	
4	14	    0.10044	    0.29588	     184.55	    0.23808	-9.7531e+92	-9.7531e+92	    0.12667	   0.042662	     0.0000	  0.0060222	   -0.72417	  -0.034865	
4	15	    0.21604	    0.63644	     106.18	     1.3210	-9.7531e+92	-9.7531e+92	    0.18773	   0.083319	    0.11419	    0.24043	    -1.8026	    -1.4840	
4	16	  0.0049581	   0.014607	     75.439	     2.2661	-9.7531e+92	-9.7531e+92	  0.0044287	  0.0018751	  0.0030503	  0.0094323	  -0.037082	  -0.032121	
4	17	   0.051418	    0.15148	     73.525	     2.3215	-9.7531e+92	-9.7531e+92	   0.039658	   0.015303	   0.036861	    0.14711	   -0.26092	   -0.23790	
4	18	   0.014225	   0.041905	     186.18	    0.23049	-9.7531e+92	-9.7531e+92	   0.034369	  0.0058400	     0.0000	  -0.078046	   -0.11665	    0.31507	
4	19	   0.011416	   0.033631	     119.82	    0.98008	-9.7531e+92	-9.7531e+92	   0.010546	  0.0043456	  0.0088846	   0.030258	  -0.085556	  -0.077102	
4	20	  0.0011318	  0.0033343	     135.08	    0.69295	-9.7531e+92	-9.7531e+92	  0.0016093	 0.00051492	 0.00022535	  0.0022846	  -0.010298	 -0.0058314	
4	21	 2.3488e-12	 6.9195e-12	     253.96	   0.070430	-9.7531e+92	-9.7531e+92	   0.010719	 2.9717e-05	     0.0000	-0.00067814	-0.00058107	    0.33611	
4	22	   0.082748	    0.24377	     82.638	     2.0459	-9.7531e+92	-9.7531e+92	   0.064299	   0.020441	   0.059900	    0.12953	   -0.30449	   -0.26670	
4	23	 6.4372e-14	 1.8964e-13	     212.30	    0.14074	-9.7531e+92	-9.7531e+92	 0.00025471	 3.0912e-05	     0.0000	-2.8932e-06	-0.00060320	  0.0049102	
4	24	 6.7665e-13	 1.9934e-12	     253.16	   0.071301	-9.7531e+92	-9.7531e+92	 0.00017906	 3.0899e-05	     0.0000	-0.00023049	-0.00060476	  0.0026374	
5	0	   0.017297	   0.022714	     169.69	    0.32292	-9.7531e+92	-9.7531e+92	   0.029219	  0.0048759	     0.0000	  -0.043911	   -0.23798	    0.66814	
5	1	   0.041348	   0.054297	     161.91	    0.38106	-9.7531e+92	-9.7531e+92	   0.034980	   0.011704	     0.0000	 -0.0031580	   -0.57665	    0.30955	
5	2	    0.18826	    0.24722	     120.45	    0.96633	-9.7531e+92	-9.7531e+92	    0.10591	   0.048614	     0.0000	   0.066684	    -2.6358	   -0.69554	
5	3	   0.024273	   0.031875	     167.87	    0.33554	-9.7531e+92	-9.7531e+92	   0.019719	  0.0067316	     0.0000	  -0.032719	   -0.32896	   0.093257	
5	4	  0.0014731	  0.0019344	     147.08	    0.52816	-9.7531e+92	-9.7531e+92	  0.0069579	 0.00043909	     0.0000	  -0.052247	  -0.023429	    0.17901	
5	5	     0.0000	     0.0000	     0.0000	     3.0000	-9.7531e+92	-9.7531e+92	    0.66214	     0.0000	    0.64485	     0.0000	     0.0000	     0.0000	
5	6	    0.14281	    0.18753	     72.218	     2.3585	-9.7531e+92	-9.7531e+92	    0.10837	   0.037655	     0.0000	     0.0000	    -2.2054	    0.44527	
5	7	   0.047929	   0.062938	     89.752	     1.8194	-9.7531e+92	-9.7531e+92	   0.037981	   0.014083	     0.0000	  -0.021431	   -0.76091	    0.29978	
5	8	  0.0088164	   0.011577	     54.235	     2.7611	-9.7531e+92	-9.7531e+92	   0.010001	  0.0014460	     0.0000	-0.00017430	  -0.093790	   0.015946	
5	9	 4.5171e-06	 5.9316e-06	     134.70	    0.69890	-9.7531e+92	-9.7531e+92	  0.0030355	 2.1728e-05	     0.0000	  -0.017249	 -0.0011492	    0.13108	
5	10	 1.2401e-05	 1.6284e-05	     93.726	     1.6933	-9.7531e+92	-9.7531e+92	 7.3407e-05	 2.0199e-05	     0.0000	-6.3515e-05	 -0.0010790	 0.00026239	
5	11	 0.00057610	 0.00075651	     77.490	     2.2050	-9.7531e+92	-9.7531e+92	 0.00025756	 0.00017320	 9.2786e-05	 0.00078039	 -0.0093759	 -0.0059778	
5	12	 1.5232e-05	 2.0002e-05	     80.590	     2.1100	-9.7531e+92	-9.7531e+92	 5.6849e-05	 2.0903e-05	     0.0000	 1.7600e-05	 -0.0011239	-5.8721e-05	
5	13	    0.17994	    0.23629	     125.66	    0.85869	-9.7531e+92	-9.7531e+92	    0.11296	   0.047979	     0.0000	     0.0000	    -2.4360	   -0.13708	
5	14	    0.15250	    0.20026	     108.09	     1.2686	-9.7531e+92	-9.7531e+92	   0.079726	   0.043079	     0.0000	   0.045286	    -2.1852	   -0.64709	
5	15	  0.0086150	   0.011313	     104.94	     1.3557	-9.7531e+92	-9.7531e+92	   0.011590	  0.0025147	     0.0000	  -0.016998	   -0.13605	    0.20228	
5	16	 4.5627e-05	 5.9915e-05	     71.546	     2.3771	-9.7531e+92	-9.7531e+92	 0.00020839	 3.4191e-05	     0.0000	-0.00088923	 -0.0018102	  0.0045466	
5	17	 3.2523e-12	 4.2707e-12	     219.60	    0.12368	-9.7531e+92	-9.7531e+92	 0.00022984	 2.0464e-05	     0.0000	 -0.0044519	 -0.0010833	   0.011243	
5	18	    0.17307	    0.22726	     53.346	     2.7752	-9.7531e+92	-9.7531e+92	   0.073015	   0.042847	     0.0000	   0.049036	    -2.6714	    -1.4083	
5	19	  0.0060963	  0.0080053	     64.874	     2.5486	-9.7531e+92	-9.7531e+92	  0.0021978	  0.0016591	  0.0014573	  0.0096248	  -0.091297	  -0.065832	
5	20	  0.0054891	  0.0072081	     39.691	     2.9273	-9.7531e+92	-9.7531e+92	  0.0020219	  0.0014425	  0.0014050	  0.0049396	  -0.080192	  -0.057864	
5	21	 0.00013319	 0.00017489	     132.91	    0.72808	-9.7531e+92	-9.7531e+92	   0.011177	 5.8893e-05	     0.0000	-0.00045353	 -0.0031733	    0.53336	
5	22	 9.7829e-08	 1.2846e-07	     151.89	    0.47454	-9.7531e+92	-9.7531e+92	 0.00034279	 1.9861e-05	     0.0000	 -0.0074158	 -0.0010620	   0.018089	
5	23	  0.0012795	  0.0016802	     65.633	     2.5304	-9.7531e+92	-9.7531e+92	 0.00064002	 0.00040232	     0.0000	 2.0949e-06	  -0.021262	 -0.0085028	
5	24	 1.4355e-05	 1.8851e-05	     106.34	     1.3165	-9.7531e+92	-9.7531e+92	 0.00019799	 2.4443e-05	     0.0000	-0.00013457	 -0.0012991	  0.0039822	
6	0	    0.12656	    0.29236	     105.31	     1.3454	-9.7531e+92	-9.7531e+92	    0.11768	    0.24809	     0.0000	   0.034936	     1.4478	   0.062757	
6	1	    0.14134	    0.32650	     96.519	     1.6061	-9.7531e+92	-9.7531e+92	    0.11892	    0.27317	     0.0000	  0.0082516	     1.5257	   0.092508	
6	2	    0.12789	    0.29543	     118.53	     1.0087	-9.7531e+92	-9.7531e+92	    0.13343	    0.25490	     0.0000	  0.0033407	     1.6956	  0.0040241	
6	3	  0.0028473	  0.0065774	     180.81	    0.25667	-9.7531e+92	-9.7531e+92	   0.017411	  0.0069556	     0.0000	   -0.11608	   0.047961	  -0.040378	
6	4	 0.00052478	  0.0012123	     179.35	    0.26441	-9.7531e+92	-9.7531e+92	  0.0082632	  0.0014895	     0.0000	  -0.056976	  0.0073899	  -0.017494	
6	5	   0.015049	   0.034762	     72.218	     2.3585	-9.7531e+92	-9.7531e+92	   0.014048	   0.033555	     0.0000	 0.00012239	    0.18442	  0.0019218	
6	6	     0.0000	     0.0000	     0.0000	     3.0000	-9.7531e+92	-9.7531e+92	     1.2802	     0.0000	    0.86620	     0.0000	     0.0000	     0.0000	
6	7	   0.081586	    0.18846	     34.871	     2.9563	-9.7531e+92	-9.7531e+92	   0.093702	    0.11051	     0.0000	     0.0000	     1.2501	   0.016998	
6	8	 0.00032601	 0.00075309	     109.28	     1.2365	-9.7531e+92	-9.7531e+92	  0.0072600	 0.00096432	     0.0000	  -0.042156	  0.0045103	  -0.010211	
6	9	  0.0073806	   0.017049	     62.827	     2.5956	-9.7531e+92	-9.7531e+92	   0.011626	   0.018817	     0.0000	 -0.0051080	   0.080527	 -0.0028895	
6	10	 1.2080e-07	 2.7906e-07	     153.37	    0.45919	-9.7531e+92	-9.7531e+92	 8.9492e-05	 0.00017315	     0.0000	-0.00017390	 0.00073649	-3.4739e-05	
6	11	 4.6556e-06	 1.0754e-05	     117.04	     1.0431	-9.7531e+92	-9.7531e+92	 0.00010309	 0.00017658	     0.0000	-0.00015240	 0.00082732	-5.1114e-05	
6	12	 4.1571e-08	 9.6031e-08	     152.49	    0.46823	-9.7531e+92	-9.7531e+92	 8.0300e-05	 0.00018400	     0.0000	-5.3263e-05	 0.00066988	-9.1057e-06	
6	13	    0.24334	    0.56212	     53.773	     2.7685	-9.7531e+92	-9.7531e+92	    0.22873	    0.41333	     0.0000	     0.0000	     2.2294	    0.10253	
6	14	    0.16323	    0.37707	     41.508	     2.9135	-9.7531e+92	-9.7531e+92	    0.14604	    0.17698	     0.0000	     0.0000	    0.45582	  -0.044411	
6	15	   0.011964	   0.027637	     96.746	     1.5991	-9.7531e+92	-9.7531e+92	   0.019893	   0.028365	     0.0000	  -0.013832	    0.14032	  -0.013106	
6	16	 6.8102e-06	 1.5732e-05	     111.89	     1.1685	-9.7531e+92	-9.7531e+92	 0.00026829	 0.00019021	     0.0000	 -0.0010097	 0.00076954	-0.00037012	
6	17	 2.5321e-13	 5.8491e-13	     251.72	   0.072906	-9.7531e+92	-9.7531e+92	 0.00029649	 0.00018481	     0.0000	 -0.0045589	 0.00064788	-0.00083637	
6	18	   0.068002	    0.15709	     36.723	     2.9464	-9.7531e+92	-9.7531e+92	   0.072993	    0.15574	     0.0000	   0.014550	    0.81636	   0.012436	
6	19	 5.9637e-06	 1.3776e-05	     133.74	    0.71443	-9.7531e+92	-9.7531e+92	 0.00024365	 0.00019009	     0.0000	 -0.0013956	 0.00078261	-0.00046970	
6	20	 0.00013814	 0.00031910	     111.59	     1.1762	-9.7531e+92	-9.7531e+92	 0.00032063	 0.00052445	     0.0000	-0.00057546	  0.0022469	-0.00025367	
6	21	  0.0090964	   0.021013	     78.899	     2.1621	-9.7531e+92	-9.7531e+92	   0.036614	   0.020615	     0.0000	-0.00036711	    0.10709	  -0.033740	
6	22	 9.2635e-13	 2.1399e-12	     216.08	    0.13159	-9.7531e+92	-9.7531e+92	 0.00042895	 0.00018375	     0.0000	 -0.0076399	 0.00066438	 -0.0013673	
6	23	 0.00061633	  0.0014237	     73.330	     2.3271	-9.7531e+92	-9.7531e+92	 0.00077034	  0.0012981	     0.0000	 1.9223e-08	   0.010456	 5.5930e-06	
6	24	 8.9983e-05	 0.00020786	     108.13	     1.2674	-9.7531e+92	-9.7531e+92	 0.00033628	 0.00037908	     0.0000	-0.00011479	  0.0018218	-0.00022406	
7	0	    0.15338	    0.19496	     80.265	     2.1201	-9.7531e+92	-9.7531e+92	   0.078040	    0.11759	     0.0000	     0.0000	     1.3510	     0.0000	
7	1	   0.031809	   0.040431	     75.481	     2.2648	-9.7531e+92	-9.7531e+92	   0.040650	   0.025543	     0.0000	     0.0000	    0.29792	     0.0000	
7	2	 0.00065360	 0.00083076	     153.12	    0.46179	-9.7531e+92	-9.7531e+92	   0.033781	 0.00065227	     0.0000	     0.0000	  0.0087500	     0.0000	
7	3	 9.8726e-05	 0.00012549	     215.68	    0.13250	-9.7531e+92	-9.7531e+92	  0.0045317	 0.00017273	     0.0000	     0.0000	  0.0021903	     0.0000	
7	4	 2.1073e-06	 2.6784e-06	     209.16	    0.14897	-9.7531e+92	-9.7531e+92	  0.0021216	 7.7134e-05	     0.0000	     0.0000	 0.00082632	     0.0000	
7	5	  0.0027752	  0.0035275	     89.752	     1.8194	-9.7531e+92	-9.7531e+92	  0.0043522	  0.0029941	     0.0000	     0.0000	   0.033904	     0.0000	
7	6	    0.71624	    0.91038	     34.871	     2.9563	-9.7531e+92	-9.7531e+92	    0.26883	    0.60872	   0.041012	     0.0000	     8.4393	     0.0000	
7	7	     0.0000	     0.0000	     0.0000	     3.0000	-9.7531e+92	-9.7531e+92	    0.66280	     0.0000	    0.57137	     0.0000	     0.0000	     0.0000	
7	8	 6.6984e-05	 8.5141e-05	     109.89	     1.2203	-9.7531e+92	-9.7531e+92	  0.0024465	 0.00015074	     0.0000	     0.0000	  0.0015469	     0.0000	
7	9	 0.00089612	  0.0011390	     64.406	     2.5596	-9.7531e+92	-9.7531e+92	  0.0039394	  0.0010588	     0.0000	     0.0000	   0.011114	     0.0000	
7	10	 7.8685e-10	 1.0001e-09	     153.29	    0.46001	-9.7531e+92	-9.7531e+92	 4.6680e-05	 7.7857e-05	     0.0000	     0.0000	 0.00075595	     0.0000	
7	11	 6.1919e-07	 7.8703e-07	     112.26	     1.1591	-9.7531e+92	-9.7531e+92	 5.1371e-05	 7.5741e-05	     0.0000	     0.0000	 0.00078251	     0.0000	
7	12	 7.1415e-10	 9.0773e-10	     158.06	    0.41430	-9.7531e+92	-9.7531e+92	 4.3598e-05	 7.9610e-05	     0.0000	     0.0000	 0.00074454	     0.0000	
7	13	   0.042201	   0.053640	     57.312	     2.7078	-9.7531e+92	-9.7531e+92	   0.072655	   0.030109	     0.0000	     0.0000	    0.33689	     0.0000	
7	14	   0.036772	   0.046739	     65.464	     2.5345	-9.7531e+92	-9.7531e+92	   0.048910	   0.032659	     0.0000	     0.0000	    0.39693	     0.0000	
7	15	 6.1402e-05	 7.8046e-05	     131.62	    0.74982	-9.7531e+92	-9.7531e+92	  0.0051470	 0.00013924	     0.0000	     0.0000	  0.0014905	     0.0000	
7	16	 2.2991e-08	 2.9223e-08	     137.28	    0.65913	-9.7531e+92	-9.7531e+92	 9.0822e-05	 7.7501e-05	     0.0000	     0.0000	 0.00074543	     0.0000	
7	17	 3.3296e-13	 4.2321e-13	     281.54	   0.047004	-9.7531e+92	-9.7531e+92	 9.8876e-05	 7.9213e-05	     0.0000	     0.0000	 0.00073668	     0.0000	
7	18	   0.011084	   0.014089	     38.248	     2.9371	-9.7531e+92	-9.7531e+92	   0.024456	   0.011535	     0.0000	     0.0000	    0.13138	     0.0000	
7	19	 4.3919e-07	 5.5823e-07	     154.38	    0.44913	-9.7531e+92	-9.7531e+92	 9.4479e-05	 7.8497e-05	     0.0000	     0.0000	 0.00075690	     0.0000	
7	20	 2.2362e-06	 2.8423e-06	     126.68	    0.83907	-9.7531e+92	-9.7531e+92	 0.00011314	 7.8229e-05	     0.0000	     0.0000	 0.00079376	     0.0000	
7	21	  0.0035583	  0.0045228	     44.967	     2.8822	-9.7531e+92	-9.7531e+92	   0.017088	  0.0035460	     0.0000	     0.0000	   0.043280	     0.0000	
7	22	 1.3543e-12	 1.7214e-12	     241.36	   0.085874	-9.7531e+92	-9.7531e+92	 0.00013350	 7.9028e-05	     0.0000	     0.0000	 0.00074131	     0.0000	
7	23	 0.00038072	 0.00048392	     58.677	     2.6821	-9.7531e+92	-9.7531e+92	 0.00036298	 0.00048637	     0.0000	     0.0000	  0.0053028	     0.0000	
7	24	 1.7266e-05	 2.1946e-05	     84.614	     1.9834	-9.7531e+92	-9.7531e+92	 0.00014776	 8.9977e-05	     0.0000	     0.0000	  0.0010066	     0.0000	
8	0	   0.032428	   0.022665	     172.11	    0.30693	-9.7531e+92	-9.7531e+92	   0.015222	  0.0062943	     0.0000	  -0.025133	   -0.15993	    0.13950	
8	1	  0.0019141	  0.0013378	     184.58	    0.23797	-9.7531e+92	-9.7531e+92	   0.010963	 0.00038724	     0.0000	 -0.0057561	 -0.0099239	    0.20695	
8	2	   0.020933	   0.014631	     174.51	    0.29198	-9.7531e+92	-9.7531e+92	   0.030406	  0.0041323	     0.0000	  -0.082824	   -0.10008	    0.31634	
8	3	 0.00052274	 0.00036535	     221.29	    0.12010	-9.7531e+92	-9.7531e+92	  0.0048618	 0.00012581	     0.0000	  -0.092721	 -0.0026697	   0.095837	
8	4	 8.1238e-05	 5.6779e-05	     186.41	    0.22946	-9.7531e+92	-9.7531e+92	  0.0020472	 3.2630e-05	     0.0000	  -0.043343	-0.00080205	   0.056449	
8	5	    0.57089	    0.39901	     54.235	     2.7611	-9.7531e+92	-9.7531e+92	    0.10217	    0.11953	   0.092967	   0.025045	    -3.2038	    -2.0358	
8	6	   0.051272	   0.035836	     109.28	     1.2365	-9.7531e+92	-9.7531e+92	   0.040659	  0.0099176	     0.0000	     0.0000	   -0.28506	    0.45209	
8	7	  0.0070603	  0.0049346	     109.89	     1.2203	-9.7531e+92	-9.7531e+92	   0.011977	  0.0015357	     0.0000	  -0.043911	  -0.041050	    0.23731	
8	8	     0.0000	     0.0000	     0.0000	     3.0000	-9.7531e+92	-9.7531e+92	    0.35380	     0.0000	    0.34612	     0.0000	     0.0000	     0.0000	
8	9	 3.0818e-07	 2.1540e-07	     171.65	    0.30991	-9.7531e+92	-9.7531e+92	  0.0010718	 1.5168e-05	     0.0000	  -0.013100	-0.00039512	   0.038660	
8	10	  0.0028028	  0.0019589	     44.054	     2.8911	-9.7531e+92	-9.7531e+92	 0.00053653	 0.00055880	 0.00046403	  0.0064477	  -0.012983	 -0.0077075	
8	11	  0.0034301	  0.0023974	     32.525	     2.9668	-9.7531e+92	-9.7531e+92	 0.00067086	 0.00066628	 0.00058315	  0.0027936	  -0.015909	 -0.0094543	
8	12	 0.00047117	 0.00032931	     55.069	     2.7473	-9.7531e+92	-9.7531e+92	 0.00011695	 0.00010388	 6.3565e-05	  0.0012864	 -0.0023593	 -0.0012214	
8	13	   0.036513	   0.025520	     162.59	    0.37553	-9.7531e+92	-9.7531e+92	   0.034497	  0.0069310	     0.0000	     0.0000	   -0.17457	    0.38462	
8	14	    0.10778	   0.075332	     146.54	    0.53466	-9.7531e+92	-9.7531e+92	   0.037360	   0.022437	     0.0000	  0.0074857	   -0.54108	  -0.039741	
8	15	 1.5147e-05	 1.0586e-05	     159.01	    0.40580	-9.7531e+92	-9.7531e+92	  0.0031188	 1.8065e-05	     0.0000	  -0.019703	-0.00046792	   0.090395	
8	16	 3.0768e-06	 2.1505e-06	     112.87	     1.1438	-9.7531e+92	-9.7531e+92	 6.9603e-05	 1.6047e-05	     0.0000	-0.00075570	-0.00041744	  0.0015062	
8	17	 7.8178e-13	 5.4641e-13	     258.50	   0.065716	-9.7531e+92	-9.7531e+92	 7.7863e-05	 1.5461e-05	     0.0000	 -0.0033797	-0.00039919	  0.0033229	
8	18	    0.13851	   0.096811	     75.421	     2.2666	-9.7531e+92	-9.7531e+92	   0.039251	   0.016405	     0.0000	  0.0031406	   -0.81483	   -0.31188	
8	19	  0.0072974	  0.0051003	     80.536	     2.1117	-9.7531e+92	-9.7531e+92	  0.0017164	  0.0014753	  0.0013223	   0.010676	  -0.034796	  -0.020063	
8	20	   0.014596	   0.010202	     51.987	     2.7958	-9.7531e+92	-9.7531e+92	  0.0029672	  0.0029845	  0.0026388	   0.014297	  -0.078794	  -0.051069	
8	21	 0.00098411	 0.00068782	     132.38	    0.73687	-9.7531e+92	-9.7531e+92	  0.0044693	 0.00021899	     0.0000	-0.00033747	 -0.0059990	    0.15332	
8	22	 2.5804e-08	 1.8035e-08	     168.70	    0.32968	-9.7531e+92	-9.7531e+92	 0.00011367	 1.5256e-05	     0.0000	 -0.0056331	-0.00039364	  0.0053377	
8	23	  0.0023560	  0.0016467	     54.810	     2.7517	-9.7531e+92	-9.7531e+92	 0.00058240	 0.00053339	 0.00010989	 4.1453e-06	  -0.014029	 -0.0065550	
8	24	 0.00013517	 9.4475e-05	     77.960	     2.1908	-9.7531e+92	-9.7531e+92	 0.00012941	 4.2556e-05	     0.0000	-2.1776e-05	 -0.0011319	 0.00072279	
9	0	   0.046056	   0.033044	     86.890	     1.9108	-9.7531e+92	-9.7531e+92	   0.018314	  0.0064114	     0.0000	 -0.0031913	   0.088331	  -0.011907	
9	1	    0.11971	   0.085885	     55.376	     2.7421	-9.7531e+92	-9.7531e+92	   0.029636	   0.013664	     0.0000	     0.0000	    0.15931	     0.0000	
9	2	    0.64279	    0.46118	     133.64	    0.71608	-9.7531e+92	-9.7531e+92	    0.13261	   0.098088	   0.043190	   0.074306	     1.5405	    0.18787	
9	3	 0.00071931	 0.00051608	     191.41	    0.20802	-9.7531e+92	-9.7531e+92	   0.012939	 0.00013414	     0.0000	  -0.016576	  0.0019993	  -0.011791	
9	4	 3.3371e-05	 2.3943e-05	     223.28	    0.11603	-9.7531e+92	-9.7531e+92	  0.0074750	 1.8205e-05	     0.0000	 -0.0078335	 0.00023734	 -0.0057394	
9	5	 0.00025439	 0.00018252	     134.70	    0.69890	-9.7531e+92	-9.7531e+92	  0.0016217	 5.7935e-05	     0.0000	-0.00010919	 0.00074461	 -0.0044131	
9	6	   0.013358	  0.0095838	     62.827	     2.5956	-9.7531e+92	-9.7531e+92	   0.028743	  0.0020087	     0.0000	     0.0000	   0.031425	  -0.057631	
9	7	  0.0077390	  0.0055525	     64.406	     2.5596	-9.7531e+92	-9.7531e+92	   0.011822	  0.0013407	     0.0000	 -0.0078154	   0.018248	  -0.022019	
9	8	 4.1303e-06	 2.9634e-06	     171.65	    0.30991	-9.7531e+92	-9.7531e+92	  0.0010032	 1.3236e-05	     0.0000	 -0.0057930	 0.00016133	 -0.0037246	
9	9	     0.0000	     0.0000	     0.0000	     3.0000	-9.7531e+92	-9.7531e+92	    0.36045	     0.0000	    0.35296	     0.0000	     0.0000	     0.0000	
9	10	 7.6123e-13	 5.4616e-13	     215.04	    0.13402	-9.7531e+92	-9.7531e+92	 2.5826e-05	 1.2704e-05	     0.0000	-2.3270e-05	 0.00015078	-1.2583e-05	
9	11	 2.2881e-09	 1.6416e-09	     175.31	    0.28718	-9.7531e+92	-9.7531e+92	 2.7414e-05	 1.2385e-05	     0.0000	-2.2070e-05	 0.00015311	-1.9979e-05	
9	12	 7.2202e-13	 5.1802e-13	     214.99	    0.13415	-9.7531e+92	-9.7531e+92	 2.4581e-05	 1.2880e-05	     0.0000	-7.1344e-06	 0.00014942	-3.2999e-06	
9	13	   0.090404	   0.064862	     9.0540	     2.9998	-9.7531e+92	-9.7531e+92	   0.058542	   0.011979	     0.0000	     0.0000	    0.16480	  -0.028085	
9	14	   0.066640	   0.047812	     38.749	     2.9339	-9.7531e+92	-9.7531e+92	   0.028059	   0.010746	     0.0000	 -0.0031040	    0.15480	  -0.010269	
9	15	 0.00061406	 0.00044057	     117.55	     1.0311	-9.7531e+92	-9.7531e+92	  0.0079571	 0.00012156	     0.0000	 -0.0034587	  0.0015813	 -0.0083591	
9	16	 5.0330e-08	 3.6110e-08	     159.83	    0.39862	-9.7531e+92	-9.7531e+92	 0.00020425	 1.2622e-05	     0.0000	-0.00013697	 0.00014987	-0.00013614	
9	17	 8.4787e-14	 6.0832e-14	     293.28	   0.040011	-9.7531e+92	-9.7531e+92	 0.00022144	 1.2740e-05	     0.0000	-0.00060804	 0.00014911	-0.00030009	
9	18	  0.0093993	  0.0067437	     96.665	     1.6016	-9.7531e+92	-9.7531e+92	   0.010129	  0.0016361	     0.0000	 -0.0079650	   0.022173	  -0.016423	
9	19	 5.3397e-08	 3.8310e-08	     193.08	    0.20137	-9.7531e+92	-9.7531e+92	 0.00010333	 1.2685e-05	     0.0000	-0.00018837	 0.00015079	-0.00016930	
9	20	 2.1355e-06	 1.5322e-06	     174.09	    0.29453	-9.7531e+92	-9.7531e+92	 6.7141e-05	 1.2863e-05	     0.0000	-0.00011604	 0.00015710	-0.00013655	
9	21	  0.0021754	  0.0015608	     83.320	     2.0244	-9.7531e+92	-9.7531e+92	  0.0069096	 0.00036837	     0.0000	-5.8975e-05	  0.0053134	  -0.013974	
9	22	 8.7265e-14	 6.2609e-14	     266.14	   0.058633	-9.7531e+92	-9.7531e+92	 0.00034057	 1.2708e-05	     0.0000	 -0.0010190	 0.00014966	-0.00048599	
9	23	 9.0081e-05	 6.4630e-05	     121.73	    0.93874	-9.7531e+92	-9.7531e+92	 0.00010891	 2.8475e-05	     0.0000	-2.2592e-07	 0.00036485	-0.00017663	
9	24	 1.0176e-05	 7.3010e-06	     149.07	    0.50520	-9.7531e+92	-9.7531e+92	 5.7812e-05	 1.3800e-05	     0.0000	-2.0457e-05	 0.00017970	-0.00010759	
10	0	   0.027000	  0.0087593	     210.64	    0.14503	-9.7531e+92	-9.7531e+92	  0.0068612	 9.4780e-05	     0.0000	-0.00061069	 -0.0066443	   0.011952	
10	1	  0.0032488	  0.0010540	     228.04	    0.10699	-9.7531e+92	-9.7531e+92	  0.0048521	 1.1776e-05	     0.0000	-0.00012273	-0.00082303	   0.015459	
10	2	   0.016329	  0.0052975	     213.20	    0.13850	-9.7531e+92	-9.7531e+92	   0.014234	 5.4481e-05	     0.0000	 -0.0018814	 -0.0040518	   0.025224	
10	3	 0.00061931	 0.00020092	     258.79	   0.065432	-9.7531e+92	-9.7531e+92	  0.0023259	 2.3920e-06	     0.0000	 -0.0020108	-0.00016614	  0.0073792	
10	4	 0.00044922	 0.00014574	     204.61	    0.16194	-9.7531e+92	-9.7531e+92	  0.0013165	 1.8894e-06	     0.0000	-0.00092264	-0.00013836	  0.0040326	
10	5	    0.17487	   0.056732	     93.726	     1.6933	-9.7531e+92	-9.7531e+92	   0.018837	 0.00065987	   0.014565	 0.00012449	  -0.048672	  -0.042333	
10	6	   0.053018	   0.017200	     153.37	    0.45919	-9.7531e+92	-9.7531e+92	   0.016255	 0.00017929	     0.0000	     0.0000	  -0.014452	   0.032342	
10	7	 0.00060361	 0.00019582	     153.29	    0.46001	-9.7531e+92	-9.7531e+92	  0.0042388	 2.4710e-06	     0.0000	 -0.0010501	-0.00018702	   0.018700	
10	8	   0.084161	   0.027303	     44.054	     2.8911	-9.7531e+92	-9.7531e+92	   0.010187	 0.00029003	  0.0066206	  0.0038693	  -0.021366	  -0.017501	
10	9	 4.9361e-11	 1.6014e-11	     215.04	    0.13402	-9.7531e+92	-9.7531e+92	 0.00048100	 2.5490e-07	     0.0000	-0.00028497	-1.8870e-05	  0.0027543	
10	10	     0.0000	     0.0000	     0.0000	     3.0000	-9.7531e+92	-9.7531e+92	    0.16229	     0.0000	    0.16226	     0.0000	     0.0000	     0.0000	
10	11	   0.035430	   0.011494	     46.926	     2.8613	-9.7531e+92	-9.7531e+92	  0.0029086	 0.00011970	  0.0028679	  0.0011970	 -0.0073594	 -0.0068282	
10	12	  0.0098784	  0.0032047	     46.012	     2.8713	-9.7531e+92	-9.7531e+92	 0.00083705	 3.4618e-05	 0.00081227	 0.00066950	 -0.0022375	 -0.0020799	
10	13	   0.048891	   0.015861	     205.99	    0.15786	-9.7531e+92	-9.7531e+92	   0.015504	 0.00016442	     0.0000	     0.0000	  -0.011848	   0.026922	
10	14	   0.049638	   0.016104	     190.48	    0.21181	-9.7531e+92	-9.7531e+92	   0.011676	 0.00017608	     0.0000	-0.00059780	  -0.012664	   0.010952	
10	15	 6.4367e-06	 2.0882e-06	     197.67	    0.18443	-9.7531e+92	-9.7531e+92	  0.0013480	 2.7368e-07	     0.0000	-0.00042872	-2.0314e-05	  0.0064976	
10	16	 1.9112e-07	 6.2004e-08	     147.94	    0.51817	-9.7531e+92	-9.7531e+92	 3.3839e-05	 2.5799e-07	     0.0000	-1.6558e-05	-1.9102e-05	 0.00010759	
10	17	 1.9711e-12	 6.3947e-13	     270.72	   0.054831	-9.7531e+92	-9.7531e+92	 4.5700e-05	 2.5633e-07	     0.0000	-7.3529e-05	-1.8989e-05	 0.00023604	
10	18	    0.27533	   0.089323	     118.82	     1.0023	-9.7531e+92	-9.7531e+92	   0.029401	 0.00096959	   0.011074	  0.0038711	  -0.074435	  -0.055456	
10	19	   0.051863	   0.016825	     85.643	     1.9506	-9.7531e+92	-9.7531e+92	  0.0045790	 0.00019435	  0.0043961	  0.0021415	  -0.014340	  -0.013439	
10	20	    0.11807	   0.038304	     74.457	     2.2947	-9.7531e+92	-9.7531e+92	  0.0098372	 0.00032282	  0.0096848	  0.0019802	  -0.020772	  -0.018981	
10	21	 6.1694e-05	 2.0015e-05	     171.26	    0.31241	-9.7531e+92	-9.7531e+92	  0.0020068	 4.7249e-07	     0.0000	-7.5019e-06	-3.5822e-05	   0.011232	
10	22	 5.1163e-07	 1.6598e-07	     176.66	    0.27933	-9.7531e+92	-9.7531e+92	 7.5668e-05	 2.5588e-07	     0.0000	-0.00012225	-1.9008e-05	 0.00037975	
10	23	   0.046890	   0.015212	     95.614	     1.6342	-9.7531e+92	-9.7531e+92	  0.0038749	 0.00018119	  0.0036556	 2.2908e-06	  -0.013326	  -0.012347	
10	24	  0.0036337	  0.0011788	     102.71	     1.4197	-9.7531e+92	-9.7531e+92	 0.00037818	 1.4177e-05	 0.00025055	 2.5632e-05	 -0.0010454	-0.00088313	
11	0	   0.090983	   0.034458	     167.10	    0.34103	-9.7531e+92	-9.7531e+92	   0.015111	 0.00040748	     0.0000	 0.00019389	  -0.042724	 -0.0054381	
11	1	   0.037408	   0.014168	     185.20	    0.23505	-9.7531e+92	-9.7531e+92	  0.0098990	 0.00017025	     0.0000	-8.0096e-05	  -0.017765	   0.014448	
11	2	   0.021056	  0.0079744	     197.83	    0.18388	-9.7531e+92	-9.7531e+92	   0.016059	 9.0111e-05	     0.0000	 -0.0024244	 -0.0099700	   0.046558	
11	3	 0.00017875	 6.7698e-05	     244.71	   0.081388	-9.7531e+92	-9.7531e+92	  0.0020176	 1.1022e-06	     0.0000	 -0.0027461	-0.00011371	   0.014454	
11	4	 6.0261e-05	 2.2822e-05	     218.09	    0.12699	-9.7531e+92	-9.7531e+92	 0.00099380	 5.9609e-07	     0.0000	 -0.0012739	-6.4725e-05	  0.0079301	
11	5	    0.10944	   0.041449	     77.490	     2.2050	-9.7531e+92	-9.7531e+92	   0.014589	 0.00051367	  0.0096016	 0.00012484	  -0.057437	  -0.048112	
11	6	   0.096155	   0.036416	     117.04	     1.0431	-9.7531e+92	-9.7531e+92	   0.023550	 0.00041487	     0.0000	     0.0000	  -0.049733	   0.040872	
11	7	   0.010678	  0.0040442	     112.26	     1.1591	-9.7531e+92	-9.7531e+92	  0.0072136	 5.0498e-05	     0.0000	 -0.0012152	 -0.0056827	   0.030760	
11	8	   0.085487	   0.032376	     32.525	     2.9668	-9.7531e+92	-9.7531e+92	   0.011911	 0.00037320	  0.0077471	  0.0052982	  -0.042694	  -0.035393	
11	9	 6.8739e-07	 2.6033e-07	     175.31	    0.28718	-9.7531e+92	-9.7531e+92	 0.00082430	 3.2890e-07	     0.0000	-0.00038391	-3.6115e-05	  0.0052707	
11	10	  0.0063389	  0.0024007	     46.926	     2.8613	-9.7531e+92	-9.7531e+92	 0.00063309	 1.7522e-05	 0.00059380	 0.00015421	-0.00067857	-0.00051795	
11	11	     0.0000	     0.0000	     0.0000	     3.0000	-9.7531e+92	-9.7531e+92	    0.18941	     0.0000	    0.18936	     0.0000	     0.0000	     0.0000	
11	12	  0.0037331	  0.0014138	     77.218	     2.2132	-9.7531e+92	-9.7531e+92	 0.00037293	 1.8043e-05	 0.00034400	 0.00041155	 -0.0019531	 -0.0018254	
11	13	    0.11465	   0.043422	     166.60	    0.34470	-9.7531e+92	-9.7531e+92	   0.024456	 0.00049353	     0.0000	     0.0000	  -0.053108	   0.023095	
11	14	   0.053046	   0.020090	     157.91	    0.41563	-9.7531e+92	-9.7531e+92	   0.014331	 0.00024082	     0.0000	-0.00074537	  -0.025798	   0.019520	
11	15	 4.8349e-05	 1.8311e-05	     182.32	    0.24896	-9.7531e+92	-9.7531e+92	  0.0016167	 5.4981e-07	     0.0000	-0.00057666	-6.0578e-05	   0.012427	
11	16	 7.6711e-07	 2.9053e-07	     142.85	    0.58099	-9.7531e+92	-9.7531e+92	 3.5526e-05	 3.3224e-07	     0.0000	-2.2277e-05	-3.6485e-05	 0.00020550	
11	17	 1.0774e-13	 4.0803e-14	     290.18	   0.041722	-9.7531e+92	-9.7531e+92	 3.9025e-05	 3.2749e-07	     0.0000	-9.9069e-05	-3.5964e-05	 0.00045155	
11	18	    0.34792	    0.13177	     81.269	     2.0888	-9.7531e+92	-9.7531e+92	   0.039085	  0.0015511	   0.017689	  0.0068788	   -0.17861	   -0.14178	
11	19	  0.0013380	 0.00050673	     108.78	     1.2499	-9.7531e+92	-9.7531e+92	 0.00031435	 6.7451e-06	 0.00010078	 4.9243e-05	-0.00074319	-0.00042412	
11	20	  0.0050931	  0.0019289	     83.734	     2.0113	-9.7531e+92	-9.7531e+92	 0.00069957	 2.4854e-05	 0.00052166	 0.00020950	 -0.0027460	 -0.0023826	
11	21	  0.0032549	  0.0012327	     128.65	    0.80225	-9.7531e+92	-9.7531e+92	  0.0040373	 1.5547e-05	     0.0000	-9.3191e-06	 -0.0017549	   0.019910	
11	22	 1.0128e-08	 3.8356e-09	     200.45	    0.17499	-9.7531e+92	-9.7531e+92	 5.5633e-05	 3.2520e-07	     0.0000	-0.00016586	-3.5809e-05	 0.00072693	
11	23	  0.0021164	 0.00080153	     53.605	     2.7712	-9.7531e+92	-9.7531e+92	 0.00030541	 1.0647e-05	 4.9376e-05	 7.2476e-08	 -0.0011633	-0.00076642	
11	24	   0.011007	  0.0041687	     56.094	     2.7297	-9.7531e+92	-9.7531e+92	  0.0011304	 5.2520e-05	 0.00098144	 0.00010330	 -0.0057135	 -0.0052555	
12	0	 0.00041941	 0.00013989	     226.76	    0.10933	-9.7531e+92	-9.7531e+92	  0.0035140	 1.2280e-06	     0.0000	-0.00058398	-9.6141e-05	   0.014723	
12	1	 0.00027405	 9.1407e-05	     231.78	    0.10046	-9.7531e+92	-9.7531e+92	  0.0035160	 8.7392e-07	     0.0000	-8.1036e-05	-6.8109e-05	   0.013142	
12	2	   0.074369	   0.024805	     181.48	    0.25322	-9.7531e+92	-9.7531e+92	   0.021730	 0.00017723	     0.0000	-0.00055265	  -0.014826	  0.0095413	
12	3	  0.0039424	  0.0013149	     227.10	    0.10870	-9.7531e+92	-9.7531e+92	  0.0051292	 9.9646e-06	     0.0000	 -0.0011401	-0.00078377	  0.0053930	
12	4	   0.010783	  0.0035964	     165.11	    0.35583	-9.7531e+92	-9.7531e+92	  0.0038457	 2.8535e-05	     0.0000	-0.00020575	 -0.0023345	  0.0011583	
12	5	    0.15899	   0.053028	     80.590	     2.1100	-9.7531e+92	-9.7531e+92	   0.018886	 0.00043693	   0.014493	 7.8597e-05	  -0.035450	  -0.030889	
12	6	  0.0023226	 0.00077467	     152.49	    0.46823	-9.7531e+92	-9.7531e+92	  0.0096197	 5.8434e-06	     0.0000	     0.0000	-0.00052138	   0.036699	
12	7	 4.2691e-05	 1.4239e-05	     158.06	    0.41430	-9.7531e+92	-9.7531e+92	  0.0031427	 2.9288e-07	     0.0000	-0.00066879	-2.4445e-05	   0.015249	
12	8	   0.088379	   0.029478	     55.069	     2.7473	-9.7531e+92	-9.7531e+92	   0.011467	 0.00024012	  0.0078001	  0.0029915	  -0.019533	  -0.016338	
12	9	 1.4460e-11	 4.8228e-12	     214.99	    0.13415	-9.7531e+92	-9.7531e+92	 0.00035064	 1.8456e-07	     0.0000	-0.00018007	-1.5093e-05	  0.0022272	
12	10	  0.0041509	  0.0013845	     46.012	     2.8713	-9.7531e+92	-9.7531e+92	 0.00042578	 9.2435e-06	 0.00039118	 9.7755e-05	-0.00043905	-0.00038879	
12	11	  0.0016732	 0.00055809	     77.218	     2.2132	-9.7531e+92	-9.7531e+92	 0.00019054	 4.4290e-06	 0.00014869	 3.6621e-05	-0.00031789	-0.00027939	
12	12	     0.0000	     0.0000	     0.0000	     3.0000	-9.7531e+92	-9.7531e+92	    0.16681	     0.0000	    0.16679	     0.0000	     0.0000	     0.0000	
12	13	  0.0056522	  0.0018852	     205.94	    0.15802	-9.7531e+92	-9.7531e+92	   0.012122	 1.3824e-05	     0.0000	     0.0000	 -0.0011161	   0.029950	
12	14	  0.0047530	  0.0015853	     188.63	    0.21964	-9.7531e+92	-9.7531e+92	  0.0078272	 1.2306e-05	     0.0000	-0.00074878	-0.00098789	   0.017639	
12	15	 3.9736e-05	 1.3253e-05	     166.81	    0.34315	-9.7531e+92	-9.7531e+92	  0.0018605	 2.8799e-07	     0.0000	-0.00027055	-2.3665e-05	  0.0052514	
12	16	 1.0819e-06	 3.6084e-07	     115.95	     1.0685	-9.7531e+92	-9.7531e+92	 5.3614e-05	 1.8938e-07	     0.0000	-1.0438e-05	-1.5464e-05	 8.6775e-05	
12	17	 1.9249e-12	 6.4203e-13	     225.22	    0.11223	-9.7531e+92	-9.7531e+92	 0.00011251	 1.8535e-07	     0.0000	-4.6389e-05	-1.5173e-05	 0.00019082	
12	18	    0.26541	   0.088525	     120.73	    0.96010	-9.7531e+92	-9.7531e+92	   0.028854	 0.00069831	   0.010012	  0.0026191	  -0.057449	  -0.042898	
12	19	    0.26999	   0.090053	     44.530	     2.8865	-9.7531e+92	-9.7531e+92	   0.022774	 0.00070602	   0.022586	  0.0066827	  -0.056492	  -0.053740	
12	20	    0.10831	   0.036125	     45.010	     2.8817	-9.7531e+92	-9.7531e+92	  0.0095506	 0.00026750	  0.0093939	  0.0017680	  -0.021099	  -0.019953	
12	21	 1.5152e-05	 5.0539e-06	     187.39	    0.22505	-9.7531e+92	-9.7531e+92	  0.0013308	 2.1877e-07	     0.0000	-4.7456e-06	-1.8290e-05	  0.0090975	
12	22	 6.1715e-05	 2.0584e-05	     131.16	    0.75767	-9.7531e+92	-9.7531e+92	 0.00021259	 3.4984e-07	     0.0000	-7.2751e-05	-2.8674e-05	 0.00029173	
12	23	 0.00041777	 0.00013934	     109.85	     1.2215	-9.7531e+92	-9.7531e+92	 0.00011337	 1.3618e-06	     0.0000	-6.0565e-09	-0.00011007	 4.1555e-05	
12	24	 6.6027e-06	 2.2023e-06	     132.31	    0.73810	-9.7531e+92	-9.7531e+92	 6.4957e-05	 2.0568e-07	     0.0000	-1.5741e-06	-1.6685e-05	 6.9253e-05	
13	0	   0.093284	    0.65380	     86.013	     1.9388	-9.7531e+92	-9.7531e+92	    0.31238	    0.17137	     0.0000	     0.0000	     1.1060	     0.0000	
13	1	   0.083458	    0.58494	     57.043	     2.7128	-9.7531e+92	-9.7531e+92	    0.27030	    0.16156	     0.0000	     0.0000	     1.0685	     0.0000	
13	2	    0.14393	     1.0088	     127.66	    0.82064	-9.7531e+92	-9.7531e+92	    0.43944	    0.18990	     0.0000	     0.0000	    0.95768	     0.0000	
13	3	  0.0056575	   0.039652	     188.65	    0.21955	-9.7531e+92	-9.7531e+92	   0.065320	   0.010069	     0.0000	     0.0000	   0.078954	     0.0000	
13	4	 0.00013816	 0.00096830	     217.30	    0.12878	-9.7531e+92	-9.7531e+92	   0.027399	 0.00046310	     0.0000	     0.0000	  0.0029426	     0.0000	
13	5	  0.0021533	   0.015092	     125.66	    0.85869	-9.7531e+92	-9.7531e+92	   0.022928	  0.0048347	     0.0000	     0.0000	   0.031342	     0.0000	
13	6	    0.17066	     1.1961	     53.773	     2.7685	-9.7531e+92	-9.7531e+92	    0.65156	    0.30234	     0.0000	     0.0000	     2.3387	     0.0000	
13	7	    0.16317	     1.1436	     57.312	     2.7078	-9.7531e+92	-9.7531e+92	    0.39626	    0.37422	     0.0000	     0.0000	     2.2159	     0.0000	
13	8	 0.00010454	 0.00073271	     162.59	    0.37553	-9.7531e+92	-9.7531e+92	   0.023037	 0.00042579	     0.0000	     0.0000	  0.0022478	     0.0000	
13	9	   0.021631	    0.15161	     9.0540	     2.9998	-9.7531e+92	-9.7531e+92	   0.054652	   0.046241	     0.0000	     0.0000	    0.30768	     0.0000	
13	10	 4.0302e-13	 2.8247e-12	     205.99	    0.15786	-9.7531e+92	-9.7531e+92	 0.00027164	 0.00017063	     0.0000	     0.0000	 0.00085844	     0.0000	
13	11	 1.8457e-07	 1.2936e-06	     166.60	    0.34470	-9.7531e+92	-9.7531e+92	 0.00030499	 0.00016240	     0.0000	     0.0000	 0.00090860	     0.0000	
13	12	 3.8696e-13	 2.7121e-12	     205.94	    0.15802	-9.7531e+92	-9.7531e+92	 0.00024337	 0.00017480	     0.0000	     0.0000	 0.00082686	     0.0000	
13	13	     0.0000	     0.0000	     0.0000	     3.0000	-9.7531e+92	-9.7531e+92	     3.8227	     0.0000	     2.6528	     0.0000	     0.0000	     0.0000	
13	14	    0.10520	    0.73735	     32.765	     2.9658	-9.7531e+92	-9.7531e+92	    0.34791	    0.21943	     0.0000	     0.0000	     1.5190	     0.0000	
13	15	   0.044265	    0.31024	     111.52	     1.1779	-9.7531e+92	-9.7531e+92	    0.11153	   0.089635	     0.0000	     0.0000	    0.62916	     0.0000	
13	16	 6.0508e-07	 4.2408e-06	     153.85	    0.45440	-9.7531e+92	-9.7531e+92	 0.00086192	 0.00015999	     0.0000	     0.0000	 0.00087583	     0.0000	
13	17	 6.6516e-14	 4.6620e-13	     287.27	   0.043413	-9.7531e+92	-9.7531e+92	 0.00096330	 0.00016275	     0.0000	     0.0000	 0.00084887	     0.0000	
13	18	   0.082098	    0.57540	     87.611	     1.8878	-9.7531e+92	-9.7531e+92	    0.23699	    0.17734	     0.0000	     0.0000	     1.1454	     0.0000	
13	19	 8.1540e-07	 5.7149e-06	     184.51	    0.23831	-9.7531e+92	-9.7531e+92	 0.00069385	 0.00016497	     0.0000	     0.0000	 0.00088292	     0.0000	
13	20	 4.1837e-05	 0.00029323	     165.04	    0.35635	-9.7531e+92	-9.7531e+92	 0.00078556	 0.00025037	     0.0000	     0.0000	  0.0015235	     0.0000	
13	21	   0.083475	    0.58505	     76.619	     2.2311	-9.7531e+92	-9.7531e+92	    0.21662	    0.16073	     0.0000	     0.0000	     1.2297	     0.0000	
13	22	 4.4507e-13	 3.1194e-12	     260.15	   0.064098	-9.7531e+92	-9.7531e+92	  0.0014000	 0.00016571	     0.0000	     0.0000	 0.00084605	     0.0000	
13	23	 0.00069564	  0.0048756	     113.01	     1.1402	-9.7531e+92	-9.7531e+92	  0.0025767	  0.0017840	     0.0000	     0.0000	   0.010689	     0.0000	
13	24	 2.9754e-05	 0.00020854	     142.21	    0.58941	-9.7531e+92	-9.7531e+92	 0.00096256	 0.00022160	     0.0000	     0.0000	  0.0013785	     0.0000	
14	0	   0.028622	    0.14321	     114.85	     1.0949	-9.7531e+92	-9.7531e+92	    0.15722	   0.032097	     0.0000	     0.0000	   0.038249	     0.0000	
14	1	   0.054499	    0.27270	     88.839	     1.8485	-9.7531e+92	-9.7531e+92	    0.18001	   0.059995	     0.0000	     0.0000	   0.039099	     0.0000	
14	2	   0.051674	    0.25856	     97.273	     1.5829	-9.7531e+92	-9.7531e+92	    0.20430	   0.055703	     0.0000	     0.0000	   0.097153	     0.0000	
14	3	  0.0052912	   0.026475	     161.01	    0.38854	-9.7531e+92	-9.7531e+92	   0.031703	  0.0066822	     0.0000	     0.0000	   0.022210	     0.0000	
14	4	 6.1260e-05	 0.00030652	     184.55	    0.23808	-9.7531e+92	-9.7531e+92	   0.012656	 0.00016379	     0.0000	     0.0000	 0.00024379	     0.0000	
14	5	 0.00043841	  0.0021937	     108.09	     1.2686	-9.7531e+92	-9.7531e+92	   0.014629	 0.00064524	     0.0000	     0.0000	  0.0011420	     0.0000	
14	6	    0.69179	     3.4615	     41.508	     2.9135	-9.7531e+92	-9.7531e+92	     1.0404	    0.73960	    0.14356	     0.0000	     1.2664	     0.0000	
14	7	   0.074669	    0.37362	     65.464	     2.5345	-9.7531e+92	-9.7531e+92	    0.19145	   0.098110	     0.0000	     0.0000	    0.13487	     0.0000	
14	8	 8.3709e-06	 4.1885e-05	     146.54	    0.53466	-9.7531e+92	-9.7531e+92	  0.0095345	 0.00010162	     0.0000	     0.0000	 0.00017027	     0.0000	
14	9	  0.0029014	   0.014517	     38.749	     2.9339	-9.7531e+92	-9.7531e+92	   0.017339	  0.0040251	     0.0000	     0.0000	  0.0052398	     0.0000	
14	10	 2.0969e-13	 1.0492e-12	     190.48	    0.21181	-9.7531e+92	-9.7531e+92	 0.00018368	 9.6876e-05	     0.0000	     0.0000	 0.00010622	     0.0000	
14	11	 8.9121e-08	 4.4593e-07	     157.91	    0.41563	-9.7531e+92	-9.7531e+92	 0.00019990	 9.4975e-05	     0.0000	     0.0000	 0.00011226	     0.0000	
14	12	 2.0829e-13	 1.0422e-12	     188.63	    0.21964	-9.7531e+92	-9.7531e+92	 0.00017165	 0.00010026	     0.0000	     0.0000	 6.9723e-05	     0.0000	
14	13	   0.067793	    0.33921	     32.765	     2.9658	-9.7531e+92	-9.7531e+92	    0.31667	   0.071559	     0.0000	     0.0000	   0.077384	     0.0000	
14	14	     0.0000	     0.0000	     0.0000	     3.0000	-9.7531e+92	-9.7531e+92	     2.6467	     0.0000	     2.1701	     0.0000	     0.0000	     0.0000	
14	15	  0.0056158	   0.028100	     78.991	     2.1593	-9.7531e+92	-9.7531e+92	   0.031099	  0.0073373	     0.0000	     0.0000	   0.011304	     0.0000	
14	16	 7.7213e-06	 3.8635e-05	     121.20	    0.94999	-9.7531e+92	-9.7531e+92	 0.00046634	 9.8770e-05	     0.0000	     0.0000	 0.00020479	     0.0000	
14	17	 1.7604e-13	 8.8084e-13	     254.84	   0.069479	-9.7531e+92	-9.7531e+92	 0.00050460	 9.7978e-05	     0.0000	     0.0000	 6.4145e-05	     0.0000	
14	18	   0.015712	   0.078616	     78.249	     2.1820	-9.7531e+92	-9.7531e+92	   0.096164	   0.019972	     0.0000	     0.0000	   0.029713	     0.0000	
14	19	 7.5303e-07	 3.7679e-06	     166.55	    0.34505	-9.7531e+92	-9.7531e+92	 0.00040152	 9.5836e-05	     0.0000	     0.0000	 0.00011136	     0.0000	
14	20	 1.2559e-05	 6.2842e-05	     147.73	    0.52061	-9.7531e+92	-9.7531e+92	 0.00046228	 0.00011223	     0.0000	     0.0000	 0.00012945	     0.0000	
14	21	 0.00082664	  0.0041362	     101.18	     1.4647	-9.7531e+92	-9.7531e+92	   0.048730	  0.0011178	     0.0000	     0.0000	  0.0018445	     0.0000	
14	22	 2.6389e-14	 1.3204e-13	     227.39	    0.10817	-9.7531e+92	-9.7531e+92	 0.00070753	 9.7047e-05	     0.0000	     0.0000	 7.6601e-05	     0.0000	
14	23	 7.3031e-05	 0.00036542	     114.84	     1.0952	-9.7531e+92	-9.7531e+92	 0.00099923	 0.00018920	     0.0000	     0.0000	 0.00031899	     0.0000	
14	24	 4.4457e-07	 2.2245e-06	     150.00	    0.49487	-9.7531e+92	-9.7531e+92	 0.00048354	 9.2485e-05	     0.0000	     0.0000	 0.00013194	     0.0000	
15	0	  0.0025079	  0.0037597	     189.51	    0.21584	-9.7531e+92	-9.7531e+92	   0.021191	  0.0013649	     0.0000	  -0.043212	   0.010262	  -0.084485	
15	1	   0.013513	   0.020257	     167.83	    0.33581	-9.7531e+92	-9.7531e+92	   0.024130	  0.0072600	     0.0000	 -0.0049824	   0.052205	  -0.060955	
15	2	    0.24369	    0.36532	     21.827	     2.9932	-9.7531e+92	-9.7531e+92	    0.17021	   0.087424	     0.0000	   0.040221	    0.38225	   0.079643	
15	3	    0.23055	    0.34562	     84.108	     1.9994	-9.7531e+92	-9.7531e+92	    0.10573	   0.084812	   0.056299	    0.45482	    0.47166	    0.22280	
15	4	   0.035708	   0.053532	     106.18	     1.3210	-9.7531e+92	-9.7531e+92	   0.024965	   0.012171	 0.00023945	  0.0074174	   0.083363	  0.0068571	
15	5	   0.023393	   0.035070	     104.94	     1.3557	-9.7531e+92	-9.7531e+92	   0.012143	   0.012792	     0.0000	 0.00050614	   0.070597	  0.0090105	
15	6	   0.078095	    0.11707	     96.746	     1.5991	-9.7531e+92	-9.7531e+92	   0.085134	   0.037984	     0.0000	     0.0000	    0.24295	  -0.093455	
15	7	  0.0015179	  0.0022755	     131.62	    0.74982	-9.7531e+92	-9.7531e+92	   0.022453	 0.00087777	     0.0000	  -0.049800	  0.0045742	  -0.061700	
15	8	 7.1003e-06	 1.0644e-05	     159.01	    0.40580	-9.7531e+92	-9.7531e+92	  0.0030751	 4.2229e-05	     0.0000	  -0.033645	 0.00020538	 -0.0092991	
15	9	  0.0016109	  0.0024150	     117.55	     1.0311	-9.7531e+92	-9.7531e+92	  0.0034922	 0.00087444	     0.0000	 -0.0092800	  0.0050939	 -0.0074639	
15	10	 1.1392e-13	 1.7079e-13	     197.67	    0.18443	-9.7531e+92	-9.7531e+92	 5.6207e-05	 3.8827e-05	     0.0000	-0.00013519	 0.00017956	-3.0945e-05	
15	11	 5.6222e-12	 8.4284e-12	     182.32	    0.24896	-9.7531e+92	-9.7531e+92	 6.1951e-05	 3.8619e-05	     0.0000	-0.00012822	 0.00018068	-4.9247e-05	
15	12	 8.5501e-09	 1.2818e-08	     166.81	    0.34315	-9.7531e+92	-9.7531e+92	 5.2071e-05	 3.8286e-05	     0.0000	-4.1411e-05	 0.00018421	-8.1115e-06	
15	13	    0.21572	    0.32340	     111.52	     1.1779	-9.7531e+92	-9.7531e+92	    0.14402	   0.095405	     0.0000	     0.0000	    0.59922	   0.054954	
15	14	    0.11301	    0.16942	     78.991	     2.1593	-9.7531e+92	-9.7531e+92	   0.072781	   0.058969	     0.0000	   0.011106	    0.40083	   0.018412	
15	15	     0.0000	     0.0000	     0.0000	     3.0000	-9.7531e+92	-9.7531e+92	    0.76464	     0.0000	    0.72721	     0.0000	     0.0000	     0.0000	
15	16	 0.00041060	 0.00061555	     65.362	     2.5370	-9.7531e+92	-9.7531e+92	 0.00048314	 0.00024057	     0.0000	 1.2866e-05	  0.0017215	 7.2178e-06	
15	17	 8.8366e-08	 1.3247e-07	     175.81	    0.28425	-9.7531e+92	-9.7531e+92	 0.00072609	 3.2127e-05	     0.0000	 -0.0022957	 0.00024742	-0.00079194	
15	18	   0.039769	   0.059620	     116.73	     1.0502	-9.7531e+92	-9.7531e+92	   0.031025	   0.020794	     0.0000	  -0.016450	    0.12573	  -0.015734	
15	19	 7.9865e-05	 0.00011973	     131.26	    0.75593	-9.7531e+92	-9.7531e+92	 0.00033118	 7.7980e-05	     0.0000	-0.00074462	 0.00044914	-0.00035339	
15	20	 0.00032353	 0.00048501	     124.66	    0.87845	-9.7531e+92	-9.7531e+92	 0.00029531	 0.00021618	     0.0000	-0.00013473	  0.0011328	-6.7853e-05	
15	21	 8.8172e-05	 0.00013218	     175.65	    0.28523	-9.7531e+92	-9.7531e+92	   0.010564	 8.5068e-05	     0.0000	-0.00036015	 0.00044934	  -0.037541	
15	22	 4.3352e-06	 6.4991e-06	     163.21	    0.37056	-9.7531e+92	-9.7531e+92	  0.0011088	 3.4115e-05	     0.0000	 -0.0028761	 0.00025077	 -0.0012063	
15	23	 2.1845e-06	 3.2749e-06	     149.47	    0.50076	-9.7531e+92	-9.7531e+92	 0.00019528	 3.9894e-05	     0.0000	-1.5342e-06	 0.00018801	-0.00051069	
15	24	 2.9348e-12	 4.3996e-12	     189.75	    0.21485	-9.7531e+92	-9.7531e+92	 0.00012330	 3.8647e-05	     0.0000	-0.00012266	 0.00018015	-0.00027409	
16	0	 6.5099e-05	 1.9066e-05	     217.18	    0.12904	-9.7531e+92	-9.7531e+92	  0.0027098	 1.5139e-06	     0.0000	 -0.0016490	 7.4271e-06	 -0.0022691	
16	1	 0.00051013	 0.00014941	     207.46	    0.15366	-9.7531e+92	-9.7531e+92	  0.0027668	 6.6879e-06	     0.0000	-0.00022701	 3.0944e-05	 -0.0019346	
16	2	    0.38433	    0.11256	     68.097	     2.4691	-9.7531e+92	-9.7531e+92	   0.043854	  0.0029890	  0.0073492	  0.0032972	 -0.0038808	-0.00010463	
16	3	    0.22242	   0.065143	     111.94	     1.1671	-9.7531e+92	-9.7531e+92	   0.022134	  0.0017979	   0.012476	   0.013038	  0.0039293	  0.0056182	
16	4	    0.11367	   0.033293	     75.439	     2.2661	-9.7531e+92	-9.7531e+92	   0.011334	 0.00090639	  0.0065034	  0.0040846	  0.0020254	 0.00074531	
16	5	   0.015987	  0.0046823	     71.546	     2.3771	-9.7531e+92	-9.7531e+92	  0.0018588	 0.00018925	     0.0000	 5.2165e-06	 0.00050836	 5.5150e-05	
16	6	  0.0074892	  0.0021935	     111.89	     1.1685	-9.7531e+92	-9.7531e+92	   0.011356	 8.0579e-05	     0.0000	     0.0000	 0.00026257	 -0.0036307	
16	7	 0.00020553	 6.0195e-05	     137.28	    0.65913	-9.7531e+92	-9.7531e+92	  0.0028959	 3.2372e-06	     0.0000	 -0.0018757	 7.9688e-06	 -0.0013774	
16	8	 0.00013162	 3.8550e-05	     112.87	     1.1438	-9.7531e+92	-9.7531e+92	 0.00043131	 2.4164e-06	     0.0000	 -0.0012299	 5.4340e-06	-0.00019608	
16	9	 2.7319e-06	 8.0014e-07	     159.83	    0.39862	-9.7531e+92	-9.7531e+92	 0.00034993	 7.7263e-07	     0.0000	-0.00032100	 2.4149e-06	-0.00018856	
16	10	 1.4860e-08	 4.3523e-09	     147.94	    0.51817	-9.7531e+92	-9.7531e+92	 1.1107e-05	 8.2520e-07	     0.0000	-4.9965e-06	 1.7307e-06	-6.4727e-07	
16	11	 3.1494e-07	 9.2241e-08	     142.85	    0.58099	-9.7531e+92	-9.7531e+92	 1.1595e-05	 8.2810e-07	     0.0000	-4.7156e-06	 1.7213e-06	-1.0279e-06	
16	12	 1.3837e-05	 4.0525e-06	     115.95	     1.0685	-9.7531e+92	-9.7531e+92	 1.1385e-05	 9.7839e-07	     0.0000	 6.4533e-07	 2.3127e-06	 7.1569e-08	
16	13	   0.013305	  0.0038970	     153.85	    0.45440	-9.7531e+92	-9.7531e+92	   0.015097	 0.00014111	     0.0000	     0.0000	 0.00071588	 -0.0045842	
16	14	    0.17397	   0.050954	     121.20	    0.94999	-9.7531e+92	-9.7531e+92	   0.018157	  0.0019756	     0.0000	  0.0018272	  0.0082513	  0.0020518	
16	15	   0.041758	   0.012230	     65.362	     2.5370	-9.7531e+92	-9.7531e+92	  0.0068248	 0.00045750	     0.0000	 0.00051243	  0.0014894	 0.00032984	
16	16	     0.0000	     0.0000	     0.0000	     3.0000	-9.7531e+92	-9.7531e+92	    0.14653	     0.0000	    0.14639	     0.0000	     0.0000	     0.0000	
16	17	 1.9120e-07	 5.6000e-08	     148.25	    0.51453	-9.7531e+92	-9.7531e+92	 0.00030979	 7.1051e-07	 3.1712e-05	-9.7164e-05	 3.0570e-06	-1.7851e-05	
16	18	   0.023218	  0.0068001	     110.59	     1.2021	-9.7531e+92	-9.7531e+92	  0.0041183	 0.00025854	     0.0000	 -0.0012092	 0.00083257	-0.00072711	
16	19	  0.0013741	 0.00040244	     73.024	     2.3358	-9.7531e+92	-9.7531e+92	 0.00020368	 1.6355e-05	 3.8513e-05	 6.1375e-05	 5.5646e-05	 1.5695e-05	
16	20	  0.0011748	 0.00034409	     74.477	     2.2942	-9.7531e+92	-9.7531e+92	 0.00012503	 1.4702e-05	     0.0000	 4.7849e-05	 3.9381e-05	 1.3825e-05	
16	21	 2.6601e-06	 7.7911e-07	     180.81	    0.25669	-9.7531e+92	-9.7531e+92	  0.0012009	 8.2708e-07	     0.0000	-1.3343e-05	 2.0335e-06	-0.00082476	
16	22	 0.00036083	 0.00010568	     106.73	     1.3057	-9.7531e+92	-9.7531e+92	 0.00051493	 4.4011e-06	 7.7594e-05	-9.3983e-05	 2.6082e-05	-3.9141e-05	
16	23	 4.9029e-06	 1.4360e-06	     136.77	    0.66684	-9.7531e+92	-9.7531e+92	 2.7998e-05	 8.9081e-07	     0.0000	-5.6473e-08	 1.8099e-06	-1.0716e-05	
16	24	 1.2004e-09	 3.5157e-10	     177.80	    0.27291	-9.7531e+92	-9.7531e+92	 1.9323e-05	 8.2914e-07	     0.0000	-4.5354e-06	 1.6656e-06	-5.7618e-06	
17	0	 2.4719e-05	 1.0933e-05	     353.56	   0.019078	-9.7531e+92	-9.7531e+92	  0.0025826	 3.7251e-06	     0.0000	  -0.012648	 3.8783e-06	-0.00074648	
17	1	 6.4661e-05	 2.8600e-05	     342.57	   0.021626	-9.7531e+92	-9.7531e+92	  0.0024914	 5.4135e-06	     0.0000	 -0.0017516	 4.0989e-06	-0.00011446	
17	2	    0.19390	   0.085765	     160.64	    0.39167	-9.7531e+92	-9.7531e+92	   0.055389	  0.0065095	 0.00025938	   0.010746	 -0.0068814	 0.00027892	
17	3	    0.36244	    0.16031	     122.41	    0.92444	-9.7531e+92	-9.7531e+92	   0.051863	   0.012491	   0.037277	    0.26558	 -0.0087948	  0.0058451	
17	4	    0.31699	    0.14021	     73.525	     2.3215	-9.7531e+92	-9.7531e+92	   0.041492	  0.0039353	   0.034197	   0.015967	  -0.075166	  -0.070429	
17	5	 0.00089306	 0.00039501	     219.60	    0.12368	-9.7531e+92	-9.7531e+92	  0.0011495	 4.0476e-05	     0.0000	-0.00017072	-8.1209e-05	  0.0010511	
17	6	 0.00056297	 0.00024901	     251.72	   0.072906	-9.7531e+92	-9.7531e+92	  0.0084431	 2.3973e-05	     0.0000	     0.0000	-3.9033e-05	   0.012083	
17	7	 5.0473e-11	 2.2325e-11	     281.54	   0.047004	-9.7531e+92	-9.7531e+92	  0.0026699	 2.7695e-06	     0.0000	  -0.014421	-5.8814e-06	  0.0062419	
17	8	 4.3293e-11	 1.9149e-11	     258.50	   0.065716	-9.7531e+92	-9.7531e+92	 0.00032706	 2.8464e-06	     0.0000	 -0.0095435	-6.7504e-06	  0.0010647	
17	9	 3.3659e-11	 1.4888e-11	     293.28	   0.040011	-9.7531e+92	-9.7531e+92	 0.00036570	 2.7562e-06	     0.0000	 -0.0038805	-6.2050e-06	  0.0010063	
17	10	 8.8884e-11	 3.9315e-11	     270.72	   0.054831	-9.7531e+92	-9.7531e+92	 1.5920e-05	 2.8780e-06	     0.0000	-3.8315e-05	-7.2617e-06	 3.8683e-06	
17	11	 1.1997e-10	 5.3064e-11	     290.18	   0.041722	-9.7531e+92	-9.7531e+92	 1.6279e-05	 2.8842e-06	     0.0000	-3.6347e-05	-7.2956e-06	 6.0792e-06	
17	12	 4.2265e-11	 1.8694e-11	     225.22	    0.11223	-9.7531e+92	-9.7531e+92	 1.6652e-05	 2.8303e-06	     0.0000	-1.1740e-05	-6.6134e-06	 1.0127e-06	
17	13	   0.017104	  0.0075654	     287.27	   0.043413	-9.7531e+92	-9.7531e+92	   0.018764	 0.00065999	     0.0000	     0.0000	 0.00084338	 -0.0028785	
17	14	   0.010992	  0.0048619	     254.84	   0.069479	-9.7531e+92	-9.7531e+92	  0.0089333	 0.00044667	     0.0000	  -0.015025	 4.4656e-05	  0.0015031	
17	15	   0.032477	   0.014365	     175.81	    0.28425	-9.7531e+92	-9.7531e+92	   0.011606	  0.0013015	 0.00056441	  0.0017582	 -0.0024104	-0.00062186	
17	16	 0.00030436	 0.00013462	     148.25	    0.51453	-9.7531e+92	-9.7531e+92	 0.00023140	 1.4680e-05	 2.4441e-05	-4.2410e-05	-2.3861e-05	 9.7006e-06	
17	17	     0.0000	     0.0000	     0.0000	     3.0000	-9.7531e+92	-9.7531e+92	    0.22230	     0.0000	    0.22188	     0.0000	     0.0000	     0.0000	
17	18	 0.00075822	 0.00033537	     258.46	   0.065759	-9.7531e+92	-9.7531e+92	  0.0028949	 3.3552e-05	     0.0000	  -0.015523	-4.3997e-05	  0.0033642	
17	19	 0.00034962	 0.00015464	     187.53	    0.22442	-9.7531e+92	-9.7531e+92	 0.00052283	 1.6500e-05	 0.00027340	-7.2095e-05	-2.5847e-05	 1.3820e-05	
17	20	 2.1597e-10	 9.5526e-11	     207.02	    0.15490	-9.7531e+92	-9.7531e+92	 0.00010532	 2.8087e-06	     0.0000	-0.00019208	-6.2802e-06	 4.0086e-05	
17	21	 2.3465e-11	 1.0379e-11	     326.31	   0.026229	-9.7531e+92	-9.7531e+92	  0.0013050	 2.7855e-06	     0.0000	-0.00010230	-5.8681e-06	  0.0037164	
17	22	   0.063135	   0.027926	     106.10	     1.3231	-9.7531e+92	-9.7531e+92	  0.0087356	  0.0019275	  0.0080752	   0.021797	   0.010638	  0.0085088	
17	23	 3.6514e-11	 1.6151e-11	     284.58	   0.045056	-9.7531e+92	-9.7531e+92	 3.1637e-05	 2.8930e-06	     0.0000	-4.3646e-07	-7.2181e-06	 6.2027e-05	
17	24	 5.6453e-12	 2.4970e-12	     325.25	   0.026569	-9.7531e+92	-9.7531e+92	 2.2201e-05	 2.8924e-06	     0.0000	-3.4771e-05	-7.3074e-06	 3.3568e-05	
18	0	   0.068902	    0.18606	     116.29	     1.0606	-9.7531e+92	-9.7531e+92	   0.087662	   0.052804	     0.0000	 -0.0024980	   -0.90867	   0.059816	
18	1	   0.080742	    0.21803	     111.77	     1.1715	-9.7531e+92	-9.7531e+92	   0.089418	   0.062111	     0.0000	 0.00044665	    -1.0860	  -0.068841	
18	2	    0.36587	    0.98799	     137.27	    0.65930	-9.7531e+92	-9.7531e+92	    0.31028	    0.31158	     0.0000	   0.089671	    -4.0203	    -1.4710	
18	3	 0.00093305	  0.0025196	     199.21	    0.17912	-9.7531e+92	-9.7531e+92	   0.032143	 0.00095563	     0.0000	  -0.042695	 -0.0096746	    0.19169	
18	4	 2.2893e-05	 6.1819e-05	     186.18	    0.23049	-9.7531e+92	-9.7531e+92	   0.017764	 9.0478e-05	     0.0000	  -0.020321	 -0.0011349	    0.10866	
18	5	   0.016566	   0.044733	     53.346	     2.7752	-9.7531e+92	-9.7531e+92	   0.052947	   0.014885	   0.017386	 6.4568e-05	   -0.21255	  -0.023642	
18	6	   0.075942	    0.20507	     36.723	     2.9464	-9.7531e+92	-9.7531e+92	    0.15841	   0.062622	     0.0000	     0.0000	   -0.99702	    0.69505	
18	7	   0.030449	   0.082225	     38.248	     2.9371	-9.7531e+92	-9.7531e+92	   0.060455	   0.029384	     0.0000	  -0.013101	   -0.41570	    0.28566	
18	8	    0.18834	    0.50860	     75.421	     2.2666	-9.7531e+92	-9.7531e+92	    0.13147	    0.17399	    0.10178	    0.24100	    -2.3611	    -1.2360	
18	9	  0.0026879	  0.0072583	     96.665	     1.6016	-9.7531e+92	-9.7531e+92	  0.0076926	  0.0028130	     0.0000	 -0.0045281	  -0.038811	   0.053590	
18	10	 2.6542e-07	 7.1673e-07	     118.82	     1.0023	-9.7531e+92	-9.7531e+92	 0.00028489	 5.8544e-05	 4.7871e-06	-3.5162e-05	-0.00072353	 0.00020079	
18	11	 9.2876e-05	 0.00025080	     81.269	     2.0888	-9.7531e+92	-9.7531e+92	 0.00040420	 0.00013184	 6.5364e-05	 1.2275e-05	 -0.0016432	-0.00016695	
18	12	 3.2904e-06	 8.8853e-06	     120.73	    0.96010	-9.7531e+92	-9.7531e+92	 0.00012915	 6.2494e-05	     0.0000	-8.1946e-06	-0.00077025	 3.6371e-05	
18	13	   0.070292	    0.18981	     87.611	     1.8878	-9.7531e+92	-9.7531e+92	    0.17724	   0.054117	     0.0000	     0.0000	   -0.87268	    0.57839	
18	14	   0.083310	    0.22497	     78.249	     2.1820	-9.7531e+92	-9.7531e+92	    0.12038	   0.075764	     0.0000	 -0.0033729	   -0.97955	   0.075623	
18	15	  0.0013953	  0.0037678	     116.73	     1.0502	-9.7531e+92	-9.7531e+92	   0.021249	  0.0014415	     0.0000	 -0.0086800	  -0.019711	    0.16107	
18	16	 8.3656e-07	 2.2590e-06	     110.59	     1.2021	-9.7531e+92	-9.7531e+92	 0.00051604	 7.1284e-05	     0.0000	-0.00035445	-0.00097067	  0.0028203	
18	17	 8.1698e-14	 2.2061e-13	     258.46	   0.065759	-9.7531e+92	-9.7531e+92	 0.00056001	 7.2032e-05	     0.0000	 -0.0015766	-0.00097423	  0.0061971	
18	18	     0.0000	     0.0000	     0.0000	     3.0000	-9.7531e+92	-9.7531e+92	     1.3934	     0.0000	     1.2408	     0.0000	     0.0000	     0.0000	
18	19	 7.9843e-05	 0.00021561	     118.15	     1.0174	-9.7531e+92	-9.7531e+92	 0.00099203	 0.00014510	     0.0000	-0.00040074	 -0.0019318	  0.0029220	
18	20	 0.00057990	  0.0015659	     90.275	     1.8027	-9.7531e+92	-9.7531e+92	  0.0017004	 0.00055264	 0.00043179	 5.4192e-05	 -0.0072565	 -0.0010089	
18	21	  0.0095475	   0.025782	     79.511	     2.1434	-9.7531e+92	-9.7531e+92	   0.030546	  0.0084914	     0.0000	-0.00012527	   -0.12622	    0.22963	
18	22	 2.2503e-10	 6.0766e-10	     205.13	    0.16037	-9.7531e+92	-9.7531e+92	 0.00084504	 7.1197e-05	     0.0000	 -0.0026324	-0.00095679	  0.0099737	
18	23	 0.00094259	  0.0025453	     36.898	     2.9454	-9.7531e+92	-9.7531e+92	  0.0011867	 0.00097310	     0.0000	 3.1710e-07	  -0.013198	 -0.0023267	
18	24	  0.0032947	  0.0088968	     74.739	     2.2865	-9.7531e+92	-9.7531e+92	  0.0024621	  0.0029604	  0.0013997	 3.3298e-05	  -0.039375	  -0.018750	
19	0	 0.00083809	 0.00048852	     234.49	   0.096052	-9.7531e+92	-9.7531e+92	  0.0061533	 3.8928e-05	     0.0000	  -0.015890	 -0.0039168	    0.32861	
19	1	 0.00017678	 0.00010305	     226.57	    0.10968	-9.7531e+92	-9.7531e+92	  0.0059313	 1.0609e-05	     0.0000	 -0.0022199	 -0.0010662	    0.29545	
19	2	    0.21624	    0.12605	     139.30	    0.62950	-9.7531e+92	-9.7531e+92	   0.062436	  0.0084969	     0.0000	   0.025644	   -0.94857	   -0.38850	
19	3	    0.17427	    0.10158	     184.07	    0.24039	-9.7531e+92	-9.7531e+92	   0.034671	  0.0072140	   0.015449	    0.15047	   -0.74882	   -0.58889	
19	4	    0.12993	   0.075735	     119.82	    0.98008	-9.7531e+92	-9.7531e+92	   0.023507	  0.0046779	   0.013894	   0.088476	   -0.62179	   -0.52686	
19	5	   0.097093	   0.056595	     64.874	     2.5486	-9.7531e+92	-9.7531e+92	   0.020493	  0.0042234	   0.012817	 0.00067374	   -0.47414	   -0.39877	
19	6	   0.043013	   0.025072	     133.74	    0.71443	-9.7531e+92	-9.7531e+92	   0.023924	  0.0017460	     0.0000	     0.0000	   -0.20702	    0.63705	
19	7	 0.00030851	 0.00017983	     154.38	    0.44913	-9.7531e+92	-9.7531e+92	  0.0059420	 1.6442e-05	     0.0000	  -0.018227	 -0.0018480	    0.34269	
19	8	    0.10307	   0.060080	     80.536	     2.1117	-9.7531e+92	-9.7531e+92	   0.017340	  0.0044680	   0.010932	   0.094965	   -0.50495	   -0.43930	
19	9	 8.1590e-08	 4.7559e-08	     193.08	    0.20137	-9.7531e+92	-9.7531e+92	 0.00069581	 3.0073e-06	     0.0000	 -0.0049258	-0.00033327	   0.050262	
19	10	 0.00036508	 0.00021280	     85.643	     1.9506	-9.7531e+92	-9.7531e+92	 0.00012160	 1.7570e-05	 6.1139e-05	 0.00034689	 -0.0018799	 -0.0013865	
19	11	 0.00048956	 0.00028536	     108.78	     1.2499	-9.7531e+92	-9.7531e+92	 0.00013019	 2.5143e-05	 5.7051e-05	 0.00032924	 -0.0027766	 -0.0020952	
19	12	  0.0015707	 0.00091554	     44.530	     2.8865	-9.7531e+92	-9.7531e+92	 0.00026043	 4.0256e-05	 0.00021591	 0.00082124	 -0.0028572	 -0.0025282	
19	13	   0.032608	   0.019007	     184.51	    0.23831	-9.7531e+92	-9.7531e+92	   0.028838	  0.0013431	     0.0000	     0.0000	   -0.13954	    0.55952	
19	14	   0.060360	   0.035183	     166.55	    0.34505	-9.7531e+92	-9.7531e+92	   0.021201	  0.0025911	     0.0000	 -0.0079090	   -0.27177	    0.15307	
19	15	  0.0027970	  0.0016304	     131.26	    0.75593	-9.7531e+92	-9.7531e+92	  0.0069266	 0.00012620	     0.0000	 -0.0065765	  -0.014019	    0.10531	
19	16	 0.00041479	 0.00024178	     73.024	     2.3358	-9.7531e+92	-9.7531e+92	 0.00021932	 2.1478e-05	     0.0000	 8.7516e-06	 -0.0024106	-6.2780e-05	
19	17	 5.2419e-11	 3.0555e-11	     187.53	    0.22442	-9.7531e+92	-9.7531e+92	 0.00064071	 2.8777e-06	 8.7287e-05	 -0.0011471	-0.00033177	  0.0042823	
19	18	    0.10320	   0.060157	     118.15	     1.0174	-9.7531e+92	-9.7531e+92	   0.022727	  0.0044629	     0.0000	   0.016067	   -0.49190	   -0.21596	
19	19	     0.0000	     0.0000	     0.0000	     3.0000	-9.7531e+92	-9.7531e+92	    0.29187	     0.0000	    0.29154	     0.0000	     0.0000	     0.0000	
19	20	   0.030421	   0.017733	     28.400	     2.9806	-9.7531e+92	-9.7531e+92	  0.0046918	  0.0012549	  0.0044180	   0.014658	   -0.14248	   -0.13647	
19	21	 2.3212e-06	 1.3530e-06	     197.71	    0.18427	-9.7531e+92	-9.7531e+92	  0.0025323	 3.0442e-06	     0.0000	-0.00012986	-0.00034016	    0.20526	
19	22	  0.0027499	  0.0016029	     93.933	     1.6868	-9.7531e+92	-9.7531e+92	  0.0014133	 0.00010087	 0.00054291	  0.0013258	  -0.012517	 -0.0057025	
19	23	 7.4548e-05	 4.3453e-05	     121.29	    0.94810	-9.7531e+92	-9.7531e+92	 0.00010752	 6.4609e-06	     0.0000	-4.8610e-07	-0.00070863	  0.0026090	
19	24	 2.7356e-06	 1.5946e-06	     150.08	    0.49393	-9.7531e+92	-9.7531e+92	 6.5268e-05	 3.1756e-06	     0.0000	-4.3767e-05	-0.00034896	  0.0015821	
20	0	  0.0028327	  0.0016726	     206.61	    0.15606	-9.7531e+92	-9.7531e+92	  0.0089643	 7.8180e-05	     0.0000	 -0.0090856	 -0.0090231	    0.22828	
20	1	  0.0061784	  0.0036481	     199.20	    0.17914	-9.7531e+92	-9.7531e+92	  0.0092487	 0.00017051	     0.0000	 -0.0011899	  -0.019646	    0.19231	
20	2	    0.20668	    0.12204	     139.77	    0.62284	-9.7531e+92	-9.7531e+92	   0.054337	  0.0052222	     0.0000	   0.014371	   -0.64941	   -0.24796	
20	3	   0.010574	  0.0062435	     185.64	    0.23299	-9.7531e+92	-9.7531e+92	  0.0083240	 0.00028430	     0.0000	  -0.014114	  -0.032752	   0.066554	
20	4	   0.022552	   0.013316	     135.08	    0.69295	-9.7531e+92	-9.7531e+92	  0.0068907	 0.00060334	     0.0000	  0.0034990	  -0.076826	  -0.019937	
20	5	    0.15109	   0.089211	     39.691	     2.9273	-9.7531e+92	-9.7531e+92	   0.026229	  0.0040875	   0.018453	 0.00061376	   -0.52646	   -0.46404	
20	6	   0.037663	   0.022238	     111.59	     1.1762	-9.7531e+92	-9.7531e+92	   0.027180	 0.00096265	     0.0000	     0.0000	   -0.12979	    0.47021	
20	7	  0.0076536	  0.0045191	     126.68	    0.83907	-9.7531e+92	-9.7531e+92	  0.0094284	 0.00021350	     0.0000	 -0.0095998	  -0.027192	    0.21828	
20	8	   0.021187	   0.012510	     51.987	     2.7958	-9.7531e+92	-9.7531e+92	  0.0084799	 0.00054912	  0.0019884	  0.0055885	  -0.072335	  -0.033660	
20	9	 4.3775e-08	 2.5847e-08	     174.09	    0.29453	-9.7531e+92	-9.7531e+92	  0.0010292	 1.9127e-06	     0.0000	 -0.0028905	-0.00023824	   0.035655	
20	10	   0.010097	  0.0059615	     74.457	     2.2947	-9.7531e+92	-9.7531e+92	  0.0015234	 0.00020330	  0.0014622	  0.0039713	  -0.021683	  -0.020305	
20	11	 9.7994e-05	 5.7861e-05	     83.734	     2.0113	-9.7531e+92	-9.7531e+92	 8.7424e-05	 4.6062e-06	 1.3334e-05	 1.6594e-05	-0.00057828	-0.00013264	
20	12	  0.0029375	  0.0017345	     45.010	     2.8817	-9.7531e+92	-9.7531e+92	 0.00046674	 5.9871e-05	 0.00042164	  0.0013501	 -0.0066717	 -0.0061650	
20	13	    0.14181	   0.083735	     165.04	    0.35635	-9.7531e+92	-9.7531e+92	   0.045119	  0.0036609	     0.0000	     0.0000	   -0.43587	   0.075129	
20	14	   0.049582	   0.029276	     147.73	    0.52061	-9.7531e+92	-9.7531e+92	   0.021183	  0.0013400	     0.0000	 -0.0060711	   -0.16026	    0.14255	
20	15	  0.0019364	  0.0011434	     124.66	    0.87845	-9.7531e+92	-9.7531e+92	  0.0047066	 5.6111e-05	     0.0000	 -0.0040119	 -0.0070150	   0.077657	
20	16	 0.00013959	 8.2419e-05	     74.477	     2.2942	-9.7531e+92	-9.7531e+92	 0.00012608	 5.9122e-06	     0.0000	-0.00010944	-0.00073931	 0.00090919	
20	17	 1.4306e-12	 8.4472e-13	     207.02	    0.15490	-9.7531e+92	-9.7531e+92	 0.00020122	 1.8991e-06	     0.0000	-0.00073949	-0.00023909	  0.0030548	
20	18	    0.29585	    0.17468	     90.275	     1.8027	-9.7531e+92	-9.7531e+92	   0.051929	  0.0078575	   0.018573	   0.044761	    -1.0102	   -0.78694	
20	19	   0.029662	   0.017514	     28.400	     2.9806	-9.7531e+92	-9.7531e+92	  0.0046662	 0.00073576	  0.0043332	   0.010269	  -0.096332	  -0.091114	
20	20	     0.0000	     0.0000	     0.0000	     3.0000	-9.7531e+92	-9.7531e+92	    0.29559	     0.0000	    0.29531	     0.0000	     0.0000	     0.0000	
20	21	 5.4072e-06	 3.1927e-06	     169.84	    0.32188	-9.7531e+92	-9.7531e+92	  0.0038890	 2.0029e-06	     0.0000	-7.6194e-05	-0.00025416	    0.14566	
20	22	 0.00052576	 0.00031043	     116.48	     1.0560	-9.7531e+92	-9.7531e+92	 0.00039500	 1.5883e-05	     0.0000	-0.00073021	 -0.0020499	  0.0030198	
20	23	 0.00093677	 0.00055312	     93.058	     1.7144	-9.7531e+92	-9.7531e+92	 0.00028476	 2.8875e-05	     0.0000	 1.7295e-07	 -0.0035886	 -0.0011269	
20	24	 3.6327e-06	 2.1449e-06	     121.85	    0.93617	-9.7531e+92	-9.7531e+92	 0.00011798	 2.0234e-06	     0.0000	-2.5266e-05	-0.00025233	  0.0011189	
21	0	    0.23076	    0.29544	     39.458	     2.9290	-9.7531e+92	-9.7531e+92	   0.099804	   0.091107	     0.0000	     0.0000	     1.1506	     0.0000	
21	1	    0.15798	    0.20226	     57.297	     2.7081	-9.7531e+92	-9.7531e+92	   0.074089	   0.085206	     0.0000	  0.0092329	     1.2742	    0.22757	
21	2	  0.0010273	  0.0013153	     197.19	    0.18609	-9.7531e+92	-9.7531e+92	   0.033473	 0.00072586	     0.0000	   -0.12093	   0.011888	   -0.31871	
21	3	 2.5749e-05	 3.2967e-05	     259.71	   0.064522	-9.7531e+92	-9.7531e+92	  0.0046197	 6.9083e-05	     0.0000	   -0.11534	  0.0010607	  -0.085459	
21	4	 1.4043e-06	 1.7979e-06	     253.96	   0.070430	-9.7531e+92	-9.7531e+92	  0.0020744	 5.4156e-05	     0.0000	  -0.053465	 0.00072542	  -0.040994	
21	5	 0.00063957	 0.00081884	     132.91	    0.72808	-9.7531e+92	-9.7531e+92	  0.0033629	 0.00055215	     0.0000	-0.00072155	  0.0073206	  -0.030581	
21	6	   0.049508	   0.063384	     78.899	     2.1621	-9.7531e+92	-9.7531e+92	   0.077424	   0.031791	     0.0000	     0.0000	    0.51997	   -0.32168	
21	7	   0.021457	   0.027471	     44.967	     2.8822	-9.7531e+92	-9.7531e+92	   0.037273	   0.015565	     0.0000	  -0.041870	    0.22561	   -0.12371	
21	8	 5.7631e-05	 7.3784e-05	     132.38	    0.73687	-9.7531e+92	-9.7531e+92	  0.0049543	 0.00010026	     0.0000	  -0.039268	  0.0012696	  -0.026497	
21	9	  0.0022627	  0.0028968	     83.320	     2.0244	-9.7531e+92	-9.7531e+92	  0.0055811	  0.0018093	     0.0000	  -0.012553	   0.024070	  -0.019764	
21	10	 2.6590e-10	 3.4043e-10	     171.26	    0.31241	-9.7531e+92	-9.7531e+92	 5.0643e-05	 5.4802e-05	     0.0000	-0.00015851	 0.00067644	-9.0000e-05	
21	11	 5.0617e-05	 6.4804e-05	     128.65	    0.80225	-9.7531e+92	-9.7531e+92	 7.3210e-05	 9.2690e-05	     0.0000	-2.1185e-05	  0.0012147	-2.0136e-05	
21	12	 5.0598e-13	 6.4779e-13	     187.39	    0.22505	-9.7531e+92	-9.7531e+92	 4.4615e-05	 5.5905e-05	     0.0000	-4.8599e-05	 0.00066959	-2.3603e-05	
21	13	    0.33079	    0.42351	     76.619	     2.2311	-9.7531e+92	-9.7531e+92	    0.14973	    0.18353	     0.0000	     0.0000	     2.8295	    0.42493	
21	14	    0.10701	    0.13700	     101.18	     1.4647	-9.7531e+92	-9.7531e+92	   0.064986	   0.076237	     0.0000	  0.0085998	     1.1503	   0.029700	
21	15	 1.2899e-05	 1.6515e-05	     175.65	    0.28523	-9.7531e+92	-9.7531e+92	  0.0057838	 6.2051e-05	     0.0000	  -0.024142	 0.00082528	  -0.061174	
21	16	 1.2099e-12	 1.5491e-12	     180.81	    0.25669	-9.7531e+92	-9.7531e+92	 9.0205e-05	 5.5002e-05	     0.0000	-0.00093313	 0.00066931	-0.00097390	
21	17	 1.9407e-13	 2.4846e-13	     326.31	   0.026229	-9.7531e+92	-9.7531e+92	 9.7983e-05	 5.5537e-05	     0.0000	 -0.0041419	 0.00066816	 -0.0021461	
21	18	   0.094216	    0.12062	     79.511	     2.1434	-9.7531e+92	-9.7531e+92	   0.051434	   0.069964	     0.0000	   0.043402	    0.99094	   0.093680	
21	19	 2.9400e-08	 3.7641e-08	     197.71	    0.18427	-9.7531e+92	-9.7531e+92	 0.00010147	 5.5155e-05	     0.0000	 -0.0012832	 0.00067474	 -0.0012106	
21	20	 9.4377e-07	 1.2083e-06	     169.84	    0.32188	-9.7531e+92	-9.7531e+92	 0.00012580	 5.4778e-05	     0.0000	-0.00079281	 0.00069036	-0.00097925	
21	21	     0.0000	     0.0000	     0.0000	     3.0000	-9.7531e+92	-9.7531e+92	    0.66305	     0.0000	    0.60808	     0.0000	     0.0000	     0.0000	
21	22	 3.7342e-13	 4.7809e-13	     284.69	   0.044983	-9.7531e+92	-9.7531e+92	 0.00013184	 5.5397e-05	     0.0000	 -0.0069411	 0.00067075	 -0.0034747	
21	23	  0.0034388	  0.0044027	     78.648	     2.1698	-9.7531e+92	-9.7531e+92	  0.0013568	  0.0026980	 0.00049123	 8.3650e-06	   0.036724	  0.0068659	
21	24	 0.00076130	 0.00097469	     85.071	     1.9688	-9.7531e+92	-9.7531e+92	 0.00043802	 0.00059040	     0.0000	 0.00019068	  0.0094155	  0.0010529	
22	0	 5.0591e-05	 3.1522e-05	     321.47	   0.027830	-9.7531e+92	-9.7531e+92	  0.0035952	 7.7494e-06	     0.0000	  -0.021394	-4.5092e-05	   0.031562	
22	1	 4.7197e-05	 2.9407e-05	     312.59	   0.031097	-9.7531e+92	-9.7531e+92	  0.0035226	 7.6128e-06	     0.0000	 -0.0029646	-4.6323e-05	   0.029012	
22	2	    0.16440	    0.10244	     161.29	    0.38622	-9.7531e+92	-9.7531e+92	   0.067164	  0.0089702	     0.0000	   0.010637	  -0.084229	  -0.016348	
22	3	    0.19350	    0.12056	     164.94	    0.35711	-9.7531e+92	-9.7531e+92	   0.049332	   0.011015	   0.028786	    0.21938	  -0.089988	  -0.061502	
22	4	    0.50831	    0.31671	     82.638	     2.0459	-9.7531e+92	-9.7531e+92	   0.085923	   0.010104	   0.075647	   0.061822	   -0.44528	   -0.41079	
22	5	   0.022839	   0.014230	     151.89	    0.47454	-9.7531e+92	-9.7531e+92	  0.0057044	  0.0015655	     0.0000	 0.00022877	  -0.014669	 -0.0058894	
22	6	 0.00057568	 0.00035869	     216.08	    0.13159	-9.7531e+92	-9.7531e+92	   0.012387	 3.9643e-05	     0.0000	     0.0000	-0.00038160	    0.10137	
22	7	 1.9892e-07	 1.2394e-07	     241.36	   0.085874	-9.7531e+92	-9.7531e+92	  0.0037183	 4.4998e-06	     0.0000	  -0.024401	-4.3288e-05	   0.043761	
22	8	 0.00042475	 0.00026465	     168.70	    0.32968	-9.7531e+92	-9.7531e+92	  0.0011313	 3.3933e-05	     0.0000	  -0.015520	-0.00033075	  0.0066351	
22	9	 4.6458e-13	 2.8947e-13	     266.14	   0.058633	-9.7531e+92	-9.7531e+92	 0.00048644	 4.4678e-06	     0.0000	 -0.0065659	-4.4060e-05	  0.0065399	
22	10	 5.6267e-12	 3.5059e-12	     176.66	    0.27933	-9.7531e+92	-9.7531e+92	 3.3082e-05	 4.6591e-06	     0.0000	-6.4799e-05	-4.5929e-05	 2.3968e-05	
22	11	 4.5263e-12	 2.8202e-12	     200.45	    0.17499	-9.7531e+92	-9.7531e+92	 2.7527e-05	 4.6711e-06	     0.0000	-6.1498e-05	-4.6029e-05	 3.7906e-05	
22	12	 0.00026000	 0.00016200	     131.16	    0.75767	-9.7531e+92	-9.7531e+92	 7.1437e-05	 2.2402e-05	 2.3846e-05	 0.00050957	-0.00021827	-0.00016146	
22	13	   0.010505	  0.0065456	     260.15	   0.064098	-9.7531e+92	-9.7531e+92	   0.023423	 0.00065928	     0.0000	     0.0000	 -0.0038904	   0.059520	
22	14	   0.012254	  0.0076350	     227.39	    0.10817	-9.7531e+92	-9.7531e+92	   0.014063	 0.00080686	     0.0000	  -0.025042	 -0.0056761	   0.038188	
22	15	  0.0070284	  0.0043792	     163.21	    0.37056	-9.7531e+92	-9.7531e+92	   0.014549	 0.00046084	     0.0000	 -0.0070699	 -0.0044135	   0.010726	
22	16	  0.0015735	 0.00098038	     106.73	     1.3057	-9.7531e+92	-9.7531e+92	 0.00057131	 0.00010519	 0.00027977	 0.00086928	 -0.0010078	-0.00074246	
22	17	   0.012160	  0.0075765	     106.10	     1.3231	-9.7531e+92	-9.7531e+92	  0.0041526	 0.00061596	  0.0035610	  0.0091553	  0.0025255	  0.0021492	
22	18	  0.0064865	  0.0040416	     205.13	    0.16037	-9.7531e+92	-9.7531e+92	  0.0059184	 0.00043205	     0.0000	  -0.023566	 -0.0037757	   0.027576	
22	19	   0.049848	   0.031059	     93.933	     1.6868	-9.7531e+92	-9.7531e+92	  0.0084210	  0.0031872	  0.0080697	   0.040318	  -0.029110	  -0.029411	
22	20	  0.0097357	  0.0060660	     116.48	     1.0560	-9.7531e+92	-9.7531e+92	  0.0017712	 0.00066711	  0.0014785	  0.0075067	 -0.0064398	 -0.0059252	
22	21	 1.1413e-12	 7.1111e-13	     284.69	   0.044983	-9.7531e+92	-9.7531e+92	  0.0017207	 4.5134e-06	     0.0000	-0.00017310	-4.3132e-05	   0.026090	
22	22	     0.0000	     0.0000	     0.0000	     3.0000	-9.7531e+92	-9.7531e+92	    0.31524	     0.0000	    0.31431	     0.0000	     0.0000	     0.0000	
22	23	 3.1179e-12	 1.9427e-12	     209.07	    0.14920	-9.7531e+92	-9.7531e+92	 4.9090e-05	 4.6858e-06	     0.0000	-7.3850e-07	-4.5851e-05	 0.00039066	
22	24	 9.8767e-13	 6.1539e-13	     237.89	   0.090842	-9.7531e+92	-9.7531e+92	 3.4349e-05	 4.6850e-06	     0.0000	-5.8833e-05	-4.6029e-05	 0.00021015	
23	0	    0.11004	   0.051016	     119.13	    0.99543	-9.7531e+92	-9.7531e+92	   0.022692	  0.0013038	     0.0000	 0.00052339	  -0.066524	  -0.016764	
23	1	   0.052638	   0.024404	     132.72	    0.73117	-9.7531e+92	-9.7531e+92	   0.015931	 0.00063435	     0.0000	-4.9493e-05	  -0.032201	  0.0091332	
23	2	  0.0029780	  0.0013806	     168.40	    0.33177	-9.7531e+92	-9.7531e+92	   0.013843	 3.7432e-05	     0.0000	 -0.0033483	 -0.0017793	   0.065783	
23	3	 0.00027190	 0.00012605	     228.38	    0.10637	-9.7531e+92	-9.7531e+92	  0.0018772	 4.5236e-06	     0.0000	 -0.0032206	-0.00019142	   0.017342	
23	4	 7.9394e-06	 3.6808e-06	     212.30	    0.14074	-9.7531e+92	-9.7531e+92	 0.00086063	 1.0498e-06	     0.0000	 -0.0015035	-4.7838e-05	  0.0095707	
23	5	   0.035184	   0.016312	     65.633	     2.5304	-9.7531e+92	-9.7531e+92	  0.0056139	 0.00048814	     0.0000	 3.5855e-05	  -0.023314	  -0.013303	
23	6	    0.42631	    0.19764	     73.330	     2.3271	-9.7531e+92	-9.7531e+92	   0.068514	  0.0051900	     0.0000	     0.0000	   -0.27806	   -0.14567	
23	7	   0.013965	  0.0064742	     58.677	     2.6821	-9.7531e+92	-9.7531e+92	   0.011248	 0.00018965	     0.0000	 -0.0013526	 -0.0093589	   0.035019	
23	8	  0.0031214	  0.0014471	     54.810	     2.7517	-9.7531e+92	-9.7531e+92	  0.0022299	 4.4541e-05	     0.0000	-0.00077155	 -0.0020834	  0.0047318	
23	9	 0.00012321	 5.7123e-05	     121.73	    0.93874	-9.7531e+92	-9.7531e+92	  0.0013296	 2.7094e-06	     0.0000	-0.00044620	-0.00012921	  0.0062655	
23	10	 1.3656e-05	 6.3310e-06	     95.614	     1.6342	-9.7531e+92	-9.7531e+92	 2.1202e-05	 9.2622e-07	     0.0000	-5.8085e-07	-9.2271e-06	 1.6197e-06	
23	11	 0.00043869	 0.00020338	     53.605	     2.7712	-9.7531e+92	-9.7531e+92	 7.3508e-05	 7.1716e-06	 1.5335e-05	 2.6415e-05	-0.00033113	-0.00023126	
23	12	 4.4823e-06	 2.0780e-06	     109.85	     1.2215	-9.7531e+92	-9.7531e+92	 1.7073e-05	 1.0433e-06	     0.0000	-7.3227e-07	-4.8291e-05	 3.2350e-06	
23	13	    0.14056	   0.065163	     113.01	     1.1402	-9.7531e+92	-9.7531e+92	   0.035168	  0.0016242	     0.0000	     0.0000	  -0.083594	   0.014075	
23	14	    0.10340	   0.047936	     114.84	     1.0952	-9.7531e+92	-9.7531e+92	   0.024293	  0.0013406	     0.0000	 0.00016710	  -0.062946	 -0.0044767	
23	15	 7.1035e-05	 3.2932e-05	     149.47	    0.50076	-9.7531e+92	-9.7531e+92	  0.0020089	 1.9363e-06	     0.0000	-0.00067760	-9.1905e-05	   0.014936	
23	16	 2.1450e-07	 9.9442e-08	     136.77	    0.66684	-9.7531e+92	-9.7531e+92	 3.5270e-05	 9.8034e-07	     0.0000	-2.6237e-05	-4.6240e-05	 0.00024753	
23	17	 4.5971e-13	 2.1312e-13	     284.58	   0.045056	-9.7531e+92	-9.7531e+92	 3.8376e-05	 9.8152e-07	     0.0000	-0.00011652	-4.5978e-05	 0.00054318	
23	18	    0.10259	   0.047561	     36.898	     2.9454	-9.7531e+92	-9.7531e+92	   0.019189	  0.0013525	     0.0000	  0.0014614	  -0.066514	  -0.026954	
23	19	 3.6257e-05	 1.6809e-05	     121.29	    0.94810	-9.7531e+92	-9.7531e+92	 5.8608e-05	 1.5014e-06	     0.0000	-3.3301e-05	-7.0170e-05	 0.00028286	
23	20	 0.00067782	 0.00031424	     93.058	     1.7144	-9.7531e+92	-9.7531e+92	 0.00014242	 1.0625e-05	     0.0000	 1.4775e-05	-0.00049767	-0.00016779	
23	21	  0.0062292	  0.0028879	     78.648	     2.1698	-9.7531e+92	-9.7531e+92	  0.0062154	 7.9646e-05	     0.0000	     0.0000	 -0.0040737	   0.021795	
23	22	 3.4125e-11	 1.5821e-11	     209.07	    0.14920	-9.7531e+92	-9.7531e+92	 5.2421e-05	 9.7665e-07	     0.0000	-0.00019527	-4.5724e-05	 0.00087445	
23	23	     0.0000	     0.0000	     0.0000	     3.0000	-9.7531e+92	-9.7531e+92	    0.23189	     0.0000	    0.23157	     0.0000	     0.0000	     0.0000	
23	24	  0.0013409	 0.00062165	     40.708	     2.9198	-9.7531e+92	-9.7531e+92	 0.00022045	 1.9286e-05	 3.8055e-05	 1.0766e-05	-0.00086545	-0.00057609	
24	0	    0.21166	   0.087357	     123.34	    0.90511	-9.7531e+92	-9.7531e+92	   0.030284	  0.0012853	     0.0000	  0.0014054	  -0.037247	  -0.018127	
24	1	   0.094110	   0.038841	     142.19	    0.58963	-9.7531e+92	-9.7531e+92	   0.017654	 0.00065862	     0.0000	 4.0889e-05	  -0.014834	 -0.0033989	
24	2	  0.0013109	 0.00054105	     210.29	    0.14595	-9.7531e+92	-9.7531e+92	   0.012221	 9.7193e-06	     0.0000	 -0.0019208	-0.00020361	   0.016988	
24	3	 5.2953e-05	 2.1855e-05	     270.69	   0.054855	-9.7531e+92	-9.7531e+92	  0.0015608	 9.0937e-07	     0.0000	 -0.0018348	-1.6834e-05	  0.0044314	
24	4	 9.4307e-07	 3.8922e-07	     253.16	   0.071301	-9.7531e+92	-9.7531e+92	 0.00074405	 5.3933e-07	     0.0000	-0.00085121	-1.1387e-05	  0.0024748	
24	5	   0.013163	  0.0054327	     106.34	     1.3165	-9.7531e+92	-9.7531e+92	  0.0030915	 0.00010475	     0.0000	 3.5074e-08	 -0.0023430	-6.0499e-06	
24	6	   0.078000	   0.032192	     108.13	     1.2674	-9.7531e+92	-9.7531e+92	   0.025977	 0.00054221	     0.0000	     0.0000	  -0.013461	   0.015519	
24	7	   0.026787	   0.011055	     84.614	     1.9834	-9.7531e+92	-9.7531e+92	   0.011151	 0.00020628	     0.0000	-0.00059628	 -0.0047850	  0.0070982	
24	8	  0.0082249	  0.0033946	     77.960	     2.1908	-9.7531e+92	-9.7531e+92	  0.0036998	 6.6431e-05	     0.0000	-0.00015582	 -0.0014810	 0.00043350	
24	9	 9.1794e-06	 3.7885e-06	     149.07	    0.50520	-9.7531e+92	-9.7531e+92	  0.0012696	 6.1761e-07	     0.0000	-0.00025532	-1.3872e-05	  0.0016518	
24	10	 0.00012544	 5.1772e-05	     102.71	     1.4197	-9.7531e+92	-9.7531e+92	 3.3069e-05	 1.5021e-06	     0.0000	 4.6441e-06	-2.5456e-05	-1.0887e-05	
24	11	  0.0018995	 0.00078398	     56.094	     2.7297	-9.7531e+92	-9.7531e+92	 0.00021929	 1.3981e-05	 0.00016750	 2.7511e-05	-9.3398e-05	-7.0064e-05	
24	12	 3.9285e-07	 1.6214e-07	     132.31	    0.73810	-9.7531e+92	-9.7531e+92	 1.5487e-05	 5.4720e-07	     0.0000	-6.8133e-07	-1.2061e-05	 1.5021e-06	
24	13	    0.17928	   0.073992	     142.21	    0.58941	-9.7531e+92	-9.7531e+92	   0.033950	  0.0012199	     0.0000	     0.0000	  -0.026701	 -0.0016306	
24	14	   0.081861	   0.033786	     150.00	    0.49487	-9.7531e+92	-9.7531e+92	   0.018372	 0.00060846	     0.0000	-0.00015808	  -0.012809	  0.0019171	
24	15	 4.8488e-05	 2.0012e-05	     189.75	    0.21485	-9.7531e+92	-9.7531e+92	  0.0016257	 9.2156e-07	     0.0000	-0.00038381	-2.0473e-05	  0.0038864	
24	16	 1.8156e-12	 7.4933e-13	     177.80	    0.27291	-9.7531e+92	-9.7531e+92	 3.0986e-05	 5.5540e-07	     0.0000	-1.4856e-05	-1.2424e-05	 6.4676e-05	
24	17	 1.1577e-12	 4.7780e-13	     325.25	   0.026569	-9.7531e+92	-9.7531e+92	 3.3561e-05	 5.5779e-07	     0.0000	-6.5941e-05	-1.2405e-05	 0.00014177	
24	18	    0.22613	   0.093327	     74.739	     2.2865	-9.7531e+92	-9.7531e+92	   0.029798	  0.0014210	  0.0064822	  0.0014613	  -0.040025	  -0.026411	
24	19	 7.5986e-06	 3.1361e-06	     150.08	    0.49393	-9.7531e+92	-9.7531e+92	 4.9864e-05	 6.1190e-07	     0.0000	-2.0110e-05	-1.3548e-05	 7.8368e-05	
24	20	 0.00021488	 8.8686e-05	     121.85	    0.93617	-9.7531e+92	-9.7531e+92	 8.9034e-05	 2.2511e-06	     0.0000	-4.6266e-06	-5.0252e-05	 3.0178e-05	
24	21	   0.071351	   0.029448	     85.071	     1.9688	-9.7531e+92	-9.7531e+92	   0.013632	 0.00052451	     0.0000	 4.3929e-06	  -0.012308	 -0.0044601	
24	22	 4.1289e-12	 1.7041e-12	     237.89	   0.090842	-9.7531e+92	-9.7531e+92	 4.5719e-05	 5.5432e-07	     0.0000	-0.00011051	-1.2306e-05	 0.00022808	
24	23	  0.0057680	  0.0023806	     40.708	     2.9198	-9.7531e+92	-9.7531e+92	 0.00069050	 4.6308e-05	 0.00041148	 4.3115e-08	-0.00097086	-0.00080730	
24	24	     0.0000	     0.0000	     0.0000	     3.0000	-9.7531e+92	-9.7531e+92	    0.20644	     0.0000	    0.20628	     0.0000	     0.0000	     0.0000	
