#source	Target	value	weight	distance	potential1	geneCorrelation	separation	influenceWeight	betweenness	influence'Weight	betweenness'	nbetweenness	nbetweenness'	
0	0	     0.0000	     0.0000	     0.0000	     3.0000	-9.7531e+92	-9.7531e+92	     7.6689	     0.0000	     6.6899	     0.0000	     0.0000	     0.0000	
0	1	    0.55305	     8.1480	     35.562	     2.9528	-9.7531e+92	-9.7531e+92	     2.3237	    0.41951	    0.79283	   0.053224	    0.90735	   -0.51429	
0	2	 0.00070497	   0.010386	     211.35	    0.14318	-9.7531e+92	-9.7531e+92	    0.19228	 0.00087631	     0.0000	  -0.065294	  0.0018115	    0.14556	
0	3	 9.4921e-06	 0.00013985	     273.88	   0.052386	-9.7531e+92	-9.7531e+92	   0.024179	 8.6835e-05	     0.0000	  -0.026697	 0.00019126	   0.046818	
0	4	 5.0416e-07	 7.4278e-06	     281.58	   0.046977	-9.7531e+92	-9.7531e+92	   0.034964	 7.7419e-05	     0.0000	  -0.050508	 0.00013119	   0.066394	
0	5	 0.00062242	  0.0091701	     169.69	    0.32292	-9.7531e+92	-9.7531e+92	   0.032270	 0.00076592	     0.0000	 -0.0028472	  0.0012653	   0.034559	
0	6	   0.044829	    0.66047	     105.31	     1.3454	-9.7531e+92	-9.7531e+92	    0.36308	   0.046710	     0.0000	 -0.0086965	   0.093700	  0.0095249	
0	7	    0.10078	     1.4847	     80.265	     2.1201	-9.7531e+92	-9.7531e+92	    0.54899	    0.10048	     0.0000	  0.0011296	    0.24682	   -0.13058	
0	8	 5.8332e-05	 0.00085940	     172.11	    0.30693	-9.7531e+92	-9.7531e+92	  0.0026226	 0.00013682	     0.0000	-5.1610e-05	 0.00032558	  0.0021129	
0	9	   0.060544	    0.89199	     86.890	     1.9108	-9.7531e+92	-9.7531e+92	    0.43020	   0.060277	     0.0000	   0.022036	    0.12577	  -0.044694	
0	10	 5.0067e-13	 7.3764e-12	     210.64	    0.14503	-9.7531e+92	-9.7531e+92	 0.00053454	 7.6155e-05	     0.0000	-4.0172e-05	 0.00011442	 7.7232e-05	
0	11	 2.7270e-06	 4.0176e-05	     167.10	    0.34103	-9.7531e+92	-9.7531e+92	 0.00058009	 7.8251e-05	     0.0000	-2.8611e-05	 0.00016089	 7.0063e-05	
0	12	 2.9058e-13	 4.2810e-12	     226.76	    0.10933	-9.7531e+92	-9.7531e+92	 0.00056677	 7.7828e-05	     0.0000	-8.1232e-05	 0.00012263	 0.00013626	
0	13	   0.074792	     1.1019	     86.013	     1.9388	-9.7531e+92	-9.7531e+92	     1.3260	   0.058415	     0.0000	  -0.013785	   0.057172	    0.12769	
0	14	   0.043228	    0.63688	     114.85	     1.0949	-9.7531e+92	-9.7531e+92	    0.56791	   0.039407	     0.0000	  -0.013984	   0.072758	    0.13487	
0	15	 0.00014112	  0.0020792	     189.51	    0.21584	-9.7531e+92	-9.7531e+92	    0.13951	 0.00022185	     0.0000	  -0.031839	 0.00040218	    0.13635	
0	16	 4.7346e-13	 6.9754e-12	     217.18	    0.12904	-9.7531e+92	-9.7531e+92	 0.00058519	 7.9831e-05	     0.0000	-7.2968e-05	 5.7679e-05	 0.00025522	
0	17	 6.2617e-13	 9.2254e-12	     353.56	   0.019078	-9.7531e+92	-9.7531e+92	  0.0019372	 8.2694e-05	     0.0000	 -0.0082138	 4.7843e-05	  0.0059274	
0	18	   0.060265	    0.88789	     116.29	     1.0606	-9.7531e+92	-9.7531e+92	    0.48442	   0.064662	     0.0000	  -0.058539	    0.13083	   0.067159	
0	19	 4.5448e-13	 6.6958e-12	     234.49	   0.096052	-9.7531e+92	-9.7531e+92	    0.14082	 7.7253e-05	     0.0000	  -0.069472	 7.4550e-05	    0.12493	
0	20	 1.6489e-12	 2.4294e-11	     206.61	    0.15606	-9.7531e+92	-9.7531e+92	  0.0041839	 7.5693e-05	     0.0000	 -0.0016176	 9.9515e-05	  0.0064720	
0	21	   0.055253	    0.81404	     39.458	     2.9290	-9.7531e+92	-9.7531e+92	    0.35420	   0.041597	     0.0000	     0.0000	    0.22982	  -0.020958	
0	22	 2.6862e-13	 3.9576e-12	     321.47	   0.027830	-9.7531e+92	-9.7531e+92	 0.00082151	 8.3508e-05	     0.0000	 -0.0013582	 4.7621e-05	  0.0013836	
0	23	  0.0037985	   0.055963	     119.13	    0.99543	-9.7531e+92	-9.7531e+92	   0.079675	  0.0040437	     0.0000	-5.2866e-05	  0.0092635	   0.031009	
0	24	  0.0019273	   0.028394	     123.34	    0.90511	-9.7531e+92	-9.7531e+92	  0.0085987	  0.0019119	  0.0037500	 3.4449e-06	  0.0096999	 -0.0023579	
1	0	   0.061416	    0.98226	     35.562	     2.9528	-9.7531e+92	-9.7531e+92	    0.55748	   0.048305	     0.0000	     0.0000	    0.13571	     0.0000	
1	1	     0.0000	     0.0000	     0.0000	     3.0000	-9.7531e+92	-9.7531e+92	     8.4421	     0.0000	     6.7802	     0.0000	     0.0000	     0.0000	
1	2	  0.0031599	   0.050537	     184.62	    0.23778	-9.7531e+92	-9.7531e+92	    0.39253	  0.0071718	     0.0000	   -0.38598	    0.10741	   -0.97854	
1	3	 0.00035363	  0.0056558	     244.14	   0.082134	-9.7531e+92	-9.7531e+92	   0.043288	 0.00093149	     0.0000	   -0.16115	   0.014047	   -0.32599	
1	4	 2.8468e-06	 4.5531e-05	     272.02	   0.053810	-9.7531e+92	-9.7531e+92	   0.053440	 0.00015871	     0.0000	   -0.30959	  0.0022902	   -0.44727	
1	5	  0.0011634	   0.018607	     161.91	    0.38106	-9.7531e+92	-9.7531e+92	   0.041366	  0.0024860	     0.0000	  -0.016832	   0.041875	   -0.21440	
1	6	   0.061443	    0.98268	     96.519	     1.6061	-9.7531e+92	-9.7531e+92	    0.43792	    0.12998	     0.0000	    0.15136	     2.0233	    0.18031	
1	7	   0.066971	     1.0711	     75.481	     2.2648	-9.7531e+92	-9.7531e+92	    0.43691	    0.12958	     0.0000	   0.040924	     2.2477	    0.36195	
1	8	 9.5784e-06	 0.00015319	     184.58	    0.23797	-9.7531e+92	-9.7531e+92	  0.0026970	 0.00016916	     0.0000	-0.00033340	  0.0024941	  -0.013965	
1	9	   0.085359	     1.3652	     55.376	     2.7421	-9.7531e+92	-9.7531e+92	    0.53793	    0.17661	     0.0000	    0.29972	     2.8141	    0.66319	
1	10	 2.0444e-13	 3.2697e-12	     228.04	    0.10699	-9.7531e+92	-9.7531e+92	 0.00058056	 0.00014519	     0.0000	-0.00024650	  0.0022454	-0.00047786	
1	11	 3.6889e-08	 5.8998e-07	     185.20	    0.23505	-9.7531e+92	-9.7531e+92	 0.00064000	 0.00015063	     0.0000	-0.00019183	  0.0021763	-0.00047456	
1	12	 1.2352e-13	 1.9755e-12	     231.78	    0.10046	-9.7531e+92	-9.7531e+92	 0.00061634	 0.00015496	     0.0000	-0.00049796	  0.0021491	-0.00084337	
1	13	    0.58994	     9.4353	     57.043	     2.7128	-9.7531e+92	-9.7531e+92	     2.9424	     1.0000	    0.10790	    0.33950	     19.760	     6.3283	
1	14	   0.054108	    0.86538	     88.839	     1.8485	-9.7531e+92	-9.7531e+92	    0.71814	   0.097897	     0.0000	  -0.073405	     1.7412	   -0.97063	
1	15	  0.0032399	   0.051818	     167.83	    0.33581	-9.7531e+92	-9.7531e+92	    0.24026	  0.0068023	     0.0000	   -0.18522	    0.10944	   -0.84415	
1	16	 7.2923e-13	 1.1663e-11	     207.46	    0.15366	-9.7531e+92	-9.7531e+92	 0.00069261	 0.00015999	     0.0000	-0.00044730	  0.0020979	 -0.0015736	
1	17	 1.7133e-13	 2.7401e-12	     342.57	   0.021626	-9.7531e+92	-9.7531e+92	  0.0027437	 0.00016446	     0.0000	  -0.050351	  0.0020798	  -0.036794	
1	18	   0.040291	    0.64439	     111.77	     1.1715	-9.7531e+92	-9.7531e+92	    0.53026	   0.086584	     0.0000	   -0.58384	     1.3410	   -0.76404	
1	19	 2.7593e-14	 4.4132e-13	     226.57	    0.10968	-9.7531e+92	-9.7531e+92	    0.15425	 0.00015296	     0.0000	   -0.42587	  0.0021392	   -0.78364	
1	20	 3.8202e-07	 6.1098e-06	     199.20	    0.17914	-9.7531e+92	-9.7531e+92	  0.0046940	 0.00015229	     0.0000	 -0.0099145	  0.0021705	  -0.040485	
1	21	   0.031530	    0.50428	     57.297	     2.7081	-9.7531e+92	-9.7531e+92	    0.30754	   0.055781	     0.0000	-7.6864e-06	     1.0569	 -0.0053051	
1	22	 2.2624e-13	 3.6183e-12	     312.59	   0.031097	-9.7531e+92	-9.7531e+92	  0.0010288	 0.00016565	     0.0000	 -0.0083259	  0.0020920	 -0.0086255	
1	23	 0.00084320	   0.013486	     132.72	    0.73117	-9.7531e+92	-9.7531e+92	    0.14012	  0.0018564	     0.0000	-0.00040257	   0.030645	   -0.23797	
1	24	 0.00016555	  0.0026477	     142.19	    0.58963	-9.7531e+92	-9.7531e+92	  0.0023654	 0.00043643	     0.0000	-1.3301e-06	  0.0081471	 -0.0014194	
2	0	  0.0037151	   0.012819	     211.35	    0.14318	-9.7531e+92	-9.7531e+92	   0.052197	  0.0044980	     0.0000	  -0.029162	   0.029175	   0.049829	
2	1	   0.051777	    0.17866	     184.62	    0.23778	-9.7531e+92	-9.7531e+92	    0.11465	   0.051256	     0.0000	 -0.0030280	    0.25216	   0.039216	
2	2	     0.0000	     0.0000	     0.0000	     3.0000	-9.7531e+92	-9.7531e+92	     1.7866	     0.0000	     1.5468	     0.0000	     0.0000	     0.0000	
2	3	   0.066050	    0.22790	     63.167	     2.5880	-9.7531e+92	-9.7531e+92	   0.081828	   0.067181	  0.0042801	  0.0047334	    0.10291	  -0.055255	
2	4	   0.093685	    0.32326	     91.235	     1.7721	-9.7531e+92	-9.7531e+92	    0.11456	   0.097675	  0.0094390	   0.014762	    0.26846	  -0.065704	
2	5	  0.0012385	  0.0042735	     120.45	    0.96633	-9.7531e+92	-9.7531e+92	   0.023367	  0.0017337	     0.0000	 -0.0013358	  0.0019251	   0.018218	
2	6	  0.0038073	   0.013137	     118.53	     1.0087	-9.7531e+92	-9.7531e+92	   0.045044	  0.0050750	     0.0000	  -0.044567	  0.0061931	   0.055195	
2	7	 0.00045650	  0.0015751	     153.12	    0.46179	-9.7531e+92	-9.7531e+92	   0.030590	 0.00069232	     0.0000	 -0.0055270	 0.00071317	   0.051464	
2	8	 3.1739e-06	 1.0952e-05	     174.51	    0.29198	-9.7531e+92	-9.7531e+92	  0.0016164	 9.5667e-05	     0.0000	-2.6774e-05	 6.2193e-05	  0.0012259	
2	9	  0.0028096	  0.0096946	     133.64	    0.71608	-9.7531e+92	-9.7531e+92	   0.028312	  0.0031904	     0.0000	  -0.019779	  0.0055810	   0.045387	
2	10	 6.3905e-13	 2.2050e-12	     213.20	    0.13850	-9.7531e+92	-9.7531e+92	 0.00015458	 9.1144e-05	     0.0000	-1.9664e-05	 4.8989e-05	 4.2146e-05	
2	11	 8.9547e-13	 3.0898e-12	     197.83	    0.18388	-9.7531e+92	-9.7531e+92	 0.00013462	 9.2710e-05	     0.0000	-1.5320e-05	 4.3243e-05	 4.1755e-05	
2	12	 1.1670e-12	 4.0266e-12	     181.48	    0.25322	-9.7531e+92	-9.7531e+92	 0.00019000	 9.4219e-05	     0.0000	-3.9723e-05	 4.2463e-05	 7.4363e-05	
2	13	   0.096920	    0.33442	     127.66	    0.82064	-9.7531e+92	-9.7531e+92	    0.21002	   0.071274	     0.0000	 -0.0052881	   -0.65985	   0.063961	
2	14	    0.10235	    0.35314	     97.273	     1.5829	-9.7531e+92	-9.7531e+92	    0.17273	    0.11420	     0.0000	 -0.0014996	    0.22802	   0.017131	
2	15	   0.067794	    0.23392	     21.827	     2.9932	-9.7531e+92	-9.7531e+92	    0.11373	   0.078328	     0.0000	 0.00081116	    0.17340	 -0.0085500	
2	16	 0.00015966	 0.00055090	     68.097	     2.4691	-9.7531e+92	-9.7531e+92	 0.00040207	 0.00025766	     0.0000	 3.8063e-06	  0.0013285	-6.3668e-06	
2	17	 1.7026e-07	 5.8747e-07	     160.64	    0.39167	-9.7531e+92	-9.7531e+92	  0.0048446	 8.2944e-05	     0.0000	 -0.0023776	 0.00024792	  0.0032362	
2	18	    0.50902	     1.7564	     137.27	    0.65930	-9.7531e+92	-9.7531e+92	    0.49007	    0.66681	    0.17252	    0.37461	     1.0729	   -0.49028	
2	19	 7.4240e-05	 0.00025616	     139.30	    0.62950	-9.7531e+92	-9.7531e+92	    0.14219	 0.00017673	     0.0000	  -0.028927	 0.00030843	   0.068242	
2	20	 8.9350e-05	 0.00030830	     139.77	    0.62284	-9.7531e+92	-9.7531e+92	  0.0037979	 0.00020168	     0.0000	-0.00076554	 0.00022310	  0.0034247	
2	21	 3.0879e-05	 0.00010655	     197.19	    0.18609	-9.7531e+92	-9.7531e+92	   0.021144	 0.00012966	     0.0000	  -0.016707	 0.00012931	   0.039157	
2	22	 1.2894e-06	 4.4489e-06	     161.29	    0.38622	-9.7531e+92	-9.7531e+92	  0.0011422	 8.4209e-05	     0.0000	-0.00040645	 0.00027507	 0.00075438	
2	23	 1.6971e-05	 5.8557e-05	     168.40	    0.33177	-9.7531e+92	-9.7531e+92	   0.010529	 0.00010630	     0.0000	-3.3740e-05	 9.9847e-05	   0.021771	
2	24	 1.7600e-13	 6.0727e-13	     210.29	    0.14595	-9.7531e+92	-9.7531e+92	 0.00023690	 9.0570e-05	     0.0000	-3.7569e-05	 4.5576e-05	 0.00033577	
3	0	   0.011097	   0.042207	     273.88	   0.052386	-9.7531e+92	-9.7531e+92	   0.056463	  0.0037685	     0.0000	  -0.086634	   -0.10211	    0.37231	
3	1	   0.051678	    0.19655	     244.14	   0.082134	-9.7531e+92	-9.7531e+92	    0.12867	   0.016361	     0.0000	  -0.010213	   -0.46799	    0.34006	
3	2	    0.22583	    0.85892	     63.167	     2.5880	-9.7531e+92	-9.7531e+92	    0.30017	   0.066001	   0.035792	    0.22664	    -2.9389	    -1.3633	
3	3	     0.0000	     0.0000	     0.0000	     3.0000	-9.7531e+92	-9.7531e+92	     1.9665	     0.0000	     1.8811	     0.0000	     0.0000	     0.0000	
3	4	    0.21109	    0.80287	     82.606	     2.0469	-9.7531e+92	-9.7531e+92	    0.24426	   0.044482	    0.12839	   0.081180	    -2.5415	    -1.4529	
3	5	 0.00087968	  0.0033457	     167.87	    0.33554	-9.7531e+92	-9.7531e+92	  0.0090680	 0.00033872	     0.0000	 -0.0046079	  -0.012794	    0.13579	
3	6	  0.0017832	  0.0067823	     180.81	    0.25667	-9.7531e+92	-9.7531e+92	   0.043164	 0.00062794	     0.0000	   -0.15674	  -0.024567	    0.42262	
3	7	 5.8031e-05	 0.00022071	     215.68	    0.13250	-9.7531e+92	-9.7531e+92	   0.029672	 4.4262e-05	     0.0000	  -0.018784	 -0.0016791	    0.37959	
3	8	 1.7825e-12	 6.7795e-12	     221.29	    0.12010	-9.7531e+92	-9.7531e+92	 0.00056052	 2.4416e-05	     0.0000	-9.0434e-05	-0.00092404	  0.0089019	
3	9	  0.0025619	  0.0097439	     191.41	    0.20802	-9.7531e+92	-9.7531e+92	   0.029867	 0.00089336	     0.0000	  -0.067030	  -0.034907	    0.33510	
3	10	 9.0645e-13	 3.4475e-12	     258.79	   0.065432	-9.7531e+92	-9.7531e+92	 0.00013742	 2.4447e-05	     0.0000	-6.6200e-05	-0.00093168	 0.00030417	
3	11	 5.7971e-13	 2.2049e-12	     244.71	   0.081388	-9.7531e+92	-9.7531e+92	 0.00013916	 2.4618e-05	     0.0000	-5.1576e-05	-0.00093056	 0.00030161	
3	12	 1.1761e-12	 4.4731e-12	     227.10	    0.10870	-9.7531e+92	-9.7531e+92	 0.00014622	 2.4620e-05	     0.0000	-0.00013373	-0.00092984	 0.00053672	
3	13	   0.094759	    0.36040	     188.65	    0.21955	-9.7531e+92	-9.7531e+92	    0.22998	   0.026883	     0.0000	  -0.018280	   -0.98151	    0.55600	
3	14	    0.14124	    0.53718	     161.01	    0.38854	-9.7531e+92	-9.7531e+92	    0.23786	   0.042287	     0.0000	  0.0053089	    -1.7244	   -0.17731	
3	15	    0.25350	    0.96415	     84.108	     1.9994	-9.7531e+92	-9.7531e+92	    0.32399	   0.067093	   0.092589	  0.0046658	    -2.9754	    -1.5455	
3	16	 8.2728e-05	 0.00031464	     111.94	     1.1671	-9.7531e+92	-9.7531e+92	 0.00055601	 4.7675e-05	     0.0000	-1.0893e-05	 -0.0016125	 0.00019220	
3	17	 0.00050593	  0.0019242	     122.41	    0.92444	-9.7531e+92	-9.7531e+92	   0.010663	 0.00015266	 0.00082350	 -0.0029822	 -0.0052106	   0.011790	
3	18	  0.0048784	   0.018554	     199.21	    0.17912	-9.7531e+92	-9.7531e+92	    0.12158	  0.0016999	     0.0000	   -0.26392	  -0.063973	    0.75968	
3	19	 1.0449e-05	 3.9740e-05	     184.07	    0.24039	-9.7531e+92	-9.7531e+92	   0.035946	 2.5851e-05	     0.0000	  -0.089264	 -0.0010297	    0.49448	
3	20	 1.5320e-06	 5.8268e-06	     185.64	    0.23299	-9.7531e+92	-9.7531e+92	  0.0012530	 2.4480e-05	     0.0000	 -0.0026615	-0.00094145	   0.025582	
3	21	 1.3753e-07	 5.2308e-07	     259.71	   0.064522	-9.7531e+92	-9.7531e+92	   0.018726	 2.3881e-05	     0.0000	  -0.056302	-0.00089990	    0.28648	
3	22	 3.8482e-05	 0.00014636	     164.94	    0.35711	-9.7531e+92	-9.7531e+92	  0.0023278	 3.0596e-05	     0.0000	-0.00066831	 -0.0010903	  0.0039053	
3	23	 3.0876e-13	 1.1743e-12	     228.38	    0.10637	-9.7531e+92	-9.7531e+92	   0.011003	 2.3666e-05	     0.0000	-0.00011370	-0.00092194	    0.15778	
3	24	 1.1106e-12	 4.2242e-12	     270.69	   0.054855	-9.7531e+92	-9.7531e+92	 0.00023914	 2.4436e-05	     0.0000	-0.00012648	-0.00092938	  0.0024274	
4	0	  0.0044489	   0.011516	     281.58	   0.046977	-9.7531e+92	-9.7531e+92	   0.031908	  0.0021209	     0.0000	   -0.12052	  -0.075820	    0.78908	
4	1	   0.014688	   0.038020	     272.02	   0.053810	-9.7531e+92	-9.7531e+92	   0.061581	  0.0065728	     0.0000	  -0.021652	   -0.24243	     1.1043	
4	2	    0.21725	    0.56235	     91.235	     1.7721	-9.7531e+92	-9.7531e+92	    0.20368	   0.085802	   0.023754	    0.25896	    -4.9261	    -2.3482	
4	3	    0.21854	    0.56568	     82.606	     2.0469	-9.7531e+92	-9.7531e+92	    0.17724	   0.066925	    0.11906	    0.11643	    -5.0390	    -3.1627	
4	4	     0.0000	     0.0000	     0.0000	     3.0000	-9.7531e+92	-9.7531e+92	     1.3531	     0.0000	     1.2743	     0.0000	     0.0000	     0.0000	
4	5	  0.0030961	  0.0080142	     147.08	    0.52816	-9.7531e+92	-9.7531e+92	  0.0077683	  0.0015808	     0.0000	 -0.0048745	  -0.074584	    0.20971	
4	6	  0.0025832	  0.0066866	     179.35	    0.26441	-9.7531e+92	-9.7531e+92	   0.026721	  0.0012800	     0.0000	   -0.19139	  -0.061418	    0.75515	
4	7	 0.00023889	 0.00061836	     209.16	    0.14897	-9.7531e+92	-9.7531e+92	   0.017323	 0.00015082	     0.0000	  -0.023232	 -0.0071502	    0.68626	
4	8	 5.1288e-06	 1.3276e-05	     186.41	    0.22946	-9.7531e+92	-9.7531e+92	 0.00040546	 3.6316e-05	     0.0000	-0.00011173	 -0.0017195	   0.016030	
4	9	 0.00010136	 0.00026237	     223.28	    0.11603	-9.7531e+92	-9.7531e+92	   0.016618	 8.0061e-05	     0.0000	  -0.088702	 -0.0038906	    0.64900	
4	10	 6.6225e-13	 1.7142e-12	     204.61	    0.16194	-9.7531e+92	-9.7531e+92	 9.4396e-05	 3.3862e-05	     0.0000	-8.2227e-05	 -0.0016071	 0.00055019	
4	11	 4.8096e-14	 1.2450e-13	     218.09	    0.12699	-9.7531e+92	-9.7531e+92	 9.5105e-05	 3.3611e-05	     0.0000	-6.4062e-05	 -0.0015993	 0.00054570	
4	12	 3.3389e-08	 8.6426e-08	     165.11	    0.35583	-9.7531e+92	-9.7531e+92	 0.00010184	 3.3792e-05	     0.0000	-0.00016601	 -0.0015941	 0.00097029	
4	13	    0.12129	    0.31395	     217.30	    0.12878	-9.7531e+92	-9.7531e+92	    0.16239	   0.048735	     0.0000	  -0.015423	    -2.1996	    0.71459	
4	14	   0.085599	    0.22157	     184.55	    0.23808	-9.7531e+92	-9.7531e+92	    0.12812	   0.037343	     0.0000	  -0.012299	    -1.7923	    0.48969	
4	15	    0.21621	    0.55967	     106.18	     1.3210	-9.7531e+92	-9.7531e+92	    0.19877	   0.088370	   0.041282	   0.072240	    -4.8146	    -2.5219	
4	16	  0.0018236	  0.0047204	     75.439	     2.2661	-9.7531e+92	-9.7531e+92	  0.0014052	 0.00089394	 0.00095342	  0.0016509	  -0.043743	  -0.028824	
4	17	   0.082230	    0.21285	     73.525	     2.3215	-9.7531e+92	-9.7531e+92	   0.055742	   0.024486	   0.049045	   0.059104	    -1.0790	   -0.61129	
4	18	   0.011852	   0.030679	     186.18	    0.23049	-9.7531e+92	-9.7531e+92	   0.084494	  0.0052515	     0.0000	   -0.28004	   -0.26980	     1.2743	
4	19	  0.0032484	  0.0084085	     119.82	    0.98008	-9.7531e+92	-9.7531e+92	   0.027624	  0.0013699	     0.0000	  -0.074854	  -0.067552	    0.74740	
4	20	 0.00047921	  0.0012404	     135.08	    0.69295	-9.7531e+92	-9.7531e+92	  0.0013920	 0.00027110	     0.0000	 -0.0027367	  -0.012966	   0.038333	
4	21	 9.3392e-07	 2.4174e-06	     253.96	   0.070430	-9.7531e+92	-9.7531e+92	   0.011779	 3.3566e-05	     0.0000	  -0.069930	 -0.0015831	    0.52022	
4	22	   0.016314	   0.042228	     82.638	     2.0459	-9.7531e+92	-9.7531e+92	   0.012000	  0.0057070	   0.010299	   0.011466	   -0.26778	   -0.17065	
4	23	 9.9647e-10	 2.5793e-09	     212.30	    0.14074	-9.7531e+92	-9.7531e+92	  0.0076995	 3.2925e-05	     0.0000	-0.00014123	 -0.0015977	    0.28567	
4	24	 4.5032e-14	 1.1656e-13	     253.16	   0.071301	-9.7531e+92	-9.7531e+92	 0.00015318	 3.3887e-05	     0.0000	-0.00015710	 -0.0016074	  0.0043931	
5	0	   0.036016	   0.049789	     169.69	    0.32292	-9.7531e+92	-9.7531e+92	   0.036014	  0.0072708	     0.0000	  -0.019000	   -0.40134	    0.20392	
5	1	    0.21900	    0.30275	     161.91	    0.38106	-9.7531e+92	-9.7531e+92	    0.10793	   0.041998	     0.0000	  0.0089438	    -2.3929	   -0.75080	
5	2	   0.031897	   0.044096	     120.45	    0.96633	-9.7531e+92	-9.7531e+92	   0.030363	  0.0064498	     0.0000	  -0.017886	   -0.44673	    0.30604	
5	3	  0.0066898	  0.0092483	     167.87	    0.33554	-9.7531e+92	-9.7531e+92	  0.0061597	  0.0014864	     0.0000	  -0.012303	  -0.093834	    0.12732	
5	4	  0.0016672	  0.0023049	     147.08	    0.52816	-9.7531e+92	-9.7531e+92	  0.0065318	 0.00037845	     0.0000	  -0.031331	  -0.024582	    0.23703	
5	5	     0.0000	     0.0000	     0.0000	     3.0000	-9.7531e+92	-9.7531e+92	    0.69556	     0.0000	    0.67363	     0.0000	     0.0000	     0.0000	
5	6	    0.18733	    0.25897	     72.218	     2.3585	-9.7531e+92	-9.7531e+92	   0.082671	   0.041031	   0.014739	    0.18223	    -2.6719	    -1.1426	
5	7	   0.096690	    0.13367	     89.752	     1.8194	-9.7531e+92	-9.7531e+92	   0.048588	   0.021204	     0.0000	  0.0096522	    -1.3857	   -0.45275	
5	8	  0.0028426	  0.0039297	     54.235	     2.7611	-9.7531e+92	-9.7531e+92	  0.0013060	 0.00061815	     0.0000	 2.7346e-05	  -0.039714	  -0.015667	
5	9	  0.0098149	   0.013568	     134.70	    0.69890	-9.7531e+92	-9.7531e+92	   0.019108	  0.0021042	     0.0000	  -0.021568	   -0.14069	    0.25081	
5	10	 7.4921e-06	 1.0357e-05	     93.726	     1.6933	-9.7531e+92	-9.7531e+92	 5.8348e-05	 1.5411e-05	     0.0000	-1.3328e-05	-0.00092883	 0.00018435	
5	11	 0.00023979	 0.00033149	     77.490	     2.2050	-9.7531e+92	-9.7531e+92	 0.00013678	 6.3899e-05	     0.0000	 8.7013e-05	 -0.0040768	 -0.0016684	
5	12	 4.2261e-05	 5.8423e-05	     80.590	     2.1100	-9.7531e+92	-9.7531e+92	 7.3749e-05	 2.1349e-05	     0.0000	-6.3534e-06	 -0.0012174	 9.2828e-05	
5	13	    0.14128	    0.19531	     125.66	    0.85869	-9.7531e+92	-9.7531e+92	    0.11217	   0.024932	     0.0000	 -0.0031876	    -1.6585	    0.24209	
5	14	    0.11253	    0.15556	     108.09	     1.2686	-9.7531e+92	-9.7531e+92	   0.096486	   0.022206	     0.0000	-0.00077886	    -1.4736	   0.048699	
5	15	   0.010849	   0.014998	     104.94	     1.3557	-9.7531e+92	-9.7531e+92	   0.022746	  0.0023537	     0.0000	  -0.017210	   -0.15674	    0.41731	
5	16	 7.9483e-06	 1.0988e-05	     71.546	     2.3771	-9.7531e+92	-9.7531e+92	 6.4956e-05	 1.6803e-05	     0.0000	-4.4361e-05	 -0.0010686	 0.00085428	
5	17	 4.8356e-13	 6.6849e-13	     219.60	    0.12368	-9.7531e+92	-9.7531e+92	 0.00031638	 1.5600e-05	     0.0000	 -0.0053901	-0.00098556	   0.021487	
5	18	    0.12508	    0.17292	     53.346	     2.7752	-9.7531e+92	-9.7531e+92	   0.070193	   0.021521	     0.0000	   0.017512	    -1.7516	   -0.26792	
5	19	   0.011209	   0.015496	     64.874	     2.5486	-9.7531e+92	-9.7531e+92	   0.024254	  0.0020802	     0.0000	  -0.013181	   -0.13057	    0.26699	
5	20	  0.0022769	  0.0031477	     39.691	     2.9273	-9.7531e+92	-9.7531e+92	  0.0014589	 0.00044938	     0.0000	-2.1596e-05	  -0.027803	  0.0032843	
5	21	 0.00084596	  0.0011695	     132.91	    0.72808	-9.7531e+92	-9.7531e+92	   0.012990	 0.00020064	     0.0000	  -0.021847	  -0.013085	    0.25810	
5	22	 2.2987e-07	 3.1778e-07	     151.89	    0.47454	-9.7531e+92	-9.7531e+92	 0.00010699	 1.5337e-05	     0.0000	-0.00088053	-0.00095762	  0.0050242	
5	23	  0.0036035	  0.0049816	     65.633	     2.5304	-9.7531e+92	-9.7531e+92	  0.0068588	 0.00079747	     0.0000	-3.4881e-05	  -0.052907	    0.11473	
5	24	 7.5280e-05	 0.00010407	     106.34	     1.3165	-9.7531e+92	-9.7531e+92	 0.00015311	 3.2017e-05	     0.0000	-3.5970e-05	 -0.0020768	  0.0015934	
6	0	   0.057558	    0.13361	     105.31	     1.3454	-9.7531e+92	-9.7531e+92	   0.075199	   0.041612	     0.0000	-0.00096760	    0.16842	  0.0033460	
6	1	   0.024775	   0.057511	     96.519	     1.6061	-9.7531e+92	-9.7531e+92	   0.085989	   0.017155	     0.0000	 -0.0010704	   0.050988	   0.028601	
6	2	  0.0010716	  0.0024876	     118.53	     1.0087	-9.7531e+92	-9.7531e+92	   0.037494	  0.0011036	     0.0000	 -0.0074013	  0.0037939	   0.033865	
6	3	 1.2185e-05	 2.8286e-05	     180.81	    0.25667	-9.7531e+92	-9.7531e+92	  0.0089248	 7.7151e-05	     0.0000	 -0.0030421	 0.00027119	   0.011008	
6	4	 1.7272e-05	 4.0095e-05	     179.35	    0.26441	-9.7531e+92	-9.7531e+92	  0.0084008	 8.2670e-05	     0.0000	 -0.0057528	 0.00025804	   0.015326	
6	5	 0.00055827	  0.0012960	     72.218	     2.3585	-9.7531e+92	-9.7531e+92	  0.0053064	 0.00052947	     0.0000	     0.0000	  0.0031849	     0.0000	
6	6	     0.0000	     0.0000	     0.0000	     3.0000	-9.7531e+92	-9.7531e+92	     1.2017	     0.0000	     1.0877	     0.0000	     0.0000	     0.0000	
6	7	  0.0033100	  0.0076838	     34.871	     2.9563	-9.7531e+92	-9.7531e+92	   0.043282	  0.0029328	     0.0000	 -0.0012002	   0.013223	   0.019898	
6	8	 8.8814e-06	 2.0617e-05	     109.28	     1.2365	-9.7531e+92	-9.7531e+92	 0.00032698	 6.9035e-05	     0.0000	-2.6319e-06	 0.00036918	 0.00050162	
6	9	  0.0021482	  0.0049868	     62.827	     2.5956	-9.7531e+92	-9.7531e+92	   0.030376	  0.0020466	     0.0000	 -0.0046911	  0.0068485	   0.019231	
6	10	 3.6456e-09	 8.4628e-09	     153.37	    0.45919	-9.7531e+92	-9.7531e+92	 8.2550e-05	 6.6087e-05	     0.0000	-3.4915e-06	 0.00020109	 1.7304e-05	
6	11	 1.0747e-06	 2.4949e-06	     117.04	     1.0431	-9.7531e+92	-9.7531e+92	 8.5574e-05	 6.7166e-05	     0.0000	-3.0523e-06	 0.00022143	 1.6592e-05	
6	12	 1.2608e-08	 2.9269e-08	     152.49	    0.46823	-9.7531e+92	-9.7531e+92	 8.6455e-05	 6.7454e-05	     0.0000	-5.2327e-06	 0.00019578	 3.0530e-05	
6	13	   0.036188	   0.084005	     53.773	     2.7685	-9.7531e+92	-9.7531e+92	    0.10846	   0.026869	     0.0000	 -0.0021617	    0.11871	   0.052905	
6	14	    0.85839	     1.9927	     41.508	     2.9135	-9.7531e+92	-9.7531e+92	    0.54137	    0.64610	    0.26555	   0.015561	     1.6021	   -0.33167	
6	15	 0.00061322	  0.0014235	     96.746	     1.5991	-9.7531e+92	-9.7531e+92	   0.074183	 0.00061132	     0.0000	 -0.0036002	  0.0024048	   0.030885	
6	16	 1.7432e-07	 4.0467e-07	     111.89	     1.1685	-9.7531e+92	-9.7531e+92	 0.00011303	 6.7874e-05	     0.0000	-8.3022e-06	 0.00019294	 5.7027e-05	
6	17	 7.1144e-14	 1.6515e-13	     251.72	   0.072906	-9.7531e+92	-9.7531e+92	 0.00042537	 7.0767e-05	     0.0000	-0.00093606	 0.00014238	  0.0013297	
6	18	   0.013793	   0.032018	     36.723	     2.9464	-9.7531e+92	-9.7531e+92	   0.057367	   0.012698	     0.0000	  -0.015438	   0.045957	   0.038666	
6	19	 2.1316e-06	 4.9484e-06	     133.74	    0.71443	-9.7531e+92	-9.7531e+92	   0.016730	 6.7466e-05	     0.0000	 -0.0043205	 0.00020119	   0.028126	
6	20	 1.4994e-05	 3.4806e-05	     111.59	     1.1762	-9.7531e+92	-9.7531e+92	 0.00058037	 7.9724e-05	     0.0000	-2.6862e-05	 0.00025413	  0.0014479	
6	21	  0.0014073	  0.0032669	     78.899	     2.1621	-9.7531e+92	-9.7531e+92	   0.018514	  0.0013469	     0.0000	 -0.0037254	  0.0046993	   0.015552	
6	22	 1.5329e-13	 3.5584e-13	     216.08	    0.13159	-9.7531e+92	-9.7531e+92	 0.00015454	 7.1186e-05	     0.0000	-0.00015478	 0.00014970	 0.00031085	
6	23	 0.00011932	 0.00027699	     73.330	     2.3271	-9.7531e+92	-9.7531e+92	  0.0057386	 0.00017731	     0.0000	-7.8162e-06	 0.00054066	  0.0089104	
6	24	 9.6174e-06	 2.2325e-05	     108.13	     1.2674	-9.7531e+92	-9.7531e+92	 0.00020334	 7.0945e-05	     0.0000	-8.4351e-06	 0.00029605	 0.00013302	
7	0	   0.098823	    0.19000	     80.265	     2.1201	-9.7531e+92	-9.7531e+92	   0.093077	   0.058529	     0.0000	     0.0000	    0.76060	     0.0000	
7	1	    0.17199	    0.33067	     75.481	     2.2648	-9.7531e+92	-9.7531e+92	    0.13764	    0.11600	     0.0000	     0.0000	     1.7353	     0.0000	
7	2	  0.0047543	  0.0091409	     153.12	    0.46179	-9.7531e+92	-9.7531e+92	   0.027340	  0.0046792	     0.0000	     0.0000	   0.063142	     0.0000	
7	3	 4.1669e-05	 8.0115e-05	     215.68	    0.13250	-9.7531e+92	-9.7531e+92	  0.0039198	 0.00010572	     0.0000	     0.0000	  0.0014291	     0.0000	
7	4	 4.1045e-05	 7.8915e-05	     209.16	    0.14897	-9.7531e+92	-9.7531e+92	  0.0057945	 0.00010571	     0.0000	     0.0000	  0.0013885	     0.0000	
7	5	  0.0029938	  0.0057560	     89.752	     1.8194	-9.7531e+92	-9.7531e+92	  0.0063441	  0.0027482	     0.0000	     0.0000	   0.042727	     0.0000	
7	6	    0.11133	    0.21405	     34.871	     2.9563	-9.7531e+92	-9.7531e+92	   0.076757	   0.098544	     0.0000	     0.0000	     1.4621	     0.0000	
7	7	     0.0000	     0.0000	     0.0000	     3.0000	-9.7531e+92	-9.7531e+92	    0.98692	     0.0000	    0.90565	     0.0000	     0.0000	     0.0000	
7	8	 0.00079914	  0.0015365	     109.89	     1.2203	-9.7531e+92	-9.7531e+92	 0.00075685	 0.00083212	     0.0000	     0.0000	   0.011468	     0.0000	
7	9	   0.075605	    0.14536	     64.406	     2.5596	-9.7531e+92	-9.7531e+92	   0.058133	   0.069226	     0.0000	     0.0000	    0.98045	     0.0000	
7	10	 7.9241e-08	 1.5235e-07	     153.29	    0.46001	-9.7531e+92	-9.7531e+92	 7.2547e-05	 6.5930e-05	     0.0000	     0.0000	 0.00085027	     0.0000	
7	11	 3.2848e-05	 6.3155e-05	     112.26	     1.1591	-9.7531e+92	-9.7531e+92	 9.1981e-05	 9.7723e-05	     0.0000	     0.0000	  0.0013084	     0.0000	
7	12	 2.0212e-08	 3.8861e-08	     158.06	    0.41430	-9.7531e+92	-9.7531e+92	 7.7488e-05	 6.7033e-05	     0.0000	     0.0000	 0.00084915	     0.0000	
7	13	    0.11851	    0.22785	     57.312	     2.7078	-9.7531e+92	-9.7531e+92	    0.15511	   0.088260	     0.0000	     0.0000	     1.4593	     0.0000	
7	14	    0.13801	    0.26534	     65.464	     2.5345	-9.7531e+92	-9.7531e+92	    0.12886	    0.10140	     0.0000	     0.0000	     1.5262	     0.0000	
7	15	 0.00068483	  0.0013167	     131.62	    0.74982	-9.7531e+92	-9.7531e+92	   0.024547	 0.00069928	     0.0000	     0.0000	  0.0096726	     0.0000	
7	16	 1.3212e-08	 2.5403e-08	     137.28	    0.65913	-9.7531e+92	-9.7531e+92	 7.9873e-05	 6.8016e-05	     0.0000	     0.0000	 0.00082995	     0.0000	
7	17	 4.9511e-14	 9.5192e-14	     281.54	   0.047004	-9.7531e+92	-9.7531e+92	 0.00030363	 6.9899e-05	     0.0000	     0.0000	 0.00081256	     0.0000	
7	18	    0.10599	    0.20378	     38.248	     2.9371	-9.7531e+92	-9.7531e+92	   0.085968	   0.098643	     0.0000	     0.0000	     1.3888	     0.0000	
7	19	 2.6025e-06	 5.0036e-06	     154.38	    0.44913	-9.7531e+92	-9.7531e+92	   0.024969	 6.7907e-05	     0.0000	     0.0000	 0.00087980	     0.0000	
7	20	 2.6107e-05	 5.0194e-05	     126.68	    0.83907	-9.7531e+92	-9.7531e+92	 0.00072851	 9.0713e-05	     0.0000	     0.0000	  0.0011885	     0.0000	
7	21	    0.15782	    0.30343	     44.967	     2.8822	-9.7531e+92	-9.7531e+92	   0.090921	    0.12923	   0.029580	     0.0000	     2.1698	     0.0000	
7	22	 5.6639e-14	 1.0890e-13	     241.36	   0.085874	-9.7531e+92	-9.7531e+92	 0.00011873	 7.0378e-05	     0.0000	     0.0000	 0.00081804	     0.0000	
7	23	   0.011984	   0.023042	     58.677	     2.6821	-9.7531e+92	-9.7531e+92	   0.013400	   0.011166	     0.0000	     0.0000	    0.15888	     0.0000	
7	24	 0.00056092	  0.0010785	     84.614	     1.9834	-9.7531e+92	-9.7531e+92	 0.00052416	 0.00058236	     0.0000	     0.0000	  0.0082620	     0.0000	
8	0	    0.10668	   0.075463	     172.11	    0.30693	-9.7531e+92	-9.7531e+92	   0.030417	  0.0026757	     0.0000	  0.0080285	   -0.46226	   -0.16176	
8	1	   0.051074	   0.036128	     184.58	    0.23797	-9.7531e+92	-9.7531e+92	   0.029742	  0.0012567	     0.0000	 -0.0013198	   -0.21645	    0.20857	
8	2	  0.0035429	  0.0025061	     174.51	    0.29198	-9.7531e+92	-9.7531e+92	   0.011157	 9.1895e-05	     0.0000	  -0.012304	  -0.018701	    0.31623	
8	3	 8.3837e-06	 5.9302e-06	     221.29	    0.12010	-9.7531e+92	-9.7531e+92	  0.0016007	 2.0045e-06	     0.0000	 -0.0056150	-0.00038736	    0.10694	
8	4	 3.6877e-05	 2.6085e-05	     186.41	    0.22946	-9.7531e+92	-9.7531e+92	  0.0031014	 2.7428e-06	     0.0000	  -0.010610	-0.00054378	    0.14745	
8	5	   0.053559	   0.037885	     54.235	     2.7611	-9.7531e+92	-9.7531e+92	   0.012537	  0.0014322	  0.0013169	  0.0014866	   -0.28413	   -0.18605	
8	6	    0.13602	   0.096212	     109.28	     1.2365	-9.7531e+92	-9.7531e+92	   0.033452	  0.0036233	     0.0000	   0.036713	   -0.71675	   -0.42270	
8	7	   0.032778	   0.023186	     109.89	     1.2203	-9.7531e+92	-9.7531e+92	   0.013936	 0.00087042	     0.0000	-0.00053970	   -0.17369	   0.046460	
8	8	     0.0000	     0.0000	     0.0000	     3.0000	-9.7531e+92	-9.7531e+92	    0.35398	     0.0000	    0.35325	     0.0000	     0.0000	     0.0000	
8	9	 4.7100e-05	 3.3316e-05	     171.65	    0.30991	-9.7531e+92	-9.7531e+92	  0.0072197	 3.0001e-06	     0.0000	 -0.0091354	-0.00059905	    0.19511	
8	10	  0.0053719	  0.0037998	     44.054	     2.8911	-9.7531e+92	-9.7531e+92	 0.00097726	 0.00010647	 0.00090694	 0.00038089	  -0.015480	  -0.013326	
8	11	 0.00052256	 0.00036963	     32.525	     2.9668	-9.7531e+92	-9.7531e+92	 0.00012895	 1.4838e-05	 5.8781e-05	 7.5121e-05	 -0.0029065	 -0.0022440	
8	12	 9.7847e-05	 6.9212e-05	     55.069	     2.7473	-9.7531e+92	-9.7531e+92	 5.2703e-05	 3.6106e-06	     0.0000	 5.7712e-06	-0.00060767	-0.00013351	
8	13	    0.22563	    0.15960	     162.59	    0.37553	-9.7531e+92	-9.7531e+92	   0.066222	  0.0052391	     0.0000	  0.0013603	   -0.98210	   -0.19393	
8	14	   0.088997	   0.062952	     146.54	    0.53466	-9.7531e+92	-9.7531e+92	   0.042030	  0.0022144	     0.0000	 -0.0011634	   -0.43288	    0.13474	
8	15	 6.1481e-05	 4.3489e-05	     159.01	    0.40580	-9.7531e+92	-9.7531e+92	  0.0088496	 3.3695e-06	     0.0000	 -0.0067048	-0.00068092	    0.29830	
8	16	 6.3524e-07	 4.4934e-07	     112.87	     1.1438	-9.7531e+92	-9.7531e+92	 3.0507e-05	 1.8625e-06	     0.0000	-1.5256e-05	-0.00036517	 0.00053791	
8	17	 4.4745e-13	 3.1651e-13	     258.50	   0.065716	-9.7531e+92	-9.7531e+92	 0.00015160	 1.8559e-06	     0.0000	 -0.0017275	-0.00036148	   0.012611	
8	18	    0.24102	    0.17049	     75.421	     2.2666	-9.7531e+92	-9.7531e+92	   0.055841	  0.0057025	     0.0000	   0.051225	    -1.2481	   -0.71255	
8	19	  0.0067844	  0.0047989	     80.536	     2.1117	-9.7531e+92	-9.7531e+92	   0.017466	 0.00017774	     0.0000	  -0.011875	  -0.035898	    0.22923	
8	20	  0.0059827	  0.0042319	     51.987	     2.7958	-9.7531e+92	-9.7531e+92	  0.0015671	 0.00015192	     0.0000	 0.00029803	  -0.030295	  -0.014922	
8	21	  0.0041049	  0.0029036	     132.38	    0.73687	-9.7531e+92	-9.7531e+92	  0.0067971	 0.00011121	     0.0000	 -0.0062668	  -0.022073	    0.13588	
8	22	 2.1170e-07	 1.4975e-07	     168.70	    0.32968	-9.7531e+92	-9.7531e+92	 5.3089e-05	 1.8649e-06	     0.0000	-0.00028377	-0.00036071	  0.0029494	
8	23	   0.036778	   0.026015	     54.810	     2.7517	-9.7531e+92	-9.7531e+92	  0.0097396	 0.00098216	     0.0000	 1.5422e-05	   -0.19691	  -0.097598	
8	24	 0.00090003	 0.00063664	     77.960	     2.1908	-9.7531e+92	-9.7531e+92	 0.00023774	 2.6397e-05	 4.9490e-06	 3.9131e-05	 -0.0051967	 -0.0031768	
9	0	   0.050455	    0.12109	     86.890	     1.9108	-9.7531e+92	-9.7531e+92	   0.074875	   0.030127	     0.0000	     0.0000	    0.66213	     0.0000	
9	1	   0.052294	    0.12550	     55.376	     2.7421	-9.7531e+92	-9.7531e+92	   0.094436	   0.029221	     0.0000	     0.0000	    0.59243	     0.0000	
9	2	 0.00081091	  0.0019462	     133.64	    0.71608	-9.7531e+92	-9.7531e+92	   0.071027	 0.00081226	     0.0000	     0.0000	   0.015087	     0.0000	
9	3	 5.4840e-05	 0.00013161	     191.41	    0.20802	-9.7531e+92	-9.7531e+92	  0.0068576	 0.00011265	     0.0000	     0.0000	  0.0020970	     0.0000	
9	4	 7.4202e-06	 1.7808e-05	     223.28	    0.11603	-9.7531e+92	-9.7531e+92	  0.0085249	 6.9187e-05	     0.0000	     0.0000	  0.0012636	     0.0000	
9	5	 6.6707e-05	 0.00016009	     134.70	    0.69890	-9.7531e+92	-9.7531e+92	  0.0055998	 0.00012086	     0.0000	     0.0000	  0.0022911	     0.0000	
9	6	  0.0065695	   0.015766	     62.827	     2.5956	-9.7531e+92	-9.7531e+92	   0.032729	  0.0058179	     0.0000	     0.0000	    0.11384	     0.0000	
9	7	  0.0038716	  0.0092918	     64.406	     2.5596	-9.7531e+92	-9.7531e+92	   0.028444	  0.0032478	     0.0000	     0.0000	   0.069909	     0.0000	
9	8	 6.1091e-07	 1.4661e-06	     171.65	    0.30991	-9.7531e+92	-9.7531e+92	 0.00037410	 6.3042e-05	     0.0000	     0.0000	  0.0011405	     0.0000	
9	9	     0.0000	     0.0000	     0.0000	     3.0000	-9.7531e+92	-9.7531e+92	     1.2329	     0.0000	     1.1364	     0.0000	     0.0000	     0.0000	
9	10	 1.2614e-13	 3.0272e-13	     215.04	    0.13402	-9.7531e+92	-9.7531e+92	 8.6702e-05	 6.2535e-05	     0.0000	     0.0000	  0.0011271	     0.0000	
9	11	 3.7125e-09	 8.9098e-09	     175.31	    0.28718	-9.7531e+92	-9.7531e+92	 9.7461e-05	 6.3404e-05	     0.0000	     0.0000	  0.0011246	     0.0000	
9	12	 3.1114e-13	 7.4671e-13	     214.99	    0.13415	-9.7531e+92	-9.7531e+92	 9.1690e-05	 6.4532e-05	     0.0000	     0.0000	  0.0011185	     0.0000	
9	13	    0.83675	     2.0082	     9.0540	     2.9998	-9.7531e+92	-9.7531e+92	    0.57318	    0.53953	    0.14784	     0.0000	     11.335	     0.0000	
9	14	   0.021585	   0.051803	     38.749	     2.9339	-9.7531e+92	-9.7531e+92	   0.078890	   0.016269	     0.0000	     0.0000	    0.34817	     0.0000	
9	15	 0.00062691	  0.0015046	     117.55	     1.0311	-9.7531e+92	-9.7531e+92	   0.036495	 0.00061248	     0.0000	     0.0000	   0.011842	     0.0000	
9	16	 1.7428e-13	 4.1827e-13	     159.83	    0.39862	-9.7531e+92	-9.7531e+92	 0.00010542	 6.4451e-05	     0.0000	     0.0000	  0.0011175	     0.0000	
9	17	 2.4186e-13	 5.8044e-13	     293.28	   0.040011	-9.7531e+92	-9.7531e+92	 0.00043259	 6.6611e-05	     0.0000	     0.0000	  0.0011005	     0.0000	
9	18	   0.022389	   0.053734	     96.665	     1.6016	-9.7531e+92	-9.7531e+92	   0.074244	   0.020169	     0.0000	     0.0000	    0.38602	     0.0000	
9	19	 2.7950e-08	 6.7079e-08	     193.08	    0.20137	-9.7531e+92	-9.7531e+92	   0.021606	 6.2416e-05	     0.0000	     0.0000	  0.0011230	     0.0000	
9	20	 1.2859e-07	 3.0861e-07	     174.09	    0.29453	-9.7531e+92	-9.7531e+92	 0.00066968	 6.1917e-05	     0.0000	     0.0000	  0.0011358	     0.0000	
9	21	  0.0044187	   0.010605	     83.320	     2.0244	-9.7531e+92	-9.7531e+92	   0.031525	  0.0036933	     0.0000	     0.0000	   0.078178	     0.0000	
9	22	 1.2190e-12	 2.9256e-12	     266.14	   0.058633	-9.7531e+92	-9.7531e+92	 0.00015870	 6.7046e-05	     0.0000	     0.0000	  0.0011043	     0.0000	
9	23	 9.3030e-05	 0.00022327	     121.73	    0.93874	-9.7531e+92	-9.7531e+92	   0.026164	 0.00014097	     0.0000	     0.0000	  0.0027357	     0.0000	
9	24	 4.5823e-06	 1.0997e-05	     149.07	    0.50520	-9.7531e+92	-9.7531e+92	 0.00024119	 6.3409e-05	     0.0000	     0.0000	  0.0012212	     0.0000	
10	0	   0.041572	   0.013861	     210.64	    0.14503	-9.7531e+92	-9.7531e+92	  0.0090242	 8.3919e-05	     0.0000	-0.00021997	 -0.0054153	  0.0028027	
10	1	    0.13586	   0.045297	     228.04	    0.10699	-9.7531e+92	-9.7531e+92	   0.019747	 0.00026850	     0.0000	 3.5062e-05	  -0.017264	 -0.0034986	
10	2	 0.00032625	 0.00010878	     213.20	    0.13850	-9.7531e+92	-9.7531e+92	  0.0052897	 8.9800e-07	     0.0000	-0.00060997	-6.1836e-05	  0.0093719	
10	3	 1.4822e-05	 4.9419e-06	     258.79	   0.065432	-9.7531e+92	-9.7531e+92	 0.00078259	 1.8887e-07	     0.0000	-0.00024798	-1.2769e-05	  0.0030203	
10	4	 9.2283e-05	 3.0769e-05	     204.61	    0.16194	-9.7531e+92	-9.7531e+92	  0.0015582	 3.6841e-07	     0.0000	-0.00046785	-2.5357e-05	  0.0041624	
10	5	    0.10460	   0.034875	     93.726	     1.6933	-9.7531e+92	-9.7531e+92	   0.010827	 0.00024949	  0.0055380	 0.00015450	  -0.016961	  -0.012390	
10	6	   0.011542	  0.0038484	     153.37	    0.45919	-9.7531e+92	-9.7531e+92	  0.0063217	 2.6753e-05	     0.0000	-0.00070233	 -0.0018585	  0.0051778	
10	7	  0.0015585	 0.00051964	     153.29	    0.46001	-9.7531e+92	-9.7531e+92	  0.0041043	 3.7713e-06	     0.0000	-0.00010224	-0.00026165	  0.0056374	
10	8	    0.13532	   0.045118	     44.054	     2.8911	-9.7531e+92	-9.7531e+92	   0.011454	 0.00025437	   0.011110	 1.0412e-05	  -0.010070	 -0.0074621	
10	9	 0.00010290	 3.4310e-05	     215.04	    0.13402	-9.7531e+92	-9.7531e+92	  0.0033580	 3.8382e-07	     0.0000	-0.00040301	-2.7130e-05	  0.0055108	
10	10	     0.0000	     0.0000	     0.0000	     3.0000	-9.7531e+92	-9.7531e+92	    0.16675	     0.0000	    0.16671	     0.0000	     0.0000	     0.0000	
10	11	  0.0094458	  0.0031494	     46.926	     2.8613	-9.7531e+92	-9.7531e+92	 0.00081125	 2.2561e-05	 0.00077817	 7.3299e-05	 -0.0014351	 -0.0012455	
10	12	  0.0045966	  0.0015326	     46.012	     2.8713	-9.7531e+92	-9.7531e+92	 0.00040015	 1.0762e-05	 0.00035866	 3.6714e-05	-0.00054971	-0.00045136	
10	13	    0.20911	   0.069722	     205.99	    0.15786	-9.7531e+92	-9.7531e+92	   0.032890	 0.00040758	     0.0000	 3.9488e-05	  -0.027319	 -0.0035604	
10	14	    0.11310	   0.037709	     190.48	    0.21181	-9.7531e+92	-9.7531e+92	   0.018649	 0.00024039	     0.0000	-1.0045e-05	  -0.016636	 0.00074125	
10	15	 1.1947e-05	 3.9832e-06	     197.67	    0.18443	-9.7531e+92	-9.7531e+92	  0.0041373	 1.8023e-07	     0.0000	-0.00029644	-1.2708e-05	  0.0084486	
10	16	 1.5669e-08	 5.2244e-09	     147.94	    0.51817	-9.7531e+92	-9.7531e+92	 1.4435e-05	 1.6356e-07	     0.0000	-6.7784e-07	-1.1018e-05	 1.5329e-05	
10	17	 9.7532e-13	 3.2519e-13	     270.72	   0.054831	-9.7531e+92	-9.7531e+92	 7.5423e-05	 1.6437e-07	     0.0000	-7.6314e-05	-1.0999e-05	 0.00035727	
10	18	    0.10770	   0.035908	     118.82	     1.0023	-9.7531e+92	-9.7531e+92	   0.016990	 0.00023945	     0.0000	 0.00025524	  -0.016940	 -0.0021056	
10	19	   0.043624	   0.014545	     85.643	     1.9506	-9.7531e+92	-9.7531e+92	  0.0087055	 0.00010178	     0.0000	-0.00011466	 -0.0067882	  0.0013776	
10	20	   0.069917	   0.023311	     74.457	     2.2947	-9.7531e+92	-9.7531e+92	  0.0061055	 0.00016739	  0.0051592	 0.00032360	  -0.011290	 -0.0094722	
10	21	  0.0019141	 0.00063817	     171.26	    0.31241	-9.7531e+92	-9.7531e+92	  0.0027260	 4.5480e-06	     0.0000	-0.00029867	-0.00031871	  0.0041478	
10	22	 2.4910e-07	 8.3054e-08	     176.66	    0.27933	-9.7531e+92	-9.7531e+92	 2.5961e-05	 1.6608e-07	     0.0000	-1.2614e-05	-1.0974e-05	 8.3543e-05	
10	23	  0.0048593	  0.0016202	     95.614	     1.6342	-9.7531e+92	-9.7531e+92	  0.0022041	 1.1564e-05	     0.0000	-4.4336e-07	-0.00080448	  0.0017312	
10	24	  0.0047309	  0.0015773	     102.71	     1.4197	-9.7531e+92	-9.7531e+92	 0.00043206	 1.1422e-05	 0.00032233	 1.2127e-05	-0.00078211	-0.00063103	
11	0	   0.083603	   0.037595	     167.10	    0.34103	-9.7531e+92	-9.7531e+92	   0.016666	 0.00030776	     0.0000	 0.00050982	  -0.060183	  -0.011950	
11	1	   0.055871	   0.025124	     185.20	    0.23505	-9.7531e+92	-9.7531e+92	   0.018551	 0.00020126	     0.0000	-0.00017906	  -0.039403	   0.032935	
11	2	 4.7545e-05	 2.1380e-05	     197.83	    0.18388	-9.7531e+92	-9.7531e+92	  0.0062549	 4.5965e-07	     0.0000	 -0.0020682	-9.7649e-05	   0.057580	
11	3	 2.4453e-06	 1.0996e-06	     244.71	   0.081388	-9.7531e+92	-9.7531e+92	 0.00092243	 2.7887e-07	     0.0000	-0.00083792	-5.8832e-05	   0.018500	
11	4	 4.1553e-06	 1.8686e-06	     218.09	    0.12699	-9.7531e+92	-9.7531e+92	  0.0025069	 2.8451e-07	     0.0000	 -0.0015846	-6.1321e-05	   0.025520	
11	5	   0.064004	   0.028781	     77.490	     2.2050	-9.7531e+92	-9.7531e+92	  0.0099845	 0.00026257	  0.0028516	 0.00028317	  -0.056120	  -0.041056	
11	6	   0.033569	   0.015095	     117.04	     1.0431	-9.7531e+92	-9.7531e+92	   0.010055	 0.00013496	     0.0000	-0.00098288	  -0.029188	   0.013114	
11	7	   0.029818	   0.013408	     112.26	     1.1591	-9.7531e+92	-9.7531e+92	  0.0080711	 0.00012041	     0.0000	-0.00010563	  -0.026063	   0.010535	
11	8	   0.025060	   0.011269	     32.525	     2.9668	-9.7531e+92	-9.7531e+92	  0.0030317	 0.00010369	  0.0025677	 3.7975e-05	  -0.022048	  -0.020584	
11	9	 0.00016214	 7.2909e-05	     175.31	    0.28718	-9.7531e+92	-9.7531e+92	  0.0042113	 9.0408e-07	     0.0000	 -0.0013590	-0.00019840	   0.033633	
11	10	 0.00065641	 0.00029518	     46.926	     2.8613	-9.7531e+92	-9.7531e+92	 0.00010119	 2.6916e-06	 5.6491e-05	 1.8266e-05	-0.00051408	-0.00042910	
11	11	     0.0000	     0.0000	     0.0000	     3.0000	-9.7531e+92	-9.7531e+92	    0.22485	     0.0000	    0.22481	     0.0000	     0.0000	     0.0000	
11	12	 0.00026360	 0.00011854	     77.218	     2.2132	-9.7531e+92	-9.7531e+92	 5.4184e-05	 8.2028e-07	     0.0000	 2.0538e-06	-7.5073e-05	-4.2061e-05	
11	13	    0.20898	   0.093972	     166.60	    0.34470	-9.7531e+92	-9.7531e+92	   0.040347	 0.00072682	     0.0000	 0.00012845	   -0.15090	  -0.022020	
11	14	   0.016554	  0.0074441	     157.91	    0.41563	-9.7531e+92	-9.7531e+92	   0.014284	 6.2486e-05	     0.0000	-0.00059331	  -0.013339	   0.079742	
11	15	 4.2289e-05	 1.9017e-05	     182.32	    0.24896	-9.7531e+92	-9.7531e+92	  0.0041065	 4.3342e-07	     0.0000	 -0.0010006	-9.5379e-05	   0.051578	
11	16	 4.1558e-08	 1.8688e-08	     142.85	    0.58099	-9.7531e+92	-9.7531e+92	 1.9295e-05	 2.8201e-07	     0.0000	-2.2886e-06	-5.9642e-05	 9.3457e-05	
11	17	 3.7831e-13	 1.7012e-13	     290.18	   0.041722	-9.7531e+92	-9.7531e+92	 0.00011835	 2.8161e-07	     0.0000	-0.00025772	-5.9472e-05	  0.0021792	
11	18	    0.45907	    0.20643	     81.269	     2.0888	-9.7531e+92	-9.7531e+92	   0.059355	  0.0018269	   0.017969	   0.021153	   -0.39177	   -0.30363	
11	19	 0.00047309	 0.00021274	     108.78	     1.2499	-9.7531e+92	-9.7531e+92	   0.017294	 2.2091e-06	     0.0000	 -0.0021542	-0.00047821	   0.045781	
11	20	 0.00063445	 0.00028530	     83.734	     2.0113	-9.7531e+92	-9.7531e+92	 0.00053837	 2.8980e-06	     0.0000	-3.8809e-05	-0.00061803	  0.0018382	
11	21	  0.0020050	 0.00090161	     128.65	    0.80225	-9.7531e+92	-9.7531e+92	  0.0040189	 8.3060e-06	     0.0000	 -0.0010055	 -0.0018058	   0.025264	
11	22	 2.3837e-11	 1.0719e-11	     200.45	    0.17499	-9.7531e+92	-9.7531e+92	 3.9047e-05	 2.8422e-07	     0.0000	-4.2603e-05	-5.9359e-05	 0.00050984	
11	23	  0.0079778	  0.0035875	     53.605	     2.7712	-9.7531e+92	-9.7531e+92	  0.0029481	 3.2069e-05	     0.0000	-2.5932e-07	 -0.0070073	  0.0077783	
11	24	   0.011208	  0.0050401	     56.094	     2.7297	-9.7531e+92	-9.7531e+92	  0.0013035	 4.6100e-05	  0.0011555	 9.7852e-05	 -0.0098731	 -0.0093328	
12	0	   0.055846	   0.019085	     226.76	    0.10933	-9.7531e+92	-9.7531e+92	  0.0099318	 0.00010206	     0.0000	-3.8211e-05	 -0.0055099	 0.00080449	
12	1	   0.030593	   0.010455	     231.78	    0.10046	-9.7531e+92	-9.7531e+92	   0.011997	 5.4722e-05	     0.0000	-3.2871e-05	 -0.0029522	  0.0054296	
12	2	  0.0044239	  0.0015118	     181.48	    0.25322	-9.7531e+92	-9.7531e+92	  0.0049425	 9.3349e-06	     0.0000	-0.00023329	-0.00053400	  0.0058449	
12	3	 0.00012607	 4.3082e-05	     227.10	    0.10870	-9.7531e+92	-9.7531e+92	 0.00092063	 4.1244e-07	     0.0000	-0.00010031	-2.2811e-05	  0.0019929	
12	4	  0.0047050	  0.0016079	     165.11	    0.35583	-9.7531e+92	-9.7531e+92	  0.0025429	 1.0227e-05	     0.0000	-0.00016129	-0.00057484	  0.0023380	
12	5	    0.17163	   0.058654	     80.590	     2.1100	-9.7531e+92	-9.7531e+92	   0.017285	 0.00037699	   0.011864	 0.00011023	  -0.020933	  -0.014386	
12	6	  0.0045178	  0.0015439	     152.49	    0.46823	-9.7531e+92	-9.7531e+92	  0.0061035	 9.7724e-06	     0.0000	-0.00033883	-0.00055474	  0.0040689	
12	7	 0.00088492	 0.00030241	     158.06	    0.41430	-9.7531e+92	-9.7531e+92	  0.0041764	 2.0387e-06	     0.0000	-4.2251e-05	-0.00011575	  0.0037933	
12	8	   0.089797	   0.030687	     55.069	     2.7473	-9.7531e+92	-9.7531e+92	  0.0079170	 0.00019930	  0.0075644	 1.3513e-05	  -0.010917	 -0.0082774	
12	9	 1.1655e-06	 3.9830e-07	     214.99	    0.13415	-9.7531e+92	-9.7531e+92	  0.0028385	 1.4127e-07	     0.0000	-0.00016425	-8.2093e-06	  0.0036586	
12	10	  0.0022049	 0.00075351	     46.012	     2.8713	-9.7531e+92	-9.7531e+92	 0.00022546	 4.6032e-06	 0.00019149	 2.6095e-06	-8.3580e-05	-2.6892e-05	
12	11	   0.035299	   0.012063	     77.218	     2.2132	-9.7531e+92	-9.7531e+92	  0.0030297	 7.8220e-05	  0.0029958	 0.00012780	 -0.0041867	 -0.0032977	
12	12	     0.0000	     0.0000	     0.0000	     3.0000	-9.7531e+92	-9.7531e+92	    0.17089	     0.0000	    0.17084	     0.0000	     0.0000	     0.0000	
12	13	   0.096511	   0.032982	     205.94	    0.15802	-9.7531e+92	-9.7531e+92	   0.022512	 0.00016998	     0.0000	-4.1051e-05	 -0.0096063	  0.0061158	
12	14	    0.14285	   0.048818	     188.63	    0.21964	-9.7531e+92	-9.7531e+92	   0.021282	 0.00027818	     0.0000	 1.6667e-05	  -0.015908	 -0.0020147	
12	15	 0.00027283	 9.3238e-05	     166.81	    0.34315	-9.7531e+92	-9.7531e+92	  0.0042501	 7.1868e-07	     0.0000	-0.00011999	-4.1422e-05	  0.0055675	
12	16	 1.1434e-07	 3.9073e-08	     115.95	     1.0685	-9.7531e+92	-9.7531e+92	 1.5702e-05	 1.5154e-07	     0.0000	-2.7530e-07	-8.3076e-06	 1.0121e-05	
12	17	 1.9847e-11	 6.7826e-12	     225.22	    0.11223	-9.7531e+92	-9.7531e+92	 0.00011625	 1.5294e-07	     0.0000	-3.1023e-05	-8.3096e-06	 0.00023616	
12	18	    0.22461	   0.076759	     120.73	    0.96010	-9.7531e+92	-9.7531e+92	   0.027122	 0.00044331	     0.0000	 0.00070141	  -0.026706	  -0.011876	
12	19	   0.071398	   0.024399	     44.530	     2.8865	-9.7531e+92	-9.7531e+92	   0.014107	 0.00015040	     0.0000	 6.3969e-05	 -0.0076021	 -0.0014395	
12	20	   0.061439	   0.020996	     45.010	     2.8817	-9.7531e+92	-9.7531e+92	  0.0056511	 0.00013502	  0.0046813	 0.00012777	 -0.0072338	 -0.0054406	
12	21	 1.5686e-05	 5.3605e-06	     187.39	    0.22505	-9.7531e+92	-9.7531e+92	  0.0022217	 1.7448e-07	     0.0000	-0.00012910	-1.0024e-05	  0.0029195	
12	22	 6.6180e-05	 2.2616e-05	     131.16	    0.75767	-9.7531e+92	-9.7531e+92	 4.1059e-05	 3.0435e-07	     0.0000	-4.5534e-06	-1.6088e-05	 4.9071e-05	
12	23	  0.0027401	 0.00093642	     109.85	     1.2215	-9.7531e+92	-9.7531e+92	  0.0015365	 6.0785e-06	     0.0000	-2.1918e-07	-0.00034646	  0.0013421	
12	24	 6.2339e-05	 2.1304e-05	     132.31	    0.73810	-9.7531e+92	-9.7531e+92	 5.4875e-05	 2.8434e-07	     0.0000	-2.2136e-07	-1.6001e-05	 1.8725e-05	
13	0	   0.081226	     1.1956	     86.013	     1.9388	-9.7531e+92	-9.7531e+92	    0.56090	    0.17049	     0.0000	   0.016049	     2.0310	   0.031658	
13	1	   0.081946	     1.2062	     57.043	     2.7128	-9.7531e+92	-9.7531e+92	    0.70644	    0.10939	     0.0000	     0.0000	   -0.36510	 -0.0025721	
13	2	    0.22108	     3.2542	     127.66	    0.82064	-9.7531e+92	-9.7531e+92	    0.97663	    0.70950	     0.0000	    0.28412	     5.4617	    0.20900	
13	3	  0.0010619	   0.015631	     188.65	    0.21955	-9.7531e+92	-9.7531e+92	   0.088926	  0.0036188	     0.0000	  -0.050315	   0.028187	  -0.030012	
13	4	 0.00062802	  0.0092440	     217.30	    0.12878	-9.7531e+92	-9.7531e+92	    0.10694	  0.0022330	     0.0000	  -0.097817	   0.016714	  -0.039380	
13	5	  0.0059054	   0.086922	     125.66	    0.85869	-9.7531e+92	-9.7531e+92	   0.065289	   0.018222	     0.0000	 -0.0036732	    0.14249	  -0.012280	
13	6	   0.048389	    0.71225	     53.773	     2.7685	-9.7531e+92	-9.7531e+92	    0.34368	    0.15794	     0.0000	 -0.0030502	     1.1459	-0.00099957	
13	7	   0.039879	    0.58699	     57.312	     2.7078	-9.7531e+92	-9.7531e+92	    0.29787	    0.11732	     0.0000	 -0.0012791	    0.95854	 -0.0030516	
13	8	 3.9392e-05	 0.00057982	     162.59	    0.37553	-9.7531e+92	-9.7531e+92	  0.0037177	 0.00032800	     0.0000	-0.00010420	  0.0025827	 -0.0011057	
13	9	   0.075805	     1.1158	     9.0540	     2.9998	-9.7531e+92	-9.7531e+92	    0.40621	    0.12862	     0.0000	     0.0000	     1.9710	   0.072213	
13	10	 1.5230e-13	 2.2417e-12	     205.99	    0.15786	-9.7531e+92	-9.7531e+92	 0.00056203	 0.00020309	     0.0000	-7.9515e-05	  0.0016456	-3.8266e-05	
13	11	 1.1816e-06	 1.7392e-05	     166.60	    0.34470	-9.7531e+92	-9.7531e+92	 0.00071094	 0.00021441	     0.0000	-5.9704e-05	  0.0016382	-3.6899e-05	
13	12	 1.1925e-13	 1.7553e-12	     205.94	    0.15802	-9.7531e+92	-9.7531e+92	 0.00061529	 0.00022608	     0.0000	-0.00016063	  0.0015120	-6.7565e-05	
13	13	     0.0000	     0.0000	     0.0000	     3.0000	-9.7531e+92	-9.7531e+92	     8.0908	     0.0000	     5.4822	     0.0000	     0.0000	     0.0000	
13	14	    0.10824	     1.5931	     32.765	     2.9658	-9.7531e+92	-9.7531e+92	    0.82253	    0.29611	     0.0000	 -0.0039139	     2.8884	  -0.017938	
13	15	   0.076407	     1.1247	     111.52	     1.1779	-9.7531e+92	-9.7531e+92	    0.46868	    0.22659	     0.0000	   0.016096	     1.8283	   0.019623	
13	16	 1.0854e-08	 1.5976e-07	     153.85	    0.45440	-9.7531e+92	-9.7531e+92	 0.00081922	 0.00020985	     0.0000	-0.00014427	  0.0016567	-0.00012534	
13	17	 2.1867e-13	 3.2186e-12	     287.27	   0.043413	-9.7531e+92	-9.7531e+92	  0.0049115	 0.00024168	     0.0000	  -0.016242	  0.0014196	 -0.0029607	
13	18	   0.096653	     1.4227	     87.611	     1.8878	-9.7531e+92	-9.7531e+92	    0.79542	    0.29971	     0.0000	   0.016459	     2.3825	  0.0062716	
13	19	 1.5257e-05	 0.00022456	     184.51	    0.23831	-9.7531e+92	-9.7531e+92	    0.23117	 0.00025014	     0.0000	   -0.13734	  0.0020031	  -0.064014	
13	20	 8.2388e-05	  0.0012127	     165.04	    0.35635	-9.7531e+92	-9.7531e+92	  0.0068969	 0.00041009	     0.0000	 -0.0031037	  0.0039963	 -0.0031981	
13	21	   0.073414	     1.0806	     76.619	     2.2311	-9.7531e+92	-9.7531e+92	    0.36893	    0.21017	     0.0000	   0.088044	     1.7653	   0.053089	
13	22	 1.2840e-13	 1.8899e-12	     260.15	   0.064098	-9.7531e+92	-9.7531e+92	  0.0014659	 0.00024005	     0.0000	 -0.0026857	  0.0014589	-0.00069847	
13	23	   0.089123	     1.3118	     113.01	     1.1402	-9.7531e+92	-9.7531e+92	    0.36550	    0.22671	    0.11249	 0.00057309	     2.4023	   0.086029	
13	24	 0.00010570	  0.0015558	     142.21	    0.58941	-9.7531e+92	-9.7531e+92	  0.0020973	 0.00050079	     0.0000	-9.0837e-05	  0.0042059	-0.00018582	
14	0	   0.081391	    0.63173	     114.85	     1.0949	-9.7531e+92	-9.7531e+92	    0.28708	    0.12557	     0.0000	   0.029048	   -0.26506	  -0.013831	
14	1	    0.11863	    0.92078	     88.839	     1.8485	-9.7531e+92	-9.7531e+92	    0.44427	    0.16951	     0.0000	  0.0035563	   -0.54108	  -0.011466	
14	2	   0.067676	    0.52528	     97.273	     1.5829	-9.7531e+92	-9.7531e+92	    0.24909	    0.12185	     0.0000	 -0.0036716	   -0.61784	  0.0041812	
14	3	  0.0015687	   0.012176	     161.01	    0.38854	-9.7531e+92	-9.7531e+92	   0.064457	  0.0028074	     0.0000	  -0.051005	  -0.015085	   0.045447	
14	4	 0.00039730	  0.0030837	     184.55	    0.23808	-9.7531e+92	-9.7531e+92	   0.057450	 0.00083633	     0.0000	   -0.10235	 -0.0043312	   0.069589	
14	5	  0.0066250	   0.051421	     108.09	     1.2686	-9.7531e+92	-9.7531e+92	   0.032189	   0.011660	     0.0000	     0.0000	  -0.058637	   0.022565	
14	6	   0.097544	    0.75711	     41.508	     2.9135	-9.7531e+92	-9.7531e+92	    0.28804	   0.088348	     0.0000	     0.0000	   -0.54976	     0.0000	
14	7	    0.11138	    0.86453	     65.464	     2.5345	-9.7531e+92	-9.7531e+92	    0.28668	    0.18948	     0.0000	   0.038354	    -1.0001	   -0.16529	
14	8	 0.00011143	 0.00086485	     146.54	    0.53466	-9.7531e+92	-9.7531e+92	  0.0017219	 0.00032809	     0.0000	-9.9787e-05	 -0.0016426	  0.0021645	
14	9	   0.059908	    0.46499	     38.749	     2.9339	-9.7531e+92	-9.7531e+92	    0.19194	    0.10732	     0.0000	   0.043833	   -0.58116	  -0.046102	
14	10	 4.6244e-14	 3.5893e-13	     190.48	    0.21181	-9.7531e+92	-9.7531e+92	 0.00028809	 0.00012564	     0.0000	-8.2562e-05	-0.00063168	 8.4399e-05	
14	11	 1.1267e-06	 8.7452e-06	     157.91	    0.41563	-9.7531e+92	-9.7531e+92	 0.00029780	 0.00013582	     0.0000	-6.2100e-05	-0.00074884	 8.0558e-05	
14	12	 1.1787e-13	 9.1488e-13	     188.63	    0.21964	-9.7531e+92	-9.7531e+92	 0.00031114	 0.00012642	     0.0000	-0.00016678	-0.00060286	 0.00014889	
14	13	   0.099875	    0.77520	     32.765	     2.9658	-9.7531e+92	-9.7531e+92	    0.55853	    0.13692	     0.0000	  -0.021388	   -0.80504	   0.072168	
14	14	     0.0000	     0.0000	     0.0000	     3.0000	-9.7531e+92	-9.7531e+92	     4.1651	     0.0000	     3.2428	     0.0000	     0.0000	     0.0000	
14	15	    0.24417	     1.8952	     78.991	     2.1593	-9.7531e+92	-9.7531e+92	    0.55382	    0.40125	   0.081582	    0.19727	    -2.1261	   -0.44187	
14	16	 5.0131e-06	 3.8910e-05	     121.20	    0.94999	-9.7531e+92	-9.7531e+92	 0.00051688	 0.00013616	     0.0000	-0.00014286	-0.00067917	 0.00026626	
14	17	 1.9854e-13	 1.5410e-12	     254.84	   0.069479	-9.7531e+92	-9.7531e+92	  0.0026377	 0.00013556	     0.0000	  -0.016864	-0.00073437	  0.0064708	
14	18	   0.087491	    0.67908	     78.249	     2.1820	-9.7531e+92	-9.7531e+92	    0.33508	    0.15897	     0.0000	  -0.017474	   -0.79262	   0.010229	
14	19	 1.6298e-05	 0.00012650	     166.55	    0.34505	-9.7531e+92	-9.7531e+92	   0.097550	 0.00015061	     0.0000	   -0.14259	-0.00076039	    0.13589	
14	20	 0.00015844	  0.0012298	     147.73	    0.52061	-9.7531e+92	-9.7531e+92	  0.0032394	 0.00039806	     0.0000	 -0.0031316	 -0.0018851	  0.0066454	
14	21	   0.022228	    0.17253	     101.18	     1.4647	-9.7531e+92	-9.7531e+92	    0.10917	   0.039706	     0.0000	  -0.021279	   -0.21281	   0.023058	
14	22	 3.8213e-13	 2.9660e-12	     227.39	    0.10817	-9.7531e+92	-9.7531e+92	 0.00078056	 0.00013634	     0.0000	 -0.0027886	-0.00072026	  0.0015084	
14	23	 0.00080318	  0.0062340	     114.84	     1.0952	-9.7531e+92	-9.7531e+92	   0.029885	  0.0015325	     0.0000	-0.00013516	 -0.0079101	   0.041283	
14	24	 1.4916e-05	 0.00011577	     150.00	    0.49487	-9.7531e+92	-9.7531e+92	 0.00082111	 0.00015444	     0.0000	-0.00014879	-0.00084624	 0.00063167	
15	0	   0.054840	   0.096271	     189.51	    0.21584	-9.7531e+92	-9.7531e+92	   0.047866	   0.057957	     0.0000	  -0.018446	    0.47575	  -0.017745	
15	1	    0.11349	    0.19923	     167.83	    0.33581	-9.7531e+92	-9.7531e+92	   0.090291	    0.10820	     0.0000	  0.0018696	    0.85303	   0.015020	
15	2	    0.10058	    0.17656	     21.827	     2.9932	-9.7531e+92	-9.7531e+92	   0.083114	    0.10464	     0.0000	   0.048033	    0.40275	   0.029465	
15	3	    0.16493	    0.28954	     84.108	     1.9994	-9.7531e+92	-9.7531e+92	   0.085527	    0.13283	   0.046073	   0.076198	    0.57393	    0.10668	
15	4	   0.095602	    0.16783	     106.18	     1.3210	-9.7531e+92	-9.7531e+92	   0.059684	   0.082926	  0.0062038	   0.083264	    0.47959	   0.079941	
15	5	  0.0041380	  0.0072642	     104.94	     1.3557	-9.7531e+92	-9.7531e+92	  0.0057681	  0.0048013	     0.0000	 -0.0036460	   0.014736	 -0.0098750	
15	6	   0.070856	    0.12439	     96.746	     1.5991	-9.7531e+92	-9.7531e+92	   0.050244	   0.068864	     0.0000	   0.045141	    0.29400	   0.019373	
15	7	  0.0071529	   0.012557	     131.62	    0.74982	-9.7531e+92	-9.7531e+92	   0.020697	  0.0081412	     0.0000	  -0.015813	   0.025297	  -0.030643	
15	8	 1.7427e-05	 3.0593e-05	     159.01	    0.40580	-9.7531e+92	-9.7531e+92	 0.00029346	 9.8958e-05	     0.0000	-8.9860e-05	 0.00025954	-0.00076986	
15	9	  0.0080464	   0.014126	     117.55	     1.0311	-9.7531e+92	-9.7531e+92	   0.019974	  0.0086431	     0.0000	  -0.057939	   0.030205	  -0.028818	
15	10	 2.4780e-12	 4.3501e-12	     197.67	    0.18443	-9.7531e+92	-9.7531e+92	 6.3965e-05	 7.8746e-05	     0.0000	-6.6987e-05	 0.00019684	-2.5975e-05	
15	11	 2.3542e-09	 4.1328e-09	     182.32	    0.24896	-9.7531e+92	-9.7531e+92	 6.5559e-05	 8.0642e-05	     0.0000	-5.2185e-05	 0.00018389	-2.6004e-05	
15	12	 1.9177e-08	 3.3665e-08	     166.81	    0.34315	-9.7531e+92	-9.7531e+92	 6.8416e-05	 7.9921e-05	     0.0000	-0.00013528	 0.00019723	-4.5851e-05	
15	13	    0.16140	    0.28334	     111.52	     1.1779	-9.7531e+92	-9.7531e+92	    0.13900	    0.13260	     0.0000	 -0.0035920	    0.42076	  -0.024436	
15	14	    0.17195	    0.30185	     78.991	     2.1593	-9.7531e+92	-9.7531e+92	    0.13001	    0.12467	     0.0000	     0.0000	   -0.10927	  0.0040873	
15	15	     0.0000	     0.0000	     0.0000	     3.0000	-9.7531e+92	-9.7531e+92	    0.91939	     0.0000	    0.81258	     0.0000	     0.0000	     0.0000	
15	16	 0.00062227	  0.0010924	     65.362	     2.5370	-9.7531e+92	-9.7531e+92	 0.00040910	 0.00076609	 0.00010272	 0.00043068	  0.0030086	 0.00040472	
15	17	 4.7392e-08	 8.3197e-08	     175.81	    0.28425	-9.7531e+92	-9.7531e+92	  0.0025334	 7.1578e-05	     0.0000	  -0.010326	 0.00034798	 -0.0020107	
15	18	   0.045103	   0.079178	     116.73	     1.0502	-9.7531e+92	-9.7531e+92	   0.061878	   0.051004	     0.0000	   -0.14393	    0.18246	  -0.044852	
15	19	 0.00030634	 0.00053778	     131.26	    0.75593	-9.7531e+92	-9.7531e+92	   0.018258	 0.00041184	     0.0000	   -0.10642	  0.0013996	  -0.043305	
15	20	 0.00052853	 0.00092783	     124.66	    0.87845	-9.7531e+92	-9.7531e+92	 0.00080309	 0.00067573	     0.0000	 -0.0021816	  0.0020034	 -0.0018144	
15	21	 0.00033030	 0.00057984	     175.65	    0.28523	-9.7531e+92	-9.7531e+92	   0.011949	 0.00045467	     0.0000	  -0.056381	  0.0013609	  -0.027621	
15	22	 3.0600e-06	 5.3718e-06	     163.21	    0.37056	-9.7531e+92	-9.7531e+92	 0.00058985	 7.8317e-05	     0.0000	 -0.0017281	 0.00030948	-0.00047220	
15	23	 0.00010884	 0.00019107	     149.47	    0.50076	-9.7531e+92	-9.7531e+92	  0.0067025	 0.00019694	     0.0000	-0.00011432	 0.00056982	  -0.013860	
15	24	 1.8575e-07	 3.2608e-07	     189.75	    0.21485	-9.7531e+92	-9.7531e+92	 0.00014141	 7.9054e-05	     0.0000	-0.00012789	 0.00019138	-0.00021106	
16	0	  0.0027217	 0.00064613	     217.18	    0.12904	-9.7531e+92	-9.7531e+92	  0.0033022	 8.1094e-06	     0.0000	-0.00050830	-6.5811e-05	 0.00054982	
16	1	  0.0084306	  0.0020014	     207.46	    0.15366	-9.7531e+92	-9.7531e+92	  0.0055451	 2.3814e-05	     0.0000	-9.5066e-05	-0.00019484	 0.00076555	
16	2	    0.25132	   0.059663	     68.097	     2.4691	-9.7531e+92	-9.7531e+92	   0.020201	 0.00076561	  0.0036995	  0.0013818	 -0.0098411	 -0.0025632	
16	3	    0.15133	   0.035926	     111.94	     1.1671	-9.7531e+92	-9.7531e+92	   0.010761	 0.00043806	  0.0054258	 0.00067948	 -0.0059847	 -0.0017955	
16	4	   0.020999	  0.0049850	     75.439	     2.2661	-9.7531e+92	-9.7531e+92	  0.0041634	 5.2090e-05	     0.0000	-1.3441e-05	-0.00062218	 6.1965e-05	
16	5	   0.021881	  0.0051945	     71.546	     2.3771	-9.7531e+92	-9.7531e+92	  0.0020221	 7.3101e-05	     0.0000	 9.5223e-06	-0.00091559	-9.1527e-05	
16	6	   0.027121	  0.0064385	     111.89	     1.1685	-9.7531e+92	-9.7531e+92	  0.0041269	 8.6398e-05	     0.0000	-0.00037157	 -0.0011020	 0.00032282	
16	7	  0.0011328	 0.00026893	     137.28	    0.65913	-9.7531e+92	-9.7531e+92	  0.0020506	 3.9021e-06	     0.0000	-9.3301e-05	-4.9504e-05	 0.00061068	
16	8	 0.00011046	 2.6223e-05	     112.87	     1.1438	-9.7531e+92	-9.7531e+92	 6.0446e-05	 5.9949e-07	     0.0000	-4.0825e-07	-7.5840e-06	 1.3217e-05	
16	9	 0.00052044	 0.00012355	     159.83	    0.39862	-9.7531e+92	-9.7531e+92	  0.0019708	 1.8493e-06	     0.0000	-0.00036017	-2.3821e-05	 0.00057955	
16	10	 1.2281e-08	 2.9154e-09	     147.94	    0.51817	-9.7531e+92	-9.7531e+92	 9.0416e-06	 2.2678e-07	     0.0000	-3.3727e-07	-2.8895e-06	 5.1201e-07	
16	11	 5.0987e-07	 1.2104e-07	     142.85	    0.58099	-9.7531e+92	-9.7531e+92	 9.2307e-06	 2.2921e-07	     0.0000	-2.5875e-07	-2.9028e-06	 4.9925e-07	
16	12	 1.3058e-05	 3.1000e-06	     115.95	     1.0685	-9.7531e+92	-9.7531e+92	 1.0752e-05	 2.7362e-07	     0.0000	-5.2783e-07	-3.4371e-06	 6.9985e-07	
16	13	    0.28066	   0.066627	     153.85	    0.45440	-9.7531e+92	-9.7531e+92	   0.023969	 0.00075250	     0.0000	 0.00011626	 -0.0078344	-0.00089037	
16	14	    0.10840	   0.025734	     121.20	    0.94999	-9.7531e+92	-9.7531e+92	   0.013307	 0.00031218	     0.0000	-1.4805e-05	 -0.0039050	 0.00012673	
16	15	   0.039881	  0.0094677	     65.362	     2.5370	-9.7531e+92	-9.7531e+92	  0.0074527	 0.00011778	     0.0000	-7.3837e-05	 -0.0013394	 0.00026230	
16	16	     0.0000	     0.0000	     0.0000	     3.0000	-9.7531e+92	-9.7531e+92	    0.11871	     0.0000	    0.11867	     0.0000	     0.0000	     0.0000	
16	17	 6.2380e-08	 1.4809e-08	     148.25	    0.51453	-9.7531e+92	-9.7531e+92	 0.00018183	 2.0818e-07	     0.0000	-2.6428e-05	-2.1077e-06	 3.4353e-05	
16	18	   0.082319	   0.019542	     110.59	     1.2021	-9.7531e+92	-9.7531e+92	   0.012777	 0.00026154	     0.0000	-0.00015115	 -0.0032238	 0.00013789	
16	19	  0.0010755	 0.00025531	     73.024	     2.3358	-9.7531e+92	-9.7531e+92	  0.0037883	 3.6575e-06	     0.0000	-0.00037435	-4.4404e-05	 0.00081248	
16	20	  0.0019632	 0.00046606	     74.477	     2.2942	-9.7531e+92	-9.7531e+92	 0.00022647	 6.7968e-06	     0.0000	-3.9741e-06	-8.6332e-05	 1.2575e-05	
16	21	 1.4993e-05	 3.5592e-06	     180.81	    0.25669	-9.7531e+92	-9.7531e+92	  0.0015367	 2.6459e-07	     0.0000	-0.00028682	-3.3730e-06	 0.00047240	
16	22	 9.7618e-05	 2.3174e-05	     106.73	     1.3057	-9.7531e+92	-9.7531e+92	 5.1108e-05	 5.2672e-07	     0.0000	-3.8698e-06	-5.1593e-06	 6.5129e-06	
16	23	 3.3984e-06	 8.0675e-07	     136.77	    0.66684	-9.7531e+92	-9.7531e+92	  0.0011227	 2.3026e-07	     0.0000	-5.7939e-07	-2.9969e-06	 0.00026429	
16	24	 3.6223e-10	 8.5992e-11	     177.80	    0.27291	-9.7531e+92	-9.7531e+92	 1.5817e-05	 2.2373e-07	     0.0000	-6.4462e-07	-2.8819e-06	 4.0765e-06	
17	0	  0.0088901	  0.0037545	     353.56	   0.019078	-9.7531e+92	-9.7531e+92	  0.0042038	 0.00044873	     0.0000	  -0.022312	 -0.0065458	   0.027226	
17	1	  0.0054454	  0.0022997	     342.57	   0.021626	-9.7531e+92	-9.7531e+92	  0.0070335	 0.00026788	     0.0000	 -0.0047642	 -0.0038201	   0.043549	
17	2	   0.093033	   0.039290	     160.64	    0.39167	-9.7531e+92	-9.7531e+92	   0.024306	  0.0043378	     0.0000	  0.0086440	   -0.10944	  -0.017567	
17	3	    0.18915	   0.079882	     122.41	    0.92444	-9.7531e+92	-9.7531e+92	   0.030122	  0.0078539	   0.020630	   0.041873	   -0.22385	   -0.12361	
17	4	    0.56575	    0.23893	     73.525	     2.3215	-9.7531e+92	-9.7531e+92	   0.066739	   0.010899	   0.053873	   0.016672	   -0.42533	   -0.19451	
17	5	 0.00057942	 0.00024470	     219.60	    0.12368	-9.7531e+92	-9.7531e+92	 0.00081430	 3.4048e-05	     0.0000	 -0.0011642	-0.00080986	   0.012180	
17	6	 0.00033694	 0.00014230	     251.72	   0.072906	-9.7531e+92	-9.7531e+92	  0.0027587	 2.0613e-05	     0.0000	  -0.040006	-0.00049239	   0.037887	
17	7	 1.3789e-11	 5.8234e-12	     281.54	   0.047004	-9.7531e+92	-9.7531e+92	  0.0019053	 3.4581e-06	     0.0000	 -0.0046590	-8.2522e-05	   0.033218	
17	8	 1.0020e-11	 4.2317e-12	     258.50	   0.065716	-9.7531e+92	-9.7531e+92	 5.0398e-05	 3.5466e-06	     0.0000	-2.2399e-05	-8.5425e-05	 0.00078847	
17	9	 1.8599e-11	 7.8548e-12	     293.28	   0.040011	-9.7531e+92	-9.7531e+92	  0.0018402	 3.4046e-06	     0.0000	  -0.017733	-8.1244e-05	   0.031107	
17	10	 4.7752e-12	 2.0167e-12	     270.72	   0.054831	-9.7531e+92	-9.7531e+92	 1.5015e-05	 3.5537e-06	     0.0000	-1.6397e-05	-8.6302e-05	 2.7049e-05	
17	11	 6.4239e-12	 2.7129e-12	     290.18	   0.041722	-9.7531e+92	-9.7531e+92	 1.5156e-05	 3.5428e-06	     0.0000	-1.2774e-05	-8.5834e-05	 2.6788e-05	
17	12	 8.9966e-12	 3.7995e-12	     225.22	    0.11223	-9.7531e+92	-9.7531e+92	 1.5987e-05	 3.5479e-06	     0.0000	-3.3123e-05	-8.5709e-05	 4.7725e-05	
17	13	   0.040214	   0.016983	     287.27	   0.043413	-9.7531e+92	-9.7531e+92	   0.017549	  0.0018265	     0.0000	 -0.0075140	  -0.031653	   0.064911	
17	14	   0.025305	   0.010687	     254.84	   0.069479	-9.7531e+92	-9.7531e+92	   0.013730	  0.0012104	     0.0000	 -0.0070514	  -0.026071	   0.060222	
17	15	   0.037894	   0.016004	     175.81	    0.28425	-9.7531e+92	-9.7531e+92	   0.018315	  0.0017773	     0.0000	 -0.0043042	  -0.045141	   0.018156	
17	16	 7.9240e-06	 3.3465e-06	     148.25	    0.51453	-9.7531e+92	-9.7531e+92	 8.4997e-05	 3.8478e-06	 1.1291e-05	-2.7315e-05	-9.3675e-05	 8.2805e-05	
17	17	     0.0000	     0.0000	     0.0000	     3.0000	-9.7531e+92	-9.7531e+92	    0.21394	     0.0000	    0.21285	     0.0000	     0.0000	     0.0000	
17	18	  0.0013774	 0.00058171	     258.46	   0.065759	-9.7531e+92	-9.7531e+92	  0.0093880	 7.0412e-05	     0.0000	  -0.067991	 -0.0016957	   0.067751	
17	19	 7.1941e-05	 3.0382e-05	     187.53	    0.22442	-9.7531e+92	-9.7531e+92	  0.0031289	 6.5468e-06	     0.0000	  -0.017968	-0.00015660	   0.043748	
17	20	 7.0071e-11	 2.9593e-11	     207.02	    0.15490	-9.7531e+92	-9.7531e+92	 0.00018671	 3.5174e-06	     0.0000	-0.00065957	-8.5040e-05	  0.0022689	
17	21	 8.3602e-12	 3.5307e-12	     326.31	   0.026229	-9.7531e+92	-9.7531e+92	  0.0013084	 3.4708e-06	     0.0000	  -0.013945	-8.2432e-05	   0.025022	
17	22	   0.031948	   0.013492	     106.10	     1.3231	-9.7531e+92	-9.7531e+92	  0.0039700	  0.0013632	  0.0036925	  0.0086065	  -0.023774	  -0.013922	
17	23	 2.9747e-12	 1.2563e-12	     284.58	   0.045056	-9.7531e+92	-9.7531e+92	 0.00083893	 3.4842e-06	     0.0000	-2.8162e-05	-8.5405e-05	   0.013968	
17	24	 4.5556e-12	 1.9239e-12	     325.25	   0.026569	-9.7531e+92	-9.7531e+92	 2.2149e-05	 3.5540e-06	     0.0000	-3.1327e-05	-8.6049e-05	 0.00021535	
18	0	   0.066724	    0.23529	     116.29	     1.0606	-9.7531e+92	-9.7531e+92	    0.10213	   0.090643	     0.0000	 0.00031802	   -0.51937	-0.00034821	
18	1	   0.064528	    0.22755	     111.77	     1.1715	-9.7531e+92	-9.7531e+92	    0.13636	   0.083335	     0.0000	 -0.0068940	   -0.47099	   0.056021	
18	2	 0.00045490	  0.0016041	     137.27	    0.65930	-9.7531e+92	-9.7531e+92	   0.059408	 0.00056067	     0.0000	-0.00067070	 -0.0068398	    0.18389	
18	3	 2.0881e-06	 7.3633e-06	     199.21	    0.17912	-9.7531e+92	-9.7531e+92	   0.013611	 0.00011018	     0.0000	  -0.034383	-0.00087383	   0.056412	
18	4	 6.7428e-06	 2.3777e-05	     186.18	    0.23049	-9.7531e+92	-9.7531e+92	   0.064005	 0.00011772	     0.0000	  -0.067826	-0.00097417	   0.079838	
18	5	   0.028305	   0.099812	     53.346	     2.7752	-9.7531e+92	-9.7531e+92	   0.077636	   0.045032	   0.021701	  0.0034436	   -0.36726	  -0.034088	
18	6	   0.056990	    0.20097	     36.723	     2.9464	-9.7531e+92	-9.7531e+92	   0.088304	   0.093464	     0.0000	   0.023186	   -0.77421	  -0.020731	
18	7	   0.028265	   0.099672	     38.248	     2.9371	-9.7531e+92	-9.7531e+92	   0.055952	   0.044226	     0.0000	 -0.0055763	   -0.37230	   0.037573	
18	8	  0.0032255	   0.011374	     75.421	     2.2666	-9.7531e+92	-9.7531e+92	  0.0055615	  0.0049464	  0.0019228	 0.00018855	  -0.036785	 -0.0063051	
18	9	   0.015854	   0.055905	     96.665	     1.6016	-9.7531e+92	-9.7531e+92	   0.040923	   0.024154	     0.0000	  -0.038780	   -0.21295	   0.064216	
18	10	 3.4464e-07	 1.2153e-06	     118.82	     1.0023	-9.7531e+92	-9.7531e+92	 0.00026336	 0.00010933	     0.0000	-5.8417e-05	-0.00086946	 9.1688e-05	
18	11	 1.5520e-05	 5.4730e-05	     81.269	     2.0888	-9.7531e+92	-9.7531e+92	 0.00016814	 0.00010787	     0.0000	-5.9010e-06	-0.00060184	 5.7993e-07	
18	12	 1.7947e-07	 6.3289e-07	     120.73	    0.96010	-9.7531e+92	-9.7531e+92	 0.00039634	 0.00010375	     0.0000	-0.00011803	-0.00073004	 0.00016298	
18	13	   0.086746	    0.30589	     87.611	     1.8878	-9.7531e+92	-9.7531e+92	    0.24243	   0.098030	     0.0000	  -0.017939	    -1.1758	    0.13907	
18	14	   0.044165	    0.15574	     78.249	     2.1820	-9.7531e+92	-9.7531e+92	    0.15552	   0.061477	     0.0000	  -0.020340	   -0.53093	    0.16139	
18	15	  0.0010602	  0.0037387	     116.73	     1.0502	-9.7531e+92	-9.7531e+92	   0.043183	  0.0017691	     0.0000	  -0.046182	  -0.015250	    0.16135	
18	16	 1.1427e-07	 4.0294e-07	     110.59	     1.2021	-9.7531e+92	-9.7531e+92	 0.00019922	 0.00010740	     0.0000	-6.7937e-05	-0.00085229	 0.00030586	
18	17	 4.5377e-13	 1.6002e-12	     258.46	   0.065759	-9.7531e+92	-9.7531e+92	  0.0027525	 0.00011865	     0.0000	  -0.012097	-0.00099964	  0.0071123	
18	18	     0.0000	     0.0000	     0.0000	     3.0000	-9.7531e+92	-9.7531e+92	     1.8365	     0.0000	     1.5120	     0.0000	     0.0000	     0.0000	
18	19	    0.57868	     2.0406	     118.15	     1.0174	-9.7531e+92	-9.7531e+92	    0.53130	    0.93443	    0.34197	     1.0000	    -7.7989	    -1.4655	
18	20	 0.00013533	 0.00047722	     90.275	     1.8027	-9.7531e+92	-9.7531e+92	   0.013234	 0.00032382	  0.0032259	 -0.0022660	 -0.0026556	  0.0073888	
18	21	   0.022614	   0.079743	     79.511	     2.1434	-9.7531e+92	-9.7531e+92	   0.041136	   0.035439	     0.0000	  -0.014654	   -0.30179	   0.024846	
18	22	 9.7699e-13	 3.4452e-12	     205.13	    0.16037	-9.7531e+92	-9.7531e+92	 0.00073608	 0.00011824	     0.0000	 -0.0020004	-0.00097323	  0.0016604	
18	23	  0.0021530	  0.0075922	     36.898	     2.9454	-9.7531e+92	-9.7531e+92	   0.013902	  0.0033643	     0.0000	-8.2537e-05	  -0.027919	   0.041806	
18	24	 7.4262e-05	 0.00026187	     74.739	     2.2865	-9.7531e+92	-9.7531e+92	 0.00036775	 0.00022305	     0.0000	-8.1130e-05	 -0.0018086	 0.00052906	
19	0	  0.0035169	  0.0024836	     234.49	   0.096052	-9.7531e+92	-9.7531e+92	   0.010280	  0.0024961	     0.0000	   -0.15818	  -0.017699	  -0.076391	
19	1	   0.024314	   0.017170	     226.57	    0.10968	-9.7531e+92	-9.7531e+92	   0.020990	   0.016384	     0.0000	  -0.024980	   -0.11046	   -0.10641	
19	2	   0.053667	   0.037899	     139.30	    0.62950	-9.7531e+92	-9.7531e+92	   0.025577	   0.032772	     0.0000	 -0.0029358	   -0.47314	 -0.0019165	
19	3	 0.00048295	 0.00034105	     184.07	    0.24039	-9.7531e+92	-9.7531e+92	  0.0072423	 0.00042396	     0.0000	  -0.069100	 -0.0047819	 -0.0033986	
19	4	    0.21279	    0.15027	     119.82	    0.98008	-9.7531e+92	-9.7531e+92	   0.041908	    0.16290	   0.020395	    0.79974	    -1.9358	  0.0067674	
19	5	    0.18291	    0.12917	     64.874	     2.5486	-9.7531e+92	-9.7531e+92	   0.034818	    0.14112	   0.023616	   0.082753	    -1.6711	  -0.013310	
19	6	   0.010332	  0.0072966	     133.74	    0.71443	-9.7531e+92	-9.7531e+92	   0.011979	  0.0081405	     0.0000	   -0.20630	  -0.096446	-0.00043685	
19	7	  0.0020176	  0.0014248	     154.38	    0.44913	-9.7531e+92	-9.7531e+92	  0.0078042	  0.0015921	     0.0000	  -0.028769	  -0.019217	  0.0011011	
19	8	  0.0080475	  0.0056831	     80.536	     2.1117	-9.7531e+92	-9.7531e+92	  0.0017039	  0.0061092	 0.00097524	  0.0010637	  -0.071104	 -0.0010268	
19	9	 2.5484e-05	 1.7997e-05	     193.08	    0.20137	-9.7531e+92	-9.7531e+92	  0.0059662	 6.9231e-05	     0.0000	   -0.11491	-0.00084848	-0.00075738	
19	10	 0.00048660	 0.00034363	     85.643	     1.9506	-9.7531e+92	-9.7531e+92	 0.00011691	 0.00042635	 4.6710e-05	  0.0014711	 -0.0047863	-8.2240e-05	
19	11	 2.4947e-05	 1.7617e-05	     108.78	     1.2499	-9.7531e+92	-9.7531e+92	 4.0557e-05	 6.4494e-05	     0.0000	-5.2396e-06	-0.00071187	 1.3000e-06	
19	12	  0.0010320	 0.00072881	     44.530	     2.8865	-9.7531e+92	-9.7531e+92	 0.00021279	 0.00080771	 0.00012491	  0.0036146	 -0.0082545	-0.00017575	
19	13	    0.23865	    0.16853	     184.51	    0.23831	-9.7531e+92	-9.7531e+92	   0.067355	    0.14483	     0.0000	   0.021724	    -1.5756	   0.074140	
19	14	    0.13027	   0.091995	     166.55	    0.34505	-9.7531e+92	-9.7531e+92	   0.042728	   0.090795	     0.0000	  0.0055250	   -0.99668	  0.0060877	
19	15	  0.0093287	  0.0065878	     131.26	    0.75593	-9.7531e+92	-9.7531e+92	   0.016083	  0.0071319	     0.0000	  -0.071450	  -0.088033	  0.0022443	
19	16	 1.4444e-05	 1.0200e-05	     73.024	     2.3358	-9.7531e+92	-9.7531e+92	 7.1929e-05	 6.3819e-05	     0.0000	-0.00016714	-0.00076596	 1.7834e-05	
19	17	 5.5914e-11	 3.9486e-11	     187.53	    0.22442	-9.7531e+92	-9.7531e+92	  0.0017481	 5.5273e-05	     0.0000	  -0.021718	-0.00066908	 0.00043580	
19	18	   0.073438	   0.051861	     118.15	     1.0174	-9.7531e+92	-9.7531e+92	   0.030113	   0.026356	     0.0000	     0.0000	   -0.66015	     0.0000	
19	19	     0.0000	     0.0000	     0.0000	     3.0000	-9.7531e+92	-9.7531e+92	    0.36217	     0.0000	    0.32426	     0.0000	     0.0000	     0.0000	
19	20	   0.048261	   0.034081	     28.400	     2.9806	-9.7531e+92	-9.7531e+92	  0.0088348	   0.037576	  0.0068306	   0.070076	   -0.44803	 -0.0069131	
19	21	 4.4702e-07	 3.1568e-07	     197.71	    0.18427	-9.7531e+92	-9.7531e+92	  0.0046011	 5.1445e-05	     0.0000	  -0.090425	-0.00062253	 0.00071385	
19	22	 0.00019994	 0.00014120	     93.933	     1.6868	-9.7531e+92	-9.7531e+92	 0.00042904	 0.00020243	     0.0000	 -0.0023775	 -0.0019934	 6.3196e-05	
19	23	 0.00019018	 0.00013431	     121.29	    0.94810	-9.7531e+92	-9.7531e+92	  0.0032959	 0.00019419	     0.0000	-0.00018059	 -0.0023880	  0.0023840	
19	24	 7.2817e-09	 5.1423e-09	     150.08	    0.49393	-9.7531e+92	-9.7531e+92	 4.9963e-05	 5.2033e-05	     0.0000	-0.00020313	-0.00062857	 4.1882e-05	
20	0	   0.020928	   0.013297	     206.61	    0.15606	-9.7531e+92	-9.7531e+92	   0.014029	 0.00072566	     0.0000	 -0.0079578	  -0.071741	    0.12180	
20	1	   0.034195	   0.021727	     199.20	    0.17914	-9.7531e+92	-9.7531e+92	   0.022702	  0.0011507	     0.0000	 -0.0015215	   -0.11432	    0.18250	
20	2	   0.013094	  0.0083197	     139.77	    0.62284	-9.7531e+92	-9.7531e+92	   0.015586	 0.00044426	     0.0000	 -0.0086069	  -0.054794	    0.18080	
20	3	 0.00034497	 0.00021919	     185.64	    0.23299	-9.7531e+92	-9.7531e+92	  0.0022090	 1.5143e-05	     0.0000	 -0.0048347	 -0.0017050	   0.070400	
20	4	   0.011993	  0.0076200	     135.08	    0.69295	-9.7531e+92	-9.7531e+92	  0.0047008	 0.00043760	     0.0000	 -0.0055898	  -0.050838	   0.059842	
20	5	    0.16369	    0.10400	     39.691	     2.9273	-9.7531e+92	-9.7531e+92	   0.028064	  0.0060960	   0.017985	  0.0050920	   -0.69794	   -0.48779	
20	6	   0.015375	  0.0097689	     111.59	     1.1762	-9.7531e+92	-9.7531e+92	   0.012681	 0.00057158	     0.0000	  -0.012481	  -0.065465	    0.10995	
20	7	 0.00085237	 0.00054158	     126.68	    0.83907	-9.7531e+92	-9.7531e+92	  0.0082150	 3.3991e-05	     0.0000	 -0.0020582	 -0.0039169	    0.13559	
20	8	   0.022299	   0.014169	     51.987	     2.7958	-9.7531e+92	-9.7531e+92	  0.0037158	 0.00082457	  0.0030602	 0.00020366	  -0.094326	  -0.071048	
20	9	 0.00018947	 0.00012038	     174.09	    0.29453	-9.7531e+92	-9.7531e+92	  0.0070510	 9.3189e-06	     0.0000	 -0.0079574	 -0.0010848	    0.13002	
20	10	 9.5994e-05	 6.0993e-05	     74.457	     2.2947	-9.7531e+92	-9.7531e+92	 4.9310e-05	 5.4439e-06	     0.0000	 8.6366e-06	-0.00049049	-0.00013798	
20	11	 0.00034763	 0.00022088	     83.734	     2.0113	-9.7531e+92	-9.7531e+92	 8.5329e-05	 1.5255e-05	 2.2298e-05	 5.0122e-05	 -0.0017804	 -0.0010530	
20	12	 0.00035447	 0.00022522	     45.010	     2.8817	-9.7531e+92	-9.7531e+92	 8.3994e-05	 1.4155e-05	 4.9223e-06	 5.0797e-05	 -0.0013268	-0.00068792	
20	13	    0.42084	    0.26740	     165.04	    0.35635	-9.7531e+92	-9.7531e+92	   0.088483	   0.013185	     0.0000	  0.0060078	    -1.4596	   -0.65069	
20	14	    0.18261	    0.11603	     147.73	    0.52061	-9.7531e+92	-9.7531e+92	   0.046607	  0.0062300	     0.0000	  0.0021612	   -0.71104	   -0.19096	
20	15	  0.0013051	 0.00082921	     124.66	    0.87845	-9.7531e+92	-9.7531e+92	   0.010869	 4.9724e-05	     0.0000	 -0.0057412	 -0.0058563	    0.19548	
20	16	 1.4806e-06	 9.4075e-07	     74.477	     2.2942	-9.7531e+92	-9.7531e+92	 3.0716e-05	 2.5983e-06	     0.0000	-1.3231e-05	-0.00029517	 0.00035728	
20	17	 1.8550e-12	 1.1786e-12	     207.02	    0.15490	-9.7531e+92	-9.7531e+92	 0.00021508	 2.5760e-06	     0.0000	 -0.0014984	-0.00029065	  0.0084422	
20	18	   0.096138	   0.061084	     90.275	     1.8027	-9.7531e+92	-9.7531e+92	   0.030515	  0.0028007	     0.0000	 0.00080078	   -0.40052	  -0.012846	
20	19	   0.011989	  0.0076178	     28.400	     2.9806	-9.7531e+92	-9.7531e+92	   0.010928	 0.00038481	     0.0000	 -0.0061354	  -0.042613	    0.11220	
20	20	     0.0000	     0.0000	     0.0000	     3.0000	-9.7531e+92	-9.7531e+92	    0.31803	     0.0000	    0.31622	     0.0000	     0.0000	     0.0000	
20	21	 6.0878e-06	 3.8681e-06	     169.84	    0.32188	-9.7531e+92	-9.7531e+92	  0.0055973	 2.6967e-06	     0.0000	 -0.0062862	-0.00031038	    0.10430	
20	22	 9.1906e-06	 5.8395e-06	     116.48	     1.0560	-9.7531e+92	-9.7531e+92	 6.5509e-05	 2.6578e-06	     0.0000	-0.00019436	-0.00027880	  0.0016492	
20	23	  0.0033258	  0.0021131	     93.058	     1.7144	-9.7531e+92	-9.7531e+92	  0.0047513	 0.00012583	     0.0000	-1.0235e-05	  -0.014681	   0.046017	
20	24	 1.1310e-05	 7.1862e-06	     121.85	    0.93617	-9.7531e+92	-9.7531e+92	 5.6587e-05	 2.9622e-06	     0.0000	-1.3517e-05	-0.00033917	 0.00083964	
21	0	    0.45062	    0.88951	     39.458	     2.9290	-9.7531e+92	-9.7531e+92	    0.25127	    0.20689	    0.12010	   0.083450	     3.2083	   -0.13623	
21	1	   0.081509	    0.16090	     57.297	     2.7081	-9.7531e+92	-9.7531e+92	    0.13633	   0.039238	     0.0000	-0.00061019	    0.66991	  0.0075473	
21	2	 0.00040735	 0.00080411	     197.19	    0.18609	-9.7531e+92	-9.7531e+92	   0.024323	 0.00033597	     0.0000	  -0.014998	  0.0048955	   0.036511	
21	3	 6.8383e-06	 1.3499e-05	     259.71	   0.064522	-9.7531e+92	-9.7531e+92	  0.0033127	 5.2602e-05	     0.0000	 -0.0061065	 0.00076468	   0.011725	
21	4	 5.5796e-07	 1.1014e-06	     253.96	   0.070430	-9.7531e+92	-9.7531e+92	  0.0050851	 4.8106e-05	     0.0000	  -0.011551	 0.00068461	   0.016479	
21	5	  0.0010877	  0.0021470	     132.91	    0.72808	-9.7531e+92	-9.7531e+92	  0.0050361	 0.00081013	     0.0000	-0.00063123	   0.011755	  0.0082475	
21	6	   0.023707	   0.046797	     78.899	     2.1621	-9.7531e+92	-9.7531e+92	   0.038058	   0.016347	     0.0000	  -0.011697	    0.24270	   0.013878	
21	7	   0.087246	    0.17222	     44.967	     2.8822	-9.7531e+92	-9.7531e+92	   0.071368	   0.050913	     0.0000	     0.0000	     1.0108	     0.0000	
21	8	 9.8032e-05	 0.00019351	     132.38	    0.73687	-9.7531e+92	-9.7531e+92	 0.00041180	 0.00011727	     0.0000	-1.1289e-05	  0.0016728	 0.00049530	
21	9	   0.032539	   0.064232	     83.320	     2.0244	-9.7531e+92	-9.7531e+92	   0.042247	   0.020336	     0.0000	 -0.0018919	    0.33723	  0.0041587	
21	10	 3.5129e-10	 6.9343e-10	     171.26	    0.31241	-9.7531e+92	-9.7531e+92	 7.2694e-05	 4.7910e-05	     0.0000	-9.1966e-06	 0.00066912	 1.8887e-05	
21	11	 2.5240e-05	 4.9823e-05	     128.65	    0.80225	-9.7531e+92	-9.7531e+92	 8.8497e-05	 6.6314e-05	     0.0000	-1.6169e-06	 0.00092807	 4.2227e-06	
21	12	 4.4271e-12	 8.7391e-12	     187.39	    0.22505	-9.7531e+92	-9.7531e+92	 7.7907e-05	 4.9383e-05	     0.0000	-1.8578e-05	 0.00066093	 3.3326e-05	
21	13	    0.14226	    0.28082	     76.619	     2.2311	-9.7531e+92	-9.7531e+92	    0.16051	   0.067115	     0.0000	 -0.0010809	    0.97431	   0.012492	
21	14	   0.092291	    0.18218	     101.18	     1.4647	-9.7531e+92	-9.7531e+92	   0.093717	   0.055936	     0.0000	 -0.0011260	    0.93556	   0.012311	
21	15	 4.1357e-05	 8.1638e-05	     175.65	    0.28523	-9.7531e+92	-9.7531e+92	   0.019891	 7.3996e-05	     0.0000	 -0.0072936	  0.0010926	   0.033704	
21	16	 5.5564e-13	 1.0968e-12	     180.81	    0.25669	-9.7531e+92	-9.7531e+92	 7.9106e-05	 4.9140e-05	     0.0000	-1.6688e-05	 0.00065983	 6.2378e-05	
21	17	 5.5905e-13	 1.1036e-12	     326.31	   0.026229	-9.7531e+92	-9.7531e+92	 0.00027604	 5.0939e-05	     0.0000	 -0.0018785	 0.00064535	  0.0014504	
21	18	   0.084280	    0.16637	     79.511	     2.1434	-9.7531e+92	-9.7531e+92	   0.077873	   0.057317	     0.0000	 -0.0032958	    0.87063	  0.0041314	
21	19	 2.7873e-08	 5.5021e-08	     197.71	    0.18427	-9.7531e+92	-9.7531e+92	   0.022619	 4.7677e-05	     0.0000	  -0.015889	 0.00066461	   0.030623	
21	20	 2.9316e-06	 5.7869e-06	     169.84	    0.32188	-9.7531e+92	-9.7531e+92	 0.00065518	 4.9158e-05	     0.0000	-0.00036956	 0.00070349	  0.0015840	
21	21	     0.0000	     0.0000	     0.0000	     3.0000	-9.7531e+92	-9.7531e+92	     1.0097	     0.0000	    0.94676	     0.0000	     0.0000	     0.0000	
21	22	 1.0158e-13	 2.0051e-13	     284.69	   0.044983	-9.7531e+92	-9.7531e+92	 0.00011397	 5.1243e-05	     0.0000	-0.00031063	 0.00064898	 0.00033880	
21	23	  0.0025273	  0.0049887	     78.648	     2.1698	-9.7531e+92	-9.7531e+92	  0.0095901	  0.0017318	     0.0000	-1.3468e-05	   0.027015	  0.0083269	
21	24	  0.0013521	  0.0026691	     85.071	     1.9688	-9.7531e+92	-9.7531e+92	  0.0010389	 0.00093312	 0.00038924	 7.2802e-05	   0.015783	-0.00062345	
22	0	  0.0014913	 0.00080324	     321.47	   0.027830	-9.7531e+92	-9.7531e+92	  0.0047044	 2.0692e-05	     0.0000	 -0.0066799	-0.00096345	   0.035876	
22	1	   0.010173	  0.0054791	     312.59	   0.031097	-9.7531e+92	-9.7531e+92	  0.0098581	 0.00013224	     0.0000	 -0.0012033	 -0.0061484	   0.050290	
22	2	    0.13848	   0.074588	     161.29	    0.38622	-9.7531e+92	-9.7531e+92	   0.034220	  0.0017695	     0.0000	  0.0068062	   -0.11101	  -0.047914	
22	3	    0.14598	   0.078626	     164.94	    0.35711	-9.7531e+92	-9.7531e+92	   0.029556	  0.0017144	   0.017451	   0.010054	   -0.11684	  -0.085327	
22	4	    0.39556	    0.21305	     82.638	     2.0459	-9.7531e+92	-9.7531e+92	   0.062576	  0.0027542	   0.046167	   0.013092	   -0.28397	   -0.22685	
22	5	  0.0096836	  0.0052157	     151.89	    0.47454	-9.7531e+92	-9.7531e+92	  0.0044251	 0.00013805	     0.0000	-0.00012439	 -0.0081309	  0.0044289	
22	6	 0.00029232	 0.00015744	     216.08	    0.13159	-9.7531e+92	-9.7531e+92	  0.0040136	 4.9238e-06	     0.0000	  -0.010623	-0.00029426	   0.034671	
22	7	 4.4467e-06	 2.3950e-06	     241.36	   0.085874	-9.7531e+92	-9.7531e+92	  0.0027904	 9.8935e-07	     0.0000	 -0.0012359	-5.8828e-05	   0.030205	
22	8	 3.6697e-05	 1.9765e-05	     168.70	    0.32968	-9.7531e+92	-9.7531e+92	 0.00021441	 1.4775e-06	     0.0000	-5.7170e-06	-8.7398e-05	 0.00067903	
22	9	 7.1643e-07	 3.8587e-07	     266.14	   0.058633	-9.7531e+92	-9.7531e+92	  0.0025858	 9.2294e-07	     0.0000	 -0.0047044	-5.5221e-05	   0.028470	
22	10	 2.1102e-12	 1.1366e-12	     176.66	    0.27933	-9.7531e+92	-9.7531e+92	 2.4497e-05	 9.5573e-07	     0.0000	-4.3501e-06	-5.6781e-05	 2.4101e-05	
22	11	 2.0561e-12	 1.1074e-12	     200.45	    0.17499	-9.7531e+92	-9.7531e+92	 2.1500e-05	 9.5342e-07	     0.0000	-3.3891e-06	-5.6616e-05	 2.3903e-05	
22	12	 0.00010400	 5.6013e-05	     131.16	    0.75767	-9.7531e+92	-9.7531e+92	 4.5014e-05	 2.4440e-06	     0.0000	 6.9999e-06	-0.00014465	-3.3876e-05	
22	13	   0.057042	   0.030723	     260.15	   0.064098	-9.7531e+92	-9.7531e+92	   0.026666	 0.00069443	     0.0000	 -0.0017491	  -0.036000	   0.066479	
22	14	   0.030047	   0.016184	     227.39	    0.10817	-9.7531e+92	-9.7531e+92	   0.018658	 0.00038613	     0.0000	 -0.0017761	  -0.022166	   0.056939	
22	15	   0.018391	  0.0099053	     163.21	    0.37056	-9.7531e+92	-9.7531e+92	   0.017682	 0.00023626	     0.0000	 -0.0021993	  -0.015086	   0.030452	
22	16	 0.00020157	 0.00010857	     106.73	     1.3057	-9.7531e+92	-9.7531e+92	 0.00011175	 3.7478e-06	 1.7754e-05	 6.8324e-06	-0.00022573	-6.8834e-05	
22	17	   0.012377	  0.0066664	     106.10	     1.3231	-9.7531e+92	-9.7531e+92	  0.0042611	 0.00011941	  0.0028677	 0.00067368	 -0.0020695	-0.00092056	
22	18	  0.0050201	  0.0027039	     205.13	    0.16037	-9.7531e+92	-9.7531e+92	   0.014477	 6.7100e-05	     0.0000	  -0.017314	 -0.0040714	   0.060470	
22	19	    0.13947	   0.075121	     93.933	     1.6868	-9.7531e+92	-9.7531e+92	   0.023154	  0.0018092	     0.0000	  0.0085341	   -0.11293	  -0.062609	
22	20	   0.035635	   0.019193	     116.48	     1.0560	-9.7531e+92	-9.7531e+92	  0.0054091	 0.00050627	  0.0038805	  0.0020712	  -0.030128	  -0.024018	
22	21	 1.2455e-11	 6.7082e-12	     284.69	   0.044983	-9.7531e+92	-9.7531e+92	  0.0018941	 9.2921e-07	     0.0000	 -0.0036997	-5.5110e-05	   0.022770	
22	22	     0.0000	     0.0000	     0.0000	     3.0000	-9.7531e+92	-9.7531e+92	    0.26989	     0.0000	    0.26954	     0.0000	     0.0000	     0.0000	
22	23	 4.1247e-08	 2.2216e-08	     209.07	    0.14920	-9.7531e+92	-9.7531e+92	  0.0012843	 9.3634e-07	     0.0000	-7.4715e-06	-5.6412e-05	   0.012511	
22	24	 1.1357e-12	 6.1167e-13	     237.89	   0.090842	-9.7531e+92	-9.7531e+92	 2.8640e-05	 9.5334e-07	     0.0000	-8.3111e-06	-5.6616e-05	 0.00019241	
23	0	   0.084808	   0.063898	     119.13	    0.99543	-9.7531e+92	-9.7531e+92	   0.029522	   0.025122	     0.0000	   0.015129	    0.49216	   0.037725	
23	1	    0.13762	    0.10369	     132.72	    0.73117	-9.7531e+92	-9.7531e+92	   0.046837	   0.032911	     0.0000	     0.0000	    0.66306	   0.069549	
23	2	 0.00017134	 0.00012910	     168.40	    0.33177	-9.7531e+92	-9.7531e+92	   0.015303	 8.7137e-05	     0.0000	  -0.057230	  0.0013310	   -0.13699	
23	3	 1.9750e-06	 1.4881e-06	     228.38	    0.10637	-9.7531e+92	-9.7531e+92	  0.0019058	 2.5213e-05	     0.0000	  -0.023228	 0.00038620	  -0.044369	
23	4	 6.2716e-06	 4.7253e-06	     212.30	    0.14074	-9.7531e+92	-9.7531e+92	  0.0029014	 2.6645e-05	     0.0000	  -0.043922	 0.00040348	  -0.059900	
23	5	   0.010882	  0.0081993	     65.633	     2.5304	-9.7531e+92	-9.7531e+92	  0.0044827	  0.0039708	     0.0000	-0.00080481	   0.060555	 -0.0096743	
23	6	   0.012490	  0.0094102	     73.330	     2.3271	-9.7531e+92	-9.7531e+92	   0.012525	  0.0046298	     0.0000	  -0.064093	   0.068927	  -0.072070	
23	7	   0.025990	   0.019582	     58.677	     2.6821	-9.7531e+92	-9.7531e+92	   0.014160	  0.0090718	     0.0000	 -0.0038278	    0.14646	  -0.031954	
23	8	  0.0022141	  0.0016682	     54.810	     2.7517	-9.7531e+92	-9.7531e+92	 0.00059556	 0.00081029	     0.0000	 6.1638e-05	   0.013899	  0.0024362	
23	9	  0.0019509	  0.0014699	     121.73	    0.93874	-9.7531e+92	-9.7531e+92	  0.0099408	 0.00056831	     0.0000	     0.0000	   0.011526	  -0.075169	
23	10	 2.0192e-05	 1.5214e-05	     95.614	     1.6342	-9.7531e+92	-9.7531e+92	 3.3741e-05	 3.1538e-05	     0.0000	-1.3444e-05	 0.00048909	-2.4589e-05	
23	11	 0.00093947	 0.00070784	     53.605	     2.7712	-9.7531e+92	-9.7531e+92	 0.00020676	 0.00037019	 0.00013202	 0.00075811	  0.0056538	  0.0017696	
23	12	 7.4175e-06	 5.5887e-06	     109.85	     1.2215	-9.7531e+92	-9.7531e+92	 3.3252e-05	 2.8291e-05	     0.0000	-6.1599e-05	 0.00040548	-9.8435e-05	
23	13	    0.41986	    0.31634	     113.01	     1.1402	-9.7531e+92	-9.7531e+92	    0.10898	   0.071965	     0.0000	     0.0000	    0.23622	     0.0000	
23	14	    0.14462	    0.10896	     114.84	     1.0952	-9.7531e+92	-9.7531e+92	   0.046385	   0.047901	     0.0000	  0.0041221	    0.84359	   0.051510	
23	15	 0.00024152	 0.00018197	     149.47	    0.50076	-9.7531e+92	-9.7531e+92	   0.011151	 0.00010821	     0.0000	  -0.027646	  0.0016939	   -0.11892	
23	16	 2.3135e-08	 1.7431e-08	     136.77	    0.66684	-9.7531e+92	-9.7531e+92	 3.2750e-05	 2.4713e-05	     0.0000	-6.3452e-05	 0.00036599	-0.00021061	
23	17	 9.0419e-13	 6.8126e-13	     284.58	   0.045056	-9.7531e+92	-9.7531e+92	 0.00014500	 2.6250e-05	     0.0000	 -0.0071441	 0.00035292	 -0.0049258	
23	18	    0.14313	    0.10784	     36.898	     2.9454	-9.7531e+92	-9.7531e+92	   0.042861	   0.051176	     0.0000	   0.081519	    0.80109	    0.10072	
23	19	 0.00013148	 9.9061e-05	     121.29	    0.94810	-9.7531e+92	-9.7531e+92	   0.012473	 7.1279e-05	     0.0000	  -0.060276	  0.0010887	   -0.10466	
23	20	 0.00019354	 0.00014582	     93.058	     1.7144	-9.7531e+92	-9.7531e+92	 0.00038824	 9.0378e-05	     0.0000	 -0.0013088	  0.0014785	 -0.0050429	
23	21	   0.013616	   0.010259	     78.648	     2.1698	-9.7531e+92	-9.7531e+92	   0.010323	  0.0047578	     0.0000	  -0.017046	   0.075860	  -0.035874	
23	22	 2.1474e-12	 1.6180e-12	     209.07	    0.14920	-9.7531e+92	-9.7531e+92	 5.2361e-05	 2.6305e-05	     0.0000	 -0.0011813	 0.00035557	 -0.0011548	
23	23	     0.0000	     0.0000	     0.0000	     3.0000	-9.7531e+92	-9.7531e+92	    0.38184	     0.0000	    0.36889	     0.0000	     0.0000	     0.0000	
23	24	  0.0011065	 0.00083365	     40.708	     2.9198	-9.7531e+92	-9.7531e+92	 0.00028863	 0.00041748	 4.0672e-05	 0.00021442	  0.0065345	  0.0016467	
24	0	    0.25948	    0.14523	     123.34	    0.90511	-9.7531e+92	-9.7531e+92	   0.046429	  0.0013537	  0.0092387	  0.0026983	  -0.063581	  -0.041770	
24	1	    0.20193	    0.11302	     142.19	    0.58963	-9.7531e+92	-9.7531e+92	   0.048481	  0.0016767	     0.0000	 0.00050815	  -0.024649	  -0.013972	
24	2	 4.5221e-05	 2.5309e-05	     210.29	    0.14595	-9.7531e+92	-9.7531e+92	  0.0076374	 1.1228e-06	     0.0000	 -0.0028862	-1.9717e-05	   0.013445	
24	3	 1.5907e-08	 8.9026e-09	     270.69	   0.054855	-9.7531e+92	-9.7531e+92	 0.00099408	 6.7145e-07	     0.0000	 -0.0011694	-1.1609e-05	  0.0043092	
24	4	 5.5321e-08	 3.0961e-08	     253.16	   0.071301	-9.7531e+92	-9.7531e+92	  0.0017163	 6.7013e-07	     0.0000	 -0.0022115	-1.2136e-05	  0.0059952	
24	5	  0.0023459	  0.0013129	     106.34	     1.3165	-9.7531e+92	-9.7531e+92	  0.0019244	 2.4405e-05	     0.0000	-0.00011052	-0.00045060	  0.0027191	
24	6	   0.075105	   0.042034	     108.13	     1.2674	-9.7531e+92	-9.7531e+92	   0.017520	 0.00073546	     0.0000	  0.0022833	  -0.013721	 -0.0051371	
24	7	   0.019768	   0.011064	     84.614	     1.9834	-9.7531e+92	-9.7531e+92	   0.010291	 0.00018786	     0.0000	-0.00024802	 -0.0035292	  0.0044915	
24	8	  0.0011888	 0.00066536	     77.960	     2.1908	-9.7531e+92	-9.7531e+92	 0.00028953	 1.2596e-05	     0.0000	 5.3527e-07	-0.00022012	-4.5299e-05	
24	9	  0.0020940	  0.0011719	     149.07	    0.50520	-9.7531e+92	-9.7531e+92	  0.0073795	 2.0699e-05	     0.0000	 -0.0018049	-0.00039270	  0.0075283	
24	10	 6.5657e-05	 3.6747e-05	     102.71	     1.4197	-9.7531e+92	-9.7531e+92	 3.0811e-05	 1.3268e-06	     0.0000	 1.6275e-06	-1.3631e-05	-4.3759e-06	
24	11	 0.00074896	 0.00041917	     56.094	     2.7297	-9.7531e+92	-9.7531e+92	 0.00012653	 7.7238e-06	 7.1008e-05	 2.2860e-05	 8.6979e-06	-1.3690e-05	
24	12	 2.4335e-07	 1.3620e-07	     132.31	    0.73810	-9.7531e+92	-9.7531e+92	 2.3312e-05	 6.9393e-07	     0.0000	-3.4601e-06	-1.2628e-05	 1.1873e-05	
24	13	    0.19040	    0.10656	     142.21	    0.58941	-9.7531e+92	-9.7531e+92	   0.052945	  0.0015706	     0.0000	 7.5506e-05	  -0.024008	 -0.0019127	
24	14	   0.045615	   0.025530	     150.00	    0.49487	-9.7531e+92	-9.7531e+92	   0.023087	 0.00041357	     0.0000	-0.00059296	 -0.0069950	   0.012906	
24	15	 2.2220e-06	 1.2436e-06	     189.75	    0.21485	-9.7531e+92	-9.7531e+92	  0.0055835	 6.7203e-07	     0.0000	 -0.0013972	-1.2838e-05	   0.012191	
24	16	 1.1873e-11	 6.6452e-12	     177.80	    0.27291	-9.7531e+92	-9.7531e+92	 2.2733e-05	 7.0020e-07	     0.0000	-3.1948e-06	-1.3097e-05	 2.2301e-05	
24	17	 6.4298e-12	 3.5986e-12	     325.25	   0.026569	-9.7531e+92	-9.7531e+92	 8.9561e-05	 7.0488e-07	     0.0000	-0.00035963	-1.3089e-05	 0.00051920	
24	18	    0.13944	   0.078044	     74.739	     2.2865	-9.7531e+92	-9.7531e+92	   0.029576	  0.0013628	     0.0000	  0.0038072	  -0.024501	 -0.0091379	
24	19	 2.0020e-05	 1.1205e-05	     150.08	    0.49393	-9.7531e+92	-9.7531e+92	  0.0085861	 8.8374e-07	     0.0000	 -0.0030404	-1.6745e-05	   0.010980	
24	20	 8.0359e-05	 4.4975e-05	     121.85	    0.93617	-9.7531e+92	-9.7531e+92	 0.00025107	 1.5084e-06	     0.0000	-6.8749e-05	-2.8267e-05	 0.00055205	
24	21	   0.056875	   0.031831	     85.071	     1.9688	-9.7531e+92	-9.7531e+92	   0.013403	 0.00048552	     0.0000	 0.00031455	 -0.0096073	 -0.0048034	
24	22	 4.2419e-12	 2.3741e-12	     237.89	   0.090842	-9.7531e+92	-9.7531e+92	 3.4948e-05	 7.1216e-07	     0.0000	-5.9467e-05	-1.3034e-05	 0.00012138	
24	23	  0.0047877	  0.0026796	     40.708	     2.9198	-9.7531e+92	-9.7531e+92	  0.0032831	 4.7286e-05	     0.0000	-1.3144e-06	-0.00083621	  0.0024825	
24	24	     0.0000	     0.0000	     0.0000	     3.0000	-9.7531e+92	-9.7531e+92	    0.27991	     0.0000	    0.27973	     0.0000	     0.0000	     0.0000	
