#source	Target	value	weight	distance	potential1	geneCorrelation	separation	influenceWeight	betweenness	influence'Weight	betweenness'	nbetweenness	nbetweenness'	
0	0	     0.0000	     0.0000	     0.0000	     3.0000	-9.7531e+92	-9.7531e+92	     2.5909	     0.0000	     2.2246	     0.0000	     0.0000	     0.0000	
0	1	   0.046959	    0.23379	     35.562	     2.9528	-9.7531e+92	-9.7531e+92	    0.10334	   0.021687	     0.0000	-0.00044021	   0.012174	 0.00042616	
0	2	 0.00024972	  0.0012432	     211.35	    0.14318	-9.7531e+92	-9.7531e+92	   0.031110	 0.00019984	     0.0000	  -0.018177	 0.00073167	  0.0064354	
0	3	 3.2658e-06	 1.6259e-05	     273.88	   0.052386	-9.7531e+92	-9.7531e+92	   0.012251	 4.3747e-05	     0.0000	 -0.0047440	 0.00016956	  0.0037682	
0	4	 3.8831e-07	 1.9332e-06	     281.58	   0.046977	-9.7531e+92	-9.7531e+92	   0.061426	 4.0915e-05	     0.0000	  -0.024667	 0.00015137	   0.010083	
0	5	 0.00023720	  0.0011809	     169.69	    0.32292	-9.7531e+92	-9.7531e+92	   0.042978	 0.00018848	     0.0000	 -0.0037252	 0.00042166	  0.0047911	
0	6	 0.00089374	  0.0044495	     105.31	     1.3454	-9.7531e+92	-9.7531e+92	   0.011462	 0.00054676	     0.0000	-0.00018772	  0.0016554	  0.0015414	
0	7	   0.012001	   0.059748	     80.265	     2.1201	-9.7531e+92	-9.7531e+92	   0.085010	  0.0054476	     0.0000	-0.00067980	   0.020397	  0.0074198	
0	8	 5.8114e-06	 2.8932e-05	     172.11	    0.30693	-9.7531e+92	-9.7531e+92	   0.024054	 4.4731e-05	     0.0000	 -0.0012353	 0.00011415	  0.0027505	
0	9	  0.0011982	  0.0059653	     86.890	     1.9108	-9.7531e+92	-9.7531e+92	  0.0089856	 0.00069438	     0.0000	-0.00041695	  0.0025656	  0.0016883	
0	10	 7.9976e-13	 3.9816e-12	     210.64	    0.14503	-9.7531e+92	-9.7531e+92	 0.00064305	 4.4712e-05	     0.0000	-0.00011996	 6.7270e-05	 9.5725e-05	
0	11	 8.1773e-08	 4.0711e-07	     167.10	    0.34103	-9.7531e+92	-9.7531e+92	 0.00088857	 4.2650e-05	     0.0000	-3.7825e-05	 9.0445e-05	 0.00010247	
0	12	 5.6840e-13	 2.8298e-12	     226.76	    0.10933	-9.7531e+92	-9.7531e+92	  0.0015275	 4.5130e-05	     0.0000	-0.00018931	 6.2790e-05	 0.00019845	
0	13	   0.042081	    0.20950	     86.013	     1.9388	-9.7531e+92	-9.7531e+92	    0.12463	   0.021031	     0.0000	-0.00088553	   0.041314	  0.0034758	
0	14	   0.025529	    0.12709	     114.85	     1.0949	-9.7531e+92	-9.7531e+92	    0.14976	   0.012729	     0.0000	  -0.014044	   0.021491	   0.010486	
0	15	 1.6434e-05	 8.1815e-05	     189.51	    0.21584	-9.7531e+92	-9.7531e+92	  0.0081066	 5.3113e-05	     0.0000	 -0.0016760	 0.00010866	  0.0033510	
0	16	 3.3251e-13	 1.6554e-12	     217.18	    0.12904	-9.7531e+92	-9.7531e+92	 0.00055748	 4.6005e-05	     0.0000	-0.00024699	 4.7046e-05	 0.00016649	
0	17	 6.2968e-15	 3.1348e-14	     353.56	   0.019078	-9.7531e+92	-9.7531e+92	  0.0012646	 4.6660e-05	     0.0000	 -0.0012604	 4.7555e-05	 0.00051313	
0	18	    0.86208	     4.2918	     116.29	     1.0606	-9.7531e+92	-9.7531e+92	     1.2191	    0.43876	    0.36181	    0.11524	    0.95365	  -0.094986	
0	19	 6.4607e-13	 3.2164e-12	     234.49	   0.096052	-9.7531e+92	-9.7531e+92	  0.0090381	 4.4613e-05	     0.0000	-0.00050376	 6.7725e-05	  0.0012614	
0	20	 1.2367e-07	 6.1568e-07	     206.61	    0.15606	-9.7531e+92	-9.7531e+92	    0.41614	 4.1335e-05	     0.0000	  -0.012062	 7.6236e-05	   0.022708	
0	21	  0.0084861	   0.042248	     39.458	     2.9290	-9.7531e+92	-9.7531e+92	   0.071007	  0.0041045	     0.0000	-0.00099765	   0.019309	  0.0037551	
0	22	 1.0851e-13	 5.4024e-13	     321.47	   0.027830	-9.7531e+92	-9.7531e+92	  0.0019448	 4.6492e-05	     0.0000	 -0.0017136	 5.6197e-05	 0.00077679	
0	23	 0.00020447	  0.0010179	     119.13	    0.99543	-9.7531e+92	-9.7531e+92	  0.0014517	 0.00016252	     0.0000	-5.2897e-07	 0.00050223	 0.00012880	
0	24	 5.8379e-05	 0.00029064	     123.34	    0.90511	-9.7531e+92	-9.7531e+92	 0.00042705	 7.2969e-05	     0.0000	-3.1616e-07	 0.00027751	 3.4313e-05	
1	0	   0.051193	    0.22721	     35.562	     2.9528	-9.7531e+92	-9.7531e+92	    0.21864	   0.020097	     0.0000	 -0.0060218	   0.033442	  0.0047198	
1	1	     0.0000	     0.0000	     0.0000	     3.0000	-9.7531e+92	-9.7531e+92	     2.3428	     0.0000	     2.1185	     0.0000	     0.0000	     0.0000	
1	2	 0.00090918	  0.0040352	     184.62	    0.23778	-9.7531e+92	-9.7531e+92	   0.017651	 0.00042775	     0.0000	  -0.027850	  0.0010840	   0.011774	
1	3	 7.1603e-05	 0.00031779	     244.14	   0.082134	-9.7531e+92	-9.7531e+92	  0.0045307	 5.9531e-05	     0.0000	 -0.0073602	 0.00015640	  0.0070719	
1	4	 9.7871e-07	 4.3437e-06	     272.02	   0.053810	-9.7531e+92	-9.7531e+92	   0.017025	 2.8847e-05	     0.0000	  -0.038362	 7.4423e-05	   0.018719	
1	5	 0.00024311	  0.0010790	     161.91	    0.38106	-9.7531e+92	-9.7531e+92	   0.021189	 0.00013369	     0.0000	 -0.0057923	 0.00016423	  0.0086478	
1	6	  0.0053784	   0.023871	     96.519	     1.6061	-9.7531e+92	-9.7531e+92	   0.024402	  0.0020496	     0.0000	     0.0000	  0.0061135	 0.00075076	
1	7	    0.74580	     3.3100	     75.481	     2.2648	-9.7531e+92	-9.7531e+92	    0.90203	    0.24680	    0.60458	   0.012452	    0.56679	   -0.17462	
1	8	 3.0712e-07	 1.3631e-06	     184.58	    0.23797	-9.7531e+92	-9.7531e+92	  0.0055750	 3.0800e-05	     0.0000	 -0.0019219	 2.3074e-05	  0.0049313	
1	9	  0.0052550	   0.023323	     55.376	     2.7421	-9.7531e+92	-9.7531e+92	   0.023839	  0.0020861	     0.0000	-0.00035388	  0.0056964	  0.0016543	
1	10	 5.4494e-13	 2.4186e-12	     228.04	    0.10699	-9.7531e+92	-9.7531e+92	 0.00025503	 3.2034e-05	     0.0000	-0.00018657	 8.4435e-06	 0.00017090	
1	11	 1.1147e-12	 4.9471e-12	     185.20	    0.23505	-9.7531e+92	-9.7531e+92	 0.00031886	 3.0593e-05	     0.0000	-5.8836e-05	 2.6978e-05	 0.00018306	
1	12	 1.0259e-12	 4.5532e-12	     231.78	    0.10046	-9.7531e+92	-9.7531e+92	 0.00043281	 3.2188e-05	     0.0000	-0.00029442	 6.9962e-06	 0.00035432	
1	13	   0.077932	    0.34588	     57.043	     2.7128	-9.7531e+92	-9.7531e+92	    0.22865	   0.027003	     0.0000	 8.2352e-05	 -0.0074980	-0.00040858	
1	14	   0.044977	    0.19962	     88.839	     1.8485	-9.7531e+92	-9.7531e+92	    0.17738	   0.015460	     0.0000	  -0.021514	  -0.010604	   0.015648	
1	15	 5.8860e-05	 0.00026124	     167.83	    0.33581	-9.7531e+92	-9.7531e+92	  0.0044533	 5.5821e-05	     0.0000	 -0.0026005	 5.8914e-05	  0.0060247	
1	16	 7.6089e-14	 3.3770e-13	     207.46	    0.15366	-9.7531e+92	-9.7531e+92	 0.00025713	 3.2020e-05	     0.0000	-0.00038412	 3.0431e-06	 0.00029686	
1	17	 2.6340e-13	 1.1690e-12	     342.57	   0.021626	-9.7531e+92	-9.7531e+92	 0.00045634	 3.2478e-05	     0.0000	 -0.0019601	 2.1566e-06	 0.00091681	
1	18	   0.037004	    0.16423	     111.77	     1.1715	-9.7531e+92	-9.7531e+92	    0.24506	   0.014611	     0.0000	  -0.035193	   0.031353	   0.034898	
1	19	 4.9573e-13	 2.2002e-12	     226.57	    0.10968	-9.7531e+92	-9.7531e+92	  0.0020079	 3.1483e-05	     0.0000	-0.00078346	 1.4558e-05	  0.0022577	
1	20	 1.5189e-07	 6.7410e-07	     199.20	    0.17914	-9.7531e+92	-9.7531e+92	   0.083996	 2.9422e-05	     0.0000	  -0.018760	 1.9016e-05	   0.040750	
1	21	   0.031100	    0.13803	     57.297	     2.7081	-9.7531e+92	-9.7531e+92	    0.11439	   0.011159	     0.0000	 -0.0015926	   0.035583	   0.011980	
1	22	 2.8795e-13	 1.2780e-12	     312.59	   0.031097	-9.7531e+92	-9.7531e+92	 0.00063872	 3.2435e-05	     0.0000	 -0.0026650	 7.6545e-06	  0.0013910	
1	23	 6.4763e-05	 0.00028743	     132.72	    0.73117	-9.7531e+92	-9.7531e+92	  0.0013638	 5.7989e-05	     0.0000	-9.9785e-07	 8.3530e-05	 0.00027934	
1	24	 1.4591e-05	 6.4757e-05	     142.19	    0.58963	-9.7531e+92	-9.7531e+92	 0.00049505	 3.4736e-05	     0.0000	-6.1553e-07	 8.9961e-05	 7.6759e-05	
2	0	 0.00032585	  0.0010087	     211.35	    0.14318	-9.7531e+92	-9.7531e+92	   0.021386	 0.00020609	     0.0000	   -0.14273	-5.7844e-05	  0.0094981	
2	1	  0.0024794	  0.0076750	     184.62	    0.23778	-9.7531e+92	-9.7531e+92	   0.018189	  0.0013588	     0.0000	   -0.17546	-0.00068140	   0.010908	
2	2	     0.0000	     0.0000	     0.0000	     3.0000	-9.7531e+92	-9.7531e+92	     1.6628	     0.0000	     1.5247	     0.0000	     0.0000	     0.0000	
2	3	    0.11501	    0.35602	     63.167	     2.5880	-9.7531e+92	-9.7531e+92	    0.18451	   0.037848	   0.096643	   0.056316	   -0.44114	   -0.13795	
2	4	    0.70832	     2.1926	     91.235	     1.7721	-9.7531e+92	-9.7531e+92	    0.61814	    0.19971	    0.40355	    0.57723	    -2.6475	    -1.2017	
2	5	  0.0036494	   0.011297	     120.45	    0.96633	-9.7531e+92	-9.7531e+92	   0.013534	  0.0020410	     0.0000	  -0.036632	 -0.0071432	   0.018367	
2	6	  0.0016875	  0.0052236	     118.53	     1.0087	-9.7531e+92	-9.7531e+92	  0.0050164	 0.00097773	     0.0000	 -0.0019163	 -0.0036110	  0.0062978	
2	7	 0.00070400	  0.0021792	     153.12	    0.46179	-9.7531e+92	-9.7531e+92	   0.019910	 0.00040299	     0.0000	  -0.042945	 -0.0014508	   0.050383	
2	8	 1.0499e-06	 3.2501e-06	     174.51	    0.29198	-9.7531e+92	-9.7531e+92	  0.0022918	 3.7898e-05	     0.0000	  -0.013941	-0.00015318	   0.012916	
2	9	 0.00085330	  0.0026414	     133.64	    0.71608	-9.7531e+92	-9.7531e+92	  0.0056945	 0.00050853	     0.0000	 -0.0048856	 -0.0019872	  0.0081013	
2	10	 9.4741e-13	 2.9327e-12	     213.20	    0.13850	-9.7531e+92	-9.7531e+92	 0.00015832	 3.7951e-05	     0.0000	 -0.0013534	-0.00016265	 0.00046408	
2	11	 2.4675e-13	 7.6382e-13	     197.83	    0.18388	-9.7531e+92	-9.7531e+92	 0.00017346	 3.7831e-05	     0.0000	-0.00042681	-0.00016200	 0.00049500	
2	12	 3.5826e-12	 1.1090e-11	     181.48	    0.25322	-9.7531e+92	-9.7531e+92	 0.00030288	 3.7453e-05	     0.0000	 -0.0021358	-0.00015565	 0.00096176	
2	13	   0.071321	    0.22078	     127.66	    0.82064	-9.7531e+92	-9.7531e+92	   0.095505	   0.033403	     0.0000	 -0.0013549	  -0.092696	 0.00037216	
2	14	   0.060913	    0.18856	     97.273	     1.5829	-9.7531e+92	-9.7531e+92	    0.14473	   0.031520	     0.0000	   -0.15265	  -0.035347	   0.012142	
2	15	   0.021528	   0.066641	     21.827	     2.9932	-9.7531e+92	-9.7531e+92	   0.081725	  0.0092468	   0.024913	 0.00087992	  -0.026497	 -0.0017113	
2	16	 0.00066019	  0.0020436	     68.097	     2.4691	-9.7531e+92	-9.7531e+92	  0.0040301	 0.00029261	  0.0012684	-0.00018456	 0.00079332	-0.00020403	
2	17	 1.2117e-06	 3.7510e-06	     160.64	    0.39167	-9.7531e+92	-9.7531e+92	   0.011291	 2.7957e-05	  0.0030604	 -0.0076037	-2.7903e-05	 0.00042408	
2	18	   0.012399	   0.038383	     137.27	    0.65930	-9.7531e+92	-9.7531e+92	   0.093487	  0.0058695	     0.0000	   -0.30168	  -0.014480	   0.064378	
2	19	 4.2321e-05	 0.00013101	     139.30	    0.62950	-9.7531e+92	-9.7531e+92	  0.0063443	 5.5568e-05	     0.0000	 -0.0056427	-0.00016880	  0.0059491	
2	20	 9.2923e-05	 0.00028764	     139.77	    0.62284	-9.7531e+92	-9.7531e+92	   0.033863	 7.4017e-05	     0.0000	   -0.12655	-0.00026380	    0.10534	
2	21	 9.9811e-07	 3.0897e-06	     197.19	    0.18609	-9.7531e+92	-9.7531e+92	   0.054777	 3.6362e-05	     0.0000	  -0.042019	-0.00014434	   0.074930	
2	22	 8.1924e-06	 2.5360e-05	     161.29	    0.38622	-9.7531e+92	-9.7531e+92	   0.016903	 3.2476e-05	  0.0042969	  -0.011556	-8.8565e-05	  0.0032458	
2	23	 6.2158e-07	 1.9241e-06	     168.40	    0.33177	-9.7531e+92	-9.7531e+92	 0.00028904	 3.7950e-05	     0.0000	-7.8220e-06	-0.00015985	 0.00080852	
2	24	 3.7193e-13	 1.1513e-12	     210.29	    0.14595	-9.7531e+92	-9.7531e+92	 0.00015084	 3.7740e-05	     0.0000	-4.7645e-06	-0.00016147	 0.00022054	
3	0	 0.00019136	 0.00071059	     273.88	   0.052386	-9.7531e+92	-9.7531e+92	   0.044270	 9.4188e-05	     0.0000	   -0.18198	-0.00067066	    0.13919	
3	1	  0.0023690	  0.0087968	     244.14	   0.082134	-9.7531e+92	-9.7531e+92	   0.038287	 0.00090217	     0.0000	   -0.22381	 -0.0066980	   0.098648	
3	2	    0.20546	    0.76295	     63.167	     2.5880	-9.7531e+92	-9.7531e+92	    0.26217	   0.036287	   0.096448	    0.22998	    -1.1019	   -0.55746	
3	3	     0.0000	     0.0000	     0.0000	     3.0000	-9.7531e+92	-9.7531e+92	     1.9231	     0.0000	     1.8177	     0.0000	     0.0000	     0.0000	
3	4	    0.17394	    0.64590	     82.606	     2.0469	-9.7531e+92	-9.7531e+92	    0.27519	   0.028497	   0.017777	    0.12889	    -1.0595	   -0.43942	
3	5	  0.0037894	   0.014071	     167.87	    0.33554	-9.7531e+92	-9.7531e+92	   0.013420	  0.0014813	     0.0000	  -0.046338	  -0.016478	   0.067495	
3	6	  0.0014813	  0.0055006	     180.81	    0.25667	-9.7531e+92	-9.7531e+92	  0.0076680	 0.00059960	     0.0000	 -0.0025054	 -0.0067843	   0.023232	
3	7	 0.00013799	 0.00051240	     215.68	    0.13250	-9.7531e+92	-9.7531e+92	   0.034928	 7.4541e-05	     0.0000	  -0.055121	-0.00085906	    0.19268	
3	8	 5.2237e-12	 1.9397e-11	     221.29	    0.12010	-9.7531e+92	-9.7531e+92	  0.0028226	 2.5712e-05	     0.0000	  -0.017744	-0.00030425	   0.044416	
3	9	 2.5373e-05	 9.4218e-05	     191.41	    0.20802	-9.7531e+92	-9.7531e+92	  0.0077607	 3.5596e-05	     0.0000	 -0.0067728	-0.00041381	   0.030888	
3	10	 1.0222e-12	 3.7957e-12	     258.79	   0.065432	-9.7531e+92	-9.7531e+92	 0.00018374	 2.6004e-05	     0.0000	 -0.0017224	-0.00031482	  0.0015393	
3	11	 2.1203e-12	 7.8732e-12	     244.71	   0.081388	-9.7531e+92	-9.7531e+92	 0.00021240	 2.6081e-05	     0.0000	-0.00054318	-0.00031443	  0.0016488	
3	12	 8.4547e-13	 3.1395e-12	     227.10	    0.10870	-9.7531e+92	-9.7531e+92	 0.00030821	 2.5673e-05	     0.0000	 -0.0027181	-0.00031120	  0.0031913	
3	13	   0.042079	    0.15625	     188.65	    0.21955	-9.7531e+92	-9.7531e+92	    0.10621	   0.015044	     0.0000	  -0.012715	   -0.10942	   0.061559	
3	14	    0.38516	     1.4302	     161.01	    0.38854	-9.7531e+92	-9.7531e+92	    0.45298	    0.14044	   0.031404	     1.0000	    -1.0868	   -0.55726	
3	15	    0.16488	    0.61227	     84.108	     1.9994	-9.7531e+92	-9.7531e+92	    0.18403	   0.049362	    0.11588	   0.069448	   -0.62060	   -0.40097	
3	16	 0.00022594	 0.00083900	     111.94	     1.1671	-9.7531e+92	-9.7531e+92	  0.0019742	 8.3146e-05	     0.0000	 -0.0011495	-0.00063336	 0.00093301	
3	17	  0.0051425	   0.019096	     122.41	    0.92444	-9.7531e+92	-9.7531e+92	  0.0098338	  0.0011935	     0.0000	  0.0058212	 -0.0066481	 -0.0014773	
3	18	   0.014863	   0.055191	     199.21	    0.17912	-9.7531e+92	-9.7531e+92	    0.12304	  0.0049045	     0.0000	   -0.37803	  -0.050857	    0.36576	
3	19	 4.0918e-06	 1.5194e-05	     184.07	    0.24039	-9.7531e+92	-9.7531e+92	  0.0035051	 2.5590e-05	     0.0000	 -0.0071856	-0.00031050	   0.020322	
3	20	 8.0334e-05	 0.00029830	     185.64	    0.23299	-9.7531e+92	-9.7531e+92	   0.043057	 4.7539e-05	     0.0000	   -0.16143	-0.00062481	    0.36679	
3	21	 1.4656e-12	 5.4423e-12	     259.71	   0.064522	-9.7531e+92	-9.7531e+92	    0.16931	 2.4823e-05	     0.0000	  -0.053477	-0.00029505	    0.26765	
3	22	 0.00016292	 0.00060497	     164.94	    0.35711	-9.7531e+92	-9.7531e+92	  0.0079459	 5.7451e-05	     0.0000	 -0.0093639	-0.00061437	  0.0072650	
3	23	 1.3556e-12	 5.0337e-12	     228.38	    0.10637	-9.7531e+92	-9.7531e+92	 0.00049006	 2.6049e-05	     0.0000	-9.9620e-06	-0.00031168	  0.0027207	
3	24	 8.7052e-15	 3.2325e-14	     270.69	   0.054855	-9.7531e+92	-9.7531e+92	 0.00023708	 2.6053e-05	     0.0000	-6.0636e-06	-0.00031332	 0.00073769	
4	0	 0.00031969	 0.00098361	     281.58	   0.046977	-9.7531e+92	-9.7531e+92	   0.025510	 0.00029349	     0.0000	   -0.26493	-0.00063733	  -0.014204	
4	1	 0.00050441	  0.0015520	     272.02	   0.053810	-9.7531e+92	-9.7531e+92	   0.018546	 0.00045994	     0.0000	   -0.33902	-0.00084244	-0.00098237	
4	2	    0.25914	    0.79733	     91.235	     1.7721	-9.7531e+92	-9.7531e+92	    0.27158	   0.065417	    0.13426	   0.087647	    -2.3570	    -1.0034	
4	3	    0.25563	    0.78652	     82.606	     2.0469	-9.7531e+92	-9.7531e+92	    0.25305	    0.13639	    0.16571	    0.48935	    -1.3982	   -0.10034	
4	4	     0.0000	     0.0000	     0.0000	     3.0000	-9.7531e+92	-9.7531e+92	     1.6883	     0.0000	     1.4751	     0.0000	     0.0000	     0.0000	
4	5	   0.015486	   0.047648	     147.08	    0.52816	-9.7531e+92	-9.7531e+92	   0.023470	   0.012919	     0.0000	  -0.033247	  -0.066204	   0.011248	
4	6	 0.00024460	 0.00075257	     179.35	    0.26441	-9.7531e+92	-9.7531e+92	  0.0046871	 0.00026142	     0.0000	 -0.0042364	 -0.0013909	  0.0095953	
4	7	 8.7504e-05	 0.00026923	     209.16	    0.14897	-9.7531e+92	-9.7531e+92	   0.019313	 0.00012146	     0.0000	  -0.080445	-0.00063717	   0.062471	
4	8	 1.6900e-05	 5.1999e-05	     186.41	    0.22946	-9.7531e+92	-9.7531e+92	  0.0038429	 6.9206e-05	     0.0000	  -0.025845	-0.00039248	   0.016996	
4	9	 6.9287e-12	 2.1318e-11	     223.28	    0.11603	-9.7531e+92	-9.7531e+92	  0.0043953	 5.5955e-05	     0.0000	 -0.0099017	-0.00031149	   0.011517	
4	10	 2.5037e-12	 7.7032e-12	     204.61	    0.16194	-9.7531e+92	-9.7531e+92	 0.00020529	 5.6006e-05	     0.0000	 -0.0025118	-0.00032951	 0.00062555	
4	11	 1.1531e-12	 3.5477e-12	     218.09	    0.12699	-9.7531e+92	-9.7531e+92	 0.00021925	 5.6359e-05	     0.0000	-0.00079213	-0.00033291	 0.00066549	
4	12	 9.4067e-07	 2.8942e-06	     165.11	    0.35583	-9.7531e+92	-9.7531e+92	 0.00052202	 5.5461e-05	     0.0000	 -0.0039601	-0.00031571	  0.0012948	
4	13	   0.029602	   0.091079	     217.30	    0.12878	-9.7531e+92	-9.7531e+92	   0.072960	   0.022421	     0.0000	  -0.025381	  -0.044176	  -0.012987	
4	14	   0.057962	    0.17834	     184.55	    0.23808	-9.7531e+92	-9.7531e+92	    0.16136	   0.045753	     0.0000	   -0.29916	  -0.096252	-0.00076439	
4	15	    0.15431	    0.47476	     106.18	     1.3210	-9.7531e+92	-9.7531e+92	    0.15531	    0.10630	   0.098844	    0.14843	   -0.59438	   -0.14134	
4	16	   0.010739	   0.033040	     75.439	     2.2661	-9.7531e+92	-9.7531e+92	  0.0093664	  0.0068950	  0.0066214	   0.034737	  -0.029148	  -0.011131	
4	17	   0.034177	    0.10516	     73.525	     2.3215	-9.7531e+92	-9.7531e+92	   0.030011	   0.017699	   0.021830	    0.15879	  -0.027146	   0.030607	
4	18	    0.10976	    0.33770	     186.18	    0.23049	-9.7531e+92	-9.7531e+92	    0.15307	   0.073220	     0.0000	   -0.21719	   -0.36566	   0.018434	
4	19	   0.015707	   0.048327	     119.82	    0.98008	-9.7531e+92	-9.7531e+92	   0.016311	   0.011576	     0.0000	   0.014861	  -0.057886	  -0.011305	
4	20	  0.0035706	   0.010986	     135.08	    0.69295	-9.7531e+92	-9.7531e+92	   0.057114	  0.0022620	     0.0000	   -0.20748	  -0.011501	    0.11773	
4	21	 1.8092e-12	 5.5665e-12	     253.96	   0.070430	-9.7531e+92	-9.7531e+92	   0.060877	 5.3759e-05	     0.0000	  -0.077986	-0.00030251	   0.096196	
4	22	   0.052743	    0.16228	     82.638	     2.0459	-9.7531e+92	-9.7531e+92	   0.045905	   0.024554	   0.033376	    0.14822	  -0.020814	   0.076526	
4	23	 4.8188e-12	 1.4826e-11	     212.30	    0.14074	-9.7531e+92	-9.7531e+92	 0.00033459	 5.6262e-05	     0.0000	-1.4528e-05	-0.00032948	  0.0010813	
4	24	 2.0288e-12	 6.2422e-12	     253.16	   0.071301	-9.7531e+92	-9.7531e+92	 0.00016005	 5.6163e-05	     0.0000	-8.8427e-06	-0.00033146	 0.00029572	
5	0	  0.0021145	  0.0027420	     169.69	    0.32292	-9.7531e+92	-9.7531e+92	   0.026419	 0.00041969	     0.0000	  -0.033903	  -0.017113	    0.27414	
5	1	   0.013405	   0.017383	     161.91	    0.38106	-9.7531e+92	-9.7531e+92	   0.023014	  0.0028770	     0.0000	  -0.033009	   -0.10421	    0.14523	
5	2	   0.020287	   0.026308	     120.45	    0.96633	-9.7531e+92	-9.7531e+92	   0.014335	  0.0043756	     0.0000	  -0.027390	   -0.16646	   0.099818	
5	3	 0.00063963	 0.00082944	     167.87	    0.33554	-9.7531e+92	-9.7531e+92	  0.0034648	 0.00015961	     0.0000	  -0.012738	 -0.0056004	    0.11124	
5	4	  0.0028080	  0.0036413	     147.08	    0.52816	-9.7531e+92	-9.7531e+92	   0.011569	 0.00058663	     0.0000	  -0.065011	  -0.023815	    0.27303	
5	5	     0.0000	     0.0000	     0.0000	     3.0000	-9.7531e+92	-9.7531e+92	    0.65402	     0.0000	    0.61922	     0.0000	     0.0000	     0.0000	
5	6	   0.010872	   0.014099	     72.218	     2.3585	-9.7531e+92	-9.7531e+92	  0.0061831	  0.0024511	     0.0000	 0.00010123	  -0.095787	 -0.0071809	
5	7	   0.018438	   0.023910	     89.752	     1.8194	-9.7531e+92	-9.7531e+92	   0.024830	  0.0038512	     0.0000	 -0.0076616	   -0.16095	    0.21038	
5	8	   0.029072	   0.037699	     54.235	     2.7611	-9.7531e+92	-9.7531e+92	   0.011892	  0.0056075	     0.0000	 0.00094699	   -0.22884	  -0.057162	
5	9	 6.1739e-06	 8.0060e-06	     134.70	    0.69890	-9.7531e+92	-9.7531e+92	  0.0034080	 1.6973e-05	     0.0000	 -0.0012981	-0.00065521	   0.044697	
5	10	 4.9959e-06	 6.4784e-06	     93.726	     1.6933	-9.7531e+92	-9.7531e+92	 0.00020598	 1.3447e-05	     0.0000	-0.00011573	-0.00048385	  0.0013698	
5	11	 5.8177e-05	 7.5442e-05	     77.490	     2.2050	-9.7531e+92	-9.7531e+92	 0.00017637	 2.6312e-05	     0.0000	-5.6267e-05	 -0.0010001	  0.0018936	
5	12	 4.4725e-05	 5.7997e-05	     80.590	     2.1100	-9.7531e+92	-9.7531e+92	 0.00025266	 2.2307e-05	     0.0000	-0.00023116	-0.00083118	  0.0034200	
5	13	   0.057487	   0.074547	     125.66	    0.85869	-9.7531e+92	-9.7531e+92	   0.041630	   0.012074	     0.0000	 -0.0013246	   -0.43198	   0.069922	
5	14	    0.61092	    0.79221	     108.09	     1.2686	-9.7531e+92	-9.7531e+92	    0.22375	    0.13292	   0.076534	    0.35038	    -4.6802	    -1.9454	
5	15	   0.016321	   0.021164	     104.94	     1.3557	-9.7531e+92	-9.7531e+92	  0.0074242	  0.0037619	     0.0000	-0.00050218	   -0.14448	  0.0087302	
5	16	 9.1589e-06	 1.1877e-05	     71.546	     2.3771	-9.7531e+92	-9.7531e+92	 0.00012092	 1.7778e-05	     0.0000	-0.00067090	-0.00066432	  0.0036831	
5	17	 3.5312e-13	 4.5790e-13	     219.60	    0.12368	-9.7531e+92	-9.7531e+92	 0.00025317	 1.6049e-05	     0.0000	 -0.0034619	-0.00061103	   0.011625	
5	18	    0.21280	    0.27594	     53.346	     2.7752	-9.7531e+92	-9.7531e+92	    0.11634	   0.036480	     0.0000	   0.015334	    -1.8375	   -0.16337	
5	19	 0.00029722	 0.00038541	     64.874	     2.5486	-9.7531e+92	-9.7531e+92	  0.0012238	 7.2276e-05	     0.0000	-0.00026650	 -0.0028057	   0.023318	
5	20	  0.0042274	  0.0054819	     39.691	     2.9273	-9.7531e+92	-9.7531e+92	   0.041420	 0.00079252	     0.0000	  -0.013977	  -0.034720	    0.46916	
5	21	 2.2455e-05	 2.9119e-05	     132.91	    0.72808	-9.7531e+92	-9.7531e+92	   0.083802	 1.9629e-05	     0.0000	  -0.010228	-0.00079400	    0.39055	
5	22	 2.1302e-08	 2.7623e-08	     151.89	    0.47454	-9.7531e+92	-9.7531e+92	 0.00037237	 1.5396e-05	     0.0000	 -0.0046318	-0.00059017	   0.017848	
5	23	 0.00016182	 0.00020984	     65.633	     2.5304	-9.7531e+92	-9.7531e+92	 0.00038205	 5.1350e-05	     0.0000	-1.5322e-06	 -0.0020019	  0.0031219	
5	24	 3.7454e-06	 4.8569e-06	     106.34	     1.3165	-9.7531e+92	-9.7531e+92	 0.00012622	 1.5858e-05	     0.0000	-1.1413e-06	-0.00062203	  0.0010226	
6	0	    0.11149	    0.11884	     105.31	     1.3454	-9.7531e+92	-9.7531e+92	   0.051755	  0.0097583	     0.0000	 1.3105e-05	   0.029160	-5.6479e-06	
6	1	    0.18298	    0.19505	     96.519	     1.6061	-9.7531e+92	-9.7531e+92	   0.063965	   0.014097	   0.010101	     0.0000	  0.0068103	-2.2156e-05	
6	2	  0.0099483	   0.010604	     118.53	     1.0087	-9.7531e+92	-9.7531e+92	  0.0085354	 0.00089657	     0.0000	-2.8484e-05	  0.0020164	 7.3694e-06	
6	3	  0.0018911	  0.0020158	     180.81	    0.25667	-9.7531e+92	-9.7531e+92	  0.0024924	 0.00017772	     0.0000	-8.8792e-06	 0.00042637	 5.0745e-06	
6	4	 0.00021389	 0.00022799	     179.35	    0.26441	-9.7531e+92	-9.7531e+92	  0.0074823	 2.4526e-05	     0.0000	-4.9308e-05	 5.7020e-05	 1.4735e-05	
6	5	   0.030735	   0.032761	     72.218	     2.3585	-9.7531e+92	-9.7531e+92	   0.012472	  0.0028363	     0.0000	 1.1019e-06	  0.0041153	-1.0698e-06	
6	6	     0.0000	     0.0000	     0.0000	     3.0000	-9.7531e+92	-9.7531e+92	    0.53570	     0.0000	    0.52580	     0.0000	     0.0000	     0.0000	
6	7	   0.069943	   0.074554	     34.871	     2.9563	-9.7531e+92	-9.7531e+92	   0.051307	  0.0055816	     0.0000	     0.0000	   0.011667	     0.0000	
6	8	 0.00022191	 0.00023654	     109.28	     1.2365	-9.7531e+92	-9.7531e+92	  0.0021957	 2.7571e-05	     0.0000	-2.4395e-06	 2.6726e-05	 4.1338e-06	
6	9	   0.011296	   0.012040	     62.827	     2.5956	-9.7531e+92	-9.7531e+92	  0.0066927	  0.0010216	     0.0000	 1.0925e-07	  0.0017912	-3.3596e-07	
6	10	 6.4486e-08	 6.8737e-08	     153.37	    0.45919	-9.7531e+92	-9.7531e+92	 7.7641e-05	 6.5977e-06	     0.0000	-2.4051e-07	 4.1157e-06	 1.4667e-07	
6	11	 2.8968e-05	 3.0878e-05	     117.04	     1.0431	-9.7531e+92	-9.7531e+92	 0.00010594	 9.1345e-06	     0.0000	-7.1608e-08	 1.3229e-05	 1.4818e-07	
6	12	 3.5158e-08	 3.7475e-08	     152.49	    0.46823	-9.7531e+92	-9.7531e+92	 0.00014909	 6.6066e-06	     0.0000	-3.7958e-07	 4.4978e-06	 3.0408e-07	
6	13	    0.16362	    0.17441	     53.773	     2.7685	-9.7531e+92	-9.7531e+92	   0.063520	   0.011209	     0.0000	 4.6038e-06	  -0.039612	-1.2289e-05	
6	14	    0.21952	    0.23399	     41.508	     2.9135	-9.7531e+92	-9.7531e+92	   0.086331	   0.018248	     0.0000	 5.4451e-05	   0.032654	-1.7776e-05	
6	15	  0.0064462	  0.0068711	     96.746	     1.5991	-9.7531e+92	-9.7531e+92	  0.0031842	 0.00059526	     0.0000	-2.1799e-06	 0.00093527	 3.2969e-06	
6	16	 5.2472e-07	 5.5932e-07	     111.89	     1.1685	-9.7531e+92	-9.7531e+92	 8.4004e-05	 6.6728e-06	     0.0000	-4.9493e-07	 3.1511e-06	 2.5531e-07	
6	17	 5.9086e-14	 6.2982e-14	     251.72	   0.072906	-9.7531e+92	-9.7531e+92	 0.00017205	 6.6717e-06	     0.0000	-2.5272e-06	 1.3105e-06	 7.8567e-07	
6	18	    0.18526	    0.19748	     36.723	     2.9464	-9.7531e+92	-9.7531e+92	   0.098662	   0.015090	     0.0000	 4.3009e-06	   0.025754	-2.5676e-06	
6	19	 4.1837e-06	 4.4595e-06	     133.74	    0.71443	-9.7531e+92	-9.7531e+92	 0.00078778	 6.9160e-06	     0.0000	-1.0095e-06	 5.9828e-06	 1.9264e-06	
6	20	 0.00020952	 0.00022333	     111.59	     1.1762	-9.7531e+92	-9.7531e+92	   0.033804	 2.4494e-05	     0.0000	-2.4144e-05	 4.4398e-05	 3.4544e-05	
6	21	  0.0059124	  0.0063022	     78.899	     2.1621	-9.7531e+92	-9.7531e+92	   0.035726	 0.00051294	     0.0000	-6.9718e-06	  0.0010070	 2.3427e-05	
6	22	 1.9510e-12	 2.0796e-12	     216.08	    0.13159	-9.7531e+92	-9.7531e+92	 0.00024904	 6.6485e-06	     0.0000	-3.4360e-06	 2.5041e-06	 1.1864e-06	
6	23	 0.00025447	 0.00027125	     73.330	     2.3271	-9.7531e+92	-9.7531e+92	 0.00028526	 2.9956e-05	     0.0000	-9.7983e-10	 5.6230e-05	 1.8204e-07	
6	24	 1.7176e-05	 1.8308e-05	     108.13	     1.2674	-9.7531e+92	-9.7531e+92	 8.5457e-05	 7.7933e-06	     0.0000	-7.8418e-10	 2.1502e-05	 6.4977e-08	
7	0	    0.26265	    0.38967	     80.265	     2.1201	-9.7531e+92	-9.7531e+92	    0.12462	    0.23097	   0.015471	    0.79201	     2.9889	     1.6437	
7	1	    0.20208	    0.29981	     75.481	     2.2648	-9.7531e+92	-9.7531e+92	   0.095281	   0.051616	   0.020311	     0.0000	   -0.12210	     0.0000	
7	2	  0.0019373	  0.0028742	     153.12	    0.46179	-9.7531e+92	-9.7531e+92	  0.0085529	  0.0018436	     0.0000	   -0.42449	   0.022084	   -0.36038	
7	3	 5.5221e-05	 8.1926e-05	     215.68	    0.13250	-9.7531e+92	-9.7531e+92	  0.0021973	 0.00011371	     0.0000	   -0.11495	  0.0013744	   -0.24131	
7	4	 4.3432e-05	 6.4435e-05	     209.16	    0.14897	-9.7531e+92	-9.7531e+92	  0.0084186	 9.8859e-05	     0.0000	   -0.59844	  0.0012137	   -0.58493	
7	5	   0.025393	   0.037673	     89.752	     1.8194	-9.7531e+92	-9.7531e+92	   0.014789	   0.023593	     0.0000	 -0.0048365	    0.25601	  -0.011648	
7	6	   0.027461	   0.040741	     34.871	     2.9563	-9.7531e+92	-9.7531e+92	   0.013826	   0.022441	 4.9937e-05	     0.0000	    0.28877	    0.14879	
7	7	     0.0000	     0.0000	     0.0000	     3.0000	-9.7531e+92	-9.7531e+92	    0.79145	     0.0000	    0.69202	     0.0000	     0.0000	     0.0000	
7	8	 0.00085312	  0.0012657	     109.89	     1.2203	-9.7531e+92	-9.7531e+92	  0.0029758	 0.00084441	     0.0000	  -0.028213	  0.0093751	   -0.10923	
7	9	   0.014844	   0.022022	     64.406	     2.5596	-9.7531e+92	-9.7531e+92	   0.011269	   0.012454	     0.0000	  0.0053440	    0.15512	   0.038352	
7	10	 3.0778e-07	 4.5663e-07	     153.29	    0.46001	-9.7531e+92	-9.7531e+92	 0.00010501	 6.6376e-05	     0.0000	 -0.0029104	 0.00063731	 -0.0038772	
7	11	 2.6014e-05	 3.8594e-05	     112.26	     1.1591	-9.7531e+92	-9.7531e+92	 0.00013911	 7.9491e-05	     0.0000	-0.00087221	  0.0010392	 -0.0039642	
7	12	 6.4443e-09	 9.5608e-09	     158.06	    0.41430	-9.7531e+92	-9.7531e+92	 0.00019272	 6.6280e-05	     0.0000	 -0.0045957	 0.00063377	 -0.0080467	
7	13	    0.22857	    0.33911	     57.312	     2.7078	-9.7531e+92	-9.7531e+92	    0.11044	    0.15765	     0.0000	   0.097011	     1.8892	     1.3330	
7	14	    0.12302	    0.18251	     65.464	     2.5345	-9.7531e+92	-9.7531e+92	   0.085506	   0.098856	     0.0000	   0.058314	     1.2923	   0.080714	
7	15	  0.0024299	  0.0036049	     131.62	    0.74982	-9.7531e+92	-9.7531e+92	  0.0025904	  0.0023467	     0.0000	  -0.035321	   0.024792	   -0.12988	
7	16	 1.1902e-07	 1.7658e-07	     137.28	    0.65913	-9.7531e+92	-9.7531e+92	 0.00010361	 6.6735e-05	     0.0000	 -0.0059951	 0.00062474	 -0.0066547	
7	17	 4.0828e-14	 6.0573e-14	     281.54	   0.047004	-9.7531e+92	-9.7531e+92	 0.00020160	 6.7612e-05	     0.0000	  -0.030597	 0.00061971	  -0.020966	
7	18	   0.086314	    0.12806	     38.248	     2.9371	-9.7531e+92	-9.7531e+92	    0.12307	   0.071998	     0.0000	   -0.34932	    0.93561	   -0.73107	
7	19	 3.4794e-06	 5.1620e-06	     154.38	    0.44913	-9.7531e+92	-9.7531e+92	 0.00098437	 6.9024e-05	     0.0000	  -0.012223	 0.00067384	  -0.052488	
7	20	 0.00030002	 0.00044511	     126.68	    0.83907	-9.7531e+92	-9.7531e+92	   0.042218	 0.00033413	     0.0000	   -0.29209	  0.0035667	   -0.96904	
7	21	   0.021868	   0.032443	     44.967	     2.8822	-9.7531e+92	-9.7531e+92	   0.043058	   0.016636	     0.0000	  -0.036713	    0.23247	   -0.54730	
7	22	 3.6707e-13	 5.4459e-13	     241.36	   0.085874	-9.7531e+92	-9.7531e+92	 0.00029113	 6.7420e-05	     0.0000	  -0.041599	 0.00062882	  -0.032510	
7	23	  0.0016318	  0.0024209	     58.677	     2.6821	-9.7531e+92	-9.7531e+92	 0.00088574	  0.0014298	     0.0000	 1.5095e-05	   0.018809	  0.0062341	
7	24	 0.00051736	 0.00076756	     84.614	     1.9834	-9.7531e+92	-9.7531e+92	 0.00029645	 0.00051034	     0.0000	 1.2584e-05	  0.0061429	  0.0023026	
8	0	   0.069374	   0.047872	     172.11	    0.30693	-9.7531e+92	-9.7531e+92	   0.024254	  0.0050497	     0.0000	-0.00083104	   -0.22459	  0.0073101	
8	1	  0.0049491	  0.0034152	     184.58	    0.23797	-9.7531e+92	-9.7531e+92	  0.0085419	 0.00045050	     0.0000	  -0.016702	  -0.015280	   0.079876	
8	2	 0.00083749	 0.00057792	     174.51	    0.29198	-9.7531e+92	-9.7531e+92	  0.0047043	 8.3230e-05	     0.0000	  -0.020305	 -0.0029244	   0.080296	
8	3	 1.7647e-05	 1.2177e-05	     221.29	    0.12010	-9.7531e+92	-9.7531e+92	  0.0015643	 8.0491e-06	     0.0000	 -0.0053678	-0.00026455	   0.050904	
8	4	 0.00010483	 7.2337e-05	     186.41	    0.22946	-9.7531e+92	-9.7531e+92	  0.0072524	 1.5124e-05	     0.0000	  -0.027883	-0.00055809	    0.12706	
8	5	    0.15911	    0.10980	     54.235	     2.7611	-9.7531e+92	-9.7531e+92	   0.033089	   0.014018	   0.014571	   0.020993	   -0.54455	   -0.25699	
8	6	  0.0019868	  0.0013710	     109.28	     1.2365	-9.7531e+92	-9.7531e+92	  0.0019893	 0.00019377	     0.0000	-0.00018466	 -0.0072745	   0.014180	
8	7	   0.077442	   0.053440	     109.89	     1.2203	-9.7531e+92	-9.7531e+92	   0.021740	  0.0067590	     0.0000	 0.00067371	   -0.27031	  -0.020035	
8	8	     0.0000	     0.0000	     0.0000	     3.0000	-9.7531e+92	-9.7531e+92	    0.34835	     0.0000	    0.33844	     0.0000	     0.0000	     0.0000	
8	9	 6.1049e-07	 4.2128e-07	     171.65	    0.30991	-9.7531e+92	-9.7531e+92	  0.0015442	 6.3911e-06	     0.0000	-0.00053532	-0.00024145	   0.019949	
8	10	   0.023552	   0.016253	     44.054	     2.8911	-9.7531e+92	-9.7531e+92	  0.0041758	  0.0019041	  0.0037984	  0.0036000	  -0.057377	  -0.028380	
8	11	  0.0069738	  0.0048124	     32.525	     2.9668	-9.7531e+92	-9.7531e+92	  0.0014860	 0.00062601	  0.0010837	 0.00050173	  -0.022264	  -0.012614	
8	12	   0.010797	  0.0074508	     55.069	     2.7473	-9.7531e+92	-9.7531e+92	  0.0022039	 0.00087322	  0.0014707	  0.0010517	  -0.026152	  -0.011830	
8	13	   0.090005	   0.062109	     162.59	    0.37553	-9.7531e+92	-9.7531e+92	   0.026884	  0.0076764	     0.0000	 0.00041771	   -0.27065	  -0.023996	
8	14	   0.080468	   0.055528	     146.54	    0.53466	-9.7531e+92	-9.7531e+92	   0.037952	  0.0071288	     0.0000	 -0.0096384	   -0.24701	   0.058170	
8	15	 3.4843e-05	 2.4044e-05	     159.01	    0.40580	-9.7531e+92	-9.7531e+92	  0.0013044	 9.7924e-06	     0.0000	 -0.0018954	-0.00036011	   0.035674	
8	16	 3.7928e-07	 2.6173e-07	     112.87	     1.1438	-9.7531e+92	-9.7531e+92	 6.9882e-05	 6.7579e-06	     0.0000	-0.00027948	-0.00024785	  0.0016594	
8	17	 2.1152e-12	 1.4596e-12	     258.50	   0.065716	-9.7531e+92	-9.7531e+92	 0.00015358	 6.7400e-06	     0.0000	 -0.0014268	-0.00024560	  0.0051833	
8	18	    0.37405	    0.25812	     75.421	     2.2666	-9.7531e+92	-9.7531e+92	   0.095581	   0.024129	     0.0000	   0.021160	    -1.3361	   -0.36509	
8	19	   0.030108	   0.020777	     80.536	     2.1117	-9.7531e+92	-9.7531e+92	  0.0063054	  0.0027639	  0.0017911	  0.0019543	   -0.10233	  -0.046923	
8	20	   0.051941	   0.035843	     51.987	     2.7958	-9.7531e+92	-9.7531e+92	   0.042340	  0.0037700	     0.0000	 -0.0026652	   -0.15024	    0.10726	
8	21	  0.0012855	 0.00088705	     132.38	    0.73687	-9.7531e+92	-9.7531e+92	   0.015014	 0.00012113	     0.0000	 -0.0041555	 -0.0048036	    0.17177	
8	22	 3.6267e-08	 2.5026e-08	     168.70	    0.32968	-9.7531e+92	-9.7531e+92	 0.00028611	 6.6229e-06	     0.0000	 -0.0019399	-0.00024145	  0.0079595	
8	23	   0.013396	  0.0092443	     54.810	     2.7517	-9.7531e+92	-9.7531e+92	  0.0024908	  0.0012584	  0.0018520	 1.1409e-05	  -0.048129	  -0.024973	
8	24	  0.0035568	  0.0024544	     77.960	     2.1908	-9.7531e+92	-9.7531e+92	 0.00071761	 0.00033147	 0.00051161	 6.8433e-06	  -0.012649	 -0.0066334	
9	0	    0.16059	    0.13645	     86.890	     1.9108	-9.7531e+92	-9.7531e+92	   0.050714	   0.019046	     0.0000	   0.035008	    0.27460	   0.078075	
9	1	    0.13006	    0.11050	     55.376	     2.7421	-9.7531e+92	-9.7531e+92	   0.040221	   0.013408	     0.0000	   0.059990	    0.18983	   0.070894	
9	2	  0.0067876	  0.0057671	     133.64	    0.71608	-9.7531e+92	-9.7531e+92	  0.0066694	 0.00078992	     0.0000	  -0.036150	   0.011065	  -0.033181	
9	3	 0.00082675	 0.00070245	     191.41	    0.20802	-9.7531e+92	-9.7531e+92	  0.0016020	 0.00010499	     0.0000	  -0.010743	  0.0014594	  -0.024333	
9	4	 4.0848e-05	 3.4707e-05	     223.28	    0.11603	-9.7531e+92	-9.7531e+92	  0.0051937	 1.2227e-05	     0.0000	  -0.057496	 0.00017497	  -0.060762	
9	5	 0.00037119	 0.00031538	     134.70	    0.69890	-9.7531e+92	-9.7531e+92	  0.0029589	 5.3175e-05	     0.0000	 -0.0086445	 0.00067279	  -0.022645	
9	6	   0.010933	  0.0092890	     62.827	     2.5956	-9.7531e+92	-9.7531e+92	  0.0046707	  0.0012819	     0.0000	 8.9124e-05	   0.017549	  0.0014497	
9	7	   0.048409	   0.041131	     64.406	     2.5596	-9.7531e+92	-9.7531e+92	   0.034584	  0.0050674	     0.0000	 -0.0024960	   0.076700	  -0.016017	
9	8	 6.2992e-06	 5.3522e-06	     171.65	    0.30991	-9.7531e+92	-9.7531e+92	  0.0013067	 9.0985e-06	     0.0000	 -0.0028809	 0.00011015	  -0.012158	
9	9	     0.0000	     0.0000	     0.0000	     3.0000	-9.7531e+92	-9.7531e+92	    0.42888	     0.0000	    0.42023	     0.0000	     0.0000	     0.0000	
9	10	 8.4363e-13	 7.1679e-13	     215.04	    0.13402	-9.7531e+92	-9.7531e+92	 5.4185e-05	 8.6349e-06	     0.0000	-0.00027978	 9.7677e-05	-0.00040679	
9	11	 1.2572e-08	 1.0682e-08	     175.31	    0.28718	-9.7531e+92	-9.7531e+92	 6.8568e-05	 8.2408e-06	     0.0000	-8.8231e-05	 0.00010189	-0.00043759	
9	12	 2.3883e-13	 2.0292e-13	     214.99	    0.13415	-9.7531e+92	-9.7531e+92	 0.00010063	 8.6584e-06	     0.0000	-0.00044152	 9.7472e-05	-0.00084371	
9	13	    0.31485	    0.26751	     9.0540	     2.9998	-9.7531e+92	-9.7531e+92	   0.081147	   0.019000	   0.016703	     0.0000	   0.041310	-0.00085935	
9	14	    0.24092	    0.20470	     38.749	     2.9339	-9.7531e+92	-9.7531e+92	   0.073909	   0.025343	     0.0000	   0.075818	    0.35429	    0.11345	
9	15	  0.0025627	  0.0021774	     117.55	     1.0311	-9.7531e+92	-9.7531e+92	  0.0016209	 0.00031137	     0.0000	 -0.0033650	  0.0040574	  -0.013466	
9	16	 1.8485e-12	 1.5706e-12	     159.83	    0.39862	-9.7531e+92	-9.7531e+92	 6.1702e-05	 8.5411e-06	     0.0000	-0.00057604	 9.7763e-05	-0.00069815	
9	17	 1.0852e-13	 9.2203e-14	     293.28	   0.040011	-9.7531e+92	-9.7531e+92	 0.00012279	 8.6262e-06	     0.0000	 -0.0029395	 9.7158e-05	 -0.0021978	
9	18	   0.080243	   0.068179	     96.665	     1.6016	-9.7531e+92	-9.7531e+92	   0.063329	  0.0089191	     0.0000	  -0.035926	    0.13139	  -0.081190	
9	19	 1.2810e-07	 1.0884e-07	     193.08	    0.20137	-9.7531e+92	-9.7531e+92	 0.00051148	 8.4986e-06	     0.0000	 -0.0011749	 9.9496e-05	 -0.0055017	
9	20	 1.0076e-05	 8.5608e-06	     174.09	    0.29453	-9.7531e+92	-9.7531e+92	   0.021660	 9.0483e-06	     0.0000	  -0.028130	 0.00011529	   -0.10169	
9	21	  0.0030021	  0.0025507	     83.320	     2.0244	-9.7531e+92	-9.7531e+92	   0.029697	 0.00032881	     0.0000	 -0.0082440	  0.0051477	  -0.073742	
9	22	 3.2103e-13	 2.7277e-13	     266.14	   0.058633	-9.7531e+92	-9.7531e+92	 0.00017621	 8.6290e-06	     0.0000	 -0.0039965	 9.7832e-05	 -0.0034054	
9	23	 0.00036202	 0.00030759	     121.73	    0.93874	-9.7531e+92	-9.7531e+92	 0.00024371	 5.1364e-05	     0.0000	-9.3746e-07	 0.00066746	-0.00042235	
9	24	 2.4121e-05	 2.0495e-05	     149.07	    0.50520	-9.7531e+92	-9.7531e+92	 6.7051e-05	 1.1099e-05	     0.0000	-8.8266e-07	 0.00013927	-0.00017621	
10	0	  0.0044267	  0.0015172	     210.64	    0.14503	-9.7531e+92	-9.7531e+92	  0.0054912	 2.6320e-05	     0.0000	 -0.0031560	 -0.0018888	   0.024787	
10	1	 0.00057829	 0.00019820	     228.04	    0.10699	-9.7531e+92	-9.7531e+92	  0.0027509	 3.9679e-06	     0.0000	 -0.0042720	-0.00027327	   0.018250	
10	2	 5.1522e-05	 1.7659e-05	     213.20	    0.13850	-9.7531e+92	-9.7531e+92	  0.0022338	 7.2285e-07	     0.0000	 -0.0048245	-5.2639e-05	   0.017059	
10	3	 7.5321e-06	 2.5816e-06	     258.79	   0.065432	-9.7531e+92	-9.7531e+92	 0.00079309	 4.7195e-07	     0.0000	 -0.0012533	-3.2315e-05	   0.010623	
10	4	 0.00013687	 4.6911e-05	     204.61	    0.16194	-9.7531e+92	-9.7531e+92	  0.0037424	 1.2063e-06	     0.0000	 -0.0065050	-9.0772e-05	   0.026507	
10	5	    0.24451	   0.083806	     93.726	     1.6933	-9.7531e+92	-9.7531e+92	   0.024949	  0.0015682	   0.015752	  0.0080631	   -0.11561	  -0.088370	
10	6	 0.00085082	 0.00029161	     153.37	    0.45919	-9.7531e+92	-9.7531e+92	 0.00078492	 5.9860e-06	     0.0000	-4.9857e-05	-0.00043809	  0.0034283	
10	7	 0.00083057	 0.00028467	     153.29	    0.46001	-9.7531e+92	-9.7531e+92	  0.0040677	 5.4558e-06	     0.0000	 -0.0010039	-0.00042256	   0.026726	
10	8	    0.12037	   0.041257	     44.054	     2.8911	-9.7531e+92	-9.7531e+92	   0.012332	 0.00049061	  0.0074097	 0.00080832	  -0.038297	  -0.027739	
10	9	 1.2950e-09	 4.4384e-10	     215.04	    0.13402	-9.7531e+92	-9.7531e+92	 0.00046904	 4.3477e-07	     0.0000	-0.00012496	-3.2121e-05	  0.0041702	
10	10	     0.0000	     0.0000	     0.0000	     3.0000	-9.7531e+92	-9.7531e+92	    0.17160	     0.0000	    0.17141	     0.0000	     0.0000	     0.0000	
10	11	   0.069968	   0.023981	     46.926	     2.8613	-9.7531e+92	-9.7531e+92	  0.0061574	 0.00044297	  0.0059576	  0.0012712	  -0.032259	  -0.028254	
10	12	   0.047497	   0.016279	     46.012	     2.8713	-9.7531e+92	-9.7531e+92	  0.0042729	 0.00023454	  0.0039087	  0.0010052	  -0.011378	 -0.0086380	
10	13	   0.025902	  0.0088777	     205.99	    0.15786	-9.7531e+92	-9.7531e+92	  0.0077601	 0.00015805	     0.0000	-0.00034590	  -0.010707	   0.017738	
10	14	   0.020105	  0.0068907	     190.48	    0.21181	-9.7531e+92	-9.7531e+92	   0.015440	 0.00012331	     0.0000	 -0.0063413	 -0.0085589	   0.034187	
10	15	 2.4351e-06	 8.3460e-07	     197.67	    0.18443	-9.7531e+92	-9.7531e+92	 0.00070342	 4.5004e-07	     0.0000	-0.00044319	-3.2965e-05	  0.0074687	
10	16	 8.0425e-09	 2.7565e-09	     147.94	    0.51817	-9.7531e+92	-9.7531e+92	 3.5677e-05	 4.4650e-07	     0.0000	-6.5263e-05	-3.2812e-05	 0.00034716	
10	17	 7.6033e-13	 2.6060e-13	     270.72	   0.054831	-9.7531e+92	-9.7531e+92	 7.8865e-05	 4.4481e-07	     0.0000	-0.00033303	-3.2617e-05	  0.0010838	
10	18	    0.35387	    0.12129	     118.82	     1.0023	-9.7531e+92	-9.7531e+92	   0.045567	  0.0019072	     0.0000	  0.0079277	   -0.15810	  -0.068553	
10	19	   0.038252	   0.013111	     85.643	     1.9506	-9.7531e+92	-9.7531e+92	  0.0041182	 0.00023568	  0.0018760	 0.00056225	  -0.017332	  -0.012608	
10	20	   0.059934	   0.020542	     74.457	     2.2947	-9.7531e+92	-9.7531e+92	   0.021755	 0.00034448	     0.0000	 -0.0012126	  -0.028056	   0.024445	
10	21	 5.6586e-05	 1.9394e-05	     171.26	    0.31241	-9.7531e+92	-9.7531e+92	  0.0059422	 7.6658e-07	     0.0000	-0.00098353	-5.8989e-05	   0.036404	
10	22	 6.3697e-07	 2.1832e-07	     176.66	    0.27933	-9.7531e+92	-9.7531e+92	 0.00015713	 4.4345e-07	     0.0000	-0.00045078	-3.2595e-05	  0.0016638	
10	23	  0.0026211	 0.00089836	     95.614	     1.6342	-9.7531e+92	-9.7531e+92	 0.00046635	 1.7562e-05	 0.00014905	 3.7392e-07	 -0.0013034	-0.00073331	
10	24	   0.010016	  0.0034331	     102.71	     1.4197	-9.7531e+92	-9.7531e+92	  0.0010392	 6.5539e-05	 0.00093690	 4.7009e-06	 -0.0048875	 -0.0040819	
11	0	   0.018467	  0.0071130	     167.10	    0.34103	-9.7531e+92	-9.7531e+92	   0.010363	 0.00015709	     0.0000	 -0.0040012	  -0.017504	   0.048056	
11	1	  0.0082420	  0.0031746	     185.20	    0.23505	-9.7531e+92	-9.7531e+92	  0.0063790	 7.3872e-05	     0.0000	 -0.0057526	 -0.0079243	   0.037508	
11	2	 0.00068249	 0.00026288	     197.83	    0.18388	-9.7531e+92	-9.7531e+92	  0.0023796	 6.6310e-06	     0.0000	 -0.0075648	-0.00074646	   0.040641	
11	3	 5.6609e-06	 2.1804e-06	     244.71	   0.081388	-9.7531e+92	-9.7531e+92	 0.00072536	 6.6559e-07	     0.0000	 -0.0019936	-7.0717e-05	   0.025725	
11	4	 0.00022264	 8.5754e-05	     218.09	    0.12699	-9.7531e+92	-9.7531e+92	  0.0032269	 2.4853e-06	     0.0000	  -0.010333	-0.00028864	   0.063971	
11	5	    0.12014	   0.046276	     77.490	     2.2050	-9.7531e+92	-9.7531e+92	   0.014364	  0.0011241	  0.0040276	  0.0054979	   -0.12664	  -0.091044	
11	6	  0.0061660	  0.0023750	     117.04	     1.0431	-9.7531e+92	-9.7531e+92	  0.0017230	 5.8666e-05	     0.0000	-2.9024e-05	 -0.0066144	  0.0030136	
11	7	    0.18373	   0.070768	     112.26	     1.1591	-9.7531e+92	-9.7531e+92	   0.023685	  0.0016133	     0.0000	  0.0028124	   -0.19265	   -0.11319	
11	8	   0.048629	   0.018730	     32.525	     2.9668	-9.7531e+92	-9.7531e+92	  0.0060236	 0.00041156	 0.00049247	 0.00093814	  -0.049489	  -0.032572	
11	9	 1.3776e-06	 5.3062e-07	     175.31	    0.28718	-9.7531e+92	-9.7531e+92	  0.0012012	 6.4026e-07	     0.0000	-0.00019872	-7.2817e-05	   0.010008	
11	10	  0.0024121	 0.00092906	     46.926	     2.8613	-9.7531e+92	-9.7531e+92	 0.00033094	 1.3985e-05	 0.00012030	 6.1861e-05	 -0.0010953	-0.00072967	
11	11	     0.0000	     0.0000	     0.0000	     3.0000	-9.7531e+92	-9.7531e+92	    0.19266	     0.0000	    0.19244	     0.0000	     0.0000	     0.0000	
11	12	  0.0033107	  0.0012752	     77.218	     2.2132	-9.7531e+92	-9.7531e+92	 0.00043828	 2.4742e-05	 2.8992e-05	 0.00010081	 -0.0025089	 -0.0015701	
11	13	    0.14960	   0.057622	     166.60	    0.34470	-9.7531e+92	-9.7531e+92	   0.022130	  0.0013179	     0.0000	 0.00081071	   -0.13923	  -0.063641	
11	14	   0.039514	   0.015220	     157.91	    0.41563	-9.7531e+92	-9.7531e+92	   0.017260	 0.00034933	     0.0000	 -0.0079934	  -0.037803	   0.065768	
11	15	 1.4415e-05	 5.5521e-06	     182.32	    0.24896	-9.7531e+92	-9.7531e+92	 0.00061797	 7.6232e-07	     0.0000	-0.00070443	-8.5977e-05	   0.017930	
11	16	 3.5779e-08	 1.3781e-08	     142.85	    0.58099	-9.7531e+92	-9.7531e+92	 3.3548e-05	 6.4479e-07	     0.0000	-0.00010380	-7.2767e-05	 0.00083176	
11	17	 1.2411e-12	 4.7802e-13	     290.18	   0.041722	-9.7531e+92	-9.7531e+92	 7.0883e-05	 6.4230e-07	     0.0000	-0.00052969	-7.2337e-05	  0.0025980	
11	18	    0.30799	    0.11863	     81.269	     2.0888	-9.7531e+92	-9.7531e+92	   0.046792	  0.0024082	     0.0000	  0.0092773	   -0.30685	   -0.12392	
11	19	  0.0076039	  0.0029288	     108.78	     1.2499	-9.7531e+92	-9.7531e+92	  0.0012421	 7.1446e-05	     0.0000	 3.3942e-05	 -0.0081753	 -0.0011131	
11	20	   0.024369	  0.0093863	     83.734	     2.0113	-9.7531e+92	-9.7531e+92	   0.018588	 0.00020605	     0.0000	 -0.0037235	  -0.025637	   0.093374	
11	21	 0.00095981	 0.00036969	     128.65	    0.80225	-9.7531e+92	-9.7531e+92	  0.0071129	 9.2006e-06	     0.0000	 -0.0015484	 -0.0010908	   0.086529	
11	22	 9.1215e-10	 3.5133e-10	     200.45	    0.17499	-9.7531e+92	-9.7531e+92	 0.00011413	 6.3684e-07	     0.0000	-0.00072016	-7.1828e-05	  0.0039913	
11	23	   0.032121	   0.012372	     53.605	     2.7712	-9.7531e+92	-9.7531e+92	  0.0032189	 0.00029913	  0.0028623	 8.8022e-06	  -0.034183	  -0.031161	
11	24	   0.045813	   0.017646	     56.094	     2.7297	-9.7531e+92	-9.7531e+92	  0.0044465	 0.00042991	  0.0043315	 3.4741e-05	  -0.049292	  -0.045587	
12	0	 0.00047959	 0.00016632	     226.76	    0.10933	-9.7531e+92	-9.7531e+92	  0.0047955	 5.3442e-06	     0.0000	 -0.0049057	-0.00038708	   0.043338	
12	1	 0.00040777	 0.00014141	     231.78	    0.10046	-9.7531e+92	-9.7531e+92	  0.0025324	 5.0707e-06	     0.0000	 -0.0063036	-0.00033574	   0.030271	
12	2	  0.0025090	 0.00087013	     181.48	    0.25322	-9.7531e+92	-9.7531e+92	  0.0033374	 2.7299e-05	     0.0000	 -0.0067036	 -0.0019168	   0.026607	
12	3	 0.00069866	 0.00024229	     227.10	    0.10870	-9.7531e+92	-9.7531e+92	  0.0013610	 8.4649e-06	     0.0000	 -0.0017982	-0.00055619	   0.017119	
12	4	   0.010089	  0.0034990	     165.11	    0.35583	-9.7531e+92	-9.7531e+92	  0.0066054	 0.00010362	     0.0000	 -0.0081908	 -0.0075846	   0.037463	
12	5	    0.15345	   0.053216	     80.590	     2.1100	-9.7531e+92	-9.7531e+92	   0.018219	  0.0017217	  0.0089120	  0.0068971	   -0.12158	  -0.084697	
12	6	  0.0013656	 0.00047360	     152.49	    0.46823	-9.7531e+92	-9.7531e+92	 0.00084917	 1.6166e-05	     0.0000	-6.8814e-05	 -0.0011442	  0.0053008	
12	7	  0.0056447	  0.0019576	     158.06	    0.41430	-9.7531e+92	-9.7531e+92	  0.0039951	 6.0004e-05	     0.0000	 -0.0013690	 -0.0045000	   0.040843	
12	8	    0.11903	   0.041278	     55.069	     2.7473	-9.7531e+92	-9.7531e+92	   0.012719	  0.0011717	  0.0077393	  0.0024922	  -0.086248	  -0.065179	
12	9	 8.9901e-08	 3.1178e-08	     214.99	    0.13415	-9.7531e+92	-9.7531e+92	 0.00044205	 7.5384e-07	     0.0000	-0.00018375	-5.3823e-05	  0.0068683	
12	10	   0.025885	  0.0089771	     46.012	     2.8713	-9.7531e+92	-9.7531e+92	  0.0024365	 0.00022196	  0.0022468	  0.0011807	 -0.0097144	 -0.0070714	
12	11	   0.036258	   0.012574	     77.218	     2.2132	-9.7531e+92	-9.7531e+92	  0.0033336	 0.00040223	  0.0031314	 0.00099977	  -0.028398	  -0.024486	
12	12	     0.0000	     0.0000	     0.0000	     3.0000	-9.7531e+92	-9.7531e+92	    0.17374	     0.0000	    0.17337	     0.0000	     0.0000	     0.0000	
12	13	   0.018747	  0.0065015	     205.94	    0.15802	-9.7531e+92	-9.7531e+92	  0.0071249	 0.00019672	     0.0000	-0.00058143	  -0.012989	   0.033548	
12	14	   0.036300	   0.012589	     188.63	    0.21964	-9.7531e+92	-9.7531e+92	   0.015368	 0.00038494	     0.0000	 -0.0077108	  -0.025793	   0.046729	
12	15	 0.00011696	 4.0561e-05	     166.81	    0.34315	-9.7531e+92	-9.7531e+92	 0.00096548	 2.0749e-06	     0.0000	-0.00064765	-0.00014644	   0.012228	
12	16	 7.1588e-06	 2.4827e-06	     115.95	     1.0685	-9.7531e+92	-9.7531e+92	 5.4103e-05	 8.6091e-07	     0.0000	-9.5141e-05	-6.0810e-05	 0.00056653	
12	17	 2.0935e-12	 7.2603e-13	     225.22	    0.11223	-9.7531e+92	-9.7531e+92	 0.00013113	 7.7376e-07	     0.0000	-0.00048974	-5.4579e-05	  0.0017843	
12	18	    0.29482	    0.10224	     120.73	    0.96010	-9.7531e+92	-9.7531e+92	   0.040959	  0.0026392	     0.0000	  0.0074803	   -0.22282	  -0.076358	
12	19	   0.080226	   0.027822	     44.530	     2.8865	-9.7531e+92	-9.7531e+92	  0.0079145	 0.00070641	  0.0056458	  0.0010865	  -0.047139	  -0.035933	
12	20	    0.21170	   0.073417	     45.010	     2.8817	-9.7531e+92	-9.7531e+92	   0.033197	  0.0020693	     0.0000	  0.0029825	   -0.16200	  -0.060962	
12	21	 2.8538e-06	 9.8971e-07	     187.39	    0.22505	-9.7531e+92	-9.7531e+92	  0.0058884	 7.4763e-07	     0.0000	 -0.0014472	-5.5709e-05	   0.060004	
12	22	 0.00080090	 0.00027775	     131.16	    0.75767	-9.7531e+92	-9.7531e+92	 0.00034096	 9.7666e-06	     0.0000	-0.00051632	-0.00069435	  0.0021932	
12	23	  0.0013773	 0.00047766	     109.85	     1.2215	-9.7531e+92	-9.7531e+92	 0.00032057	 1.6310e-05	     0.0000	 1.6182e-07	 -0.0011735	-0.00035441	
12	24	 9.0282e-05	 3.1310e-05	     132.31	    0.73810	-9.7531e+92	-9.7531e+92	 0.00013695	 1.7641e-06	 3.3423e-05	-1.0031e-07	-0.00012767	 9.7522e-05	
13	0	   0.054964	    0.28842	     86.013	     1.9388	-9.7531e+92	-9.7531e+92	    0.19303	   0.037141	     0.0000	 -0.0021605	  -0.096227	  0.0054352	
13	1	   0.053925	    0.28297	     57.043	     2.7128	-9.7531e+92	-9.7531e+92	    0.15522	   0.030548	     0.0000	 0.00073183	   -0.20188	 -0.0010180	
13	2	   0.063902	    0.33532	     127.66	    0.82064	-9.7531e+92	-9.7531e+92	    0.11275	   0.041949	     0.0000	  0.0052901	   -0.17270	 -0.0063214	
13	3	  0.0019806	   0.010393	     188.65	    0.21955	-9.7531e+92	-9.7531e+92	   0.020371	  0.0013806	     0.0000	 -0.0029599	 -0.0049724	  0.0083395	
13	4	 0.00030480	  0.0015994	     217.30	    0.12878	-9.7531e+92	-9.7531e+92	   0.066471	 0.00024451	     0.0000	  -0.016471	-0.00091363	   0.022692	
13	5	  0.0019920	   0.010453	     125.66	    0.85869	-9.7531e+92	-9.7531e+92	   0.027898	  0.0014773	     0.0000	 -0.0023335	 -0.0064922	  0.0090225	
13	6	   0.024990	    0.13113	     53.773	     2.7685	-9.7531e+92	-9.7531e+92	   0.044928	   0.016648	     0.0000	 0.00023781	  -0.070860	 -0.0057981	
13	7	    0.15449	    0.81065	     57.312	     2.7078	-9.7531e+92	-9.7531e+92	    0.29347	   0.088576	     0.0000	  0.0033631	   -0.45628	  -0.031455	
13	8	 2.0432e-05	 0.00010722	     162.59	    0.37553	-9.7531e+92	-9.7531e+92	   0.011783	 6.3548e-05	     0.0000	-0.00082765	-0.00027345	  0.0053672	
13	9	   0.076435	    0.40109	     9.0540	     2.9998	-9.7531e+92	-9.7531e+92	    0.11125	   0.045711	   0.057838	     0.0000	   -0.15720	     0.0000	
13	10	 3.3862e-13	 1.7769e-12	     205.99	    0.15786	-9.7531e+92	-9.7531e+92	 0.00040786	 5.2114e-05	     0.0000	-8.0458e-05	-0.00024473	 0.00018386	
13	11	 1.3183e-07	 6.9178e-07	     166.60	    0.34470	-9.7531e+92	-9.7531e+92	 0.00053361	 4.7371e-05	     0.0000	-2.5367e-05	-0.00017389	 0.00019719	
13	12	 6.4394e-14	 3.3790e-13	     205.94	    0.15802	-9.7531e+92	-9.7531e+92	 0.00083100	 5.2421e-05	     0.0000	-0.00012697	-0.00024894	 0.00038124	
13	13	     0.0000	     0.0000	     0.0000	     3.0000	-9.7531e+92	-9.7531e+92	     2.7419	     0.0000	     2.3439	     0.0000	     0.0000	     0.0000	
13	14	    0.26519	     1.3916	     32.765	     2.9658	-9.7531e+92	-9.7531e+92	    0.47073	    0.16498	     0.0000	   0.026071	   -0.73919	  -0.045791	
13	15	  0.0036219	   0.019006	     111.52	     1.1779	-9.7531e+92	-9.7531e+92	   0.015478	  0.0024450	     0.0000	-0.00090260	  -0.010640	  0.0053832	
13	16	 7.9728e-10	 4.1837e-09	     153.85	    0.45440	-9.7531e+92	-9.7531e+92	 0.00059983	 5.1083e-05	     0.0000	-0.00016565	-0.00024419	 0.00031799	
13	17	 1.6552e-14	 8.6856e-14	     287.27	   0.043413	-9.7531e+92	-9.7531e+92	  0.0013814	 5.1976e-05	     0.0000	-0.00084531	-0.00025544	 0.00098887	
13	18	    0.28698	     1.5059	     87.611	     1.8878	-9.7531e+92	-9.7531e+92	    0.57596	    0.18464	     0.0000	   0.012838	   -0.69576	  -0.036764	
13	19	 2.0101e-06	 1.0548e-05	     184.51	    0.23831	-9.7531e+92	-9.7531e+92	  0.0047317	 5.2268e-05	     0.0000	-0.00033776	-0.00023805	  0.0024490	
13	20	 2.0407e-05	 0.00010709	     165.04	    0.35635	-9.7531e+92	-9.7531e+92	    0.19694	 6.0386e-05	     0.0000	 -0.0080886	-0.00028578	   0.044600	
13	21	   0.010630	   0.055778	     76.619	     2.2311	-9.7531e+92	-9.7531e+92	    0.19593	  0.0065938	     0.0000	 -0.0021695	  -0.029001	   0.028894	
13	22	 5.4935e-14	 2.8827e-13	     260.15	   0.064098	-9.7531e+92	-9.7531e+92	  0.0020380	 5.2211e-05	     0.0000	 -0.0011493	-0.00025161	  0.0015119	
13	23	 0.00054578	  0.0028640	     113.01	     1.1402	-9.7531e+92	-9.7531e+92	  0.0018491	 0.00040738	     0.0000	-1.7021e-07	 -0.0013010	 0.00011947	
13	24	 1.3138e-05	 6.8942e-05	     142.21	    0.58941	-9.7531e+92	-9.7531e+92	 0.00043982	 5.5250e-05	     0.0000	-2.6722e-07	-0.00019861	 8.3388e-05	
14	0	   0.020590	   0.091008	     114.85	     1.0949	-9.7531e+92	-9.7531e+92	    0.17958	   0.024902	     0.0000	  -0.039674	   0.076695	 -0.0056608	
14	1	   0.038549	    0.17038	     88.839	     1.8485	-9.7531e+92	-9.7531e+92	    0.15041	   0.044241	     0.0000	  -0.016829	    0.10094	-0.00084423	
14	2	   0.019502	   0.086196	     97.273	     1.5829	-9.7531e+92	-9.7531e+92	   0.038281	   0.021311	     0.0000	  -0.042263	   0.031253	 0.00050575	
14	3	  0.0011418	  0.0050469	     161.01	    0.38854	-9.7531e+92	-9.7531e+92	  0.0087529	  0.0010127	     0.0000	  -0.012313	 -0.0021966	   0.010664	
14	4	 0.00030770	  0.0013600	     184.55	    0.23808	-9.7531e+92	-9.7531e+92	   0.028427	 0.00038858	     0.0000	  -0.095294	 0.00052350	  0.0014768	
14	5	 0.00066123	  0.0029226	     108.09	     1.2686	-9.7531e+92	-9.7531e+92	   0.015360	 0.00061040	     0.0000	     0.0000	  0.0014381	  -0.010272	
14	6	  0.0030484	   0.013474	     41.508	     2.9135	-9.7531e+92	-9.7531e+92	   0.016452	  0.0035266	     0.0000	-0.00060341	  0.0038587	 0.00097033	
14	7	  0.0067545	   0.029854	     65.464	     2.5345	-9.7531e+92	-9.7531e+92	    0.12286	  0.0075238	     0.0000	  -0.014994	  0.0065875	  0.0077629	
14	8	 3.5091e-05	 0.00015510	     146.54	    0.53466	-9.7531e+92	-9.7531e+92	  0.0068343	 0.00012547	     0.0000	 -0.0031418	 7.8955e-05	  0.0026019	
14	9	  0.0026770	   0.011832	     38.749	     2.9339	-9.7531e+92	-9.7531e+92	   0.022981	  0.0030238	     0.0000	 -0.0015079	  0.0039599	  0.0012774	
14	10	 2.4170e-12	 1.0683e-11	     190.48	    0.21181	-9.7531e+92	-9.7531e+92	 0.00028174	 8.6359e-05	     0.0000	-0.00035858	 2.5339e-05	 9.8888e-05	
14	11	 1.3557e-06	 5.9922e-06	     157.91	    0.41563	-9.7531e+92	-9.7531e+92	 0.00037273	 8.7270e-05	     0.0000	-0.00012417	 2.6693e-05	 0.00010457	
14	12	 2.2603e-13	 9.9904e-13	     188.63	    0.21964	-9.7531e+92	-9.7531e+92	 0.00051974	 8.6773e-05	     0.0000	-0.00063337	 2.3905e-05	 0.00020482	
14	13	   0.034082	    0.15064	     32.765	     2.9658	-9.7531e+92	-9.7531e+92	    0.16480	   0.031015	     0.0000	 -0.0047455	  -0.039985	 -0.0052223	
14	14	     0.0000	     0.0000	     0.0000	     3.0000	-9.7531e+92	-9.7531e+92	     2.3405	     0.0000	     1.8387	     0.0000	     0.0000	     0.0000	
14	15	  0.0045276	   0.020012	     78.991	     2.1593	-9.7531e+92	-9.7531e+92	  0.0096987	  0.0047946	     0.0000	 -0.0047347	  0.0064545	  0.0020824	
14	16	 2.0966e-06	 9.2668e-06	     121.20	    0.94999	-9.7531e+92	-9.7531e+92	 0.00033209	 8.1828e-05	     0.0000	-0.00095070	 8.1384e-05	 0.00017619	
14	17	 2.1874e-13	 9.6680e-13	     254.84	   0.069479	-9.7531e+92	-9.7531e+92	 0.00066423	 8.3571e-05	     0.0000	 -0.0048089	 2.0320e-05	 0.00052151	
14	18	    0.12813	    0.56634	     78.249	     2.1820	-9.7531e+92	-9.7531e+92	    0.32508	    0.13829	     0.0000	  -0.032078	    0.22989	-0.00021056	
14	19	 2.2755e-06	 1.0058e-05	     166.55	    0.34505	-9.7531e+92	-9.7531e+92	  0.0026480	 8.1023e-05	     0.0000	 -0.0010807	 9.2743e-05	  0.0012322	
14	20	 3.7872e-05	 0.00016739	     147.73	    0.52061	-9.7531e+92	-9.7531e+92	    0.11121	 0.00012003	     0.0000	  -0.039436	 7.5835e-05	   0.020867	
14	21	    0.73988	     3.2702	     101.18	     1.4647	-9.7531e+92	-9.7531e+92	    0.87023	    0.83714	    0.47741	    0.11811	    0.70337	   -0.10401	
14	22	 3.6126e-12	 1.5967e-11	     227.39	    0.10817	-9.7531e+92	-9.7531e+92	 0.00095458	 8.4603e-05	     0.0000	 -0.0068565	 2.1402e-05	 0.00075050	
14	23	 6.6032e-05	 0.00029186	     114.84	     1.0952	-9.7531e+92	-9.7531e+92	  0.0016301	 0.00016448	     0.0000	-2.7764e-06	 9.5449e-05	 0.00015604	
14	24	 1.0003e-06	 4.4211e-06	     150.00	    0.49487	-9.7531e+92	-9.7531e+92	 0.00066133	 8.7308e-05	     0.0000	-1.8225e-06	 1.8720e-05	 4.6225e-05	
15	0	   0.012971	   0.014950	     189.51	    0.21584	-9.7531e+92	-9.7531e+92	   0.019190	  0.0036488	     0.0000	   -0.10351	   0.030905	   -0.13133	
15	1	   0.014737	   0.016986	     167.83	    0.33581	-9.7531e+92	-9.7531e+92	   0.016125	  0.0041654	     0.0000	   -0.11456	   0.033961	  -0.075793	
15	2	    0.19983	    0.23032	     21.827	     2.9932	-9.7531e+92	-9.7531e+92	   0.075272	   0.035193	   0.023831	    0.29406	    0.24081	    0.27106	
15	3	    0.14200	    0.16367	     84.108	     1.9994	-9.7531e+92	-9.7531e+92	   0.053331	   0.021408	   0.020613	   0.043259	  -0.012177	   0.071319	
15	4	   0.064416	   0.074246	     106.18	     1.3210	-9.7531e+92	-9.7531e+92	   0.053480	  0.0093946	     0.0000	 -0.0047100	   0.031033	 -0.0050475	
15	5	   0.015430	   0.017784	     104.94	     1.3557	-9.7531e+92	-9.7531e+92	  0.0079523	  0.0044660	     0.0000	  -0.015778	   0.025304	  -0.020849	
15	6	   0.013396	   0.015440	     96.746	     1.5991	-9.7531e+92	-9.7531e+92	  0.0060539	  0.0039572	     0.0000	 0.00092600	   0.020966	  0.0075339	
15	7	  0.0041300	  0.0047603	     131.62	    0.74982	-9.7531e+92	-9.7531e+92	   0.016113	  0.0011615	     0.0000	  -0.035694	  0.0068131	   -0.11632	
15	8	 3.1139e-05	 3.5891e-05	     159.01	    0.40580	-9.7531e+92	-9.7531e+92	  0.0014513	 2.8753e-05	     0.0000	  -0.012192	 0.00014292	  -0.025378	
15	9	 0.00089756	  0.0010345	     117.55	     1.0311	-9.7531e+92	-9.7531e+92	  0.0038315	 0.00028355	     0.0000	 -0.0042613	  0.0014400	  -0.016531	
15	10	 5.5130e-13	 6.3544e-13	     197.67	    0.18443	-9.7531e+92	-9.7531e+92	 6.7633e-05	 1.9819e-05	     0.0000	 -0.0011861	 9.3032e-05	-0.00083933	
15	11	 2.7455e-12	 3.1645e-12	     182.32	    0.24896	-9.7531e+92	-9.7531e+92	 8.1645e-05	 1.9882e-05	     0.0000	-0.00037405	 9.2588e-05	-0.00090439	
15	12	 5.5614e-08	 6.4101e-08	     166.81	    0.34315	-9.7531e+92	-9.7531e+92	 0.00012275	 1.9653e-05	     0.0000	 -0.0018717	 9.4879e-05	 -0.0017410	
15	13	    0.17033	    0.19632	     111.52	     1.1779	-9.7531e+92	-9.7531e+92	   0.066780	   0.046586	     0.0000	   0.024437	    0.39517	    0.20674	
15	14	    0.26319	    0.30335	     78.991	     2.1593	-9.7531e+92	-9.7531e+92	    0.11185	   0.072747	     0.0000	    0.37926	    0.58324	    0.31619	
15	15	     0.0000	     0.0000	     0.0000	     3.0000	-9.7531e+92	-9.7531e+92	    0.58619	     0.0000	    0.56504	     0.0000	     0.0000	     0.0000	
15	16	 0.00065280	 0.00075242	     65.362	     2.5370	-9.7531e+92	-9.7531e+92	 0.00055084	 0.00017465	     0.0000	-0.00033747	  0.0017367	-0.00037584	
15	17	 4.3043e-08	 4.9612e-08	     175.81	    0.28425	-9.7531e+92	-9.7531e+92	  0.0011027	 1.5220e-05	     0.0000	 -0.0077409	 0.00014160	 -0.0049775	
15	18	   0.097228	    0.11206	     116.73	     1.0502	-9.7531e+92	-9.7531e+92	   0.065217	   0.024650	     0.0000	   -0.12424	    0.19227	   -0.15250	
15	19	 0.00033385	 0.00038480	     131.26	    0.75593	-9.7531e+92	-9.7531e+92	  0.0010724	 0.00011172	     0.0000	 -0.0047216	 0.00064944	  -0.010863	
15	20	 0.00041039	 0.00047301	     124.66	    0.87845	-9.7531e+92	-9.7531e+92	   0.022590	 0.00012066	     0.0000	   -0.11193	 0.00078471	   -0.21280	
15	21	 1.5085e-05	 1.7386e-05	     175.65	    0.28523	-9.7531e+92	-9.7531e+92	   0.042306	 2.3188e-05	     0.0000	  -0.036819	 0.00012392	   -0.16067	
15	22	 6.4054e-06	 7.3829e-06	     163.21	    0.37056	-9.7531e+92	-9.7531e+92	  0.0015077	 1.6772e-05	     0.0000	  -0.010379	 0.00014713	 -0.0074716	
15	23	 4.1843e-06	 4.8229e-06	     149.47	    0.50076	-9.7531e+92	-9.7531e+92	 0.00017406	 2.1113e-05	     0.0000	-6.8267e-06	 9.9413e-05	 -0.0015048	
15	24	 1.4511e-12	 1.6726e-12	     189.75	    0.21485	-9.7531e+92	-9.7531e+92	 7.3048e-05	 1.9882e-05	     0.0000	-4.1756e-06	 9.2624e-05	-0.00040703	
16	0	 0.00030036	 6.7108e-05	     217.18	    0.12904	-9.7531e+92	-9.7531e+92	  0.0018814	 3.9629e-06	     0.0000	 -0.0041702	 2.7844e-05	 -0.0049506	
16	1	 0.00028055	 6.2682e-05	     207.46	    0.15366	-9.7531e+92	-9.7531e+92	  0.0015271	 3.8231e-06	     0.0000	 -0.0053589	 2.6119e-05	 -0.0033107	
16	2	    0.33263	   0.074318	     68.097	     2.4691	-9.7531e+92	-9.7531e+92	   0.023653	  0.0021934	   0.013682	  0.0090550	  0.0087797	   0.014255	
16	3	    0.22968	   0.051317	     111.94	     1.1671	-9.7531e+92	-9.7531e+92	   0.016929	  0.0021216	   0.010587	  0.0098537	   0.010969	   0.012810	
16	4	    0.11141	   0.024893	     75.439	     2.2661	-9.7531e+92	-9.7531e+92	   0.016824	 0.00058273	  0.0013355	 0.00070182	 -0.0027270	-6.8155e-05	
16	5	   0.052131	   0.011647	     71.546	     2.3771	-9.7531e+92	-9.7531e+92	  0.0035194	 0.00060076	     0.0000	  0.0011692	  0.0025254	  0.0014232	
16	6	  0.0025401	 0.00056752	     111.89	     1.1685	-9.7531e+92	-9.7531e+92	 0.00045547	 3.0220e-05	     0.0000	-4.9644e-05	 0.00012070	-0.00037160	
16	7	  0.0096499	  0.0021560	     137.28	    0.65913	-9.7531e+92	-9.7531e+92	  0.0020438	 0.00010550	     0.0000	 -0.0010852	 0.00048234	 -0.0032606	
16	8	 0.00043307	 9.6758e-05	     112.87	     1.1438	-9.7531e+92	-9.7531e+92	 0.00024434	 5.7504e-06	     0.0000	-0.00039488	 2.1917e-05	-0.00075469	
16	9	 1.5012e-05	 3.3541e-06	     159.83	    0.39862	-9.7531e+92	-9.7531e+92	 0.00035517	 9.4493e-07	     0.0000	-0.00015559	 3.6298e-06	-0.00055467	
16	10	 2.8489e-08	 6.3651e-09	     147.94	    0.51817	-9.7531e+92	-9.7531e+92	 1.2219e-05	 7.7806e-07	     0.0000	-3.9525e-05	 2.7585e-06	-2.5632e-05	
16	11	 1.7362e-06	 3.8791e-07	     142.85	    0.58099	-9.7531e+92	-9.7531e+92	 1.3485e-05	 7.9998e-07	     0.0000	-1.2424e-05	 2.8102e-06	-2.7534e-05	
16	12	 2.3196e-05	 5.1825e-06	     115.95	     1.0685	-9.7531e+92	-9.7531e+92	 2.2131e-05	 1.0367e-06	     0.0000	-6.0927e-05	 3.8861e-06	-5.1939e-05	
16	13	   0.033279	  0.0074354	     153.85	    0.45440	-9.7531e+92	-9.7531e+92	  0.0054689	 0.00035805	     0.0000	-0.00036770	  0.0025889	 -0.0029133	
16	14	    0.13137	   0.029352	     121.20	    0.94999	-9.7531e+92	-9.7531e+92	   0.015575	  0.0014306	     0.0000	  0.0014974	  0.0097241	  0.0011657	
16	15	   0.063745	   0.014242	     65.362	     2.5370	-9.7531e+92	-9.7531e+92	  0.0065953	 0.00066712	  0.0024948	  0.0012572	  0.0034249	  0.0025336	
16	16	     0.0000	     0.0000	     0.0000	     3.0000	-9.7531e+92	-9.7531e+92	    0.11182	     0.0000	    0.11162	     0.0000	     0.0000	     0.0000	
16	17	 1.8078e-07	 4.0391e-08	     148.25	    0.51453	-9.7531e+92	-9.7531e+92	 0.00034291	 6.4053e-07	     0.0000	-0.00028921	 4.5392e-06	-0.00013892	
16	18	   0.022244	  0.0049698	     110.59	     1.2021	-9.7531e+92	-9.7531e+92	  0.0066347	 0.00021847	     0.0000	 -0.0082689	  0.0013600	 -0.0094418	
16	19	  0.0014317	 0.00031988	     73.024	     2.3358	-9.7531e+92	-9.7531e+92	 0.00029843	 1.6399e-05	     0.0000	-0.00012899	 7.7751e-05	-0.00027292	
16	20	  0.0082138	  0.0018352	     74.477	     2.2942	-9.7531e+92	-9.7531e+92	  0.0027960	 8.1228e-05	     0.0000	 -0.0032680	 0.00045596	 -0.0060886	
16	21	 1.9463e-06	 4.3485e-07	     180.81	    0.25669	-9.7531e+92	-9.7531e+92	  0.0058520	 7.6190e-07	     0.0000	 -0.0012272	 3.1425e-06	 -0.0049259	
16	22	 0.00059593	 0.00013315	     106.73	     1.3057	-9.7531e+92	-9.7531e+92	 0.00050153	 5.9920e-06	     0.0000	-0.00023417	 5.4170e-05	-0.00023655	
16	23	 8.3274e-06	 1.8605e-06	     136.77	    0.66684	-9.7531e+92	-9.7531e+92	 2.4724e-05	 8.7543e-07	     0.0000	-2.2640e-07	 3.1243e-06	-4.5770e-05	
16	24	 1.7668e-10	 3.9475e-11	     177.80	    0.27291	-9.7531e+92	-9.7531e+92	 1.2165e-05	 7.7790e-07	     0.0000	-1.3915e-07	 2.7554e-06	-1.2437e-05	
17	0	 3.6450e-10	 1.5050e-10	     353.56	   0.019078	-9.7531e+92	-9.7531e+92	  0.0021556	 2.3136e-06	     0.0000	  -0.014454	 1.5415e-05	 -0.0085580	
17	1	 2.4185e-11	 9.9858e-12	     342.57	   0.021626	-9.7531e+92	-9.7531e+92	  0.0017097	 2.3508e-06	     0.0000	  -0.018601	 1.5090e-05	 -0.0055038	
17	2	    0.14133	   0.058355	     160.64	    0.39167	-9.7531e+92	-9.7531e+92	   0.028749	  0.0030078	   0.010322	   0.013653	   0.011191	  0.0058859	
17	3	    0.34442	    0.14221	     122.41	    0.92444	-9.7531e+92	-9.7531e+92	   0.046422	  0.0094273	   0.034702	   0.054579	   0.031019	   0.031289	
17	4	    0.38846	    0.16039	     73.525	     2.3215	-9.7531e+92	-9.7531e+92	   0.058010	  0.0062175	   0.029388	   0.022993	  -0.039084	  -0.038197	
17	5	 0.00070130	 0.00028956	     219.60	    0.12368	-9.7531e+92	-9.7531e+92	  0.0013487	 2.8199e-05	     0.0000	 -0.0041631	 0.00010204	 -0.0017255	
17	6	 2.3105e-10	 9.5399e-11	     251.72	   0.072906	-9.7531e+92	-9.7531e+92	 0.00039235	 2.4683e-06	     0.0000	-0.00023638	 8.4002e-06	-0.00058116	
17	7	 9.9239e-11	 4.0974e-11	     281.54	   0.047004	-9.7531e+92	-9.7531e+92	  0.0017365	 2.3145e-06	     0.0000	 -0.0043755	 9.1840e-06	 -0.0046023	
17	8	 8.0423e-11	 3.3206e-11	     258.50	   0.065716	-9.7531e+92	-9.7531e+92	 0.00024947	 2.4472e-06	     0.0000	 -0.0014056	 7.7943e-06	-0.00082774	
17	9	 1.4048e-11	 5.8003e-12	     293.28	   0.040011	-9.7531e+92	-9.7531e+92	 0.00041843	 2.4603e-06	     0.0000	-0.00053786	 7.9599e-06	-0.00060758	
17	10	 6.8454e-11	 2.8264e-11	     270.72	   0.054831	-9.7531e+92	-9.7531e+92	 2.0296e-05	 2.4744e-06	     0.0000	-0.00013644	 7.1824e-06	-2.5534e-05	
17	11	 3.3056e-11	 1.3648e-11	     290.18	   0.041722	-9.7531e+92	-9.7531e+92	 2.1606e-05	 2.4823e-06	     0.0000	-4.3029e-05	 7.1515e-06	-2.7752e-05	
17	12	 2.1193e-10	 8.7503e-11	     225.22	    0.11223	-9.7531e+92	-9.7531e+92	 4.0455e-05	 2.4470e-06	     0.0000	-0.00021532	 7.5437e-06	-5.3011e-05	
17	13	   0.012022	  0.0049639	     287.27	   0.043413	-9.7531e+92	-9.7531e+92	  0.0066467	 0.00041659	     0.0000	 -0.0019021	  0.0028675	 -0.0076599	
17	14	   0.016075	  0.0066370	     254.84	   0.069479	-9.7531e+92	-9.7531e+92	   0.017129	 0.00056199	     0.0000	  -0.028472	  0.0035916	  -0.010600	
17	15	  0.0087056	  0.0035944	     175.81	    0.28425	-9.7531e+92	-9.7531e+92	  0.0096218	 0.00029369	  0.0020441	-0.00094317	  0.0012405	-0.00061625	
17	16	 3.6478e-05	 1.5061e-05	     148.25	    0.51453	-9.7531e+92	-9.7531e+92	 0.00035452	 3.3798e-06	     0.0000	-0.00024457	 1.5996e-05	-4.0671e-05	
17	17	     0.0000	     0.0000	     0.0000	     3.0000	-9.7531e+92	-9.7531e+92	    0.20766	     0.0000	    0.20656	     0.0000	     0.0000	     0.0000	
17	18	  0.0099955	  0.0041270	     258.46	   0.065759	-9.7531e+92	-9.7531e+92	  0.0095019	 0.00031539	     0.0000	  -0.030871	  0.0018160	  -0.015530	
17	19	 0.00036533	 0.00015084	     187.53	    0.22442	-9.7531e+92	-9.7531e+92	 0.00095179	 1.5049e-05	     0.0000	-0.00053597	 5.9086e-05	-0.00034413	
17	20	 0.00015074	 6.2237e-05	     207.02	    0.15490	-9.7531e+92	-9.7531e+92	  0.0036052	 6.7873e-06	     0.0000	  -0.012170	 3.2318e-05	 -0.0070834	
17	21	 5.0036e-11	 2.0659e-11	     326.31	   0.026229	-9.7531e+92	-9.7531e+92	  0.0064419	 2.3615e-06	     0.0000	 -0.0042362	 8.2770e-06	 -0.0055457	
17	22	   0.077735	   0.032096	     106.10	     1.3231	-9.7531e+92	-9.7531e+92	  0.0096117	  0.0020714	  0.0079303	   0.014393	   0.027172	   0.016210	
17	23	 3.7063e-11	 1.5303e-11	     284.58	   0.045056	-9.7531e+92	-9.7531e+92	 3.2873e-05	 2.4800e-06	     0.0000	-7.8915e-07	 7.2974e-06	-4.7275e-05	
17	24	 4.0394e-11	 1.6678e-11	     325.25	   0.026569	-9.7531e+92	-9.7531e+92	 1.9090e-05	 2.4787e-06	     0.0000	-4.8034e-07	 7.2145e-06	-1.2596e-05	
18	0	    0.11577	    0.40110	     116.29	     1.0606	-9.7531e+92	-9.7531e+92	    0.13707	   0.074827	     0.0000	     0.0000	   -0.98656	     0.0000	
18	1	   0.031055	    0.10760	     111.77	     1.1715	-9.7531e+92	-9.7531e+92	   0.053151	   0.048250	     0.0000	  -0.091637	    0.18322	   -0.11006	
18	2	  0.0013854	  0.0047999	     137.27	    0.65930	-9.7531e+92	-9.7531e+92	   0.043650	  0.0025334	     0.0000	   -0.25732	  0.0081984	   -0.23996	
18	3	 4.2487e-06	 1.4721e-05	     199.21	    0.17912	-9.7531e+92	-9.7531e+92	   0.018277	 0.00012658	     0.0000	  -0.068917	 0.00045224	   -0.15862	
18	4	 9.5702e-06	 3.3158e-05	     186.18	    0.23049	-9.7531e+92	-9.7531e+92	   0.094673	 0.00012244	     0.0000	   -0.35831	 0.00038029	   -0.38472	
18	5	   0.015374	   0.053265	     53.346	     2.7752	-9.7531e+92	-9.7531e+92	   0.065901	   0.024442	     0.0000	  -0.023297	   0.057593	  -0.061977	
18	6	  0.0045405	   0.015732	     36.723	     2.9464	-9.7531e+92	-9.7531e+92	   0.012998	  0.0071451	     0.0000	 -0.0015348	   0.017421	  -0.025351	
18	7	   0.022640	   0.078443	     38.248	     2.9371	-9.7531e+92	-9.7531e+92	   0.058478	   0.031897	     0.0000	  -0.021037	   0.083723	   -0.24127	
18	8	 0.00062351	  0.0021603	     75.421	     2.2666	-9.7531e+92	-9.7531e+92	   0.037745	 0.00096425	     0.0000	  -0.017172	  0.0034140	  -0.073583	
18	9	 0.00060813	  0.0021070	     96.665	     1.6016	-9.7531e+92	-9.7531e+92	  0.0060562	  0.0010799	     0.0000	 -0.0064576	  0.0023143	  -0.051266	
18	10	 2.1901e-07	 7.5880e-07	     118.82	     1.0023	-9.7531e+92	-9.7531e+92	 0.00086365	 0.00010026	     0.0000	 -0.0017420	 0.00034699	 -0.0025715	
18	11	 3.9370e-05	 0.00013641	     81.269	     2.0888	-9.7531e+92	-9.7531e+92	  0.0012448	 0.00016020	     0.0000	-0.00050777	 0.00050622	 -0.0025569	
18	12	 2.6578e-07	 9.2086e-07	     120.73	    0.96010	-9.7531e+92	-9.7531e+92	  0.0022584	 0.00010487	     0.0000	 -0.0027495	 0.00031433	 -0.0053344	
18	13	   0.041340	    0.14323	     87.611	     1.8878	-9.7531e+92	-9.7531e+92	   0.092577	   0.051600	     0.0000	  -0.013147	   0.079256	   -0.19718	
18	14	   0.082232	    0.28491	     78.249	     2.1820	-9.7531e+92	-9.7531e+92	    0.15876	    0.12059	     0.0000	   -0.11711	    0.38550	   -0.17736	
18	15	 0.00042315	  0.0014661	     116.73	     1.0502	-9.7531e+92	-9.7531e+92	   0.011784	 0.00084991	     0.0000	  -0.023807	  0.0016111	  -0.096751	
18	16	 2.9164e-08	 1.0105e-07	     110.59	     1.2021	-9.7531e+92	-9.7531e+92	 0.00071881	 0.00013017	     0.0000	 -0.0035881	 0.00010811	 -0.0044150	
18	17	 4.4859e-13	 1.5542e-12	     258.46	   0.065759	-9.7531e+92	-9.7531e+92	  0.0018058	 0.00013208	     0.0000	  -0.018310	 0.00011196	  -0.013900	
18	18	     0.0000	     0.0000	     0.0000	     3.0000	-9.7531e+92	-9.7531e+92	     1.9266	     0.0000	     1.3300	     0.0000	     0.0000	     0.0000	
18	19	 2.2028e-06	 7.6320e-06	     118.15	     1.0174	-9.7531e+92	-9.7531e+92	   0.014091	 0.00011451	     0.0000	 -0.0073160	 0.00025824	  -0.034785	
18	20	    0.68108	     2.3598	     90.275	     1.8027	-9.7531e+92	-9.7531e+92	    0.65744	     1.0000	    0.24377	    0.82328	     2.6883	     3.0219	
18	21	  0.0021164	  0.0073329	     79.511	     2.1434	-9.7531e+92	-9.7531e+92	   0.063404	  0.0031677	     0.0000	  -0.025177	  0.0079958	   -0.46872	
18	22	 5.2074e-12	 1.8042e-11	     205.13	    0.16037	-9.7531e+92	-9.7531e+92	  0.0028538	 0.00012952	     0.0000	  -0.024895	 0.00014397	  -0.021539	
18	23	 0.00066149	  0.0022919	     36.898	     2.9454	-9.7531e+92	-9.7531e+92	  0.0015829	  0.0010627	     0.0000	-2.3317e-06	  0.0034590	 -0.0010666	
18	24	 9.4243e-05	 0.00032653	     74.739	     2.2865	-9.7531e+92	-9.7531e+92	 0.00036165	 0.00022241	     0.0000	-3.6458e-06	 0.00085721	-0.00073897	
19	0	 0.00048908	 0.00028040	     234.49	   0.096052	-9.7531e+92	-9.7531e+92	  0.0074978	 2.7149e-05	     0.0000	  -0.011279	 -0.0010004	   0.087683	
19	1	 0.00037367	 0.00021423	     226.57	    0.10968	-9.7531e+92	-9.7531e+92	  0.0049334	 2.4256e-05	     0.0000	  -0.014505	-0.00077012	   0.061344	
19	2	   0.086711	   0.049713	     139.30	    0.62950	-9.7531e+92	-9.7531e+92	   0.019792	  0.0042257	     0.0000	   0.015343	   -0.16701	  -0.053907	
19	3	  0.0023978	  0.0013747	     184.07	    0.24039	-9.7531e+92	-9.7531e+92	  0.0061380	 0.00013405	     0.0000	 -0.0038810	 -0.0045339	   0.032572	
19	4	    0.11296	   0.064764	     119.82	    0.98008	-9.7531e+92	-9.7531e+92	   0.028927	  0.0050053	     0.0000	   0.013440	   -0.22860	  -0.055888	
19	5	    0.17219	   0.098718	     64.874	     2.5486	-9.7531e+92	-9.7531e+92	   0.028734	  0.0099138	   0.013349	   0.018207	   -0.35162	   -0.19772	
19	6	  0.0031747	  0.0018201	     133.74	    0.71443	-9.7531e+92	-9.7531e+92	  0.0015589	 0.00018747	     0.0000	-0.00012186	 -0.0066915	  0.0083033	
19	7	  0.0075223	  0.0043127	     154.38	    0.44913	-9.7531e+92	-9.7531e+92	  0.0063753	 0.00040854	     0.0000	 -0.0030518	  -0.015391	   0.080498	
19	8	   0.019149	   0.010979	     80.536	     2.1117	-9.7531e+92	-9.7531e+92	  0.0052963	  0.0010126	     0.0000	 0.00030782	  -0.035880	 -0.0063550	
19	9	 8.5899e-09	 4.9248e-09	     193.08	    0.20137	-9.7531e+92	-9.7531e+92	 0.00098552	 3.8626e-06	     0.0000	-0.00042254	-0.00013935	   0.013974	
19	10	  0.0035484	  0.0020344	     85.643	     1.9506	-9.7531e+92	-9.7531e+92	 0.00065982	 0.00019563	 0.00034628	 0.00056308	 -0.0062366	 -0.0036997	
19	11	 0.00053746	 0.00030814	     108.78	     1.2499	-9.7531e+92	-9.7531e+92	 0.00026227	 3.4558e-05	     0.0000	 1.3182e-06	 -0.0012315	-2.8371e-05	
19	12	   0.028941	   0.016592	     44.530	     2.8865	-9.7531e+92	-9.7531e+92	  0.0043097	  0.0014670	  0.0037005	  0.0026764	  -0.038887	  -0.022949	
19	13	   0.045436	   0.026049	     184.51	    0.23831	-9.7531e+92	-9.7531e+92	   0.015208	  0.0024167	     0.0000	-0.00071276	  -0.077728	   0.036175	
19	14	    0.17232	   0.098794	     166.55	    0.34505	-9.7531e+92	-9.7531e+92	   0.044446	  0.0093654	     0.0000	   0.013446	   -0.30329	  -0.071761	
19	15	  0.0088196	  0.0050565	     131.26	    0.75593	-9.7531e+92	-9.7531e+92	  0.0046739	 0.00050401	     0.0000	-0.00077718	  -0.018249	   0.012978	
19	16	 0.00025016	 0.00014342	     73.024	     2.3358	-9.7531e+92	-9.7531e+92	 0.00022554	 1.8377e-05	     0.0000	-0.00015392	-0.00067055	 0.00081152	
19	17	 1.6604e-11	 9.5196e-12	     187.53	    0.22442	-9.7531e+92	-9.7531e+92	 0.00056505	 3.7479e-06	     0.0000	 -0.0010831	-0.00013813	  0.0036320	
19	18	    0.21355	    0.12243	     118.15	     1.0174	-9.7531e+92	-9.7531e+92	   0.051270	  0.0093899	     0.0000	  0.0050695	   -0.42348	  -0.052029	
19	19	     0.0000	     0.0000	     0.0000	     3.0000	-9.7531e+92	-9.7531e+92	    0.28793	     0.0000	    0.28418	     0.0000	     0.0000	     0.0000	
19	20	    0.10157	   0.058232	     28.400	     2.9806	-9.7531e+92	-9.7531e+92	   0.032845	  0.0048084	     0.0000	 -0.0011297	   -0.18542	   0.022665	
19	21	 3.8680e-07	 2.2176e-07	     197.71	    0.18427	-9.7531e+92	-9.7531e+92	   0.016757	 3.6960e-06	     0.0000	 -0.0033279	-0.00013899	    0.12206	
19	22	   0.020049	   0.011495	     93.933	     1.6868	-9.7531e+92	-9.7531e+92	  0.0036879	 0.00093982	  0.0013532	  0.0033322	  -0.030316	  -0.015430	
19	23	 1.0449e-05	 5.9908e-06	     121.29	    0.94810	-9.7531e+92	-9.7531e+92	 0.00013389	 4.4597e-06	     0.0000	-6.1242e-07	-0.00016279	  0.0011866	
19	24	 1.0698e-06	 6.1335e-07	     150.08	    0.49393	-9.7531e+92	-9.7531e+92	 5.1254e-05	 3.8926e-06	     0.0000	-3.7561e-07	-0.00014298	 0.00032324	
20	0	  0.0052233	  0.0041888	     206.61	    0.15606	-9.7531e+92	-9.7531e+92	   0.011555	  0.0027570	     0.0000	     0.0000	 0.00011045	   -0.19635	
20	1	  0.0019500	  0.0015638	     199.20	    0.17914	-9.7531e+92	-9.7531e+92	  0.0066558	  0.0018243	     0.0000	   -0.15391	  0.0092787	   -0.13767	
20	2	   0.062788	   0.050352	     139.77	    0.62284	-9.7531e+92	-9.7531e+92	   0.025409	   0.060581	     0.0000	   0.072745	    0.25666	   0.049696	
20	3	  0.0055917	  0.0044842	     185.64	    0.23299	-9.7531e+92	-9.7531e+92	   0.011377	  0.0056226	     0.0000	  -0.037287	   0.025587	  -0.063352	
20	4	    0.22857	    0.18330	     135.08	    0.69295	-9.7531e+92	-9.7531e+92	   0.060537	    0.20616	  0.0049447	    0.55407	    0.87809	    0.43571	
20	5	    0.13476	    0.10807	     39.691	     2.9273	-9.7531e+92	-9.7531e+92	   0.033315	    0.12547	   0.011795	    0.14811	    0.40266	    0.28195	
20	6	   0.015310	   0.012278	     111.59	     1.1762	-9.7531e+92	-9.7531e+92	  0.0044562	   0.014221	     0.0000	  0.0013384	   0.044955	   0.015770	
20	7	  0.0073896	  0.0059260	     126.68	    0.83907	-9.7531e+92	-9.7531e+92	  0.0094586	  0.0063380	     0.0000	  -0.033507	   0.022410	   -0.15665	
20	8	    0.10872	   0.087184	     51.987	     2.7958	-9.7531e+92	-9.7531e+92	   0.024068	   0.090444	   0.012552	   0.079753	    0.39511	    0.24254	
20	9	 2.0429e-07	 1.6383e-07	     174.09	    0.29453	-9.7531e+92	-9.7531e+92	  0.0014176	 6.3085e-05	     0.0000	 -0.0046288	 0.00018231	  -0.026136	
20	10	 0.00075679	 0.00060690	     74.457	     2.2947	-9.7531e+92	-9.7531e+92	 0.00050741	 0.00071039	 6.8841e-05	 0.00067311	  0.0031821	 0.00070175	
20	11	  0.0026785	  0.0021480	     83.734	     2.0113	-9.7531e+92	-9.7531e+92	 0.00073420	  0.0024591	 0.00026670	  0.0015475	  0.0091076	  0.0055068	
20	12	  0.0052147	  0.0041818	     45.010	     2.8817	-9.7531e+92	-9.7531e+92	  0.0014204	  0.0042064	 0.00056819	  0.0078326	   0.026429	   0.010733	
20	13	   0.066419	   0.053264	     165.04	    0.35635	-9.7531e+92	-9.7531e+92	   0.025277	   0.052527	     0.0000	 -0.0024318	    0.23491	  -0.027422	
20	14	   0.066458	   0.053295	     147.73	    0.52061	-9.7531e+92	-9.7531e+92	   0.041205	   0.057935	     0.0000	   -0.11852	    0.27958	   -0.13363	
20	15	  0.0021515	  0.0017254	     124.66	    0.87845	-9.7531e+92	-9.7531e+92	  0.0068783	  0.0021843	     0.0000	  -0.014491	  0.0061021	  -0.042060	
20	16	 0.00021645	 0.00017358	     74.477	     2.2942	-9.7531e+92	-9.7531e+92	 0.00041228	 0.00030049	     0.0000	 -0.0017848	 0.00055730	 -0.0015484	
20	17	 1.4743e-12	 1.1823e-12	     207.02	    0.15490	-9.7531e+92	-9.7531e+92	  0.0011063	 7.1603e-05	     0.0000	  -0.012337	 0.00013195	 -0.0066208	
20	18	    0.24666	    0.19781	     90.275	     1.8027	-9.7531e+92	-9.7531e+92	   0.079351	   0.087369	     0.0000	     0.0000	   -0.65676	     0.0000	
20	19	   0.037875	   0.030373	     28.400	     2.9806	-9.7531e+92	-9.7531e+92	  0.0091261	   0.033975	  0.0038799	   0.023862	    0.13517	   0.080387	
20	20	     0.0000	     0.0000	     0.0000	     3.0000	-9.7531e+92	-9.7531e+92	    0.42944	     0.0000	    0.33369	     0.0000	     0.0000	     0.0000	
20	21	 1.8116e-07	 1.4528e-07	     169.84	    0.32188	-9.7531e+92	-9.7531e+92	   0.015754	 5.8487e-05	     0.0000	  -0.036457	 0.00019164	   -0.23064	
20	22	 9.7987e-05	 7.8579e-05	     116.48	     1.0560	-9.7531e+92	-9.7531e+92	  0.0017774	 0.00016996	     0.0000	  -0.016364	 0.00040891	  -0.010037	
20	23	  0.0011585	 0.00092901	     93.058	     1.7144	-9.7531e+92	-9.7531e+92	 0.00051499	  0.0010943	     0.0000	 2.3510e-06	  0.0038359	 0.00076096	
20	24	 6.1356e-06	 4.9204e-06	     121.85	    0.93617	-9.7531e+92	-9.7531e+92	 0.00010539	 6.3183e-05	     0.0000	-4.0246e-06	 0.00024175	-0.00057680	
21	0	    0.25008	    0.25568	     39.458	     2.9290	-9.7531e+92	-9.7531e+92	   0.084650	    0.23515	  0.0094329	    0.58381	     3.1781	     1.1998	
21	1	    0.17434	    0.17825	     57.297	     2.7081	-9.7531e+92	-9.7531e+92	   0.059985	    0.15119	  0.0083202	    0.76772	     2.0467	    0.83453	
21	2	 0.00016797	 0.00017173	     197.19	    0.18609	-9.7531e+92	-9.7531e+92	  0.0050735	 0.00020684	     0.0000	   -0.34909	  0.0027557	   -0.29336	
21	3	 1.9012e-06	 1.9438e-06	     259.71	   0.064522	-9.7531e+92	-9.7531e+92	  0.0013637	 5.1075e-05	     0.0000	  -0.080024	 0.00073499	   -0.18900	
21	4	 4.9010e-06	 5.0108e-06	     253.96	   0.070430	-9.7531e+92	-9.7531e+92	  0.0055327	 6.0565e-05	     0.0000	   -0.47282	 0.00083638	   -0.45746	
21	5	  0.0026230	  0.0026818	     132.91	    0.72808	-9.7531e+92	-9.7531e+92	  0.0046223	  0.0019552	     0.0000	     0.0000	   0.031334	   -0.15489	
21	6	   0.015167	   0.015507	     78.899	     2.1621	-9.7531e+92	-9.7531e+92	  0.0065134	   0.013687	     0.0000	  0.0025594	    0.17158	   0.037836	
21	7	   0.090230	   0.092252	     44.967	     2.8822	-9.7531e+92	-9.7531e+92	   0.054266	   0.077361	     0.0000	   0.025470	     1.0136	    0.14878	
21	8	 0.00032511	 0.00033239	     132.38	    0.73687	-9.7531e+92	-9.7531e+92	  0.0018809	 0.00037687	     0.0000	  -0.023152	  0.0042902	  -0.088676	
21	9	   0.027152	   0.027761	     83.320	     2.0244	-9.7531e+92	-9.7531e+92	   0.010652	   0.024037	 0.00024564	   0.015236	    0.30750	    0.10818	
21	10	 3.4779e-08	 3.5558e-08	     171.26	    0.31241	-9.7531e+92	-9.7531e+92	 7.0589e-05	 6.6784e-05	     0.0000	 -0.0022995	 0.00071453	 -0.0030303	
21	11	 4.7902e-05	 4.8975e-05	     128.65	    0.80225	-9.7531e+92	-9.7531e+92	 0.00010195	 0.00011361	     0.0000	-0.00065805	  0.0012328	 -0.0029586	
21	12	 2.2133e-12	 2.2629e-12	     187.39	    0.22505	-9.7531e+92	-9.7531e+92	 0.00013357	 6.6941e-05	     0.0000	 -0.0036290	 0.00071342	 -0.0062855	
21	13	    0.18868	    0.19291	     76.619	     2.2311	-9.7531e+92	-9.7531e+92	   0.067700	    0.14558	     0.0000	   0.056590	     2.0632	    0.77010	
21	14	    0.14624	    0.14952	     101.18	     1.4647	-9.7531e+92	-9.7531e+92	   0.062819	   0.045630	     0.0000	     0.0000	    0.15434	     0.0000	
21	15	 0.00015037	 0.00015374	     175.65	    0.28523	-9.7531e+92	-9.7531e+92	  0.0011288	 0.00018628	     0.0000	  -0.031893	  0.0024567	   -0.11604	
21	16	 1.1084e-12	 1.1332e-12	     180.81	    0.25669	-9.7531e+92	-9.7531e+92	 6.9472e-05	 6.3087e-05	     0.0000	 -0.0047347	 0.00073367	 -0.0051987	
21	17	 8.1199e-13	 8.3018e-13	     326.31	   0.026229	-9.7531e+92	-9.7531e+92	 0.00013388	 6.5844e-05	     0.0000	  -0.024161	 0.00071206	  -0.016378	
21	18	    0.10147	    0.10374	     79.511	     2.1434	-9.7531e+92	-9.7531e+92	   0.087046	   0.086538	     0.0000	   -0.22729	     1.2036	   -0.47091	
21	19	 8.0571e-09	 8.2376e-09	     197.71	    0.18427	-9.7531e+92	-9.7531e+92	 0.00068430	 6.2141e-05	     0.0000	 -0.0096569	 0.00074379	  -0.041024	
21	20	 3.7932e-06	 3.8782e-06	     169.84	    0.32188	-9.7531e+92	-9.7531e+92	   0.029763	 6.3631e-05	     0.0000	   -0.23122	 0.00077110	   -0.75891	
21	21	     0.0000	     0.0000	     0.0000	     3.0000	-9.7531e+92	-9.7531e+92	    0.53680	     0.0000	    0.44593	     0.0000	     0.0000	     0.0000	
21	22	 1.1847e-12	 1.2112e-12	     284.69	   0.044983	-9.7531e+92	-9.7531e+92	 0.00019343	 6.6242e-05	     0.0000	  -0.032849	 0.00071516	  -0.025396	
21	23	  0.0023116	  0.0023634	     78.648	     2.1698	-9.7531e+92	-9.7531e+92	 0.00079315	  0.0022731	     0.0000	 2.2426e-05	   0.026265	  0.0091624	
21	24	 0.00099908	  0.0010215	     85.071	     1.9688	-9.7531e+92	-9.7531e+92	 0.00033034	  0.0010532	 2.5122e-05	 2.6728e-05	   0.011514	  0.0048378	
22	0	 2.7547e-05	 1.7018e-05	     321.47	   0.027830	-9.7531e+92	-9.7531e+92	  0.0032950	 4.8479e-06	     0.0000	  -0.023951	-2.3212e-05	   0.017536	
22	1	 5.7653e-06	 3.5616e-06	     312.59	   0.031097	-9.7531e+92	-9.7531e+92	  0.0024474	 3.7970e-06	     0.0000	  -0.030832	-1.8861e-05	   0.012965	
22	2	   0.050754	   0.031353	     161.29	    0.38622	-9.7531e+92	-9.7531e+92	   0.029996	  0.0016035	  0.0024255	  0.0017127	  -0.025497	 -0.0021022	
22	3	    0.18893	    0.11671	     164.94	    0.35711	-9.7531e+92	-9.7531e+92	   0.046856	  0.0083705	   0.029321	   0.046478	  -0.074387	  -0.045111	
22	4	    0.57101	    0.35275	     82.638	     2.0459	-9.7531e+92	-9.7531e+92	    0.10729	   0.013389	   0.064468	   0.078554	   -0.44681	   -0.31391	
22	5	   0.024233	   0.014970	     151.89	    0.47454	-9.7531e+92	-9.7531e+92	  0.0071958	  0.0013259	     0.0000	-0.00068209	  -0.010869	 0.00093563	
22	6	 3.4126e-05	 2.1081e-05	     216.08	    0.13159	-9.7531e+92	-9.7531e+92	 0.00063933	 5.5433e-06	     0.0000	-0.00039041	-4.6552e-05	  0.0034070	
22	7	 3.6493e-06	 2.2544e-06	     241.36	   0.085874	-9.7531e+92	-9.7531e+92	  0.0025610	 3.6274e-06	     0.0000	 -0.0072528	-3.0806e-05	   0.023888	
22	8	 0.00024979	 0.00015431	     168.70	    0.32968	-9.7531e+92	-9.7531e+92	  0.0010089	 1.7211e-05	     0.0000	 -0.0022847	-0.00015139	  0.0053879	
22	9	 1.6224e-12	 1.0023e-12	     266.14	   0.058633	-9.7531e+92	-9.7531e+92	 0.00054045	 3.6567e-06	     0.0000	-0.00089161	-3.1687e-05	  0.0038246	
22	10	 4.5575e-12	 2.8154e-12	     176.66	    0.27933	-9.7531e+92	-9.7531e+92	 6.4435e-05	 3.6704e-06	     0.0000	-0.00022584	-3.3074e-05	 0.00018987	
22	11	 2.5000e-12	 1.5444e-12	     200.45	    0.17499	-9.7531e+92	-9.7531e+92	 5.3162e-05	 3.6867e-06	     0.0000	-7.1329e-05	-3.3301e-05	 0.00020340	
22	12	 0.00034146	 0.00021094	     131.16	    0.75767	-9.7531e+92	-9.7531e+92	 0.00030322	 2.2136e-05	     0.0000	-0.00023339	-0.00019449	 0.00025892	
22	13	  0.0014250	 0.00088033	     260.15	   0.064098	-9.7531e+92	-9.7531e+92	  0.0082343	 7.6393e-05	     0.0000	 -0.0036762	-0.00034507	   0.017070	
22	14	   0.011116	  0.0068669	     227.39	    0.10817	-9.7531e+92	-9.7531e+92	   0.023281	 0.00057879	     0.0000	  -0.049596	 -0.0029699	   0.026364	
22	15	  0.0043569	  0.0026915	     163.21	    0.37056	-9.7531e+92	-9.7531e+92	   0.013399	 0.00022151	  0.0020610	 -0.0022922	 -0.0019412	  0.0051288	
22	16	  0.0015989	 0.00098773	     106.73	     1.3057	-9.7531e+92	-9.7531e+92	 0.00086739	 8.1691e-05	 0.00031625	 0.00040070	-0.00072077	-0.00030782	
22	17	   0.019947	   0.012323	     106.10	     1.3231	-9.7531e+92	-9.7531e+92	  0.0050780	 0.00077009	  0.0034355	  0.0078486	  0.0057005	  0.0045312	
22	18	   0.013263	  0.0081931	     205.13	    0.16037	-9.7531e+92	-9.7531e+92	   0.017934	 0.00061897	     0.0000	  -0.050145	 -0.0046013	   0.046054	
22	19	   0.076826	   0.047460	     93.933	     1.6868	-9.7531e+92	-9.7531e+92	   0.013101	  0.0038125	  0.0090598	  0.0092813	  -0.023290	  -0.022206	
22	20	   0.035877	   0.022163	     116.48	     1.0560	-9.7531e+92	-9.7531e+92	   0.012648	  0.0016595	     0.0000	  -0.014222	  -0.015374	   0.031722	
22	21	 2.4079e-11	 1.4875e-11	     284.69	   0.044983	-9.7531e+92	-9.7531e+92	  0.0087649	 3.5092e-06	     0.0000	 -0.0070224	-3.1034e-05	   0.033073	
22	22	     0.0000	     0.0000	     0.0000	     3.0000	-9.7531e+92	-9.7531e+92	    0.31205	     0.0000	    0.30953	     0.0000	     0.0000	     0.0000	
22	23	 1.6024e-12	 9.8989e-13	     209.07	    0.14920	-9.7531e+92	-9.7531e+92	 5.8294e-05	 3.6844e-06	     0.0000	-1.3082e-06	-3.3041e-05	 0.00033572	
22	24	 2.0996e-12	 1.2970e-12	     237.89	   0.090842	-9.7531e+92	-9.7531e+92	 3.0113e-05	 3.6819e-06	     0.0000	-7.9625e-07	-3.3213e-05	 9.1014e-05	
23	0	   0.087491	   0.041904	     119.13	    0.99543	-9.7531e+92	-9.7531e+92	   0.021234	 0.00082146	     0.0000	 0.00049868	  -0.036110	 -0.0044791	
23	1	   0.035389	   0.016950	     132.72	    0.73117	-9.7531e+92	-9.7531e+92	   0.011599	 0.00033141	     0.0000	 -0.0010224	  -0.014936	  0.0049915	
23	2	  0.0014586	 0.00069859	     168.40	    0.33177	-9.7531e+92	-9.7531e+92	  0.0030806	 1.5206e-05	     0.0000	 -0.0036851	-0.00066180	   0.014870	
23	3	 2.7631e-05	 1.3234e-05	     228.38	    0.10637	-9.7531e+92	-9.7531e+92	 0.00085529	 9.5880e-07	     0.0000	-0.00098784	-3.9996e-05	  0.0095611	
23	4	 6.6327e-06	 3.1767e-06	     212.30	    0.14074	-9.7531e+92	-9.7531e+92	  0.0036451	 7.0997e-07	     0.0000	 -0.0051403	-3.1909e-05	   0.023902	
23	5	   0.038032	   0.018216	     65.633	     2.5304	-9.7531e+92	-9.7531e+92	  0.0071191	 0.00039135	     0.0000	 0.00032770	  -0.017754	 -0.0040910	
23	6	   0.011002	  0.0052693	     73.330	     2.3271	-9.7531e+92	-9.7531e+92	  0.0027071	 0.00011489	     0.0000	 8.2885e-06	 -0.0052005	-0.00064905	
23	7	    0.16348	   0.078300	     58.677	     2.6821	-9.7531e+92	-9.7531e+92	   0.028529	  0.0015337	     0.0000	  0.0011526	  -0.075349	  -0.034957	
23	8	  0.0030366	  0.0014544	     54.810	     2.7517	-9.7531e+92	-9.7531e+92	  0.0016531	 2.8240e-05	     0.0000	-0.00011490	 -0.0011903	  0.0033582	
23	9	 0.00025165	 0.00012053	     121.73	    0.93874	-9.7531e+92	-9.7531e+92	  0.0019283	 3.2849e-06	     0.0000	-9.6107e-05	-0.00015051	  0.0036518	
23	10	 0.00011821	 5.6616e-05	     95.614	     1.6342	-9.7531e+92	-9.7531e+92	 5.9708e-05	 1.9120e-06	     0.0000	-1.5103e-05	-8.1690e-05	 0.00013057	
23	11	  0.0021000	  0.0010058	     53.605	     2.7712	-9.7531e+92	-9.7531e+92	 0.00030635	 1.8738e-05	 2.7130e-05	 7.2922e-06	-0.00042994	-0.00018388	
23	12	 2.6977e-05	 1.2921e-05	     109.85	     1.2215	-9.7531e+92	-9.7531e+92	 9.0512e-05	 9.8211e-07	     0.0000	-3.2077e-05	-4.2868e-05	 0.00036441	
23	13	    0.22994	    0.11013	     113.01	     1.1402	-9.7531e+92	-9.7531e+92	   0.036313	  0.0021144	     0.0000	 0.00084032	  -0.095098	  -0.049297	
23	14	   0.098456	   0.047156	     114.84	     1.0952	-9.7531e+92	-9.7531e+92	   0.026193	 0.00090793	     0.0000	-0.00081271	  -0.041904	  0.0050073	
23	15	 0.00011798	 5.6506e-05	     149.47	    0.50076	-9.7531e+92	-9.7531e+92	 0.00068291	 1.9324e-06	     0.0000	-0.00034735	-8.6916e-05	  0.0066666	
23	16	 1.3539e-07	 6.4847e-08	     136.77	    0.66684	-9.7531e+92	-9.7531e+92	 3.9289e-05	 7.2892e-07	     0.0000	-5.1466e-05	-3.2697e-05	 0.00031153	
23	17	 3.7570e-13	 1.7994e-13	     284.58	   0.045056	-9.7531e+92	-9.7531e+92	 8.1546e-05	 7.2899e-07	     0.0000	-0.00026267	-3.2462e-05	 0.00097285	
23	18	    0.30606	    0.14659	     36.898	     2.9454	-9.7531e+92	-9.7531e+92	   0.059069	  0.0026990	     0.0000	  0.0046536	   -0.13497	  -0.045459	
23	19	 4.4722e-05	 2.1420e-05	     121.29	    0.94810	-9.7531e+92	-9.7531e+92	 0.00047491	 1.1875e-06	     0.0000	-0.00010421	-5.3332e-05	  0.0024018	
23	20	  0.0027039	  0.0012951	     93.058	     1.7144	-9.7531e+92	-9.7531e+92	   0.020532	 2.6822e-05	     0.0000	 -0.0021233	 -0.0012871	   0.043257	
23	21	   0.018298	  0.0087641	     78.648	     2.1698	-9.7531e+92	-9.7531e+92	   0.012727	 0.00017630	     0.0000	-0.00061651	 -0.0084583	   0.025988	
23	22	 4.7615e-12	 2.2805e-12	     209.07	    0.14920	-9.7531e+92	-9.7531e+92	 0.00012097	 7.2489e-07	     0.0000	-0.00035713	-3.2165e-05	  0.0014940	
23	23	     0.0000	     0.0000	     0.0000	     3.0000	-9.7531e+92	-9.7531e+92	    0.23958	     0.0000	    0.23914	     0.0000	     0.0000	     0.0000	
23	24	  0.0019624	 0.00093989	     40.708	     2.9198	-9.7531e+92	-9.7531e+92	 0.00027845	 2.0600e-05	 0.00013547	     0.0000	-0.00087530	-0.00060314	
24	0	    0.14388	   0.061459	     123.34	    0.90511	-9.7531e+92	-9.7531e+92	   0.024023	 0.00079299	     0.0000	  0.0029086	  -0.069653	  -0.031947	
24	1	    0.10761	   0.045964	     142.19	    0.58963	-9.7531e+92	-9.7531e+92	   0.017033	 0.00057874	     0.0000	  0.0044277	  -0.053228	  -0.026411	
24	2	 0.00023745	 0.00010143	     210.29	    0.14595	-9.7531e+92	-9.7531e+92	  0.0024616	 1.6735e-06	     0.0000	 -0.0043615	-0.00015627	   0.021454	
24	3	 2.5412e-07	 1.0855e-07	     270.69	   0.054855	-9.7531e+92	-9.7531e+92	 0.00076166	 3.7798e-07	     0.0000	 -0.0011381	-3.3760e-05	   0.013441	
24	4	 4.0098e-07	 1.7128e-07	     253.16	   0.071301	-9.7531e+92	-9.7531e+92	  0.0034192	 3.5974e-07	     0.0000	 -0.0059170	-3.4535e-05	   0.033539	
24	5	   0.028910	   0.012349	     106.34	     1.3165	-9.7531e+92	-9.7531e+92	  0.0055975	 0.00016803	     0.0000	 7.0469e-05	  -0.015769	 -0.0010696	
24	6	   0.022056	  0.0094214	     108.13	     1.2674	-9.7531e+92	-9.7531e+92	  0.0034317	 0.00012983	     0.0000	 6.9219e-05	  -0.012129	 -0.0065881	
24	7	   0.071679	   0.030618	     84.614	     1.9834	-9.7531e+92	-9.7531e+92	   0.017751	 0.00038657	     0.0000	 6.3464e-05	  -0.038763	 -0.0023409	
24	8	   0.012619	  0.0053902	     77.960	     2.1908	-9.7531e+92	-9.7531e+92	  0.0026092	 6.9743e-05	     0.0000	-2.9498e-05	 -0.0066979	 0.00084785	
24	9	 0.00015204	 6.4942e-05	     149.07	    0.50520	-9.7531e+92	-9.7531e+92	  0.0014053	 1.2785e-06	     0.0000	-0.00011173	-0.00012075	  0.0051588	
24	10	 9.7034e-05	 4.1448e-05	     102.71	     1.4197	-9.7531e+92	-9.7531e+92	 6.5346e-05	 8.6316e-07	     0.0000	-1.5686e-05	-7.4408e-05	 0.00016383	
24	11	 0.00067381	 0.00028782	     56.094	     2.7297	-9.7531e+92	-9.7531e+92	 0.00012948	 2.4746e-06	     0.0000	 4.5050e-07	-0.00011823	-2.0654e-05	
24	12	 2.3091e-05	 9.8635e-06	     132.31	    0.73810	-9.7531e+92	-9.7531e+92	 9.3457e-05	 5.2606e-07	     0.0000	-3.8799e-05	-4.9324e-05	 0.00050798	
24	13	    0.17960	   0.076715	     142.21	    0.58941	-9.7531e+92	-9.7531e+92	   0.026447	 0.00098073	     0.0000	 0.00065108	  -0.086113	  -0.046730	
24	14	   0.049861	   0.021298	     150.00	    0.49487	-9.7531e+92	-9.7531e+92	   0.017207	 0.00026323	     0.0000	 -0.0039092	  -0.024814	   0.029549	
24	15	 2.6777e-05	 1.1438e-05	     189.75	    0.21485	-9.7531e+92	-9.7531e+92	 0.00057637	 5.4554e-07	     0.0000	-0.00040180	-5.1178e-05	  0.0093743	
24	16	 1.2180e-13	 5.2028e-14	     177.80	    0.27291	-9.7531e+92	-9.7531e+92	 3.6079e-05	 4.0104e-07	     0.0000	-5.9247e-05	-3.7605e-05	 0.00043541	
24	17	 2.4834e-12	 1.0608e-12	     325.25	   0.026569	-9.7531e+92	-9.7531e+92	 7.5646e-05	 4.0038e-07	     0.0000	-0.00030233	-3.7406e-05	  0.0013598	
24	18	    0.36435	    0.15563	     74.739	     2.2865	-9.7531e+92	-9.7531e+92	   0.060033	  0.0018820	     0.0000	  0.0076930	   -0.18566	  -0.091665	
24	19	 1.5055e-05	 6.4307e-06	     150.08	    0.49393	-9.7531e+92	-9.7531e+92	 0.00048352	 4.8602e-07	     0.0000	-0.00012008	-4.5505e-05	  0.0033732	
24	20	  0.0010451	 0.00044642	     121.85	    0.93617	-9.7531e+92	-9.7531e+92	   0.020665	 6.1166e-06	     0.0000	 -0.0027602	-0.00061301	   0.061352	
24	21	   0.011343	  0.0048450	     85.071	     1.9688	-9.7531e+92	-9.7531e+92	  0.0083625	 6.2382e-05	     0.0000	-0.00077515	 -0.0062088	   0.039895	
24	22	 7.5662e-13	 3.2319e-13	     237.89	   0.090842	-9.7531e+92	-9.7531e+92	 0.00011315	 3.9853e-07	     0.0000	-0.00041105	-3.7164e-05	  0.0020888	
24	23	  0.0058224	  0.0024870	     40.708	     2.9198	-9.7531e+92	-9.7531e+92	 0.00072247	 3.4126e-05	 0.00032703	 4.0393e-08	 -0.0031895	 -0.0025477	
24	24	     0.0000	     0.0000	     0.0000	     3.0000	-9.7531e+92	-9.7531e+92	    0.21360	     0.0000	    0.21348	     0.0000	     0.0000	     0.0000	
