#source	Target	value	weight	distance	potential1	geneCorrelation	separation	influenceWeight	betweenness	influence'Weight	betweenness'	nbetweenness	nbetweenness'	
0	0	     0.0000	     0.0000	     0.0000	     3.0000	-9.7531e+92	-9.7531e+92	     3.1697	     0.0000	     2.7464	     0.0000	     0.0000	     0.0000	
0	1	    0.12717	    0.77125	     35.562	     2.9528	-9.7531e+92	-9.7531e+92	    0.28376	   0.076213	     0.0000	   0.015321	   0.056382	  -0.043610	
0	2	  0.0018352	   0.011130	     211.35	    0.14318	-9.7531e+92	-9.7531e+92	    0.15235	  0.0020051	     0.0000	  -0.070195	   0.010203	 -0.0068001	
0	3	 2.3376e-05	 0.00014177	     273.88	   0.052386	-9.7531e+92	-9.7531e+92	   0.026927	 9.1018e-05	     0.0000	  -0.031719	 0.00050593	 -0.0051754	
0	4	 1.3171e-07	 7.9876e-07	     281.58	   0.046977	-9.7531e+92	-9.7531e+92	   0.030034	 6.9578e-05	     0.0000	  -0.078240	 0.00035129	 -0.0027678	
0	5	 0.00085058	  0.0051585	     169.69	    0.32292	-9.7531e+92	-9.7531e+92	   0.049258	 0.00094329	     0.0000	  -0.048883	  0.0043032	 2.7369e-05	
0	6	    0.12999	    0.78834	     105.31	     1.3454	-9.7531e+92	-9.7531e+92	    0.23105	    0.13157	   0.089267	    0.11446	    0.62374	-0.00073875	
0	7	   0.080242	    0.48664	     80.265	     2.1201	-9.7531e+92	-9.7531e+92	    0.18083	   0.073498	  0.0039864	   0.068557	    0.40381	-0.00047848	
0	8	 0.00010447	 0.00063359	     172.11	    0.30693	-9.7531e+92	-9.7531e+92	  0.0070681	 0.00017141	     0.0000	 -0.0061191	 0.00086050	 0.00019318	
0	9	   0.039519	    0.23967	     86.890	     1.9108	-9.7531e+92	-9.7531e+92	    0.23463	   0.028970	     0.0000	  -0.015281	    0.20397	 -0.0091478	
0	10	 3.0303e-13	 1.8378e-12	     210.64	    0.14503	-9.7531e+92	-9.7531e+92	  0.0015232	 7.4716e-05	     0.0000	 -0.0026327	 0.00027975	 6.5151e-05	
0	11	 9.7849e-07	 5.9342e-06	     167.10	    0.34103	-9.7531e+92	-9.7531e+92	 0.00047484	 6.8392e-05	     0.0000	-0.00043150	 0.00035335	 1.8257e-05	
0	12	 8.1663e-14	 4.9526e-13	     226.76	    0.10933	-9.7531e+92	-9.7531e+92	  0.0037012	 7.4782e-05	     0.0000	 -0.0068618	 0.00028018	 0.00014231	
0	13	    0.12585	    0.76323	     86.013	     1.9388	-9.7531e+92	-9.7531e+92	    0.31808	    0.10494	     0.0000	  0.0064949	    0.56073	  0.0077739	
0	14	    0.17107	     1.0375	     114.85	     1.0949	-9.7531e+92	-9.7531e+92	    0.36921	    0.12806	     0.0000	  0.0076534	    0.50224	   0.015142	
0	15	 6.4896e-05	 0.00039358	     189.51	    0.21584	-9.7531e+92	-9.7531e+92	   0.044715	 0.00012727	     0.0000	  -0.054137	 0.00063310	 0.00018768	
0	16	 3.0031e-13	 1.8213e-12	     217.18	    0.12904	-9.7531e+92	-9.7531e+92	 0.00031794	 7.3331e-05	     0.0000	-0.00024573	 0.00027297	 1.0995e-05	
0	17	 1.1241e-13	 6.8176e-13	     353.56	   0.019078	-9.7531e+92	-9.7531e+92	  0.0018521	 7.4721e-05	     0.0000	  -0.013945	 0.00026876	 0.00015834	
0	18	    0.25032	     1.5181	     116.29	     1.0606	-9.7531e+92	-9.7531e+92	    0.49101	    0.26890	  0.0083296	    0.33564	     1.2995	   0.010327	
0	19	 1.3177e-13	 7.9916e-13	     234.49	   0.096052	-9.7531e+92	-9.7531e+92	    0.27917	 6.8362e-05	     0.0000	   -0.16400	 0.00028678	  0.0024654	
0	20	 1.7913e-13	 1.0864e-12	     206.61	    0.15606	-9.7531e+92	-9.7531e+92	   0.041864	 7.1141e-05	     0.0000	  -0.016614	 0.00028844	  0.0011039	
0	21	   0.066228	    0.40165	     39.458	     2.9290	-9.7531e+92	-9.7531e+92	    0.13190	   0.058920	   0.035473	   0.033352	    0.33925	-0.00038797	
0	22	 8.2075e-16	 4.9776e-15	     321.47	   0.027830	-9.7531e+92	-9.7531e+92	  0.0024951	 7.5307e-05	     0.0000	  -0.011625	 0.00027450	 0.00013395	
0	23	  0.0031987	   0.019399	     119.13	    0.99543	-9.7531e+92	-9.7531e+92	  0.0059534	  0.0033679	  0.0017692	  0.0056848	   0.015534	-9.2825e-05	
0	24	  0.0035355	   0.021442	     123.34	    0.90511	-9.7531e+92	-9.7531e+92	  0.0061656	  0.0031064	  0.0028507	 0.00058197	   0.022737	  0.0018620	
1	0	    0.21535	     1.2387	     35.562	     2.9528	-9.7531e+92	-9.7531e+92	    0.44765	    0.10330	   0.046104	   0.017909	    0.18929	  -0.069462	
1	1	     0.0000	     0.0000	     0.0000	     3.0000	-9.7531e+92	-9.7531e+92	     2.9997	     0.0000	     2.7120	     0.0000	     0.0000	     0.0000	
1	2	  0.0080873	   0.046519	     184.62	    0.23778	-9.7531e+92	-9.7531e+92	    0.12412	  0.0059793	     0.0000	  -0.024942	   0.030022	   0.050281	
1	3	 0.00061532	  0.0035394	     244.14	   0.082134	-9.7531e+92	-9.7531e+92	   0.025695	 0.00047623	     0.0000	  -0.011965	  0.0025519	   0.024079	
1	4	 3.3673e-06	 1.9369e-05	     272.02	   0.053810	-9.7531e+92	-9.7531e+92	   0.019796	 5.1016e-05	     0.0000	  -0.029935	 0.00025505	   0.025189	
1	5	  0.0027278	   0.015690	     161.91	    0.38106	-9.7531e+92	-9.7531e+92	   0.044912	  0.0020536	     0.0000	  -0.017885	  0.0089610	   0.027677	
1	6	   0.038682	    0.22250	     96.519	     1.6061	-9.7531e+92	-9.7531e+92	    0.11017	   0.027666	     0.0000	  0.0062961	    0.13057	  -0.010429	
1	7	   0.046201	    0.26575	     75.481	     2.2648	-9.7531e+92	-9.7531e+92	    0.14783	   0.030513	     0.0000	   0.011747	    0.16267	  -0.011635	
1	8	 1.7184e-05	 9.8843e-05	     184.58	    0.23797	-9.7531e+92	-9.7531e+92	  0.0043610	 6.1972e-05	     0.0000	 -0.0023638	 0.00026830	  0.0055492	
1	9	    0.10224	    0.58811	     55.376	     2.7421	-9.7531e+92	-9.7531e+92	    0.30940	   0.057328	     0.0000	  0.0010301	    0.35950	 -0.0026005	
1	10	 2.3252e-13	 1.3375e-12	     228.04	    0.10699	-9.7531e+92	-9.7531e+92	 0.00096326	 5.2448e-05	     0.0000	 -0.0010071	 0.00019459	  0.0011674	
1	11	 1.5491e-12	 8.9107e-12	     185.20	    0.23505	-9.7531e+92	-9.7531e+92	 0.00035668	 5.0302e-05	     0.0000	-0.00016525	 0.00020299	 0.00034375	
1	12	 3.5925e-15	 2.0664e-14	     231.78	    0.10046	-9.7531e+92	-9.7531e+92	  0.0022293	 5.2518e-05	     0.0000	 -0.0026256	 0.00019421	  0.0025688	
1	13	    0.10131	    0.58276	     57.043	     2.7128	-9.7531e+92	-9.7531e+92	    0.30090	   0.058505	     0.0000	  0.0012098	    0.27793	 -0.0073567	
1	14	    0.27795	     1.5988	     88.839	     1.8485	-9.7531e+92	-9.7531e+92	    0.50748	    0.15404	   0.035418	  0.0064483	    0.63461	   -0.10763	
1	15	  0.0010901	  0.0062701	     167.83	    0.33581	-9.7531e+92	-9.7531e+92	   0.044985	 0.00080831	     0.0000	  -0.027128	  0.0038133	   0.028547	
1	16	 1.5288e-12	 8.7936e-12	     207.46	    0.15366	-9.7531e+92	-9.7531e+92	 0.00027802	 5.1416e-05	     0.0000	-9.4025e-05	 0.00019053	 0.00017114	
1	17	 3.3600e-13	 1.9327e-12	     342.57	   0.021626	-9.7531e+92	-9.7531e+92	  0.0012932	 5.2058e-05	     0.0000	 -0.0053358	 0.00018799	  0.0031810	
1	18	   0.081706	    0.46998	     111.77	     1.1715	-9.7531e+92	-9.7531e+92	    0.25819	   0.060916	     0.0000	  0.0015417	    0.29134	 -0.0012919	
1	19	 1.3960e-12	 8.0298e-12	     226.57	    0.10968	-9.7531e+92	-9.7531e+92	    0.16163	 4.7711e-05	     0.0000	  -0.062751	 0.00020074	   0.095206	
1	20	 2.9458e-08	 1.6944e-07	     199.20	    0.17914	-9.7531e+92	-9.7531e+92	   0.024606	 4.8922e-05	     0.0000	 -0.0063569	 0.00021598	   0.029670	
1	21	    0.12324	    0.70888	     57.297	     2.7081	-9.7531e+92	-9.7531e+92	    0.20917	   0.071806	    0.11771	  0.0040643	    0.50157	  -0.031557	
1	22	 1.8127e-13	 1.0427e-12	     312.59	   0.031097	-9.7531e+92	-9.7531e+92	  0.0016471	 5.2490e-05	     0.0000	 -0.0044483	 0.00019155	  0.0034995	
1	23	 0.00066850	  0.0038453	     132.72	    0.73117	-9.7531e+92	-9.7531e+92	  0.0025766	 0.00053370	     0.0000	 3.7321e-05	  0.0025305	-3.0997e-05	
1	24	 0.00010568	 0.00060787	     142.19	    0.58963	-9.7531e+92	-9.7531e+92	  0.0015648	 0.00011080	     0.0000	-6.6570e-05	 0.00073724	 0.00015634	
2	0	  0.0041875	   0.010484	     211.35	    0.14318	-9.7531e+92	-9.7531e+92	   0.026295	  0.0047412	     0.0000	 -0.0069183	   0.014397	   0.049947	
2	1	  0.0084751	   0.021219	     184.62	    0.23778	-9.7531e+92	-9.7531e+92	   0.022377	  0.0097248	     0.0000	  -0.017541	   0.030707	   0.032406	
2	2	     0.0000	     0.0000	     0.0000	     3.0000	-9.7531e+92	-9.7531e+92	     1.3156	     0.0000	     1.0919	     0.0000	     0.0000	     0.0000	
2	3	   0.056388	    0.14118	     63.167	     2.5880	-9.7531e+92	-9.7531e+92	   0.064246	   0.051518	     0.0000	  0.0078169	 -0.0035744	  -0.013503	
2	4	   0.038747	   0.097011	     91.235	     1.7721	-9.7531e+92	-9.7531e+92	   0.071955	   0.037504	     0.0000	 -0.0021808	   0.036422	  0.0015745	
2	5	  0.0026524	  0.0066409	     120.45	    0.96633	-9.7531e+92	-9.7531e+92	   0.053822	  0.0031581	     0.0000	  -0.033198	  0.0038135	   0.044057	
2	6	  0.0026176	  0.0065537	     118.53	     1.0087	-9.7531e+92	-9.7531e+92	  0.0098408	  0.0022874	     0.0000	     0.0000	  0.0088912	     0.0000	
2	7	 0.00010226	 0.00025604	     153.12	    0.46179	-9.7531e+92	-9.7531e+92	  0.0097153	 0.00021370	     0.0000	  -0.040174	 0.00016471	   0.031472	
2	8	 4.3897e-07	 1.0991e-06	     174.51	    0.29198	-9.7531e+92	-9.7531e+92	   0.010497	 8.7518e-05	     0.0000	 -0.0044400	 5.3670e-05	  0.0088342	
2	9	 0.00087925	  0.0022014	     133.64	    0.71608	-9.7531e+92	-9.7531e+92	   0.057093	  0.0010321	     0.0000	  -0.053101	  0.0012718	    0.10355	
2	10	 1.3668e-13	 3.4221e-13	     213.20	    0.13850	-9.7531e+92	-9.7531e+92	  0.0022460	 8.8847e-05	     0.0000	 -0.0018696	 4.0571e-05	  0.0018544	
2	11	 3.2951e-14	 8.2501e-14	     197.83	    0.18388	-9.7531e+92	-9.7531e+92	 0.00045814	 8.7127e-05	     0.0000	-0.00030901	 4.4755e-05	 0.00054605	
2	12	 2.1627e-13	 5.4149e-13	     181.48	    0.25322	-9.7531e+92	-9.7531e+92	  0.0058517	 8.7591e-05	     0.0000	 -0.0048647	 5.4296e-05	  0.0040806	
2	13	   0.055408	    0.13873	     127.66	    0.82064	-9.7531e+92	-9.7531e+92	   0.072615	   0.047513	     0.0000	 -0.0055522	  -0.056677	   0.026752	
2	14	   0.048495	    0.12142	     97.273	     1.5829	-9.7531e+92	-9.7531e+92	   0.075817	   0.051606	     0.0000	 -0.0020530	   0.080111	   0.029428	
2	15	    0.11316	    0.28333	     21.827	     2.9932	-9.7531e+92	-9.7531e+92	   0.098144	    0.13836	     0.0000	   0.090634	    0.14164	  -0.075442	
2	16	 0.00052090	  0.0013042	     68.097	     2.4691	-9.7531e+92	-9.7531e+92	 0.00059545	 0.00067622	     0.0000	 0.00020161	  0.0012560	-0.00031459	
2	17	 2.7223e-07	 6.8159e-07	     160.64	    0.39167	-9.7531e+92	-9.7531e+92	  0.0040141	 7.5275e-05	     0.0000	 -0.0098857	 0.00012848	  0.0050529	
2	18	   0.014211	   0.035580	     137.27	    0.65930	-9.7531e+92	-9.7531e+92	   0.061296	   0.017307	     0.0000	  -0.091249	   0.023925	   0.065602	
2	19	    0.65412	     1.6377	     139.30	    0.62950	-9.7531e+92	-9.7531e+92	    0.46255	    0.70986	    0.11666	    0.43357	     1.0324	   -0.56406	
2	20	 3.0971e-05	 7.7544e-05	     139.77	    0.62284	-9.7531e+92	-9.7531e+92	   0.068578	 0.00011157	     0.0000	  -0.011770	 0.00018410	   0.047100	
2	21	 1.0415e-06	 2.6076e-06	     197.19	    0.18609	-9.7531e+92	-9.7531e+92	  0.0042325	 8.6046e-05	     0.0000	  -0.010393	 6.6023e-05	   0.017156	
2	22	 3.9035e-06	 9.7732e-06	     161.29	    0.38622	-9.7531e+92	-9.7531e+92	  0.0050115	 7.8874e-05	     0.0000	 -0.0082354	 0.00014278	  0.0055552	
2	23	 1.9405e-08	 4.8585e-08	     168.40	    0.33177	-9.7531e+92	-9.7531e+92	 0.00035415	 8.9239e-05	     0.0000	-0.00097738	 3.6610e-05	 0.00069597	
2	24	 4.1725e-15	 1.0447e-14	     210.29	    0.14595	-9.7531e+92	-9.7531e+92	 0.00024224	 8.6943e-05	     0.0000	-0.00025807	 4.0717e-05	 0.00053526	
3	0	  0.0013886	  0.0046729	     273.88	   0.052386	-9.7531e+92	-9.7531e+92	   0.055399	 0.00076233	     0.0000	  -0.076612	 -0.0076363	    0.18953	
3	1	   0.016927	   0.056963	     244.14	   0.082134	-9.7531e+92	-9.7531e+92	   0.049884	  0.0089195	     0.0000	  -0.054899	  -0.092183	   0.094130	
3	2	    0.22930	    0.77163	     63.167	     2.5880	-9.7531e+92	-9.7531e+92	    0.26913	    0.10653	     0.0000	    0.31209	    -1.7642	   -0.50889	
3	3	     0.0000	     0.0000	     0.0000	     3.0000	-9.7531e+92	-9.7531e+92	     1.7347	     0.0000	     1.5939	     0.0000	     0.0000	     0.0000	
3	4	    0.20566	    0.69207	     82.606	     2.0469	-9.7531e+92	-9.7531e+92	    0.19998	   0.064249	   0.064264	    0.24569	    -1.8052	   -0.73963	
3	5	  0.0045744	   0.015394	     167.87	    0.33554	-9.7531e+92	-9.7531e+92	   0.028082	  0.0016948	     0.0000	-0.00014483	  -0.030824	    0.12097	
3	6	  0.0010095	  0.0033970	     180.81	    0.25667	-9.7531e+92	-9.7531e+92	   0.016040	 0.00058348	     0.0000	  -0.066797	 -0.0086584	   0.089926	
3	7	 6.6879e-07	 2.2506e-06	     215.68	    0.13250	-9.7531e+92	-9.7531e+92	   0.023756	 3.8071e-05	     0.0000	   -0.15840	-0.00055165	    0.11762	
3	8	 2.4702e-14	 8.3128e-14	     221.29	    0.12010	-9.7531e+92	-9.7531e+92	  0.0029485	 3.5999e-05	     0.0000	  -0.015625	-0.00053747	   0.032932	
3	9	  0.0012782	  0.0043013	     191.41	    0.20802	-9.7531e+92	-9.7531e+92	    0.13318	 0.00070344	     0.0000	   -0.20778	  -0.010717	    0.38370	
3	10	 4.3581e-13	 1.4666e-12	     258.79	   0.065432	-9.7531e+92	-9.7531e+92	 0.00066248	 3.6359e-05	     0.0000	 -0.0068449	-0.00054073	  0.0069182	
3	11	 2.8597e-13	 9.6232e-13	     244.71	   0.081388	-9.7531e+92	-9.7531e+92	 0.00021739	 3.6392e-05	     0.0000	 -0.0010700	-0.00054133	  0.0020369	
3	12	 3.4046e-13	 1.1457e-12	     227.10	    0.10870	-9.7531e+92	-9.7531e+92	  0.0015715	 3.5911e-05	     0.0000	  -0.017491	-0.00053507	   0.015223	
3	13	    0.10505	    0.35350	     188.65	    0.21955	-9.7531e+92	-9.7531e+92	    0.15711	   0.053756	     0.0000	   0.012099	   -0.63589	  -0.054391	
3	14	    0.21380	    0.71948	     161.01	    0.38854	-9.7531e+92	-9.7531e+92	    0.23977	    0.10339	     0.0000	   0.031564	    -1.4853	   -0.42336	
3	15	    0.20711	    0.69697	     84.108	     1.9994	-9.7531e+92	-9.7531e+92	    0.22916	    0.11411	   0.083906	    0.83411	    -1.6599	   -0.65794	
3	16	 0.00088045	  0.0029629	     111.94	     1.1671	-9.7531e+92	-9.7531e+92	  0.0012887	 0.00042880	 0.00025321	 0.00039342	 -0.0058114	 -0.0019643	
3	17	  0.0035085	   0.011807	     122.41	    0.92444	-9.7531e+92	-9.7531e+92	   0.013696	  0.0013097	     0.0000	 -0.0024220	  -0.018589	  0.0020833	
3	18	  0.0090621	   0.030495	     199.21	    0.17912	-9.7531e+92	-9.7531e+92	   0.053481	  0.0046392	     0.0000	   -0.38672	  -0.068636	    0.26240	
3	19	 4.6275e-05	 0.00015572	     184.07	    0.24039	-9.7531e+92	-9.7531e+92	    0.11581	 5.2251e-05	     0.0000	   -0.40073	-0.00088222	    0.56343	
3	20	 4.2980e-06	 1.4464e-05	     185.64	    0.23299	-9.7531e+92	-9.7531e+92	   0.017802	 3.6707e-05	     0.0000	  -0.034149	-0.00056590	    0.17570	
3	21	 5.6539e-13	 1.9026e-12	     259.71	   0.064522	-9.7531e+92	-9.7531e+92	  0.0094490	 3.7474e-05	     0.0000	  -0.040836	-0.00054390	   0.063896	
3	22	 0.00040239	  0.0013541	     164.94	    0.35711	-9.7531e+92	-9.7531e+92	   0.011058	 0.00019750	     0.0000	  -0.012298	 -0.0031548	   0.016023	
3	23	 5.3009e-13	 1.7839e-12	     228.38	    0.10637	-9.7531e+92	-9.7531e+92	 0.00038651	 3.8588e-05	     0.0000	 -0.0038403	-0.00056469	  0.0025960	
3	24	 5.5473e-13	 1.8668e-12	     270.69	   0.054855	-9.7531e+92	-9.7531e+92	 0.00026670	 3.8038e-05	     0.0000	 -0.0010139	-0.00056248	  0.0019964	
4	0	 0.00016095	 0.00037597	     281.58	   0.046977	-9.7531e+92	-9.7531e+92	   0.026110	 0.00010766	     0.0000	  -0.056024	 -0.0013141	    0.28763	
4	1	 0.00049217	  0.0011496	     272.02	   0.053810	-9.7531e+92	-9.7531e+92	   0.018881	 0.00027084	     0.0000	  -0.059025	 -0.0032293	    0.20801	
4	2	    0.19050	    0.44499	     91.235	     1.7721	-9.7531e+92	-9.7531e+92	    0.17231	   0.078061	     0.0000	    0.15594	    -1.5293	   -0.50117	
4	3	    0.28558	    0.66707	     82.606	     2.0469	-9.7531e+92	-9.7531e+92	    0.20459	   0.087446	    0.10684	    0.12700	    -2.6694	    -1.3504	
4	4	     0.0000	     0.0000	     0.0000	     3.0000	-9.7531e+92	-9.7531e+92	     1.2284	     0.0000	     1.1342	     0.0000	     0.0000	     0.0000	
4	5	  0.0070030	   0.016358	     147.08	    0.52816	-9.7531e+92	-9.7531e+92	   0.019050	  0.0031550	     0.0000	  -0.050789	  -0.056850	    0.19450	
4	6	 3.9172e-05	 9.1502e-05	     179.35	    0.26441	-9.7531e+92	-9.7531e+92	  0.0073502	 5.1799e-05	     0.0000	  -0.050070	-0.00087282	    0.12422	
4	7	 3.4314e-07	 8.0153e-07	     209.16	    0.14897	-9.7531e+92	-9.7531e+92	   0.010550	 3.4628e-05	     0.0000	   -0.11379	-0.00056376	    0.15561	
4	8	 3.0786e-06	 7.1912e-06	     186.41	    0.22946	-9.7531e+92	-9.7531e+92	  0.0020926	 3.5240e-05	     0.0000	  -0.012528	-0.00058787	   0.043347	
4	9	 4.3687e-06	 1.0205e-05	     223.28	    0.11603	-9.7531e+92	-9.7531e+92	   0.074190	 3.3993e-05	     0.0000	   -0.15123	-0.00058352	    0.51715	
4	10	 1.3694e-13	 3.1988e-13	     204.61	    0.16194	-9.7531e+92	-9.7531e+92	 0.00047266	 3.3782e-05	     0.0000	 -0.0052770	-0.00056458	  0.0090689	
4	11	 2.4089e-13	 5.6270e-13	     218.09	    0.12699	-9.7531e+92	-9.7531e+92	 0.00015422	 3.4019e-05	     0.0000	-0.00087221	-0.00057011	  0.0026717	
4	12	 1.0505e-07	 2.4539e-07	     165.11	    0.35583	-9.7531e+92	-9.7531e+92	  0.0011287	 3.3551e-05	     0.0000	  -0.013731	-0.00055776	   0.019957	
4	13	   0.015061	   0.035181	     217.30	    0.12878	-9.7531e+92	-9.7531e+92	   0.055189	  0.0070135	     0.0000	  -0.035474	  -0.097586	    0.31923	
4	14	   0.093774	    0.21905	     184.55	    0.23808	-9.7531e+92	-9.7531e+92	    0.10583	   0.044240	     0.0000	  0.0020035	   -0.63402	  -0.052985	
4	15	    0.18267	    0.42670	     106.18	     1.3210	-9.7531e+92	-9.7531e+92	    0.15060	   0.092786	   0.049774	    0.50990	    -1.5120	   -0.74182	
4	16	  0.0031865	  0.0074432	     75.439	     2.2661	-9.7531e+92	-9.7531e+92	  0.0022680	  0.0013707	  0.0015492	  0.0019418	  -0.021336	  -0.013552	
4	17	    0.10313	    0.24091	     73.525	     2.3215	-9.7531e+92	-9.7531e+92	   0.065100	   0.032638	   0.054361	    0.12501	   -0.50565	   -0.27871	
4	18	  0.0060804	   0.014203	     186.18	    0.23049	-9.7531e+92	-9.7531e+92	   0.028195	  0.0026618	     0.0000	   -0.27871	  -0.048718	    0.37040	
4	19	   0.011659	   0.027233	     119.82	    0.98008	-9.7531e+92	-9.7531e+92	   0.081876	  0.0046519	     0.0000	   -0.25378	  -0.087314	    0.65701	
4	20	  0.0020193	  0.0047168	     135.08	    0.69295	-9.7531e+92	-9.7531e+92	   0.014082	 0.00099859	     0.0000	  -0.031674	  -0.017120	    0.22034	
4	21	 5.4164e-13	 1.2652e-12	     253.96	   0.070430	-9.7531e+92	-9.7531e+92	  0.0039607	 3.4184e-05	     0.0000	  -0.029336	-0.00055820	   0.084571	
4	22	   0.098629	    0.23039	     82.638	     2.0459	-9.7531e+92	-9.7531e+92	   0.062906	   0.030610	   0.051004	   0.046434	   -0.50548	   -0.27686	
4	23	 3.1547e-14	 7.3690e-14	     212.30	    0.14074	-9.7531e+92	-9.7531e+92	 0.00021638	 3.5238e-05	     0.0000	 -0.0027588	-0.00057793	  0.0034064	
4	24	 3.0978e-13	 7.2360e-13	     253.16	   0.071301	-9.7531e+92	-9.7531e+92	 0.00015632	 3.4494e-05	     0.0000	-0.00072841	-0.00057382	  0.0026205	
5	0	   0.065592	   0.068367	     169.69	    0.32292	-9.7531e+92	-9.7531e+92	   0.029920	   0.026926	     0.0000	 -0.0011538	   -0.43365	   0.012665	
5	1	   0.019232	   0.020045	     161.91	    0.38106	-9.7531e+92	-9.7531e+92	   0.015700	  0.0079594	     0.0000	  -0.012336	   -0.12919	   0.092487	
5	2	   0.039837	   0.041522	     120.45	    0.96633	-9.7531e+92	-9.7531e+92	   0.042839	   0.015804	     0.0000	  -0.021580	   -0.32830	    0.16852	
5	3	    0.40382	    0.42090	     167.87	    0.33554	-9.7531e+92	-9.7531e+92	    0.11267	    0.17527	   0.069052	    0.18467	    -3.0899	    -1.1918	
5	4	   0.016122	   0.016805	     147.08	    0.52816	-9.7531e+92	-9.7531e+92	   0.021202	  0.0070599	     0.0000	  -0.031595	   -0.13012	   0.082723	
5	5	     0.0000	     0.0000	     0.0000	     3.0000	-9.7531e+92	-9.7531e+92	    0.53008	     0.0000	    0.48455	     0.0000	     0.0000	     0.0000	
5	6	   0.067049	   0.069886	     72.218	     2.3585	-9.7531e+92	-9.7531e+92	   0.022150	   0.030325	     0.0000	   0.031553	   -0.57349	   -0.15677	
5	7	   0.011754	   0.012252	     89.752	     1.8194	-9.7531e+92	-9.7531e+92	  0.0092856	  0.0055526	     0.0000	  -0.022826	   -0.10253	   0.062479	
5	8	   0.021158	   0.022053	     54.235	     2.7611	-9.7531e+92	-9.7531e+92	  0.0067974	  0.0082414	     0.0000	  0.0035355	   -0.15589	  -0.042202	
5	9	 0.00083257	 0.00086780	     134.70	    0.69890	-9.7531e+92	-9.7531e+92	   0.020885	 0.00038744	     0.0000	  -0.050413	 -0.0076493	    0.34623	
5	10	 1.6389e-05	 1.7082e-05	     93.726	     1.6933	-9.7531e+92	-9.7531e+92	 0.00036796	 3.3177e-05	     0.0000	 -0.0010131	-0.00057710	  0.0048779	
5	11	 0.00022509	 0.00023461	     77.490	     2.2050	-9.7531e+92	-9.7531e+92	 0.00019899	 0.00011618	     0.0000	-8.0335e-05	 -0.0020401	 0.00079256	
5	12	 0.00090426	 0.00094252	     80.590	     2.1100	-9.7531e+92	-9.7531e+92	 0.00090756	 0.00037663	     0.0000	 -0.0016056	 -0.0064290	  0.0072737	
5	13	   0.063444	   0.066128	     125.66	    0.85869	-9.7531e+92	-9.7531e+92	   0.037047	   0.026866	     0.0000	 -0.0039425	   -0.44199	   0.074452	
5	14	   0.084847	   0.088437	     108.09	     1.2686	-9.7531e+92	-9.7531e+92	   0.048101	   0.030233	     0.0000	 0.00015667	   -0.71385	 -0.0086248	
5	15	  0.0010490	  0.0010934	     104.94	     1.3557	-9.7531e+92	-9.7531e+92	   0.020135	 0.00052462	     0.0000	  -0.051759	 -0.0096206	    0.15087	
5	16	 1.6702e-06	 1.7409e-06	     71.546	     2.3771	-9.7531e+92	-9.7531e+92	 0.00013401	 3.1392e-05	     0.0000	-0.00016417	-0.00059012	 0.00088117	
5	17	 2.4511e-13	 2.5548e-13	     219.60	    0.12368	-9.7531e+92	-9.7531e+92	  0.0013523	 3.1519e-05	     0.0000	 -0.0093813	-0.00059234	   0.016569	
5	18	    0.15029	    0.15664	     53.346	     2.7752	-9.7531e+92	-9.7531e+92	   0.055871	   0.057599	     0.0000	   0.075412	    -1.2515	   -0.24263	
5	19	   0.019495	   0.020319	     64.874	     2.5486	-9.7531e+92	-9.7531e+92	   0.045947	  0.0069034	     0.0000	  -0.047809	   -0.14611	    0.38801	
5	20	   0.031428	   0.032758	     39.691	     2.9273	-9.7531e+92	-9.7531e+92	   0.015257	   0.011829	     0.0000	-0.00026398	   -0.22727	   0.035065	
5	21	 0.00025523	 0.00026603	     132.91	    0.72808	-9.7531e+92	-9.7531e+92	  0.0030850	 0.00014774	     0.0000	 -0.0097038	 -0.0027711	   0.056012	
5	22	 1.8860e-07	 1.9658e-07	     151.89	    0.47454	-9.7531e+92	-9.7531e+92	  0.0012684	 3.0783e-05	     0.0000	 -0.0078206	-0.00057549	   0.018293	
5	23	  0.0026139	  0.0027245	     65.633	     2.5304	-9.7531e+92	-9.7531e+92	 0.00083496	  0.0012796	 0.00011584	  0.0029550	  -0.023544	 -0.0072686	
5	24	 3.9369e-05	 4.1034e-05	     106.34	     1.3165	-9.7531e+92	-9.7531e+92	 0.00016916	 4.9136e-05	     0.0000	-0.00022482	-0.00092640	  0.0016113	
6	0	    0.10133	   0.093713	     105.31	     1.3454	-9.7531e+92	-9.7531e+92	   0.034880	   0.025494	     0.0000	     0.0000	    0.18283	     0.0000	
6	1	   0.076168	   0.070445	     96.519	     1.6061	-9.7531e+92	-9.7531e+92	   0.026384	   0.025167	     0.0000	   0.013120	    0.29325	   0.040010	
6	2	    0.54887	    0.50763	     118.53	     1.0087	-9.7531e+92	-9.7531e+92	    0.14038	    0.24660	   0.057733	    0.40347	     2.6592	    0.68104	
6	3	 0.00030858	 0.00028539	     180.81	    0.25667	-9.7531e+92	-9.7531e+92	  0.0083838	 0.00016629	     0.0000	  -0.034533	  0.0018532	  -0.062105	
6	4	 6.9742e-05	 6.4501e-05	     179.35	    0.26441	-9.7531e+92	-9.7531e+92	  0.0091856	 6.1234e-05	     0.0000	  -0.085617	 0.00065955	  -0.059586	
6	5	  0.0028198	  0.0026080	     72.218	     2.3585	-9.7531e+92	-9.7531e+92	  0.0091957	  0.0012342	     0.0000	  -0.051121	   0.014169	  -0.059710	
6	6	     0.0000	     0.0000	     0.0000	     3.0000	-9.7531e+92	-9.7531e+92	    0.46729	     0.0000	    0.44567	     0.0000	     0.0000	     0.0000	
6	7	  0.0064981	  0.0060098	     34.871	     2.9563	-9.7531e+92	-9.7531e+92	  0.0071234	  0.0028344	     0.0000	  -0.048437	   0.031002	  -0.033028	
6	8	 0.00010683	 9.8807e-05	     109.28	     1.2365	-9.7531e+92	-9.7531e+92	  0.0015380	 7.8354e-05	     0.0000	 -0.0067741	 0.00081250	  -0.011513	
6	9	   0.023028	   0.021298	     62.827	     2.5956	-9.7531e+92	-9.7531e+92	   0.021798	  0.0087034	     0.0000	  -0.033540	    0.11053	   -0.11010	
6	10	 3.6181e-09	 3.3463e-09	     153.37	    0.45919	-9.7531e+92	-9.7531e+92	 0.00033338	 3.1798e-05	     0.0000	 -0.0028908	 0.00030450	 -0.0024044	
6	11	 7.7377e-06	 7.1562e-06	     117.04	     1.0431	-9.7531e+92	-9.7531e+92	 8.7761e-05	 3.3773e-05	     0.0000	-0.00047024	 0.00035200	-0.00069845	
6	12	 1.8050e-07	 1.6693e-07	     152.49	    0.46823	-9.7531e+92	-9.7531e+92	 0.00083501	 3.1839e-05	     0.0000	 -0.0075214	 0.00030647	 -0.0052926	
6	13	   0.065231	   0.060329	     53.773	     2.7685	-9.7531e+92	-9.7531e+92	   0.031848	   0.025246	     0.0000	 -0.0059437	    0.30094	  -0.033524	
6	14	   0.067625	   0.062543	     41.508	     2.9135	-9.7531e+92	-9.7531e+92	   0.032677	   0.024446	     0.0000	 -0.0013696	    0.28504	  -0.021889	
6	15	  0.0030006	  0.0027751	     96.746	     1.5991	-9.7531e+92	-9.7531e+92	   0.013603	  0.0013581	     0.0000	  -0.080431	   0.014402	  -0.058644	
6	16	 8.8612e-07	 8.1953e-07	     111.89	     1.1685	-9.7531e+92	-9.7531e+92	 8.9658e-05	 3.1922e-05	     0.0000	-0.00026838	 0.00030680	-0.00034850	
6	17	 7.1274e-14	 6.5918e-14	     251.72	   0.072906	-9.7531e+92	-9.7531e+92	 0.00053372	 3.1823e-05	     0.0000	  -0.015286	 0.00029913	 -0.0065877	
6	18	   0.098332	   0.090943	     36.723	     2.9464	-9.7531e+92	-9.7531e+92	   0.038595	   0.044542	     0.0000	   0.040259	    0.47158	   0.027596	
6	19	 3.3879e-05	 3.1334e-05	     133.74	    0.71443	-9.7531e+92	-9.7531e+92	   0.064327	 4.3596e-05	     0.0000	   -0.17973	 0.00046354	   -0.20137	
6	20	 0.00010907	 0.00010087	     111.59	     1.1762	-9.7531e+92	-9.7531e+92	  0.0096140	 7.9839e-05	     0.0000	  -0.018165	 0.00081957	  -0.061983	
6	21	  0.0059979	  0.0055472	     78.899	     2.1621	-9.7531e+92	-9.7531e+92	  0.0050124	  0.0025365	     0.0000	 -0.0099931	   0.029205	  -0.014389	
6	22	 1.6157e-13	 1.4943e-13	     216.08	    0.13159	-9.7531e+92	-9.7531e+92	 0.00067477	 3.1932e-05	     0.0000	  -0.012744	 0.00030117	 -0.0073226	
6	23	 0.00039104	 0.00036166	     73.330	     2.3271	-9.7531e+92	-9.7531e+92	 0.00023847	 0.00021034	     0.0000	-0.00056470	  0.0021408	-0.00033855	
6	24	 7.0568e-05	 6.5266e-05	     108.13	     1.2674	-9.7531e+92	-9.7531e+92	 0.00013691	 5.9018e-05	     0.0000	-0.00015075	 0.00065066	-0.00059538	
7	0	   0.052720	   0.046360	     80.265	     2.1201	-9.7531e+92	-9.7531e+92	   0.046772	   0.022430	     0.0000	 -0.0071545	  -0.033883	   0.058797	
7	1	   0.057149	   0.050255	     75.481	     2.2648	-9.7531e+92	-9.7531e+92	   0.033315	   0.024929	     0.0000	  0.0041216	 -0.0094963	  -0.024319	
7	2	 0.00077380	 0.00068045	     153.12	    0.46179	-9.7531e+92	-9.7531e+92	   0.016141	 0.00050261	     0.0000	  -0.085335	 0.00061588	    0.34854	
7	3	 1.5714e-05	 1.3819e-05	     215.68	    0.13250	-9.7531e+92	-9.7531e+92	  0.0022452	 4.7799e-05	     0.0000	  -0.038106	 7.6583e-05	    0.15867	
7	4	 5.8531e-06	 5.1470e-06	     209.16	    0.14897	-9.7531e+92	-9.7531e+92	  0.0019109	 4.2888e-05	     0.0000	  -0.093963	 4.7977e-05	    0.15958	
7	5	  0.0030407	  0.0026739	     89.752	     1.8194	-9.7531e+92	-9.7531e+92	  0.0037287	  0.0018627	     0.0000	  -0.055666	 0.00083429	    0.16927	
7	6	  0.0071741	  0.0063086	     34.871	     2.9563	-9.7531e+92	-9.7531e+92	  0.0085655	  0.0043892	     0.0000	  -0.020856	  0.0015637	   0.067664	
7	7	     0.0000	     0.0000	     0.0000	     3.0000	-9.7531e+92	-9.7531e+92	    0.44959	     0.0000	    0.42395	     0.0000	     0.0000	     0.0000	
7	8	 0.00053717	 0.00047237	     109.89	     1.2203	-9.7531e+92	-9.7531e+92	 0.00052353	 0.00036146	     0.0000	 -0.0069847	 0.00015990	   0.031700	
7	9	    0.76463	    0.67239	     64.406	     2.5596	-9.7531e+92	-9.7531e+92	    0.18612	    0.38166	   0.099792	    0.60374	    0.35996	    -2.7572	
7	10	 5.4262e-08	 4.7716e-08	     153.29	    0.46001	-9.7531e+92	-9.7531e+92	 0.00010222	 4.2428e-05	     0.0000	 -0.0031662	-3.3418e-06	  0.0070944	
7	11	 1.8077e-05	 1.5896e-05	     112.26	     1.1591	-9.7531e+92	-9.7531e+92	 4.9608e-05	 5.1644e-05	     0.0000	-0.00049245	 1.4002e-05	  0.0020132	
7	12	 2.4499e-08	 2.1543e-08	     158.06	    0.41430	-9.7531e+92	-9.7531e+92	 0.00021775	 4.2488e-05	     0.0000	 -0.0082419	-4.2930e-06	   0.015613	
7	13	   0.052831	   0.046457	     57.312	     2.7078	-9.7531e+92	-9.7531e+92	   0.052694	   0.025963	     0.0000	  -0.010166	   0.020011	    0.12283	
7	14	   0.030237	   0.026589	     65.464	     2.5345	-9.7531e+92	-9.7531e+92	   0.026880	   0.013429	     0.0000	     0.0000	  -0.013630	    0.20534	
7	15	 0.00025864	 0.00022744	     131.62	    0.74982	-9.7531e+92	-9.7531e+92	  0.0052184	 0.00019043	     0.0000	  -0.094147	 9.2260e-05	    0.17916	
7	16	 7.1129e-08	 6.2548e-08	     137.28	    0.65913	-9.7531e+92	-9.7531e+92	 3.8558e-05	 4.1426e-05	     0.0000	-0.00029507	-2.0223e-06	  0.0010375	
7	17	 2.7814e-13	 2.4458e-13	     281.54	   0.047004	-9.7531e+92	-9.7531e+92	 0.00013543	 4.1984e-05	     0.0000	  -0.016750	-5.1860e-06	   0.019362	
7	18	   0.025013	   0.021995	     38.248	     2.9371	-9.7531e+92	-9.7531e+92	   0.020333	   0.015209	     0.0000	   -0.12908	   0.015515	    0.21757	
7	19	 6.5907e-06	 5.7956e-06	     154.38	    0.44913	-9.7531e+92	-9.7531e+92	   0.014851	 4.2391e-05	     0.0000	   -0.19697	 5.2095e-06	    0.58301	
7	20	 4.9088e-05	 4.3166e-05	     126.68	    0.83907	-9.7531e+92	-9.7531e+92	  0.0022814	 7.0076e-05	     0.0000	  -0.019932	 1.0717e-05	    0.18096	
7	21	  0.0048391	  0.0042553	     44.967	     2.8822	-9.7531e+92	-9.7531e+92	  0.0069381	  0.0023841	     0.0000	 -0.0047152	  0.0055433	   0.040568	
7	22	 3.8390e-13	 3.3759e-13	     241.36	   0.085874	-9.7531e+92	-9.7531e+92	 0.00016808	 4.2240e-05	     0.0000	  -0.013964	-1.8521e-06	   0.021363	
7	23	 0.00033377	 0.00029351	     58.677	     2.6821	-9.7531e+92	-9.7531e+92	 0.00023636	 0.00015470	     0.0000	-6.5306e-07	  0.0019419	 4.9513e-05	
7	24	 0.00036468	 0.00032069	     84.614	     1.9834	-9.7531e+92	-9.7531e+92	 0.00021412	 0.00024603	     0.0000	-0.00010185	 0.00019176	 0.00049513	
8	0	    0.13135	   0.078630	     172.11	    0.30693	-9.7531e+92	-9.7531e+92	   0.028433	  0.0099048	     0.0000	  0.0084887	   -0.40108	   -0.13263	
8	1	   0.030451	   0.018228	     184.58	    0.23797	-9.7531e+92	-9.7531e+92	   0.011454	  0.0023822	     0.0000	 -0.0040055	  -0.093144	   0.042694	
8	2	  0.0033892	  0.0020289	     174.51	    0.29198	-9.7531e+92	-9.7531e+92	   0.010830	 0.00024707	     0.0000	  -0.021173	  -0.012297	    0.20988	
8	3	 1.3618e-05	 8.1522e-06	     221.29	    0.12010	-9.7531e+92	-9.7531e+92	  0.0089303	 6.4587e-06	     0.0000	  -0.010904	-0.00027186	   0.099170	
8	4	 7.7513e-05	 4.6401e-05	     186.41	    0.22946	-9.7531e+92	-9.7531e+92	  0.0046585	 1.1487e-05	     0.0000	  -0.026837	-0.00050777	   0.098702	
8	5	    0.18960	    0.11350	     54.235	     2.7611	-9.7531e+92	-9.7531e+92	   0.035470	   0.014615	  0.0093199	   0.057216	   -0.68254	   -0.37268	
8	6	  0.0024199	  0.0014486	     109.28	     1.2365	-9.7531e+92	-9.7531e+92	  0.0049273	 0.00020149	     0.0000	 -0.0077212	 -0.0091802	   0.053659	
8	7	   0.021963	   0.013148	     109.89	     1.2203	-9.7531e+92	-9.7531e+92	  0.0077575	  0.0018489	     0.0000	 -0.0048150	  -0.081923	   0.018433	
8	8	     0.0000	     0.0000	     0.0000	     3.0000	-9.7531e+92	-9.7531e+92	    0.30120	     0.0000	    0.29637	     0.0000	     0.0000	     0.0000	
8	9	 1.7993e-05	 1.0771e-05	     171.65	    0.30991	-9.7531e+92	-9.7531e+92	  0.0098871	 6.5961e-06	     0.0000	  -0.025969	-0.00031127	    0.24968	
8	10	   0.027119	   0.016234	     44.054	     2.8911	-9.7531e+92	-9.7531e+92	  0.0043396	  0.0017583	  0.0033089	  0.0041197	  -0.061730	  -0.034048	
8	11	   0.015662	  0.0093754	     32.525	     2.9668	-9.7531e+92	-9.7531e+92	  0.0025763	  0.0012135	  0.0022441	  0.0037019	  -0.052377	  -0.036299	
8	12	   0.018163	   0.010873	     55.069	     2.7473	-9.7531e+92	-9.7531e+92	  0.0032982	  0.0012460	  0.0010774	  0.0041450	  -0.047154	  -0.023984	
8	13	   0.047816	   0.028623	     162.59	    0.37553	-9.7531e+92	-9.7531e+92	   0.017694	  0.0036418	     0.0000	 -0.0033315	   -0.15304	   0.089123	
8	14	    0.13523	   0.080950	     146.54	    0.53466	-9.7531e+92	-9.7531e+92	   0.031198	   0.010435	     0.0000	  0.0015702	   -0.44425	   -0.12219	
8	15	 3.0082e-05	 1.8008e-05	     159.01	    0.40580	-9.7531e+92	-9.7531e+92	  0.0041982	 8.1784e-06	     0.0000	  -0.027081	-0.00035905	    0.11043	
8	16	 3.0633e-07	 1.8338e-07	     112.87	     1.1438	-9.7531e+92	-9.7531e+92	 3.6506e-05	 5.6860e-06	     0.0000	-8.4344e-05	-0.00025436	 0.00063199	
8	17	 8.1691e-13	 4.8902e-13	     258.50	   0.065716	-9.7531e+92	-9.7531e+92	 0.00028358	 5.6484e-06	     0.0000	 -0.0047925	-0.00025261	   0.011822	
8	18	    0.27843	    0.16668	     75.421	     2.2666	-9.7531e+92	-9.7531e+92	   0.056343	   0.019205	  0.0086998	    0.12004	    -1.0005	   -0.48977	
8	19	   0.038243	   0.022893	     80.536	     2.1117	-9.7531e+92	-9.7531e+92	   0.036680	  0.0026267	     0.0000	  -0.032428	   -0.13259	    0.24820	
8	20	   0.039510	   0.023651	     51.987	     2.7958	-9.7531e+92	-9.7531e+92	   0.012393	  0.0029875	     0.0000	-0.00036701	   -0.13829	  0.0081718	
8	21	 0.00060061	 0.00035954	     132.38	    0.73687	-9.7531e+92	-9.7531e+92	  0.0023440	 5.5405e-05	     0.0000	 -0.0048476	 -0.0024755	   0.039138	
8	22	 1.0802e-07	 6.4660e-08	     168.70	    0.32968	-9.7531e+92	-9.7531e+92	 0.00035977	 5.5697e-06	     0.0000	 -0.0039953	-0.00024973	   0.013059	
8	23	  0.0034345	  0.0020560	     54.810	     2.7517	-9.7531e+92	-9.7531e+92	 0.00067993	 0.00029870	 0.00026693	  0.0021324	  -0.013114	 -0.0073252	
8	24	   0.016479	  0.0098646	     77.960	     2.1908	-9.7531e+92	-9.7531e+92	  0.0025885	  0.0013701	  0.0022613	  0.0041630	  -0.061460	  -0.041674	
9	0	    0.28210	    0.34050	     86.890	     1.9108	-9.7531e+92	-9.7531e+92	    0.10970	    0.35716	   0.025441	    0.28177	     2.0579	   -0.39850	
9	1	    0.13914	    0.16795	     55.376	     2.7421	-9.7531e+92	-9.7531e+92	   0.062772	    0.16106	  0.0024187	    0.17726	    0.80346	   -0.17384	
9	2	   0.047379	   0.057187	     133.64	    0.71608	-9.7531e+92	-9.7531e+92	   0.041883	   0.070133	     0.0000	   -0.11257	    0.33021	    0.11399	
9	3	  0.0014599	  0.0017622	     191.41	    0.20802	-9.7531e+92	-9.7531e+92	  0.0047811	  0.0020633	     0.0000	  -0.080316	   0.010341	    0.10130	
9	4	 2.9649e-05	 3.5787e-05	     223.28	    0.11603	-9.7531e+92	-9.7531e+92	  0.0040594	 0.00013605	     0.0000	   -0.24236	 0.00064889	    0.11078	
9	5	 0.00088950	  0.0010736	     134.70	    0.69890	-9.7531e+92	-9.7531e+92	  0.0063042	  0.0014704	     0.0000	   -0.16310	  0.0058310	    0.13058	
9	6	   0.018911	   0.022826	     62.827	     2.5956	-9.7531e+92	-9.7531e+92	   0.017834	   0.029332	     0.0000	  -0.015914	    0.11557	   0.013666	
9	7	   0.041044	   0.049540	     64.406	     2.5596	-9.7531e+92	-9.7531e+92	   0.026677	   0.032205	     0.0000	     0.0000	    0.40166	  -0.010155	
9	8	 5.5512e-06	 6.7003e-06	     171.65	    0.30991	-9.7531e+92	-9.7531e+92	 0.00078917	 0.00011532	     0.0000	  -0.020902	 0.00041418	   0.025290	
9	9	     0.0000	     0.0000	     0.0000	     3.0000	-9.7531e+92	-9.7531e+92	    0.64792	     0.0000	    0.52942	     0.0000	     0.0000	     0.0000	
9	10	 2.0149e-13	 2.4320e-13	     215.04	    0.13402	-9.7531e+92	-9.7531e+92	 0.00018401	 0.00011080	     0.0000	 -0.0088070	 0.00035561	  0.0053376	
9	11	 2.2708e-09	 2.7409e-09	     175.31	    0.28718	-9.7531e+92	-9.7531e+92	 6.9650e-05	 0.00010625	     0.0000	 -0.0014556	 0.00037492	  0.0015708	
9	12	 6.1128e-13	 7.3782e-13	     214.99	    0.13415	-9.7531e+92	-9.7531e+92	 0.00041991	 0.00011133	     0.0000	  -0.022916	 0.00035354	   0.011744	
9	13	    0.34844	    0.42057	     9.0540	     2.9998	-9.7531e+92	-9.7531e+92	    0.13145	    0.30293	   0.026127	     0.0000	    0.54118	   -0.84459	
9	14	   0.087156	    0.10520	     38.749	     2.9339	-9.7531e+92	-9.7531e+92	   0.054142	    0.10624	     0.0000	 0.00091238	    0.53165	  -0.011558	
9	15	  0.0013141	  0.0015862	     117.55	     1.0311	-9.7531e+92	-9.7531e+92	   0.012468	  0.0011239	     0.0000	     0.0000	   0.012805	   0.050751	
9	16	 2.7879e-13	 3.3650e-13	     159.83	    0.39862	-9.7531e+92	-9.7531e+92	 6.1747e-05	 0.00010562	     0.0000	-0.00082065	 0.00037380	 0.00078396	
9	17	 1.0474e-13	 1.2642e-13	     293.28	   0.040011	-9.7531e+92	-9.7531e+92	 0.00026509	 0.00010511	     0.0000	  -0.046571	 0.00037759	   0.014524	
9	18	   0.018203	   0.021971	     96.665	     1.6016	-9.7531e+92	-9.7531e+92	   0.035046	   0.028878	     0.0000	   -0.40362	    0.12678	    0.17109	
9	19	 1.8617e-07	 2.2470e-07	     193.08	    0.20137	-9.7531e+92	-9.7531e+92	   0.030207	 9.9436e-05	     0.0000	   -0.54769	 0.00038451	    0.43235	
9	20	 1.3051e-06	 1.5753e-06	     174.09	    0.29453	-9.7531e+92	-9.7531e+92	  0.0045698	 0.00010690	     0.0000	  -0.055481	 0.00038762	    0.13508	
9	21	   0.013810	   0.016669	     83.320	     2.0244	-9.7531e+92	-9.7531e+92	   0.014335	   0.018972	     0.0000	 -0.0051992	   0.091738	  0.0063181	
9	22	 9.5811e-15	 1.1565e-14	     266.14	   0.058633	-9.7531e+92	-9.7531e+92	 0.00033071	 0.00010701	     0.0000	  -0.038825	 0.00037729	   0.015937	
9	23	 0.00011191	 0.00013507	     121.73	    0.93874	-9.7531e+92	-9.7531e+92	 0.00035061	 0.00024272	     0.0000	 -0.0023947	  0.0013116	  0.0016425	
9	24	 4.2930e-06	 5.1817e-06	     149.07	    0.50520	-9.7531e+92	-9.7531e+92	 0.00027810	 0.00010829	     0.0000	 -0.0012048	 0.00041642	  0.0015247	
10	0	  0.0067025	  0.0021469	     210.64	    0.14503	-9.7531e+92	-9.7531e+92	  0.0048266	 0.00011028	     0.0000	 -0.0021836	 -0.0036941	   0.024428	
10	1	   0.011425	  0.0036595	     228.04	    0.10699	-9.7531e+92	-9.7531e+92	  0.0033711	 0.00019362	     0.0000	 -0.0019784	 -0.0062641	   0.015113	
10	2	 0.00028245	 9.0474e-05	     213.20	    0.13850	-9.7531e+92	-9.7531e+92	  0.0055796	 5.4295e-06	     0.0000	 -0.0056090	-0.00022433	   0.039365	
10	3	 1.4306e-05	 4.5825e-06	     258.79	   0.065432	-9.7531e+92	-9.7531e+92	  0.0051605	 1.4052e-06	     0.0000	 -0.0027307	-4.9288e-05	   0.017915	
10	4	 0.00019527	 6.2550e-05	     204.61	    0.16194	-9.7531e+92	-9.7531e+92	  0.0032981	 4.4997e-06	     0.0000	 -0.0067015	-0.00016610	   0.017822	
10	5	    0.18024	   0.057733	     93.726	     1.6933	-9.7531e+92	-9.7531e+92	   0.020628	  0.0031840	  0.0066358	   0.013410	   -0.11966	  -0.063345	
10	6	 0.00022882	 7.3294e-05	     153.37	    0.45919	-9.7531e+92	-9.7531e+92	  0.0015994	 5.1787e-06	     0.0000	 -0.0021361	-0.00019687	   0.010768	
10	7	 0.00097870	 0.00031349	     153.29	    0.46001	-9.7531e+92	-9.7531e+92	  0.0015494	 1.8928e-05	     0.0000	 -0.0047301	-0.00070257	   0.013136	
10	8	    0.16788	   0.053777	     44.054	     2.8911	-9.7531e+92	-9.7531e+92	   0.014697	  0.0024076	   0.012110	  0.0048031	  -0.081420	  -0.051116	
10	9	 2.0260e-07	 6.4896e-08	     215.04	    0.13402	-9.7531e+92	-9.7531e+92	  0.0033234	 1.1238e-06	     0.0000	 -0.0065049	-4.4384e-05	   0.045340	
10	10	     0.0000	     0.0000	     0.0000	     3.0000	-9.7531e+92	-9.7531e+92	    0.16058	     0.0000	    0.16003	     0.0000	     0.0000	     0.0000	
10	11	   0.061452	   0.019684	     46.926	     2.8613	-9.7531e+92	-9.7531e+92	  0.0051120	  0.0010712	  0.0049342	  0.0042677	  -0.038142	  -0.028133	
10	12	   0.036937	   0.011832	     46.012	     2.8713	-9.7531e+92	-9.7531e+92	  0.0034640	 0.00055843	  0.0022757	  0.0023703	  -0.013328	 -0.0067386	
10	13	   0.042705	   0.013679	     205.99	    0.15786	-9.7531e+92	-9.7531e+92	  0.0079585	 0.00070099	     0.0000	-0.00094223	  -0.024520	   0.018113	
10	14	   0.027504	  0.0088102	     190.48	    0.21181	-9.7531e+92	-9.7531e+92	  0.0081694	 0.00046390	     0.0000	-0.00040474	  -0.016178	   0.022668	
10	15	 1.0080e-06	 3.2288e-07	     197.67	    0.18443	-9.7531e+92	-9.7531e+92	  0.0021238	 1.2335e-06	     0.0000	 -0.0067868	-4.5367e-05	   0.020073	
10	16	 9.0415e-10	 2.8962e-10	     147.94	    0.51817	-9.7531e+92	-9.7531e+92	 2.1363e-05	 1.2242e-06	     0.0000	-2.1150e-05	-4.5806e-05	 0.00011513	
10	17	 1.2191e-12	 3.9051e-13	     270.72	   0.054831	-9.7531e+92	-9.7531e+92	 0.00019535	 1.2177e-06	     0.0000	 -0.0012002	-4.5639e-05	  0.0021500	
10	18	    0.24759	   0.079306	     118.82	     1.0023	-9.7531e+92	-9.7531e+92	   0.028740	  0.0037337	  0.0032460	   0.025930	   -0.16059	  -0.074958	
10	19	    0.15225	   0.048769	     85.643	     1.9506	-9.7531e+92	-9.7531e+92	   0.028394	  0.0023098	     0.0000	  0.0011814	  -0.093886	 -0.0062442	
10	20	   0.056990	   0.018255	     74.457	     2.2947	-9.7531e+92	-9.7531e+92	  0.0098070	 0.00094650	     0.0000	 0.00042176	  -0.035360	 -0.0064908	
10	21	 1.3030e-05	 4.1736e-06	     171.26	    0.31241	-9.7531e+92	-9.7531e+92	 0.00060561	 1.4305e-06	     0.0000	 -0.0012608	-5.3459e-05	  0.0073840	
10	22	 9.4462e-08	 3.0258e-08	     176.66	    0.27933	-9.7531e+92	-9.7531e+92	 0.00025772	 1.2036e-06	     0.0000	 -0.0010006	-4.5067e-05	  0.0023741	
10	23	  0.0016054	 0.00051423	     95.614	     1.6342	-9.7531e+92	-9.7531e+92	 0.00024353	 3.0969e-05	 2.2535e-05	 0.00018645	 -0.0011419	-0.00046508	
10	24	  0.0050045	  0.0016030	     102.71	     1.4197	-9.7531e+92	-9.7531e+92	 0.00058320	 9.1497e-05	 0.00040812	 0.00029482	 -0.0034437	 -0.0021430	
11	0	    0.15196	   0.054063	     167.10	    0.34103	-9.7531e+92	-9.7531e+92	   0.018457	  0.0016417	     0.0000	  0.0038261	   -0.11849	  -0.057445	
11	1	   0.011652	  0.0041454	     185.20	    0.23505	-9.7531e+92	-9.7531e+92	  0.0052077	 0.00012799	     0.0000	 -0.0026514	 -0.0092223	   0.027155	
11	2	 0.00029753	 0.00010585	     197.83	    0.18388	-9.7531e+92	-9.7531e+92	  0.0066626	 3.9080e-06	     0.0000	 -0.0082879	-0.00032258	   0.070550	
11	3	 2.1960e-06	 7.8126e-07	     244.71	   0.081388	-9.7531e+92	-9.7531e+92	  0.0055087	 7.7176e-07	     0.0000	 -0.0036824	-5.9163e-05	   0.032187	
11	4	 9.6192e-06	 3.4222e-06	     218.09	    0.12699	-9.7531e+92	-9.7531e+92	  0.0025659	 8.4162e-07	     0.0000	 -0.0090763	-6.7858e-05	   0.032083	
11	5	    0.21673	   0.077106	     77.490	     2.2050	-9.7531e+92	-9.7531e+92	   0.022730	  0.0024514	  0.0071892	   0.022910	   -0.20041	   -0.14344	
11	6	  0.0084629	  0.0030108	     117.04	     1.0431	-9.7531e+92	-9.7531e+92	  0.0035251	 9.7612e-05	     0.0000	 -0.0018542	 -0.0079275	   0.012386	
11	7	   0.012964	  0.0046120	     112.26	     1.1591	-9.7531e+92	-9.7531e+92	  0.0039338	 0.00014917	     0.0000	 -0.0036633	  -0.012138	   0.013480	
11	8	   0.049873	   0.017743	     32.525	     2.9668	-9.7531e+92	-9.7531e+92	  0.0052145	 0.00046722	  0.0023414	  0.0023794	  -0.041151	  -0.030890	
11	9	 9.6469e-05	 3.4320e-05	     175.31	    0.28718	-9.7531e+92	-9.7531e+92	  0.0065449	 1.7548e-06	     0.0000	 -0.0087609	-0.00015047	   0.080963	
11	10	  0.0064457	  0.0022932	     46.926	     2.8613	-9.7531e+92	-9.7531e+92	 0.00075181	 4.5902e-05	 0.00013928	 0.00025213	 -0.0026592	 -0.0015542	
11	11	     0.0000	     0.0000	     0.0000	     3.0000	-9.7531e+92	-9.7531e+92	    0.17797	     0.0000	    0.17778	     0.0000	     0.0000	     0.0000	
11	12	 0.00033825	 0.00012034	     77.218	     2.2132	-9.7531e+92	-9.7531e+92	 0.00035016	 3.8700e-06	     0.0000	-0.00046339	-0.00029515	  0.0021355	
11	13	    0.12974	   0.046156	     166.60	    0.34470	-9.7531e+92	-9.7531e+92	   0.017456	  0.0013911	     0.0000	  0.0012067	   -0.10580	  -0.031021	
11	14	   0.053713	   0.019109	     157.91	    0.41563	-9.7531e+92	-9.7531e+92	   0.011522	 0.00058782	     0.0000	-0.00028391	  -0.044775	   0.021230	
11	15	 1.1181e-05	 3.9780e-06	     182.32	    0.24896	-9.7531e+92	-9.7531e+92	  0.0026561	 8.9825e-07	     0.0000	 -0.0091474	-7.2404e-05	   0.035854	
11	16	 4.2139e-08	 1.4992e-08	     142.85	    0.58099	-9.7531e+92	-9.7531e+92	 2.1321e-05	 7.8133e-07	     0.0000	-2.8508e-05	-6.3541e-05	 0.00020533	
11	17	 1.4850e-13	 5.2830e-14	     290.18	   0.041722	-9.7531e+92	-9.7531e+92	 0.00015805	 7.7209e-07	     0.0000	 -0.0016181	-6.3145e-05	  0.0038368	
11	18	    0.29648	    0.10548	     81.269	     2.0888	-9.7531e+92	-9.7531e+92	   0.034999	  0.0031542	  0.0066841	   0.049477	   -0.26532	   -0.17336	
11	19	  0.0038963	  0.0013862	     108.78	     1.2499	-9.7531e+92	-9.7531e+92	   0.019314	 4.0778e-05	     0.0000	  -0.017690	 -0.0036705	    0.11254	
11	20	   0.027688	  0.0098506	     83.734	     2.0113	-9.7531e+92	-9.7531e+92	  0.0057805	 0.00030223	     0.0000	-0.00062593	  -0.025408	   0.012487	
11	21	  0.0034422	  0.0012246	     128.65	    0.80225	-9.7531e+92	-9.7531e+92	  0.0016784	 4.0145e-05	     0.0000	 -0.0013318	 -0.0032639	   0.010336	
11	22	 2.3156e-11	 8.2381e-12	     200.45	    0.17499	-9.7531e+92	-9.7531e+92	 0.00019634	 7.6859e-07	     0.0000	 -0.0013489	-6.2763e-05	  0.0042381	
11	23	   0.011335	  0.0040324	     53.605	     2.7712	-9.7531e+92	-9.7531e+92	  0.0011060	 0.00013106	 0.00086059	  0.0027156	  -0.010524	 -0.0089848	
11	24	   0.014866	  0.0052889	     56.094	     2.7297	-9.7531e+92	-9.7531e+92	  0.0014171	 0.00017084	  0.0012227	  0.0012629	  -0.013878	  -0.012156	
12	0	   0.013413	  0.0043722	     226.76	    0.10933	-9.7531e+92	-9.7531e+92	  0.0049535	 0.00038312	     0.0000	 -0.0015579	 -0.0067284	   0.016884	
12	1	  0.0081051	  0.0026419	     231.78	    0.10046	-9.7531e+92	-9.7531e+92	  0.0033430	 0.00024405	     0.0000	 -0.0017151	 -0.0039689	   0.012694	
12	2	   0.012403	  0.0040430	     181.48	    0.25322	-9.7531e+92	-9.7531e+92	  0.0077573	 0.00032946	     0.0000	 -0.0025417	 -0.0077513	   0.026336	
12	3	 9.1594e-05	 2.9856e-05	     227.10	    0.10870	-9.7531e+92	-9.7531e+92	  0.0061315	 4.8825e-06	     0.0000	 -0.0021758	-8.9060e-05	   0.013842	
12	4	   0.015048	  0.0049051	     165.11	    0.35583	-9.7531e+92	-9.7531e+92	  0.0045142	 0.00046361	     0.0000	 -0.0033700	 -0.0089536	  0.0086934	
12	5	    0.21345	   0.069576	     80.590	     2.1100	-9.7531e+92	-9.7531e+92	   0.024180	  0.0067267	  0.0099407	   0.013309	   -0.13298	  -0.061001	
12	6	 0.00097699	 0.00031846	     152.49	    0.46823	-9.7531e+92	-9.7531e+92	  0.0017910	 3.2276e-05	     0.0000	 -0.0016500	-0.00065178	  0.0080715	
12	7	 0.00033572	 0.00010943	     158.06	    0.41430	-9.7531e+92	-9.7531e+92	  0.0014177	 1.3140e-05	     0.0000	 -0.0038621	-0.00025710	   0.010408	
12	8	    0.12910	   0.042083	     55.069	     2.7473	-9.7531e+92	-9.7531e+92	   0.011940	  0.0037885	  0.0093074	  0.0047143	  -0.065191	  -0.038203	
12	9	 1.6389e-07	 5.3421e-08	     214.99	    0.13415	-9.7531e+92	-9.7531e+92	  0.0030276	 2.0077e-06	     0.0000	 -0.0051927	-4.1923e-05	   0.035118	
12	10	   0.034678	   0.011304	     46.012	     2.8713	-9.7531e+92	-9.7531e+92	  0.0031854	  0.0010048	  0.0026242	  0.0016925	  -0.010385	 -0.0041810	
12	11	   0.023128	  0.0075389	     77.218	     2.2132	-9.7531e+92	-9.7531e+92	  0.0021323	 0.00074522	  0.0019514	  0.0013479	  -0.014666	 -0.0083216	
12	12	     0.0000	     0.0000	     0.0000	     3.0000	-9.7531e+92	-9.7531e+92	    0.16347	     0.0000	    0.16226	     0.0000	     0.0000	     0.0000	
12	13	   0.011302	  0.0036840	     205.94	    0.15802	-9.7531e+92	-9.7531e+92	  0.0057197	 0.00032856	     0.0000	 -0.0012814	 -0.0059743	   0.023874	
12	14	   0.021597	  0.0070397	     188.63	    0.21964	-9.7531e+92	-9.7531e+92	  0.0089588	 0.00064501	     0.0000	-0.00035803	  -0.011676	   0.019438	
12	15	 1.4066e-05	 4.5849e-06	     166.81	    0.34315	-9.7531e+92	-9.7531e+92	  0.0023870	 2.6509e-06	     0.0000	 -0.0054161	-5.1337e-05	   0.015544	
12	16	 1.0351e-06	 3.3742e-07	     115.95	     1.0685	-9.7531e+92	-9.7531e+92	 2.5028e-05	 2.2296e-06	     0.0000	-1.6811e-05	-4.4102e-05	 8.8814e-05	
12	17	 9.1627e-14	 2.9867e-14	     225.22	    0.11223	-9.7531e+92	-9.7531e+92	 0.00026209	 2.1922e-06	     0.0000	-0.00095812	-4.3472e-05	  0.0016657	
12	18	    0.13054	   0.042552	     120.73	    0.96010	-9.7531e+92	-9.7531e+92	   0.020347	  0.0032883	     0.0000	  0.0041207	  -0.081702	  -0.017588	
12	19	    0.11988	   0.039075	     44.530	     2.8865	-9.7531e+92	-9.7531e+92	   0.023452	  0.0031431	     0.0000	-0.00083485	  -0.058063	  0.0053012	
12	20	    0.26506	   0.086400	     45.010	     2.8817	-9.7531e+92	-9.7531e+92	   0.025751	  0.0081859	   0.011822	  0.0057675	   -0.16258	  -0.081145	
12	21	 8.9770e-07	 2.9262e-07	     187.39	    0.22505	-9.7531e+92	-9.7531e+92	 0.00055680	 2.1728e-06	     0.0000	 -0.0010072	-4.2920e-05	  0.0057242	
12	22	 0.00061741	 0.00020125	     131.16	    0.75767	-9.7531e+92	-9.7531e+92	 0.00035674	 2.2018e-05	     0.0000	-0.00070084	-0.00042985	  0.0016138	
12	23	 0.00024733	 8.0619e-05	     109.85	     1.2215	-9.7531e+92	-9.7531e+92	 0.00012362	 1.0492e-05	     0.0000	-5.7200e-05	-0.00020462	 0.00013846	
12	24	 4.3391e-06	 1.4144e-06	     132.31	    0.73810	-9.7531e+92	-9.7531e+92	 0.00014552	 2.2909e-06	     0.0000	-2.4784e-05	-4.5736e-05	 0.00017484	
13	0	   0.055643	    0.26843	     86.013	     1.9388	-9.7531e+92	-9.7531e+92	    0.18972	   0.048279	     0.0000	 -0.0018325	    0.18254	  0.0010427	
13	1	   0.061696	    0.29763	     57.043	     2.7128	-9.7531e+92	-9.7531e+92	    0.15280	   0.052714	     0.0000	  0.0022308	    0.20915	-0.00093502	
13	2	    0.24006	     1.1581	     127.66	    0.82064	-9.7531e+92	-9.7531e+92	    0.36577	    0.26768	     0.0000	   0.038712	     1.1779	  -0.022634	
13	3	  0.0012136	  0.0058547	     188.65	    0.21955	-9.7531e+92	-9.7531e+92	   0.028245	  0.0012881	     0.0000	 -0.0098871	  0.0055777	  0.0053504	
13	4	 3.3629e-05	 0.00016223	     217.30	    0.12878	-9.7531e+92	-9.7531e+92	   0.027925	 0.00011183	     0.0000	  -0.025081	 0.00049839	  0.0062026	
13	5	  0.0023102	   0.011145	     125.66	    0.85869	-9.7531e+92	-9.7531e+92	   0.031302	  0.0026836	     0.0000	  -0.015149	   0.010965	  0.0075260	
13	6	   0.022576	    0.10891	     53.773	     2.7685	-9.7531e+92	-9.7531e+92	   0.056195	   0.026066	     0.0000	-0.00026709	    0.10381	 0.00014303	
13	7	   0.048157	    0.23232	     57.312	     2.7078	-9.7531e+92	-9.7531e+92	   0.097734	   0.049348	     0.0000	     0.0000	    0.24061	 -0.0035251	
13	8	 5.5924e-05	 0.00026978	     162.59	    0.37553	-9.7531e+92	-9.7531e+92	  0.0048142	 0.00014517	     0.0000	 -0.0019954	 0.00054392	  0.0015253	
13	9	    0.33133	     1.5984	     9.0540	     2.9998	-9.7531e+92	-9.7531e+92	    0.54240	    0.26124	   0.068816	     0.0000	     1.7344	     0.0000	
13	10	 4.9770e-14	 2.4010e-13	     205.99	    0.15786	-9.7531e+92	-9.7531e+92	  0.0010810	 8.2742e-05	     0.0000	-0.00084608	 0.00028225	 0.00032739	
13	11	 3.6195e-08	 1.7461e-07	     166.60	    0.34470	-9.7531e+92	-9.7531e+92	 0.00033630	 7.6502e-05	     0.0000	-0.00013983	 0.00032957	 9.6212e-05	
13	12	 7.1214e-14	 3.4355e-13	     205.94	    0.15802	-9.7531e+92	-9.7531e+92	  0.0026005	 8.4040e-05	     0.0000	 -0.0022015	 0.00026808	 0.00072019	
13	13	     0.0000	     0.0000	     0.0000	     3.0000	-9.7531e+92	-9.7531e+92	     2.5663	     0.0000	     2.1453	     0.0000	     0.0000	     0.0000	
13	14	   0.033160	    0.15997	     32.765	     2.9658	-9.7531e+92	-9.7531e+92	    0.14077	   0.029890	     0.0000	 -0.0013526	    0.11889	  0.0055292	
13	15	    0.10563	    0.50957	     111.52	     1.1779	-9.7531e+92	-9.7531e+92	    0.16791	    0.10928	     0.0000	     0.0000	    0.52269	  -0.011453	
13	16	 2.0688e-13	 9.9803e-13	     153.85	    0.45440	-9.7531e+92	-9.7531e+92	 0.00032690	 8.0617e-05	     0.0000	-7.8839e-05	 0.00027682	 4.8291e-05	
13	17	 2.0124e-13	 9.7082e-13	     287.27	   0.043413	-9.7531e+92	-9.7531e+92	  0.0016960	 8.1068e-05	     0.0000	 -0.0044741	 0.00027136	 0.00088816	
13	18	   0.067879	    0.32746	     87.611	     1.8878	-9.7531e+92	-9.7531e+92	    0.15872	   0.080635	     0.0000	 -0.0074321	    0.34091	  0.0018515	
13	19	 1.4925e-06	 7.2000e-06	     184.51	    0.23831	-9.7531e+92	-9.7531e+92	    0.19482	 7.6425e-05	     0.0000	  -0.052615	 0.00029412	   0.026115	
13	20	 3.3682e-06	 1.6249e-05	     165.04	    0.35635	-9.7531e+92	-9.7531e+92	   0.029197	 8.1986e-05	     0.0000	 -0.0053298	 0.00031006	  0.0082067	
13	21	   0.029984	    0.14465	     76.619	     2.2311	-9.7531e+92	-9.7531e+92	   0.059080	   0.031368	     0.0000	  0.0041883	    0.14725	 -0.0026088	
13	22	 5.9048e-14	 2.8485e-13	     260.15	   0.064098	-9.7531e+92	-9.7531e+92	  0.0021193	 8.2389e-05	     0.0000	 -0.0037299	 0.00027236	 0.00096883	
13	23	 0.00025658	  0.0012378	     113.01	     1.1402	-9.7531e+92	-9.7531e+92	  0.0011278	 0.00037592	     0.0000	-0.00026054	  0.0015038	 7.2140e-05	
13	24	 2.0086e-05	 9.6900e-05	     142.21	    0.58941	-9.7531e+92	-9.7531e+92	 0.00070020	 9.4940e-05	     0.0000	-0.00011191	 0.00043582	 9.0144e-05	
14	0	    0.17684	    0.74880	     114.85	     1.0949	-9.7531e+92	-9.7531e+92	    0.26819	    0.17274	     0.0000	   0.018689	    0.86670	   0.066128	
14	1	    0.10334	    0.43757	     88.839	     1.8485	-9.7531e+92	-9.7531e+92	    0.17051	   0.084553	     0.0000	     0.0000	    0.23751	     0.0000	
14	2	   0.080151	    0.33939	     97.273	     1.5829	-9.7531e+92	-9.7531e+92	    0.16976	    0.10265	     0.0000	 -0.0032407	    0.57048	 -0.0055457	
14	3	   0.027501	    0.11645	     161.01	    0.38854	-9.7531e+92	-9.7531e+92	   0.064253	   0.029326	     0.0000	 -0.0047325	    0.15481	 -0.0086313	
14	4	  0.0015911	  0.0067375	     184.55	    0.23808	-9.7531e+92	-9.7531e+92	   0.026184	  0.0019746	     0.0000	  -0.032686	   0.011252	  -0.023060	
14	5	   0.084139	    0.35628	     108.09	     1.2686	-9.7531e+92	-9.7531e+92	    0.11128	    0.10571	     0.0000	   0.020073	    0.57862	   0.023755	
14	6	   0.042744	    0.18100	     41.508	     2.9135	-9.7531e+92	-9.7531e+92	   0.078802	   0.056561	     0.0000	  0.0090531	    0.28734	   0.011375	
14	7	    0.10381	    0.43960	     65.464	     2.5345	-9.7531e+92	-9.7531e+92	    0.14467	    0.13579	   0.021196	   0.063371	    0.68813	   0.043779	
14	8	 0.00023271	 0.00098538	     146.54	    0.53466	-9.7531e+92	-9.7531e+92	  0.0049610	 0.00038542	     0.0000	 -0.0026450	  0.0021099	 -0.0045538	
14	9	   0.071794	    0.30401	     38.749	     2.9339	-9.7531e+92	-9.7531e+92	    0.22450	   0.081467	     0.0000	 -0.0084590	    0.49206	  -0.015575	
14	10	 3.6478e-12	 1.5446e-11	     190.48	    0.21181	-9.7531e+92	-9.7531e+92	 0.00088459	 9.4559e-05	     0.0000	 -0.0011470	 0.00042109	-0.00096630	
14	11	 1.1417e-06	 4.8346e-06	     157.91	    0.41563	-9.7531e+92	-9.7531e+92	 0.00030618	 9.2833e-05	     0.0000	-0.00018913	 0.00044296	-0.00028454	
14	12	 6.2190e-13	 2.6334e-12	     188.63	    0.21964	-9.7531e+92	-9.7531e+92	  0.0021021	 9.4025e-05	     0.0000	 -0.0029844	 0.00042521	 -0.0021271	
14	13	    0.13289	    0.56272	     32.765	     2.9658	-9.7531e+92	-9.7531e+92	    0.23925	    0.15795	     0.0000	  0.0048596	     1.0504	   0.027813	
14	14	     0.0000	     0.0000	     0.0000	     3.0000	-9.7531e+92	-9.7531e+92	     2.2130	     0.0000	     1.8655	     0.0000	     0.0000	     0.0000	
14	15	   0.054324	    0.23003	     78.991	     2.1593	-9.7531e+92	-9.7531e+92	   0.093358	   0.069432	     0.0000	  0.0088603	    0.37311	  0.0065453	
14	16	 6.7639e-06	 2.8641e-05	     121.20	    0.94999	-9.7531e+92	-9.7531e+92	 0.00027317	 8.9301e-05	     0.0000	-0.00010388	 0.00059567	-0.00013663	
14	17	 4.0420e-13	 1.7116e-12	     254.84	   0.069479	-9.7531e+92	-9.7531e+92	  0.0016449	 8.9458e-05	     0.0000	 -0.0060651	 0.00043255	 -0.0026476	
14	18	    0.11155	    0.47234	     78.249	     2.1820	-9.7531e+92	-9.7531e+92	    0.20442	    0.14932	     0.0000	   0.027278	    0.79755	   0.018953	
14	19	 3.2574e-05	 0.00013793	     166.55	    0.34505	-9.7531e+92	-9.7531e+92	    0.15242	 0.00012386	     0.0000	  -0.071310	 0.00065698	  -0.080940	
14	20	 7.2897e-05	 0.00030868	     147.73	    0.52061	-9.7531e+92	-9.7531e+92	   0.024334	 0.00017414	     0.0000	 -0.0072134	  0.0010101	  -0.024933	
14	21	  0.0085625	   0.036258	     101.18	     1.4647	-9.7531e+92	-9.7531e+92	   0.034797	   0.010605	     0.0000	 -0.0014692	   0.059428	 -0.0042802	
14	22	 1.1728e-12	 4.9663e-12	     227.39	    0.10817	-9.7531e+92	-9.7531e+92	  0.0019054	 9.1519e-05	     0.0000	 -0.0050562	 0.00042731	 -0.0029431	
14	23	 0.00041480	  0.0017565	     114.84	     1.0952	-9.7531e+92	-9.7531e+92	  0.0014260	 0.00065774	     0.0000	-0.00020124	  0.0031712	-0.00012220	
14	24	 4.9672e-06	 2.1033e-05	     150.00	    0.49487	-9.7531e+92	-9.7531e+92	 0.00077734	 9.3589e-05	     0.0000	-0.00011865	 0.00047297	-0.00027755	
15	0	  0.0018699	  0.0018192	     189.51	    0.21584	-9.7531e+92	-9.7531e+92	   0.037841	  0.0013005	     0.0000	  -0.044832	   0.010155	  -0.098831	
15	1	  0.0022382	  0.0021776	     167.83	    0.33581	-9.7531e+92	-9.7531e+92	   0.022585	  0.0015408	     0.0000	  -0.046714	   0.011777	  -0.068766	
15	2	   0.049651	   0.048306	     21.827	     2.9932	-9.7531e+92	-9.7531e+92	   0.031106	   0.029046	     0.0000	  -0.052344	    0.17907	  -0.051310	
15	3	   0.023537	   0.022900	     84.108	     1.9994	-9.7531e+92	-9.7531e+92	  0.0095470	   0.010608	     0.0000	-1.4481e-05	   0.048401	 -0.0062409	
15	4	   0.012499	   0.012161	     106.18	     1.3210	-9.7531e+92	-9.7531e+92	  0.0064476	  0.0061168	     0.0000	  -0.022570	   0.041499	  -0.026790	
15	5	  0.0011910	  0.0011588	     104.94	     1.3557	-9.7531e+92	-9.7531e+92	  0.0045028	 0.00082745	     0.0000	  -0.029724	  0.0049956	  -0.051923	
15	6	  0.0048115	  0.0046812	     96.746	     1.5991	-9.7531e+92	-9.7531e+92	  0.0079540	  0.0034020	     0.0000	  -0.032666	   0.018948	  -0.022549	
15	7	 0.00014830	 0.00014428	     131.62	    0.74982	-9.7531e+92	-9.7531e+92	   0.010449	 0.00015567	     0.0000	  -0.092875	 0.00079662	  -0.035205	
15	8	 3.3014e-06	 3.2120e-06	     159.01	    0.40580	-9.7531e+92	-9.7531e+92	 0.00050240	 5.1526e-05	     0.0000	  -0.010277	 0.00025516	 -0.0096332	
15	9	    0.73535	    0.71544	     117.55	     1.0311	-9.7531e+92	-9.7531e+92	    0.19886	    0.47955	    0.10335	    0.80431	     2.8416	    0.78317	
15	10	 5.0438e-13	 4.9072e-13	     197.67	    0.18443	-9.7531e+92	-9.7531e+92	 0.00012229	 4.9885e-05	     0.0000	 -0.0043290	 0.00023671	 -0.0019702	
15	11	 1.4629e-14	 1.4233e-14	     182.32	    0.24896	-9.7531e+92	-9.7531e+92	 5.0897e-05	 4.9259e-05	     0.0000	-0.00071552	 0.00023926	-0.00058209	
15	12	 1.9624e-08	 1.9092e-08	     166.81	    0.34315	-9.7531e+92	-9.7531e+92	 0.00026897	 4.9739e-05	     0.0000	  -0.011264	 0.00023843	 -0.0043376	
15	13	   0.058491	   0.056907	     111.52	     1.1779	-9.7531e+92	-9.7531e+92	   0.058401	   0.031539	     0.0000	  -0.011615	    0.16608	  -0.040278	
15	14	   0.097043	   0.094416	     78.991	     2.1593	-9.7531e+92	-9.7531e+92	   0.043749	   0.059383	     0.0000	  0.0021054	    0.37128	   0.020402	
15	15	     0.0000	     0.0000	     0.0000	     3.0000	-9.7531e+92	-9.7531e+92	    0.49443	     0.0000	    0.45243	     0.0000	     0.0000	     0.0000	
15	16	 3.6281e-05	 3.5299e-05	     65.362	     2.5370	-9.7531e+92	-9.7531e+92	 6.5417e-05	 6.8555e-05	     0.0000	-0.00016573	 0.00044260	-0.00024273	
15	17	 1.2235e-08	 1.1903e-08	     175.81	    0.28425	-9.7531e+92	-9.7531e+92	 0.00039049	 4.1351e-05	     0.0000	  -0.012806	 0.00029790	 -0.0054107	
15	18	   0.012929	   0.012579	     116.73	     1.0502	-9.7531e+92	-9.7531e+92	   0.018032	  0.0090341	     0.0000	   -0.21543	   0.053251	  -0.085041	
15	19	 3.8877e-05	 3.7824e-05	     131.26	    0.75593	-9.7531e+92	-9.7531e+92	   0.018768	 6.7595e-05	     0.0000	   -0.25685	 0.00041427	   -0.16689	
15	20	 0.00014502	 0.00014110	     124.66	    0.87845	-9.7531e+92	-9.7531e+92	  0.0028981	 0.00014852	     0.0000	  -0.027180	 0.00080380	  -0.051111	
15	21	 1.4101e-05	 1.3719e-05	     175.65	    0.28523	-9.7531e+92	-9.7531e+92	  0.0051689	 5.8538e-05	     0.0000	  -0.024045	 0.00030098	  -0.019263	
15	22	 7.6706e-07	 7.4629e-07	     163.21	    0.37056	-9.7531e+92	-9.7531e+92	 0.00041494	 4.3705e-05	     0.0000	  -0.011812	 0.00028203	 -0.0060400	
15	23	 6.1600e-07	 5.9932e-07	     149.47	    0.50076	-9.7531e+92	-9.7531e+92	 0.00015206	 5.0768e-05	     0.0000	 -0.0022610	 0.00023635	-0.00074295	
15	24	 5.3815e-13	 5.2358e-13	     189.75	    0.21485	-9.7531e+92	-9.7531e+92	 0.00011801	 4.9416e-05	     0.0000	-0.00059755	 0.00023711	-0.00057314	
16	0	 0.00087645	 0.00017867	     217.18	    0.12904	-9.7531e+92	-9.7531e+92	  0.0027778	 4.7460e-06	     0.0000	-0.00076156	-4.1418e-07	 0.00022089	
16	1	  0.0015771	 0.00032150	     207.46	    0.15366	-9.7531e+92	-9.7531e+92	  0.0020030	 8.3339e-06	     0.0000	-0.00079291	-1.6788e-06	 0.00017823	
16	2	    0.14724	   0.030016	     68.097	     2.4691	-9.7531e+92	-9.7531e+92	   0.012995	 0.00069332	     0.0000	  0.0012725	 -0.0021984	-0.00049913	
16	3	    0.23398	   0.047698	     111.94	     1.1671	-9.7531e+92	-9.7531e+92	   0.015343	 0.00096506	  0.0068129	  0.0023453	 -0.0050799	 -0.0019686	
16	4	    0.20777	   0.042354	     75.439	     2.2661	-9.7531e+92	-9.7531e+92	   0.013474	 0.00068857	  0.0052523	  0.0019850	 -0.0052189	 -0.0030657	
16	5	   0.024415	  0.0049771	     71.546	     2.3771	-9.7531e+92	-9.7531e+92	  0.0029784	 0.00012418	     0.0000	-0.00053621	-0.00036293	 0.00020947	
16	6	  0.0019950	 0.00040669	     111.89	     1.1685	-9.7531e+92	-9.7531e+92	 0.00095394	 1.0887e-05	     0.0000	-0.00062998	-3.2157e-05	 0.00023590	
16	7	 0.00040275	 8.2101e-05	     137.28	    0.65913	-9.7531e+92	-9.7531e+92	  0.0013268	 2.5359e-06	     0.0000	 -0.0015413	-7.8829e-06	 0.00031946	
16	8	 0.00033451	 6.8191e-05	     112.87	     1.1438	-9.7531e+92	-9.7531e+92	 0.00024114	 2.1824e-06	     0.0000	-0.00016495	-6.9232e-06	 8.8753e-05	
16	9	 6.6961e-05	 1.3650e-05	     159.83	    0.39862	-9.7531e+92	-9.7531e+92	  0.0042305	 6.7218e-07	     0.0000	 -0.0020757	-2.0871e-06	  0.0010425	
16	10	 4.9503e-09	 1.0091e-09	     147.94	    0.51817	-9.7531e+92	-9.7531e+92	 4.7542e-05	 3.6652e-07	     0.0000	-7.2477e-05	-1.1932e-06	 1.9842e-05	
16	11	 1.3274e-07	 2.7058e-08	     142.85	    0.58099	-9.7531e+92	-9.7531e+92	 1.4948e-05	 3.6672e-07	     0.0000	-1.1976e-05	-1.2040e-06	 5.8264e-06	
16	12	 1.2474e-05	 2.5429e-06	     115.95	     1.0685	-9.7531e+92	-9.7531e+92	 0.00011413	 4.3330e-07	     0.0000	-0.00018794	-1.3877e-06	 4.3496e-05	
16	13	   0.016714	  0.0034071	     153.85	    0.45440	-9.7531e+92	-9.7531e+92	  0.0048121	 8.2370e-05	     0.0000	-0.00047607	-9.1293e-05	 0.00035984	
16	14	    0.24363	   0.049665	     121.20	    0.94999	-9.7531e+92	-9.7531e+92	   0.016628	  0.0012257	     0.0000	 0.00038199	 -0.0016740	-0.00096818	
16	15	   0.028018	  0.0057115	     65.362	     2.5370	-9.7531e+92	-9.7531e+92	  0.0057866	 0.00015107	     0.0000	-0.00076068	-0.00045066	 0.00016627	
16	16	     0.0000	     0.0000	     0.0000	     3.0000	-9.7531e+92	-9.7531e+92	    0.10196	     0.0000	    0.10190	     0.0000	     0.0000	     0.0000	
16	17	 1.1733e-06	 2.3917e-07	     148.25	    0.51453	-9.7531e+92	-9.7531e+92	 0.00074396	 3.1825e-07	     0.0000	-0.00022609	-6.0382e-07	 4.9148e-05	
16	18	   0.071410	   0.014557	     110.59	     1.2021	-9.7531e+92	-9.7531e+92	  0.0064050	 0.00036095	     0.0000	-0.00044578	-0.00092778	 7.5250e-05	
16	19	   0.019204	  0.0039149	     73.024	     2.3358	-9.7531e+92	-9.7531e+92	  0.0084084	 9.1720e-05	     0.0000	 -0.0035519	-0.00027795	  0.0013527	
16	20	  0.0020937	 0.00042680	     74.477	     2.2942	-9.7531e+92	-9.7531e+92	  0.0014101	 1.1364e-05	     0.0000	-0.00043423	-3.4893e-05	 0.00047086	
16	21	 2.9958e-07	 6.1070e-08	     180.81	    0.25669	-9.7531e+92	-9.7531e+92	 0.00040393	 3.6208e-07	     0.0000	-0.00040291	-1.1154e-06	 0.00017554	
16	22	 0.00023847	 4.8613e-05	     106.73	     1.3057	-9.7531e+92	-9.7531e+92	 0.00073184	 1.3409e-06	     0.0000	-9.1901e-05	 3.4160e-06	-4.7729e-05	
16	23	 9.2230e-06	 1.8801e-06	     136.77	    0.66684	-9.7531e+92	-9.7531e+92	 2.4289e-05	 4.2255e-07	     0.0000	-3.7331e-05	-1.3992e-06	 7.3052e-06	
16	24	 7.6113e-12	 1.5516e-12	     177.80	    0.27291	-9.7531e+92	-9.7531e+92	 1.5526e-05	 3.6663e-07	     0.0000	-1.0004e-05	-1.2154e-06	 5.6931e-06	
17	0	 2.2706e-05	 9.1431e-06	     353.56	   0.019078	-9.7531e+92	-9.7531e+92	  0.0029300	 7.3181e-06	     0.0000	  -0.021411	 7.4960e-06	 -0.0072738	
17	1	 1.5796e-05	 6.3606e-06	     342.57	   0.021626	-9.7531e+92	-9.7531e+92	  0.0023240	 6.8236e-06	     0.0000	  -0.022730	 6.0038e-06	 -0.0046266	
17	2	    0.10058	   0.040501	     160.64	    0.39167	-9.7531e+92	-9.7531e+92	   0.023986	  0.0077035	     0.0000	  0.0068061	  -0.015544	-0.00031486	
17	3	    0.36165	    0.14563	     122.41	    0.92444	-9.7531e+92	-9.7531e+92	   0.046460	   0.024376	   0.029611	    0.11501	  -0.081654	  0.0011992	
17	4	    0.42318	    0.17040	     73.525	     2.3215	-9.7531e+92	-9.7531e+92	   0.051467	   0.012242	   0.035227	   0.042665	   -0.22749	   -0.14150	
17	5	 0.00017859	 7.1914e-05	     219.60	    0.12368	-9.7531e+92	-9.7531e+92	  0.0020949	 1.9789e-05	     0.0000	  -0.037895	-4.9570e-05	  0.0035960	
17	6	 8.1363e-13	 3.2763e-13	     251.72	   0.072906	-9.7531e+92	-9.7531e+92	 0.00085514	 5.6468e-06	     0.0000	  -0.019130	-1.4709e-05	  0.0020318	
17	7	 1.0241e-12	 4.1238e-13	     281.54	   0.047004	-9.7531e+92	-9.7531e+92	  0.0012243	 5.7292e-06	     0.0000	  -0.043404	-1.5451e-05	  0.0025851	
17	8	 4.5954e-12	 1.8504e-12	     258.50	   0.065716	-9.7531e+92	-9.7531e+92	 0.00027045	 5.7263e-06	     0.0000	 -0.0047804	-1.6066e-05	 0.00079542	
17	9	 3.8768e-12	 1.5611e-12	     293.28	   0.040011	-9.7531e+92	-9.7531e+92	  0.0075237	 5.3811e-06	     0.0000	  -0.057685	-1.4000e-05	  0.0075193	
17	10	 1.0778e-12	 4.3402e-13	     270.72	   0.054831	-9.7531e+92	-9.7531e+92	 6.4546e-05	 5.7385e-06	     0.0000	 -0.0020128	-1.6802e-05	 0.00018153	
17	11	 3.3562e-12	 1.3514e-12	     290.18	   0.041722	-9.7531e+92	-9.7531e+92	 2.3280e-05	 5.7700e-06	     0.0000	-0.00033268	-1.7042e-05	 5.2914e-05	
17	12	 1.4720e-12	 5.9272e-13	     225.22	    0.11223	-9.7531e+92	-9.7531e+92	 0.00015048	 5.7071e-06	     0.0000	 -0.0052373	-1.6344e-05	 0.00039881	
17	13	  0.0044346	  0.0017857	     287.27	   0.043413	-9.7531e+92	-9.7531e+92	  0.0071906	 0.00036089	     0.0000	  -0.015520	 2.5640e-05	 -0.0048094	
17	14	   0.018873	  0.0075998	     254.84	   0.069479	-9.7531e+92	-9.7531e+92	   0.012235	  0.0015453	     0.0000	 -0.0041562	-0.00059381	 -0.0022827	
17	15	   0.023370	  0.0094104	     175.81	    0.28425	-9.7531e+92	-9.7531e+92	   0.014099	  0.0020022	     0.0000	  -0.027605	 -0.0051775	  0.0016875	
17	16	 4.3612e-07	 1.7561e-07	     148.25	    0.51453	-9.7531e+92	-9.7531e+92	 0.00013658	 5.2420e-06	 1.2674e-05	-0.00011594	-9.8300e-06	 2.7435e-05	
17	17	     0.0000	     0.0000	     0.0000	     3.0000	-9.7531e+92	-9.7531e+92	    0.20428	     0.0000	    0.20243	     0.0000	     0.0000	     0.0000	
17	18	 0.00038122	 0.00015351	     258.46	   0.065759	-9.7531e+92	-9.7531e+92	  0.0032285	 3.5112e-05	     0.0000	   -0.11900	-7.1735e-05	  0.0031843	
17	19	  0.0028592	  0.0011513	     187.53	    0.22442	-9.7531e+92	-9.7531e+92	   0.010673	 0.00021221	     0.0000	   -0.10944	-0.00052716	   0.012812	
17	20	 5.1502e-13	 2.0738e-13	     207.02	    0.15490	-9.7531e+92	-9.7531e+92	  0.0017306	 5.5304e-06	     0.0000	  -0.012680	-1.5319e-05	  0.0042798	
17	21	 4.9395e-12	 1.9890e-12	     326.31	   0.026229	-9.7531e+92	-9.7531e+92	 0.00047306	 5.7316e-06	     0.0000	  -0.011190	-1.5228e-05	  0.0013886	
17	22	   0.064454	   0.025954	     106.10	     1.3231	-9.7531e+92	-9.7531e+92	  0.0091571	  0.0038668	  0.0071055	   0.018271	   0.017281	   0.017453	
17	23	 1.2869e-12	 5.1819e-13	     284.58	   0.045056	-9.7531e+92	-9.7531e+92	 2.9557e-05	 5.8583e-06	     0.0000	 -0.0010523	-1.7476e-05	 6.6956e-05	
17	24	 6.1234e-12	 2.4657e-12	     325.25	   0.026569	-9.7531e+92	-9.7531e+92	 2.2673e-05	 5.8085e-06	     0.0000	-0.00027783	-1.7193e-05	 5.1160e-05	
18	0	   0.011223	   0.024514	     116.29	     1.0606	-9.7531e+92	-9.7531e+92	   0.020791	  0.0084416	     0.0000	 -0.0057754	  -0.070251	   0.070298	
18	1	   0.015153	   0.033098	     111.77	     1.1715	-9.7531e+92	-9.7531e+92	   0.019546	   0.014277	     0.0000	 -0.0070567	  -0.037004	   0.037306	
18	2	 0.00029767	 0.00065022	     137.27	    0.65930	-9.7531e+92	-9.7531e+92	   0.054589	 0.00043354	     0.0000	  -0.025963	-0.00079462	    0.11024	
18	3	 2.9162e-06	 6.3700e-06	     199.21	    0.17912	-9.7531e+92	-9.7531e+92	   0.025896	 8.5299e-05	     0.0000	  -0.011535	-9.5172e-05	   0.049896	
18	4	 5.7096e-06	 1.2472e-05	     186.18	    0.23049	-9.7531e+92	-9.7531e+92	   0.049712	 9.0061e-05	     0.0000	  -0.028436	-0.00015004	   0.050214	
18	5	  0.0030938	  0.0067580	     53.346	     2.7752	-9.7531e+92	-9.7531e+92	   0.061527	  0.0035875	     0.0000	  -0.016838	 -0.0080147	   0.053245	
18	6	  0.0055776	   0.012183	     36.723	     2.9464	-9.7531e+92	-9.7531e+92	  0.0095440	  0.0066512	     0.0000	 -0.0069344	  -0.015389	   0.023418	
18	7	  0.0023334	  0.0050969	     38.248	     2.9371	-9.7531e+92	-9.7531e+92	  0.0074870	  0.0029127	     0.0000	  -0.019016	 -0.0073939	   0.035386	
18	8	 0.00021987	 0.00048028	     75.421	     2.2666	-9.7531e+92	-9.7531e+92	   0.012566	 0.00029395	     0.0000	-0.00097570	-0.00041103	  0.0075253	
18	9	  0.0012751	  0.0027852	     96.665	     1.6016	-9.7531e+92	-9.7531e+92	   0.019872	  0.0014345	     0.0000	  -0.023520	 -0.0037963	    0.12639	
18	10	 2.9392e-07	 6.4203e-07	     118.82	     1.0023	-9.7531e+92	-9.7531e+92	  0.0026515	 7.3392e-05	     0.0000	-0.00060751	-8.4553e-05	  0.0016959	
18	11	 4.5399e-05	 9.9168e-05	     81.269	     2.0888	-9.7531e+92	-9.7531e+92	 0.00054262	 0.00011608	     0.0000	-6.4601e-05	-0.00011514	 0.00033692	
18	12	 1.3600e-07	 2.9708e-07	     120.73	    0.96010	-9.7531e+92	-9.7531e+92	  0.0069497	 7.8626e-05	     0.0000	 -0.0022518	-0.00014316	  0.0049201	
18	13	   0.017470	   0.038161	     87.611	     1.8878	-9.7531e+92	-9.7531e+92	   0.035565	   0.018498	     0.0000	 -0.0062291	  -0.027515	   0.078078	
18	14	   0.018584	   0.040594	     78.249	     2.1820	-9.7531e+92	-9.7531e+92	   0.046587	   0.018352	     0.0000	 -0.0019884	  -0.050648	   0.072950	
18	15	 0.00014349	 0.00031343	     116.73	     1.0502	-9.7531e+92	-9.7531e+92	   0.019063	 0.00026239	     0.0000	  -0.028568	-0.00065239	   0.056585	
18	16	 2.1596e-08	 4.7173e-08	     110.59	     1.2021	-9.7531e+92	-9.7531e+92	 0.00020518	 8.4303e-05	     0.0000	-8.9313e-05	-0.00021219	 0.00032705	
18	17	 2.3732e-15	 5.1840e-15	     258.46	   0.065759	-9.7531e+92	-9.7531e+92	  0.0027703	 8.8963e-05	     0.0000	 -0.0050689	-0.00025429	  0.0061013	
18	18	     0.0000	     0.0000	     0.0000	     3.0000	-9.7531e+92	-9.7531e+92	     1.1468	     0.0000	    0.97293	     0.0000	     0.0000	     0.0000	
18	19	    0.92337	     2.0170	     118.15	     1.0174	-9.7531e+92	-9.7531e+92	    0.55160	     1.0000	    0.24984	    0.33192	    -2.3653	    -1.0426	
18	20	 3.3818e-05	 7.3871e-05	     90.275	     1.8027	-9.7531e+92	-9.7531e+92	   0.081644	 0.00011102	     0.0000	 -0.0058220	-0.00021000	   0.057039	
18	21	 0.00087353	  0.0019081	     79.511	     2.1434	-9.7531e+92	-9.7531e+92	  0.0033992	  0.0010285	     0.0000	 -0.0050319	 -0.0023558	   0.019758	
18	22	 7.8198e-13	 1.7081e-12	     205.13	    0.16037	-9.7531e+92	-9.7531e+92	  0.0040945	 8.8199e-05	     0.0000	 -0.0042258	-0.00023717	  0.0067313	
18	23	 0.00016997	 0.00037128	     36.898	     2.9454	-9.7531e+92	-9.7531e+92	 0.00044185	 0.00028505	     0.0000	-0.00036457	-0.00062500	 0.00061133	
18	24	 0.00012972	 0.00028335	     74.739	     2.2865	-9.7531e+92	-9.7531e+92	 0.00030878	 0.00020073	     0.0000	-5.9742e-05	-0.00028557	 0.00040256	
19	0	 0.00047047	 0.00033937	     234.49	   0.096052	-9.7531e+92	-9.7531e+92	  0.0073722	 0.00073366	     0.0000	   -0.12041	 0.00069476	   -0.19080	
19	1	  0.0011186	 0.00080687	     226.57	    0.10968	-9.7531e+92	-9.7531e+92	  0.0059942	  0.0018076	     0.0000	   -0.13107	  0.0034706	   -0.13201	
19	2	    0.10262	   0.074023	     139.30	    0.62950	-9.7531e+92	-9.7531e+92	   0.035964	   0.089114	     0.0000	     0.0000	   -0.24750	   0.017173	
19	3	   0.010899	  0.0078621	     184.07	    0.24039	-9.7531e+92	-9.7531e+92	   0.017776	   0.017160	     0.0000	   -0.10563	   0.010018	  -0.071674	
19	4	    0.15487	    0.11172	     119.82	    0.98008	-9.7531e+92	-9.7531e+92	   0.035192	    0.24230	  0.0061001	     1.0000	   0.046234	    0.24631	
19	5	    0.16936	    0.12217	     64.874	     2.5486	-9.7531e+92	-9.7531e+92	   0.042083	    0.26942	   0.010572	    0.64535	  -0.050165	    0.24412	
19	6	  0.0014334	  0.0010340	     133.74	    0.71443	-9.7531e+92	-9.7531e+92	  0.0035084	  0.0021545	     0.0000	  -0.072174	 0.00022260	  -0.042162	
19	7	 0.00013837	 9.9811e-05	     154.38	    0.44913	-9.7531e+92	-9.7531e+92	  0.0029008	 0.00035860	     0.0000	   -0.25471	-0.00018527	  -0.055583	
19	8	   0.035424	   0.025553	     80.536	     2.1117	-9.7531e+92	-9.7531e+92	  0.0088055	   0.054604	  0.0029800	   0.075264	 0.00029307	   0.051274	
19	9	 8.3691e-07	 6.0370e-07	     193.08	    0.20137	-9.7531e+92	-9.7531e+92	  0.0097214	 0.00010518	     0.0000	   -0.34013	-3.1935e-05	   -0.19349	
19	10	  0.0072477	  0.0052281	     85.643	     1.9506	-9.7531e+92	-9.7531e+92	  0.0018572	   0.010756	 0.00061521	   0.037028	  0.0068950	   0.010210	
19	11	 0.00020946	 0.00015109	     108.78	     1.2499	-9.7531e+92	-9.7531e+92	 0.00033785	 0.00043717	     0.0000	-0.00084445	-5.7178e-05	-0.00051245	
19	12	   0.024004	   0.017315	     44.530	     2.8865	-9.7531e+92	-9.7531e+92	  0.0049180	   0.037452	  0.0022420	    0.17224	  0.0091533	   0.037195	
19	13	   0.027882	   0.020113	     184.51	    0.23831	-9.7531e+92	-9.7531e+92	   0.015723	   0.039850	     0.0000	  -0.065630	   0.037127	   -0.15163	
19	14	   0.041543	   0.029967	     166.55	    0.34505	-9.7531e+92	-9.7531e+92	   0.023306	   0.062193	     0.0000	  -0.015726	   0.055339	  -0.099691	
19	15	   0.018215	   0.013139	     131.26	    0.75593	-9.7531e+92	-9.7531e+92	   0.012450	   0.031936	     0.0000	   -0.20515	  -0.013998	  -0.048199	
19	16	 6.7300e-05	 4.8547e-05	     73.024	     2.3358	-9.7531e+92	-9.7531e+92	 0.00011680	 0.00022377	     0.0000	-0.00079767	-9.3633e-05	-0.00031485	
19	17	 8.3001e-12	 5.9873e-12	     187.53	    0.22442	-9.7531e+92	-9.7531e+92	  0.0019322	 0.00011514	     0.0000	  -0.062759	-7.2105e-05	 -0.0083496	
19	18	    0.11102	   0.080082	     118.15	     1.0174	-9.7531e+92	-9.7531e+92	   0.036210	   0.070347	     0.0000	     0.0000	   -0.24429	   0.026913	
19	19	     0.0000	     0.0000	     0.0000	     3.0000	-9.7531e+92	-9.7531e+92	    0.39277	     0.0000	    0.29312	     0.0000	     0.0000	     0.0000	
19	20	    0.28784	    0.20763	     28.400	     2.9806	-9.7531e+92	-9.7531e+92	   0.058057	    0.42101	   0.027232	    0.42880	   0.088567	    0.45759	
19	21	 2.0553e-07	 1.4826e-07	     197.71	    0.18427	-9.7531e+92	-9.7531e+92	  0.0010842	 0.00011098	     0.0000	  -0.065978	-4.0074e-05	  -0.030473	
19	22	  0.0053575	  0.0038646	     93.933	     1.6868	-9.7531e+92	-9.7531e+92	  0.0028762	  0.0084629	     0.0000	  0.0033303	 0.00050919	 0.00059781	
19	23	 0.00027525	 0.00019855	     121.29	    0.94810	-9.7531e+92	-9.7531e+92	 0.00019651	 0.00060104	     0.0000	 -0.0034692	-0.00037335	-0.00064099	
19	24	 7.1753e-07	 5.1759e-07	     150.08	    0.49393	-9.7531e+92	-9.7531e+92	 0.00012352	 0.00010835	     0.0000	 -0.0014698	-3.2532e-05	-0.00088315	
20	0	  0.0024047	  0.0013751	     206.61	    0.15606	-9.7531e+92	-9.7531e+92	  0.0088086	 0.00074067	     0.0000	  -0.012994	  -0.010293	    0.11601	
20	1	   0.047872	   0.027375	     199.20	    0.17914	-9.7531e+92	-9.7531e+92	   0.011979	   0.015252	     0.0000	-0.00061361	   -0.19104	  0.0037444	
20	2	    0.16911	   0.096704	     139.77	    0.62284	-9.7531e+92	-9.7531e+92	   0.034779	   0.044582	     0.0000	  0.0092649	   -0.91088	   -0.15796	
20	3	  0.0010637	 0.00060827	     185.64	    0.23299	-9.7531e+92	-9.7531e+92	   0.010711	 0.00037018	     0.0000	  -0.014833	 -0.0053553	   0.078277	
20	4	   0.025359	   0.014501	     135.08	    0.69295	-9.7531e+92	-9.7531e+92	  0.0093136	  0.0082535	     0.0000	  -0.013930	   -0.12789	   0.029877	
20	5	    0.20609	    0.11785	     39.691	     2.9273	-9.7531e+92	-9.7531e+92	   0.036106	   0.066946	   0.011126	   0.088868	    -1.0762	   -0.33957	
20	6	  0.0071613	  0.0040951	     111.59	     1.1762	-9.7531e+92	-9.7531e+92	  0.0043303	  0.0023431	     0.0000	 -0.0083336	  -0.038366	   0.033992	
20	7	  0.0023742	  0.0013576	     126.68	    0.83907	-9.7531e+92	-9.7531e+92	  0.0039020	 0.00085493	     0.0000	  -0.025050	  -0.013361	   0.056295	
20	8	   0.031112	   0.017791	     51.987	     2.7958	-9.7531e+92	-9.7531e+92	  0.0058662	   0.010046	  0.0012481	  0.0085406	   -0.15835	  -0.049036	
20	9	 3.5350e-06	 2.0215e-06	     174.09	    0.29453	-9.7531e+92	-9.7531e+92	  0.0091513	 2.2510e-05	     0.0000	  -0.036243	-0.00037598	    0.20427	
20	10	  0.0071260	  0.0040749	     74.457	     2.2947	-9.7531e+92	-9.7531e+92	  0.0013060	  0.0022936	 0.00032146	  0.0040743	  -0.033933	  -0.011725	
20	11	  0.0029039	  0.0016606	     83.734	     2.0113	-9.7531e+92	-9.7531e+92	 0.00054914	 0.00098762	 0.00023178	  0.0010319	  -0.015453	 -0.0051716	
20	12	  0.0018682	  0.0010683	     45.010	     2.8817	-9.7531e+92	-9.7531e+92	 0.00087972	 0.00053545	     0.0000	-0.00074851	 -0.0059870	  0.0016484	
20	13	   0.049916	   0.028544	     165.04	    0.35635	-9.7531e+92	-9.7531e+92	   0.016753	   0.015300	     0.0000	 -0.0044017	   -0.21961	   0.067786	
20	14	    0.16929	   0.096808	     147.73	    0.52061	-9.7531e+92	-9.7531e+92	   0.034104	   0.053376	     0.0000	  0.0035973	   -0.76657	   -0.16167	
20	15	  0.0084067	  0.0048073	     124.66	    0.87845	-9.7531e+92	-9.7531e+92	  0.0074014	  0.0029777	     0.0000	  -0.030452	  -0.046052	   0.072868	
20	16	 5.9428e-05	 3.3983e-05	     74.477	     2.2942	-9.7531e+92	-9.7531e+92	 5.8907e-05	 4.3998e-05	     0.0000	-8.8842e-05	-0.00069972	 0.00039191	
20	17	 3.3982e-12	 1.9432e-12	     207.02	    0.15490	-9.7531e+92	-9.7531e+92	 0.00053129	 2.3391e-05	     0.0000	 -0.0066876	-0.00037266	  0.0097042	
20	18	    0.19029	    0.10882	     90.275	     1.8027	-9.7531e+92	-9.7531e+92	   0.038833	   0.046385	     0.0000	   0.031586	    -1.0302	   -0.22199	
20	19	   0.076887	   0.043967	     28.400	     2.9806	-9.7531e+92	-9.7531e+92	   0.041221	   0.017719	     0.0000	 -0.0043082	   -0.28075	   0.073967	
20	20	     0.0000	     0.0000	     0.0000	     3.0000	-9.7531e+92	-9.7531e+92	    0.29271	     0.0000	    0.26827	     0.0000	     0.0000	     0.0000	
20	21	 4.3182e-06	 2.4693e-06	     169.84	    0.32188	-9.7531e+92	-9.7531e+92	  0.0015572	 2.4338e-05	     0.0000	 -0.0070288	-0.00038546	   0.033309	
20	22	 6.8409e-05	 3.9118e-05	     116.48	     1.0560	-9.7531e+92	-9.7531e+92	 0.00061738	 4.5354e-05	     0.0000	 -0.0054995	-0.00071285	   0.010567	
20	23	 0.00059694	 0.00034135	     93.058	     1.7144	-9.7531e+92	-9.7531e+92	 0.00020850	 0.00023671	     0.0000	-2.9008e-05	 -0.0037014	 5.8613e-05	
20	24	 1.9448e-05	 1.1121e-05	     121.85	    0.93617	-9.7531e+92	-9.7531e+92	 0.00010060	 2.9448e-05	     0.0000	-0.00016751	-0.00047401	 0.00098633	
21	0	    0.14284	    0.13004	     39.458	     2.9290	-9.7531e+92	-9.7531e+92	   0.055018	   0.036187	     0.0000	   0.031999	    0.51821	    0.14075	
21	1	    0.24564	    0.22362	     57.297	     2.7081	-9.7531e+92	-9.7531e+92	   0.069954	   0.046000	   0.024433	  0.0095514	    0.57082	    0.10748	
21	2	 0.00043502	 0.00039603	     197.19	    0.18609	-9.7531e+92	-9.7531e+92	   0.015705	 0.00018913	     0.0000	   -0.13494	  0.0026449	   -0.21693	
21	3	 4.2011e-06	 3.8246e-06	     259.71	   0.064522	-9.7531e+92	-9.7531e+92	  0.0031620	 2.6420e-05	     0.0000	  -0.060045	 0.00037863	   -0.10300	
21	4	 7.4318e-07	 6.7657e-07	     253.96	   0.070430	-9.7531e+92	-9.7531e+92	  0.0031261	 2.5341e-05	     0.0000	   -0.14804	 0.00035445	  -0.098092	
21	5	  0.0051851	  0.0047204	     132.91	    0.72808	-9.7531e+92	-9.7531e+92	  0.0063875	  0.0020059	     0.0000	  -0.083135	   0.026827	  -0.092232	
21	6	   0.025096	   0.022847	     78.899	     2.1621	-9.7531e+92	-9.7531e+92	   0.013267	  0.0094683	     0.0000	  0.0035439	    0.12943	  0.0041738	
21	7	    0.18050	    0.16432	     44.967	     2.8822	-9.7531e+92	-9.7531e+92	   0.050353	   0.064305	   0.023806	    0.55882	    0.93736	    0.36183	
21	8	 0.00018401	 0.00016751	     132.38	    0.73687	-9.7531e+92	-9.7531e+92	 0.00077993	 9.5878e-05	     0.0000	  -0.011573	  0.0012769	  -0.018677	
21	9	   0.046883	   0.042681	     83.320	     2.0244	-9.7531e+92	-9.7531e+92	   0.046852	   0.014675	     0.0000	  -0.064107	    0.24564	   -0.12333	
21	10	 2.3675e-10	 2.1553e-10	     171.26	    0.31241	-9.7531e+92	-9.7531e+92	 0.00016504	 2.6627e-05	     0.0000	 -0.0049894	 0.00033413	 -0.0039369	
21	11	 4.5903e-05	 4.1789e-05	     128.65	    0.80225	-9.7531e+92	-9.7531e+92	 7.0226e-05	 4.3303e-05	     0.0000	-0.00074705	 0.00057467	 -0.0010530	
21	12	 1.0980e-13	 9.9963e-14	     187.39	    0.22505	-9.7531e+92	-9.7531e+92	 0.00038508	 2.6672e-05	     0.0000	  -0.012984	 0.00033377	 -0.0086665	
21	13	    0.12286	    0.11185	     76.619	     2.2311	-9.7531e+92	-9.7531e+92	   0.050153	   0.038004	     0.0000	   0.016488	    0.58702	   0.088926	
21	14	   0.090305	   0.082212	     101.18	     1.4647	-9.7531e+92	-9.7531e+92	   0.042304	   0.029537	     0.0000	  0.0013295	    0.46033	   0.020297	
21	15	 0.00023421	 0.00021322	     175.65	    0.28523	-9.7531e+92	-9.7531e+92	  0.0057564	 0.00011115	     0.0000	   -0.14839	  0.0015481	   -0.10276	
21	16	 1.4187e-12	 1.2916e-12	     180.81	    0.25669	-9.7531e+92	-9.7531e+92	 4.2523e-05	 2.6456e-05	     0.0000	-0.00046496	 0.00033341	-0.00057260	
21	17	 5.7879e-13	 5.2692e-13	     326.31	   0.026229	-9.7531e+92	-9.7531e+92	 0.00020287	 2.6466e-05	     0.0000	  -0.026386	 0.00033329	  -0.010788	
21	18	    0.13337	    0.12141	     79.511	     2.1434	-9.7531e+92	-9.7531e+92	   0.049276	   0.050785	     0.0000	    0.19986	    0.69818	    0.13039	
21	19	 9.2201e-08	 8.3938e-08	     197.71	    0.18427	-9.7531e+92	-9.7531e+92	   0.028184	 2.4363e-05	     0.0000	   -0.31031	 0.00033721	   -0.33004	
21	20	 4.3567e-06	 3.9662e-06	     169.84	    0.32188	-9.7531e+92	-9.7531e+92	  0.0042641	 2.7201e-05	     0.0000	  -0.031432	 0.00035970	   -0.10179	
21	21	     0.0000	     0.0000	     0.0000	     3.0000	-9.7531e+92	-9.7531e+92	    0.46279	     0.0000	    0.44831	     0.0000	     0.0000	     0.0000	
21	22	 4.5027e-13	 4.0992e-13	     284.69	   0.044983	-9.7531e+92	-9.7531e+92	 0.00026706	 2.6575e-05	     0.0000	  -0.021997	 0.00033442	  -0.011995	
21	23	  0.0032682	  0.0029753	     78.648	     2.1698	-9.7531e+92	-9.7531e+92	 0.00094508	  0.0012626	 0.00031698	   0.011047	   0.017320	  0.0062829	
21	24	  0.0031516	  0.0028692	     85.071	     1.9688	-9.7531e+92	-9.7531e+92	 0.00088068	  0.0011072	 0.00038307	  0.0024098	   0.017780	  0.0065371	
22	0	 9.1481e-05	 5.1008e-05	     321.47	   0.027830	-9.7531e+92	-9.7531e+92	  0.0036003	 1.2752e-05	     0.0000	  -0.019998	-2.3704e-05	  0.0043140	
22	1	 4.4005e-05	 2.4536e-05	     312.59	   0.031097	-9.7531e+92	-9.7531e+92	  0.0028233	 9.0513e-06	     0.0000	  -0.021239	-1.7471e-05	  0.0037060	
22	2	    0.13872	   0.077348	     161.29	    0.38622	-9.7531e+92	-9.7531e+92	   0.036703	   0.010437	     0.0000	   0.028168	  -0.056488	 -0.0099625	
22	3	    0.15733	   0.087724	     164.94	    0.35711	-9.7531e+92	-9.7531e+92	   0.037846	   0.010881	   0.014515	   0.038744	  -0.068486	  -0.019429	
22	4	    0.45822	    0.25549	     82.638	     2.0459	-9.7531e+92	-9.7531e+92	   0.074599	   0.013945	   0.052112	   0.042453	   -0.35476	   -0.22004	
22	5	   0.014392	  0.0080246	     151.89	    0.47454	-9.7531e+92	-9.7531e+92	  0.0070718	  0.0011651	     0.0000	  -0.023856	 -0.0066172	  0.0076121	
22	6	 3.6796e-06	 2.0517e-06	     216.08	    0.13159	-9.7531e+92	-9.7531e+92	  0.0012081	 5.8910e-06	     0.0000	  -0.017882	-3.3274e-05	  0.0061739	
22	7	 3.7501e-12	 2.0910e-12	     241.36	   0.085874	-9.7531e+92	-9.7531e+92	  0.0014745	 5.6878e-06	     0.0000	  -0.040579	-3.2439e-05	  0.0077587	
22	8	 0.00016736	 9.3317e-05	     168.70	    0.32968	-9.7531e+92	-9.7531e+92	 0.00092636	 1.9899e-05	     0.0000	 -0.0043760	-0.00011570	  0.0021783	
22	9	 1.0930e-12	 6.0942e-13	     266.14	   0.058633	-9.7531e+92	-9.7531e+92	  0.0082504	 5.3319e-06	     0.0000	  -0.053930	-3.0856e-05	   0.024893	
22	10	 7.0705e-12	 3.9423e-12	     176.66	    0.27933	-9.7531e+92	-9.7531e+92	 0.00019772	 5.6892e-06	     0.0000	 -0.0018818	-3.3641e-05	 0.00047791	
22	11	 2.2627e-12	 1.2616e-12	     200.45	    0.17499	-9.7531e+92	-9.7531e+92	 5.4225e-05	 5.7204e-06	     0.0000	-0.00031103	-3.4067e-05	 0.00014032	
22	12	 0.00065007	 0.00036246	     131.16	    0.75767	-9.7531e+92	-9.7531e+92	 0.00056200	 6.0781e-05	     0.0000	 -0.0040242	-0.00035395	 0.00086390	
22	13	  0.0036364	  0.0020276	     260.15	   0.064098	-9.7531e+92	-9.7531e+92	  0.0084153	 0.00029332	     0.0000	  -0.014650	-0.00085607	  0.0092683	
22	14	   0.011649	  0.0064954	     227.39	    0.10817	-9.7531e+92	-9.7531e+92	   0.014085	 0.00094626	     0.0000	 -0.0043293	 -0.0031531	  0.0094443	
22	15	  0.0057066	  0.0031818	     163.21	    0.37056	-9.7531e+92	-9.7531e+92	   0.014937	 0.00048996	     0.0000	  -0.048831	 -0.0027428	  0.0098358	
22	16	  0.0030408	  0.0016955	     106.73	     1.3057	-9.7531e+92	-9.7531e+92	 0.00059455	 0.00024215	 0.00042298	  0.0012561	 -0.0012691	-0.00081980	
22	17	   0.045557	   0.025402	     106.10	     1.3231	-9.7531e+92	-9.7531e+92	   0.010358	  0.0027539	  0.0077947	   0.032498	  0.0090158	   0.011305	
22	18	  0.0054101	  0.0030165	     205.13	    0.16037	-9.7531e+92	-9.7531e+92	  0.0068274	 0.00041950	     0.0000	   -0.10419	 -0.0022667	   0.015947	
22	19	    0.14022	   0.078182	     93.933	     1.6868	-9.7531e+92	-9.7531e+92	   0.035831	   0.010009	     0.0000	  0.0014351	  -0.056834	-0.00051787	
22	20	   0.015158	  0.0084518	     116.48	     1.0560	-9.7531e+92	-9.7531e+92	  0.0075952	  0.0012500	     0.0000	 -0.0076504	 -0.0073455	  0.0076769	
22	21	 4.3700e-13	 2.4366e-13	     284.69	   0.044983	-9.7531e+92	-9.7531e+92	 0.00056686	 5.6815e-06	     0.0000	  -0.010461	-3.2162e-05	  0.0042031	
22	22	     0.0000	     0.0000	     0.0000	     3.0000	-9.7531e+92	-9.7531e+92	    0.28291	     0.0000	    0.28007	     0.0000	     0.0000	     0.0000	
22	23	 6.1533e-13	 3.4309e-13	     209.07	    0.14920	-9.7531e+92	-9.7531e+92	 5.0266e-05	 5.8161e-06	     0.0000	-0.00098379	-3.4594e-05	 0.00017848	
22	24	 1.1386e-12	 6.3484e-13	     237.89	   0.090842	-9.7531e+92	-9.7531e+92	 3.5634e-05	 5.7523e-06	     0.0000	-0.00025975	-3.4209e-05	 0.00013701	
23	0	   0.046930	   0.017872	     119.13	    0.99543	-9.7531e+92	-9.7531e+92	   0.013387	 0.00041226	     0.0000	-0.00016783	 -0.0055086	  0.0019331	
23	1	   0.050032	   0.019054	     132.72	    0.73117	-9.7531e+92	-9.7531e+92	   0.011132	 0.00054227	     0.0000	 2.3038e-07	 -0.0031203	-6.3099e-07	
23	2	  0.0044965	  0.0017124	     168.40	    0.33177	-9.7531e+92	-9.7531e+92	  0.0054124	 6.0411e-05	     0.0000	 -0.0028016	-0.00027870	  0.0057042	
23	3	 4.7106e-05	 1.7939e-05	     228.38	    0.10637	-9.7531e+92	-9.7531e+92	  0.0012832	 1.5163e-06	     0.0000	 -0.0013049	-5.9826e-06	  0.0026742	
23	4	 1.4905e-06	 5.6762e-07	     212.30	    0.14074	-9.7531e+92	-9.7531e+92	  0.0011467	 9.0840e-07	     0.0000	 -0.0032204	-4.2211e-06	  0.0027329	
23	5	   0.012930	  0.0049241	     65.633	     2.5304	-9.7531e+92	-9.7531e+92	  0.0031528	 0.00016963	     0.0000	 -0.0013925	-0.00081669	  0.0021741	
23	6	   0.010132	  0.0038587	     73.330	     2.3271	-9.7531e+92	-9.7531e+92	  0.0032012	 0.00013792	     0.0000	-0.00058402	-0.00074006	 0.00096438	
23	7	    0.60161	    0.22911	     58.677	     2.6821	-9.7531e+92	-9.7531e+92	   0.059931	  0.0079066	   0.048826	   0.045980	  -0.043686	  -0.041860	
23	8	  0.0046100	  0.0017556	     54.810	     2.7517	-9.7531e+92	-9.7531e+92	 0.00073598	 6.1163e-05	     0.0000	-9.6229e-05	-0.00023648	 0.00021161	
23	9	  0.0012534	 0.00047734	     121.73	    0.93874	-9.7531e+92	-9.7531e+92	   0.027574	 1.5644e-05	     0.0000	 -0.0023074	-9.3045e-05	  0.0069771	
23	10	 5.5591e-05	 2.1171e-05	     95.614	     1.6342	-9.7531e+92	-9.7531e+92	 7.4452e-05	 1.6935e-06	     0.0000	-9.5414e-05	-7.2314e-06	 0.00011664	
23	11	  0.0028034	  0.0010676	     53.605	     2.7712	-9.7531e+92	-9.7531e+92	 0.00029410	 3.6546e-05	 8.2752e-05	 5.8141e-05	 5.2687e-05	 1.1450e-05	
23	12	 1.3283e-06	 5.0587e-07	     109.85	     1.2215	-9.7531e+92	-9.7531e+92	 0.00014570	 9.5112e-07	     0.0000	-0.00026964	-4.9037e-06	 0.00027418	
23	13	   0.054850	   0.020888	     113.01	     1.1402	-9.7531e+92	-9.7531e+92	   0.014927	 0.00066531	     0.0000	-0.00032799	 -0.0026195	  0.0019039	
23	14	   0.070047	   0.026676	     114.84	     1.0952	-9.7531e+92	-9.7531e+92	   0.013086	 0.00083064	     0.0000	-4.2846e-05	 -0.0040453	 0.00073503	
23	15	 0.00012174	 4.6363e-05	     149.47	    0.50076	-9.7531e+92	-9.7531e+92	  0.0018505	 2.5377e-06	     0.0000	 -0.0032367	-1.3975e-05	  0.0031330	
23	16	 1.7784e-08	 6.7727e-09	     136.77	    0.66684	-9.7531e+92	-9.7531e+92	 1.7116e-05	 9.4013e-07	     0.0000	-1.0114e-05	-5.4716e-06	 1.8255e-05	
23	17	 2.6885e-13	 1.0239e-13	     284.58	   0.045056	-9.7531e+92	-9.7531e+92	 7.6220e-05	 9.3910e-07	     0.0000	-0.00057400	-5.4450e-06	 0.00033983	
23	18	    0.12494	   0.047582	     36.898	     2.9454	-9.7531e+92	-9.7531e+92	   0.017812	  0.0016538	     0.0000	  0.0036659	 -0.0080643	 -0.0030939	
23	19	 0.00026895	 0.00010242	     121.29	    0.94810	-9.7531e+92	-9.7531e+92	   0.010157	 4.2817e-06	     0.0000	 -0.0066551	-2.4646e-05	   0.010175	
23	20	  0.0020546	 0.00078245	     93.058	     1.7144	-9.7531e+92	-9.7531e+92	  0.0017613	 2.8643e-05	     0.0000	-0.00062350	-0.00015205	  0.0030209	
23	21	   0.011762	  0.0044791	     78.648	     2.1698	-9.7531e+92	-9.7531e+92	  0.0028941	 0.00014696	     0.0000	-0.00014030	-0.00067673	 0.00027103	
23	22	 1.1712e-12	 4.4602e-13	     209.07	    0.14920	-9.7531e+92	-9.7531e+92	 9.9128e-05	 9.3967e-07	     0.0000	-0.00047853	-5.3065e-06	 0.00037428	
23	23	     0.0000	     0.0000	     0.0000	     3.0000	-9.7531e+92	-9.7531e+92	    0.19048	     0.0000	    0.19021	     0.0000	     0.0000	     0.0000	
23	24	  0.0010483	 0.00039921	     40.708	     2.9198	-9.7531e+92	-9.7531e+92	 0.00016204	 1.4525e-05	     0.0000	 1.2400e-05	-7.7543e-05	-4.2494e-05	
24	0	    0.30554	    0.12315	     123.34	    0.90511	-9.7531e+92	-9.7531e+92	   0.038026	  0.0024845	  0.0098896	  0.0047583	  -0.079075	  -0.051441	
24	1	    0.18116	   0.073017	     142.19	    0.58963	-9.7531e+92	-9.7531e+92	   0.024461	  0.0020025	  0.0043080	  0.0059845	  -0.033395	  -0.022612	
24	2	 0.00020197	 8.1404e-05	     210.29	    0.14595	-9.7531e+92	-9.7531e+92	  0.0063510	 3.4245e-06	     0.0000	 -0.0062568	-5.6402e-05	   0.018104	
24	3	 7.6447e-07	 3.0812e-07	     270.69	   0.054855	-9.7531e+92	-9.7531e+92	  0.0016387	 8.6885e-07	     0.0000	 -0.0027771	-1.3368e-05	  0.0081511	
24	4	 7.2118e-08	 2.9067e-08	     253.16	   0.071301	-9.7531e+92	-9.7531e+92	  0.0018785	 8.5426e-07	     0.0000	 -0.0068463	-1.4147e-05	  0.0082447	
24	5	   0.011374	  0.0045841	     106.34	     1.3165	-9.7531e+92	-9.7531e+92	  0.0039375	 0.00014872	     0.0000	 -0.0032268	 -0.0026072	  0.0069978	
24	6	  0.0018948	 0.00076369	     108.13	     1.2674	-9.7531e+92	-9.7531e+92	  0.0041645	 2.5559e-05	     0.0000	 -0.0020152	-0.00045022	  0.0046696	
24	7	   0.035468	   0.014295	     84.614	     1.9834	-9.7531e+92	-9.7531e+92	  0.0079168	 0.00044760	     0.0000	  0.0010800	 -0.0081056	 -0.0013792	
24	8	  0.0067069	  0.0027032	     77.960	     2.1908	-9.7531e+92	-9.7531e+92	  0.0011405	 7.3985e-05	     0.0000	-5.4361e-05	-0.00081062	 0.00015505	
24	9	 0.00012002	 4.8375e-05	     149.07	    0.50520	-9.7531e+92	-9.7531e+92	   0.010179	 2.1340e-06	     0.0000	 -0.0053600	-4.2055e-05	   0.021101	
24	10	 0.00010278	 4.1423e-05	     102.71	     1.4197	-9.7531e+92	-9.7531e+92	 0.00012046	 2.1736e-06	     0.0000	-0.00016699	-3.0516e-05	 0.00028008	
24	11	  0.0019068	 0.00076854	     56.094	     2.7297	-9.7531e+92	-9.7531e+92	 0.00022855	 2.3415e-05	 4.8654e-06	 8.1000e-05	-0.00021613	-0.00015507	
24	12	 1.8002e-06	 7.2558e-07	     132.31	    0.73810	-9.7531e+92	-9.7531e+92	 0.00024996	 9.0985e-07	     0.0000	-0.00054225	-1.5535e-05	 0.00081427	
24	13	    0.12815	   0.051650	     142.21	    0.58941	-9.7531e+92	-9.7531e+92	   0.021170	  0.0015220	     0.0000	 0.00087594	  -0.023478	 -0.0073918	
24	14	   0.040956	   0.016507	     150.00	    0.49487	-9.7531e+92	-9.7531e+92	   0.013895	 0.00048390	     0.0000	-0.00031018	 -0.0078945	  0.0076869	
24	15	 1.5102e-06	 6.0867e-07	     189.75	    0.21485	-9.7531e+92	-9.7531e+92	  0.0024200	 8.8229e-07	     0.0000	 -0.0068999	-1.5667e-05	  0.0093756	
24	16	 5.9513e-13	 2.3987e-13	     177.80	    0.27291	-9.7531e+92	-9.7531e+92	 1.9827e-05	 9.0286e-07	     0.0000	-2.1502e-05	-1.6072e-05	 5.4181e-05	
24	17	 1.1287e-12	 4.5493e-13	     325.25	   0.026569	-9.7531e+92	-9.7531e+92	 0.00011662	 8.9826e-07	     0.0000	 -0.0012202	-1.5935e-05	  0.0010099	
24	18	    0.24543	   0.098920	     74.739	     2.2865	-9.7531e+92	-9.7531e+92	   0.034720	  0.0031268	  0.0026415	   0.028528	  -0.052666	  -0.034122	
24	19	 1.8765e-05	 7.5633e-06	     150.08	    0.49393	-9.7531e+92	-9.7531e+92	   0.018305	 1.0493e-06	     0.0000	  -0.014066	-1.9791e-05	   0.030362	
24	20	 0.00016261	 6.5539e-05	     121.85	    0.93617	-9.7531e+92	-9.7531e+92	  0.0027888	 2.9962e-06	     0.0000	 -0.0013973	-5.3429e-05	  0.0094066	
24	21	   0.040171	   0.016191	     85.071	     1.9688	-9.7531e+92	-9.7531e+92	  0.0073134	 0.00048208	 0.00090477	  0.0018460	 -0.0085910	 -0.0050920	
24	22	 1.6439e-12	 6.6257e-13	     237.89	   0.090842	-9.7531e+92	-9.7531e+92	 0.00015913	 8.9894e-07	     0.0000	 -0.0010173	-1.5775e-05	  0.0011135	
24	23	 0.00063269	 0.00025500	     40.708	     2.9198	-9.7531e+92	-9.7531e+92	 0.00018100	 9.1973e-06	     0.0000	 1.6145e-06	-0.00015875	-1.8615e-06	
24	24	     0.0000	     0.0000	     0.0000	     3.0000	-9.7531e+92	-9.7531e+92	    0.20163	     0.0000	    0.20141	     0.0000	     0.0000	     0.0000	
