#source	Target	value	weight	distance	potential1	geneCorrelation	separation	influenceWeight	betweenness	influence'Weight	betweenness'	nbetweenness	nbetweenness'	
0	0	     0.0000	     0.0000	     0.0000	     3.0000	-9.7531e+92	-9.7531e+92	     5.8886	     0.0000	     4.2795	     0.0000	     0.0000	     0.0000	
0	1	    0.12064	     1.2993	     35.562	     2.9528	-9.7531e+92	-9.7531e+92	    0.55197	    0.16179	     0.0000	   0.017912	     3.5903	    0.58751	
0	2	  0.0013445	   0.014480	     211.35	    0.14318	-9.7531e+92	-9.7531e+92	   0.054331	  0.0023444	     0.0000	   -0.18158	   0.046925	   -0.31901	
0	3	 6.6517e-05	 0.00071637	     273.88	   0.052386	-9.7531e+92	-9.7531e+92	   0.011721	 0.00022977	     0.0000	  -0.087536	  0.0045206	   -0.15760	
0	4	 2.6206e-06	 2.8224e-05	     281.58	   0.046977	-9.7531e+92	-9.7531e+92	  0.0092299	 0.00012659	     0.0000	   -0.11676	  0.0023242	   -0.13328	
0	5	 0.00069907	  0.0075288	     169.69	    0.32292	-9.7531e+92	-9.7531e+92	    0.11367	  0.0013615	     0.0000	   -0.15173	   0.024979	   -0.86318	
0	6	    0.18590	     2.0021	     105.31	     1.3454	-9.7531e+92	-9.7531e+92	    0.71863	    0.26868	     0.0000	     0.0000	     6.1354	     1.2870	
0	7	    0.13973	     1.5049	     80.265	     2.1201	-9.7531e+92	-9.7531e+92	    0.50698	    0.21110	     0.0000	     0.0000	     4.6376	     1.0820	
0	8	 6.1517e-05	 0.00066252	     172.11	    0.30693	-9.7531e+92	-9.7531e+92	  0.0013131	 0.00024053	     0.0000	 -0.0034381	  0.0041489	 -0.0069001	
0	9	   0.091068	    0.98078	     86.890	     1.9108	-9.7531e+92	-9.7531e+92	    0.39757	    0.13787	     0.0000	  0.0060417	     3.0309	    0.44715	
0	10	 4.6297e-13	 4.9861e-12	     210.64	    0.14503	-9.7531e+92	-9.7531e+92	 0.00036871	 0.00012415	     0.0000	-3.0304e-05	  0.0021884	-8.3895e-05	
0	11	 3.7665e-06	 4.0564e-05	     167.10	    0.34103	-9.7531e+92	-9.7531e+92	 0.00062545	 0.00011503	     0.0000	-6.0328e-05	  0.0023800	 -0.0021674	
0	12	 1.5176e-12	 1.6344e-11	     226.76	    0.10933	-9.7531e+92	-9.7531e+92	 0.00036750	 0.00012589	     0.0000	-8.3864e-05	  0.0021770	-0.00015789	
0	13	    0.15761	     1.6974	     86.013	     1.9388	-9.7531e+92	-9.7531e+92	    0.70768	   0.079283	     0.0000	     0.0000	    0.65977	     0.0000	
0	14	   0.094401	     1.0167	     114.85	     1.0949	-9.7531e+92	-9.7531e+92	    0.47765	    0.14477	     0.0000	 -0.0021956	     3.0751	  -0.080741	
0	15	 0.00047821	  0.0051502	     189.51	    0.21584	-9.7531e+92	-9.7531e+92	   0.034495	 0.00090612	     0.0000	  -0.090251	   0.017843	   -0.22251	
0	16	 1.4467e-12	 1.5580e-11	     217.18	    0.12904	-9.7531e+92	-9.7531e+92	 0.00040452	 0.00013347	     0.0000	-0.00039120	  0.0020959	-0.00071574	
0	17	 3.5824e-12	 3.8582e-11	     353.56	   0.019078	-9.7531e+92	-9.7531e+92	 0.00051595	 0.00013589	     0.0000	 -0.0054042	  0.0020905	 -0.0044661	
0	18	   0.078689	    0.84746	     116.29	     1.0606	-9.7531e+92	-9.7531e+92	    0.59618	    0.14325	     0.0000	   -0.20576	     2.6272	   -0.35977	
0	19	 1.1791e-12	 1.2698e-11	     234.49	   0.096052	-9.7531e+92	-9.7531e+92	 0.00062897	 0.00013008	     0.0000	 -0.0018031	  0.0021287	 -0.0047825	
0	20	 7.5211e-13	 8.1000e-12	     206.61	    0.15606	-9.7531e+92	-9.7531e+92	  0.0025821	 0.00012038	     0.0000	 -0.0010570	  0.0021646	  -0.031599	
0	21	    0.12136	     1.3070	     39.458	     2.9290	-9.7531e+92	-9.7531e+92	    0.39773	    0.23993	   0.084038	    0.61664	     3.9022	     1.1388	
0	22	 2.4697e-12	 2.6598e-11	     321.47	   0.027830	-9.7531e+92	-9.7531e+92	 0.00065935	 0.00013542	     0.0000	 -0.0099222	  0.0021010	 -0.0084263	
0	23	  0.0056499	   0.060848	     119.13	    0.99543	-9.7531e+92	-9.7531e+92	    0.28701	  0.0099414	     0.0000	   -0.47839	    0.18614	    -1.1420	
0	24	  0.0022898	   0.024661	     123.34	    0.90511	-9.7531e+92	-9.7531e+92	  0.0077387	  0.0038177	 0.00081906	 8.8638e-05	   0.079985	   0.021084	
1	0	    0.16670	     1.1555	     35.562	     2.9528	-9.7531e+92	-9.7531e+92	    0.58030	   0.075464	     0.0000	     0.0000	    0.55502	     0.0000	
1	1	     0.0000	     0.0000	     0.0000	     3.0000	-9.7531e+92	-9.7531e+92	     3.6306	     0.0000	     3.1129	     0.0000	     0.0000	     0.0000	
1	2	  0.0045611	   0.031615	     184.62	    0.23778	-9.7531e+92	-9.7531e+92	   0.039139	  0.0034736	     0.0000	     0.0000	   0.040630	     0.0000	
1	3	 0.00021652	  0.0015008	     244.14	   0.082134	-9.7531e+92	-9.7531e+92	  0.0084210	 0.00021260	     0.0000	     0.0000	  0.0025482	     0.0000	
1	4	 6.1624e-06	 4.2714e-05	     272.02	   0.053810	-9.7531e+92	-9.7531e+92	  0.0065152	 5.7222e-05	     0.0000	     0.0000	 0.00063879	     0.0000	
1	5	  0.0017573	   0.012181	     161.91	    0.38106	-9.7531e+92	-9.7531e+92	   0.069400	  0.0013438	     0.0000	     0.0000	   0.015589	     0.0000	
1	6	    0.22220	     1.5402	     96.519	     1.6061	-9.7531e+92	-9.7531e+92	    0.52488	    0.13366	     0.0000	     0.0000	     1.9747	     0.0000	
1	7	    0.16856	     1.1683	     75.481	     2.2648	-9.7531e+92	-9.7531e+92	    0.37683	    0.11236	   0.013968	     0.0000	     1.4983	     0.0000	
1	8	 2.2638e-06	 1.5691e-05	     184.58	    0.23797	-9.7531e+92	-9.7531e+92	 0.00072789	 5.6769e-05	     0.0000	     0.0000	 0.00056093	     0.0000	
1	9	   0.074175	    0.51414	     55.376	     2.7421	-9.7531e+92	-9.7531e+92	    0.22574	   0.046479	     0.0000	     0.0000	    0.69469	     0.0000	
1	10	 2.2769e-13	 1.5782e-12	     228.04	    0.10699	-9.7531e+92	-9.7531e+92	 0.00023608	 5.5219e-05	     0.0000	     0.0000	 0.00053473	     0.0000	
1	11	 1.4289e-12	 9.9043e-12	     185.20	    0.23505	-9.7531e+92	-9.7531e+92	 0.00038106	 5.1733e-05	     0.0000	     0.0000	 0.00056699	     0.0000	
1	12	 2.3743e-13	 1.6457e-12	     231.78	    0.10046	-9.7531e+92	-9.7531e+92	 0.00023621	 5.5460e-05	     0.0000	     0.0000	 0.00053222	     0.0000	
1	13	    0.12023	    0.83338	     57.043	     2.7128	-9.7531e+92	-9.7531e+92	    0.40409	   0.063288	     0.0000	     0.0000	    0.95097	     0.0000	
1	14	   0.065192	    0.45187	     88.839	     1.8485	-9.7531e+92	-9.7531e+92	    0.26972	   0.038977	     0.0000	     0.0000	    0.44320	     0.0000	
1	15	  0.0016113	   0.011169	     167.83	    0.33581	-9.7531e+92	-9.7531e+92	   0.024537	  0.0012808	     0.0000	     0.0000	   0.013977	     0.0000	
1	16	 3.5102e-13	 2.4331e-12	     207.46	    0.15366	-9.7531e+92	-9.7531e+92	 0.00026358	 5.6368e-05	     0.0000	     0.0000	 0.00052202	     0.0000	
1	17	 4.9022e-14	 3.3979e-13	     342.57	   0.021626	-9.7531e+92	-9.7531e+92	 0.00034190	 5.7447e-05	     0.0000	     0.0000	 0.00051275	     0.0000	
1	18	   0.063425	    0.43962	     111.77	     1.1715	-9.7531e+92	-9.7531e+92	    0.35666	   0.049137	     0.0000	     0.0000	    0.55047	     0.0000	
1	19	 1.8132e-13	 1.2568e-12	     226.57	    0.10968	-9.7531e+92	-9.7531e+92	 0.00040321	 5.6199e-05	     0.0000	     0.0000	 0.00052944	     0.0000	
1	20	 1.5119e-07	 1.0480e-06	     199.20	    0.17914	-9.7531e+92	-9.7531e+92	  0.0015814	 5.3569e-05	     0.0000	     0.0000	 0.00054686	     0.0000	
1	21	    0.11037	    0.76502	     57.297	     2.7081	-9.7531e+92	-9.7531e+92	    0.24232	   0.091436	   0.040424	     0.0000	    0.91343	     0.0000	
1	22	 8.8650e-13	 6.1447e-12	     312.59	   0.031097	-9.7531e+92	-9.7531e+92	 0.00044212	 5.7338e-05	     0.0000	     0.0000	 0.00051736	     0.0000	
1	23	 0.00094811	  0.0065717	     132.72	    0.73117	-9.7531e+92	-9.7531e+92	    0.16560	 0.00076967	     0.0000	     0.0000	  0.0084397	     0.0000	
1	24	 4.0889e-05	 0.00028342	     142.19	    0.58963	-9.7531e+92	-9.7531e+92	  0.0014019	 7.9832e-05	     0.0000	     0.0000	 0.00098529	     0.0000	
2	0	   0.025358	   0.082073	     211.35	    0.14318	-9.7531e+92	-9.7531e+92	    0.14231	   0.012624	     0.0000	  -0.033623	  -0.072038	    0.21716	
2	1	   0.010901	   0.035283	     184.62	    0.23778	-9.7531e+92	-9.7531e+92	   0.049636	  0.0057926	     0.0000	  -0.017206	  -0.052924	    0.18204	
2	2	     0.0000	     0.0000	     0.0000	     3.0000	-9.7531e+92	-9.7531e+92	     1.6924	     0.0000	     1.6055	     0.0000	     0.0000	     0.0000	
2	3	    0.19148	    0.61973	     63.167	     2.5880	-9.7531e+92	-9.7531e+92	    0.20795	   0.063398	    0.16703	    0.26370	    -1.6783	   -0.95417	
2	4	    0.16128	    0.52198	     91.235	     1.7721	-9.7531e+92	-9.7531e+92	    0.17415	   0.048693	    0.13943	    0.31127	    -1.2738	   -0.72870	
2	5	   0.013887	   0.044945	     120.45	    0.96633	-9.7531e+92	-9.7531e+92	   0.031298	  0.0070882	     0.0000	  -0.079699	   -0.10002	    0.25192	
2	6	   0.012023	   0.038913	     118.53	     1.0087	-9.7531e+92	-9.7531e+92	   0.054746	  0.0062403	     0.0000	     0.0000	  -0.087547	    0.30466	
2	7	  0.0017442	  0.0056452	     153.12	    0.46179	-9.7531e+92	-9.7531e+92	   0.025938	 0.00099705	     0.0000	     0.0000	  -0.013551	    0.22369	
2	8	 1.9252e-06	 6.2310e-06	     174.51	    0.29198	-9.7531e+92	-9.7531e+92	 0.00028851	 3.9267e-05	     0.0000	 -0.0026278	-0.00054115	  0.0028956	
2	9	  0.0030968	   0.010023	     133.64	    0.71608	-9.7531e+92	-9.7531e+92	   0.046654	  0.0017144	     0.0000	 -0.0059842	  -0.023751	    0.23192	
2	10	 3.3294e-12	 1.0776e-11	     213.20	    0.13850	-9.7531e+92	-9.7531e+92	 0.00011006	 3.8569e-05	     0.0000	-2.0935e-05	-0.00053914	 3.2400e-05	
2	11	 3.2114e-13	 1.0394e-12	     197.83	    0.18388	-9.7531e+92	-9.7531e+92	 0.00014711	 3.8490e-05	     0.0000	-4.2567e-05	-0.00053941	 0.00085138	
2	12	 1.6935e-12	 5.4811e-12	     181.48	    0.25322	-9.7531e+92	-9.7531e+92	 0.00011302	 3.7776e-05	     0.0000	-5.7617e-05	-0.00052458	 6.0972e-05	
2	13	    0.17096	    0.55332	     127.66	    0.82064	-9.7531e+92	-9.7531e+92	    0.22583	   0.089217	     0.0000	    0.17755	   -0.57919	   -0.14448	
2	14	    0.16543	    0.53541	     97.273	     1.5829	-9.7531e+92	-9.7531e+92	    0.22121	   0.072176	     0.0000	     0.0000	    -1.2577	   -0.24900	
2	15	    0.20532	    0.66454	     21.827	     2.9932	-9.7531e+92	-9.7531e+92	    0.21169	   0.089859	    0.15184	    0.27154	    -1.3295	   -0.72125	
2	16	  0.0010187	  0.0032970	     68.097	     2.4691	-9.7531e+92	-9.7531e+92	  0.0011933	 0.00049424	 0.00078937	  0.0019186	 -0.0048153	 -0.0020906	
2	17	 6.0702e-06	 1.9647e-05	     160.64	    0.39167	-9.7531e+92	-9.7531e+92	  0.0030200	 3.1287e-05	  0.0016315	 -0.0021057	-0.00040664	  0.0011635	
2	18	   0.037147	    0.12023	     137.27	    0.65930	-9.7531e+92	-9.7531e+92	   0.087143	   0.020210	     0.0000	   -0.34716	   -0.25245	    0.28252	
2	19	 0.00011877	 0.00038440	     139.30	    0.62950	-9.7531e+92	-9.7531e+92	  0.0012555	 9.7129e-05	     0.0000	-0.00067276	 -0.0013124	  0.0012612	
2	20	 7.0528e-05	 0.00022827	     139.77	    0.62284	-9.7531e+92	-9.7531e+92	 0.00094053	 7.5681e-05	     0.0000	-0.00066088	 -0.0010453	   0.011630	
2	21	 8.3337e-06	 2.6973e-05	     197.19	    0.18609	-9.7531e+92	-9.7531e+92	   0.012585	 4.3665e-05	     0.0000	   -0.13438	-0.00058885	    0.13306	
2	22	 2.7182e-05	 8.7977e-05	     161.29	    0.38622	-9.7531e+92	-9.7531e+92	  0.0055071	 3.6878e-05	  0.0030810	 -0.0031345	-0.00041834	  0.0013652	
2	23	 0.00012774	 0.00041345	     168.40	    0.33177	-9.7531e+92	-9.7531e+92	   0.039785	 0.00010401	     0.0000	   -0.35018	 -0.0015075	    0.45593	
2	24	 7.6213e-13	 2.4667e-12	     210.29	    0.14595	-9.7531e+92	-9.7531e+92	 0.00032615	 3.8640e-05	     0.0000	-2.0619e-05	-0.00053960	  0.0027183	
3	0	  0.0093954	   0.037597	     273.88	   0.052386	-9.7531e+92	-9.7531e+92	    0.14184	  0.0034270	     0.0000	  -0.044700	  -0.046558	    0.54666	
3	1	  0.0069190	   0.027687	     244.14	   0.082134	-9.7531e+92	-9.7531e+92	   0.060085	  0.0026676	     0.0000	  -0.021535	  -0.047536	    0.36520	
3	2	    0.18097	    0.72417	     63.167	     2.5880	-9.7531e+92	-9.7531e+92	    0.26744	   0.040249	    0.15999	    0.25263	    -1.8233	    -1.2371	
3	3	     0.0000	     0.0000	     0.0000	     3.0000	-9.7531e+92	-9.7531e+92	     2.0900	     0.0000	     2.0394	     0.0000	     0.0000	     0.0000	
3	4	    0.20239	    0.80989	     82.606	     2.0469	-9.7531e+92	-9.7531e+92	    0.25399	   0.032445	    0.21107	    0.35923	    -2.0501	    -1.5640	
3	5	  0.0030790	   0.012321	     167.87	    0.33554	-9.7531e+92	-9.7531e+92	   0.027280	  0.0011938	     0.0000	   -0.11927	  -0.029604	    0.50810	
3	6	  0.0017734	  0.0070964	     180.81	    0.25667	-9.7531e+92	-9.7531e+92	   0.058078	 0.00069339	     0.0000	     0.0000	  -0.017100	    0.59435	
3	7	 2.8867e-05	 0.00011551	     215.68	    0.13250	-9.7531e+92	-9.7531e+92	   0.029776	 3.7497e-05	     0.0000	     0.0000	-0.00090319	    0.39226	
3	8	 1.7370e-11	 6.9509e-11	     221.29	    0.12010	-9.7531e+92	-9.7531e+92	 0.00032239	 2.6894e-05	     0.0000	 -0.0031053	-0.00065762	  0.0048713	
3	9	 0.00010711	 0.00042859	     191.41	    0.20802	-9.7531e+92	-9.7531e+92	   0.055389	 6.7495e-05	     0.0000	 -0.0074565	 -0.0016561	    0.41496	
3	10	 3.0111e-12	 1.2049e-11	     258.79	   0.065432	-9.7531e+92	-9.7531e+92	 0.00013581	 2.7070e-05	     0.0000	-2.4660e-05	-0.00066740	 5.4164e-05	
3	11	 2.9864e-12	 1.1950e-11	     244.71	   0.081388	-9.7531e+92	-9.7531e+92	 0.00017341	 2.7100e-05	     0.0000	-5.0146e-05	-0.00066647	  0.0014243	
3	12	 8.1574e-13	 3.2643e-12	     227.10	    0.10870	-9.7531e+92	-9.7531e+92	 0.00013964	 2.6559e-05	     0.0000	-6.7769e-05	-0.00065920	 0.00010193	
3	13	    0.10899	    0.43612	     188.65	    0.21955	-9.7531e+92	-9.7531e+92	    0.22365	   0.040977	     0.0000	  0.0095861	   -0.61832	  -0.013516	
3	14	    0.27897	     1.1163	     161.01	    0.38854	-9.7531e+92	-9.7531e+92	    0.37287	   0.099970	     0.0000	   0.035075	    -2.2506	    -1.0901	
3	15	    0.19202	    0.76840	     84.108	     1.9994	-9.7531e+92	-9.7531e+92	    0.25510	   0.056546	    0.18110	    0.23115	    -1.6186	    -1.1649	
3	16	 0.00011841	 0.00047383	     111.94	     1.1671	-9.7531e+92	-9.7531e+92	 0.00069048	 6.1482e-05	 0.00019107	 0.00016911	 -0.0014271	-0.00037272	
3	17	  0.0023534	  0.0094173	     122.41	    0.92444	-9.7531e+92	-9.7531e+92	  0.0064728	 0.00054762	  0.0047561	  0.0083725	  -0.010882	 -0.0058689	
3	18	   0.012843	   0.051393	     199.21	    0.17912	-9.7531e+92	-9.7531e+92	   0.091601	  0.0049498	     0.0000	   -0.55029	   -0.11314	    0.65807	
3	19	 1.4210e-06	 5.6862e-06	     184.07	    0.24039	-9.7531e+92	-9.7531e+92	  0.0016454	 2.4895e-05	     0.0000	 -0.0010559	-0.00063550	  0.0029957	
3	20	 3.4830e-06	 1.3938e-05	     185.64	    0.23299	-9.7531e+92	-9.7531e+92	 0.00095402	 2.7659e-05	     0.0000	-0.00078839	-0.00068415	   0.020037	
3	21	 2.9081e-12	 1.1637e-11	     259.71	   0.064522	-9.7531e+92	-9.7531e+92	   0.013420	 2.7066e-05	     0.0000	   -0.15836	-0.00064905	    0.22418	
3	22	 3.8279e-05	 0.00015318	     164.94	    0.35711	-9.7531e+92	-9.7531e+92	  0.0080711	 2.7751e-05	  0.0050716	 -0.0037048	-0.00075740	  0.0036372	
3	23	 6.6573e-13	 2.6640e-12	     228.38	    0.10637	-9.7531e+92	-9.7531e+92	   0.041726	 2.5480e-05	     0.0000	   -0.41308	-0.00065373	    0.76655	
3	24	 5.4371e-12	 2.1757e-11	     270.69	   0.054855	-9.7531e+92	-9.7531e+92	 0.00035654	 2.7144e-05	     0.0000	-2.4291e-05	-0.00066493	  0.0045513	
4	0	  0.0023229	  0.0064969	     281.58	   0.046977	-9.7531e+92	-9.7531e+92	   0.068065	 0.00085743	     0.0000	  -0.047109	  -0.022025	     1.1586	
4	1	 0.00017172	 0.00048026	     272.02	   0.053810	-9.7531e+92	-9.7531e+92	   0.026250	 9.0172e-05	     0.0000	  -0.023755	 -0.0027223	    0.72014	
4	2	    0.27692	    0.77451	     91.235	     1.7721	-9.7531e+92	-9.7531e+92	    0.25881	   0.066262	    0.18372	    0.52842	    -4.0691	    -3.0862	
4	3	    0.33269	    0.93048	     82.606	     2.0469	-9.7531e+92	-9.7531e+92	    0.28923	   0.067410	    0.25387	    0.53238	    -5.1966	    -4.2140	
4	4	     0.0000	     0.0000	     0.0000	     3.0000	-9.7531e+92	-9.7531e+92	     1.4767	     0.0000	     1.4467	     0.0000	     0.0000	     0.0000	
4	5	   0.035075	   0.098099	     147.08	    0.52816	-9.7531e+92	-9.7531e+92	   0.038076	   0.013231	     0.0000	  -0.062792	   -0.50916	    0.43357	
4	6	  0.0013441	  0.0037591	     179.35	    0.26441	-9.7531e+92	-9.7531e+92	   0.029348	 0.00052728	     0.0000	     0.0000	  -0.020236	    0.97613	
4	7	 5.7298e-05	 0.00016025	     209.16	    0.14897	-9.7531e+92	-9.7531e+92	   0.014307	 4.8079e-05	     0.0000	     0.0000	 -0.0018003	    0.63822	
4	8	 4.2155e-06	 1.1790e-05	     186.41	    0.22946	-9.7531e+92	-9.7531e+92	 0.00042307	 2.8061e-05	     0.0000	 -0.0030884	 -0.0010579	  0.0077870	
4	9	 1.0060e-05	 2.8136e-05	     223.28	    0.11603	-9.7531e+92	-9.7531e+92	   0.025079	 2.9512e-05	     0.0000	 -0.0074943	 -0.0011227	    0.67495	
4	10	 7.7102e-12	 2.1564e-11	     204.61	    0.16194	-9.7531e+92	-9.7531e+92	 9.7080e-05	 2.6646e-05	     0.0000	-2.4677e-05	 -0.0010086	 8.6888e-05	
4	11	 2.0603e-12	 5.7624e-12	     218.09	    0.12699	-9.7531e+92	-9.7531e+92	 0.00012206	 2.6750e-05	     0.0000	-5.0279e-05	 -0.0010104	  0.0022866	
4	12	 6.7049e-07	 1.8753e-06	     165.11	    0.35583	-9.7531e+92	-9.7531e+92	 0.00011862	 2.6018e-05	     0.0000	-6.3046e-05	-0.00098555	 0.00015390	
4	13	   0.036906	    0.10322	     217.30	    0.12878	-9.7531e+92	-9.7531e+92	    0.10851	   0.013748	     0.0000	   -0.22327	   -0.37401	    0.59706	
4	14	   0.078621	    0.21989	     184.55	    0.23808	-9.7531e+92	-9.7531e+92	    0.15302	   0.028239	     0.0000	 -0.0046872	    -1.0034	    0.23360	
4	15	    0.13066	    0.36543	     106.18	     1.3210	-9.7531e+92	-9.7531e+92	    0.15566	   0.039235	    0.10394	    0.18107	    -1.7747	    -1.2874	
4	16	  0.0018590	  0.0051992	     75.439	     2.2661	-9.7531e+92	-9.7531e+92	  0.0016614	 0.00065446	  0.0013123	  0.0059538	  -0.025951	  -0.020757	
4	17	   0.030289	   0.084714	     73.525	     2.3215	-9.7531e+92	-9.7531e+92	   0.023005	  0.0067687	   0.021805	    0.12952	   -0.27623	   -0.21319	
4	18	  0.0027125	  0.0075865	     186.18	    0.23049	-9.7531e+92	-9.7531e+92	   0.044755	  0.0010519	     0.0000	   -0.61119	  -0.038123	     1.2099	
4	19	  0.0085753	   0.023984	     119.82	    0.98008	-9.7531e+92	-9.7531e+92	  0.0084132	  0.0028139	  0.0071427	   0.012919	   -0.10819	  -0.086146	
4	20	  0.0011113	  0.0031082	     135.08	    0.69295	-9.7531e+92	-9.7531e+92	  0.0022847	 0.00045050	     0.0000	-0.00039114	  -0.017131	   0.018220	
4	21	 5.2718e-12	 1.4744e-11	     253.96	   0.070430	-9.7531e+92	-9.7531e+92	  0.0062994	 2.6693e-05	     0.0000	   -0.15888	-0.00099007	    0.36240	
4	22	   0.060673	    0.16969	     82.638	     2.0459	-9.7531e+92	-9.7531e+92	   0.045557	   0.012871	   0.043460	    0.23428	   -0.55014	   -0.42345	
4	23	 7.2466e-12	 2.0268e-11	     212.30	    0.14074	-9.7531e+92	-9.7531e+92	   0.020601	 2.5180e-05	     0.0000	   -0.41443	-0.00099628	     1.2352	
4	24	 2.3644e-12	 6.6128e-12	     253.16	   0.071301	-9.7531e+92	-9.7531e+92	 0.00020116	 2.6794e-05	     0.0000	-2.4371e-05	 -0.0010087	  0.0073124	
5	0	   0.029877	   0.040593	     169.69	    0.32292	-9.7531e+92	-9.7531e+92	   0.058071	   0.012628	     0.0000	 -0.0073255	   -0.57627	    0.55988	
5	1	   0.035117	   0.047712	     161.91	    0.38106	-9.7531e+92	-9.7531e+92	   0.039820	   0.016308	     0.0000	 -0.0024145	   -0.76292	    0.20891	
5	2	   0.045078	   0.061245	     120.45	    0.96633	-9.7531e+92	-9.7531e+92	   0.030303	   0.022201	     0.0000	   0.020310	    -1.0893	   -0.10670	
5	3	  0.0054150	  0.0073571	     167.87	    0.33554	-9.7531e+92	-9.7531e+92	  0.0074552	  0.0027303	     0.0000	 -0.0078370	   -0.12884	   0.041144	
5	4	  0.0059726	  0.0081147	     147.08	    0.52816	-9.7531e+92	-9.7531e+92	  0.0068147	  0.0029315	     0.0000	 -0.0080379	   -0.14776	   0.027832	
5	5	     0.0000	     0.0000	     0.0000	     3.0000	-9.7531e+92	-9.7531e+92	    0.69676	     0.0000	    0.60113	     0.0000	     0.0000	     0.0000	
5	6	   0.073341	   0.099645	     72.218	     2.3585	-9.7531e+92	-9.7531e+92	   0.050176	   0.034918	     0.0000	     0.0000	    -1.8397	   0.053582	
5	7	   0.058062	   0.078886	     89.752	     1.8194	-9.7531e+92	-9.7531e+92	   0.034965	   0.027841	     0.0000	     0.0000	    -1.4627	  -0.034817	
5	8	  0.0046284	  0.0062883	     54.235	     2.7611	-9.7531e+92	-9.7531e+92	  0.0018170	  0.0021797	 0.00088329	  0.0038394	   -0.11428	  -0.025067	
5	9	  0.0035957	  0.0048853	     134.70	    0.69890	-9.7531e+92	-9.7531e+92	   0.024665	  0.0018355	     0.0000	 -0.0013400	  -0.093288	    0.31564	
5	10	 3.0405e-05	 4.1310e-05	     93.726	     1.6933	-9.7531e+92	-9.7531e+92	 5.9297e-05	 4.3726e-05	     0.0000	 1.6347e-05	 -0.0023068	-0.00014853	
5	11	 0.00058606	 0.00079625	     77.490	     2.2050	-9.7531e+92	-9.7531e+92	 0.00028606	 0.00030485	     0.0000	 2.1695e-05	  -0.016033	 -0.0025538	
5	12	 1.6075e-05	 2.1840e-05	     80.590	     2.1100	-9.7531e+92	-9.7531e+92	 7.1112e-05	 3.3673e-05	     0.0000	 2.2387e-06	 -0.0017844	-1.5269e-05	
5	13	   0.068524	   0.093100	     125.66	    0.85869	-9.7531e+92	-9.7531e+92	   0.060314	   0.031765	     0.0000	  -0.023168	    -1.3368	    0.18495	
5	14	    0.47935	    0.65127	     108.09	     1.2686	-9.7531e+92	-9.7531e+92	    0.18751	    0.21715	   0.050730	   0.020347	    -11.143	    -2.1075	
5	15	   0.014420	   0.019592	     104.94	     1.3557	-9.7531e+92	-9.7531e+92	   0.014901	  0.0073584	     0.0000	 -0.0031648	   -0.36835	   0.024776	
5	16	 1.8855e-06	 2.5618e-06	     71.546	     2.3771	-9.7531e+92	-9.7531e+92	 7.2032e-05	 3.0383e-05	     0.0000	-5.2618e-05	 -0.0015387	 0.00032124	
5	17	 1.5204e-12	 2.0656e-12	     219.60	    0.12368	-9.7531e+92	-9.7531e+92	 0.00015859	 3.6209e-05	     0.0000	-0.00084408	 -0.0017512	  0.0022810	
5	18	    0.12934	    0.17572	     53.346	     2.7752	-9.7531e+92	-9.7531e+92	   0.082847	   0.041039	     0.0000	  0.0028804	    -3.2624	   -0.13103	
5	19	  0.0025317	  0.0034397	     64.874	     2.5486	-9.7531e+92	-9.7531e+92	  0.0010463	  0.0011304	 0.00042908	  0.0015469	  -0.060540	  -0.013394	
5	20	   0.029930	   0.040664	     39.691	     2.9273	-9.7531e+92	-9.7531e+92	   0.010972	   0.013117	  0.0074025	  0.0017453	   -0.71119	   -0.17107	
5	21	 1.2415e-05	 1.6867e-05	     132.91	    0.72808	-9.7531e+92	-9.7531e+92	  0.0067061	 3.4419e-05	     0.0000	  -0.023380	 -0.0019638	    0.18047	
5	22	 3.2615e-08	 4.4312e-08	     151.89	    0.47454	-9.7531e+92	-9.7531e+92	 0.00026473	 3.5513e-05	     0.0000	 -0.0015495	 -0.0017313	  0.0042810	
5	23	   0.014156	   0.019233	     65.633	     2.5304	-9.7531e+92	-9.7531e+92	   0.042263	  0.0039509	     0.0000	-0.00014462	   -0.27415	    0.17764	
5	24	 1.2169e-05	 1.6533e-05	     106.34	     1.3165	-9.7531e+92	-9.7531e+92	 0.00018011	 3.8581e-05	     0.0000	-4.5636e-06	 -0.0020070	  0.0035449	
6	0	    0.15793	    0.27506	     105.31	     1.3454	-9.7531e+92	-9.7531e+92	    0.14820	   0.095300	     0.0000	 2.0452e-05	     1.4669	-0.00045040	
6	1	    0.20046	    0.34913	     96.519	     1.6061	-9.7531e+92	-9.7531e+92	    0.11843	    0.13626	     0.0000	 0.00030711	     2.3692	 -0.0084104	
6	2	   0.029974	   0.052204	     118.53	     1.0087	-9.7531e+92	-9.7531e+92	   0.024640	   0.031254	     0.0000	 0.00014032	    0.51801	-0.00024944	
6	3	  0.0012635	  0.0022005	     180.81	    0.25667	-9.7531e+92	-9.7531e+92	  0.0055845	  0.0013998	     0.0000	-0.00049568	   0.023346	 0.00086968	
6	4	 9.5184e-05	 0.00016578	     179.35	    0.26441	-9.7531e+92	-9.7531e+92	  0.0042897	 0.00017562	     0.0000	-0.00072465	  0.0027841	 0.00085478	
6	5	   0.023732	   0.041334	     72.218	     2.3585	-9.7531e+92	-9.7531e+92	   0.025243	   0.023955	     0.0000	-0.00063621	    0.40933	  0.0039986	
6	6	     0.0000	     0.0000	     0.0000	     3.0000	-9.7531e+92	-9.7531e+92	    0.91344	     0.0000	    0.77048	     0.0000	     0.0000	     0.0000	
6	7	   0.041971	   0.073098	     34.871	     2.9563	-9.7531e+92	-9.7531e+92	   0.045519	   0.039011	     0.0000	     0.0000	    0.73259	 0.00088598	
6	8	 0.00012678	 0.00022080	     109.28	     1.2365	-9.7531e+92	-9.7531e+92	 0.00024210	 0.00021818	     0.0000	-1.9016e-05	  0.0032077	 4.3621e-05	
6	9	   0.023625	   0.041146	     62.827	     2.5956	-9.7531e+92	-9.7531e+92	   0.041869	   0.019260	     0.0000	     0.0000	    0.43718	     0.0000	
6	10	 1.7230e-08	 3.0009e-08	     153.37	    0.45919	-9.7531e+92	-9.7531e+92	 5.9498e-05	 7.5914e-05	     0.0000	-1.8924e-07	  0.0010942	 6.0592e-07	
6	11	 3.6896e-06	 6.4259e-06	     117.04	     1.0431	-9.7531e+92	-9.7531e+92	 9.6104e-05	 7.5541e-05	     0.0000	-3.7785e-07	  0.0011835	 1.5657e-05	
6	12	 2.0245e-08	 3.5259e-08	     152.49	    0.46823	-9.7531e+92	-9.7531e+92	 5.9861e-05	 7.5892e-05	     0.0000	-5.2420e-07	  0.0010981	 1.1413e-06	
6	13	    0.18538	    0.32286	     53.773	     2.7685	-9.7531e+92	-9.7531e+92	    0.12663	    0.13541	     0.0000	  0.0018726	     2.9269	 -0.0047281	
6	14	    0.20424	    0.35571	     41.508	     2.9135	-9.7531e+92	-9.7531e+92	    0.12224	    0.18014	     0.0000	 0.00022288	     3.2784	 -0.0075781	
6	15	   0.030643	   0.053369	     96.746	     1.5991	-9.7531e+92	-9.7531e+92	   0.020861	   0.031569	     0.0000	 0.00038296	    0.52181	 -0.0010429	
6	16	 1.6333e-07	 2.8446e-07	     111.89	     1.1685	-9.7531e+92	-9.7531e+92	 7.9974e-05	 7.6975e-05	     0.0000	-2.4422e-06	  0.0011007	 5.1943e-06	
6	17	 2.9810e-13	 5.1919e-13	     251.72	   0.072906	-9.7531e+92	-9.7531e+92	 0.00013058	 7.9204e-05	     0.0000	-3.3833e-05	  0.0010679	 3.2215e-05	
6	18	   0.089183	    0.15533	     36.723	     2.9464	-9.7531e+92	-9.7531e+92	   0.083203	   0.096148	     0.0000	-0.00081882	     1.5333	  0.0014736	
6	19	 1.1601e-05	 2.0205e-05	     133.74	    0.71443	-9.7531e+92	-9.7531e+92	 0.00013384	 9.0478e-05	     0.0000	-1.0951e-05	  0.0012822	 3.3235e-05	
6	20	 0.00021177	 0.00036882	     111.59	     1.1762	-9.7531e+92	-9.7531e+92	 0.00061648	 0.00030089	     0.0000	-6.0709e-06	  0.0047303	 0.00020714	
6	21	  0.0091888	   0.016004	     78.899	     2.1621	-9.7531e+92	-9.7531e+92	   0.020555	   0.010774	     0.0000	-0.00083365	    0.15157	  0.0017327	
6	22	 2.2348e-12	 3.8923e-12	     216.08	    0.13159	-9.7531e+92	-9.7531e+92	 0.00019328	 7.8894e-05	     0.0000	-6.2118e-05	  0.0010741	 6.0330e-05	
6	23	  0.0019176	  0.0033398	     73.330	     2.3271	-9.7531e+92	-9.7531e+92	   0.038836	  0.0020712	     0.0000	 -0.0031156	   0.033224	  0.0084639	
6	24	 4.3720e-05	 7.6145e-05	     108.13	     1.2674	-9.7531e+92	-9.7531e+92	 0.00031616	 0.00011696	     0.0000	-1.7270e-07	  0.0018657	 4.7241e-05	
7	0	    0.17000	    0.25221	     80.265	     2.1201	-9.7531e+92	-9.7531e+92	    0.12785	   0.066762	     0.0000	 0.00016168	     1.2135	  0.0046598	
7	1	    0.13098	    0.19432	     75.481	     2.2648	-9.7531e+92	-9.7531e+92	   0.076543	   0.058476	     0.0000	     0.0000	     1.1981	     0.0000	
7	2	  0.0015902	  0.0023591	     153.12	    0.46179	-9.7531e+92	-9.7531e+92	  0.0080632	  0.0011463	     0.0000	 -0.0036364	   0.022301	 -0.0053800	
7	3	 1.5280e-05	 2.2670e-05	     215.68	    0.13250	-9.7531e+92	-9.7531e+92	  0.0016970	 5.7166e-05	     0.0000	 -0.0017773	  0.0011191	 -0.0027016	
7	4	 4.5615e-05	 6.7674e-05	     209.16	    0.14897	-9.7531e+92	-9.7531e+92	  0.0013790	 8.0247e-05	     0.0000	 -0.0023516	  0.0015059	 -0.0022571	
7	5	   0.011802	   0.017510	     89.752	     1.8194	-9.7531e+92	-9.7531e+92	   0.024469	  0.0079118	     0.0000	 -0.0025797	    0.16024	  -0.012279	
7	6	    0.11155	    0.16550	     34.871	     2.9563	-9.7531e+92	-9.7531e+92	   0.072811	   0.067901	     0.0000	     0.0000	     1.4982	  0.0061781	
7	7	     0.0000	     0.0000	     0.0000	     3.0000	-9.7531e+92	-9.7531e+92	    0.76345	     0.0000	    0.68579	     0.0000	     0.0000	     0.0000	
7	8	 0.00034334	 0.00050937	     109.89	     1.2203	-9.7531e+92	-9.7531e+92	 0.00031265	 0.00030438	     0.0000	-3.4544e-05	  0.0053259	-5.7852e-05	
7	9	   0.028227	   0.041876	     64.406	     2.5596	-9.7531e+92	-9.7531e+92	   0.034551	   0.017307	     0.0000	-9.0229e-05	    0.38817	 -0.0055859	
7	10	 3.7461e-08	 5.5576e-08	     153.29	    0.46001	-9.7531e+92	-9.7531e+92	 5.1150e-05	 4.9527e-05	     0.0000	-6.0943e-07	 0.00086627	-1.4065e-06	
7	11	 7.1890e-05	 0.00010665	     112.26	     1.1591	-9.7531e+92	-9.7531e+92	 0.00012255	 9.7759e-05	     0.0000	-7.4818e-07	  0.0018266	-2.2414e-05	
7	12	 1.6161e-07	 2.3975e-07	     158.06	    0.41430	-9.7531e+92	-9.7531e+92	 5.1194e-05	 4.9712e-05	     0.0000	-1.6745e-06	 0.00086939	-2.6282e-06	
7	13	    0.17648	    0.26182	     57.312	     2.7078	-9.7531e+92	-9.7531e+92	    0.10257	   0.085161	     0.0000	  0.0056390	     2.1656	   0.015856	
7	14	    0.13526	    0.20067	     65.464	     2.5345	-9.7531e+92	-9.7531e+92	   0.079128	   0.081033	     0.0000	 0.00023994	     1.7199	  0.0074755	
7	15	 0.00055341	 0.00082102	     131.62	    0.74982	-9.7531e+92	-9.7531e+92	  0.0048000	 0.00043505	     0.0000	 -0.0018174	  0.0081182	 -0.0037489	
7	16	 1.2177e-08	 1.8065e-08	     137.28	    0.65913	-9.7531e+92	-9.7531e+92	 5.6157e-05	 5.0788e-05	     0.0000	-7.9089e-06	 0.00085678	-1.2058e-05	
7	17	 2.1988e-13	 3.2621e-13	     281.54	   0.047004	-9.7531e+92	-9.7531e+92	 7.2817e-05	 5.1743e-05	     0.0000	-0.00010928	 0.00084586	-7.5312e-05	
7	18	    0.20257	    0.30053	     38.248	     2.9371	-9.7531e+92	-9.7531e+92	    0.11041	    0.14170	     0.0000	   0.013735	     2.7071	   0.020200	
7	19	 2.0121e-06	 2.9850e-06	     154.38	    0.44913	-9.7531e+92	-9.7531e+92	 0.00010036	 5.2003e-05	     0.0000	-3.6272e-05	 0.00088669	-8.0275e-05	
7	20	 2.1181e-05	 3.1423e-05	     126.68	    0.83907	-9.7531e+92	-9.7531e+92	 0.00052687	 6.4040e-05	     0.0000	-2.1197e-05	  0.0011446	-0.00052885	
7	21	   0.014122	   0.020951	     44.967	     2.8822	-9.7531e+92	-9.7531e+92	   0.018168	   0.010698	     0.0000	 -0.0020259	    0.18395	 -0.0031260	
7	22	 9.8374e-13	 1.4594e-12	     241.36	   0.085874	-9.7531e+92	-9.7531e+92	 9.4248e-05	 5.1551e-05	     0.0000	-0.00020064	 0.00084940	-0.00014218	
7	23	   0.014889	   0.022088	     58.677	     2.6821	-9.7531e+92	-9.7531e+92	   0.055329	   0.010173	     0.0000	 -0.0087091	    0.19866	  -0.017354	
7	24	  0.0014637	  0.0021714	     84.614	     1.9834	-9.7531e+92	-9.7531e+92	 0.00080188	  0.0010468	     0.0000	 9.2793e-07	   0.020716	 0.00018409	
8	0	   0.047506	   0.028494	     172.11	    0.30693	-9.7531e+92	-9.7531e+92	   0.025538	  0.0010659	     0.0000	 -0.0021589	   -0.18803	    0.38413	
8	1	   0.017461	   0.010473	     184.58	    0.23797	-9.7531e+92	-9.7531e+92	  0.0098212	 0.00041706	     0.0000	 -0.0012064	  -0.076273	    0.23720	
8	2	  0.0017065	  0.0010236	     174.51	    0.29198	-9.7531e+92	-9.7531e+92	  0.0038640	 4.2750e-05	     0.0000	 -0.0096631	 -0.0084028	    0.11320	
8	3	 7.3768e-06	 4.4246e-06	     221.29	    0.12010	-9.7531e+92	-9.7531e+92	  0.0010545	 1.7898e-06	     0.0000	 -0.0047479	-0.00034537	   0.055782	
8	4	 6.1738e-05	 3.7030e-05	     186.41	    0.22946	-9.7531e+92	-9.7531e+92	  0.0021868	 3.0606e-06	     0.0000	 -0.0062571	-0.00061497	   0.048296	
8	5	   0.081562	   0.048921	     54.235	     2.7611	-9.7531e+92	-9.7531e+92	   0.027892	  0.0019336	     0.0000	  0.0012457	   -0.40038	  -0.051968	
8	6	   0.011983	  0.0071873	     109.28	     1.2365	-9.7531e+92	-9.7531e+92	   0.011006	 0.00028853	     0.0000	     0.0000	  -0.058983	    0.32654	
8	7	  0.0055371	  0.0033212	     109.89	     1.2203	-9.7531e+92	-9.7531e+92	  0.0057722	 0.00013666	     0.0000	     0.0000	  -0.027573	    0.21913	
8	8	     0.0000	     0.0000	     0.0000	     3.0000	-9.7531e+92	-9.7531e+92	    0.30058	     0.0000	    0.30017	     0.0000	     0.0000	     0.0000	
8	9	 2.6825e-06	 1.6090e-06	     171.65	    0.30991	-9.7531e+92	-9.7531e+92	  0.0062761	 1.6961e-06	     0.0000	-0.00049556	-0.00034336	    0.25802	
8	10	  0.0021980	  0.0013184	     44.054	     2.8911	-9.7531e+92	-9.7531e+92	 0.00035573	 3.5145e-05	 0.00031166	 0.00014316	 -0.0063780	 -0.0056843	
8	11	  0.0066968	  0.0040167	     32.525	     2.9668	-9.7531e+92	-9.7531e+92	  0.0010628	 0.00016101	 0.00091511	 3.2893e-05	  -0.032327	  -0.029697	
8	12	  0.0017097	  0.0010254	     55.069	     2.7473	-9.7531e+92	-9.7531e+92	 0.00039118	 3.0500e-05	 0.00034351	 0.00026326	 -0.0058258	 -0.0051879	
8	13	   0.086655	   0.051975	     162.59	    0.37553	-9.7531e+92	-9.7531e+92	   0.029874	  0.0020157	     0.0000	 -0.0041344	   -0.35718	   0.075987	
8	14	   0.058993	   0.035384	     146.54	    0.53466	-9.7531e+92	-9.7531e+92	   0.027774	  0.0014067	     0.0000	-0.00077628	   -0.26881	    0.18086	
8	15	 3.5433e-05	 2.1252e-05	     159.01	    0.40580	-9.7531e+92	-9.7531e+92	  0.0019451	 2.5080e-06	     0.0000	 -0.0049921	-0.00050446	   0.086412	
8	16	 6.0686e-07	 3.6399e-07	     112.87	     1.1438	-9.7531e+92	-9.7531e+92	 2.6042e-05	 1.6995e-06	     0.0000	-2.0830e-05	-0.00033894	 0.00027687	
8	17	 5.3722e-13	 3.2223e-13	     258.50	   0.065716	-9.7531e+92	-9.7531e+92	 5.4812e-05	 1.6929e-06	     0.0000	-0.00029160	-0.00033620	  0.0017364	
8	18	    0.15173	   0.091006	     75.421	     2.2666	-9.7531e+92	-9.7531e+92	   0.042435	  0.0035328	     0.0000	   0.016973	   -0.72557	   -0.20088	
8	19	 0.00085798	 0.00051461	     80.536	     2.1117	-9.7531e+92	-9.7531e+92	 0.00069879	 1.9762e-05	 0.00042631	 8.6690e-05	 -0.0042076	 -0.0020319	
8	20	    0.48734	    0.29231	     51.987	     2.7958	-9.7531e+92	-9.7531e+92	   0.073622	   0.011540	   0.072046	  0.0055388	    -2.3675	    -2.2460	
8	21	 7.4420e-05	 4.4637e-05	     132.38	    0.73687	-9.7531e+92	-9.7531e+92	  0.0023532	 3.5148e-06	     0.0000	  -0.010475	-0.00070237	    0.13739	
8	22	 2.5380e-07	 1.5223e-07	     168.70	    0.32968	-9.7531e+92	-9.7531e+92	 9.4535e-05	 1.6689e-06	     0.0000	-0.00052913	-0.00033488	  0.0032600	
8	23	   0.036080	   0.021641	     54.810	     2.7517	-9.7531e+92	-9.7531e+92	   0.024711	 0.00084902	     0.0000	  -0.016825	   -0.17973	    0.29538	
8	24	  0.0018001	  0.0010797	     77.960	     2.1908	-9.7531e+92	-9.7531e+92	 0.00034727	 4.6426e-05	     0.0000	 1.2461e-06	 -0.0092868	 -0.0058123	
9	0	    0.14441	    0.18577	     86.890	     1.9108	-9.7531e+92	-9.7531e+92	    0.10688	   0.076090	     0.0000	-0.00010147	     1.8550	 -0.0032039	
9	1	    0.18715	    0.24075	     55.376	     2.7421	-9.7531e+92	-9.7531e+92	   0.088620	    0.11786	     0.0000	  0.0021905	     2.8269	   0.067819	
9	2	   0.011528	   0.014830	     133.64	    0.71608	-9.7531e+92	-9.7531e+92	   0.010855	  0.0086696	     0.0000	 -0.0054446	    0.19489	 -0.0090171	
9	3	 0.00060042	 0.00077239	     191.41	    0.20802	-9.7531e+92	-9.7531e+92	  0.0023088	 0.00050140	     0.0000	 -0.0041855	   0.011268	 -0.0071054	
9	4	 6.2865e-05	 8.0870e-05	     223.28	    0.11603	-9.7531e+92	-9.7531e+92	  0.0017426	 0.00010183	     0.0000	 -0.0057984	  0.0021820	 -0.0062382	
9	5	  0.0034403	  0.0044256	     134.70	    0.69890	-9.7531e+92	-9.7531e+92	   0.010878	  0.0026896	     0.0000	 -0.0072799	   0.058778	  -0.039013	
9	6	    0.25184	    0.32397	     62.827	     2.5956	-9.7531e+92	-9.7531e+92	    0.10992	    0.17686	  0.0043245	     0.0000	     4.2428	   0.099042	
9	7	   0.070975	   0.091303	     64.406	     2.5596	-9.7531e+92	-9.7531e+92	   0.043245	   0.052114	     0.0000	     0.0000	     1.1983	   0.010840	
9	8	 2.6162e-06	 3.3655e-06	     171.65	    0.30991	-9.7531e+92	-9.7531e+92	 0.00011970	 5.7971e-05	     0.0000	-0.00018976	  0.0011411	-0.00035865	
9	9	     0.0000	     0.0000	     0.0000	     3.0000	-9.7531e+92	-9.7531e+92	    0.66518	     0.0000	    0.59456	     0.0000	     0.0000	     0.0000	
9	10	 1.0820e-13	 1.3919e-13	     215.04	    0.13402	-9.7531e+92	-9.7531e+92	 4.3699e-05	 5.6576e-05	     0.0000	-1.5135e-06	  0.0010905	-3.9454e-06	
9	11	 2.6568e-08	 3.4178e-08	     175.31	    0.28718	-9.7531e+92	-9.7531e+92	 6.3948e-05	 5.3155e-05	     0.0000	-3.0768e-06	  0.0011095	-0.00010409	
9	12	 9.6996e-13	 1.2478e-12	     214.99	    0.13415	-9.7531e+92	-9.7531e+92	 4.3739e-05	 5.6698e-05	     0.0000	-4.1883e-06	  0.0010904	-7.4250e-06	
9	13	    0.15180	    0.19528	     9.0540	     2.9998	-9.7531e+92	-9.7531e+92	   0.086174	   0.062311	     0.0000	     0.0000	     1.5330	     0.0000	
9	14	    0.11586	    0.14904	     38.749	     2.9339	-9.7531e+92	-9.7531e+92	   0.066222	   0.070790	     0.0000	 0.00025914	     1.7250	  0.0089894	
9	15	  0.0050964	  0.0065560	     117.55	     1.0311	-9.7531e+92	-9.7531e+92	  0.0067127	  0.0039259	     0.0000	 -0.0033495	   0.086206	 -0.0077792	
9	16	 2.1299e-12	 2.7399e-12	     159.83	    0.39862	-9.7531e+92	-9.7531e+92	 5.1797e-05	 5.6975e-05	     0.0000	-1.9537e-05	  0.0010880	-3.3658e-05	
9	17	 4.8909e-13	 6.2917e-13	     293.28	   0.040011	-9.7531e+92	-9.7531e+92	 7.2494e-05	 5.7623e-05	     0.0000	-0.00026990	  0.0010827	-0.00021004	
9	18	   0.049244	   0.063348	     96.665	     1.6016	-9.7531e+92	-9.7531e+92	   0.048873	   0.039673	     0.0000	  -0.020781	    0.83156	  -0.034249	
9	19	 1.3398e-07	 1.7236e-07	     193.08	    0.20137	-9.7531e+92	-9.7531e+92	 7.5428e-05	 5.6677e-05	     0.0000	-9.0019e-05	  0.0010957	-0.00022485	
9	20	 2.6055e-06	 3.3517e-06	     174.09	    0.29453	-9.7531e+92	-9.7531e+92	 0.00026158	 5.5781e-05	     0.0000	-5.2735e-05	  0.0011529	 -0.0014847	
9	21	  0.0076147	  0.0097956	     83.320	     2.0244	-9.7531e+92	-9.7531e+92	   0.014928	  0.0066382	     0.0000	 -0.0071757	    0.12565	  -0.012482	
9	22	 3.5781e-13	 4.6029e-13	     266.14	   0.058633	-9.7531e+92	-9.7531e+92	 9.8545e-05	 5.7513e-05	     0.0000	-0.00049553	  0.0010848	-0.00039631	
9	23	 0.00036010	 0.00046324	     121.73	    0.93874	-9.7531e+92	-9.7531e+92	   0.022687	 0.00033417	     0.0000	  -0.025256	  0.0070470	  -0.056779	
9	24	 1.3321e-05	 1.7136e-05	     149.07	    0.50520	-9.7531e+92	-9.7531e+92	 0.00022457	 6.4006e-05	     0.0000	-1.4562e-06	  0.0013290	-0.00032618	
10	0	    0.12416	   0.041147	     210.64	    0.14503	-9.7531e+92	-9.7531e+92	   0.018574	 0.00018840	     0.0000	-2.1459e-05	  -0.019818	  0.0038374	
10	1	   0.010752	  0.0035631	     228.04	    0.10699	-9.7531e+92	-9.7531e+92	  0.0050200	 1.7826e-05	     0.0000	-5.3788e-05	 -0.0018992	   0.010621	
10	2	 7.8573e-05	 2.6039e-05	     213.20	    0.13850	-9.7531e+92	-9.7531e+92	  0.0016305	 2.4891e-07	     0.0000	-0.00041065	-2.7761e-05	  0.0048286	
10	3	 1.0864e-06	 3.6001e-07	     258.79	   0.065432	-9.7531e+92	-9.7531e+92	 0.00043966	 1.1580e-07	     0.0000	-0.00018959	-1.2744e-05	  0.0022360	
10	4	 0.00014788	 4.9005e-05	     204.61	    0.16194	-9.7531e+92	-9.7531e+92	 0.00073320	 3.6766e-07	     0.0000	-0.00024805	-4.1394e-05	  0.0019190	
10	5	    0.13452	   0.044578	     93.726	     1.6933	-9.7531e+92	-9.7531e+92	   0.019119	 0.00023902	     0.0000	 0.00029930	  -0.026730	  -0.012038	
10	6	  0.0047130	  0.0015619	     153.37	    0.45919	-9.7531e+92	-9.7531e+92	  0.0052194	 8.1884e-06	     0.0000	     0.0000	-0.00094281	   0.014434	
10	7	  0.0033843	  0.0011215	     153.29	    0.46001	-9.7531e+92	-9.7531e+92	  0.0033543	 6.0730e-06	     0.0000	     0.0000	-0.00068443	  0.0091804	
10	8	    0.17779	   0.058918	     44.054	     2.8911	-9.7531e+92	-9.7531e+92	   0.014928	 0.00029774	   0.014700	  0.0018354	  -0.031618	  -0.029822	
10	9	 8.2994e-08	 2.7504e-08	     215.04	    0.13402	-9.7531e+92	-9.7531e+92	  0.0030039	 1.1725e-07	     0.0000	-1.9779e-05	-1.3315e-05	   0.010335	
10	10	     0.0000	     0.0000	     0.0000	     3.0000	-9.7531e+92	-9.7531e+92	    0.16572	     0.0000	    0.16570	     0.0000	     0.0000	     0.0000	
10	11	   0.011772	  0.0039013	     46.926	     2.8613	-9.7531e+92	-9.7531e+92	  0.0010563	 2.1265e-05	 0.00097470	 6.6651e-06	 -0.0022932	 -0.0021375	
10	12	  0.0031535	  0.0010451	     46.012	     2.8713	-9.7531e+92	-9.7531e+92	 0.00030753	 4.1361e-06	 0.00028120	 1.0444e-05	-0.00015173	-0.00011890	
10	13	   0.041454	   0.013738	     205.99	    0.15786	-9.7531e+92	-9.7531e+92	   0.011281	 6.4119e-05	     0.0000	-0.00055037	 -0.0069089	   0.010162	
10	14	   0.035743	   0.011845	     190.48	    0.21181	-9.7531e+92	-9.7531e+92	   0.012235	 6.0165e-05	     0.0000	-4.8219e-05	 -0.0065702	   0.011280	
10	15	 8.5177e-06	 2.8227e-06	     197.67	    0.18443	-9.7531e+92	-9.7531e+92	 0.00085151	 1.3283e-07	     0.0000	-0.00019953	-1.4971e-05	  0.0034661	
10	16	 7.6937e-10	 2.5496e-10	     147.94	    0.51817	-9.7531e+92	-9.7531e+92	 1.3172e-05	 1.2469e-07	     0.0000	-8.4263e-07	-1.3591e-05	 1.1205e-05	
10	17	 2.3915e-12	 7.9253e-13	     270.72	   0.054831	-9.7531e+92	-9.7531e+92	 2.2887e-05	 1.2388e-07	     0.0000	-1.1642e-05	-1.3541e-05	 6.9539e-05	
10	18	    0.30614	    0.10145	     118.82	     1.0023	-9.7531e+92	-9.7531e+92	   0.034241	 0.00053087	     0.0000	  0.0030576	  -0.058951	  -0.036136	
10	19	   0.013741	  0.0045538	     85.643	     1.9506	-9.7531e+92	-9.7531e+92	  0.0012905	 2.5067e-05	  0.0011400	 0.00012525	 -0.0027151	 -0.0024997	
10	20	    0.11345	   0.037597	     74.457	     2.2947	-9.7531e+92	-9.7531e+92	   0.013383	 0.00020744	   0.012512	 8.3668e-05	  -0.022791	  -0.021151	
10	21	 6.3696e-06	 2.1109e-06	     171.26	    0.31241	-9.7531e+92	-9.7531e+92	  0.0015408	 1.3510e-07	     0.0000	-0.00041914	-1.4668e-05	  0.0055153	
10	22	 2.0335e-08	 6.7388e-09	     176.66	    0.27933	-9.7531e+92	-9.7531e+92	 4.3639e-05	 1.2309e-07	     0.0000	-2.1322e-05	-1.3481e-05	 0.00013061	
10	23	   0.018453	  0.0061151	     95.614	     1.6342	-9.7531e+92	-9.7531e+92	   0.017240	 3.2512e-05	     0.0000	-0.00088784	 -0.0037286	   0.015210	
10	24	 0.00052993	 0.00017562	     102.71	     1.4197	-9.7531e+92	-9.7531e+92	 0.00010979	 1.0770e-06	     0.0000	-3.9558e-09	-0.00011738	 8.7872e-06	
11	0	    0.14886	   0.058631	     167.10	    0.34103	-9.7531e+92	-9.7531e+92	   0.032095	 0.00053929	     0.0000	-1.6475e-06	  -0.065725	 0.00029093	
11	1	   0.044804	   0.017646	     185.20	    0.23505	-9.7531e+92	-9.7531e+92	   0.010367	 0.00017540	     0.0000	-6.7292e-05	  -0.021821	   0.013123	
11	2	 9.6366e-05	 3.7954e-05	     197.83	    0.18388	-9.7531e+92	-9.7531e+92	  0.0016294	 6.6185e-07	     0.0000	 -0.0010975	-8.6467e-05	   0.012749	
11	3	 4.1403e-06	 1.6307e-06	     244.71	   0.081388	-9.7531e+92	-9.7531e+92	 0.00037949	 2.8773e-07	     0.0000	-0.00050689	-3.6923e-05	  0.0059059	
11	4	 6.9766e-06	 2.7478e-06	     218.09	    0.12699	-9.7531e+92	-9.7531e+92	 0.00035568	 2.9892e-07	     0.0000	-0.00067250	-3.9481e-05	  0.0051380	
11	5	   0.089418	   0.035218	     77.490	     2.2050	-9.7531e+92	-9.7531e+92	   0.016135	 0.00036154	     0.0000	 0.00023700	  -0.049093	 -0.0094195	
11	6	   0.027244	   0.010730	     117.04	     1.0431	-9.7531e+92	-9.7531e+92	  0.0095155	 0.00010971	     0.0000	     0.0000	  -0.014966	   0.027043	
11	7	  0.0099022	  0.0039000	     112.26	     1.1591	-9.7531e+92	-9.7531e+92	  0.0056345	 4.0691e-05	     0.0000	     0.0000	 -0.0054872	   0.021030	
11	8	   0.020871	  0.0082200	     32.525	     2.9668	-9.7531e+92	-9.7531e+92	  0.0021496	 7.7849e-05	  0.0018789	 0.00054241	  -0.010199	 -0.0088744	
11	9	 1.5715e-05	 6.1896e-06	     175.31	    0.28718	-9.7531e+92	-9.7531e+92	  0.0057748	 3.3923e-07	     0.0000	-5.2879e-05	-4.5660e-05	   0.027301	
11	10	 0.00073064	 0.00028776	     46.926	     2.8613	-9.7531e+92	-9.7531e+92	 8.8390e-05	 2.9106e-06	 5.9454e-05	 1.1334e-05	-0.00032602	-0.00026116	
11	11	     0.0000	     0.0000	     0.0000	     3.0000	-9.7531e+92	-9.7531e+92	    0.19696	     0.0000	    0.19686	     0.0000	     0.0000	     0.0000	
11	12	 0.00049492	 0.00019493	     77.218	     2.2132	-9.7531e+92	-9.7531e+92	 6.6083e-05	 1.8079e-06	 3.4781e-05	 8.2714e-06	-0.00015974	-0.00011394	
11	13	    0.23738	   0.093494	     166.60	    0.34470	-9.7531e+92	-9.7531e+92	   0.031813	 0.00089435	     0.0000	  0.0029953	   -0.10897	  -0.054613	
11	14	   0.057506	   0.022649	     157.91	    0.41563	-9.7531e+92	-9.7531e+92	   0.014342	 0.00022681	     0.0000	-8.5803e-05	  -0.029315	   0.019826	
11	15	 3.3943e-05	 1.3368e-05	     182.32	    0.24896	-9.7531e+92	-9.7531e+92	 0.00090631	 4.1773e-07	     0.0000	-0.00053287	-5.5664e-05	  0.0091459	
11	16	 5.9436e-08	 2.3409e-08	     142.85	    0.58099	-9.7531e+92	-9.7531e+92	 1.4594e-05	 2.8909e-07	     0.0000	-2.2517e-06	-3.7771e-05	 2.9579e-05	
11	17	 1.6614e-12	 6.5437e-13	     290.18	   0.041722	-9.7531e+92	-9.7531e+92	 1.9094e-05	 2.9027e-07	     0.0000	-3.1138e-05	-3.7690e-05	 0.00018376	
11	18	    0.32156	    0.12665	     81.269	     2.0888	-9.7531e+92	-9.7531e+92	   0.039858	  0.0012146	     0.0000	  0.0085577	   -0.17245	   -0.10289	
11	19	  0.0015993	 0.00062990	     108.78	     1.2499	-9.7531e+92	-9.7531e+92	 0.00020738	 7.0914e-06	 2.8455e-05	 3.1466e-05	-0.00093047	-0.00061112	
11	20	  0.0040021	  0.0015763	     83.734	     2.0113	-9.7531e+92	-9.7531e+92	  0.0011910	 1.7138e-05	 0.00015642	 2.9869e-06	 -0.0022671	-0.00072457	
11	21	  0.0012065	 0.00047519	     128.65	    0.80225	-9.7531e+92	-9.7531e+92	  0.0028574	 5.2820e-06	     0.0000	 -0.0010731	-0.00070714	   0.013973	
11	22	 5.2207e-10	 2.0562e-10	     200.45	    0.17499	-9.7531e+92	-9.7531e+92	 2.6031e-05	 2.8846e-07	     0.0000	-5.7164e-05	-3.7536e-05	 0.00034513	
11	23	   0.026780	   0.010548	     53.605	     2.7712	-9.7531e+92	-9.7531e+92	   0.020620	 0.00010537	     0.0000	 -0.0020584	  -0.014643	   0.035490	
11	24	  0.0074760	  0.0029445	     56.094	     2.7297	-9.7531e+92	-9.7531e+92	 0.00080758	 3.0970e-05	 0.00055453	 9.9721e-07	 -0.0040583	 -0.0033779	
12	0	    0.11279	   0.037477	     226.76	    0.10933	-9.7531e+92	-9.7531e+92	   0.017181	 0.00018230	     0.0000	-3.3681e-05	  -0.013430	  0.0039896	
12	1	  0.0060275	  0.0020027	     231.78	    0.10046	-9.7531e+92	-9.7531e+92	  0.0047419	 1.0670e-05	     0.0000	-6.2630e-05	-0.00080514	  0.0082636	
12	2	  0.0038974	  0.0012950	     181.48	    0.25322	-9.7531e+92	-9.7531e+92	  0.0031762	 7.1851e-06	     0.0000	-0.00038163	-0.00057390	  0.0030196	
12	3	 0.00034454	 0.00011448	     227.10	    0.10870	-9.7531e+92	-9.7531e+92	  0.0013211	 7.4284e-07	     0.0000	-0.00019991	-5.8477e-05	  0.0015846	
12	4	   0.025714	  0.0085439	     165.11	    0.35583	-9.7531e+92	-9.7531e+92	  0.0041840	 4.6419e-05	 0.00062001	 0.00038220	 -0.0037727	 -0.0020004	
12	5	    0.34060	    0.11317	     80.590	     2.1100	-9.7531e+92	-9.7531e+92	   0.034155	 0.00063732	   0.010767	  0.0013170	  -0.051345	  -0.037142	
12	6	  0.0062174	  0.0020658	     152.49	    0.46823	-9.7531e+92	-9.7531e+92	  0.0056284	 1.1411e-05	     0.0000	     0.0000	-0.00094177	   0.010351	
12	7	  0.0019455	 0.00064641	     158.06	    0.41430	-9.7531e+92	-9.7531e+92	  0.0035161	 3.7523e-06	     0.0000	     0.0000	-0.00030333	  0.0069134	
12	8	    0.13708	   0.045547	     55.069	     2.7473	-9.7531e+92	-9.7531e+92	   0.011865	 0.00023312	   0.011637	 0.00098318	  -0.017411	  -0.015690	
12	9	 5.2024e-08	 1.7286e-08	     214.99	    0.13415	-9.7531e+92	-9.7531e+92	  0.0030001	 1.2419e-07	     0.0000	-2.1446e-05	-1.0119e-05	  0.0075632	
12	10	   0.012348	  0.0041029	     46.012	     2.8713	-9.7531e+92	-9.7531e+92	  0.0010522	 2.1979e-05	  0.0010278	 7.4280e-05	 -0.0013676	 -0.0012142	
12	11	   0.021904	  0.0072778	     77.218	     2.2132	-9.7531e+92	-9.7531e+92	  0.0018908	 4.2066e-05	  0.0018089	 1.3821e-05	 -0.0032520	 -0.0029587	
12	12	     0.0000	     0.0000	     0.0000	     3.0000	-9.7531e+92	-9.7531e+92	    0.16618	     0.0000	    0.16615	     0.0000	     0.0000	     0.0000	
12	13	   0.027899	  0.0092699	     205.94	    0.15802	-9.7531e+92	-9.7531e+92	   0.010318	 4.6035e-05	     0.0000	-0.00072208	 -0.0034850	  0.0088678	
12	14	   0.016958	  0.0056344	     188.63	    0.21964	-9.7531e+92	-9.7531e+92	   0.014004	 3.0348e-05	     0.0000	-6.7387e-05	 -0.0023598	   0.010572	
12	15	 0.00042872	 0.00014245	     166.81	    0.34315	-9.7531e+92	-9.7531e+92	  0.0015524	 9.2506e-07	     0.0000	-0.00021138	-7.4894e-05	  0.0024784	
12	16	 2.7907e-05	 9.2724e-06	     115.95	     1.0685	-9.7531e+92	-9.7531e+92	 2.0515e-05	 1.8661e-07	     0.0000	-4.7495e-07	-1.4645e-05	 4.2776e-06	
12	17	 3.3108e-12	 1.1000e-12	     225.22	    0.11223	-9.7531e+92	-9.7531e+92	 7.7288e-05	 1.3061e-07	     0.0000	-1.2592e-05	-1.0292e-05	 5.0956e-05	
12	18	    0.10368	   0.034448	     120.73	    0.96010	-9.7531e+92	-9.7531e+92	   0.018590	 0.00019030	     0.0000	-6.3629e-05	  -0.015148	 0.00050622	
12	19	    0.13256	   0.044046	     44.530	     2.8865	-9.7531e+92	-9.7531e+92	   0.011142	 0.00022418	   0.010991	 0.00088959	  -0.015618	  -0.013983	
12	20	   0.044488	   0.014782	     45.010	     2.8817	-9.7531e+92	-9.7531e+92	  0.0076660	 7.4712e-05	  0.0067931	 1.9057e-05	 -0.0053737	 -0.0045532	
12	21	 1.0348e-06	 3.4384e-07	     187.39	    0.22505	-9.7531e+92	-9.7531e+92	  0.0014245	 1.3249e-07	     0.0000	-0.00045456	-1.0344e-05	  0.0040390	
12	22	 0.00044715	 0.00014857	     131.16	    0.75767	-9.7531e+92	-9.7531e+92	 0.00025808	 9.7503e-07	 9.0241e-06	-7.6204e-06	-7.6263e-05	 3.2326e-05	
12	23	  0.0046240	  0.0015364	     109.85	     1.2215	-9.7531e+92	-9.7531e+92	  0.0092275	 8.6995e-06	     0.0000	 -0.0011286	-0.00071827	   0.013070	
12	24	 1.1884e-05	 3.9488e-06	     132.31	    0.73810	-9.7531e+92	-9.7531e+92	 6.0023e-05	 1.5285e-07	     0.0000	-5.8341e-08	-1.2116e-05	 7.9239e-05	
13	0	    0.79475	     7.2425	     86.013	     1.9388	-9.7531e+92	-9.7531e+92	     2.0523	    0.64356	    0.69075	     0.0000	     2.4457	     0.0000	
13	1	   0.011857	    0.10805	     57.043	     2.7128	-9.7531e+92	-9.7531e+92	    0.27157	   0.011610	     0.0000	     0.0000	   0.062385	     0.0000	
13	2	  0.0013761	   0.012540	     127.66	    0.82064	-9.7531e+92	-9.7531e+92	   0.030495	  0.0014862	     0.0000	     0.0000	  0.0079170	     0.0000	
13	3	 7.1257e-05	 0.00064936	     188.65	    0.21955	-9.7531e+92	-9.7531e+92	  0.0067152	 0.00014764	     0.0000	     0.0000	 0.00080153	     0.0000	
13	4	 5.6298e-06	 5.1304e-05	     217.30	    0.12878	-9.7531e+92	-9.7531e+92	  0.0052619	 8.3701e-05	     0.0000	     0.0000	 0.00045146	     0.0000	
13	5	 9.3259e-05	 0.00084986	     125.66	    0.85869	-9.7531e+92	-9.7531e+92	   0.049171	 0.00019097	     0.0000	     0.0000	 0.00094133	     0.0000	
13	6	  0.0058748	   0.053536	     53.773	     2.7685	-9.7531e+92	-9.7531e+92	    0.32790	  0.0060968	     0.0000	     0.0000	   0.036571	     0.0000	
13	7	  0.0030003	   0.027342	     57.312	     2.7078	-9.7531e+92	-9.7531e+92	    0.20811	  0.0033246	     0.0000	     0.0000	   0.019129	     0.0000	
13	8	 3.2694e-07	 2.9794e-06	     162.59	    0.37553	-9.7531e+92	-9.7531e+92	 0.00072807	 8.4631e-05	     0.0000	     0.0000	 0.00039834	     0.0000	
13	9	    0.16852	     1.5357	     9.0540	     2.9998	-9.7531e+92	-9.7531e+92	    0.53475	    0.18253	   0.034498	     0.0000	     1.0588	     0.0000	
13	10	 1.6812e-13	 1.5320e-12	     205.99	    0.15786	-9.7531e+92	-9.7531e+92	 0.00030900	 8.7687e-05	     0.0000	     0.0000	 0.00035235	     0.0000	
13	11	 2.7003e-08	 2.4608e-07	     166.60	    0.34470	-9.7531e+92	-9.7531e+92	 0.00041798	 7.6299e-05	     0.0000	     0.0000	 0.00047777	     0.0000	
13	12	 1.0341e-13	 9.4233e-13	     205.94	    0.15802	-9.7531e+92	-9.7531e+92	 0.00030844	 8.8387e-05	     0.0000	     0.0000	 0.00034419	     0.0000	
13	13	     0.0000	     0.0000	     0.0000	     3.0000	-9.7531e+92	-9.7531e+92	     4.8552	     0.0000	     3.8902	     0.0000	     0.0000	     0.0000	
13	14	  0.0074549	   0.067936	     32.765	     2.9658	-9.7531e+92	-9.7531e+92	    0.22436	  0.0077948	     0.0000	     0.0000	   0.042927	     0.0000	
13	15	 0.00042643	  0.0038860	     111.52	     1.1779	-9.7531e+92	-9.7531e+92	   0.018528	 0.00051928	     0.0000	     0.0000	  0.0032148	     0.0000	
13	16	 2.8533e-12	 2.6002e-11	     153.85	    0.45440	-9.7531e+92	-9.7531e+92	 0.00032918	 8.7831e-05	     0.0000	     0.0000	 0.00034209	     0.0000	
13	17	 1.9920e-14	 1.8153e-13	     287.27	   0.043413	-9.7531e+92	-9.7531e+92	 0.00039382	 8.8291e-05	     0.0000	     0.0000	 0.00033315	     0.0000	
13	18	  0.0054604	   0.049761	     87.611	     1.8878	-9.7531e+92	-9.7531e+92	    0.25185	  0.0068098	     0.0000	     0.0000	   0.035521	     0.0000	
13	19	 6.8143e-08	 6.2098e-07	     184.51	    0.23831	-9.7531e+92	-9.7531e+92	 0.00044772	 8.5525e-05	     0.0000	     0.0000	 0.00038573	     0.0000	
13	20	 5.4772e-07	 4.9914e-06	     165.04	    0.35635	-9.7531e+92	-9.7531e+92	  0.0013302	 7.9414e-05	     0.0000	     0.0000	 0.00044514	     0.0000	
13	21	  0.0010490	  0.0095598	     76.619	     2.2311	-9.7531e+92	-9.7531e+92	    0.14778	  0.0014989	     0.0000	     0.0000	  0.0059049	     0.0000	
13	22	 4.6722e-14	 4.2577e-13	     260.15	   0.064098	-9.7531e+92	-9.7531e+92	 0.00047856	 8.8043e-05	     0.0000	     0.0000	 0.00034022	     0.0000	
13	23	 5.6106e-05	 0.00051129	     113.01	     1.1402	-9.7531e+92	-9.7531e+92	    0.12037	 0.00014659	     0.0000	     0.0000	 0.00071051	     0.0000	
13	24	 3.0438e-06	 2.7738e-05	     142.21	    0.58941	-9.7531e+92	-9.7531e+92	  0.0029293	 8.1998e-05	     0.0000	     0.0000	 0.00045863	     0.0000	
14	0	   0.088191	    0.44433	     114.85	     1.0949	-9.7531e+92	-9.7531e+92	    0.31009	   0.078044	     0.0000	 -0.0017667	   -0.16337	   0.025487	
14	1	    0.13199	    0.66503	     88.839	     1.8485	-9.7531e+92	-9.7531e+92	    0.25558	    0.13474	     0.0000	  0.0016407	   -0.25687	  -0.031960	
14	2	    0.11323	    0.57050	     97.273	     1.5829	-9.7531e+92	-9.7531e+92	    0.17014	    0.10884	   0.034869	   0.045214	   -0.43388	  -0.060130	
14	3	  0.0031248	   0.015744	     161.01	    0.38854	-9.7531e+92	-9.7531e+92	   0.032178	  0.0027225	     0.0000	 -0.0048598	  -0.016569	  0.0063224	
14	4	 0.00059089	  0.0029771	     184.55	    0.23808	-9.7531e+92	-9.7531e+92	   0.024882	 0.00066173	     0.0000	 -0.0081026	 -0.0022805	  0.0071850	
14	5	  0.0099385	   0.050073	     108.09	     1.2686	-9.7531e+92	-9.7531e+92	   0.074205	  0.0084697	     0.0000	     0.0000	  -0.016682	     0.0000	
14	6	   0.086851	    0.43758	     41.508	     2.9135	-9.7531e+92	-9.7531e+92	    0.21799	   0.085958	     0.0000	     0.0000	   -0.28032	 -0.0035295	
14	7	   0.051248	    0.25820	     65.464	     2.5345	-9.7531e+92	-9.7531e+92	    0.12839	   0.055519	     0.0000	     0.0000	   -0.17489	 0.00085545	
14	8	 5.0362e-05	 0.00025374	     146.54	    0.53466	-9.7531e+92	-9.7531e+92	 0.00065013	 0.00013957	     0.0000	-0.00025752	-0.00042791	 0.00045372	
14	9	    0.13878	    0.69920	     38.749	     2.9339	-9.7531e+92	-9.7531e+92	    0.23525	    0.15027	     0.0000	  0.0010294	   -0.47810	  -0.064452	
14	10	 9.2619e-13	 4.6664e-12	     190.48	    0.21181	-9.7531e+92	-9.7531e+92	 0.00017241	 8.1703e-05	     0.0000	-2.2256e-06	-0.00027468	 5.4861e-06	
14	11	 7.1993e-08	 3.6272e-07	     157.91	    0.41563	-9.7531e+92	-9.7531e+92	 0.00030725	 8.0333e-05	     0.0000	-4.5234e-06	-0.00027494	 0.00014423	
14	12	 1.0089e-13	 5.0832e-13	     188.63	    0.21964	-9.7531e+92	-9.7531e+92	 0.00017315	 8.0388e-05	     0.0000	-4.6400e-06	-0.00025892	 1.0324e-05	
14	13	    0.11245	    0.56655	     32.765	     2.9658	-9.7531e+92	-9.7531e+92	    0.28132	    0.11241	     0.0000	  0.0018714	    0.12427	 -0.0030707	
14	14	     0.0000	     0.0000	     0.0000	     3.0000	-9.7531e+92	-9.7531e+92	     2.6388	     0.0000	     2.1316	     0.0000	     0.0000	     0.0000	
14	15	   0.049519	    0.24949	     78.991	     2.1593	-9.7531e+92	-9.7531e+92	   0.092427	   0.051429	     0.0000	   0.011451	   -0.15657	  -0.023787	
14	16	 9.9651e-07	 5.0207e-06	     121.20	    0.94999	-9.7531e+92	-9.7531e+92	 0.00030266	 7.7725e-05	     0.0000	-2.5743e-05	-0.00021632	 4.6285e-05	
14	17	 5.6828e-14	 2.8631e-13	     254.84	   0.069479	-9.7531e+92	-9.7531e+92	 0.00058752	 7.8392e-05	     0.0000	-0.00039689	-0.00026628	 0.00029073	
14	18	    0.21123	     1.0643	     78.249	     2.1820	-9.7531e+92	-9.7531e+92	    0.36554	    0.24008	     0.0000	   0.051481	   -0.66066	  -0.073569	
14	19	 1.8698e-06	 9.4206e-06	     166.55	    0.34505	-9.7531e+92	-9.7531e+92	 0.00045395	 8.2072e-05	     0.0000	-0.00013142	-0.00026249	 0.00030725	
14	20	 3.7740e-05	 0.00019015	     147.73	    0.52061	-9.7531e+92	-9.7531e+92	  0.0016026	 0.00011369	     0.0000	-7.6484e-05	-0.00026548	  0.0020038	
14	21	  0.0024808	   0.012499	     101.18	     1.4647	-9.7531e+92	-9.7531e+92	   0.039697	  0.0032395	     0.0000	  -0.013072	  -0.011285	   0.020803	
14	22	 2.5682e-13	 1.2939e-12	     227.39	    0.10817	-9.7531e+92	-9.7531e+92	 0.00094524	 7.9597e-05	     0.0000	-0.00072870	-0.00027604	 0.00054364	
14	23	 0.00027054	  0.0013630	     114.84	     1.0952	-9.7531e+92	-9.7531e+92	    0.16528	 0.00036193	     0.0000	-0.00023806	 -0.0011141	   0.077497	
14	24	 8.0123e-06	 4.0368e-05	     150.00	    0.49487	-9.7531e+92	-9.7531e+92	 0.00077306	 9.1179e-05	     0.0000	-2.1616e-06	-0.00032738	 0.00045472	
15	0	   0.028929	   0.039402	     189.51	    0.21584	-9.7531e+92	-9.7531e+92	   0.069528	   0.011883	     0.0000	  -0.030759	   0.088964	   -0.36379	
15	1	   0.014255	   0.019416	     167.83	    0.33581	-9.7531e+92	-9.7531e+92	   0.023978	  0.0062255	     0.0000	  -0.015355	   0.027299	   -0.14552	
15	2	    0.14708	    0.20033	     21.827	     2.9932	-9.7531e+92	-9.7531e+92	   0.072934	   0.039566	   0.036364	    0.12857	  -0.064001	    0.10143	
15	3	    0.14851	    0.20228	     84.108	     1.9994	-9.7531e+92	-9.7531e+92	   0.069848	   0.037186	   0.052627	    0.13685	   -0.19108	   0.023059	
15	4	    0.13624	    0.18557	     106.18	     1.3210	-9.7531e+92	-9.7531e+92	   0.061580	   0.037807	   0.046970	    0.33098	   0.026142	    0.17180	
15	5	  0.0036583	  0.0049827	     104.94	     1.3557	-9.7531e+92	-9.7531e+92	   0.011065	  0.0016004	     0.0000	  -0.094537	  0.0018516	   -0.10166	
15	6	   0.058492	   0.079669	     96.746	     1.5991	-9.7531e+92	-9.7531e+92	   0.038410	   0.024699	     0.0000	     0.0000	   0.032399	  -0.037455	
15	7	 0.00066773	 0.00090948	     131.62	    0.74982	-9.7531e+92	-9.7531e+92	   0.011781	 0.00033165	     0.0000	     0.0000	 0.00025459	  -0.079723	
15	8	 4.3360e-06	 5.9059e-06	     159.01	    0.40580	-9.7531e+92	-9.7531e+92	 0.00012061	 3.3321e-05	     0.0000	 -0.0024654	 6.2962e-06	-0.00086530	
15	9	  0.0016153	  0.0022001	     117.55	     1.0311	-9.7531e+92	-9.7531e+92	   0.021150	 0.00074820	     0.0000	 -0.0057975	 0.00057248	  -0.080526	
15	10	 1.8913e-13	 2.5760e-13	     197.67	    0.18443	-9.7531e+92	-9.7531e+92	 4.6300e-05	 3.1531e-05	     0.0000	-1.9718e-05	-1.5189e-06	-9.2717e-06	
15	11	 8.0236e-12	 1.0929e-11	     182.32	    0.24896	-9.7531e+92	-9.7531e+92	 6.3891e-05	 3.1458e-05	     0.0000	-4.0093e-05	-1.0805e-06	-0.00024634	
15	12	 1.3574e-08	 1.8488e-08	     166.81	    0.34315	-9.7531e+92	-9.7531e+92	 4.7392e-05	 3.1085e-05	     0.0000	-5.4331e-05	 5.3487e-06	-1.7432e-05	
15	13	    0.23352	    0.31807	     111.52	     1.1779	-9.7531e+92	-9.7531e+92	    0.11336	    0.10022	     0.0000	    0.32831	    0.64741	    0.35093	
15	14	    0.16252	    0.22136	     78.991	     2.1593	-9.7531e+92	-9.7531e+92	   0.089095	   0.062216	     0.0000	  0.0091534	   0.068144	    0.13001	
15	15	     0.0000	     0.0000	     0.0000	     3.0000	-9.7531e+92	-9.7531e+92	    0.70224	     0.0000	    0.67706	     0.0000	     0.0000	     0.0000	
15	16	 0.00046659	 0.00063552	     65.362	     2.5370	-9.7531e+92	-9.7531e+92	 0.00030792	 0.00021935	 0.00013793	  0.0011774	 0.00060606	 0.00069999	
15	17	 7.0558e-08	 9.6103e-08	     175.81	    0.28425	-9.7531e+92	-9.7531e+92	  0.0010692	 2.4844e-05	 0.00048492	 -0.0023354	 8.8235e-05	-0.00070578	
15	18	   0.063668	   0.086719	     116.73	     1.0502	-9.7531e+92	-9.7531e+92	   0.045516	   0.028392	     0.0000	   -0.20370	   0.048811	  -0.077287	
15	19	 0.00013846	 0.00018859	     131.26	    0.75593	-9.7531e+92	-9.7531e+92	 0.00046438	 9.0304e-05	     0.0000	-0.00065146	 0.00010152	-0.00034923	
15	20	 0.00020411	 0.00027801	     124.66	    0.87845	-9.7531e+92	-9.7531e+92	 0.00039428	 0.00012358	     0.0000	-0.00060665	 6.4380e-05	 -0.0033209	
15	21	 3.5256e-06	 4.8020e-06	     175.65	    0.28523	-9.7531e+92	-9.7531e+92	  0.0061464	 3.3300e-05	     0.0000	   -0.12659	 8.8189e-06	  -0.042408	
15	22	 5.8788e-06	 8.0071e-06	     163.21	    0.37056	-9.7531e+92	-9.7531e+92	  0.0019494	 2.7365e-05	 0.00092844	 -0.0044542	 8.4626e-05	 -0.0012404	
15	23	 1.6465e-05	 2.2426e-05	     149.47	    0.50076	-9.7531e+92	-9.7531e+92	   0.020661	 3.6707e-05	     0.0000	   -0.33020	 1.3229e-05	   -0.13929	
15	24	 8.3555e-13	 1.1381e-12	     189.75	    0.21485	-9.7531e+92	-9.7531e+92	 0.00015246	 3.1532e-05	     0.0000	-1.9421e-05	-9.2696e-07	-0.00079578	
16	0	  0.0017052	 0.00036634	     217.18	    0.12904	-9.7531e+92	-9.7531e+92	  0.0050146	 4.7796e-06	     0.0000	-0.00021976	-1.1429e-06	-0.00046845	
16	1	  0.0012549	 0.00026960	     207.46	    0.15366	-9.7531e+92	-9.7531e+92	  0.0025116	 3.8219e-06	     0.0000	-0.00010875	-1.0668e-05	 0.00010778	
16	2	    0.24934	   0.053567	     68.097	     2.4691	-9.7531e+92	-9.7531e+92	   0.017030	 0.00056742	   0.011262	  0.0030252	 -0.0053957	 -0.0023865	
16	3	    0.13303	   0.028579	     111.94	     1.1671	-9.7531e+92	-9.7531e+92	   0.010574	 0.00033069	  0.0078575	  0.0020275	 -0.0024996	-0.00082120	
16	4	   0.087671	   0.018835	     75.439	     2.2661	-9.7531e+92	-9.7531e+92	  0.0077199	 0.00017411	  0.0054155	  0.0011653	 -0.0018467	-0.00082723	
16	5	    0.29515	   0.063408	     71.546	     2.3771	-9.7531e+92	-9.7531e+92	   0.017687	 0.00088995	  0.0025643	  0.0018541	 -0.0054136	 -0.0018415	
16	6	   0.021679	  0.0046574	     111.89	     1.1685	-9.7531e+92	-9.7531e+92	  0.0037908	 6.3885e-05	     0.0000	     0.0000	-0.00038834	 0.00046766	
16	7	  0.0011474	 0.00024649	     137.28	    0.65913	-9.7531e+92	-9.7531e+92	  0.0016774	 3.6876e-06	     0.0000	     0.0000	-2.2441e-05	 0.00041208	
16	8	  0.0011599	 0.00024918	     112.87	     1.1438	-9.7531e+92	-9.7531e+92	 0.00012634	 3.8863e-06	     0.0000	 1.2530e-05	-2.4450e-05	-4.9040e-06	
16	9	 7.4655e-05	 1.6038e-05	     159.83	    0.39862	-9.7531e+92	-9.7531e+92	  0.0018896	 4.2669e-07	     0.0000	-3.4773e-05	-2.6581e-06	 0.00045428	
16	10	 9.4358e-09	 2.0271e-09	     147.94	    0.51817	-9.7531e+92	-9.7531e+92	 7.7448e-06	 2.1288e-07	     0.0000	-1.1476e-07	-1.3753e-06	 6.4279e-08	
16	11	 7.6460e-07	 1.6426e-07	     142.85	    0.58099	-9.7531e+92	-9.7531e+92	 1.5721e-05	 2.1363e-07	     0.0000	-2.3271e-07	-1.3918e-06	 1.6771e-06	
16	12	 4.8648e-06	 1.0451e-06	     115.95	     1.0685	-9.7531e+92	-9.7531e+92	 8.9987e-06	 2.2623e-07	     0.0000	-1.9586e-07	-1.3965e-06	 7.5225e-08	
16	13	   0.020488	  0.0044014	     153.85	    0.45440	-9.7531e+92	-9.7531e+92	  0.0068022	 5.6931e-05	     0.0000	 -0.0012836	-7.3950e-05	-9.9816e-05	
16	14	   0.060076	   0.012906	     121.20	    0.94999	-9.7531e+92	-9.7531e+92	   0.012253	 0.00017020	     0.0000	-3.7123e-05	-0.00078625	 0.00015275	
16	15	   0.032729	  0.0070314	     65.362	     2.5370	-9.7531e+92	-9.7531e+92	  0.0055282	 9.0019e-05	  0.0015554	 0.00018135	-0.00045795	-8.0419e-05	
16	16	     0.0000	     0.0000	     0.0000	     3.0000	-9.7531e+92	-9.7531e+92	    0.10744	     0.0000	    0.10741	     0.0000	     0.0000	     0.0000	
16	17	 4.4466e-07	 9.5527e-08	     148.25	    0.51453	-9.7531e+92	-9.7531e+92	 0.00013779	 1.8580e-07	 4.5627e-05	-1.4641e-05	-8.3263e-07	 1.9423e-06	
16	18	   0.086327	   0.018546	     110.59	     1.2021	-9.7531e+92	-9.7531e+92	  0.0088734	 0.00025827	     0.0000	-0.00057347	 -0.0013651	 0.00013453	
16	19	  0.0044608	 0.00095833	     73.024	     2.3358	-9.7531e+92	-9.7531e+92	 0.00031812	 1.3612e-05	 0.00022052	 5.1475e-05	-6.8804e-05	-3.2379e-05	
16	20	  0.0032858	 0.00070590	     74.477	     2.2942	-9.7531e+92	-9.7531e+92	 0.00050153	 1.0432e-05	     0.0000	 1.0233e-06	-6.3905e-05	-6.5428e-06	
16	21	 5.0617e-07	 1.0874e-07	     180.81	    0.25669	-9.7531e+92	-9.7531e+92	 0.00051573	 2.1341e-07	     0.0000	-0.00073804	-1.3179e-06	 0.00025299	
16	22	 0.00027691	 5.9489e-05	     106.73	     1.3057	-9.7531e+92	-9.7531e+92	 0.00026260	 9.1613e-07	 0.00010156	-1.4174e-05	-2.0596e-06	-5.1664e-07	
16	23	 0.00013529	 2.9064e-05	     136.77	    0.66684	-9.7531e+92	-9.7531e+92	  0.0041100	 6.0674e-07	     0.0000	 -0.0019226	-4.0136e-06	 0.00088283	
16	24	 3.6851e-10	 7.9169e-11	     177.80	    0.27291	-9.7531e+92	-9.7531e+92	 1.7858e-05	 2.1121e-07	     0.0000	-1.1321e-07	-1.3703e-06	 5.3531e-06	
17	0	  0.0020781	 0.00086792	     353.56	   0.019078	-9.7531e+92	-9.7531e+92	  0.0069692	 4.1094e-05	     0.0000	 -0.0026577	-2.7220e-05	 -0.0019971	
17	1	 0.00026645	 0.00011128	     342.57	   0.021626	-9.7531e+92	-9.7531e+92	  0.0027533	 6.7314e-06	     0.0000	 -0.0013362	-2.7944e-05	  0.0033455	
17	2	   0.090321	   0.037722	     160.64	    0.39167	-9.7531e+92	-9.7531e+92	   0.024849	  0.0015395	   0.013635	   0.014136	  -0.015335	 -0.0070615	
17	3	    0.37330	    0.15591	     122.41	    0.92444	-9.7531e+92	-9.7531e+92	   0.052240	  0.0056928	   0.046959	   0.065476	  -0.073882	  -0.048679	
17	4	    0.43603	    0.18211	     73.525	     2.3215	-9.7531e+92	-9.7531e+92	   0.055861	  0.0031905	   0.051381	   0.046346	   -0.10316	  -0.076853	
17	5	 0.00016021	 6.6913e-05	     219.60	    0.12368	-9.7531e+92	-9.7531e+92	  0.0022264	 4.6606e-06	     0.0000	 -0.0070311	-4.2012e-05	  0.0091233	
17	6	 2.0842e-05	 8.7043e-06	     251.72	   0.072906	-9.7531e+92	-9.7531e+92	  0.0028376	 1.7656e-06	     0.0000	     0.0000	-1.5709e-05	   0.010182	
17	7	 3.0457e-11	 1.2720e-11	     281.54	   0.047004	-9.7531e+92	-9.7531e+92	  0.0014348	 1.3826e-06	     0.0000	     0.0000	-1.2318e-05	  0.0066984	
17	8	 1.1666e-11	 4.8720e-12	     258.50	   0.065716	-9.7531e+92	-9.7531e+92	 3.8378e-05	 1.4190e-06	     0.0000	-0.00017546	-1.3286e-05	 8.7878e-05	
17	9	 1.3440e-11	 5.6132e-12	     293.28	   0.040011	-9.7531e+92	-9.7531e+92	  0.0025804	 1.3737e-06	     0.0000	-0.00042217	-1.2548e-05	  0.0071895	
17	10	 1.2706e-11	 5.3068e-12	     270.72	   0.054831	-9.7531e+92	-9.7531e+92	 1.4254e-05	 1.4266e-06	     0.0000	-1.3931e-06	-1.3673e-05	 9.9221e-07	
17	11	 2.9731e-12	 1.2417e-12	     290.18	   0.041722	-9.7531e+92	-9.7531e+92	 1.6430e-05	 1.4276e-06	     0.0000	-2.8334e-06	-1.3664e-05	 2.6000e-05	
17	12	 2.2281e-13	 9.3054e-14	     225.22	    0.11223	-9.7531e+92	-9.7531e+92	 1.6490e-05	 1.4034e-06	     0.0000	-3.8089e-06	-1.3129e-05	 1.8671e-06	
17	13	  0.0067984	  0.0028393	     287.27	   0.043413	-9.7531e+92	-9.7531e+92	   0.010745	 0.00013571	     0.0000	  -0.018054	-0.00029239	  0.0011605	
17	14	   0.019825	  0.0082796	     254.84	   0.069479	-9.7531e+92	-9.7531e+92	   0.016336	 0.00039486	     0.0000	 -0.0012153	 -0.0024479	  0.0059712	
17	15	   0.010620	  0.0044354	     175.81	    0.28425	-9.7531e+92	-9.7531e+92	   0.012836	 0.00019813	  0.0051128	 -0.0012218	 -0.0017985	 0.00094698	
17	16	 1.5119e-06	 6.3143e-07	     148.25	    0.51453	-9.7531e+92	-9.7531e+92	 8.6785e-05	 1.3562e-06	 3.4663e-05	-1.4146e-05	-1.2073e-05	 7.7189e-06	
17	17	     0.0000	     0.0000	     0.0000	     3.0000	-9.7531e+92	-9.7531e+92	    0.20978	     0.0000	    0.20960	     0.0000	     0.0000	     0.0000	
17	18	  0.0018632	 0.00077815	     258.46	   0.065759	-9.7531e+92	-9.7531e+92	  0.0045897	 3.9041e-05	     0.0000	  -0.034703	-0.00030622	   0.011261	
17	19	 3.3177e-05	 1.3856e-05	     187.53	    0.22442	-9.7531e+92	-9.7531e+92	 0.00059135	 1.9342e-06	 0.00040162	-4.5729e-05	-1.5906e-05	 4.1299e-05	
17	20	 7.1004e-11	 2.9654e-11	     207.02	    0.15490	-9.7531e+92	-9.7531e+92	 0.00016652	 1.3946e-06	     0.0000	-4.2416e-05	-1.2867e-05	 0.00036127	
17	21	 3.0889e-14	 1.2901e-14	     326.31	   0.026229	-9.7531e+92	-9.7531e+92	 0.00065276	 1.4222e-06	     0.0000	 -0.0089484	-1.2994e-05	  0.0039606	
17	22	   0.058678	   0.024506	     106.10	     1.3231	-9.7531e+92	-9.7531e+92	  0.0078552	 0.00088882	  0.0075422	   0.020977	 0.00099907	  0.0034748	
17	23	 3.0930e-12	 1.2918e-12	     284.58	   0.045056	-9.7531e+92	-9.7531e+92	  0.0021045	 1.3521e-06	     0.0000	  -0.023342	-1.3244e-05	   0.013749	
17	24	 2.8215e-12	 1.1784e-12	     325.25	   0.026569	-9.7531e+92	-9.7531e+92	 2.4948e-05	 1.4282e-06	     0.0000	-1.3726e-06	-1.3596e-05	 8.2768e-05	
18	0	   0.023751	   0.068435	     116.29	     1.0606	-9.7531e+92	-9.7531e+92	   0.096847	   0.019844	     0.0000	-8.3514e-05	   -0.34374	    0.36512	
18	1	   0.018022	   0.051927	     111.77	     1.1715	-9.7531e+92	-9.7531e+92	   0.046804	   0.017612	     0.0000	-0.00099730	   -0.26378	    0.19234	
18	2	 0.00048354	  0.0013933	     137.27	    0.65930	-9.7531e+92	-9.7531e+92	   0.013368	 0.00065080	     0.0000	  -0.032944	 -0.0082227	    0.10177	
18	3	 1.6184e-05	 4.6631e-05	     199.21	    0.17912	-9.7531e+92	-9.7531e+92	  0.0032211	 9.9022e-05	     0.0000	  -0.015424	 -0.0011730	   0.047374	
18	4	 4.8256e-06	 1.3905e-05	     186.18	    0.23049	-9.7531e+92	-9.7531e+92	  0.0028796	 8.8809e-05	     0.0000	  -0.020488	 -0.0010868	   0.041828	
18	5	  0.0024605	  0.0070898	     53.346	     2.7752	-9.7531e+92	-9.7531e+92	    0.22526	  0.0027678	   0.022426	  -0.025956	  -0.039766	    0.27892	
18	6	  0.0061360	   0.017680	     36.723	     2.9464	-9.7531e+92	-9.7531e+92	   0.040799	  0.0066892	     0.0000	     0.0000	  -0.098662	    0.30817	
18	7	  0.0035727	   0.010294	     38.248	     2.9371	-9.7531e+92	-9.7531e+92	   0.029331	  0.0037527	     0.0000	     0.0000	  -0.056295	    0.19943	
18	8	 6.5958e-05	 0.00019005	     75.421	     2.2666	-9.7531e+92	-9.7531e+92	  0.0012846	 0.00015319	     0.0000	-0.00059860	 -0.0020372	  0.0023336	
18	9	 0.00089395	  0.0025758	     96.665	     1.6016	-9.7531e+92	-9.7531e+92	   0.022383	  0.0011031	     0.0000	 -0.0015849	  -0.015657	    0.22216	
18	10	 3.2692e-07	 9.4199e-07	     118.82	     1.0023	-9.7531e+92	-9.7531e+92	 0.00010683	 7.1652e-05	     0.0000	-5.0635e-06	-0.00092264	 2.7497e-05	
18	11	 9.9435e-06	 2.8651e-05	     81.269	     2.0888	-9.7531e+92	-9.7531e+92	 0.00060279	 7.9952e-05	     0.0000	-1.0216e-05	 -0.0010671	 0.00071835	
18	12	 2.5495e-07	 7.3461e-07	     120.73	    0.96010	-9.7531e+92	-9.7531e+92	 0.00010764	 8.1100e-05	     0.0000	-1.4426e-05	 -0.0010718	 5.3273e-05	
18	13	   0.030579	   0.088110	     87.611	     1.8878	-9.7531e+92	-9.7531e+92	   0.088051	   0.030398	     0.0000	  -0.052383	   -0.31141	    0.23480	
18	14	   0.025082	   0.072271	     78.249	     2.1820	-9.7531e+92	-9.7531e+92	   0.095174	   0.023489	     0.0000	 -0.0045716	   -0.41317	    0.27501	
18	15	 0.00016928	 0.00048778	     116.73	     1.0502	-9.7531e+92	-9.7531e+92	  0.0068551	 0.00028229	     0.0000	  -0.016111	 -0.0038612	   0.075020	
18	16	 2.6467e-08	 7.6263e-08	     110.59	     1.2021	-9.7531e+92	-9.7531e+92	 0.00010772	 8.4513e-05	     0.0000	-6.8624e-05	 -0.0011182	 0.00024733	
18	17	 8.0073e-14	 2.3072e-13	     258.46	   0.065759	-9.7531e+92	-9.7531e+92	 0.00014442	 9.1036e-05	     0.0000	-0.00094844	 -0.0012027	  0.0015327	
18	18	     0.0000	     0.0000	     0.0000	     3.0000	-9.7531e+92	-9.7531e+92	     1.5170	     0.0000	     1.2076	     0.0000	     0.0000	     0.0000	
18	19	 5.3351e-06	 1.5372e-05	     118.15	     1.0174	-9.7531e+92	-9.7531e+92	 0.00044465	 8.3527e-05	     0.0000	-0.00031210	 -0.0010978	  0.0016094	
18	20	 7.7432e-05	 0.00022311	     90.275	     1.8027	-9.7531e+92	-9.7531e+92	  0.0039095	 0.00015630	     0.0000	-0.00017990	 -0.0021212	   0.010435	
18	21	 0.00075732	  0.0021821	     79.511	     2.1434	-9.7531e+92	-9.7531e+92	   0.010977	 0.00054015	     0.0000	     0.0000	 -0.0083057	     0.0000	
18	22	 1.6019e-12	 4.6158e-12	     205.13	    0.16037	-9.7531e+92	-9.7531e+92	 0.00019106	 9.0036e-05	     0.0000	 -0.0017414	 -0.0011805	  0.0028740	
18	23	    0.88780	     2.5581	     36.898	     2.9454	-9.7531e+92	-9.7531e+92	    0.67452	     1.0000	    0.39157	    0.71544	    -14.253	    -3.3057	
18	24	 0.00011161	 0.00032160	     74.739	     2.2865	-9.7531e+92	-9.7531e+92	 0.00076951	 0.00018109	     0.0000	-4.2247e-06	 -0.0024463	  0.0019620	
19	0	  0.0065787	  0.0037854	     234.49	   0.096052	-9.7531e+92	-9.7531e+92	   0.016758	 0.00014291	     0.0000	 -0.0028521	  -0.015960	    0.32895	
19	1	  0.0037419	  0.0021531	     226.57	    0.10968	-9.7531e+92	-9.7531e+92	  0.0064941	 8.6425e-05	     0.0000	 -0.0014100	  -0.010195	    0.18137	
19	2	   0.040853	   0.023507	     139.30	    0.62950	-9.7531e+92	-9.7531e+92	   0.015123	 0.00088699	     0.0000	  0.0047639	   -0.12064	  -0.039267	
19	3	  0.0026973	  0.0015520	     184.07	    0.24039	-9.7531e+92	-9.7531e+92	  0.0087341	 5.9268e-05	  0.0014591	 -0.0032404	 -0.0080168	   0.027218	
19	4	    0.21772	    0.12528	     119.82	    0.98008	-9.7531e+92	-9.7531e+92	   0.035288	  0.0038834	   0.029116	   0.087855	   -0.65363	   -0.59076	
19	5	    0.21833	    0.12563	     64.874	     2.5486	-9.7531e+92	-9.7531e+92	   0.040652	  0.0049675	 0.00014745	   0.015946	   -0.66796	   -0.43130	
19	6	  0.0064745	  0.0037254	     133.74	    0.71443	-9.7531e+92	-9.7531e+92	  0.0077558	 0.00014864	     0.0000	     0.0000	  -0.019941	    0.21940	
19	7	 0.00087999	 0.00050635	     154.38	    0.44913	-9.7531e+92	-9.7531e+92	  0.0043047	 2.2009e-05	     0.0000	     0.0000	 -0.0029039	    0.15016	
19	8	   0.041298	   0.023763	     80.536	     2.1117	-9.7531e+92	-9.7531e+92	  0.0062181	 0.00096085	  0.0058227	   0.011795	   -0.12752	   -0.11975	
19	9	 6.6435e-07	 3.8227e-07	     193.08	    0.20137	-9.7531e+92	-9.7531e+92	  0.0051608	 1.5612e-06	     0.0000	-0.00046729	-0.00020781	    0.16088	
19	10	 0.00042626	 0.00024527	     85.643	     1.9506	-9.7531e+92	-9.7531e+92	 9.1620e-05	 1.1330e-05	 4.9345e-05	 8.5221e-05	 -0.0014592	 -0.0011837	
19	11	 2.4889e-05	 1.4321e-05	     108.78	     1.2499	-9.7531e+92	-9.7531e+92	 7.5578e-05	 2.1849e-06	     0.0000	-2.6283e-06	-0.00028626	 0.00046280	
19	12	  0.0030825	  0.0017737	     44.530	     2.8865	-9.7531e+92	-9.7531e+92	 0.00049202	 5.2125e-05	 0.00044629	 0.00050623	 -0.0046948	 -0.0041533	
19	13	   0.093343	   0.053710	     184.51	    0.23831	-9.7531e+92	-9.7531e+92	   0.025971	  0.0020737	     0.0000	 -0.0025511	   -0.23529	   0.030523	
19	14	   0.035599	   0.020484	     166.55	    0.34505	-9.7531e+92	-9.7531e+92	   0.024192	 0.00080525	     0.0000	 -0.0011418	   -0.10038	    0.17471	
19	15	   0.011115	  0.0063957	     131.26	    0.75593	-9.7531e+92	-9.7531e+92	  0.0074024	 0.00025144	     0.0000	 -0.0017413	  -0.034317	   0.021469	
19	16	 0.00016901	 9.7251e-05	     73.024	     2.3358	-9.7531e+92	-9.7531e+92	 8.7346e-05	 5.4833e-06	 1.5534e-05	 3.5827e-05	-0.00072712	-0.00032639	
19	17	 7.8765e-12	 4.5322e-12	     187.53	    0.22442	-9.7531e+92	-9.7531e+92	 0.00058028	 1.4623e-06	 0.00033344	-0.00024223	-0.00020561	  0.0010675	
19	18	    0.21222	    0.12211	     118.15	     1.0174	-9.7531e+92	-9.7531e+92	   0.042360	  0.0047762	     0.0000	   0.038060	   -0.63011	   -0.29569	
19	19	     0.0000	     0.0000	     0.0000	     3.0000	-9.7531e+92	-9.7531e+92	    0.28818	     0.0000	    0.28792	     0.0000	     0.0000	     0.0000	
19	20	   0.089672	   0.051598	     28.400	     2.9806	-9.7531e+92	-9.7531e+92	   0.015098	  0.0020121	   0.013587	 0.00097742	   -0.26782	   -0.24786	
19	21	 6.1803e-08	 3.5561e-08	     197.71	    0.18427	-9.7531e+92	-9.7531e+92	  0.0015739	 1.5905e-06	     0.0000	 -0.0099049	-0.00020750	   0.085923	
19	22	   0.014515	  0.0083520	     93.933	     1.6868	-9.7531e+92	-9.7531e+92	  0.0031935	 0.00021586	  0.0027622	  0.0051410	  -0.031926	  -0.028363	
19	23	  0.0012603	 0.00072518	     121.29	    0.94810	-9.7531e+92	-9.7531e+92	   0.019495	 2.9923e-05	     0.0000	  -0.025192	 -0.0041327	    0.28804	
19	24	 3.1035e-07	 1.7857e-07	     150.08	    0.49393	-9.7531e+92	-9.7531e+92	 6.3547e-05	 1.6082e-06	     0.0000	-1.5033e-06	-0.00021061	  0.0017203	
20	0	   0.016251	   0.010276	     206.61	    0.15606	-9.7531e+92	-9.7531e+92	   0.028198	  0.0011223	     0.0000	 -0.0086039	   -0.12928	    0.95908	
20	1	  0.0076131	  0.0048141	     199.20	    0.17914	-9.7531e+92	-9.7531e+92	   0.011030	 0.00055852	     0.0000	 -0.0043135	  -0.067729	    0.53678	
20	2	   0.014582	  0.0092207	     139.77	    0.62284	-9.7531e+92	-9.7531e+92	  0.0080362	  0.0010722	     0.0000	  -0.014371	   -0.14187	    0.10742	
20	3	 0.00018892	 0.00011946	     185.64	    0.23299	-9.7531e+92	-9.7531e+92	  0.0026598	 1.8749e-05	     0.0000	  -0.014275	 -0.0024305	    0.10685	
20	4	   0.038033	   0.024050	     135.08	    0.69295	-9.7531e+92	-9.7531e+92	  0.0077266	  0.0027321	 0.00094387	   0.049178	   -0.37310	   -0.24246	
20	5	    0.18644	    0.11789	     39.691	     2.9273	-9.7531e+92	-9.7531e+92	   0.039114	   0.012730	     0.0000	   0.033591	    -1.8516	    -1.0473	
20	6	   0.051913	   0.032827	     111.59	     1.1762	-9.7531e+92	-9.7531e+92	   0.017764	  0.0037908	     0.0000	     0.0000	   -0.52146	    0.27474	
20	7	 0.00048311	 0.00030549	     126.68	    0.83907	-9.7531e+92	-9.7531e+92	  0.0064188	 4.0909e-05	     0.0000	     0.0000	 -0.0055491	    0.47419	
20	8	   0.013566	  0.0085782	     51.987	     2.7958	-9.7531e+92	-9.7531e+92	  0.0023724	 0.00037744	  0.0019378	 0.00011050	  -0.068454	  -0.053683	
20	9	 1.0903e-06	 6.8944e-07	     174.09	    0.29453	-9.7531e+92	-9.7531e+92	  0.0091464	 5.0501e-06	     0.0000	 -0.0015119	-0.00068822	    0.50416	
20	10	 6.3768e-05	 4.0323e-05	     74.457	     2.2947	-9.7531e+92	-9.7531e+92	 3.8226e-05	 7.8374e-06	     0.0000	 8.0949e-06	 -0.0010933	-0.00042767	
20	11	 0.00019564	 0.00012371	     83.734	     2.0113	-9.7531e+92	-9.7531e+92	 9.3939e-05	 1.9709e-05	     0.0000	 4.4096e-07	 -0.0026805	-0.00014677	
20	12	  0.0030611	  0.0019357	     45.010	     2.8817	-9.7531e+92	-9.7531e+92	 0.00051203	 0.00020435	 0.00046178	  0.0018904	  -0.028880	  -0.025507	
20	13	    0.19283	    0.12194	     165.04	    0.35635	-9.7531e+92	-9.7531e+92	   0.044091	   0.013767	     0.0000	   0.056587	    -1.6001	   -0.65464	
20	14	    0.19597	    0.12392	     147.73	    0.52061	-9.7531e+92	-9.7531e+92	   0.047767	   0.014229	     0.0000	  0.0053949	    -1.8168	   -0.79897	
20	15	  0.0048369	  0.0030586	     124.66	    0.87845	-9.7531e+92	-9.7531e+92	  0.0041735	 0.00036565	     0.0000	  -0.011260	  -0.049631	    0.12481	
20	16	 3.5973e-05	 2.2747e-05	     74.477	     2.2942	-9.7531e+92	-9.7531e+92	 3.9488e-05	 7.7886e-06	     0.0000	-2.4469e-05	 -0.0010564	 0.00020941	
20	17	 4.2028e-13	 2.6576e-13	     207.02	    0.15490	-9.7531e+92	-9.7531e+92	 0.00014256	 5.1269e-06	     0.0000	-0.00088923	-0.00069015	  0.0033980	
20	18	    0.25782	    0.16303	     90.275	     1.8027	-9.7531e+92	-9.7531e+92	   0.054930	   0.018086	     0.0000	    0.17598	    -2.5222	    -1.3298	
20	19	   0.012833	  0.0081150	     28.400	     2.9806	-9.7531e+92	-9.7531e+92	  0.0021854	 0.00082195	  0.0018981	  0.0055973	   -0.11830	   -0.10326	
20	20	     0.0000	     0.0000	     0.0000	     3.0000	-9.7531e+92	-9.7531e+92	    0.31747	     0.0000	    0.31581	     0.0000	     0.0000	     0.0000	
20	21	 1.2559e-06	 7.9414e-07	     169.84	    0.32188	-9.7531e+92	-9.7531e+92	  0.0026490	 5.1302e-06	     0.0000	  -0.032044	-0.00069427	    0.26928	
20	22	 3.9328e-05	 2.4868e-05	     116.48	     1.0560	-9.7531e+92	-9.7531e+92	 0.00028160	 7.8611e-06	     0.0000	 -0.0015026	 -0.0010738	  0.0059618	
20	23	  0.0032328	  0.0020442	     93.058	     1.7144	-9.7531e+92	-9.7531e+92	   0.025358	 0.00023117	     0.0000	  -0.075165	  -0.033555	    0.88336	
20	24	 5.3172e-07	 3.3623e-07	     121.85	    0.93617	-9.7531e+92	-9.7531e+92	 8.1802e-05	 5.1407e-06	     0.0000	-3.0525e-06	-0.00069362	  0.0053901	
21	0	   0.031482	   0.029853	     39.458	     2.9290	-9.7531e+92	-9.7531e+92	   0.027661	  0.0070828	     0.0000	-2.6137e-05	    0.15416	  -0.077678	
21	1	   0.037161	   0.035237	     57.297	     2.7081	-9.7531e+92	-9.7531e+92	   0.017633	   0.010882	     0.0000	-0.00045805	    0.28607	  -0.057784	
21	2	 2.7138e-05	 2.5733e-05	     197.19	    0.18609	-9.7531e+92	-9.7531e+92	  0.0023873	 4.1830e-05	     0.0000	  -0.034409	 0.00099833	  -0.056895	
21	3	 1.8015e-07	 1.7082e-07	     259.71	   0.064522	-9.7531e+92	-9.7531e+92	 0.00058469	 3.0207e-05	     0.0000	  -0.015856	 0.00071922	  -0.026875	
21	4	 5.5419e-08	 5.2550e-08	     253.96	   0.070430	-9.7531e+92	-9.7531e+92	 0.00051924	 3.0711e-05	     0.0000	  -0.021044	 0.00070802	  -0.022603	
21	5	 0.00026182	 0.00024827	     132.91	    0.72808	-9.7531e+92	-9.7531e+92	   0.033376	 0.00014971	     0.0000	  -0.027511	  0.0034283	   -0.14720	
21	6	  0.0013147	  0.0012467	     78.899	     2.1621	-9.7531e+92	-9.7531e+92	  0.0094641	 0.00055363	     0.0000	     0.0000	   0.014610	   -0.16997	
21	7	  0.0017866	  0.0016941	     44.967	     2.8822	-9.7531e+92	-9.7531e+92	  0.0068901	 0.00077082	     0.0000	     0.0000	   0.019651	   -0.10618	
21	8	 6.3121e-06	 5.9853e-06	     132.38	    0.73687	-9.7531e+92	-9.7531e+92	 0.00021353	 3.4928e-05	     0.0000	-0.00068054	 0.00075417	 -0.0012842	
21	9	  0.0011917	  0.0011300	     83.320	     2.0244	-9.7531e+92	-9.7531e+92	  0.0058446	 0.00051890	     0.0000	 -0.0016182	   0.013342	   -0.11263	
21	10	 1.3424e-10	 1.2729e-10	     171.26	    0.31241	-9.7531e+92	-9.7531e+92	 3.3356e-05	 3.1775e-05	     0.0000	-5.4602e-06	 0.00068931	-1.4211e-05	
21	11	 9.5826e-07	 9.0865e-07	     128.65	    0.80225	-9.7531e+92	-9.7531e+92	 0.00010710	 3.0563e-05	     0.0000	-1.1043e-05	 0.00070805	-0.00037301	
21	12	 1.4592e-12	 1.3837e-12	     187.39	    0.22505	-9.7531e+92	-9.7531e+92	 3.3447e-05	 3.1964e-05	     0.0000	-1.5111e-05	 0.00068813	-2.6746e-05	
21	13	   0.032267	   0.030596	     76.619	     2.2311	-9.7531e+92	-9.7531e+92	   0.023402	  0.0093373	     0.0000	  -0.018765	    0.30202	   -0.16244	
21	14	  0.0096288	  0.0091304	     101.18	     1.4647	-9.7531e+92	-9.7531e+92	   0.018138	  0.0040146	     0.0000	 -0.0056517	    0.10268	   -0.19574	
21	15	 4.4202e-06	 4.1914e-06	     175.65	    0.28523	-9.7531e+92	-9.7531e+92	  0.0012658	 3.2007e-05	     0.0000	  -0.016690	 0.00074208	  -0.038701	
21	16	 1.4673e-12	 1.3914e-12	     180.81	    0.25669	-9.7531e+92	-9.7531e+92	 3.3702e-05	 3.2853e-05	     0.0000	-7.0487e-05	 0.00068072	-0.00012124	
21	17	 9.9119e-13	 9.3988e-13	     326.31	   0.026229	-9.7531e+92	-9.7531e+92	 4.0411e-05	 3.3135e-05	     0.0000	-0.00097374	 0.00068017	-0.00075657	
21	18	    0.88436	    0.83858	     79.511	     2.1434	-9.7531e+92	-9.7531e+92	    0.22304	    0.40265	    0.12123	     1.0000	     9.3655	     1.6454	
21	19	 7.8839e-10	 7.4758e-10	     197.71	    0.18427	-9.7531e+92	-9.7531e+92	 8.6093e-05	 3.2534e-05	     0.0000	-0.00032489	 0.00068542	-0.00081022	
21	20	 2.0551e-07	 1.9488e-07	     169.84	    0.32188	-9.7531e+92	-9.7531e+92	 0.00060529	 3.1515e-05	     0.0000	-0.00019044	 0.00069216	 -0.0053529	
21	21	     0.0000	     0.0000	     0.0000	     3.0000	-9.7531e+92	-9.7531e+92	    0.47719	     0.0000	    0.44957	     0.0000	     0.0000	     0.0000	
21	22	 6.0583e-13	 5.7447e-13	     284.69	   0.044983	-9.7531e+92	-9.7531e+92	 4.9204e-05	 3.3002e-05	     0.0000	 -0.0017878	 0.00068205	 -0.0014275	
21	23	 0.00041909	 0.00039740	     78.648	     2.1698	-9.7531e+92	-9.7531e+92	   0.099364	 0.00021709	  0.0062487	  -0.091065	  0.0050497	   -0.20440	
21	24	 9.0528e-05	 8.5842e-05	     85.071	     1.9688	-9.7531e+92	-9.7531e+92	 0.00016990	 6.7679e-05	     0.0000	-4.5340e-06	  0.0017360	 -0.0010140	
22	0	 0.00059781	 0.00035071	     321.47	   0.027830	-9.7531e+92	-9.7531e+92	  0.0096427	 2.4477e-05	     0.0000	 -0.0053200	-0.00038276	   0.075818	
22	1	 4.4512e-05	 2.6114e-05	     312.59	   0.031097	-9.7531e+92	-9.7531e+92	  0.0036970	 4.3164e-06	     0.0000	 -0.0026561	-8.4683e-05	   0.049972	
22	2	    0.23447	    0.13755	     161.29	    0.38622	-9.7531e+92	-9.7531e+92	   0.053099	  0.0077152	   0.037348	   0.094786	   -0.22782	   -0.17490	
22	3	    0.12610	   0.073976	     164.94	    0.35711	-9.7531e+92	-9.7531e+92	   0.039782	  0.0039465	   0.032364	   0.045687	   -0.12323	  -0.095331	
22	4	    0.49929	    0.29292	     82.638	     2.0459	-9.7531e+92	-9.7531e+92	   0.085360	  0.0067339	   0.079067	    0.11334	   -0.55623	   -0.48337	
22	5	  0.0034661	  0.0020334	     151.89	    0.47454	-9.7531e+92	-9.7531e+92	  0.0056086	 0.00013900	     0.0000	  -0.013276	 -0.0036231	   0.060389	
22	6	 6.9554e-05	 4.0805e-05	     216.08	    0.13159	-9.7531e+92	-9.7531e+92	  0.0040589	 5.2679e-06	     0.0000	     0.0000	-0.00013765	   0.072698	
22	7	 1.5097e-06	 8.8572e-07	     241.36	   0.085874	-9.7531e+92	-9.7531e+92	  0.0020128	 2.7097e-06	     0.0000	     0.0000	-6.9842e-05	   0.046945	
22	8	 6.3624e-05	 3.7326e-05	     168.70	    0.32968	-9.7531e+92	-9.7531e+92	 0.00033642	 5.3024e-06	     0.0000	-0.00031209	-0.00013838	 0.00052080	
22	9	 1.2545e-12	 7.3596e-13	     266.14	   0.058633	-9.7531e+92	-9.7531e+92	  0.0034374	 2.6327e-06	     0.0000	-0.00083668	-6.8907e-05	   0.049684	
22	10	 4.9430e-12	 2.8999e-12	     176.66	    0.27933	-9.7531e+92	-9.7531e+92	 2.3419e-05	 2.7294e-06	     0.0000	-2.7573e-06	-7.1771e-05	 6.4430e-06	
22	11	 1.4926e-12	 8.7563e-13	     200.45	    0.17499	-9.7531e+92	-9.7531e+92	 2.6444e-05	 2.7340e-06	     0.0000	-5.6133e-06	-7.1788e-05	 0.00016948	
22	12	 0.00033309	 0.00019541	     131.16	    0.75767	-9.7531e+92	-9.7531e+92	 9.2819e-05	 1.6009e-05	 4.6193e-05	 0.00018662	-0.00041699	-0.00030202	
22	13	  0.0038345	  0.0022496	     260.15	   0.064098	-9.7531e+92	-9.7531e+92	   0.015104	 0.00014831	     0.0000	  -0.036849	 -0.0025526	   0.059057	
22	14	   0.012982	  0.0076163	     227.39	    0.10817	-9.7531e+92	-9.7531e+92	   0.019962	 0.00049739	     0.0000	 -0.0026189	  -0.011219	   0.065678	
22	15	  0.0081024	  0.0047534	     163.21	    0.37056	-9.7531e+92	-9.7531e+92	   0.016749	 0.00029139	  0.0059003	 -0.0033096	 -0.0081255	  0.0091587	
22	16	 0.00053612	 0.00031453	     106.73	     1.3057	-9.7531e+92	-9.7531e+92	 0.00021238	 2.2993e-05	 0.00013917	 0.00024105	-0.00061685	-0.00044184	
22	17	   0.010855	  0.0063681	     106.10	     1.3231	-9.7531e+92	-9.7531e+92	  0.0029612	 0.00029827	  0.0027096	  0.0072212	 -0.0020051	-0.00087069	
22	18	  0.0035881	  0.0021050	     205.13	    0.16037	-9.7531e+92	-9.7531e+92	  0.0082433	 0.00014161	     0.0000	  -0.067652	 -0.0034928	   0.087077	
22	19	   0.083431	   0.048946	     93.933	     1.6868	-9.7531e+92	-9.7531e+92	   0.012751	  0.0029683	   0.012485	   0.018628	  -0.069018	  -0.060155	
22	20	   0.012243	  0.0071825	     116.48	     1.0560	-9.7531e+92	-9.7531e+92	  0.0026215	 0.00049182	  0.0010804	 0.00031257	  -0.012895	 -0.0090193	
22	21	 7.9652e-14	 4.6729e-14	     284.69	   0.044983	-9.7531e+92	-9.7531e+92	 0.00089682	 2.7224e-06	     0.0000	  -0.017734	-7.0043e-05	   0.026745	
22	22	     0.0000	     0.0000	     0.0000	     3.0000	-9.7531e+92	-9.7531e+92	    0.29611	     0.0000	    0.29567	     0.0000	     0.0000	     0.0000	
22	23	 4.0636e-08	 2.3840e-08	     209.07	    0.14920	-9.7531e+92	-9.7531e+92	  0.0037867	 2.5907e-06	     0.0000	  -0.046260	-7.0779e-05	   0.091339	
22	24	 3.6217e-12	 2.1247e-12	     237.89	   0.090842	-9.7531e+92	-9.7531e+92	 3.5797e-05	 2.7355e-06	     0.0000	-2.7204e-06	-7.1611e-05	 0.00054170	
23	0	   0.072541	   0.050608	     119.13	    0.99543	-9.7531e+92	-9.7531e+92	   0.033951	   0.049685	     0.0000	  -0.017115	   -0.25760	   -0.19174	
23	1	   0.023704	   0.016537	     132.72	    0.73117	-9.7531e+92	-9.7531e+92	   0.014819	   0.018468	     0.0000	  -0.011334	   -0.10262	  -0.099120	
23	2	 0.00056626	 0.00039505	     168.40	    0.33177	-9.7531e+92	-9.7531e+92	  0.0059814	 0.00056233	     0.0000	   -0.10777	 -0.0033910	  -0.037205	
23	3	 1.2692e-06	 8.8547e-07	     228.38	    0.10637	-9.7531e+92	-9.7531e+92	  0.0014548	 6.0939e-05	     0.0000	  -0.050677	-0.00032720	  -0.019217	
23	4	 3.3268e-06	 2.3209e-06	     212.30	    0.14074	-9.7531e+92	-9.7531e+92	  0.0013181	 6.4158e-05	     0.0000	  -0.067242	-0.00039138	  -0.014455	
23	5	    0.65745	    0.45867	     65.633	     2.5304	-9.7531e+92	-9.7531e+92	    0.12110	    0.54919	   0.071986	    0.73546	    -3.9835	    0.67479	
23	6	   0.013008	  0.0090752	     73.330	     2.3271	-9.7531e+92	-9.7531e+92	   0.015374	   0.010851	     0.0000	     0.0000	  -0.080159	  -0.083255	
23	7	   0.014998	   0.010463	     58.677	     2.6821	-9.7531e+92	-9.7531e+92	   0.011623	   0.012024	     0.0000	     0.0000	  -0.088910	  -0.043627	
23	8	  0.0016174	  0.0011284	     54.810	     2.7517	-9.7531e+92	-9.7531e+92	 0.00063120	  0.0014414	 0.00015173	  0.0035199	 -0.0096914	  0.0010371	
23	9	 0.00042836	 0.00029885	     121.73	    0.93874	-9.7531e+92	-9.7531e+92	  0.0081061	 0.00043160	     0.0000	 -0.0052458	 -0.0031832	  -0.062083	
23	10	 1.3176e-05	 9.1923e-06	     95.614	     1.6342	-9.7531e+92	-9.7531e+92	 2.8669e-05	 6.5242e-05	     0.0000	 1.6257e-05	-0.00041576	 6.3760e-06	
23	11	  0.0012616	 0.00088014	     53.605	     2.7712	-9.7531e+92	-9.7531e+92	 0.00029316	  0.0010646	 0.00012134	 0.00021332	 -0.0069140	  0.0010949	
23	12	 4.4738e-06	 3.1212e-06	     109.85	     1.2215	-9.7531e+92	-9.7531e+92	 2.9119e-05	 6.4337e-05	     0.0000	-3.1468e-05	-0.00045595	-8.3938e-06	
23	13	   0.090089	   0.062851	     113.01	     1.1402	-9.7531e+92	-9.7531e+92	   0.031318	   0.070854	     0.0000	  -0.036279	   -0.16642	  -0.035861	
23	14	   0.016632	   0.011603	     114.84	     1.0952	-9.7531e+92	-9.7531e+92	   0.038767	   0.012580	     0.0000	  -0.016677	  -0.092411	   -0.14078	
23	15	 2.0323e-05	 1.4179e-05	     149.47	    0.50076	-9.7531e+92	-9.7531e+92	  0.0029910	 7.8211e-05	     0.0000	  -0.053301	-0.00056200	  -0.021203	
23	16	 3.1319e-09	 2.1850e-09	     136.77	    0.66684	-9.7531e+92	-9.7531e+92	 2.8504e-05	 6.2671e-05	     0.0000	-0.00022529	-0.00045947	-5.7470e-05	
23	17	 1.5398e-12	 1.0742e-12	     284.58	   0.045056	-9.7531e+92	-9.7531e+92	 4.5263e-05	 6.6302e-05	     0.0000	 -0.0031124	-0.00049783	-0.00036865	
23	18	    0.10264	   0.071606	     36.898	     2.9454	-9.7531e+92	-9.7531e+92	   0.036980	   0.030658	     0.0000	-1.6985e-05	   -0.83807	  0.0010471	
23	19	 1.1443e-05	 7.9832e-06	     121.29	    0.94810	-9.7531e+92	-9.7531e+92	 0.00020322	 6.8632e-05	     0.0000	 -0.0010078	-0.00047493	-0.00039122	
23	20	 0.00010975	 7.6568e-05	     93.058	     1.7144	-9.7531e+92	-9.7531e+92	  0.0020236	 0.00014775	 0.00019090	-0.00058270	 -0.0010244	 -0.0025683	
23	21	  0.0035643	  0.0024866	     78.648	     2.1698	-9.7531e+92	-9.7531e+92	  0.0038180	  0.0021284	     0.0000	     0.0000	  -0.012976	  -0.033713	
23	22	 2.4226e-12	 1.6901e-12	     209.07	    0.14920	-9.7531e+92	-9.7531e+92	 6.6136e-05	 6.5648e-05	     0.0000	 -0.0057144	-0.00048475	-0.00071126	
23	23	     0.0000	     0.0000	     0.0000	     3.0000	-9.7531e+92	-9.7531e+92	    0.36631	     0.0000	    0.29780	     0.0000	     0.0000	     0.0000	
23	24	  0.0013338	 0.00093052	     40.708	     2.9198	-9.7531e+92	-9.7531e+92	 0.00031995	  0.0011126	     0.0000	 2.2558e-05	 -0.0073711	 0.00077341	
24	0	    0.19153	   0.088147	     123.34	    0.90511	-9.7531e+92	-9.7531e+92	   0.040520	 0.00088938	     0.0000	 1.3062e-05	  -0.012949	 -0.0022344	
24	1	    0.10945	   0.050371	     142.19	    0.58963	-9.7531e+92	-9.7531e+92	   0.019684	 0.00082783	     0.0000	 2.6934e-05	  0.0029092	 -0.0015179	
24	2	 0.00012379	 5.6971e-05	     210.29	    0.14595	-9.7531e+92	-9.7531e+92	  0.0015088	 1.6060e-06	     0.0000	-0.00037837	 3.7359e-06	  0.0013138	
24	3	 6.8677e-07	 3.1606e-07	     270.69	   0.054855	-9.7531e+92	-9.7531e+92	 0.00034224	 5.7502e-07	     0.0000	-0.00017498	 1.6036e-06	 0.00060550	
24	4	 9.2608e-07	 4.2620e-07	     253.16	   0.071301	-9.7531e+92	-9.7531e+92	 0.00028970	 5.8604e-07	     0.0000	-0.00023222	 1.2008e-06	 0.00053225	
24	5	   0.016711	  0.0076909	     106.34	     1.3165	-9.7531e+92	-9.7531e+92	   0.010206	 0.00014572	     0.0000	-0.00023245	 0.00018911	  0.0027932	
24	6	   0.027827	   0.012807	     108.13	     1.2674	-9.7531e+92	-9.7531e+92	   0.011963	 0.00022234	     0.0000	     0.0000	 0.00037993	  0.0027932	
24	7	   0.037137	   0.017091	     84.614	     1.9834	-9.7531e+92	-9.7531e+92	   0.010215	 0.00029485	     0.0000	     0.0000	 0.00077365	 0.00078911	
24	8	  0.0045028	  0.0020723	     77.960	     2.1908	-9.7531e+92	-9.7531e+92	 0.00059525	 4.0640e-05	 0.00027896	 4.7134e-05	 0.00012554	-0.00020611	
24	9	 0.00079297	 0.00036494	     149.07	    0.50520	-9.7531e+92	-9.7531e+92	  0.0065368	 7.0456e-06	     0.0000	-1.7991e-05	 1.0404e-05	  0.0028195	
24	10	 0.00049831	 0.00022933	     102.71	     1.4197	-9.7531e+92	-9.7531e+92	 7.3794e-05	 5.0585e-06	 3.9982e-05	 4.2840e-06	 9.5701e-06	-2.6296e-05	
24	11	  0.0020601	 0.00094811	     56.094	     2.7297	-9.7531e+92	-9.7531e+92	 0.00027335	 1.7411e-05	 0.00016000	 6.0738e-07	 0.00021218	 2.7177e-05	
24	12	 8.9398e-06	 4.1143e-06	     132.31	    0.73810	-9.7531e+92	-9.7531e+92	 1.7851e-05	 6.8566e-07	     0.0000	-4.9792e-08	 7.1558e-07	 2.0857e-07	
24	13	    0.17711	   0.081507	     142.21	    0.58941	-9.7531e+92	-9.7531e+92	   0.030667	  0.0010030	     0.0000	 0.00024172	  0.0022517	 -0.0028789	
24	14	   0.043549	   0.020042	     150.00	    0.49487	-9.7531e+92	-9.7531e+92	   0.013590	 0.00035032	     0.0000	-3.9162e-05	  0.0010922	  0.0026630	
24	15	 2.8204e-06	 1.2980e-06	     189.75	    0.21485	-9.7531e+92	-9.7531e+92	 0.00087186	 5.9464e-07	     0.0000	-0.00018421	 7.4946e-07	 0.00095918	
24	16	 4.4009e-12	 2.0254e-12	     177.80	    0.27291	-9.7531e+92	-9.7531e+92	 1.6632e-05	 6.2107e-07	     0.0000	-7.7791e-07	 2.6614e-07	 3.1261e-06	
24	17	 4.8282e-13	 2.2221e-13	     325.25	   0.026569	-9.7531e+92	-9.7531e+92	 2.0259e-05	 6.2503e-07	     0.0000	-1.0746e-05	 2.6333e-07	 1.9373e-05	
24	18	    0.32796	    0.15093	     74.739	     2.2865	-9.7531e+92	-9.7531e+92	   0.049272	  0.0027374	     0.0000	  0.0031320	  0.0052422	  -0.010963	
24	19	 2.5374e-05	 1.1678e-05	     150.08	    0.49393	-9.7531e+92	-9.7531e+92	 3.8609e-05	 8.4575e-07	     0.0000	-3.3512e-06	 6.5325e-07	 1.9286e-05	
24	20	 0.00052847	 0.00024321	     121.85	    0.93617	-9.7531e+92	-9.7531e+92	 0.00038551	 5.3011e-06	     0.0000	-1.6688e-06	 4.8553e-06	 0.00010803	
24	21	   0.046360	   0.021336	     85.071	     1.9688	-9.7531e+92	-9.7531e+92	  0.0091266	 0.00041931	     0.0000	 0.00022928	 0.00052071	-0.00090715	
24	22	 2.3018e-12	 1.0593e-12	     237.89	   0.090842	-9.7531e+92	-9.7531e+92	 2.5027e-05	 6.2215e-07	     0.0000	-1.9731e-05	 3.3303e-07	 3.6342e-05	
24	23	   0.013822	  0.0063611	     40.708	     2.9198	-9.7531e+92	-9.7531e+92	   0.023742	 0.00011675	     0.0000	-0.00086680	 0.00030420	  0.0044740	
24	24	     0.0000	     0.0000	     0.0000	     3.0000	-9.7531e+92	-9.7531e+92	    0.23019	     0.0000	    0.22990	     0.0000	     0.0000	     0.0000	
