#source	Target	value	weight	distance	potential1	geneCorrelation	separation	influenceWeight	betweenness	influence'Weight	betweenness'	nbetweenness	nbetweenness'	
0	0	     0.0000	     0.0000	     0.0000	     3.0000	-9.7531e+92	-9.7531e+92	     2.4170	     0.0000	     2.0100	     0.0000	     0.0000	     0.0000	
0	1	    0.13556	    0.62721	     35.562	     2.9528	-9.7531e+92	-9.7531e+92	    0.25554	    0.15508	     0.0000	    0.17465	   -0.42141	  -0.032482	
0	2	 0.00044761	  0.0020710	     211.35	    0.14318	-9.7531e+92	-9.7531e+92	   0.069635	 0.00060132	     0.0000	   -0.13735	 -0.0016920	   0.038194	
0	3	 1.5334e-05	 7.0950e-05	     273.88	   0.052386	-9.7531e+92	-9.7531e+92	   0.022642	 9.9481e-05	     0.0000	   -0.14482	-0.00020324	   0.014855	
0	4	 7.6755e-07	 3.5513e-06	     281.58	   0.046977	-9.7531e+92	-9.7531e+92	   0.012723	 8.0140e-05	     0.0000	   -0.13869	-0.00022317	   0.017542	
0	5	 0.00089346	  0.0041339	     169.69	    0.32292	-9.7531e+92	-9.7531e+92	   0.036537	 0.00061234	     0.0000	     0.0000	 -0.0028088	     0.0000	
0	6	   0.040746	    0.18853	     105.31	     1.3454	-9.7531e+92	-9.7531e+92	    0.14817	   0.049480	     0.0000	   -0.12675	   -0.16947	   0.019628	
0	7	   0.054758	    0.25336	     80.265	     2.1201	-9.7531e+92	-9.7531e+92	    0.14793	   0.062372	     0.0000	  -0.038493	   -0.22573	  0.0096819	
0	8	 9.3953e-05	 0.00043471	     172.11	    0.30693	-9.7531e+92	-9.7531e+92	   0.020439	 0.00018027	     0.0000	  -0.011294	-0.00061903	   0.012814	
0	9	    0.38938	     1.8016	     86.890	     1.9108	-9.7531e+92	-9.7531e+92	    0.57093	    0.39376	   0.061953	     0.0000	    -1.5255	   -0.21992	
0	10	 3.1997e-13	 1.4804e-12	     210.64	    0.14503	-9.7531e+92	-9.7531e+92	 0.00035882	 8.1068e-05	     0.0000	 -0.0010353	-0.00027604	 0.00027439	
0	11	 2.8105e-07	 1.3004e-06	     167.10	    0.34103	-9.7531e+92	-9.7531e+92	 0.00043571	 7.8289e-05	     0.0000	-0.00023140	-0.00026145	 0.00036241	
0	12	 6.8818e-13	 3.1841e-12	     226.76	    0.10933	-9.7531e+92	-9.7531e+92	 0.00026729	 8.0633e-05	     0.0000	-0.00071627	-0.00027159	 0.00016583	
0	13	    0.13364	    0.61834	     86.013	     1.9388	-9.7531e+92	-9.7531e+92	    0.26946	    0.13931	     0.0000	   0.027949	   -0.46612	  -0.015297	
0	14	    0.16073	    0.74366	     114.85	     1.0949	-9.7531e+92	-9.7531e+92	    0.30961	    0.17002	     0.0000	   0.033759	   -0.60453	  -0.031866	
0	15	 0.00011732	 0.00054283	     189.51	    0.21584	-9.7531e+92	-9.7531e+92	   0.019191	 0.00022774	     0.0000	  -0.034052	-0.00077744	   0.018546	
0	16	 6.4521e-15	 2.9853e-14	     217.18	    0.12904	-9.7531e+92	-9.7531e+92	 0.00029113	 8.7198e-05	     0.0000	 -0.0013172	-0.00031969	 0.00035705	
0	17	 9.7307e-13	 4.5023e-12	     353.56	   0.019078	-9.7531e+92	-9.7531e+92	  0.0010299	 8.9093e-05	     0.0000	  -0.028298	-0.00032623	  0.0031249	
0	18	   0.056453	    0.26120	     116.29	     1.0606	-9.7531e+92	-9.7531e+92	    0.20834	   0.054703	     0.0000	  -0.028755	   -0.25138	   0.039116	
0	19	 2.4810e-13	 1.1479e-12	     234.49	   0.096052	-9.7531e+92	-9.7531e+92	 0.00065694	 8.0882e-05	     0.0000	 -0.0032982	-0.00027542	 0.00085125	
0	20	 1.8623e-13	 8.6164e-13	     206.61	    0.15606	-9.7531e+92	-9.7531e+92	  0.0025424	 8.0529e-05	     0.0000	-0.00049381	-0.00027929	  0.0029277	
0	21	   0.025311	    0.11711	     39.458	     2.9290	-9.7531e+92	-9.7531e+92	   0.048771	   0.030796	     0.0000	   0.018557	   -0.10529	 -0.0054098	
0	22	 3.2817e-13	 1.5184e-12	     321.47	   0.027830	-9.7531e+92	-9.7531e+92	 0.00069029	 8.8175e-05	     0.0000	  -0.017618	-0.00031184	  0.0021058	
0	23	  0.0012690	  0.0058714	     119.13	    0.99543	-9.7531e+92	-9.7531e+92	   0.062077	  0.0015271	     0.0000	  -0.016261	 -0.0050408	   0.044841	
0	24	 0.00058415	  0.0027028	     123.34	    0.90511	-9.7531e+92	-9.7531e+92	  0.0011446	 0.00070913	     0.0000	 2.2004e-05	 -0.0019763	-0.00017567	
1	0	   0.031241	    0.12710	     35.562	     2.9528	-9.7531e+92	-9.7531e+92	    0.10915	   0.020462	     0.0000	-0.00016831	   0.042402	  0.0026626	
1	1	     0.0000	     0.0000	     0.0000	     3.0000	-9.7531e+92	-9.7531e+92	     2.1036	     0.0000	     1.8359	     0.0000	     0.0000	     0.0000	
1	2	 0.00094353	  0.0038388	     184.62	    0.23778	-9.7531e+92	-9.7531e+92	   0.036708	 0.00093985	     0.0000	-0.00085178	  0.0040256	  0.0032048	
1	3	 7.4805e-05	 0.00030435	     244.14	   0.082134	-9.7531e+92	-9.7531e+92	   0.010227	 0.00013639	     0.0000	-0.00090331	 0.00062723	  0.0014309	
1	4	 5.7826e-07	 2.3527e-06	     272.02	   0.053810	-9.7531e+92	-9.7531e+92	  0.0065491	 6.5209e-05	     0.0000	-0.00086684	 0.00027852	  0.0014371	
1	5	 0.00035355	  0.0014384	     161.91	    0.38106	-9.7531e+92	-9.7531e+92	   0.032938	 0.00036824	     0.0000	 -0.0010619	  0.0015618	  0.0023388	
1	6	    0.47200	     1.9204	     96.519	     1.6061	-9.7531e+92	-9.7531e+92	    0.52130	    0.46305	    0.25756	   0.013373	     1.7278	  -0.022256	
1	7	    0.23975	    0.97545	     75.481	     2.2648	-9.7531e+92	-9.7531e+92	    0.30249	    0.21668	   0.030357	  0.0034147	    0.90247	 -0.0093857	
1	8	 2.0915e-06	 8.5094e-06	     184.58	    0.23797	-9.7531e+92	-9.7531e+92	   0.011785	 6.8849e-05	     0.0000	-0.00026132	 0.00024120	 0.00084268	
1	9	    0.18615	    0.75738	     55.376	     2.7421	-9.7531e+92	-9.7531e+92	    0.25640	    0.14071	     0.0000	     0.0000	    0.74065	 -0.0041180	
1	10	 4.1151e-16	 1.6743e-15	     228.04	    0.10699	-9.7531e+92	-9.7531e+92	 0.00025822	 6.9577e-05	     0.0000	-8.5505e-06	 0.00022435	 1.7419e-05	
1	11	 1.8866e-13	 7.6758e-13	     185.20	    0.23505	-9.7531e+92	-9.7531e+92	 0.00045968	 6.7763e-05	     0.0000	-5.3921e-06	 0.00023140	 2.3115e-05	
1	12	 1.0148e-14	 4.1287e-14	     231.78	    0.10046	-9.7531e+92	-9.7531e+92	 0.00020687	 7.0095e-05	     0.0000	-6.2372e-06	 0.00022187	 1.0534e-05	
1	13	   0.025750	    0.10477	     57.043	     2.7128	-9.7531e+92	-9.7531e+92	    0.11977	   0.019563	     0.0000	-0.00035387	   0.069542	  0.0034197	
1	14	   0.027737	    0.11285	     88.839	     1.8485	-9.7531e+92	-9.7531e+92	    0.12466	   0.022749	     0.0000	-0.00023830	   0.088606	  0.0034483	
1	15	 0.00026874	  0.0010934	     167.83	    0.33581	-9.7531e+92	-9.7531e+92	  0.0093709	 0.00032903	     0.0000	-0.00021145	  0.0012138	  0.0012631	
1	16	 6.0382e-14	 2.4567e-13	     207.46	    0.15366	-9.7531e+92	-9.7531e+92	 0.00020500	 7.0226e-05	     0.0000	-8.2324e-06	 0.00021752	 2.2444e-05	
1	17	 3.1199e-14	 1.2693e-13	     342.57	   0.021626	-9.7531e+92	-9.7531e+92	 0.00057593	 7.1289e-05	     0.0000	-0.00017686	 0.00021391	 0.00019999	
1	18	   0.012787	   0.052025	     111.77	     1.1715	-9.7531e+92	-9.7531e+92	    0.19273	   0.010749	     0.0000	-0.00074172	   0.044552	  0.0054385	
1	19	 5.8170e-15	 2.3667e-14	     226.57	    0.10968	-9.7531e+92	-9.7531e+92	 0.00047985	 7.0122e-05	     0.0000	-2.9090e-05	 0.00022525	 5.5154e-05	
1	20	 3.4537e-08	 1.4052e-07	     199.20	    0.17914	-9.7531e+92	-9.7531e+92	  0.0023576	 6.8216e-05	     0.0000	-1.9168e-05	 0.00023088	 0.00019021	
1	21	  0.0027513	   0.011194	     57.297	     2.7081	-9.7531e+92	-9.7531e+92	   0.018770	  0.0026726	     0.0000	-0.00029387	   0.011006	 0.00089456	
1	22	 1.6289e-14	 6.6271e-14	     312.59	   0.031097	-9.7531e+92	-9.7531e+92	 0.00041363	 7.1501e-05	     0.0000	-0.00011012	 0.00021892	 0.00013650	
1	23	 0.00016934	 0.00068899	     132.72	    0.73117	-9.7531e+92	-9.7531e+92	    0.20629	 0.00022536	     0.0000	-0.00010379	 0.00087875	  0.0029453	
1	24	 7.7025e-06	 3.1338e-05	     142.19	    0.58963	-9.7531e+92	-9.7531e+92	 0.00049429	 6.4210e-05	     0.0000	     0.0000	 0.00036055	     0.0000	
2	0	  0.0034256	  0.0098670	     211.35	    0.14318	-9.7531e+92	-9.7531e+92	   0.056667	  0.0049961	     0.0000	  -0.051162	   0.019787	   -0.14427	
2	1	  0.0040626	   0.011702	     184.62	    0.23778	-9.7531e+92	-9.7531e+92	   0.044316	  0.0063568	     0.0000	   -0.19740	   0.023703	   -0.10309	
2	2	     0.0000	     0.0000	     0.0000	     3.0000	-9.7531e+92	-9.7531e+92	     1.5184	     0.0000	     1.3333	     0.0000	     0.0000	     0.0000	
2	3	    0.10780	    0.31051	     63.167	     2.5880	-9.7531e+92	-9.7531e+92	    0.12324	    0.10204	   0.038512	    0.17196	    0.16246	   0.041880	
2	4	    0.21204	    0.61075	     91.235	     1.7721	-9.7531e+92	-9.7531e+92	    0.18871	    0.21960	    0.10754	    0.60585	    0.63311	    0.22973	
2	5	   0.029437	   0.084788	     120.45	    0.96633	-9.7531e+92	-9.7531e+92	   0.050647	   0.044462	     0.0000	  -0.070708	    0.11554	  -0.020849	
2	6	   0.055840	    0.16084	     118.53	     1.0087	-9.7531e+92	-9.7531e+92	   0.071555	   0.086927	     0.0000	  -0.060497	    0.20689	  -0.013224	
2	7	  0.0011728	  0.0033779	     153.12	    0.46179	-9.7531e+92	-9.7531e+92	   0.030389	  0.0018571	     0.0000	   -0.26515	  0.0047381	  -0.097068	
2	8	 1.1009e-05	 3.1711e-05	     174.51	    0.29198	-9.7531e+92	-9.7531e+92	  0.0093513	 0.00012124	     0.0000	  -0.053295	 0.00027844	  -0.022043	
2	9	    0.16165	    0.46560	     133.64	    0.71608	-9.7531e+92	-9.7531e+92	    0.18299	    0.22494	     0.0000	     0.0000	    0.63183	   0.076277	
2	10	 3.2479e-13	 9.3551e-13	     213.20	    0.13850	-9.7531e+92	-9.7531e+92	 0.00019196	 0.00010627	     0.0000	 -0.0017479	 0.00022973	-0.00044387	
2	11	 1.3315e-12	 3.8353e-12	     197.83	    0.18388	-9.7531e+92	-9.7531e+92	 0.00023987	 0.00010548	     0.0000	 -0.0011045	 0.00022923	-0.00059124	
2	12	 2.6849e-13	 7.7335e-13	     181.48	    0.25322	-9.7531e+92	-9.7531e+92	 0.00015503	 0.00010514	     0.0000	 -0.0012728	 0.00024127	-0.00026856	
2	13	    0.16042	    0.46206	     127.66	    0.82064	-9.7531e+92	-9.7531e+92	    0.18439	    0.16376	     0.0000	   0.023548	    0.23116	   0.060346	
2	14	   0.084670	    0.24388	     97.273	     1.5829	-9.7531e+92	-9.7531e+92	    0.13217	    0.10397	     0.0000	 -0.0090018	    0.30618	  -0.022345	
2	15	   0.085075	    0.24505	     21.827	     2.9932	-9.7531e+92	-9.7531e+92	   0.094565	    0.10513	   0.026633	   0.071492	    0.36801	   0.091830	
2	16	  0.0016171	  0.0046579	     68.097	     2.4691	-9.7531e+92	-9.7531e+92	  0.0022095	  0.0021931	 0.00086891	  0.0032686	  0.0089076	  0.0021826	
2	17	 2.0412e-06	 5.8795e-06	     160.64	    0.39167	-9.7531e+92	-9.7531e+92	   0.011349	 8.5311e-05	 0.00084311	  -0.024253	 0.00034312	 -0.0058643	
2	18	   0.092336	    0.26596	     137.27	    0.65930	-9.7531e+92	-9.7531e+92	    0.12720	    0.12627	     0.0000	  -0.038697	    0.39721	  -0.042745	
2	19	 0.00010321	 0.00029728	     139.30	    0.62950	-9.7531e+92	-9.7531e+92	  0.0012019	 0.00025671	     0.0000	 -0.0052366	 0.00066373	 -0.0012836	
2	20	 0.00030252	 0.00087136	     139.77	    0.62284	-9.7531e+92	-9.7531e+92	  0.0024738	 0.00050557	     0.0000	 -0.0035669	  0.0017105	 -0.0045152	
2	21	 1.0989e-07	 3.1652e-07	     197.19	    0.18609	-9.7531e+92	-9.7531e+92	   0.010179	 0.00010475	     0.0000	  -0.070168	 0.00023608	  -0.027360	
2	22	 3.1229e-05	 8.9951e-05	     161.29	    0.38622	-9.7531e+92	-9.7531e+92	  0.0077896	 0.00012690	 0.00052062	  -0.016988	 0.00045607	 -0.0035008	
2	23	 7.0391e-06	 2.0275e-05	     168.40	    0.33177	-9.7531e+92	-9.7531e+92	   0.029372	 0.00011194	     0.0000	  -0.021244	 0.00026234	  -0.076204	
2	24	 2.0333e-13	 5.8566e-13	     210.29	    0.14595	-9.7531e+92	-9.7531e+92	 0.00027437	 0.00010536	     0.0000	-5.3601e-05	 0.00022712	-0.00054802	
3	0	 0.00033301	  0.0012360	     273.88	   0.052386	-9.7531e+92	-9.7531e+92	   0.047291	 0.00030319	     0.0000	  -0.094695	-6.1753e-05	    0.10841	
3	1	  0.0057100	   0.021193	     244.14	   0.082134	-9.7531e+92	-9.7531e+92	   0.038368	  0.0046140	     0.0000	   -0.34309	 -0.0014553	   0.082896	
3	2	    0.22967	    0.85242	     63.167	     2.5880	-9.7531e+92	-9.7531e+92	    0.31766	    0.12909	   0.079030	    0.27326	   -0.49898	   -0.35127	
3	3	     0.0000	     0.0000	     0.0000	     3.0000	-9.7531e+92	-9.7531e+92	     1.9531	     0.0000	     1.8439	     0.0000	     0.0000	     0.0000	
3	4	    0.28393	     1.0538	     82.606	     2.0469	-9.7531e+92	-9.7531e+92	    0.33800	    0.11455	    0.23342	    0.59703	   -0.94714	   -0.86442	
3	5	   0.018407	   0.068318	     167.87	    0.33554	-9.7531e+92	-9.7531e+92	   0.055502	   0.014818	     0.0000	   -0.22512	  -0.030885	   0.053255	
3	6	  0.0017180	  0.0063763	     180.81	    0.25667	-9.7531e+92	-9.7531e+92	   0.039688	  0.0014416	     0.0000	   -0.75578	 -0.0031960	    0.13761	
3	7	 1.6912e-05	 6.2769e-05	     215.68	    0.13250	-9.7531e+92	-9.7531e+92	   0.025066	 6.6186e-05	     0.0000	   -0.48178	-0.00014296	    0.14295	
3	8	 3.6823e-12	 1.3667e-11	     221.29	    0.12010	-9.7531e+92	-9.7531e+92	   0.011601	 5.3790e-05	     0.0000	  -0.095233	-0.00012613	   0.034345	
3	9	  0.0012334	  0.0045778	     191.41	    0.20802	-9.7531e+92	-9.7531e+92	   0.084786	 0.00096038	     0.0000	     0.0000	 -0.0021476	    0.23071	
3	10	 9.1914e-12	 3.4114e-11	     258.79	   0.065432	-9.7531e+92	-9.7531e+92	 0.00024167	 5.5457e-05	     0.0000	 -0.0031211	-0.00013878	 0.00072686	
3	11	 3.2099e-12	 1.1914e-11	     244.71	   0.081388	-9.7531e+92	-9.7531e+92	 0.00026499	 5.5195e-05	     0.0000	 -0.0019722	-0.00013702	 0.00096139	
3	12	 1.7010e-12	 6.3133e-12	     227.10	    0.10870	-9.7531e+92	-9.7531e+92	 0.00019676	 5.5089e-05	     0.0000	 -0.0022727	-0.00013626	 0.00043934	
3	13	   0.082826	    0.30741	     188.65	    0.21955	-9.7531e+92	-9.7531e+92	    0.17279	   0.059194	     0.0000	  -0.025379	  -0.041944	   0.019607	
3	14	    0.10267	    0.38105	     161.01	    0.38854	-9.7531e+92	-9.7531e+92	    0.18219	   0.063746	     0.0000	  0.0048778	   -0.19671	 -0.0067990	
3	15	    0.23127	    0.85835	     84.108	     1.9994	-9.7531e+92	-9.7531e+92	    0.26362	    0.14497	    0.17609	    0.14832	   -0.29966	   -0.40612	
3	16	  0.0020562	  0.0076316	     111.94	     1.1671	-9.7531e+92	-9.7531e+92	  0.0037619	  0.0014247	  0.0020344	  0.0053392	 -0.0015631	 -0.0029353	
3	17	   0.015994	   0.059362	     122.41	    0.92444	-9.7531e+92	-9.7531e+92	   0.034122	  0.0081015	   0.020585	   0.061858	   0.013609	 -0.0013074	
3	18	   0.023462	   0.087079	     199.21	    0.17912	-9.7531e+92	-9.7531e+92	   0.098082	   0.017703	     0.0000	   -0.24477	  -0.023907	    0.16657	
3	19	 3.0224e-05	 0.00011218	     184.07	    0.24039	-9.7531e+92	-9.7531e+92	  0.0018695	 7.5677e-05	     0.0000	 -0.0098315	-0.00016680	  0.0021948	
3	20	 3.5780e-06	 1.3280e-05	     185.64	    0.23299	-9.7531e+92	-9.7531e+92	  0.0027513	 5.4531e-05	     0.0000	 -0.0069773	-0.00012504	  0.0077812	
3	21	 9.4312e-14	 3.5004e-13	     259.71	   0.064522	-9.7531e+92	-9.7531e+92	  0.0082639	 5.4064e-05	     0.0000	   -0.12529	-0.00012722	   0.042707	
3	22	 0.00067496	  0.0025051	     164.94	    0.35711	-9.7531e+92	-9.7531e+92	   0.014974	 0.00041391	  0.0056070	  -0.010681	-5.7196e-05	  0.0017374	
3	23	 1.4782e-12	 5.4863e-12	     228.38	    0.10637	-9.7531e+92	-9.7531e+92	   0.016740	 5.3671e-05	     0.0000	  -0.037940	-0.00013248	    0.12199	
3	24	 1.2642e-12	 4.6922e-12	     270.69	   0.054855	-9.7531e+92	-9.7531e+92	 0.00026150	 5.5082e-05	     0.0000	-9.5711e-05	-0.00013672	 0.00088958	
4	0	 0.00016088	 0.00042695	     281.58	   0.046977	-9.7531e+92	-9.7531e+92	   0.042466	 0.00021135	     0.0000	   -0.15460	-0.00036640	    0.14604	
4	1	 0.00012097	 0.00032104	     272.02	   0.053810	-9.7531e+92	-9.7531e+92	   0.022003	 0.00018001	     0.0000	   -0.61100	-0.00035406	    0.12358	
4	2	    0.18664	    0.49531	     91.235	     1.7721	-9.7531e+92	-9.7531e+92	    0.20300	    0.11317	   0.032371	    0.17962	   -0.87775	   -0.43324	
4	3	    0.27025	    0.71720	     82.606	     2.0469	-9.7531e+92	-9.7531e+92	    0.23531	    0.11651	    0.15725	     1.0000	    -1.8286	    -1.2736	
4	4	     0.0000	     0.0000	     0.0000	     3.0000	-9.7531e+92	-9.7531e+92	     1.4180	     0.0000	     1.3432	     0.0000	     0.0000	     0.0000	
4	5	   0.071671	    0.19020	     147.08	    0.52816	-9.7531e+92	-9.7531e+92	   0.069984	   0.069196	     0.0000	    0.41111	   -0.26853	  -0.084954	
4	6	  0.0015919	  0.0042246	     179.35	    0.26441	-9.7531e+92	-9.7531e+92	   0.023430	  0.0016029	     0.0000	    -1.2340	 -0.0064725	    0.19668	
4	7	 3.1724e-05	 8.4191e-05	     209.16	    0.14897	-9.7531e+92	-9.7531e+92	   0.016224	 9.3334e-05	     0.0000	   -0.78485	-0.00037349	    0.20355	
4	8	 4.1101e-06	 1.0908e-05	     186.41	    0.22946	-9.7531e+92	-9.7531e+92	  0.0064510	 6.8836e-05	     0.0000	   -0.15497	-0.00028737	   0.049096	
4	9	 6.7157e-06	 1.7822e-05	     223.28	    0.11603	-9.7531e+92	-9.7531e+92	   0.056214	 6.6041e-05	     0.0000	     0.0000	-0.00027472	    0.33208	
4	10	 6.0440e-14	 1.6040e-13	     204.61	    0.16194	-9.7531e+92	-9.7531e+92	 0.00016061	 6.5769e-05	     0.0000	 -0.0050825	-0.00028152	  0.0010420	
4	11	 8.5677e-15	 2.2737e-14	     218.09	    0.12699	-9.7531e+92	-9.7531e+92	 0.00017648	 6.6012e-05	     0.0000	 -0.0032136	-0.00028353	  0.0013777	
4	12	 4.1183e-07	 1.0929e-06	     165.11	    0.35583	-9.7531e+92	-9.7531e+92	 0.00015211	 6.5294e-05	     0.0000	 -0.0036847	-0.00027505	 0.00062840	
4	13	   0.090677	    0.24064	     217.30	    0.12878	-9.7531e+92	-9.7531e+92	    0.11964	   0.076734	     0.0000	  -0.018992	   -0.20435	   0.012787	
4	14	   0.049512	    0.13140	     184.55	    0.23808	-9.7531e+92	-9.7531e+92	   0.091950	   0.041923	     0.0000	  -0.093827	   -0.13050	   0.099311	
4	15	    0.10453	    0.27740	     106.18	     1.3210	-9.7531e+92	-9.7531e+92	    0.11420	   0.079310	   0.051604	    0.11080	   -0.34840	   -0.22981	
4	16	  0.0078599	   0.020859	     75.439	     2.2661	-9.7531e+92	-9.7531e+92	  0.0061137	  0.0058601	  0.0048785	   0.021288	  -0.013278	  -0.011461	
4	17	    0.10766	    0.28571	     73.525	     2.3215	-9.7531e+92	-9.7531e+92	   0.079095	   0.059944	   0.069416	    0.84729	  -0.076646	  -0.051482	
4	18	   0.024631	   0.065368	     186.18	    0.23049	-9.7531e+92	-9.7531e+92	   0.064313	   0.022326	     0.0000	   -0.39397	  -0.070827	    0.23019	
4	19	  0.0065683	   0.017431	     119.82	    0.98008	-9.7531e+92	-9.7531e+92	  0.0059959	  0.0058265	  0.0031847	   0.087917	  -0.021736	  -0.016761	
4	20	  0.0017647	  0.0046832	     135.08	    0.69295	-9.7531e+92	-9.7531e+92	  0.0060427	  0.0016380	     0.0000	 -0.0055229	 -0.0065292	  0.0054154	
4	21	 8.5614e-13	 2.2721e-12	     253.96	   0.070430	-9.7531e+92	-9.7531e+92	  0.0053492	 6.5250e-05	     0.0000	   -0.20416	-0.00027291	   0.061074	
4	22	   0.076323	    0.20255	     82.638	     2.0459	-9.7531e+92	-9.7531e+92	   0.057227	   0.044613	   0.050529	    0.59813	  -0.090117	  -0.067145	
4	23	 2.2921e-13	 6.0829e-13	     212.30	    0.14074	-9.7531e+92	-9.7531e+92	  0.0099547	 6.4443e-05	     0.0000	  -0.061820	-0.00027875	    0.17468	
4	24	 7.5026e-14	 1.9911e-13	     253.16	   0.071301	-9.7531e+92	-9.7531e+92	 0.00018109	 6.6046e-05	     0.0000	-0.00015596	-0.00028363	  0.0012747	
5	0	    0.74544	    0.86839	     169.69	    0.32292	-9.7531e+92	-9.7531e+92	    0.23200	    0.62974	    0.12952	    0.38583	    -6.4143	    -3.1588	
5	1	   0.014473	   0.016860	     161.91	    0.38106	-9.7531e+92	-9.7531e+92	   0.032412	   0.012577	     0.0000	   -0.15935	   -0.13050	    0.25402	
5	2	   0.046053	   0.053649	     120.45	    0.96633	-9.7531e+92	-9.7531e+92	   0.025539	   0.036731	     0.0000	  -0.048667	   -0.46231	   0.095847	
5	3	 0.00056225	 0.00065499	     167.87	    0.33554	-9.7531e+92	-9.7531e+92	  0.0050659	 0.00050210	     0.0000	   -0.17598	 -0.0060067	    0.14516	
5	4	 0.00073191	 0.00085263	     147.08	    0.52816	-9.7531e+92	-9.7531e+92	  0.0042480	 0.00060364	     0.0000	   -0.16708	 -0.0082568	    0.14534	
5	5	     0.0000	     0.0000	     0.0000	     3.0000	-9.7531e+92	-9.7531e+92	    0.59048	     0.0000	    0.53978	     0.0000	     0.0000	     0.0000	
5	6	  0.0031550	  0.0036754	     72.218	     2.3585	-9.7531e+92	-9.7531e+92	   0.020013	  0.0028510	     0.0000	   -0.40155	  -0.035150	    0.35358	
5	7	   0.015983	   0.018619	     89.752	     1.8194	-9.7531e+92	-9.7531e+92	   0.022768	   0.012382	     0.0000	   -0.13721	   -0.17086	    0.28979	
5	8	  0.0027671	  0.0032235	     54.235	     2.7611	-9.7531e+92	-9.7531e+92	  0.0043728	  0.0018695	     0.0000	 -0.0077752	  -0.025662	   0.056275	
5	9	  0.0010313	  0.0012014	     134.70	    0.69890	-9.7531e+92	-9.7531e+92	   0.062424	 0.00090816	     0.0000	     0.0000	  -0.011866	    0.61861	
5	10	 2.5188e-05	 2.9342e-05	     93.726	     1.6933	-9.7531e+92	-9.7531e+92	 9.1805e-05	 6.9055e-05	     0.0000	-0.00097606	-0.00085973	  0.0014165	
5	11	 0.00015152	 0.00017651	     77.490	     2.2050	-9.7531e+92	-9.7531e+92	 0.00014142	 0.00015697	     0.0000	-0.00013058	 -0.0019668	  0.0012043	
5	12	 8.3533e-05	 9.7312e-05	     80.590	     2.1100	-9.7531e+92	-9.7531e+92	 9.1634e-05	 0.00010938	     0.0000	-0.00037427	 -0.0013518	 0.00048119	
5	13	   0.039263	   0.045739	     125.66	    0.85869	-9.7531e+92	-9.7531e+92	   0.043733	   0.032357	     0.0000	  -0.056989	   -0.34756	    0.28547	
5	14	   0.053678	   0.062531	     108.09	     1.2686	-9.7531e+92	-9.7531e+92	   0.050792	   0.041552	     0.0000	  -0.023608	   -0.52813	    0.22497	
5	15	  0.0025702	  0.0029941	     104.94	     1.3557	-9.7531e+92	-9.7531e+92	  0.0047250	  0.0022115	     0.0000	  -0.037750	  -0.028280	    0.11918	
5	16	 8.3728e-06	 9.7538e-06	     71.546	     2.3771	-9.7531e+92	-9.7531e+92	 8.5337e-05	 6.5731e-05	     0.0000	 -0.0015949	-0.00082234	  0.0023113	
5	17	 3.6190e-13	 4.2159e-13	     219.60	    0.12368	-9.7531e+92	-9.7531e+92	 0.00031111	 5.9327e-05	     0.0000	  -0.035038	-0.00075015	   0.021015	
5	18	   0.065787	   0.076638	     53.346	     2.7752	-9.7531e+92	-9.7531e+92	   0.047034	   0.040930	     0.0000	  -0.020599	   -0.74090	    0.30968	
5	19	  0.0020779	  0.0024206	     64.874	     2.5486	-9.7531e+92	-9.7531e+92	 0.00077058	  0.0015500	     0.0000	  0.0034856	  -0.020068	 -0.0052601	
5	20	  0.0047741	  0.0055616	     39.691	     2.9273	-9.7531e+92	-9.7531e+92	  0.0020539	  0.0036524	     0.0000	 0.00019224	  -0.047518	 -0.0071072	
5	21	 6.0145e-06	 7.0066e-06	     132.91	    0.72808	-9.7531e+92	-9.7531e+92	  0.0064263	 6.4705e-05	     0.0000	  -0.068098	-0.00080826	    0.10984	
5	22	 1.1462e-07	 1.3353e-07	     151.89	    0.47454	-9.7531e+92	-9.7531e+92	 0.00021795	 5.7706e-05	     0.0000	  -0.021496	-0.00072588	   0.014333	
5	23	  0.0013791	  0.0016066	     65.633	     2.5304	-9.7531e+92	-9.7531e+92	  0.0088670	  0.0012329	     0.0000	  -0.020079	  -0.015713	    0.30235	
5	24	 2.3819e-06	 2.7747e-06	     106.34	     1.3165	-9.7531e+92	-9.7531e+92	 0.00016700	 6.1496e-05	     0.0000	-5.0069e-05	-0.00076699	  0.0022358	
6	0	   0.031638	   0.029567	     105.31	     1.3454	-9.7531e+92	-9.7531e+92	   0.030777	   0.033181	     0.0000	  -0.053179	    0.28546	   -0.21198	
6	1	   0.033041	   0.030878	     96.519	     1.6061	-9.7531e+92	-9.7531e+92	   0.020644	   0.019427	     0.0000	     0.0000	    0.11496	     0.0000	
6	2	  0.0090722	  0.0084784	     118.53	     1.0087	-9.7531e+92	-9.7531e+92	   0.011829	   0.010758	     0.0000	   -0.23627	   0.087692	   -0.20156	
6	3	 0.00036774	 0.00034366	     180.81	    0.25667	-9.7531e+92	-9.7531e+92	  0.0030145	 0.00054658	     0.0000	   -0.28455	  0.0044630	   -0.10740	
6	4	 7.4520e-05	 6.9642e-05	     179.35	    0.26441	-9.7531e+92	-9.7531e+92	  0.0020278	 0.00017843	     0.0000	   -0.27509	  0.0014134	   -0.10203	
6	5	  0.0030593	  0.0028591	     72.218	     2.3585	-9.7531e+92	-9.7531e+92	   0.011465	  0.0039042	     0.0000	   -0.31671	   0.029963	   -0.14319	
6	6	     0.0000	     0.0000	     0.0000	     3.0000	-9.7531e+92	-9.7531e+92	    0.47964	     0.0000	    0.41906	     0.0000	     0.0000	     0.0000	
6	7	  0.0028019	  0.0026185	     34.871	     2.9563	-9.7531e+92	-9.7531e+92	   0.032042	  0.0034955	     0.0000	   -0.40319	   0.027606	   -0.22670	
6	8	 8.8335e-05	 8.2553e-05	     109.28	     1.2365	-9.7531e+92	-9.7531e+92	  0.0047339	 0.00020396	     0.0000	  -0.082677	  0.0014659	  -0.053157	
6	9	   0.011286	   0.010547	     62.827	     2.5956	-9.7531e+92	-9.7531e+92	   0.021814	   0.012303	     0.0000	     0.0000	    0.11073	   -0.34982	
6	10	 7.6718e-09	 7.1696e-09	     153.37	    0.45919	-9.7531e+92	-9.7531e+92	 8.1466e-05	 9.1221e-05	     0.0000	 -0.0027253	 0.00062008	 -0.0010853	
6	11	 2.0693e-06	 1.9339e-06	     117.04	     1.0431	-9.7531e+92	-9.7531e+92	 0.00023107	 9.2540e-05	     0.0000	 -0.0017136	 0.00064363	 -0.0014366	
6	12	 2.5830e-08	 2.4139e-08	     152.49	    0.46823	-9.7531e+92	-9.7531e+92	 5.8718e-05	 9.1877e-05	     0.0000	 -0.0019843	 0.00061769	-0.00065642	
6	13	   0.027630	   0.025822	     53.773	     2.7685	-9.7531e+92	-9.7531e+92	   0.038754	   0.031473	     0.0000	   -0.10966	    0.27235	   -0.26336	
6	14	   0.051314	   0.047955	     41.508	     2.9135	-9.7531e+92	-9.7531e+92	   0.036072	   0.053525	     0.0000	  -0.050480	    0.44966	   -0.17361	
6	15	 0.00075160	 0.00070240	     96.746	     1.5991	-9.7531e+92	-9.7531e+92	  0.0026397	  0.0010383	     0.0000	  -0.065885	  0.0078542	  -0.080671	
6	16	 2.1377e-07	 1.9978e-07	     111.89	     1.1685	-9.7531e+92	-9.7531e+92	 5.2813e-05	 9.0776e-05	     0.0000	 -0.0026180	 0.00062281	 -0.0013888	
6	17	 2.1431e-12	 2.0028e-12	     251.72	   0.072906	-9.7531e+92	-9.7531e+92	 0.00016609	 9.2050e-05	     0.0000	  -0.056275	 0.00061187	  -0.012523	
6	18	   0.042881	   0.040074	     36.723	     2.9464	-9.7531e+92	-9.7531e+92	   0.044593	   0.047249	     0.0000	   -0.17048	    0.40238	   -0.27816	
6	19	 2.2509e-05	 2.1036e-05	     133.74	    0.71443	-9.7531e+92	-9.7531e+92	 0.00016326	 0.00012261	     0.0000	 -0.0090463	 0.00083092	 -0.0034015	
6	20	 2.4975e-05	 2.3340e-05	     111.59	     1.1762	-9.7531e+92	-9.7531e+92	 0.00073700	 0.00012183	     0.0000	 -0.0060547	 0.00086792	  -0.011935	
6	21	 0.00098363	 0.00091924	     78.899	     2.1621	-9.7531e+92	-9.7531e+92	  0.0042785	  0.0013534	     0.0000	   -0.10372	   0.010002	  -0.062894	
6	22	 4.2039e-13	 3.9287e-13	     216.08	    0.13159	-9.7531e+92	-9.7531e+92	 0.00011676	 9.2505e-05	     0.0000	  -0.035037	 0.00061608	 -0.0086152	
6	23	    0.78495	    0.73357	     73.330	     2.3271	-9.7531e+92	-9.7531e+92	    0.18834	     1.0000	    0.13874	    0.45657	     7.5251	     2.5579	
6	24	 9.6833e-06	 9.0494e-06	     108.13	     1.2674	-9.7531e+92	-9.7531e+92	 0.00017764	 9.4389e-05	     0.0000	-2.5809e-05	 0.00074480	 -0.0013041	
7	0	   0.029219	   0.032221	     80.265	     2.1201	-9.7531e+92	-9.7531e+92	   0.036238	   0.026615	     0.0000	  -0.018613	 0.00048764	   0.079446	
7	1	   0.065123	   0.071816	     75.481	     2.2648	-9.7531e+92	-9.7531e+92	   0.035743	   0.047152	     0.0000	-0.00069978	   -0.15967	  0.0013305	
7	2	 0.00033124	 0.00036528	     153.12	    0.46179	-9.7531e+92	-9.7531e+92	   0.016535	 0.00043528	     0.0000	  -0.091837	 0.00030762	   0.097408	
7	3	 3.5023e-06	 3.8622e-06	     215.68	    0.13250	-9.7531e+92	-9.7531e+92	  0.0038025	 7.9054e-05	     0.0000	  -0.096695	 9.4306e-05	   0.042334	
7	4	 4.5549e-07	 5.0230e-07	     209.16	    0.14897	-9.7531e+92	-9.7531e+92	  0.0028155	 7.5201e-05	     0.0000	  -0.092567	 5.2521e-05	   0.043482	
7	5	  0.0060530	  0.0066751	     89.752	     1.8194	-9.7531e+92	-9.7531e+92	   0.029437	  0.0065905	     0.0000	  -0.098427	 0.00054452	   0.063338	
7	6	  0.0048916	  0.0053942	     34.871	     2.9563	-9.7531e+92	-9.7531e+92	   0.023193	  0.0052531	     0.0000	   -0.20023	  0.0013473	    0.10273	
7	7	     0.0000	     0.0000	     0.0000	     3.0000	-9.7531e+92	-9.7531e+92	    0.57253	     0.0000	    0.49877	     0.0000	     0.0000	     0.0000	
7	8	 1.5294e-05	 1.6866e-05	     109.89	     1.2203	-9.7531e+92	-9.7531e+92	  0.0055059	 9.0053e-05	     0.0000	  -0.027881	 1.6571e-05	   0.026523	
7	9	  0.0044283	  0.0048833	     64.406	     2.5596	-9.7531e+92	-9.7531e+92	   0.028372	  0.0044051	     0.0000	     0.0000	 0.00071194	    0.17860	
7	10	 4.2011e-09	 4.6328e-09	     153.29	    0.46001	-9.7531e+92	-9.7531e+92	 9.4877e-05	 7.8355e-05	     0.0000	-0.00091466	-1.6261e-05	 0.00055192	
7	11	 1.7064e-06	 1.8817e-06	     112.26	     1.1591	-9.7531e+92	-9.7531e+92	 0.00017131	 7.5078e-05	     0.0000	-0.00057560	 2.8355e-05	 0.00072880	
7	12	 3.8802e-09	 4.2790e-09	     158.06	    0.41430	-9.7531e+92	-9.7531e+92	 7.2150e-05	 7.9263e-05	     0.0000	-0.00066604	-2.1554e-05	 0.00033371	
7	13	   0.057202	   0.063081	     57.312	     2.7078	-9.7531e+92	-9.7531e+92	   0.042575	   0.053115	     0.0000	  -0.021334	  0.0060573	   0.055972	
7	14	   0.065847	   0.072614	     65.464	     2.5345	-9.7531e+92	-9.7531e+92	   0.043539	   0.065655	     0.0000	  -0.011698	   0.032193	   0.046834	
7	15	 9.4564e-05	 0.00010428	     131.62	    0.74982	-9.7531e+92	-9.7531e+92	  0.0037993	 0.00018392	     0.0000	  -0.022749	-2.7701e-06	   0.039723	
7	16	 2.9517e-09	 3.2551e-09	     137.28	    0.65913	-9.7531e+92	-9.7531e+92	 6.6551e-05	 8.0566e-05	     0.0000	-0.00087910	-3.5381e-05	 0.00071254	
7	17	 1.8751e-14	 2.0678e-14	     281.54	   0.047004	-9.7531e+92	-9.7531e+92	 0.00022095	 8.1337e-05	     0.0000	  -0.018886	-3.6069e-05	  0.0063263	
7	18	    0.76401	    0.84252	     38.248	     2.9371	-9.7531e+92	-9.7531e+92	    0.23003	    0.71330	   0.098478	    0.37907	 -0.0025965	   -0.99428	
7	19	 8.5925e-08	 9.4755e-08	     154.38	    0.44913	-9.7531e+92	-9.7531e+92	 0.00024214	 7.9928e-05	     0.0000	 -0.0031061	-2.0116e-05	  0.0017403	
7	20	 1.4591e-06	 1.6090e-06	     126.68	    0.83907	-9.7531e+92	-9.7531e+92	  0.0022120	 7.9436e-05	     0.0000	 -0.0020460	-1.2636e-05	  0.0059966	
7	21	  0.0024419	  0.0026928	     44.967	     2.8822	-9.7531e+92	-9.7531e+92	   0.014231	  0.0018473	     0.0000	     0.0000	  0.0074937	 -0.0029056	
7	22	 3.0329e-13	 3.3446e-13	     241.36	   0.085874	-9.7531e+92	-9.7531e+92	 0.00015531	 8.1563e-05	     0.0000	  -0.011759	-2.9202e-05	  0.0043070	
7	23	 0.00031994	 0.00035282	     58.677	     2.6821	-9.7531e+92	-9.7531e+92	   0.010757	 0.00036548	     0.0000	-6.4016e-05	 0.00056099	   0.080170	
7	24	 1.5071e-05	 1.6620e-05	     84.614	     1.9834	-9.7531e+92	-9.7531e+92	 0.00031418	 8.6352e-05	     0.0000	-2.0482e-05	 3.4324e-05	 0.00065092	
8	0	   0.014110	  0.0091522	     172.11	    0.30693	-9.7531e+92	-9.7531e+92	   0.033410	  0.0039532	     0.0000	  -0.021478	  -0.032722	   0.095293	
8	1	 0.00063173	 0.00040976	     184.58	    0.23797	-9.7531e+92	-9.7531e+92	  0.0097000	 0.00021065	     0.0000	   -0.10011	 -0.0016109	   0.087334	
8	2	 0.00060592	 0.00039302	     174.51	    0.29198	-9.7531e+92	-9.7531e+92	  0.0095816	 0.00019680	     0.0000	  -0.083959	 -0.0017123	   0.092196	
8	3	 8.4316e-06	 5.4690e-06	     221.29	    0.12010	-9.7531e+92	-9.7531e+92	  0.0033075	 2.1919e-05	     0.0000	  -0.088767	-0.00017947	   0.040307	
8	4	 7.8423e-05	 5.0867e-05	     186.41	    0.22946	-9.7531e+92	-9.7531e+92	  0.0022873	 4.2810e-05	     0.0000	  -0.084704	-0.00037272	   0.041199	
8	5	    0.33573	    0.21777	     54.235	     2.7611	-9.7531e+92	-9.7531e+92	   0.064815	    0.10288	   0.036590	    0.70476	   -0.95887	   -0.46805	
8	6	  0.0050878	  0.0033001	     109.28	     1.2365	-9.7531e+92	-9.7531e+92	  0.0094391	  0.0015867	     0.0000	   -0.19251	  -0.014811	   0.096994	
8	7	   0.068505	   0.044434	     109.89	     1.2203	-9.7531e+92	-9.7531e+92	   0.019345	   0.020233	     0.0000	  0.0030428	   -0.19547	 -0.0025247	
8	8	     0.0000	     0.0000	     0.0000	     3.0000	-9.7531e+92	-9.7531e+92	    0.32837	     0.0000	    0.31845	     0.0000	     0.0000	     0.0000	
8	9	 6.4522e-06	 4.1851e-06	     171.65	    0.30991	-9.7531e+92	-9.7531e+92	   0.014979	 2.0351e-05	     0.0000	     0.0000	-0.00020778	    0.17632	
8	10	   0.019294	   0.012515	     44.054	     2.8911	-9.7531e+92	-9.7531e+92	  0.0032032	  0.0056747	  0.0029584	   0.040705	  -0.042304	  -0.023204	
8	11	   0.013530	  0.0087763	     32.525	     2.9668	-9.7531e+92	-9.7531e+92	  0.0023839	  0.0039798	  0.0020727	   0.012833	  -0.031515	  -0.017658	
8	12	  0.0087288	  0.0056617	     55.069	     2.7473	-9.7531e+92	-9.7531e+92	  0.0016007	  0.0023603	  0.0014355	   0.016145	  -0.012052	 -0.0034702	
8	13	   0.018304	   0.011872	     162.59	    0.37553	-9.7531e+92	-9.7531e+92	   0.017108	  0.0052806	     0.0000	  -0.038272	  -0.041454	    0.10431	
8	14	    0.19472	    0.12630	     146.54	    0.53466	-9.7531e+92	-9.7531e+92	   0.044814	   0.036485	     0.0000	 0.00094604	   -0.71573	   -0.19868	
8	15	 2.5964e-05	 1.6841e-05	     159.01	    0.40580	-9.7531e+92	-9.7531e+92	  0.0026378	 2.7510e-05	     0.0000	  -0.020948	-0.00026395	   0.037749	
8	16	 1.4514e-07	 9.4145e-08	     112.87	     1.1438	-9.7531e+92	-9.7531e+92	 4.3274e-05	 2.0755e-05	     0.0000	-0.00080639	-0.00019875	 0.00067393	
8	17	 1.8855e-12	 1.2230e-12	     258.50	   0.065716	-9.7531e+92	-9.7531e+92	 0.00017320	 2.1483e-05	     0.0000	  -0.017341	-0.00020342	  0.0059876	
8	18	    0.26851	    0.17416	     75.421	     2.2666	-9.7531e+92	-9.7531e+92	   0.061882	   0.072313	     0.0000	    0.10232	   -0.73755	   -0.21850	
8	19	   0.029752	   0.019298	     80.536	     2.1117	-9.7531e+92	-9.7531e+92	  0.0051711	  0.0087292	  0.0044840	   0.070785	  -0.071697	  -0.040189	
8	20	   0.019249	   0.012486	     51.987	     2.7958	-9.7531e+92	-9.7531e+92	  0.0049700	  0.0058125	  0.0027038	  0.0085317	  -0.053159	  -0.026166	
8	21	 2.3123e-05	 1.4998e-05	     132.38	    0.73687	-9.7531e+92	-9.7531e+92	  0.0043011	 2.7561e-05	     0.0000	  -0.033672	-0.00026278	   0.031190	
8	22	 1.3550e-07	 8.7891e-08	     168.70	    0.32968	-9.7531e+92	-9.7531e+92	 0.00013856	 2.1521e-05	     0.0000	  -0.010765	-0.00020000	  0.0040770	
8	23	  0.0028650	  0.0018583	     54.810	     2.7517	-9.7531e+92	-9.7531e+92	  0.0047585	 0.00088227	     0.0000	 -0.0096549	 -0.0082310	   0.083615	
8	24	 0.00023829	 0.00015456	     77.960	     2.1908	-9.7531e+92	-9.7531e+92	 0.00014808	 9.5395e-05	     0.0000	-9.5904e-06	-0.00088813	 0.00024271	
9	0	    0.17066	    0.19989	     86.890	     1.9108	-9.7531e+92	-9.7531e+92	   0.069855	    0.20188	     0.0000	     0.0000	     2.0025	   0.064498	
9	1	    0.18317	    0.21454	     55.376	     2.7421	-9.7531e+92	-9.7531e+92	   0.073522	    0.32415	     0.0000	    0.25658	     3.0115	    0.20372	
9	2	   0.014482	   0.016962	     133.64	    0.71608	-9.7531e+92	-9.7531e+92	   0.024133	   0.025272	     0.0000	  -0.093562	    0.24924	  -0.085088	
9	3	  0.0019940	  0.0023355	     191.41	    0.20802	-9.7531e+92	-9.7531e+92	  0.0076566	  0.0041928	     0.0000	   -0.11791	   0.038490	  -0.047339	
9	4	 0.00012210	 0.00014302	     223.28	    0.11603	-9.7531e+92	-9.7531e+92	  0.0044210	 0.00038443	     0.0000	   -0.12055	  0.0034630	  -0.047695	
9	5	  0.0014332	  0.0016786	     134.70	    0.69890	-9.7531e+92	-9.7531e+92	   0.011728	  0.0027048	     0.0000	  -0.065369	   0.027112	  -0.070034	
9	6	   0.034813	   0.040775	     62.827	     2.5956	-9.7531e+92	-9.7531e+92	   0.038664	   0.075743	     0.0000	   -0.13787	    0.61652	  -0.049832	
9	7	   0.026351	   0.030864	     64.406	     2.5596	-9.7531e+92	-9.7531e+92	   0.030497	   0.055105	     0.0000	   -0.11200	    0.46927	  -0.067464	
9	8	 6.0918e-05	 7.1352e-05	     171.65	    0.30991	-9.7531e+92	-9.7531e+92	  0.0062137	 0.00027861	     0.0000	  -0.036358	  0.0022435	  -0.025076	
9	9	     0.0000	     0.0000	     0.0000	     3.0000	-9.7531e+92	-9.7531e+92	    0.62897	     0.0000	    0.50013	     0.0000	     0.0000	     0.0000	
9	10	 1.1977e-12	 1.4028e-12	     215.04	    0.13402	-9.7531e+92	-9.7531e+92	 0.00010119	 0.00015137	     0.0000	 -0.0011963	  0.0011582	-0.00051153	
9	11	 7.4330e-08	 8.7060e-08	     175.31	    0.28718	-9.7531e+92	-9.7531e+92	 0.00012366	 0.00014686	     0.0000	-0.00075584	  0.0011721	-0.00068030	
9	12	 1.9901e-13	 2.3310e-13	     214.99	    0.13415	-9.7531e+92	-9.7531e+92	 7.3199e-05	 0.00015215	     0.0000	-0.00087115	  0.0011563	-0.00030943	
9	13	    0.17704	    0.20736	     9.0540	     2.9998	-9.7531e+92	-9.7531e+92	   0.077471	    0.21444	     0.0000	   0.014096	     2.1801	   0.076417	
9	14	    0.23725	    0.27789	     38.749	     2.9339	-9.7531e+92	-9.7531e+92	   0.093837	    0.42800	     0.0000	   0.065581	     4.1272	    0.23994	
9	15	  0.0061385	  0.0071898	     117.55	     1.0311	-9.7531e+92	-9.7531e+92	  0.0074106	   0.012930	     0.0000	  -0.022090	    0.11052	  -0.028974	
9	16	 1.9004e-12	 2.2259e-12	     159.83	    0.39862	-9.7531e+92	-9.7531e+92	 8.6259e-05	 0.00015021	     0.0000	 -0.0011498	  0.0011585	-0.00065516	
9	17	 4.6715e-13	 5.4716e-13	     293.28	   0.040011	-9.7531e+92	-9.7531e+92	 0.00034140	 0.00015221	     0.0000	  -0.024702	  0.0011507	 -0.0059011	
9	18	    0.13328	    0.15610	     96.665	     1.6016	-9.7531e+92	-9.7531e+92	   0.069010	    0.24852	     0.0000	   0.013542	     2.3812	   0.023569	
9	19	 2.3988e-07	 2.8096e-07	     193.08	    0.20137	-9.7531e+92	-9.7531e+92	 0.00019578	 0.00015224	     0.0000	 -0.0040620	  0.0011669	 -0.0016389	
9	20	 1.0178e-05	 1.1921e-05	     174.09	    0.29453	-9.7531e+92	-9.7531e+92	 0.00081524	 0.00016837	     0.0000	 -0.0026693	  0.0013544	 -0.0056455	
9	21	   0.011645	   0.013639	     83.320	     2.0244	-9.7531e+92	-9.7531e+92	  0.0093279	   0.025459	     0.0000	  -0.018478	    0.20643	  -0.012020	
9	22	 1.2768e-12	 1.4955e-12	     266.14	   0.058633	-9.7531e+92	-9.7531e+92	 0.00022445	 0.00015302	     0.0000	  -0.015380	  0.0011564	 -0.0040579	
9	23	  0.0015239	  0.0017849	     121.73	    0.93874	-9.7531e+92	-9.7531e+92	   0.016316	  0.0032864	     0.0000	  -0.014125	   0.028290	  -0.084934	
9	24	 1.8859e-05	 2.2089e-05	     149.07	    0.50520	-9.7531e+92	-9.7531e+92	 0.00015406	 0.00017671	     0.0000	-3.4882e-05	  0.0015332	-0.00059946	
10	0	  0.0030728	  0.0010027	     210.64	    0.14503	-9.7531e+92	-9.7531e+92	   0.012513	 2.8155e-05	     0.0000	 -0.0013371	-0.00067353	   0.015657	
10	1	  0.0015134	 0.00049386	     228.04	    0.10699	-9.7531e+92	-9.7531e+92	  0.0040454	 1.4701e-05	     0.0000	 -0.0053495	-0.00034664	   0.012145	
10	2	 0.00016232	 5.2966e-05	     213.20	    0.13850	-9.7531e+92	-9.7531e+92	  0.0051749	 2.0836e-06	     0.0000	 -0.0045794	-5.3126e-05	   0.012737	
10	3	 0.00012646	 4.1267e-05	     258.79	   0.065432	-9.7531e+92	-9.7531e+92	  0.0010810	 1.7528e-06	     0.0000	 -0.0047889	-4.3128e-05	  0.0056113	
10	4	 0.00034122	 0.00011134	     204.61	    0.16194	-9.7531e+92	-9.7531e+92	  0.0015033	 3.6834e-06	     0.0000	 -0.0045475	-9.5513e-05	  0.0055726	
10	5	    0.18492	   0.060341	     93.726	     1.6933	-9.7531e+92	-9.7531e+92	   0.024122	  0.0017622	  0.0099219	   0.018472	  -0.046170	  -0.030039	
10	6	  0.0012342	 0.00040273	     153.37	    0.45919	-9.7531e+92	-9.7531e+92	  0.0036965	 1.2390e-05	     0.0000	  -0.011100	-0.00032755	   0.013638	
10	7	  0.0061371	  0.0020026	     153.29	    0.46001	-9.7531e+92	-9.7531e+92	  0.0049724	 5.7541e-05	     0.0000	 -0.0063797	 -0.0015517	   0.012947	
10	8	   0.093318	   0.030451	     44.054	     2.8911	-9.7531e+92	-9.7531e+92	  0.0097564	 0.00056305	  0.0047671	  0.0020001	  -0.013015	 -0.0084556	
10	9	 2.4986e-06	 8.1532e-07	     215.04	    0.13402	-9.7531e+92	-9.7531e+92	  0.0063742	 6.1407e-07	     0.0000	     0.0000	-1.7279e-05	   0.023390	
10	10	     0.0000	     0.0000	     0.0000	     3.0000	-9.7531e+92	-9.7531e+92	    0.16331	     0.0000	    0.16318	     0.0000	     0.0000	     0.0000	
10	11	   0.057907	   0.018896	     46.926	     2.8613	-9.7531e+92	-9.7531e+92	  0.0048925	 0.00051867	  0.0047360	  0.0029485	  -0.012221	  -0.010417	
10	12	   0.072171	   0.023550	     46.012	     2.8713	-9.7531e+92	-9.7531e+92	  0.0060014	 0.00061772	  0.0059183	  0.0080354	  -0.013510	  -0.011345	
10	13	   0.038304	   0.012499	     205.99	    0.15786	-9.7531e+92	-9.7531e+92	  0.0097919	 0.00034440	     0.0000	 -0.0015527	 -0.0082872	   0.011106	
10	14	   0.012061	  0.0039356	     190.48	    0.21181	-9.7531e+92	-9.7531e+92	  0.0088789	 9.6762e-05	     0.0000	-0.00057163	 -0.0028616	   0.016557	
10	15	 7.1263e-06	 2.3254e-06	     197.67	    0.18443	-9.7531e+92	-9.7531e+92	 0.00098195	 6.9215e-07	     0.0000	 -0.0011356	-1.8461e-05	  0.0050085	
10	16	 9.5162e-09	 3.1053e-09	     147.94	    0.51817	-9.7531e+92	-9.7531e+92	 2.2895e-05	 6.4882e-07	     0.0000	-4.3716e-05	-1.7290e-05	 8.7956e-05	
10	17	 2.5918e-13	 8.4574e-14	     270.72	   0.054831	-9.7531e+92	-9.7531e+92	 0.00010178	 6.4881e-07	     0.0000	-0.00093928	-1.7224e-05	 0.00078385	
10	18	    0.32645	    0.10652	     118.82	     1.0023	-9.7531e+92	-9.7531e+92	   0.036574	  0.0028710	     0.0000	  0.0076817	  -0.077007	  -0.041443	
10	19	   0.020435	  0.0066681	     85.643	     1.9506	-9.7531e+92	-9.7531e+92	  0.0023792	 0.00019172	  0.0020335	  0.0027558	 -0.0050335	 -0.0041789	
10	20	    0.16179	   0.052795	     74.457	     2.2947	-9.7531e+92	-9.7531e+92	   0.014267	  0.0014955	   0.013127	  0.0044238	  -0.038914	  -0.033208	
10	21	 5.7730e-05	 1.8838e-05	     171.26	    0.31241	-9.7531e+92	-9.7531e+92	  0.0022871	 1.1966e-06	     0.0000	 -0.0018206	-3.1737e-05	  0.0040906	
10	22	 1.6399e-06	 5.3511e-07	     176.66	    0.27933	-9.7531e+92	-9.7531e+92	 9.1666e-05	 6.6480e-07	     0.0000	-0.00058134	-1.7474e-05	 0.00053469	
10	23	   0.018091	  0.0059034	     95.614	     1.6342	-9.7531e+92	-9.7531e+92	  0.0032496	 0.00017241	     0.0000	-0.00036435	 -0.0046285	  0.0076359	
10	24	  0.0018977	 0.00061926	     102.71	     1.4197	-9.7531e+92	-9.7531e+92	 0.00021771	 1.8991e-05	 7.1060e-05	 5.3225e-06	-0.00049651	-0.00033137	
11	0	   0.013396	  0.0049785	     167.10	    0.34103	-9.7531e+92	-9.7531e+92	   0.017544	 0.00021066	     0.0000	 -0.0025402	 -0.0093968	   0.048746	
11	1	  0.0033420	  0.0012420	     185.20	    0.23505	-9.7531e+92	-9.7531e+92	  0.0058987	 5.4126e-05	     0.0000	  -0.011240	 -0.0024360	   0.041682	
11	2	 0.00014845	 5.5168e-05	     197.83	    0.18388	-9.7531e+92	-9.7531e+92	  0.0054888	 3.3896e-06	     0.0000	 -0.0099052	-0.00016062	   0.044711	
11	3	 1.1335e-06	 4.2125e-07	     244.71	   0.081388	-9.7531e+92	-9.7531e+92	  0.0012983	 1.0724e-06	     0.0000	  -0.010400	-4.9052e-05	   0.019866	
11	4	 7.5880e-06	 2.8200e-06	     218.09	    0.12699	-9.7531e+92	-9.7531e+92	 0.00096887	 1.1631e-06	     0.0000	 -0.0099530	-5.5940e-05	   0.019769	
11	5	    0.27160	    0.10093	     77.490	     2.2050	-9.7531e+92	-9.7531e+92	   0.032265	  0.0044678	   0.016093	   0.064433	   -0.21573	   -0.16864	
11	6	  0.0012784	 0.00047509	     117.04	     1.0431	-9.7531e+92	-9.7531e+92	  0.0048486	 2.1773e-05	     0.0000	  -0.023921	 -0.0010738	   0.047383	
11	7	   0.091247	   0.033910	     112.26	     1.1591	-9.7531e+92	-9.7531e+92	   0.013720	  0.0014464	     0.0000	  0.0055170	  -0.072629	  -0.018015	
11	8	   0.087211	   0.032411	     32.525	     2.9668	-9.7531e+92	-9.7531e+92	  0.0097266	  0.0012045	  0.0040443	   0.010037	  -0.063181	  -0.048685	
11	9	 8.0380e-06	 2.9872e-06	     175.31	    0.28718	-9.7531e+92	-9.7531e+92	  0.0093742	 1.1503e-06	     0.0000	     0.0000	-5.9410e-05	   0.081405	
11	10	  0.0052684	  0.0019579	     46.926	     2.8613	-9.7531e+92	-9.7531e+92	 0.00060152	 5.7563e-05	 0.00046124	 0.00058625	 -0.0018645	 -0.0015077	
11	11	     0.0000	     0.0000	     0.0000	     3.0000	-9.7531e+92	-9.7531e+92	    0.18594	     0.0000	    0.18577	     0.0000	     0.0000	     0.0000	
11	12	   0.014004	  0.0052044	     77.218	     2.2132	-9.7531e+92	-9.7531e+92	  0.0013797	 0.00019542	  0.0012851	  0.0035487	 -0.0085737	 -0.0077916	
11	13	    0.10013	   0.037213	     166.60	    0.34470	-9.7531e+92	-9.7531e+92	   0.017009	  0.0015581	     0.0000	 0.00012090	  -0.070494	 -0.0014152	
11	14	   0.072002	   0.026758	     157.91	    0.41563	-9.7531e+92	-9.7531e+92	   0.015166	  0.0010707	     0.0000	-0.00081113	  -0.052866	   0.017782	
11	15	 1.4751e-06	 5.4820e-07	     182.32	    0.24896	-9.7531e+92	-9.7531e+92	  0.0011948	 1.1091e-06	     0.0000	 -0.0024563	-5.4267e-05	   0.017434	
11	16	 1.0630e-08	 3.9506e-09	     142.85	    0.58099	-9.7531e+92	-9.7531e+92	 2.2547e-05	 1.1242e-06	     0.0000	-9.4545e-05	-5.4830e-05	 0.00030484	
11	17	 1.8021e-12	 6.6974e-13	     290.18	   0.041722	-9.7531e+92	-9.7531e+92	 7.5734e-05	 1.1166e-06	     0.0000	 -0.0020312	-5.4514e-05	  0.0027191	
11	18	    0.33096	    0.12299	     81.269	     2.0888	-9.7531e+92	-9.7531e+92	   0.042061	  0.0049566	     0.0000	   0.017001	   -0.25088	   -0.14845	
11	19	 0.00062495	 0.00023225	     108.78	     1.2499	-9.7531e+92	-9.7531e+92	 0.00037171	 1.1474e-05	     0.0000	-0.00012186	-0.00055768	 0.00027875	
11	20	  0.0019297	 0.00071715	     83.734	     2.0113	-9.7531e+92	-9.7531e+92	 0.00089039	 3.2990e-05	     0.0000	-9.5085e-05	 -0.0016082	  0.0011333	
11	21	 0.00023068	 8.5728e-05	     128.65	    0.80225	-9.7531e+92	-9.7531e+92	  0.0027494	 4.9280e-06	     0.0000	 -0.0039009	-0.00024062	   0.014073	
11	22	 5.8497e-12	 2.1739e-12	     200.45	    0.17499	-9.7531e+92	-9.7531e+92	 5.6180e-05	 1.1211e-06	     0.0000	 -0.0012647	-5.4212e-05	  0.0018571	
11	23	  0.0046484	  0.0017275	     53.605	     2.7712	-9.7531e+92	-9.7531e+92	  0.0026913	 7.6405e-05	     0.0000	 -0.0010815	 -0.0037789	   0.036593	
11	24	  0.0019651	 0.00073029	     56.094	     2.7297	-9.7531e+92	-9.7531e+92	 0.00025017	 3.2755e-05	 8.3148e-05	 8.1589e-06	 -0.0015749	 -0.0011537	
12	0	  0.0012275	 0.00040837	     226.76	    0.10933	-9.7531e+92	-9.7531e+92	   0.013572	 1.7068e-05	     0.0000	 -0.0029750	-0.00087593	   0.056799	
12	1	 0.00019688	 6.5499e-05	     231.78	    0.10046	-9.7531e+92	-9.7531e+92	  0.0036538	 3.5533e-06	     0.0000	  -0.011888	-0.00018222	   0.043863	
12	2	   0.031373	   0.010438	     181.48	    0.25322	-9.7531e+92	-9.7531e+92	  0.0072363	 0.00041458	     0.0000	 -0.0051224	  -0.022725	   0.023004	
12	3	 0.00025117	 8.3561e-05	     227.10	    0.10870	-9.7531e+92	-9.7531e+92	  0.0015163	 4.1888e-06	     0.0000	  -0.010384	-0.00022279	   0.019735	
12	4	  0.0082401	  0.0027414	     165.11	    0.35583	-9.7531e+92	-9.7531e+92	  0.0028913	 0.00010804	     0.0000	 -0.0070905	 -0.0060548	   0.014015	
12	5	    0.22805	   0.075871	     80.590	     2.1100	-9.7531e+92	-9.7531e+92	   0.028534	  0.0031422	   0.014057	   0.052497	   -0.17519	   -0.13670	
12	6	 0.00040472	 0.00013465	     152.49	    0.46823	-9.7531e+92	-9.7531e+92	  0.0033343	 6.4683e-06	     0.0000	  -0.024487	-0.00036504	   0.048126	
12	7	 0.00067511	 0.00022460	     158.06	    0.41430	-9.7531e+92	-9.7531e+92	  0.0041827	 9.9776e-06	     0.0000	  -0.015141	-0.00057108	   0.049189	
12	8	    0.20501	   0.068204	     55.069	     2.7473	-9.7531e+92	-9.7531e+92	   0.018722	  0.0024591	   0.013635	   0.029135	   -0.14860	   -0.13306	
12	9	 5.7683e-07	 1.9191e-07	     214.99	    0.13415	-9.7531e+92	-9.7531e+92	  0.0061597	 8.7027e-07	     0.0000	     0.0000	-5.1725e-05	   0.081567	
12	10	  0.0068614	  0.0022828	     46.012	     2.8713	-9.7531e+92	-9.7531e+92	 0.00078003	 4.7824e-05	 0.00065445	 0.00054532	 -0.0014783	 -0.0012512	
12	11	   0.024904	  0.0082853	     77.218	     2.2132	-9.7531e+92	-9.7531e+92	  0.0022468	 0.00030854	  0.0020872	  0.0028551	  -0.016933	  -0.016056	
12	12	     0.0000	     0.0000	     0.0000	     3.0000	-9.7531e+92	-9.7531e+92	    0.16650	     0.0000	    0.16642	     0.0000	     0.0000	     0.0000	
12	13	   0.017679	  0.0058815	     205.94	    0.15802	-9.7531e+92	-9.7531e+92	  0.0077521	 0.00023198	     0.0000	 -0.0045499	  -0.012108	   0.052988	
12	14	  0.0031161	  0.0010367	     188.63	    0.21964	-9.7531e+92	-9.7531e+92	  0.0084539	 4.0214e-05	     0.0000	 -0.0031958	 -0.0022532	   0.064529	
12	15	 0.00029273	 9.7389e-05	     166.81	    0.34315	-9.7531e+92	-9.7531e+92	  0.0011623	 4.8890e-06	     0.0000	 -0.0024430	-0.00027641	   0.017251	
12	16	 1.5182e-05	 5.0510e-06	     115.95	     1.0685	-9.7531e+92	-9.7531e+92	 3.2099e-05	 1.1501e-06	     0.0000	-9.1575e-05	-6.4949e-05	 0.00029382	
12	17	 3.9798e-12	 1.3241e-12	     225.22	    0.11223	-9.7531e+92	-9.7531e+92	 0.00018528	 9.2699e-07	     0.0000	 -0.0020455	-5.2628e-05	  0.0027243	
12	18	    0.24505	   0.081525	     120.73	    0.96010	-9.7531e+92	-9.7531e+92	   0.030348	  0.0031716	     0.0000	   0.010144	   -0.17880	  -0.088329	
12	19	    0.13893	   0.046220	     44.530	     2.8865	-9.7531e+92	-9.7531e+92	   0.011960	  0.0018776	   0.011607	   0.043504	   -0.10686	   -0.10285	
12	20	   0.078827	   0.026225	     45.010	     2.8817	-9.7531e+92	-9.7531e+92	  0.0089237	  0.0010450	  0.0077613	  0.0044021	  -0.059712	  -0.055313	
12	21	 1.4751e-07	 4.9076e-08	     187.39	    0.22505	-9.7531e+92	-9.7531e+92	  0.0019472	 9.3014e-07	     0.0000	 -0.0039768	-5.2348e-05	   0.014274	
12	22	  0.0028682	 0.00095424	     131.16	    0.75767	-9.7531e+92	-9.7531e+92	 0.00041229	 4.0600e-05	     0.0000	 0.00020909	 -0.0022918	-0.00030774	
12	23	  0.0060087	  0.0019991	     109.85	     1.2215	-9.7531e+92	-9.7531e+92	  0.0020914	 8.3666e-05	     0.0000	 -0.0010671	 -0.0047730	   0.035705	
12	24	 3.1208e-05	 1.0383e-05	     132.31	    0.73810	-9.7531e+92	-9.7531e+92	 5.7805e-05	 1.3750e-06	     0.0000	-2.6692e-06	-7.7190e-05	 0.00026781	
13	0	   0.053683	    0.23628	     86.013	     1.9388	-9.7531e+92	-9.7531e+92	    0.14920	   0.065435	     0.0000	     0.0000	    0.12427	     0.0000	
13	1	   0.074634	    0.32850	     57.043	     2.7128	-9.7531e+92	-9.7531e+92	    0.16931	    0.11132	     0.0000	     0.0000	    0.32215	     0.0000	
13	2	    0.25332	     1.1150	     127.66	    0.82064	-9.7531e+92	-9.7531e+92	    0.32933	    0.31761	   0.046345	     0.0000	    0.70079	     0.0000	
13	3	 0.00049451	  0.0021766	     188.65	    0.21955	-9.7531e+92	-9.7531e+92	   0.037552	 0.00073708	     0.0000	     0.0000	  0.0018407	     0.0000	
13	4	 1.1871e-05	 5.2251e-05	     217.30	    0.12878	-9.7531e+92	-9.7531e+92	   0.044429	 0.00010564	     0.0000	     0.0000	 0.00026882	     0.0000	
13	5	 0.00066131	  0.0029107	     125.66	    0.85869	-9.7531e+92	-9.7531e+92	   0.040534	  0.0010729	     0.0000	     0.0000	  0.0025096	     0.0000	
13	6	  0.0066516	   0.029277	     53.773	     2.7685	-9.7531e+92	-9.7531e+92	   0.089458	   0.010327	     0.0000	     0.0000	   0.023304	     0.0000	
13	7	   0.070489	    0.31025	     57.312	     2.7078	-9.7531e+92	-9.7531e+92	    0.13574	    0.10460	     0.0000	     0.0000	    0.24332	     0.0000	
13	8	 1.6512e-05	 7.2677e-05	     162.59	    0.37553	-9.7531e+92	-9.7531e+92	   0.013699	 0.00013383	     0.0000	     0.0000	 0.00026342	     0.0000	
13	9	    0.38675	     1.7023	     9.0540	     2.9998	-9.7531e+92	-9.7531e+92	    0.53529	    0.49851	   0.051108	     0.0000	     1.4129	     0.0000	
13	10	 3.2177e-14	 1.4162e-13	     205.99	    0.15786	-9.7531e+92	-9.7531e+92	 0.00028599	 0.00010984	     0.0000	     0.0000	 0.00020941	     0.0000	
13	11	 8.5646e-08	 3.7697e-07	     166.60	    0.34470	-9.7531e+92	-9.7531e+92	 0.00036643	 0.00010475	     0.0000	     0.0000	 0.00023834	     0.0000	
13	12	 1.7141e-15	 7.5447e-15	     205.94	    0.15802	-9.7531e+92	-9.7531e+92	 0.00022821	 0.00011173	     0.0000	     0.0000	 0.00019734	     0.0000	
13	13	     0.0000	     0.0000	     0.0000	     3.0000	-9.7531e+92	-9.7531e+92	     2.3285	     0.0000	     1.8977	     0.0000	     0.0000	     0.0000	
13	14	   0.052888	    0.23279	     32.765	     2.9658	-9.7531e+92	-9.7531e+92	    0.18619	   0.068811	     0.0000	     0.0000	    0.16165	     0.0000	
13	15	   0.012184	   0.053627	     111.52	     1.1779	-9.7531e+92	-9.7531e+92	   0.042615	   0.017083	     0.0000	     0.0000	   0.044390	     0.0000	
13	16	 1.8584e-12	 8.1796e-12	     153.85	    0.45440	-9.7531e+92	-9.7531e+92	 0.00063563	 0.00010671	     0.0000	     0.0000	 0.00021059	     0.0000	
13	17	 4.1528e-14	 1.8278e-13	     287.27	   0.043413	-9.7531e+92	-9.7531e+92	  0.0028663	 0.00010657	     0.0000	     0.0000	 0.00020167	     0.0000	
13	18	   0.086366	    0.38014	     87.611	     1.8878	-9.7531e+92	-9.7531e+92	    0.22966	    0.11499	     0.0000	     0.0000	    0.28010	     0.0000	
13	19	 1.4716e-07	 6.4771e-07	     184.51	    0.23831	-9.7531e+92	-9.7531e+92	 0.00069637	 0.00011105	     0.0000	     0.0000	 0.00020346	     0.0000	
13	20	 3.7653e-06	 1.6573e-05	     165.04	    0.35635	-9.7531e+92	-9.7531e+92	  0.0027586	 0.00011042	     0.0000	     0.0000	 0.00023931	     0.0000	
13	21	  0.0016131	  0.0071001	     76.619	     2.2311	-9.7531e+92	-9.7531e+92	   0.021465	  0.0026138	     0.0000	     0.0000	  0.0058060	     0.0000	
13	22	 1.0557e-13	 4.6468e-13	     260.15	   0.064098	-9.7531e+92	-9.7531e+92	  0.0019702	 0.00010792	     0.0000	     0.0000	 0.00020457	     0.0000	
13	23	 0.00022072	 0.00097148	     113.01	     1.1402	-9.7531e+92	-9.7531e+92	   0.037729	 0.00040453	     0.0000	     0.0000	  0.0012254	     0.0000	
13	24	 6.1887e-06	 2.7239e-05	     142.21	    0.58941	-9.7531e+92	-9.7531e+92	 0.00048375	 0.00011042	     0.0000	     0.0000	 0.00027514	     0.0000	
14	0	   0.068480	    0.25129	     114.85	     1.0949	-9.7531e+92	-9.7531e+92	    0.13378	   0.082970	     0.0000	     0.0000	  -0.088008	     0.0000	
14	1	   0.079256	    0.29084	     88.839	     1.8485	-9.7531e+92	-9.7531e+92	    0.12409	    0.12235	     0.0000	     0.0000	   0.095727	     0.0000	
14	2	    0.11409	    0.41866	     97.273	     1.5829	-9.7531e+92	-9.7531e+92	    0.16649	    0.16136	     0.0000	     0.0000	   0.025172	     0.0000	
14	3	   0.095054	    0.34881	     161.01	    0.38854	-9.7531e+92	-9.7531e+92	    0.11264	    0.12998	  0.0046979	     0.0000	  0.0080552	     0.0000	
14	4	  0.0010955	  0.0040200	     184.55	    0.23808	-9.7531e+92	-9.7531e+92	   0.041092	  0.0017021	     0.0000	     0.0000	 0.00060658	     0.0000	
14	5	   0.026858	   0.098556	     108.09	     1.2686	-9.7531e+92	-9.7531e+92	   0.073981	   0.040166	     0.0000	     0.0000	  0.0035704	     0.0000	
14	6	    0.10512	    0.38574	     41.508	     2.9135	-9.7531e+92	-9.7531e+92	    0.15158	    0.16967	     0.0000	     0.0000	  0.0045018	     0.0000	
14	7	   0.033411	    0.12260	     65.464	     2.5345	-9.7531e+92	-9.7531e+92	   0.086478	   0.051549	     0.0000	     0.0000	  0.0029263	     0.0000	
14	8	    0.10763	    0.39496	     146.54	    0.53466	-9.7531e+92	-9.7531e+92	    0.10744	    0.16096	   0.051334	     0.0000	   0.065030	     0.0000	
14	9	   0.088402	    0.32440	     38.749	     2.9339	-9.7531e+92	-9.7531e+92	    0.17814	    0.11329	     0.0000	     0.0000	   0.037287	     0.0000	
14	10	 4.0916e-13	 1.5014e-12	     190.48	    0.21181	-9.7531e+92	-9.7531e+92	  0.0011696	 0.00011456	     0.0000	     0.0000	-2.7282e-05	     0.0000	
14	11	 1.6118e-06	 5.9145e-06	     157.91	    0.41563	-9.7531e+92	-9.7531e+92	  0.0010167	 0.00011239	     0.0000	     0.0000	-1.2674e-06	     0.0000	
14	12	 4.5714e-12	 1.6775e-11	     188.63	    0.21964	-9.7531e+92	-9.7531e+92	 0.00065318	 0.00011519	     0.0000	     0.0000	-3.0436e-05	     0.0000	
14	13	    0.11245	    0.41263	     32.765	     2.9658	-9.7531e+92	-9.7531e+92	    0.18690	    0.15420	     0.0000	     0.0000	   0.059785	     0.0000	
14	14	     0.0000	     0.0000	     0.0000	     3.0000	-9.7531e+92	-9.7531e+92	     1.9315	     0.0000	     1.5712	     0.0000	     0.0000	     0.0000	
14	15	   0.053850	    0.19761	     78.991	     2.1593	-9.7531e+92	-9.7531e+92	   0.076876	   0.075148	     0.0000	     0.0000	   0.021947	     0.0000	
14	16	 2.5807e-05	 9.4702e-05	     121.20	    0.94999	-9.7531e+92	-9.7531e+92	 0.00057134	 0.00013815	     0.0000	     0.0000	 0.00011168	     0.0000	
14	17	 3.1535e-12	 1.1572e-11	     254.84	   0.069479	-9.7531e+92	-9.7531e+92	  0.0032601	 0.00011205	     0.0000	     0.0000	-3.1771e-05	     0.0000	
14	18	   0.094713	    0.34756	     78.249	     2.1820	-9.7531e+92	-9.7531e+92	    0.18972	    0.13254	     0.0000	     0.0000	   0.013530	     0.0000	
14	19	 2.1157e-05	 7.7639e-05	     166.55	    0.34505	-9.7531e+92	-9.7531e+92	  0.0021407	 0.00014864	     0.0000	     0.0000	-1.9540e-05	     0.0000	
14	20	 0.00031495	  0.0011557	     147.73	    0.52061	-9.7531e+92	-9.7531e+92	  0.0039458	 0.00059055	     0.0000	     0.0000	 0.00016625	     0.0000	
14	21	   0.016067	   0.058960	     101.18	     1.4647	-9.7531e+92	-9.7531e+92	   0.029300	   0.024355	     0.0000	     0.0000	  0.0094783	     0.0000	
14	22	 4.8669e-12	 1.7859e-11	     227.39	    0.10817	-9.7531e+92	-9.7531e+92	  0.0018626	 0.00011262	     0.0000	     0.0000	-2.3627e-05	     0.0000	
14	23	  0.0031284	   0.011480	     114.84	     1.0952	-9.7531e+92	-9.7531e+92	   0.064172	  0.0049315	     0.0000	     0.0000	  0.0010049	     0.0000	
14	24	 3.7182e-05	 0.00013644	     150.00	    0.49487	-9.7531e+92	-9.7531e+92	 0.00045962	 0.00016710	     0.0000	     0.0000	 5.2654e-06	     0.0000	
15	0	  0.0027879	  0.0031739	     189.51	    0.21584	-9.7531e+92	-9.7531e+92	   0.020715	  0.0019990	     0.0000	  -0.079817	   0.014778	   -0.27089	
15	1	   0.013789	   0.015699	     167.83	    0.33581	-9.7531e+92	-9.7531e+92	   0.017878	   0.010169	     0.0000	   -0.25754	   0.071574	   -0.16307	
15	2	    0.16030	    0.18249	     21.827	     2.9932	-9.7531e+92	-9.7531e+92	   0.074923	   0.087001	  0.0017279	    0.19712	    0.62951	    0.26447	
15	3	    0.13593	    0.15476	     84.108	     1.9994	-9.7531e+92	-9.7531e+92	   0.056138	   0.046431	   0.022651	    0.10174	    0.21842	   0.075739	
15	4	    0.12726	    0.14488	     106.18	     1.3210	-9.7531e+92	-9.7531e+92	   0.054418	   0.060821	   0.022337	    0.36946	    0.48083	    0.25093	
15	5	   0.030448	   0.034664	     104.94	     1.3557	-9.7531e+92	-9.7531e+92	   0.021673	   0.022535	     0.0000	   -0.10163	    0.13522	  -0.037943	
15	6	   0.022274	   0.025358	     96.746	     1.5991	-9.7531e+92	-9.7531e+92	   0.021188	   0.016596	     0.0000	   -0.44203	   0.097441	   -0.12281	
15	7	  0.0012921	  0.0014710	     131.62	    0.74982	-9.7531e+92	-9.7531e+92	   0.012143	 0.00098571	     0.0000	   -0.40981	  0.0059933	   -0.19016	
15	8	 8.3739e-05	 9.5334e-05	     159.01	    0.40580	-9.7531e+92	-9.7531e+92	  0.0056212	 0.00011190	     0.0000	  -0.082128	 0.00065014	  -0.043386	
15	9	  0.0091119	   0.010374	     117.55	     1.0311	-9.7531e+92	-9.7531e+92	   0.032960	  0.0062401	     0.0000	     0.0000	   0.040904	   -0.29319	
15	10	 2.6184e-13	 2.9809e-13	     197.67	    0.18443	-9.7531e+92	-9.7531e+92	 9.4642e-05	 5.0975e-05	     0.0000	 -0.0027065	 0.00028159	-0.00088273	
15	11	 1.8269e-12	 2.0798e-12	     182.32	    0.24896	-9.7531e+92	-9.7531e+92	 0.00010992	 5.0718e-05	     0.0000	 -0.0017102	 0.00028273	 -0.0011749	
15	12	 2.6585e-08	 3.0266e-08	     166.81	    0.34315	-9.7531e+92	-9.7531e+92	 7.0633e-05	 5.0818e-05	     0.0000	 -0.0019705	 0.00028279	-0.00053394	
15	13	    0.14538	    0.16550	     111.52	     1.1779	-9.7531e+92	-9.7531e+92	   0.068498	   0.094381	     0.0000	   0.069726	    0.69197	    0.14972	
15	14	    0.22176	    0.25246	     78.991	     2.1593	-9.7531e+92	-9.7531e+92	   0.085964	    0.13249	     0.0000	    0.12421	    0.91840	    0.38292	
15	15	     0.0000	     0.0000	     0.0000	     3.0000	-9.7531e+92	-9.7531e+92	    0.58487	     0.0000	    0.55802	     0.0000	     0.0000	     0.0000	
15	16	 0.00029098	 0.00033127	     65.362	     2.5370	-9.7531e+92	-9.7531e+92	 0.00045726	 0.00023973	     0.0000	-0.00050758	  0.0016837	-0.00030655	
15	17	 2.0528e-07	 2.3370e-07	     175.81	    0.28425	-9.7531e+92	-9.7531e+92	  0.0034474	 4.0064e-05	     0.0000	  -0.034523	 0.00032984	  -0.010550	
15	18	    0.12847	    0.14626	     116.73	     1.0502	-9.7531e+92	-9.7531e+92	   0.059769	   0.088436	     0.0000	   0.020004	    0.60560	   0.027329	
15	19	 0.00024598	 0.00028003	     131.26	    0.75593	-9.7531e+92	-9.7531e+92	 0.00046864	 0.00022990	     0.0000	 -0.0068061	  0.0013689	 -0.0021352	
15	20	 0.00052378	 0.00059630	     124.66	    0.87845	-9.7531e+92	-9.7531e+92	  0.0010883	 0.00042543	     0.0000	 -0.0051326	  0.0026234	 -0.0083076	
15	21	 2.4437e-06	 2.7820e-06	     175.65	    0.28523	-9.7531e+92	-9.7531e+92	  0.0045393	 5.1674e-05	     0.0000	   -0.10864	 0.00029817	  -0.054116	
15	22	 9.9143e-06	 1.1287e-05	     163.21	    0.37056	-9.7531e+92	-9.7531e+92	  0.0022676	 4.8235e-05	     0.0000	  -0.024388	 0.00036358	 -0.0069950	
15	23	 4.4516e-05	 5.0680e-05	     149.47	    0.50076	-9.7531e+92	-9.7531e+92	  0.0089226	 8.2272e-05	     0.0000	  -0.032872	 0.00047569	   -0.15105	
15	24	 5.1671e-13	 5.8826e-13	     189.75	    0.21485	-9.7531e+92	-9.7531e+92	 0.00011777	 5.0641e-05	     0.0000	-8.2997e-05	 0.00028267	 -0.0010888	
16	0	 0.00026518	 5.6611e-05	     217.18	    0.12904	-9.7531e+92	-9.7531e+92	  0.0035833	 5.5122e-06	     0.0000	 -0.0026373	 2.9543e-05	 -0.0057794	
16	1	 0.00046286	 9.8811e-05	     207.46	    0.15366	-9.7531e+92	-9.7531e+92	  0.0021529	 9.0275e-06	     0.0000	  -0.010381	 4.5623e-05	 -0.0041759	
16	2	    0.19886	   0.042454	     68.097	     2.4691	-9.7531e+92	-9.7531e+92	   0.016250	  0.0026379	  0.0025246	  0.0086068	   0.011327	  0.0068280	
16	3	    0.10522	   0.022462	     111.94	     1.1671	-9.7531e+92	-9.7531e+92	   0.010381	  0.0011808	  0.0041011	   0.010980	  0.0037948	  0.0026891	
16	4	    0.27269	   0.058214	     75.439	     2.2661	-9.7531e+92	-9.7531e+92	   0.018444	  0.0024702	   0.012428	   0.021190	  0.0060414	  0.0035307	
16	5	   0.044556	  0.0095118	     71.546	     2.3771	-9.7531e+92	-9.7531e+92	  0.0048955	 0.00077230	     0.0000	 0.00025764	  0.0029850	 5.5412e-05	
16	6	  0.0043813	 0.00093533	     111.89	     1.1685	-9.7531e+92	-9.7531e+92	  0.0026977	 7.6912e-05	     0.0000	  -0.020145	 0.00028996	 -0.0031958	
16	7	 0.00068463	 0.00014616	     137.28	    0.65913	-9.7531e+92	-9.7531e+92	  0.0016700	 1.2753e-05	     0.0000	  -0.013274	 4.9851e-05	 -0.0035397	
16	8	 0.00038081	 8.1295e-05	     112.87	     1.1438	-9.7531e+92	-9.7531e+92	  0.0011103	 7.8096e-06	     0.0000	 -0.0025840	 2.8445e-05	-0.00077064	
16	9	 4.2661e-05	 9.1072e-06	     159.83	    0.39862	-9.7531e+92	-9.7531e+92	  0.0045145	 1.7713e-06	     0.0000	     0.0000	 7.3253e-06	 -0.0059083	
16	10	 1.3367e-07	 2.8536e-08	     147.94	    0.51817	-9.7531e+92	-9.7531e+92	 1.8703e-05	 1.1857e-06	     0.0000	-8.6819e-05	 4.1229e-06	-1.5777e-05	
16	11	 7.4524e-07	 1.5909e-07	     142.85	    0.58099	-9.7531e+92	-9.7531e+92	 1.9719e-05	 1.1963e-06	     0.0000	-5.4786e-05	 4.1602e-06	-2.1009e-05	
16	12	 6.1175e-05	 1.3060e-05	     115.95	     1.0685	-9.7531e+92	-9.7531e+92	 1.7738e-05	 2.2553e-06	     0.0000	-4.2701e-05	 7.9954e-06	-6.4485e-06	
16	13	   0.026865	  0.0057352	     153.85	    0.45440	-9.7531e+92	-9.7531e+92	  0.0067752	 0.00042184	     0.0000	 -0.0033551	  0.0022129	 -0.0046256	
16	14	    0.24877	   0.053107	     121.20	    0.94999	-9.7531e+92	-9.7531e+92	   0.017367	  0.0039182	     0.0000	  0.0050486	   0.019497	  0.0094006	
16	15	  0.0097205	  0.0020752	     65.362	     2.5370	-9.7531e+92	-9.7531e+92	  0.0039465	 0.00015150	     0.0000	-0.00075386	 0.00069211	-0.00074108	
16	16	     0.0000	     0.0000	     0.0000	     3.0000	-9.7531e+92	-9.7531e+92	    0.10684	     0.0000	    0.10674	     0.0000	     0.0000	     0.0000	
16	17	 1.5254e-06	 3.2565e-07	     148.25	    0.51453	-9.7531e+92	-9.7531e+92	  0.0010956	 9.6709e-07	 0.00031699	 -0.0010821	 5.6229e-06	-0.00021342	
16	18	   0.073535	   0.015698	     110.59	     1.2021	-9.7531e+92	-9.7531e+92	  0.0080253	  0.0011998	     0.0000	 -0.0032574	  0.0055935	 -0.0027052	
16	19	  0.0052410	  0.0011189	     73.024	     2.3358	-9.7531e+92	-9.7531e+92	 0.00039262	 8.9920e-05	 0.00016649	  0.0011996	 0.00035757	 0.00021868	
16	20	  0.0058092	  0.0012402	     74.477	     2.2942	-9.7531e+92	-9.7531e+92	 0.00053706	 9.9400e-05	     0.0000	 0.00013454	 0.00039307	 0.00012262	
16	21	 1.9877e-07	 4.2433e-08	     180.81	    0.25669	-9.7531e+92	-9.7531e+92	 0.00066634	 1.1727e-06	     0.0000	 -0.0034868	 4.2380e-06	-0.00097991	
16	22	  0.0024418	 0.00052128	     106.73	     1.3057	-9.7531e+92	-9.7531e+92	 0.00088691	 3.5944e-05	 0.00034816	-5.2323e-06	 0.00021984	-1.2725e-06	
16	23	 1.1271e-05	 2.4061e-06	     136.77	    0.66684	-9.7531e+92	-9.7531e+92	  0.0011529	 1.3525e-06	     0.0000	 -0.0010556	 4.8691e-06	 -0.0027190	
16	24	 1.8953e-10	 4.0462e-11	     177.80	    0.27291	-9.7531e+92	-9.7531e+92	 1.8218e-05	 1.1821e-06	     0.0000	-2.6635e-06	 4.1136e-06	-1.9513e-05	
17	0	 4.4413e-12	 1.8532e-12	     353.56	   0.019078	-9.7531e+92	-9.7531e+92	  0.0033340	 1.0583e-05	     0.0000	  -0.031567	 5.4560e-05	  -0.059021	
17	1	 9.6511e-12	 4.0270e-12	     342.57	   0.021626	-9.7531e+92	-9.7531e+92	  0.0021988	 1.0805e-05	     0.0000	   -0.12476	 5.2250e-05	  -0.042459	
17	2	    0.14721	   0.061425	     160.64	    0.39167	-9.7531e+92	-9.7531e+92	   0.030015	   0.019279	  0.0031877	   0.067971	   0.085900	   0.048229	
17	3	    0.34194	    0.14268	     122.41	    0.92444	-9.7531e+92	-9.7531e+92	   0.047787	   0.034923	   0.035513	    0.50822	    0.10483	    0.11025	
17	4	    0.40110	    0.16736	     73.525	     2.3215	-9.7531e+92	-9.7531e+92	   0.055323	   0.024072	   0.043565	    0.19002	  -0.017327	  -0.021424	
17	5	 0.00060600	 0.00025286	     219.60	    0.12368	-9.7531e+92	-9.7531e+92	  0.0044543	 0.00011045	     0.0000	   -0.12775	 0.00038600	  -0.021994	
17	6	 2.9548e-11	 1.2329e-11	     251.72	   0.072906	-9.7531e+92	-9.7531e+92	  0.0025805	 1.0895e-05	     0.0000	   -0.25782	 3.7143e-05	  -0.032561	
17	7	 7.4717e-12	 3.1177e-12	     281.54	   0.047004	-9.7531e+92	-9.7531e+92	  0.0015636	 1.0728e-05	     0.0000	   -0.16003	 3.7966e-05	  -0.034113	
17	8	 2.3701e-12	 9.8895e-13	     258.50	   0.065716	-9.7531e+92	-9.7531e+92	 0.00066832	 1.1000e-05	     0.0000	  -0.031626	 3.5919e-05	 -0.0074561	
17	9	 1.2867e-11	 5.3690e-12	     293.28	   0.040011	-9.7531e+92	-9.7531e+92	  0.0059201	 1.0254e-05	     0.0000	     0.0000	 3.8358e-05	  -0.056470	
17	10	 3.4984e-11	 1.4598e-11	     270.72	   0.054831	-9.7531e+92	-9.7531e+92	 2.1450e-05	 1.1145e-05	     0.0000	 -0.0010365	 3.4520e-05	-0.00014766	
17	11	 5.9133e-12	 2.4674e-12	     290.18	   0.041722	-9.7531e+92	-9.7531e+92	 2.3150e-05	 1.1168e-05	     0.0000	-0.00065496	 3.4508e-05	-0.00019713	
17	12	 2.8024e-11	 1.1693e-11	     225.22	    0.11223	-9.7531e+92	-9.7531e+92	 2.1304e-05	 1.1069e-05	     0.0000	-0.00075475	 3.5060e-05	-8.9366e-05	
17	13	  0.0033395	  0.0013935	     287.27	   0.043413	-9.7531e+92	-9.7531e+92	   0.010146	 0.00051601	     0.0000	  -0.055876	  0.0026325	  -0.062467	
17	14	  0.0095581	  0.0039882	     254.84	   0.069479	-9.7531e+92	-9.7531e+92	  0.0095595	  0.0014501	     0.0000	  -0.035629	  0.0069032	  -0.055593	
17	15	   0.011401	  0.0047572	     175.81	    0.28425	-9.7531e+92	-9.7531e+92	   0.011294	  0.0016637	  0.0014527	 -0.0074656	  0.0069361	 -0.0062158	
17	16	 2.0575e-05	 8.5853e-06	     148.25	    0.51453	-9.7531e+92	-9.7531e+92	 0.00031497	 1.2604e-05	 0.00012076	-0.00046519	 5.8838e-05	-0.00019691	
17	17	     0.0000	     0.0000	     0.0000	     3.0000	-9.7531e+92	-9.7531e+92	    0.21216	     0.0000	    0.21064	     0.0000	     0.0000	     0.0000	
17	18	  0.0083929	  0.0035021	     258.46	   0.065759	-9.7531e+92	-9.7531e+92	  0.0068046	  0.0013121	     0.0000	  -0.094049	  0.0057259	  -0.064522	
17	19	 0.00026353	 0.00010996	     187.53	    0.22442	-9.7531e+92	-9.7531e+92	 0.00042281	 5.1966e-05	     0.0000	 -0.0024393	 0.00019281	-0.00035414	
17	20	 1.3938e-11	 5.8157e-12	     207.02	    0.15490	-9.7531e+92	-9.7531e+92	 0.00073468	 1.0630e-05	     0.0000	 -0.0023195	 3.7808e-05	 -0.0016683	
17	21	 2.3947e-11	 9.9922e-12	     326.31	   0.026229	-9.7531e+92	-9.7531e+92	 0.00055219	 1.1043e-05	     0.0000	  -0.041609	 3.5744e-05	 -0.0092404	
17	22	   0.076165	   0.031781	     106.10	     1.3231	-9.7531e+92	-9.7531e+92	   0.010206	  0.0092381	  0.0091527	    0.18600	   0.071162	   0.058915	
17	23	 9.1311e-12	 3.8101e-12	     284.58	   0.045056	-9.7531e+92	-9.7531e+92	  0.0010943	 1.0944e-05	     0.0000	  -0.012599	 3.5033e-05	  -0.025540	
17	24	 1.1675e-12	 4.8714e-13	     325.25	   0.026569	-9.7531e+92	-9.7531e+92	 2.3376e-05	 1.1172e-05	     0.0000	-3.1785e-05	 3.4526e-05	-0.00018282	
18	0	   0.083374	    0.22263	     116.29	     1.0606	-9.7531e+92	-9.7531e+92	    0.14902	    0.13170	     0.0000	 -0.0016862	   -0.77407	  0.0029307	
18	1	   0.064115	    0.17120	     111.77	     1.1715	-9.7531e+92	-9.7531e+92	   0.085613	    0.10432	     0.0000	 -0.0029463	   -0.62229	  0.0011692	
18	2	   0.054685	    0.14602	     137.27	    0.65930	-9.7531e+92	-9.7531e+92	   0.073910	   0.090855	     0.0000	  -0.015776	   -0.55383	  0.0075484	
18	3	 0.00047448	  0.0012670	     199.21	    0.17912	-9.7531e+92	-9.7531e+92	   0.013685	 0.00095576	     0.0000	   -0.10839	 -0.0047436	   0.020479	
18	4	 0.00032982	 0.00088071	     186.18	    0.23049	-9.7531e+92	-9.7531e+92	   0.012060	 0.00070577	     0.0000	   -0.10422	 -0.0038476	   0.022329	
18	5	    0.21874	    0.58410	     53.346	     2.7752	-9.7531e+92	-9.7531e+92	    0.16623	    0.38956	   0.050035	    0.52436	    -2.4148	   -0.16385	
18	6	   0.077946	    0.20814	     36.723	     2.9464	-9.7531e+92	-9.7531e+92	   0.091158	    0.13952	     0.0000	   0.052270	   -0.86352	  -0.012501	
18	7	   0.066206	    0.17679	     38.248	     2.9371	-9.7531e+92	-9.7531e+92	   0.099577	   0.064843	     0.0000	     0.0000	   -0.61646	     0.0000	
18	8	   0.025228	   0.067365	     75.421	     2.2666	-9.7531e+92	-9.7531e+92	   0.025978	   0.040247	     0.0000	   0.020807	   -0.25728	 -0.0097906	
18	9	   0.043740	    0.11680	     96.665	     1.6016	-9.7531e+92	-9.7531e+92	    0.10719	   0.068826	     0.0000	     0.0000	   -0.47606	   0.062039	
18	10	 1.2714e-05	 3.3950e-05	     118.82	     1.0023	-9.7531e+92	-9.7531e+92	 0.00036839	 0.00012645	     0.0000	-0.00099948	-0.00075163	 0.00030157	
18	11	 0.00070595	  0.0018851	     81.269	     2.0888	-9.7531e+92	-9.7531e+92	 0.00083490	  0.0012034	     0.0000	 0.00046474	 -0.0073219	-0.00029379	
18	12	 8.4742e-06	 2.2628e-05	     120.73	    0.96010	-9.7531e+92	-9.7531e+92	 0.00026146	 0.00012692	     0.0000	-0.00072464	-0.00075757	 0.00018151	
18	13	    0.11919	    0.31828	     87.611	     1.8878	-9.7531e+92	-9.7531e+92	    0.13678	    0.18116	     0.0000	   0.012641	    -1.1781	  -0.013713	
18	14	   0.097893	    0.26140	     78.249	     2.1820	-9.7531e+92	-9.7531e+92	    0.12913	    0.15387	     0.0000	-0.00015604	   -0.98859	 0.00027023	
18	15	  0.0075516	   0.020165	     116.73	     1.0502	-9.7531e+92	-9.7531e+92	   0.015749	   0.013170	     0.0000	  -0.017680	  -0.083304	   0.015005	
18	16	 9.2752e-07	 2.4767e-06	     110.59	     1.2021	-9.7531e+92	-9.7531e+92	 0.00021604	 0.00012935	     0.0000	-0.00099919	-0.00079227	 0.00040646	
18	17	 5.0049e-13	 1.3364e-12	     258.46	   0.065759	-9.7531e+92	-9.7531e+92	 0.00085603	 0.00013289	     0.0000	  -0.021516	-0.00081056	  0.0035930	
18	18	     0.0000	     0.0000	     0.0000	     3.0000	-9.7531e+92	-9.7531e+92	     1.4190	     0.0000	     1.1005	     0.0000	     0.0000	     0.0000	
18	19	 0.00049489	  0.0013215	     118.15	     1.0174	-9.7531e+92	-9.7531e+92	  0.0011733	 0.00099120	     0.0000	 -0.0017775	 -0.0060188	 0.00049423	
18	20	   0.017183	   0.045882	     90.275	     1.8027	-9.7531e+92	-9.7531e+92	   0.013244	   0.028496	  0.0039151	  0.0093399	   -0.17771	  -0.013570	
18	21	    0.10789	    0.28810	     79.511	     2.1434	-9.7531e+92	-9.7531e+92	   0.080623	    0.17809	   0.029991	     0.0000	    -1.1507	  -0.087415	
18	22	 1.8747e-12	 5.0058e-12	     205.13	    0.16037	-9.7531e+92	-9.7531e+92	 0.00059334	 0.00013259	     0.0000	  -0.013396	-0.00079403	  0.0024346	
18	23	   0.012026	   0.032113	     36.898	     2.9454	-9.7531e+92	-9.7531e+92	   0.044957	   0.019613	     0.0000	-5.9627e-05	   -0.12591	   0.040947	
18	24	  0.0021934	  0.0058570	     74.739	     2.2865	-9.7531e+92	-9.7531e+92	  0.0017359	  0.0037688	 0.00053584	 0.00015085	  -0.023412	 -0.0018188	
19	0	 4.0683e-05	 2.2513e-05	     234.49	   0.096052	-9.7531e+92	-9.7531e+92	   0.020986	 4.9835e-06	     0.0000	 -0.0089368	-0.00016954	    0.12924	
19	1	 0.00010049	 5.5609e-05	     226.57	    0.10968	-9.7531e+92	-9.7531e+92	  0.0055936	 7.9207e-06	     0.0000	  -0.035282	-0.00027035	   0.098780	
19	2	   0.036585	   0.020246	     139.30	    0.62950	-9.7531e+92	-9.7531e+92	   0.017019	  0.0016277	     0.0000	  -0.011871	  -0.062718	   0.043707	
19	3	   0.018317	   0.010136	     184.07	    0.24039	-9.7531e+92	-9.7531e+92	  0.0079624	 0.00079846	     0.0000	  -0.011072	  -0.030542	   0.016890	
19	4	    0.11677	   0.064620	     119.82	    0.98008	-9.7531e+92	-9.7531e+92	   0.021445	  0.0045474	  0.0058513	   0.079931	   -0.20693	   -0.14340	
19	5	    0.23944	    0.13250	     64.874	     2.5486	-9.7531e+92	-9.7531e+92	   0.045401	   0.011414	   0.021320	    0.16518	   -0.43592	   -0.32908	
19	6	 0.00065235	 0.00036100	     133.74	    0.71443	-9.7531e+92	-9.7531e+92	  0.0053403	 3.4494e-05	     0.0000	  -0.072289	 -0.0013245	    0.10876	
19	7	 0.00010261	 5.6782e-05	     154.38	    0.44913	-9.7531e+92	-9.7531e+92	  0.0054752	 7.9388e-06	     0.0000	  -0.045259	-0.00030986	    0.11251	
19	8	   0.085975	   0.047578	     80.536	     2.1117	-9.7531e+92	-9.7531e+92	   0.014047	  0.0036079	  0.0055859	   0.030910	   -0.14443	   -0.10952	
19	9	 6.1614e-07	 3.4096e-07	     193.08	    0.20137	-9.7531e+92	-9.7531e+92	   0.010076	 3.0462e-06	     0.0000	     0.0000	-0.00012299	    0.18493	
19	10	 0.00044945	 0.00024872	     85.643	     1.9506	-9.7531e+92	-9.7531e+92	 0.00026142	 2.3166e-05	 5.2528e-05	 0.00010164	-0.00085824	-0.00021215	
19	11	 7.2984e-05	 4.0388e-05	     108.78	     1.2499	-9.7531e+92	-9.7531e+92	 0.00016372	 6.7480e-06	     0.0000	-0.00014427	-0.00025950	 0.00058905	
19	12	  0.0013597	 0.00075242	     44.530	     2.8865	-9.7531e+92	-9.7531e+92	 0.00036330	 4.6182e-05	 0.00022237	 0.00052035	 -0.0011012	-0.00075604	
19	13	  0.0073630	  0.0040746	     184.51	    0.23831	-9.7531e+92	-9.7531e+92	   0.012448	 0.00033857	     0.0000	  -0.015216	  -0.011850	    0.13432	
19	14	   0.022097	   0.012228	     166.55	    0.34505	-9.7531e+92	-9.7531e+92	   0.016899	 0.00097591	     0.0000	 -0.0075146	  -0.036967	    0.11631	
19	15	  0.0017706	 0.00097985	     131.26	    0.75593	-9.7531e+92	-9.7531e+92	  0.0039620	 8.5334e-05	     0.0000	 -0.0064078	 -0.0033525	   0.036631	
19	16	 1.9523e-05	 1.0804e-05	     73.024	     2.3358	-9.7531e+92	-9.7531e+92	 0.00013043	 4.0702e-06	     0.0000	-0.00024450	-0.00015848	 0.00065014	
19	17	 9.1285e-13	 5.0516e-13	     187.53	    0.22442	-9.7531e+92	-9.7531e+92	  0.0012655	 3.0537e-06	     0.0000	 -0.0056375	-0.00012381	  0.0061882	
19	18	    0.16664	   0.092217	     118.15	     1.0174	-9.7531e+92	-9.7531e+92	   0.038491	  0.0074776	     0.0000	   0.011295	   -0.28763	  -0.074967	
19	19	     0.0000	     0.0000	     0.0000	     3.0000	-9.7531e+92	-9.7531e+92	    0.27739	     0.0000	    0.27680	     0.0000	     0.0000	     0.0000	
19	20	    0.29474	    0.16310	     28.400	     2.9806	-9.7531e+92	-9.7531e+92	   0.041561	   0.013408	   0.039627	   0.045465	   -0.52225	   -0.47837	
19	21	 1.1844e-09	 6.5543e-10	     197.71	    0.18427	-9.7531e+92	-9.7531e+92	  0.0025876	 3.2443e-06	     0.0000	  -0.011785	-0.00012445	   0.032406	
19	22	  0.0073529	  0.0040690	     93.933	     1.6868	-9.7531e+92	-9.7531e+92	  0.0019102	 0.00029905	 0.00051365	  0.0055333	  -0.012133	 -0.0073676	
19	23	 0.00015069	 8.3391e-05	     121.29	    0.94810	-9.7531e+92	-9.7531e+92	  0.0024842	 1.0458e-05	     0.0000	 -0.0035585	-0.00040695	   0.091181	
19	24	 8.7584e-08	 4.8468e-08	     150.08	    0.49393	-9.7531e+92	-9.7531e+92	 7.1260e-05	 3.2847e-06	     0.0000	-9.0007e-06	-0.00012571	 0.00066215	
20	0	  0.0019333	  0.0011274	     206.61	    0.15606	-9.7531e+92	-9.7531e+92	   0.020431	 0.00027151	     0.0000	  -0.025397	 -0.0083908	    0.32945	
20	1	  0.0015614	 0.00091057	     199.20	    0.17914	-9.7531e+92	-9.7531e+92	  0.0078518	 0.00022445	     0.0000	   -0.10019	 -0.0070109	    0.25182	
20	2	    0.18039	    0.10520	     139.77	    0.62284	-9.7531e+92	-9.7531e+92	   0.036446	   0.024114	     0.0000	    0.15515	   -0.82029	   -0.47735	
20	3	  0.0018797	  0.0010962	     185.64	    0.23299	-9.7531e+92	-9.7531e+92	  0.0066910	 0.00026033	     0.0000	  -0.084229	 -0.0085324	    0.10942	
20	4	   0.066735	   0.038918	     135.08	    0.69295	-9.7531e+92	-9.7531e+92	   0.015451	  0.0085284	     0.0000	    0.11500	   -0.30881	   -0.16010	
20	5	    0.19633	    0.11449	     39.691	     2.9273	-9.7531e+92	-9.7531e+92	   0.037724	   0.027518	   0.012347	    0.37415	   -0.95399	   -0.67163	
20	6	  0.0090964	  0.0053048	     111.59	     1.1762	-9.7531e+92	-9.7531e+92	  0.0090160	  0.0012877	     0.0000	   -0.18234	  -0.045010	    0.24724	
20	7	  0.0095258	  0.0055552	     126.68	    0.83907	-9.7531e+92	-9.7531e+92	  0.0081854	  0.0012692	     0.0000	   -0.10742	  -0.046667	    0.25292	
20	8	   0.028075	   0.016372	     51.987	     2.7958	-9.7531e+92	-9.7531e+92	  0.0069340	  0.0037490	     0.0000	   0.018778	   -0.13521	  -0.056207	
20	9	 1.7337e-06	 1.0110e-06	     174.09	    0.29453	-9.7531e+92	-9.7531e+92	   0.014769	 9.0741e-06	     0.0000	     0.0000	-0.00033351	    0.48393	
20	10	  0.0020693	  0.0012068	     74.457	     2.2947	-9.7531e+92	-9.7531e+92	 0.00039256	 0.00024497	 0.00017243	  0.0025209	 -0.0078755	 -0.0057618	
20	11	 0.00043607	 0.00025430	     83.734	     2.0113	-9.7531e+92	-9.7531e+92	 0.00017385	 7.0955e-05	     0.0000	 2.8480e-05	 -0.0024993	-0.00010055	
20	12	  0.0039761	  0.0023188	     45.010	     2.8817	-9.7531e+92	-9.7531e+92	 0.00064929	 0.00049604	 0.00050078	  0.0079535	  -0.017050	  -0.014422	
20	13	   0.058245	   0.033967	     165.04	    0.35635	-9.7531e+92	-9.7531e+92	   0.022387	  0.0077782	     0.0000	  -0.019379	   -0.24750	    0.15350	
20	14	    0.15471	   0.090222	     147.73	    0.52061	-9.7531e+92	-9.7531e+92	   0.034932	   0.020518	     0.0000	   0.018395	   -0.68222	   -0.22478	
20	15	  0.0075811	  0.0044211	     124.66	    0.87845	-9.7531e+92	-9.7531e+92	  0.0056300	  0.0010595	     0.0000	  -0.014440	  -0.037256	   0.070296	
20	16	 4.6198e-05	 2.6941e-05	     74.477	     2.2942	-9.7531e+92	-9.7531e+92	 0.00012503	 1.6088e-05	     0.0000	-0.00071959	-0.00056374	  0.0016080	
20	17	 5.8980e-13	 3.4395e-13	     207.02	    0.15490	-9.7531e+92	-9.7531e+92	 0.00091444	 9.3362e-06	     0.0000	  -0.017316	-0.00033266	   0.016207	
20	18	    0.26262	    0.15315	     90.275	     1.8027	-9.7531e+92	-9.7531e+92	   0.051122	   0.031955	     0.0000	   0.090522	    -1.2313	   -0.59912	
20	19	   0.013861	  0.0080835	     28.400	     2.9806	-9.7531e+92	-9.7531e+92	  0.0023142	  0.0011387	  0.0016964	  0.0085750	  -0.042737	  -0.034097	
20	20	     0.0000	     0.0000	     0.0000	     3.0000	-9.7531e+92	-9.7531e+92	    0.29266	     0.0000	    0.29062	     0.0000	     0.0000	     0.0000	
20	21	 1.1913e-07	 6.9475e-08	     169.84	    0.32188	-9.7531e+92	-9.7531e+92	  0.0034559	 9.4807e-06	     0.0000	  -0.034227	-0.00033241	   0.084851	
20	22	 0.00024112	 0.00014062	     116.48	     1.0560	-9.7531e+92	-9.7531e+92	 0.00069048	 3.6255e-05	     0.0000	 -0.0070592	 -0.0013226	  0.0086068	
20	23	 0.00068672	 0.00040048	     93.058	     1.7144	-9.7531e+92	-9.7531e+92	  0.0040869	 0.00010554	     0.0000	  -0.010230	 -0.0037526	    0.23637	
20	24	 6.1579e-06	 3.5911e-06	     121.85	    0.93617	-9.7531e+92	-9.7531e+92	 8.7343e-05	 1.0447e-05	     0.0000	-2.5726e-05	-0.00036543	  0.0017067	
21	0	   0.079296	   0.050142	     39.458	     2.9290	-9.7531e+92	-9.7531e+92	   0.022974	   0.018225	     0.0000	-0.00096112	   0.024225	 -0.0026500	
21	1	   0.071566	   0.045254	     57.297	     2.7081	-9.7531e+92	-9.7531e+92	   0.022055	   0.019322	     0.0000	  0.0033193	   0.050351	  0.0016958	
21	2	 7.9628e-05	 5.0352e-05	     197.19	    0.18609	-9.7531e+92	-9.7531e+92	  0.0081315	 3.9959e-05	     0.0000	  -0.031988	 9.8808e-05	  -0.018188	
21	3	 1.3803e-06	 8.7284e-07	     259.71	   0.064522	-9.7531e+92	-9.7531e+92	  0.0029396	 1.9121e-05	     0.0000	  -0.033551	 5.4793e-05	 -0.0085946	
21	4	 9.3264e-08	 5.8974e-08	     253.96	   0.070430	-9.7531e+92	-9.7531e+92	  0.0015540	 1.8693e-05	     0.0000	  -0.032117	 4.6465e-05	 -0.0078991	
21	5	 0.00025899	 0.00016377	     132.91	    0.72808	-9.7531e+92	-9.7531e+92	  0.0069088	 8.8584e-05	     0.0000	  -0.039430	 0.00018415	  -0.011414	
21	6	  0.0034407	  0.0021757	     78.899	     2.1621	-9.7531e+92	-9.7531e+92	   0.011207	  0.0010065	     0.0000	  -0.074750	  0.0019046	  -0.016046	
21	7	    0.54396	    0.34397	     44.967	     2.8822	-9.7531e+92	-9.7531e+92	   0.094216	    0.13050	   0.051921	     0.0000	    0.35707	    0.12552	
21	8	 7.4489e-05	 4.7102e-05	     132.38	    0.73687	-9.7531e+92	-9.7531e+92	  0.0030074	 3.9344e-05	     0.0000	 -0.0096358	 8.1418e-05	 -0.0039155	
21	9	  0.0055289	  0.0034961	     83.320	     2.0244	-9.7531e+92	-9.7531e+92	   0.016300	  0.0014296	     0.0000	     0.0000	  0.0033139	  -0.027602	
21	10	 1.1771e-09	 7.4432e-10	     171.26	    0.31241	-9.7531e+92	-9.7531e+92	 5.1377e-05	 1.9070e-05	     0.0000	-0.00031735	 3.9219e-05	-7.9209e-05	
21	11	 2.5349e-05	 1.6029e-05	     128.65	    0.80225	-9.7531e+92	-9.7531e+92	 6.8641e-05	 2.5933e-05	     0.0000	-0.00018825	 5.5159e-05	-9.9038e-05	
21	12	 1.5544e-12	 9.8288e-13	     187.39	    0.22505	-9.7531e+92	-9.7531e+92	 3.8070e-05	 1.9386e-05	     0.0000	-0.00023109	 3.6822e-05	-4.7923e-05	
21	13	   0.082174	   0.051962	     76.619	     2.2311	-9.7531e+92	-9.7531e+92	   0.026115	   0.021099	     0.0000	 -0.0028697	   0.057758	 -0.0047449	
21	14	    0.19361	    0.12243	     101.18	     1.4647	-9.7531e+92	-9.7531e+92	   0.042936	   0.048347	     0.0000	   0.011934	    0.10026	   0.027830	
21	15	 9.1705e-06	 5.7988e-06	     175.65	    0.28523	-9.7531e+92	-9.7531e+92	  0.0023490	 2.1550e-05	     0.0000	 -0.0079215	 4.1512e-05	 -0.0062057	
21	16	 1.2487e-12	 7.8959e-13	     180.81	    0.25669	-9.7531e+92	-9.7531e+92	 3.7768e-05	 2.0072e-05	     0.0000	-0.00030501	 3.0474e-05	-0.00010112	
21	17	 2.9327e-13	 1.8545e-13	     326.31	   0.026229	-9.7531e+92	-9.7531e+92	 0.00012947	 2.0349e-05	     0.0000	 -0.0065527	 2.8172e-05	-0.00091617	
21	18	   0.018283	   0.011561	     79.511	     2.1434	-9.7531e+92	-9.7531e+92	   0.045838	  0.0034421	     0.0000	     0.0000	-0.00013688	     0.0000	
21	19	 6.3091e-10	 3.9895e-10	     197.71	    0.18427	-9.7531e+92	-9.7531e+92	 9.9235e-05	 1.9592e-05	     0.0000	 -0.0010778	 3.5111e-05	-0.00025550	
21	20	 4.2387e-07	 2.6803e-07	     169.84	    0.32188	-9.7531e+92	-9.7531e+92	 0.00049999	 1.9183e-05	     0.0000	-0.00071009	 3.7534e-05	-0.00088316	
21	21	     0.0000	     0.0000	     0.0000	     3.0000	-9.7531e+92	-9.7531e+92	    0.31957	     0.0000	    0.30758	     0.0000	     0.0000	     0.0000	
21	22	 1.7246e-14	 1.0905e-14	     284.69	   0.044983	-9.7531e+92	-9.7531e+92	 8.6852e-05	 2.0384e-05	     0.0000	 -0.0040798	 2.9835e-05	-0.00063254	
21	23	  0.0011829	 0.00074802	     78.648	     2.1698	-9.7531e+92	-9.7531e+92	  0.0050003	 0.00034596	     0.0000	 -0.0037717	 0.00076029	  -0.013295	
21	24	 0.00050189	 0.00031736	     85.071	     1.9688	-9.7531e+92	-9.7531e+92	 0.00016258	 0.00015896	     0.0000	 3.0073e-06	 0.00037395	 3.0218e-05	
22	0	 3.5426e-06	 1.9767e-06	     321.47	   0.027830	-9.7531e+92	-9.7531e+92	  0.0070810	 7.6415e-06	     0.0000	  -0.021485	 1.2009e-06	  0.0023668	
22	1	 2.6582e-05	 1.4832e-05	     312.59	   0.031097	-9.7531e+92	-9.7531e+92	  0.0032171	 1.0347e-05	     0.0000	  -0.084880	-1.4947e-06	  0.0034284	
22	2	    0.11742	   0.065517	     161.29	    0.38622	-9.7531e+92	-9.7531e+92	   0.035022	   0.010599	     0.0000	   0.029612	  -0.020167	 -0.0059004	
22	3	    0.24188	    0.13496	     164.94	    0.35711	-9.7531e+92	-9.7531e+92	   0.048651	   0.019110	   0.032239	    0.30026	  -0.056971	  -0.030501	
22	4	    0.40585	    0.22646	     82.638	     2.0459	-9.7531e+92	-9.7531e+92	   0.071203	   0.016330	   0.055480	    0.14032	   -0.25770	   -0.22016	
22	5	   0.036106	   0.020146	     151.89	    0.47454	-9.7531e+92	-9.7531e+92	   0.012647	  0.0040697	     0.0000	  -0.015028	 -0.0074118	  0.0013588	
22	6	 1.0354e-05	 5.7775e-06	     216.08	    0.13159	-9.7531e+92	-9.7531e+92	  0.0035851	 8.6227e-06	     0.0000	   -0.17545	-1.7009e-05	   0.012556	
22	7	 1.4019e-11	 7.8224e-12	     241.36	   0.085874	-9.7531e+92	-9.7531e+92	  0.0024454	 7.3504e-06	     0.0000	   -0.10893	-1.3984e-05	   0.012450	
22	8	 0.00049950	 0.00027871	     168.70	    0.32968	-9.7531e+92	-9.7531e+92	  0.0014548	 6.3922e-05	     0.0000	  -0.020807	-0.00013419	  0.0030460	
22	9	 1.6411e-11	 9.1571e-12	     266.14	   0.058633	-9.7531e+92	-9.7531e+92	  0.0080135	 7.0333e-06	     0.0000	     0.0000	-1.3652e-05	   0.020143	
22	10	 4.5004e-11	 2.5111e-11	     176.66	    0.27933	-9.7531e+92	-9.7531e+92	 5.0389e-05	 7.6305e-06	     0.0000	-0.00070520	-1.7033e-05	 6.8827e-05	
22	11	 3.0504e-11	 1.7021e-11	     200.45	    0.17499	-9.7531e+92	-9.7531e+92	 4.0883e-05	 7.6515e-06	     0.0000	-0.00044579	-1.7109e-05	 9.0641e-05	
22	12	 0.00030829	 0.00017202	     131.16	    0.75767	-9.7531e+92	-9.7531e+92	 0.00010510	 4.2374e-05	     0.0000	 0.00032669	-8.4350e-05	-2.6487e-05	
22	13	  0.0030611	  0.0017080	     260.15	   0.064098	-9.7531e+92	-9.7531e+92	   0.013090	 0.00032491	     0.0000	  -0.038158	-5.3854e-05	  0.0035177	
22	14	   0.014293	  0.0079755	     227.39	    0.10817	-9.7531e+92	-9.7531e+92	   0.013742	  0.0014952	     0.0000	  -0.023203	-0.00088935	  0.0058873	
22	15	  0.0041504	  0.0023158	     163.21	    0.37056	-9.7531e+92	-9.7531e+92	   0.012070	 0.00042290	     0.0000	 -0.0086577	-0.00078147	  0.0035787	
22	16	  0.0013275	 0.00074073	     106.73	     1.3057	-9.7531e+92	-9.7531e+92	 0.00056554	 0.00013831	 0.00030584	 0.00076107	-0.00018191	-0.00015851	
22	17	   0.032632	   0.018208	     106.10	     1.3231	-9.7531e+92	-9.7531e+92	  0.0088278	  0.0024580	  0.0067927	   0.046048	   0.014821	   0.012218	
22	18	  0.0064714	  0.0036109	     205.13	    0.16037	-9.7531e+92	-9.7531e+92	   0.011011	 0.00069504	     0.0000	  -0.065121	-0.00072206	   0.013016	
22	19	   0.033751	   0.018832	     93.933	     1.6868	-9.7531e+92	-9.7531e+92	  0.0051628	  0.0035946	  0.0045718	   0.072989	 -0.0053900	 -0.0061208	
22	20	    0.10221	   0.057031	     116.48	     1.0560	-9.7531e+92	-9.7531e+92	   0.015393	   0.011154	   0.013443	   0.045385	  -0.022166	  -0.020690	
22	21	 2.8555e-12	 1.5933e-12	     284.69	   0.044983	-9.7531e+92	-9.7531e+92	 0.00088355	 7.5703e-06	     0.0000	  -0.028321	-1.6014e-05	  0.0039225	
22	22	     0.0000	     0.0000	     0.0000	     3.0000	-9.7531e+92	-9.7531e+92	    0.28209	     0.0000	    0.28068	     0.0000	     0.0000	     0.0000	
22	23	 6.9904e-12	 3.9005e-12	     209.07	    0.14920	-9.7531e+92	-9.7531e+92	  0.0015419	 7.5008e-06	     0.0000	 -0.0085756	-1.6665e-05	   0.011388	
22	24	 1.2778e-11	 7.1299e-12	     237.89	   0.090842	-9.7531e+92	-9.7531e+92	 3.4360e-05	 7.6553e-06	     0.0000	-2.1634e-05	-1.7103e-05	 8.3782e-05	
23	0	    0.12637	   0.059739	     119.13	    0.99543	-9.7531e+92	-9.7531e+92	   0.025083	   0.081122	     0.0000	   0.019457	   0.096786	  -0.074360	
23	1	   0.031699	   0.014985	     132.72	    0.73117	-9.7531e+92	-9.7531e+92	   0.012107	   0.014067	     0.0000	 -0.0096612	  -0.046881	   0.069086	
23	2	  0.0018009	 0.00085135	     168.40	    0.33177	-9.7531e+92	-9.7531e+92	  0.0082390	  0.0012980	     0.0000	   -0.14401	  0.0012231	    0.13754	
23	3	 1.2671e-05	 5.9898e-06	     228.38	    0.10637	-9.7531e+92	-9.7531e+92	  0.0020441	 5.7781e-05	     0.0000	   -0.15514	 8.7429e-05	   0.061009	
23	4	 5.9573e-06	 2.8162e-06	     212.30	    0.14074	-9.7531e+92	-9.7531e+92	  0.0013909	 5.2786e-05	     0.0000	   -0.14854	 5.5865e-05	   0.062867	
23	5	   0.042082	   0.019893	     65.633	     2.5304	-9.7531e+92	-9.7531e+92	   0.010882	   0.030840	     0.0000	 -0.0060750	   0.012239	  0.0035356	
23	6	   0.023842	   0.011271	     73.330	     2.3271	-9.7531e+92	-9.7531e+92	  0.0098351	  0.0076814	     0.0000	     0.0000	   0.083223	     0.0000	
23	7	    0.24316	    0.11495	     58.677	     2.6821	-9.7531e+92	-9.7531e+92	   0.035783	    0.17277	  0.0041636	    0.59678	   0.073365	   -0.43403	
23	8	   0.022606	   0.010686	     54.810	     2.7517	-9.7531e+92	-9.7531e+92	  0.0046288	   0.017148	     0.0000	   0.021610	  0.0034218	  -0.018614	
23	9	 0.00083176	 0.00039320	     121.73	    0.93874	-9.7531e+92	-9.7531e+92	   0.015764	 0.00058653	     0.0000	     0.0000	 0.00032531	    0.26807	
23	10	 2.8189e-05	 1.3326e-05	     95.614	     1.6342	-9.7531e+92	-9.7531e+92	 6.5708e-05	 7.3303e-05	     0.0000	 -0.0013351	 1.4050e-05	 0.00072995	
23	11	  0.0015641	 0.00073940	     53.605	     2.7712	-9.7531e+92	-9.7531e+92	 0.00025231	  0.0012557	 2.5493e-05	  0.0025783	 0.00012218	 -0.0029576	
23	12	 1.3715e-06	 6.4833e-07	     109.85	     1.2215	-9.7531e+92	-9.7531e+92	 4.2337e-05	 5.3306e-05	     0.0000	 -0.0010612	 2.3678e-06	 0.00048176	
23	13	    0.21725	    0.10270	     113.01	     1.1402	-9.7531e+92	-9.7531e+92	   0.035577	    0.14686	     0.0000	    0.10014	    0.23038	   -0.23543	
23	14	    0.12662	   0.059857	     114.84	     1.0952	-9.7531e+92	-9.7531e+92	   0.025368	   0.080661	     0.0000	   0.016414	   0.057463	  -0.059031	
23	15	 7.5954e-05	 3.5905e-05	     149.47	    0.50076	-9.7531e+92	-9.7531e+92	  0.0018005	 0.00010530	     0.0000	  -0.036540	 4.0853e-05	   0.057710	
23	16	 5.7267e-08	 2.7071e-08	     136.77	    0.66684	-9.7531e+92	-9.7531e+92	 3.0687e-05	 5.2064e-05	     0.0000	 -0.0014107	-1.9971e-06	  0.0010363	
23	17	 1.2206e-12	 5.7702e-13	     284.58	   0.045056	-9.7531e+92	-9.7531e+92	 0.00010803	 5.2425e-05	     0.0000	  -0.030312	-3.1786e-06	  0.0091981	
23	18	    0.15143	   0.071585	     36.898	     2.9454	-9.7531e+92	-9.7531e+92	   0.038349	   0.098556	     0.0000	   0.038393	   0.068009	  -0.071384	
23	19	 0.00014147	 6.6879e-05	     121.29	    0.94810	-9.7531e+92	-9.7531e+92	 0.00013776	 0.00016338	     0.0000	 -0.0042762	 1.0839e-05	  0.0021699	
23	20	  0.0020766	 0.00098167	     93.058	     1.7144	-9.7531e+92	-9.7531e+92	 0.00070300	  0.0016410	     0.0000	 -0.0012980	 0.00026871	  0.0034449	
23	21	  0.0075063	  0.0035484	     78.648	     2.1698	-9.7531e+92	-9.7531e+92	  0.0036891	  0.0056681	     0.0000	  -0.035560	  0.0012142	   0.028924	
23	22	 1.7382e-12	 8.2167e-13	     209.07	    0.14920	-9.7531e+92	-9.7531e+92	 7.4364e-05	 5.2687e-05	     0.0000	  -0.018873	 6.0658e-07	  0.0062602	
23	23	     0.0000	     0.0000	     0.0000	     3.0000	-9.7531e+92	-9.7531e+92	    0.24055	     0.0000	    0.21546	     0.0000	     0.0000	     0.0000	
23	24	 0.00088415	 0.00041796	     40.708	     2.9198	-9.7531e+92	-9.7531e+92	 0.00017410	 0.00069060	     0.0000	 5.8796e-05	 0.00025053	 -0.0012867	
24	0	    0.24724	   0.094609	     123.34	    0.90511	-9.7531e+92	-9.7531e+92	   0.030867	  0.0014963	     0.0000	 0.00040203	 -0.0078757	 -0.0010168	
24	1	    0.20135	   0.077049	     142.19	    0.58963	-9.7531e+92	-9.7531e+92	   0.025988	  0.0013761	 0.00080949	  0.0018087	 -0.0048534	-0.00091403	
24	2	 0.00026681	 0.00010210	     210.29	    0.14595	-9.7531e+92	-9.7531e+92	  0.0051314	 2.3082e-06	     0.0000	-0.00073386	-8.6776e-06	 0.00048098	
24	3	 1.4692e-06	 5.6220e-07	     270.69	   0.054855	-9.7531e+92	-9.7531e+92	  0.0013271	 4.8007e-07	     0.0000	-0.00077195	-1.5267e-06	 0.00020502	
24	4	 1.0666e-06	 4.0815e-07	     253.16	   0.071301	-9.7531e+92	-9.7531e+92	 0.00088196	 4.7519e-07	     0.0000	-0.00073893	-1.7647e-06	 0.00021548	
24	5	   0.017581	  0.0067275	     106.34	     1.3165	-9.7531e+92	-9.7531e+92	  0.0062197	 0.00012307	     0.0000	-0.00054399	-0.00053725	 0.00022328	
24	6	  0.0062029	  0.0023736	     108.13	     1.2674	-9.7531e+92	-9.7531e+92	   0.010042	 4.5150e-05	     0.0000	 -0.0016425	-0.00018846	 0.00051357	
24	7	   0.065465	   0.025051	     84.614	     1.9834	-9.7531e+92	-9.7531e+92	   0.014222	 0.00041931	     0.0000	-5.5308e-06	 -0.0018832	 1.2706e-05	
24	8	   0.010867	  0.0041585	     77.960	     2.1908	-9.7531e+92	-9.7531e+92	  0.0024463	 7.8001e-05	     0.0000	-6.3311e-05	-0.00032073	 3.9164e-05	
24	9	  0.0013306	 0.00050917	     149.07	    0.50520	-9.7531e+92	-9.7531e+92	   0.014460	 9.3449e-06	     0.0000	     0.0000	-4.2710e-05	 0.00093596	
24	10	 0.00054308	 0.00020782	     102.71	     1.4197	-9.7531e+92	-9.7531e+92	 9.0540e-05	 4.3606e-06	     0.0000	 4.7901e-06	-9.4216e-06	-5.3346e-07	
24	11	  0.0053487	  0.0020467	     56.094	     2.7297	-9.7531e+92	-9.7531e+92	 0.00055897	 3.8193e-05	 0.00037537	 4.8086e-05	-8.5334e-05	-1.1490e-05	
24	12	 4.3269e-05	 1.6557e-05	     132.31	    0.73810	-9.7531e+92	-9.7531e+92	 3.5922e-05	 8.1581e-07	     0.0000	-4.0690e-06	-3.4055e-06	 1.3258e-06	
24	13	    0.12611	   0.048259	     142.21	    0.58941	-9.7531e+92	-9.7531e+92	   0.020552	 0.00083550	     0.0000	 0.00011747	 -0.0028483	-0.00018374	
24	14	   0.080100	   0.030651	     150.00	    0.49487	-9.7531e+92	-9.7531e+92	   0.016578	 0.00053570	     0.0000	-5.2338e-05	 -0.0020190	 0.00012723	
24	15	 5.2214e-06	 1.9980e-06	     189.75	    0.21485	-9.7531e+92	-9.7531e+92	  0.0011834	 5.2059e-07	     0.0000	-0.00018229	-2.2295e-06	 0.00020312	
24	16	 8.7579e-12	 3.3513e-12	     177.80	    0.27291	-9.7531e+92	-9.7531e+92	 2.2187e-05	 5.0935e-07	     0.0000	-7.0178e-06	-2.2760e-06	 3.6817e-06	
24	17	 2.6276e-12	 1.0055e-12	     325.25	   0.026569	-9.7531e+92	-9.7531e+92	 7.1559e-05	 5.0951e-07	     0.0000	-0.00015077	-2.2906e-06	 3.2590e-05	
24	18	    0.21507	   0.082299	     74.739	     2.2865	-9.7531e+92	-9.7531e+92	   0.031324	  0.0011544	     0.0000	 0.00012673	 -0.0086810	 -0.0012058	
24	19	 2.6002e-05	 9.9499e-06	     150.08	    0.49393	-9.7531e+92	-9.7531e+92	 7.6853e-05	 6.9268e-07	     0.0000	-2.4147e-05	-2.9587e-06	 8.7139e-06	
24	20	 0.00027823	 0.00010647	     121.85	    0.93617	-9.7531e+92	-9.7531e+92	 0.00037954	 2.5275e-06	     0.0000	-1.4998e-05	-1.0798e-05	 2.8329e-05	
24	21	   0.012434	  0.0047579	     85.071	     1.9688	-9.7531e+92	-9.7531e+92	  0.0035882	 8.9747e-05	     0.0000	-0.00010056	-0.00035794	 5.8103e-05	
24	22	 3.4216e-13	 1.3093e-13	     237.89	   0.090842	-9.7531e+92	-9.7531e+92	 5.0011e-05	 5.1099e-07	     0.0000	-9.3869e-05	-2.2449e-06	 2.2141e-05	
24	23	  0.0097291	  0.0037229	     40.708	     2.9198	-9.7531e+92	-9.7531e+92	  0.0051401	 6.9152e-05	     0.0000	-7.2443e-05	-0.00024856	 0.00039258	
24	24	     0.0000	     0.0000	     0.0000	     3.0000	-9.7531e+92	-9.7531e+92	    0.19138	     0.0000	    0.19121	     0.0000	     0.0000	     0.0000	
