#source	Target	value	weight	distance	potential1	geneCorrelation	separation	influenceWeight	betweenness	influence'Weight	betweenness'	nbetweenness	nbetweenness'	
0	0	     0.0000	     0.0000	     0.0000	     3.0000	-9.7531e+92	-9.7531e+92	     3.4270	     0.0000	     2.4915	     0.0000	     0.0000	     0.0000	
0	1	   0.034153	    0.21361	     35.562	     2.9528	-9.7531e+92	-9.7531e+92	    0.19042	   0.038354	     0.0000	 -0.0022687	    0.30953	  -0.034574	
0	2	 0.00057879	  0.0036200	     211.35	    0.14318	-9.7531e+92	-9.7531e+92	   0.028781	 0.00092506	     0.0000	 -0.0028696	  0.0087526	  -0.021891	
0	3	 1.1333e-05	 7.0879e-05	     273.88	   0.052386	-9.7531e+92	-9.7531e+92	  0.0028135	 0.00013512	     0.0000	 -0.0023085	  0.0011410	 -0.0051751	
0	4	 5.9452e-08	 3.7184e-07	     281.58	   0.046977	-9.7531e+92	-9.7531e+92	  0.0022268	 0.00011526	     0.0000	 -0.0042935	 0.00095818	 -0.0062936	
0	5	  0.0012657	  0.0079164	     169.69	    0.32292	-9.7531e+92	-9.7531e+92	   0.012395	  0.0022456	     0.0000	-0.00028860	   0.018096	  -0.012961	
0	6	  0.0096271	   0.060211	     105.31	     1.3454	-9.7531e+92	-9.7531e+92	    0.18362	   0.015448	     0.0000	  -0.023216	    0.13287	  -0.093385	
0	7	   0.014431	   0.090255	     80.265	     2.1201	-9.7531e+92	-9.7531e+92	   0.063335	   0.022200	     0.0000	     0.0000	    0.20234	  -0.017303	
0	8	 0.00017864	  0.0011173	     172.11	    0.30693	-9.7531e+92	-9.7531e+92	   0.069870	 0.00036708	     0.0000	 -0.0058934	  0.0033857	  -0.069658	
0	9	    0.79451	     4.9692	     86.890	     1.9108	-9.7531e+92	-9.7531e+92	     1.3777	     1.0000	    0.54444	     0.0000	     11.195	    0.71777	
0	10	 2.1419e-13	 1.3396e-12	     210.64	    0.14503	-9.7531e+92	-9.7531e+92	 0.00026051	 0.00012248	     0.0000	-3.6275e-05	 0.00087040	-0.00012146	
0	11	 1.3774e-06	 8.6147e-06	     167.10	    0.34103	-9.7531e+92	-9.7531e+92	 0.00034910	 0.00011776	     0.0000	-3.6320e-05	 0.00092547	-0.00023476	
0	12	 2.7242e-13	 1.7038e-12	     226.76	    0.10933	-9.7531e+92	-9.7531e+92	 0.00041903	 0.00012492	     0.0000	-0.00014359	 0.00086048	-0.00042882	
0	13	   0.035065	    0.21931	     86.013	     1.9388	-9.7531e+92	-9.7531e+92	    0.25110	   0.054842	     0.0000	 -0.0096931	    0.50537	  -0.062246	
0	14	   0.035049	    0.21921	     114.85	     1.0949	-9.7531e+92	-9.7531e+92	    0.22669	   0.028891	     0.0000	     0.0000	    0.16597	     0.0000	
0	15	 0.00017702	  0.0011072	     189.51	    0.21584	-9.7531e+92	-9.7531e+92	  0.0074902	 0.00043554	     0.0000	 -0.0022256	  0.0032689	 -0.0076993	
0	16	 1.6248e-13	 1.0162e-12	     217.18	    0.12904	-9.7531e+92	-9.7531e+92	 0.00021982	 0.00012008	     0.0000	-1.0551e-05	 0.00086619	-2.3781e-05	
0	17	 4.8469e-13	 3.0314e-12	     353.56	   0.019078	-9.7531e+92	-9.7531e+92	  0.0011360	 0.00011442	     0.0000	 -0.0033896	 0.00084498	 -0.0051512	
0	18	   0.030934	    0.19347	     116.29	     1.0606	-9.7531e+92	-9.7531e+92	    0.23116	   0.047091	     0.0000	  -0.017045	    0.42789	  -0.082584	
0	19	 3.0580e-13	 1.9126e-12	     234.49	   0.096052	-9.7531e+92	-9.7531e+92	 0.00057945	 0.00012291	     0.0000	-0.00029156	 0.00087144	-0.00093331	
0	20	 2.1628e-13	 1.3527e-12	     206.61	    0.15606	-9.7531e+92	-9.7531e+92	  0.0044291	 0.00011086	     0.0000	 -0.0011807	 0.00090412	 -0.0084902	
0	21	   0.043162	    0.26995	     39.458	     2.9290	-9.7531e+92	-9.7531e+92	    0.10410	   0.076138	     0.0000	  0.0051856	    0.58089	   0.018794	
0	22	 7.8632e-14	 4.9179e-13	     321.47	   0.027830	-9.7531e+92	-9.7531e+92	 0.00026622	 0.00013058	     0.0000	-0.00031521	 0.00084594	-0.00044166	
0	23	 0.00071627	  0.0044798	     119.13	    0.99543	-9.7531e+92	-9.7531e+92	   0.066722	  0.0011603	     0.0000	 -0.0025535	   0.011404	  -0.072835	
0	24	 0.00014113	 0.00088268	     123.34	    0.90511	-9.7531e+92	-9.7531e+92	 0.00067420	 0.00032048	     0.0000	-1.7572e-06	  0.0030705	-0.00020072	
1	0	    0.27193	     1.4454	     35.562	     2.9528	-9.7531e+92	-9.7531e+92	    0.55658	    0.13438	     0.0000	     0.0000	  -0.035382	     0.0000	
1	1	     0.0000	     0.0000	     0.0000	     3.0000	-9.7531e+92	-9.7531e+92	     2.7396	     0.0000	     2.3975	     0.0000	     0.0000	     0.0000	
1	2	  0.0040365	   0.021455	     184.62	    0.23778	-9.7531e+92	-9.7531e+92	   0.029662	  0.0026314	     0.0000	     0.0000	  0.0031868	     0.0000	
1	3	 8.0000e-05	 0.00042521	     244.14	   0.082134	-9.7531e+92	-9.7531e+92	  0.0025650	 0.00010155	     0.0000	     0.0000	 0.00015972	     0.0000	
1	4	 8.2127e-07	 4.3651e-06	     272.02	   0.053810	-9.7531e+92	-9.7531e+92	  0.0021776	 4.5011e-05	     0.0000	     0.0000	 5.5121e-05	     0.0000	
1	5	  0.0021962	   0.011673	     161.91	    0.38106	-9.7531e+92	-9.7531e+92	   0.014137	  0.0013950	     0.0000	     0.0000	  0.0016501	     0.0000	
1	6	   0.081385	    0.43257	     96.519	     1.6061	-9.7531e+92	-9.7531e+92	    0.20875	   0.050461	     0.0000	     0.0000	   0.046536	     0.0000	
1	7	   0.035277	    0.18750	     75.481	     2.2648	-9.7531e+92	-9.7531e+92	   0.078644	   0.020233	     0.0000	     0.0000	   0.035832	     0.0000	
1	8	 6.1980e-06	 3.2943e-05	     184.58	    0.23797	-9.7531e+92	-9.7531e+92	   0.094400	 4.6729e-05	     0.0000	     0.0000	 2.7303e-05	     0.0000	
1	9	   0.064170	    0.34107	     55.376	     2.7421	-9.7531e+92	-9.7531e+92	    0.32306	   0.034476	     0.0000	     0.0000	   0.046801	     0.0000	
1	10	 1.4820e-13	 7.8769e-13	     228.04	    0.10699	-9.7531e+92	-9.7531e+92	 0.00024349	 4.7995e-05	     0.0000	     0.0000	 1.2636e-05	     0.0000	
1	11	 6.6673e-14	 3.5438e-13	     185.20	    0.23505	-9.7531e+92	-9.7531e+92	 0.00035185	 4.6831e-05	     0.0000	     0.0000	 1.9521e-05	     0.0000	
1	12	 1.0301e-13	 5.4749e-13	     231.78	    0.10046	-9.7531e+92	-9.7531e+92	 0.00045965	 4.8481e-05	     0.0000	     0.0000	 9.3233e-06	     0.0000	
1	13	   0.055595	    0.29550	     57.043	     2.7128	-9.7531e+92	-9.7531e+92	    0.18629	   0.031537	     0.0000	     0.0000	   0.010368	     0.0000	
1	14	    0.19640	     1.0439	     88.839	     1.8485	-9.7531e+92	-9.7531e+92	    0.36383	    0.10384	     0.0000	     0.0000	   0.043477	     0.0000	
1	15	 0.00064444	  0.0034253	     167.83	    0.33581	-9.7531e+92	-9.7531e+92	  0.0090907	 0.00048139	     0.0000	     0.0000	 0.00027177	     0.0000	
1	16	 2.1581e-14	 1.1471e-13	     207.46	    0.15366	-9.7531e+92	-9.7531e+92	 0.00018989	 4.8633e-05	     0.0000	     0.0000	-3.0475e-06	     0.0000	
1	17	 6.4875e-14	 3.4482e-13	     342.57	   0.021626	-9.7531e+92	-9.7531e+92	  0.0010824	 4.4471e-05	     0.0000	     0.0000	-2.9227e-06	     0.0000	
1	18	   0.077227	    0.41047	     111.77	     1.1715	-9.7531e+92	-9.7531e+92	    0.31464	   0.046084	     0.0000	     0.0000	   0.036445	     0.0000	
1	19	 3.5774e-13	 1.9015e-12	     226.57	    0.10968	-9.7531e+92	-9.7531e+92	 0.00064898	 4.8103e-05	     0.0000	     0.0000	 1.3497e-05	     0.0000	
1	20	 2.3787e-08	 1.2643e-07	     199.20	    0.17914	-9.7531e+92	-9.7531e+92	  0.0058296	 4.6102e-05	     0.0000	     0.0000	 1.9442e-05	     0.0000	
1	21	    0.20991	     1.1157	     57.297	     2.7081	-9.7531e+92	-9.7531e+92	    0.30555	    0.14175	    0.16850	     0.0000	    0.10782	     0.0000	
1	22	 1.1747e-13	 6.2438e-13	     312.59	   0.031097	-9.7531e+92	-9.7531e+92	 0.00023349	 5.0198e-05	     0.0000	     0.0000	 9.3060e-07	     0.0000	
1	23	  0.0010800	  0.0057403	     132.72	    0.73117	-9.7531e+92	-9.7531e+92	   0.076050	 0.00067971	     0.0000	     0.0000	  0.0015367	     0.0000	
1	24	 5.7086e-05	 0.00030342	     142.19	    0.58963	-9.7531e+92	-9.7531e+92	 0.00058640	 7.5735e-05	     0.0000	     0.0000	 0.00019692	     0.0000	
2	0	  0.0017376	  0.0049257	     211.35	    0.14318	-9.7531e+92	-9.7531e+92	    0.16185	 0.00082419	     0.0000	  -0.072743	-0.00057792	    0.16360	
2	1	   0.013852	   0.039269	     184.62	    0.23778	-9.7531e+92	-9.7531e+92	   0.044030	  0.0067263	     0.0000	 -0.0090460	 -0.0099700	   0.062529	
2	2	     0.0000	     0.0000	     0.0000	     3.0000	-9.7531e+92	-9.7531e+92	     1.4500	     0.0000	     1.3923	     0.0000	     0.0000	     0.0000	
2	3	   0.079211	    0.22455	     63.167	     2.5880	-9.7531e+92	-9.7531e+92	   0.067162	   0.027323	   0.053774	   0.028512	   -0.22050	   -0.18171	
2	4	   0.071688	    0.20322	     91.235	     1.7721	-9.7531e+92	-9.7531e+92	   0.069417	   0.025969	   0.053028	   0.072924	   -0.14557	   -0.12241	
2	5	   0.017540	   0.049724	     120.45	    0.96633	-9.7531e+92	-9.7531e+92	   0.016653	  0.0082276	     0.0000	 8.9943e-05	  -0.030246	 -0.0075208	
2	6	   0.017423	   0.049391	     118.53	     1.0087	-9.7531e+92	-9.7531e+92	   0.075219	  0.0086099	     0.0000	  -0.050364	  -0.033628	    0.14036	
2	7	  0.0018002	  0.0051034	     153.12	    0.46179	-9.7531e+92	-9.7531e+92	   0.018257	 0.00093930	     0.0000	     0.0000	 -0.0037684	   0.052551	
2	8	 2.4237e-05	 6.8710e-05	     174.51	    0.29198	-9.7531e+92	-9.7531e+92	   0.019647	 4.3316e-05	     0.0000	  -0.015884	-0.00018589	    0.12058	
2	9	  0.0030889	  0.0087566	     133.64	    0.71608	-9.7531e+92	-9.7531e+92	   0.080322	  0.0014481	     0.0000	     0.0000	 -0.0061306	    0.23596	
2	10	 3.0241e-12	 8.5729e-12	     213.20	    0.13850	-9.7531e+92	-9.7531e+92	 0.00011241	 3.4743e-05	     0.0000	-8.4591e-05	-0.00014604	 0.00021921	
2	11	 1.6100e-13	 4.5643e-13	     197.83	    0.18388	-9.7531e+92	-9.7531e+92	 0.00014188	 3.4543e-05	     0.0000	-8.4128e-05	-0.00014592	 0.00042530	
2	12	 3.5326e-14	 1.0014e-13	     181.48	    0.25322	-9.7531e+92	-9.7531e+92	 0.00015909	 3.4603e-05	     0.0000	-0.00033506	-0.00014118	 0.00077373	
2	13	   0.084078	    0.23835	     127.66	    0.82064	-9.7531e+92	-9.7531e+92	    0.14523	   0.036178	     0.0000	 -0.0023961	   -0.15133	  0.0072738	
2	14	    0.61059	     1.7309	     97.273	     1.5829	-9.7531e+92	-9.7531e+92	    0.47914	    0.25166	    0.17915	   0.044840	    -1.1660	   -0.64978	
2	15	   0.076891	    0.21797	     21.827	     2.9932	-9.7531e+92	-9.7531e+92	   0.072704	   0.034377	   0.051918	   0.043370	   -0.12758	   -0.11735	
2	16	 0.00046019	  0.0013046	     68.097	     2.4691	-9.7531e+92	-9.7531e+92	 0.00049052	 0.00022719	 0.00023873	 0.00028082	-0.00013548	-0.00019987	
2	17	 4.0203e-06	 1.1397e-05	     160.64	    0.39167	-9.7531e+92	-9.7531e+92	   0.028646	 2.6567e-05	   0.014906	 -0.0048350	-8.8324e-05	  0.0066428	
2	18	   0.021392	   0.060644	     137.27	    0.65930	-9.7531e+92	-9.7531e+92	   0.063526	   0.010031	     0.0000	  -0.045861	  -0.034143	    0.13612	
2	19	 2.7846e-05	 7.8940e-05	     139.30	    0.62950	-9.7531e+92	-9.7531e+92	 0.00040056	 4.5724e-05	     0.0000	-0.00058208	-0.00015050	  0.0014477	
2	20	 0.00018529	 0.00052527	     139.77	    0.62284	-9.7531e+92	-9.7531e+92	  0.0015643	 0.00012436	     0.0000	 -0.0033414	-0.00048634	   0.014648	
2	21	 9.8163e-07	 2.7828e-06	     197.19	    0.18609	-9.7531e+92	-9.7531e+92	   0.011367	 3.5266e-05	     0.0000	  -0.018316	-0.00014463	   0.048107	
2	22	 2.5812e-06	 7.3175e-06	     161.29	    0.38622	-9.7531e+92	-9.7531e+92	  0.0015452	 3.1154e-05	 0.00019453	-0.00053503	-8.9997e-05	 0.00058586	
2	23	 6.6575e-07	 1.8873e-06	     168.40	    0.33177	-9.7531e+92	-9.7531e+92	   0.026785	 3.3984e-05	     0.0000	 -0.0061569	-0.00015042	    0.13088	
2	24	 9.8230e-13	 2.7847e-12	     210.29	    0.14595	-9.7531e+92	-9.7531e+92	 0.00017547	 3.4874e-05	     0.0000	-7.0787e-06	-0.00015074	 0.00063182	
3	0	   0.013594	   0.042467	     273.88	   0.052386	-9.7531e+92	-9.7531e+92	   0.087250	  0.0034535	     0.0000	   -0.11368	  -0.050833	    0.48188	
3	1	  0.0050525	   0.015783	     244.14	   0.082134	-9.7531e+92	-9.7531e+92	   0.027015	  0.0013854	     0.0000	  -0.018044	  -0.020630	    0.22608	
3	2	    0.13672	    0.42709	     63.167	     2.5880	-9.7531e+92	-9.7531e+92	    0.14668	   0.027821	   0.083067	   0.084191	   -0.74705	   -0.58604	
3	3	     0.0000	     0.0000	     0.0000	     3.0000	-9.7531e+92	-9.7531e+92	     1.6046	     0.0000	     1.5899	     0.0000	     0.0000	     0.0000	
3	4	    0.31336	    0.97890	     82.606	     2.0469	-9.7531e+92	-9.7531e+92	    0.28488	   0.031802	    0.26682	    0.27345	    -1.8099	    -1.6579	
3	5	  0.0030334	  0.0094759	     167.87	    0.33554	-9.7531e+92	-9.7531e+92	  0.0090174	 0.00084643	     0.0000	-0.00087296	  -0.016603	   0.050935	
3	6	  0.0036138	   0.011289	     180.81	    0.25667	-9.7531e+92	-9.7531e+92	   0.069783	 0.00098264	     0.0000	   -0.10069	  -0.019603	    0.45583	
3	7	 9.5498e-06	 2.9833e-05	     215.68	    0.13250	-9.7531e+92	-9.7531e+92	   0.011374	 2.1096e-05	     0.0000	     0.0000	-0.00041359	    0.15324	
3	8	 5.3502e-09	 1.6714e-08	     221.29	    0.12010	-9.7531e+92	-9.7531e+92	   0.019542	 1.7566e-05	     0.0000	  -0.027365	-0.00036590	    0.32975	
3	9	 0.00024514	 0.00076579	     191.41	    0.20802	-9.7531e+92	-9.7531e+92	   0.044128	 7.9352e-05	     0.0000	     0.0000	 -0.0016702	    0.66407	
3	10	 7.8257e-14	 2.4447e-13	     258.79	   0.065432	-9.7531e+92	-9.7531e+92	 0.00012199	 1.8713e-05	     0.0000	-0.00014699	-0.00037656	 0.00059377	
3	11	 9.0636e-14	 2.8314e-13	     244.71	   0.081388	-9.7531e+92	-9.7531e+92	 0.00014893	 1.8733e-05	     0.0000	-0.00014815	-0.00037631	  0.0011526	
3	12	 1.6820e-15	 5.2543e-15	     227.10	    0.10870	-9.7531e+92	-9.7531e+92	 0.00016908	 1.8627e-05	     0.0000	-0.00058163	-0.00037559	  0.0020959	
3	13	   0.074061	    0.23136	     188.65	    0.21955	-9.7531e+92	-9.7531e+92	    0.17645	   0.019604	     0.0000	  -0.011269	   -0.31117	   0.061251	
3	14	    0.15027	    0.46944	     161.01	    0.38854	-9.7531e+92	-9.7531e+92	    0.19822	   0.038852	     0.0000	  0.0067174	   -0.63776	   -0.17350	
3	15	    0.25569	    0.79876	     84.108	     1.9994	-9.7531e+92	-9.7531e+92	    0.21626	   0.065350	    0.19336	    0.28105	    -1.3335	    -1.2168	
3	16	 0.00059439	  0.0018568	     111.94	     1.1671	-9.7531e+92	-9.7531e+92	 0.00077176	 0.00014717	 0.00049430	 0.00061731	 -0.0025687	 -0.0020765	
3	17	  0.0067655	   0.021135	     122.41	    0.92444	-9.7531e+92	-9.7531e+92	    0.12175	 0.00078088	    0.10661	  0.0015563	  -0.015812	 -0.0040290	
3	18	   0.036857	    0.11514	     199.21	    0.17912	-9.7531e+92	-9.7531e+92	   0.063873	  0.0095606	     0.0000	  -0.063613	   -0.18124	    0.31553	
3	19	 2.9068e-06	 9.0807e-06	     184.07	    0.24039	-9.7531e+92	-9.7531e+92	 0.00074757	 1.8364e-05	     0.0000	 -0.0010309	-0.00037795	  0.0044470	
3	20	 2.8016e-05	 8.7519e-05	     185.64	    0.23299	-9.7531e+92	-9.7531e+92	  0.0015459	 2.5906e-05	     0.0000	 -0.0058990	-0.00052308	   0.040666	
3	21	 2.8322e-13	 8.8475e-13	     259.71	   0.064522	-9.7531e+92	-9.7531e+92	  0.0080245	 1.8633e-05	     0.0000	  -0.031117	-0.00036679	    0.13148	
3	22	 9.9065e-05	 0.00030947	     164.94	    0.35711	-9.7531e+92	-9.7531e+92	  0.0062404	 3.0956e-05	  0.0047520	-0.00050617	-0.00069172	  0.0012127	
3	23	 1.5053e-13	 4.7024e-13	     228.38	    0.10637	-9.7531e+92	-9.7531e+92	   0.024811	 1.8131e-05	     0.0000	  -0.010460	-0.00037371	    0.35561	
3	24	 3.1395e-16	 9.8074e-16	     270.69	   0.054855	-9.7531e+92	-9.7531e+92	 0.00017434	 1.8790e-05	     0.0000	-1.2502e-05	-0.00037584	  0.0017136	
4	0	 0.00017585	 0.00038794	     281.58	   0.046977	-9.7531e+92	-9.7531e+92	   0.020744	 0.00010231	     0.0000	   -0.22054	 -0.0014309	    0.81799	
4	1	 6.3204e-05	 0.00013943	     272.02	   0.053810	-9.7531e+92	-9.7531e+92	  0.0065445	 5.8690e-05	     0.0000	  -0.034543	-0.00083159	    0.38045	
4	2	   0.071691	    0.15815	     91.235	     1.7721	-9.7531e+92	-9.7531e+92	   0.079627	   0.026512	   0.034703	   0.072825	   -0.59782	   -0.38909	
4	3	   0.054362	    0.11993	     82.606	     2.0469	-9.7531e+92	-9.7531e+92	    0.13743	  0.0096211	    0.12701	   0.041939	   -0.57387	   -0.48538	
4	4	     0.0000	     0.0000	     0.0000	     3.0000	-9.7531e+92	-9.7531e+92	     1.2435	     0.0000	     1.2308	     0.0000	     0.0000	     0.0000	
4	5	   0.013144	   0.028996	     147.08	    0.52816	-9.7531e+92	-9.7531e+92	   0.011882	  0.0060327	     0.0000	-1.1053e-05	   -0.11303	 0.00054002	
4	6	 0.00018662	 0.00041169	     179.35	    0.26441	-9.7531e+92	-9.7531e+92	   0.013626	 0.00011247	     0.0000	   -0.18444	 -0.0021533	    0.74410	
4	7	 1.4438e-05	 3.1852e-05	     209.16	    0.14897	-9.7531e+92	-9.7531e+92	  0.0028145	 3.7368e-05	     0.0000	     0.0000	-0.00070238	    0.24130	
4	8	 2.4756e-05	 5.4613e-05	     186.41	    0.22946	-9.7531e+92	-9.7531e+92	  0.0047624	 4.0050e-05	     0.0000	  -0.048157	-0.00079985	    0.51937	
4	9	 2.2067e-06	 4.8682e-06	     223.28	    0.11603	-9.7531e+92	-9.7531e+92	   0.010432	 2.9263e-05	     0.0000	     0.0000	-0.00058970	     1.0472	
4	10	 2.1083e-12	 4.6510e-12	     204.61	    0.16194	-9.7531e+92	-9.7531e+92	 8.4526e-05	 3.1001e-05	     0.0000	-0.00025864	-0.00059891	 0.00093673	
4	11	 1.7180e-13	 3.7901e-13	     218.09	    0.12699	-9.7531e+92	-9.7531e+92	 8.6833e-05	 3.1145e-05	     0.0000	-0.00026160	-0.00060084	  0.0018182	
4	12	 1.6280e-07	 3.5916e-07	     165.11	    0.35583	-9.7531e+92	-9.7531e+92	 0.00010805	 3.0776e-05	     0.0000	 -0.0010177	-0.00059460	  0.0033051	
4	13	  0.0022470	  0.0049571	     217.30	    0.12878	-9.7531e+92	-9.7531e+92	   0.030715	  0.0010267	     0.0000	   -0.11103	  -0.015327	    0.53127	
4	14	  0.0098537	   0.021738	     184.55	    0.23808	-9.7531e+92	-9.7531e+92	   0.053815	  0.0043314	     0.0000	  -0.025805	  -0.065999	    0.58458	
4	15	   0.011071	   0.024424	     106.18	     1.3210	-9.7531e+92	-9.7531e+92	   0.031077	  0.0049605	   0.014901	  0.0081527	  -0.095052	  -0.029960	
4	16	  0.0010494	  0.0023150	     75.439	     2.2661	-9.7531e+92	-9.7531e+92	 0.00079586	 0.00041357	 0.00059992	  0.0019521	 -0.0077161	 -0.0065303	
4	17	    0.81547	     1.7990	     73.525	     2.3215	-9.7531e+92	-9.7531e+92	    0.50782	    0.14708	    0.49712	     1.0000	    -3.8093	    -3.3169	
4	18	  0.0021659	  0.0047781	     186.18	    0.23049	-9.7531e+92	-9.7531e+92	   0.013871	 0.00096189	     0.0000	   -0.16897	  -0.017467	    0.74420	
4	19	  0.0022960	  0.0050652	     119.82	    0.98008	-9.7531e+92	-9.7531e+92	  0.0023145	 0.00097612	 0.00025762	  0.0025879	  -0.018776	  -0.010522	
4	20	 0.00046051	  0.0010159	     135.08	    0.69295	-9.7531e+92	-9.7531e+92	  0.0011612	 0.00023658	     0.0000	 -0.0095113	 -0.0045546	   0.059809	
4	21	 6.2165e-13	 1.3714e-12	     253.96	   0.070430	-9.7531e+92	-9.7531e+92	  0.0018104	 3.0934e-05	     0.0000	  -0.054951	-0.00058524	    0.20718	
4	22	   0.015727	   0.034695	     82.638	     2.0459	-9.7531e+92	-9.7531e+92	   0.025771	  0.0037855	   0.024720	   0.029187	  -0.071172	  -0.060132	
4	23	 4.1759e-13	 9.2124e-13	     212.30	    0.14074	-9.7531e+92	-9.7531e+92	  0.0049305	 3.0135e-05	     0.0000	  -0.018471	-0.00059653	    0.56077	
4	24	 6.0629e-13	 1.3375e-12	     253.16	   0.071301	-9.7531e+92	-9.7531e+92	 8.9113e-05	 3.1225e-05	     0.0000	-2.2077e-05	-0.00059996	  0.0027030	
5	0	   0.018504	   0.021663	     169.69	    0.32292	-9.7531e+92	-9.7531e+92	   0.049405	  0.0044938	     0.0000	  -0.056743	   -0.19804	     1.1220	
5	1	    0.12894	    0.15096	     161.91	    0.38106	-9.7531e+92	-9.7531e+92	   0.052755	   0.032924	     0.0000	   0.010161	    -1.4385	   -0.57134	
5	2	   0.081394	   0.095292	     120.45	    0.96633	-9.7531e+92	-9.7531e+92	   0.031025	   0.020731	  0.0071841	   0.037781	    -1.0040	   -0.58960	
5	3	  0.0018582	  0.0021754	     167.87	    0.33554	-9.7531e+92	-9.7531e+92	  0.0025175	 0.00050295	     0.0000	 -0.0029203	  -0.023338	   0.026828	
5	4	  0.0017945	  0.0021009	     147.08	    0.52816	-9.7531e+92	-9.7531e+92	  0.0026171	 0.00043538	     0.0000	 -0.0061701	  -0.023356	   0.038747	
5	5	     0.0000	     0.0000	     0.0000	     3.0000	-9.7531e+92	-9.7531e+92	    0.58996	     0.0000	    0.57444	     0.0000	     0.0000	     0.0000	
5	6	   0.090666	    0.10615	     72.218	     2.3585	-9.7531e+92	-9.7531e+92	   0.059641	   0.023278	     0.0000	 -0.0027598	    -1.1695	   0.049358	
5	7	   0.036537	   0.042776	     89.752	     1.8194	-9.7531e+92	-9.7531e+92	   0.018636	  0.0096516	     0.0000	     0.0000	   -0.47520	  -0.062760	
5	8	   0.043765	   0.051238	     54.235	     2.7611	-9.7531e+92	-9.7531e+92	   0.039597	  0.0099038	     0.0000	 -0.0024530	   -0.55144	    0.20899	
5	9	 0.00034108	 0.00039932	     134.70	    0.69890	-9.7531e+92	-9.7531e+92	   0.025475	 0.00010043	     0.0000	     0.0000	 -0.0052823	     1.3540	
5	10	 0.00015546	 0.00018201	     93.726	     1.6933	-9.7531e+92	-9.7531e+92	 0.00012414	 4.6834e-05	     0.0000	 1.0902e-05	 -0.0023922	-0.00034896	
5	11	 0.00035635	 0.00041719	     77.490	     2.2050	-9.7531e+92	-9.7531e+92	 0.00020199	 9.1549e-05	     0.0000	 6.5499e-06	 -0.0046577	 -0.0011575	
5	12	 0.00054633	 0.00063962	     80.590	     2.1100	-9.7531e+92	-9.7531e+92	 0.00032709	 0.00013130	     0.0000	 4.7992e-05	 -0.0067463	 -0.0012462	
5	13	    0.16901	    0.19787	     125.66	    0.85869	-9.7531e+92	-9.7531e+92	   0.075472	   0.042945	     0.0000	   0.029494	    -1.9151	   -0.71027	
5	14	    0.15830	    0.18533	     108.09	     1.2686	-9.7531e+92	-9.7531e+92	   0.082002	   0.040007	     0.0000	  0.0041234	    -1.7864	   -0.46961	
5	15	   0.030263	   0.035430	     104.94	     1.3557	-9.7531e+92	-9.7531e+92	   0.011963	  0.0082030	  0.0033787	   0.015120	   -0.39442	   -0.23465	
5	16	 6.4280e-05	 7.5256e-05	     71.546	     2.3771	-9.7531e+92	-9.7531e+92	 6.8913e-05	 3.5730e-05	     0.0000	 4.1972e-05	 -0.0017410	-0.00044217	
5	17	 1.1564e-12	 1.3539e-12	     219.60	    0.12368	-9.7531e+92	-9.7531e+92	  0.0011177	 1.6059e-05	     0.0000	 -0.0070825	-0.00088437	   0.049825	
5	18	    0.21516	    0.25190	     53.346	     2.7752	-9.7531e+92	-9.7531e+92	   0.088243	   0.047684	     0.0000	   0.048364	    -2.7001	    -1.0650	
5	19	  0.0074264	  0.0086945	     64.874	     2.5486	-9.7531e+92	-9.7531e+92	  0.0024822	  0.0015144	  0.0013906	  0.0018181	  -0.083387	  -0.056326	
5	20	   0.012094	   0.014159	     39.691	     2.9273	-9.7531e+92	-9.7531e+92	  0.0060809	  0.0025768	     0.0000	 0.00046298	   -0.13967	  -0.037620	
5	21	 0.00014707	 0.00017218	     132.91	    0.72808	-9.7531e+92	-9.7531e+92	  0.0085091	 5.5146e-05	     0.0000	  -0.015990	 -0.0027924	    0.26401	
5	22	 1.8098e-06	 2.1188e-06	     151.89	    0.47454	-9.7531e+92	-9.7531e+92	 0.00011277	 1.6658e-05	     0.0000	-0.00056678	-0.00084574	  0.0040025	
5	23	  0.0026680	  0.0031236	     65.633	     2.5304	-9.7531e+92	-9.7531e+92	   0.022182	 0.00070557	     0.0000	 -0.0051989	  -0.035862	    0.68471	
5	24	 6.9711e-06	 8.1614e-06	     106.34	     1.3165	-9.7531e+92	-9.7531e+92	 0.00012135	 1.9105e-05	     0.0000	-6.3781e-07	-0.00094740	  0.0033151	
6	0	   0.058675	   0.077823	     105.31	     1.3454	-9.7531e+92	-9.7531e+92	   0.074932	   0.068686	     0.0000	   -0.10041	    0.70861	   -0.53124	
6	1	   0.039773	   0.052753	     96.519	     1.6061	-9.7531e+92	-9.7531e+92	   0.044302	   0.048166	     0.0000	 -0.0098857	    0.44112	   -0.14189	
6	2	   0.019442	   0.025786	     118.53	     1.0087	-9.7531e+92	-9.7531e+92	   0.010715	   0.025844	     0.0000	 -0.0014039	    0.22592	 -0.0049617	
6	3	 0.00015664	 0.00020776	     180.81	    0.25667	-9.7531e+92	-9.7531e+92	 0.00074198	 0.00030354	     0.0000	  -0.011969	  0.0026322	  -0.025231	
6	4	 1.7610e-05	 2.3356e-05	     179.35	    0.26441	-9.7531e+92	-9.7531e+92	 0.00069100	 0.00011567	     0.0000	  -0.022908	 0.00098233	  -0.031555	
6	5	  0.0036260	  0.0048092	     72.218	     2.3585	-9.7531e+92	-9.7531e+92	  0.0059523	  0.0047172	     0.0000	 -0.0012394	   0.042681	  -0.052263	
6	6	     0.0000	     0.0000	     0.0000	     3.0000	-9.7531e+92	-9.7531e+92	    0.69619	     0.0000	    0.56961	     0.0000	     0.0000	     0.0000	
6	7	  0.0054259	  0.0071965	     34.871	     2.9563	-9.7531e+92	-9.7531e+92	   0.025630	  0.0067137	     0.0000	     0.0000	   0.064136	   -0.13595	
6	8	 0.00013698	 0.00018168	     109.28	     1.2365	-9.7531e+92	-9.7531e+92	   0.020756	 0.00027421	     0.0000	  -0.036058	  0.0022527	   -0.35019	
6	9	  0.0063585	  0.0084335	     62.827	     2.5956	-9.7531e+92	-9.7531e+92	   0.035979	  0.0072093	     0.0000	     0.0000	   0.074352	   -0.69311	
6	10	 8.5113e-09	 1.1289e-08	     153.37	    0.45919	-9.7531e+92	-9.7531e+92	 6.8754e-05	 0.00010062	     0.0000	-0.00019412	 0.00071443	-0.00060993	
6	11	 2.8125e-06	 3.7303e-06	     117.04	     1.0431	-9.7531e+92	-9.7531e+92	 0.00023077	 9.8643e-05	     0.0000	-0.00019311	 0.00079372	 -0.0011713	
6	12	 1.2285e-08	 1.6294e-08	     152.49	    0.46823	-9.7531e+92	-9.7531e+92	 0.00010895	 0.00010045	     0.0000	-0.00076847	 0.00071868	 -0.0021535	
6	13	   0.039645	   0.052582	     53.773	     2.7685	-9.7531e+92	-9.7531e+92	   0.040834	   0.021916	     0.0000	     0.0000	   0.042116	     0.0000	
6	14	   0.051022	   0.067673	     41.508	     2.9135	-9.7531e+92	-9.7531e+92	   0.048601	   0.061259	     0.0000	  -0.011027	    0.59494	   -0.31493	
6	15	 0.00031128	 0.00041286	     96.746	     1.5991	-9.7531e+92	-9.7531e+92	  0.0016620	 0.00039442	     0.0000	 -0.0016076	  0.0044855	  -0.037959	
6	16	 8.0382e-08	 1.0661e-07	     111.89	     1.1685	-9.7531e+92	-9.7531e+92	 4.7994e-05	 9.8951e-05	     0.0000	-5.6263e-05	 0.00071189	-0.00011898	
6	17	 3.2632e-13	 4.3281e-13	     251.72	   0.072906	-9.7531e+92	-9.7531e+92	 0.00033066	 9.1009e-05	     0.0000	  -0.018141	 0.00070060	  -0.025873	
6	18	   0.078962	    0.10473	     36.723	     2.9464	-9.7531e+92	-9.7531e+92	   0.064871	   0.099868	     0.0000	  -0.032587	    0.90267	   -0.14841	
6	19	 4.4320e-06	 5.8783e-06	     133.74	    0.71443	-9.7531e+92	-9.7531e+92	 0.00016843	 0.00010678	     0.0000	 -0.0015525	 0.00076945	 -0.0046640	
6	20	 3.8539e-05	 5.1116e-05	     111.59	     1.1762	-9.7531e+92	-9.7531e+92	  0.0014894	 0.00015038	     0.0000	 -0.0079477	  0.0011708	  -0.042438	
6	21	 0.00072546	 0.00096221	     78.899	     2.1621	-9.7531e+92	-9.7531e+92	  0.0092682	  0.0011589	     0.0000	  -0.039929	  0.0086680	   -0.13584	
6	22	 1.3404e-13	 1.7778e-13	     216.08	    0.13159	-9.7531e+92	-9.7531e+92	 6.1381e-05	 0.00010381	     0.0000	 -0.0016870	 0.00070245	 -0.0022184	
6	23	    0.69566	    0.92268	     73.330	     2.3271	-9.7531e+92	-9.7531e+92	    0.24220	    0.89440	    0.15149	    0.12658	     8.1691	     3.3882	
6	24	 1.6896e-05	 2.2410e-05	     108.13	     1.2674	-9.7531e+92	-9.7531e+92	 0.00037269	 0.00011675	     0.0000	-1.5657e-05	 0.00093642	 -0.0016783	
7	0	    0.14937	    0.15548	     80.265	     2.1201	-9.7531e+92	-9.7531e+92	   0.076945	   0.042203	     0.0000	-9.0756e-06	    0.11524	 0.00015396	
7	1	    0.18993	    0.19769	     75.481	     2.2648	-9.7531e+92	-9.7531e+92	   0.063521	   0.053529	     0.0000	  0.0010570	   0.069663	  -0.051064	
7	2	  0.0036550	  0.0038044	     153.12	    0.46179	-9.7531e+92	-9.7531e+92	  0.0068362	  0.0012304	     0.0000	-0.00055188	  0.0030640	  0.0074253	
7	3	 3.4025e-05	 3.5415e-05	     215.68	    0.13250	-9.7531e+92	-9.7531e+92	 0.00054249	 3.5331e-05	     0.0000	-0.00025788	 9.4862e-05	  0.0020407	
7	4	 3.8355e-06	 3.9923e-06	     209.16	    0.14897	-9.7531e+92	-9.7531e+92	 0.00047789	 2.3584e-05	     0.0000	-0.00048166	 5.7266e-05	  0.0026029	
7	5	   0.013963	   0.014534	     89.752	     1.8194	-9.7531e+92	-9.7531e+92	  0.0058248	  0.0046465	     0.0000	 2.0365e-06	   0.011215	-0.00035374	
7	6	   0.079272	   0.082513	     34.871	     2.9563	-9.7531e+92	-9.7531e+92	   0.057266	   0.024891	     0.0000	     0.0000	   0.064897	  0.0076202	
7	7	     0.0000	     0.0000	     0.0000	     3.0000	-9.7531e+92	-9.7531e+92	    0.52791	     0.0000	    0.49625	     0.0000	     0.0000	     0.0000	
7	8	  0.0015480	  0.0016113	     109.89	     1.2203	-9.7531e+92	-9.7531e+92	   0.017315	 0.00052415	     0.0000	-0.00073977	  0.0011564	   0.030056	
7	9	   0.033208	   0.034566	     64.406	     2.5596	-9.7531e+92	-9.7531e+92	   0.044713	   0.010028	     0.0000	     0.0000	   0.025031	   0.047104	
7	10	 7.2166e-08	 7.5116e-08	     153.29	    0.46001	-9.7531e+92	-9.7531e+92	 4.7779e-05	 2.4382e-05	     0.0000	-4.0695e-06	 3.8417e-05	 5.4757e-05	
7	11	 3.9575e-05	 4.1193e-05	     112.26	     1.1591	-9.7531e+92	-9.7531e+92	 8.1664e-05	 3.7909e-05	     0.0000	-3.3651e-06	 7.2193e-05	 8.7291e-05	
7	12	 1.1209e-08	 1.1667e-08	     158.06	    0.41430	-9.7531e+92	-9.7531e+92	 8.7549e-05	 2.4535e-05	     0.0000	-1.6119e-05	 3.6949e-05	 0.00019341	
7	13	    0.26997	    0.28100	     57.312	     2.7078	-9.7531e+92	-9.7531e+92	   0.088783	   0.076758	     0.0000	  0.0035865	   0.090224	  -0.074247	
7	14	    0.11476	    0.11945	     65.464	     2.5345	-9.7531e+92	-9.7531e+92	   0.054325	   0.032140	     0.0000	 3.7156e-05	   0.053856	 -0.0036378	
7	15	 0.00099908	  0.0010399	     131.62	    0.74982	-9.7531e+92	-9.7531e+92	  0.0018029	 0.00036218	     0.0000	-0.00022091	 0.00070737	  0.0029620	
7	16	 1.4798e-09	 1.5403e-09	     137.28	    0.65913	-9.7531e+92	-9.7531e+92	 3.7421e-05	 2.4538e-05	     0.0000	-1.1843e-06	 3.0876e-05	 1.0787e-05	
7	17	 4.5766e-13	 4.7637e-13	     281.54	   0.047004	-9.7531e+92	-9.7531e+92	 0.00023309	 2.2328e-05	     0.0000	-0.00038051	 2.9604e-05	  0.0023039	
7	18	    0.11943	    0.12432	     38.248	     2.9371	-9.7531e+92	-9.7531e+92	   0.055989	   0.036132	     0.0000	 0.00035286	   0.076588	 -0.0061813	
7	19	 1.1913e-06	 1.2400e-06	     154.38	    0.44913	-9.7531e+92	-9.7531e+92	 0.00013500	 2.4843e-05	     0.0000	-3.2685e-05	 3.8510e-05	 0.00041619	
7	20	 6.0895e-05	 6.3385e-05	     126.68	    0.83907	-9.7531e+92	-9.7531e+92	  0.0011133	 4.4976e-05	     0.0000	-0.00016623	 7.8933e-05	  0.0037583	
7	21	   0.022139	   0.023044	     44.967	     2.8822	-9.7531e+92	-9.7531e+92	   0.015919	  0.0077703	     0.0000	-0.00012116	   0.014660	  0.0017256	
7	22	 2.7538e-13	 2.8664e-13	     241.36	   0.085874	-9.7531e+92	-9.7531e+92	 4.6847e-05	 2.5256e-05	     0.0000	-3.5384e-05	 3.1158e-05	 0.00019743	
7	23	  0.0011074	  0.0011527	     58.677	     2.6821	-9.7531e+92	-9.7531e+92	   0.020595	 0.00034753	     0.0000	     0.0000	  0.0021312	     0.0000	
7	24	 0.00050976	 0.00053060	     84.614	     1.9834	-9.7531e+92	-9.7531e+92	 0.00022769	 0.00019950	     0.0000	 1.9187e-07	 0.00044635	-8.7781e-05	
8	0	   0.060520	   0.050794	     172.11	    0.30693	-9.7531e+92	-9.7531e+92	   0.049636	   0.040486	     0.0000	  -0.071076	   -0.35608	  -0.047073	
8	1	   0.012641	   0.010610	     184.58	    0.23797	-9.7531e+92	-9.7531e+92	   0.014609	  0.0084835	     0.0000	  -0.014863	  -0.087940	  -0.019875	
8	2	  0.0038470	  0.0032288	     174.51	    0.29198	-9.7531e+92	-9.7531e+92	  0.0068331	  0.0030216	     0.0000	  -0.018791	  -0.029556	-8.5041e-05	
8	3	 5.1911e-05	 4.3569e-05	     221.29	    0.12010	-9.7531e+92	-9.7531e+92	 0.00063686	 9.2991e-05	     0.0000	 -0.0088484	-0.00087241	-0.00022740	
8	4	 3.8194e-05	 3.2056e-05	     186.41	    0.22946	-9.7531e+92	-9.7531e+92	 0.00099959	 7.7278e-05	     0.0000	  -0.016491	-0.00082893	 0.00051678	
8	5	   0.078888	   0.066211	     54.235	     2.7611	-9.7531e+92	-9.7531e+92	   0.022211	   0.054643	   0.011085	  0.0061349	   -0.64566	  -0.016355	
8	6	   0.013377	   0.011228	     109.28	     1.2365	-9.7531e+92	-9.7531e+92	   0.019812	  0.0097479	     0.0000	  -0.085851	   -0.11279	   0.018506	
8	7	   0.014117	   0.011849	     109.89	     1.2203	-9.7531e+92	-9.7531e+92	  0.0087756	   0.010503	     0.0000	     0.0000	   -0.12042	  0.0043793	
8	8	     0.0000	     0.0000	     0.0000	     3.0000	-9.7531e+92	-9.7531e+92	    0.44416	     0.0000	    0.38992	     0.0000	     0.0000	     0.0000	
8	9	 1.3012e-05	 1.0921e-05	     171.65	    0.30991	-9.7531e+92	-9.7531e+92	   0.023037	 5.4210e-05	     0.0000	     0.0000	-0.00067260	   0.032052	
8	10	 0.00086726	 0.00072790	     44.054	     2.8911	-9.7531e+92	-9.7531e+92	 0.00029049	 0.00055992	 0.00013971	 0.00068883	 -0.0055643	 0.00055502	
8	11	  0.0010838	 0.00090966	     32.525	     2.9668	-9.7531e+92	-9.7531e+92	 0.00030791	 0.00078099	 6.7578e-05	 0.00055178	 -0.0086347	-0.00032201	
8	12	  0.0057247	  0.0048047	     55.069	     2.7473	-9.7531e+92	-9.7531e+92	  0.0013320	  0.0035829	 0.00094120	  0.0060788	  -0.036206	  0.0023660	
8	13	   0.051070	   0.042863	     162.59	    0.37553	-9.7531e+92	-9.7531e+92	   0.029706	   0.036790	     0.0000	  -0.026510	   -0.33718	  -0.012876	
8	14	    0.33778	    0.28350	     146.54	    0.53466	-9.7531e+92	-9.7531e+92	   0.093436	    0.23754	  0.0046185	   0.033636	    -2.2181	   0.076283	
8	15	 5.3572e-05	 4.4963e-05	     159.01	    0.40580	-9.7531e+92	-9.7531e+92	  0.0022799	 9.5127e-05	     0.0000	 -0.0087554	 -0.0010354	  0.0018469	
8	16	 1.9792e-07	 1.6612e-07	     112.87	     1.1438	-9.7531e+92	-9.7531e+92	 3.2590e-05	 5.4281e-05	     0.0000	-4.0434e-05	-0.00060987	 8.7154e-06	
8	17	 1.8829e-13	 1.5803e-13	     258.50	   0.065716	-9.7531e+92	-9.7531e+92	 0.00043986	 4.9327e-05	     0.0000	  -0.013107	-0.00060931	  0.0016676	
8	18	    0.27962	    0.23468	     75.421	     2.2666	-9.7531e+92	-9.7531e+92	   0.077551	   0.083008	     0.0000	 0.00017780	    -2.9821	   -0.32697	
8	19	  0.0052624	  0.0044168	     80.536	     2.1117	-9.7531e+92	-9.7531e+92	  0.0018763	  0.0035581	  0.0010937	  0.0057114	  -0.038665	 -0.0015069	
8	20	    0.11445	   0.096055	     51.987	     2.7958	-9.7531e+92	-9.7531e+92	   0.025756	   0.081883	   0.019092	   0.077931	   -0.93430	  -0.036187	
8	21	 7.2927e-05	 6.1208e-05	     132.38	    0.73687	-9.7531e+92	-9.7531e+92	  0.0036277	 7.4238e-05	     0.0000	 -0.0019486	 -0.0010295	  0.0058022	
8	22	 6.5982e-08	 5.5379e-08	     168.70	    0.32968	-9.7531e+92	-9.7531e+92	 6.5762e-05	 5.4996e-05	     0.0000	 -0.0012186	-0.00060132	 0.00014219	
8	23	   0.019709	   0.016542	     54.810	     2.7517	-9.7531e+92	-9.7531e+92	   0.011557	   0.014090	     0.0000	 -0.0071046	   -0.16839	   0.017097	
8	24	 0.00081878	 0.00068720	     77.960	     2.1908	-9.7531e+92	-9.7531e+92	 0.00025419	 0.00063147	     0.0000	 1.7845e-05	 -0.0073560	-0.00017959	
9	0	    0.25890	    0.31787	     86.890	     1.9108	-9.7531e+92	-9.7531e+92	    0.12380	    0.11294	     0.0000	     0.0000	     2.1747	     0.0000	
9	1	    0.13597	    0.16694	     55.376	     2.7421	-9.7531e+92	-9.7531e+92	   0.058897	    0.18080	     0.0000	   0.041915	     3.5462	    0.66068	
9	2	   0.012801	   0.015717	     133.64	    0.71608	-9.7531e+92	-9.7531e+92	   0.010387	   0.021714	     0.0000	  -0.017334	    0.36650	  -0.067896	
9	3	 0.00087600	  0.0010755	     191.41	    0.20802	-9.7531e+92	-9.7531e+92	  0.0010107	  0.0017846	     0.0000	  -0.014674	   0.027317	  -0.034246	
9	4	 6.6429e-05	 8.1561e-05	     223.28	    0.11603	-9.7531e+92	-9.7531e+92	 0.00073554	 0.00024290	     0.0000	  -0.033134	  0.0038143	  -0.050702	
9	5	  0.0027434	  0.0033684	     134.70	    0.69890	-9.7531e+92	-9.7531e+92	  0.0033892	  0.0052141	     0.0000	 -0.0019746	   0.079153	  -0.092870	
9	6	   0.094452	    0.11597	     62.827	     2.5956	-9.7531e+92	-9.7531e+92	   0.065680	    0.16454	     0.0000	 -0.0022777	     2.6721	 -0.0095906	
9	7	   0.024608	   0.030214	     64.406	     2.5596	-9.7531e+92	-9.7531e+92	   0.015961	   0.041165	     0.0000	     0.0000	    0.70346	  -0.051368	
9	8	 4.4360e-05	 5.4464e-05	     171.65	    0.30991	-9.7531e+92	-9.7531e+92	   0.019246	 0.00018721	     0.0000	  -0.052679	  0.0031339	   -0.57138	
9	9	     0.0000	     0.0000	     0.0000	     3.0000	-9.7531e+92	-9.7531e+92	    0.66879	     0.0000	    0.50521	     0.0000	     0.0000	     0.0000	
9	10	 2.0795e-14	 2.5532e-14	     215.04	    0.13402	-9.7531e+92	-9.7531e+92	 5.4972e-05	 0.00013188	     0.0000	-0.00028322	  0.0018486	-0.00099584	
9	11	 5.8014e-09	 7.1229e-09	     175.31	    0.28718	-9.7531e+92	-9.7531e+92	 8.1814e-05	 0.00012598	     0.0000	-0.00028536	  0.0018674	 -0.0019367	
9	12	 2.8985e-14	 3.5587e-14	     214.99	    0.13415	-9.7531e+92	-9.7531e+92	 9.8782e-05	 0.00013373	     0.0000	 -0.0011211	  0.0018435	 -0.0035158	
9	13	    0.20012	    0.24570	     9.0540	     2.9998	-9.7531e+92	-9.7531e+92	   0.084722	    0.33746	     0.0000	    0.15277	     5.7068	     1.0157	
9	14	    0.13861	    0.17019	     38.749	     2.9339	-9.7531e+92	-9.7531e+92	   0.070304	    0.15063	     0.0000	  0.0010777	     3.4797	    0.30060	
9	15	  0.0017671	  0.0021697	     117.55	     1.0311	-9.7531e+92	-9.7531e+92	  0.0025040	  0.0035128	     0.0000	  -0.013486	   0.051501	  -0.048866	
9	16	 2.4307e-13	 2.9844e-13	     159.83	    0.39862	-9.7531e+92	-9.7531e+92	 4.4817e-05	 0.00013057	     0.0000	-8.2379e-05	  0.0018462	-0.00019505	
9	17	 2.1259e-14	 2.6102e-14	     293.28	   0.040011	-9.7531e+92	-9.7531e+92	 0.00034630	 0.00012147	     0.0000	  -0.026465	  0.0018365	  -0.042208	
9	18	    0.12217	    0.14999	     96.665	     1.6016	-9.7531e+92	-9.7531e+92	   0.063886	    0.20600	     0.0000	   0.029409	     3.4869	    0.14856	
9	19	 2.4235e-07	 2.9756e-07	     193.08	    0.20137	-9.7531e+92	-9.7531e+92	 0.00014083	 0.00013293	     0.0000	 -0.0022758	  0.0018587	 -0.0076445	
9	20	 4.7035e-06	 5.7749e-06	     174.09	    0.29453	-9.7531e+92	-9.7531e+92	  0.0012058	 0.00013221	     0.0000	  -0.011645	  0.0020024	  -0.069514	
9	21	  0.0066326	  0.0081435	     83.320	     2.0244	-9.7531e+92	-9.7531e+92	   0.012860	   0.012753	     0.0000	  -0.044507	    0.18772	   -0.16911	
9	22	 3.3555e-13	 4.1198e-13	     266.14	   0.058633	-9.7531e+92	-9.7531e+92	 5.8724e-05	 0.00013802	     0.0000	 -0.0024611	  0.0018372	 -0.0036188	
9	23	 0.00022943	 0.00028169	     121.73	    0.93874	-9.7531e+92	-9.7531e+92	   0.023353	 0.00048654	     0.0000	  -0.020081	  0.0084472	   -0.60113	
9	24	 1.3239e-05	 1.6255e-05	     149.07	    0.50520	-9.7531e+92	-9.7531e+92	 0.00011659	 0.00013633	     0.0000	-2.3109e-05	  0.0022869	 -0.0027713	
10	0	   0.010526	  0.0034866	     210.64	    0.14503	-9.7531e+92	-9.7531e+92	   0.010323	 5.9515e-05	     0.0000	 -0.0022280	 -0.0044884	   0.056285	
10	1	  0.0020276	 0.00067158	     228.04	    0.10699	-9.7531e+92	-9.7531e+92	  0.0047313	 1.2552e-05	     0.0000	-0.00036347	-0.00091776	   0.026036	
10	2	 0.00017954	 5.9469e-05	     213.20	    0.13850	-9.7531e+92	-9.7531e+92	  0.0025068	 1.5145e-06	     0.0000	-0.00046155	-0.00011704	  0.0091152	
10	3	 1.3894e-06	 4.6020e-07	     258.79	   0.065432	-9.7531e+92	-9.7531e+92	 0.00026859	 4.1914e-07	     0.0000	-0.00017973	-3.2091e-05	  0.0020900	
10	4	 0.00043283	 0.00014336	     204.61	    0.16194	-9.7531e+92	-9.7531e+92	 0.00066441	 2.7888e-06	     0.0000	-0.00030834	-0.00024214	  0.0024403	
10	5	    0.26133	   0.086559	     93.726	     1.6933	-9.7531e+92	-9.7531e+92	   0.025333	  0.0016235	   0.020942	 0.00046188	   -0.13051	   -0.11803	
10	6	  0.0020367	 0.00067463	     153.37	    0.45919	-9.7531e+92	-9.7531e+92	  0.0058632	 1.2695e-05	     0.0000	 -0.0019630	 -0.0010472	   0.044273	
10	7	 0.00031043	 0.00010282	     153.29	    0.46001	-9.7531e+92	-9.7531e+92	  0.0021477	 2.3531e-06	     0.0000	     0.0000	-0.00018942	   0.014372	
10	8	    0.26529	   0.087872	     44.054	     2.8911	-9.7531e+92	-9.7531e+92	   0.031841	  0.0015219	   0.010437	  0.0014852	   -0.13217	  -0.095588	
10	9	 2.0036e-07	 6.6364e-08	     215.04	    0.13402	-9.7531e+92	-9.7531e+92	  0.0049396	 3.8503e-07	     0.0000	     0.0000	-3.3446e-05	   0.063350	
10	10	     0.0000	     0.0000	     0.0000	     3.0000	-9.7531e+92	-9.7531e+92	    0.16574	     0.0000	    0.16568	     0.0000	     0.0000	     0.0000	
10	11	   0.049869	   0.016518	     46.926	     2.8613	-9.7531e+92	-9.7531e+92	  0.0041688	 0.00017122	  0.0040739	 0.00020004	 -0.0085174	 -0.0074488	
10	12	   0.010386	  0.0034402	     46.012	     2.8713	-9.7531e+92	-9.7531e+92	 0.00099254	 5.7271e-05	 0.00083833	 0.00021571	 -0.0042904	 -0.0038945	
10	13	  0.0024989	 0.00082770	     205.99	    0.15786	-9.7531e+92	-9.7531e+92	  0.0074962	 1.5394e-05	     0.0000	 -0.0012016	 -0.0011368	   0.036829	
10	14	   0.073503	   0.024346	     190.48	    0.21181	-9.7531e+92	-9.7531e+92	   0.018787	 0.00043371	     0.0000	-9.4542e-05	  -0.032613	   0.013703	
10	15	 1.6816e-05	 5.5699e-06	     197.67	    0.18443	-9.7531e+92	-9.7531e+92	 0.00086281	 5.2636e-07	     0.0000	-0.00017681	-4.1876e-05	  0.0034587	
10	16	 7.9976e-10	 2.6490e-10	     147.94	    0.51817	-9.7531e+92	-9.7531e+92	 1.4645e-05	 4.2732e-07	     0.0000	-8.1967e-07	-3.4367e-05	 1.0860e-05	
10	17	 3.4290e-12	 1.1358e-12	     270.72	   0.054831	-9.7531e+92	-9.7531e+92	 0.00028511	 3.7674e-07	     0.0000	-0.00026334	-3.4068e-05	  0.0023217	
10	18	    0.20716	   0.068615	     118.82	     1.0023	-9.7531e+92	-9.7531e+92	   0.028310	  0.0011638	     0.0000	  0.0017504	  -0.099504	  -0.046218	
10	19	   0.060865	   0.020160	     85.643	     1.9506	-9.7531e+92	-9.7531e+92	  0.0054197	 0.00036126	  0.0051109	  0.0014153	  -0.029527	  -0.027815	
10	20	   0.042100	   0.013945	     74.457	     2.2947	-9.7531e+92	-9.7531e+92	  0.0058950	 0.00024456	  0.0032652	 0.00044452	  -0.020140	  -0.015622	
10	21	 3.8117e-05	 1.2625e-05	     171.26	    0.31241	-9.7531e+92	-9.7531e+92	  0.0010118	 6.4971e-07	     0.0000	-0.00059514	-5.2939e-05	   0.012362	
10	22	 1.2823e-07	 4.2475e-08	     176.66	    0.27933	-9.7531e+92	-9.7531e+92	 6.2444e-05	 4.2439e-07	     0.0000	-2.4418e-05	-3.4048e-05	 0.00019890	
10	23	  0.0082639	  0.0027372	     95.614	     1.6342	-9.7531e+92	-9.7531e+92	  0.0032016	 5.0934e-05	     0.0000	-0.00017547	 -0.0042439	   0.029190	
10	24	  0.0031695	  0.0010498	     102.71	     1.4197	-9.7531e+92	-9.7531e+92	 0.00032836	 2.0446e-05	 0.00019782	 1.9188e-06	 -0.0016509	 -0.0013823	
11	0	   0.058291	   0.021007	     167.10	    0.34103	-9.7531e+92	-9.7531e+92	   0.017758	 0.00035009	     0.0000	 -0.0012421	  -0.025431	   0.036946	
11	1	  0.0051713	  0.0018636	     185.20	    0.23505	-9.7531e+92	-9.7531e+92	  0.0062928	 3.3360e-05	     0.0000	-0.00029288	 -0.0023632	   0.024676	
11	2	 0.00034280	 0.00012354	     197.83	    0.18388	-9.7531e+92	-9.7531e+92	  0.0026640	 2.7040e-06	     0.0000	-0.00038848	-0.00020006	  0.0090005	
11	3	 3.2228e-06	 1.1615e-06	     244.71	   0.081388	-9.7531e+92	-9.7531e+92	 0.00023095	 4.6328e-07	     0.0000	-0.00015245	-3.3870e-05	  0.0020803	
11	4	 3.4528e-05	 1.2443e-05	     218.09	    0.12699	-9.7531e+92	-9.7531e+92	 0.00025394	 6.1307e-07	     0.0000	-0.00028135	-5.0463e-05	  0.0026106	
11	5	    0.25997	   0.093689	     77.490	     2.2050	-9.7531e+92	-9.7531e+92	   0.025410	  0.0017185	   0.020633	 0.00039299	   -0.13326	   -0.11668	
11	6	   0.077056	   0.027770	     117.04	     1.0431	-9.7531e+92	-9.7531e+92	   0.013719	 0.00048892	     0.0000	-0.00032505	  -0.039369	  0.0086974	
11	7	  0.0080852	  0.0029138	     112.26	     1.1591	-9.7531e+92	-9.7531e+92	  0.0033964	 5.4289e-05	     0.0000	     0.0000	 -0.0042054	   0.010594	
11	8	   0.098375	   0.035453	     32.525	     2.9668	-9.7531e+92	-9.7531e+92	   0.019002	 0.00060884	     0.0000	 0.00022718	  -0.050408	  -0.016028	
11	9	 6.6615e-05	 2.4007e-05	     175.31	    0.28718	-9.7531e+92	-9.7531e+92	  0.0081824	 8.1928e-07	     0.0000	     0.0000	-6.8463e-05	   0.062939	
11	10	   0.038827	   0.013993	     46.926	     2.8613	-9.7531e+92	-9.7531e+92	  0.0035218	 0.00013061	  0.0034570	 8.0989e-05	 -0.0030556	 -0.0016954	
11	11	     0.0000	     0.0000	     0.0000	     3.0000	-9.7531e+92	-9.7531e+92	    0.18031	     0.0000	    0.18021	     0.0000	     0.0000	     0.0000	
11	12	 0.00080865	 0.00029143	     77.218	     2.2132	-9.7531e+92	-9.7531e+92	 0.00016699	 5.7518e-06	     0.0000	 9.0405e-06	-0.00043494	-0.00018901	
11	13	   0.016138	  0.0058160	     166.60	    0.34470	-9.7531e+92	-9.7531e+92	  0.0099827	 0.00010160	     0.0000	-0.00086022	 -0.0074209	   0.031000	
11	14	    0.17263	   0.062214	     157.91	    0.41563	-9.7531e+92	-9.7531e+92	   0.025980	  0.0010864	     0.0000	 0.00016497	  -0.078733	  -0.028114	
11	15	 1.6409e-05	 5.9134e-06	     182.32	    0.24896	-9.7531e+92	-9.7531e+92	 0.00096801	 5.5843e-07	     0.0000	-0.00015004	-4.2830e-05	  0.0034379	
11	16	 5.3215e-08	 1.9178e-08	     142.85	    0.58099	-9.7531e+92	-9.7531e+92	 1.4017e-05	 4.6155e-07	     0.0000	-6.9390e-07	-3.5378e-05	 1.0760e-05	
11	17	 1.7096e-12	 6.1611e-13	     290.18	   0.041722	-9.7531e+92	-9.7531e+92	 0.00011705	 4.0793e-07	     0.0000	-0.00022346	-3.5044e-05	  0.0023064	
11	18	    0.22245	   0.080166	     81.269	     2.0888	-9.7531e+92	-9.7531e+92	   0.030344	  0.0013076	     0.0000	  0.0017310	   -0.11024	  -0.052931	
11	19	 0.00091578	 0.00033003	     108.78	     1.2499	-9.7531e+92	-9.7531e+92	 0.00039180	 6.6617e-06	 5.5787e-05	 1.0721e-06	-0.00051182	-2.3385e-05	
11	20	  0.0032783	  0.0011814	     83.734	     2.0113	-9.7531e+92	-9.7531e+92	  0.0016647	 2.2454e-05	     0.0000	-5.6897e-05	 -0.0017387	  0.0022160	
11	21	  0.0011336	 0.00040853	     128.65	    0.80225	-9.7531e+92	-9.7531e+92	  0.0015351	 7.9007e-06	     0.0000	-0.00048365	-0.00062180	   0.011761	
11	22	 1.0940e-11	 3.9427e-12	     200.45	    0.17499	-9.7531e+92	-9.7531e+92	 2.0571e-05	 4.6036e-07	     0.0000	-2.0780e-05	-3.5008e-05	 0.00019765	
11	23	   0.022532	  0.0081202	     53.605	     2.7712	-9.7531e+92	-9.7531e+92	  0.0071237	 0.00014537	     0.0000	-0.00011179	  -0.011608	   0.021955	
11	24	   0.013872	  0.0049994	     56.094	     2.7297	-9.7531e+92	-9.7531e+92	  0.0012933	 9.1318e-05	  0.0011512	 7.0939e-06	 -0.0070007	 -0.0063279	
12	0	  0.0063811	  0.0021322	     226.76	    0.10933	-9.7531e+92	-9.7531e+92	  0.0087332	 3.6365e-05	     0.0000	 -0.0011723	 -0.0012148	   0.019308	
12	1	 0.00044024	 0.00014710	     231.78	    0.10046	-9.7531e+92	-9.7531e+92	  0.0042267	 2.9980e-06	     0.0000	-0.00019044	-0.00010032	  0.0089296	
12	2	  0.0061467	  0.0020539	     181.48	    0.25322	-9.7531e+92	-9.7531e+92	  0.0032532	 3.8984e-05	     0.0000	-0.00016599	 -0.0013464	  0.0021660	
12	3	 2.3553e-05	 7.8702e-06	     227.10	    0.10870	-9.7531e+92	-9.7531e+92	 0.00040840	 5.6947e-07	     0.0000	-9.1394e-05	-1.9342e-05	 0.00070148	
12	4	  0.0020528	 0.00068593	     165.11	    0.35583	-9.7531e+92	-9.7531e+92	  0.0015056	 1.2251e-05	     0.0000	-0.00010930	-0.00047060	 0.00057282	
12	5	    0.21989	   0.073476	     80.590	     2.1100	-9.7531e+92	-9.7531e+92	   0.023305	  0.0013408	   0.018876	 0.00019141	  -0.050040	  -0.033373	
12	6	   0.011265	  0.0037643	     152.49	    0.46823	-9.7531e+92	-9.7531e+92	  0.0065084	 6.9432e-05	     0.0000	-0.00090397	 -0.0025991	   0.013537	
12	7	 0.00019999	 6.6825e-05	     158.06	    0.41430	-9.7531e+92	-9.7531e+92	  0.0019593	 1.6807e-06	     0.0000	     0.0000	-6.1782e-05	  0.0048981	
12	8	    0.23035	   0.076971	     55.069	     2.7473	-9.7531e+92	-9.7531e+92	   0.029374	  0.0011529	  0.0077811	 0.00042550	  -0.045539	  -0.022647	
12	9	 2.2375e-07	 7.4766e-08	     214.99	    0.13415	-9.7531e+92	-9.7531e+92	  0.0042430	 3.8837e-07	     0.0000	     0.0000	-1.5421e-05	   0.021499	
12	10	   0.010729	  0.0035852	     46.012	     2.8713	-9.7531e+92	-9.7531e+92	 0.00097100	 5.8459e-05	 0.00091097	 7.6921e-05	 -0.0014344	-0.00079831	
12	11	  0.0028498	 0.00095224	     77.218	     2.2132	-9.7531e+92	-9.7531e+92	 0.00030269	 1.8096e-05	 0.00020701	 1.6608e-05	-0.00065236	-0.00043586	
12	12	     0.0000	     0.0000	     0.0000	     3.0000	-9.7531e+92	-9.7531e+92	    0.16723	     0.0000	    0.16708	     0.0000	     0.0000	     0.0000	
12	13	   0.014496	  0.0048440	     205.94	    0.15802	-9.7531e+92	-9.7531e+92	  0.0079325	 8.8120e-05	     0.0000	-0.00052951	 -0.0029016	   0.010638	
12	14	   0.028613	  0.0095608	     188.63	    0.21964	-9.7531e+92	-9.7531e+92	   0.015764	 0.00016979	     0.0000	-0.00011516	 -0.0057155	   0.010942	
12	15	 9.5770e-05	 3.2001e-05	     166.81	    0.34315	-9.7531e+92	-9.7531e+92	 0.00086816	 1.0478e-06	     0.0000	-8.9355e-05	-3.7608e-05	  0.0011613	
12	16	 4.0951e-07	 1.3684e-07	     115.95	     1.0685	-9.7531e+92	-9.7531e+92	 1.7936e-05	 4.4202e-07	     0.0000	-4.1109e-07	-1.6050e-05	 3.6287e-06	
12	17	 4.9369e-12	 1.6497e-12	     225.22	    0.11223	-9.7531e+92	-9.7531e+92	 0.00063197	 3.8989e-07	     0.0000	-0.00013455	-1.5809e-05	 0.00078959	
12	18	    0.19027	   0.063579	     120.73	    0.96010	-9.7531e+92	-9.7531e+92	   0.026810	 0.00091949	     0.0000	 0.00048123	  -0.043215	  -0.013078	
12	19	    0.16590	   0.055435	     44.530	     2.8865	-9.7531e+92	-9.7531e+92	   0.014274	 0.00091055	   0.013962	  0.0015230	  -0.029755	  -0.019830	
12	20	    0.10601	   0.035423	     45.010	     2.8817	-9.7531e+92	-9.7531e+92	   0.011665	 0.00064544	  0.0090116	 0.00068979	  -0.023340	  -0.015775	
12	21	 6.7147e-07	 2.2437e-07	     187.39	    0.22505	-9.7531e+92	-9.7531e+92	 0.00091147	 3.9560e-07	     0.0000	-0.00029130	-1.5494e-05	  0.0042066	
12	22	 0.00013611	 4.5480e-05	     131.16	    0.75767	-9.7531e+92	-9.7531e+92	 0.00015146	 1.3109e-06	     0.0000	-8.2728e-06	-4.6600e-05	 4.5228e-05	
12	23	  0.0041388	  0.0013830	     109.85	     1.2215	-9.7531e+92	-9.7531e+92	  0.0030271	 2.5939e-05	     0.0000	-9.6239e-05	-0.00098905	   0.010608	
12	24	 7.5938e-06	 2.5374e-06	     132.31	    0.73810	-9.7531e+92	-9.7531e+92	 3.9862e-05	 4.7090e-07	     0.0000	-1.1960e-07	-1.7482e-05	 5.3029e-05	
13	0	   0.043082	    0.21459	     86.013	     1.9388	-9.7531e+92	-9.7531e+92	    0.22059	   0.043674	     0.0000	  -0.040584	   0.095022	   0.085335	
13	1	   0.051140	    0.25472	     57.043	     2.7128	-9.7531e+92	-9.7531e+92	    0.14296	   0.057587	     0.0000	 -0.0018369	    0.12920	   0.012026	
13	2	   0.054987	    0.27389	     127.66	    0.82064	-9.7531e+92	-9.7531e+92	   0.090257	   0.059951	     0.0000	   0.016096	   0.077836	  -0.041238	
13	3	 0.00089809	  0.0044733	     188.65	    0.21955	-9.7531e+92	-9.7531e+92	  0.0061659	  0.0010490	     0.0000	 -0.0024324	  0.0011472	  0.0043569	
13	4	 0.00010526	 0.00052429	     217.30	    0.12878	-9.7531e+92	-9.7531e+92	  0.0052628	 0.00020737	     0.0000	 -0.0076184	 0.00034520	  0.0070895	
13	5	  0.0027486	   0.013691	     125.66	    0.85869	-9.7531e+92	-9.7531e+92	   0.015128	  0.0032622	     0.0000	-0.00033491	  0.0049943	   0.014437	
13	6	    0.62444	     3.1103	     53.773	     2.7685	-9.7531e+92	-9.7531e+92	    0.84855	    0.77638	    0.37319	    0.26400	    0.90991	   -0.72037	
13	7	   0.029875	    0.14880	     57.312	     2.7078	-9.7531e+92	-9.7531e+92	   0.078013	   0.032372	     0.0000	     0.0000	   0.063698	 0.00074125	
13	8	 0.00024252	  0.0012080	     162.59	    0.37553	-9.7531e+92	-9.7531e+92	   0.059170	 0.00036788	     0.0000	  -0.012423	 0.00042329	   0.091319	
13	9	   0.044160	    0.21996	     9.0540	     2.9998	-9.7531e+92	-9.7531e+92	    0.15792	   0.044997	     0.0000	     0.0000	   0.079280	    0.12254	
13	10	 3.6570e-13	 1.8215e-12	     205.99	    0.15786	-9.7531e+92	-9.7531e+92	 0.00022041	 9.0876e-05	     0.0000	-6.6998e-05	 5.6275e-05	 0.00016701	
13	11	 3.3435e-08	 1.6654e-07	     166.60	    0.34470	-9.7531e+92	-9.7531e+92	 0.00044135	 8.8802e-05	     0.0000	-6.7496e-05	 6.7716e-05	 0.00032393	
13	12	 7.5781e-13	 3.7746e-12	     205.94	    0.15802	-9.7531e+92	-9.7531e+92	 0.00034749	 9.1126e-05	     0.0000	-0.00026521	 5.8687e-05	 0.00058947	
13	13	     0.0000	     0.0000	     0.0000	     3.0000	-9.7531e+92	-9.7531e+92	     2.5867	     0.0000	     2.1401	     0.0000	     0.0000	     0.0000	
13	14	   0.065465	    0.32608	     32.765	     2.9658	-9.7531e+92	-9.7531e+92	    0.20002	   0.063867	     0.0000	 -0.0024888	   0.049423	   0.038370	
13	15	  0.0038116	   0.018985	     111.52	     1.1779	-9.7531e+92	-9.7531e+92	   0.013072	  0.0027834	     0.0000	     0.0000	   0.013510	     0.0000	
13	16	 2.5002e-13	 1.2454e-12	     153.85	    0.45440	-9.7531e+92	-9.7531e+92	 0.00019407	 8.5270e-05	     0.0000	-1.5621e-05	 8.9231e-05	 3.3065e-05	
13	17	 5.5986e-13	 2.7886e-12	     287.27	   0.043413	-9.7531e+92	-9.7531e+92	  0.0023415	 7.9268e-05	     0.0000	 -0.0059904	 5.7447e-05	  0.0069616	
13	18	   0.050776	    0.25291	     87.611	     1.8878	-9.7531e+92	-9.7531e+92	    0.19093	   0.057755	     0.0000	  -0.023122	   0.087313	   0.066649	
13	19	 2.1677e-07	 1.0797e-06	     184.51	    0.23831	-9.7531e+92	-9.7531e+92	 0.00051245	 9.0366e-05	     0.0000	-0.00053838	 6.6404e-05	  0.0012569	
13	20	 5.2211e-06	 2.6006e-05	     165.04	    0.35635	-9.7531e+92	-9.7531e+92	  0.0039766	 9.3159e-05	     0.0000	 -0.0027544	 8.2000e-05	   0.011407	
13	21	   0.027411	    0.13653	     76.619	     2.2311	-9.7531e+92	-9.7531e+92	   0.059601	   0.036045	     0.0000	 0.00090798	   0.033300	 -0.0023413	
13	22	 6.7836e-14	 3.3789e-13	     260.15	   0.064098	-9.7531e+92	-9.7531e+92	 0.00028512	 9.2367e-05	     0.0000	-0.00057399	 5.2030e-05	 0.00059624	
13	23	 0.00082353	  0.0041019	     113.01	     1.1402	-9.7531e+92	-9.7531e+92	    0.29704	  0.0010848	     0.0000	 -0.0047088	  0.0012957	   0.098431	
13	24	 3.0175e-05	 0.00015030	     142.21	    0.58941	-9.7531e+92	-9.7531e+92	 0.00068465	 0.00012096	     0.0000	-5.1725e-06	 0.00016258	 0.00043692	
14	0	    0.54878	     2.7193	     114.85	     1.0949	-9.7531e+92	-9.7531e+92	    0.81092	    0.75027	   0.069731	    0.22795	     1.2261	    0.65066	
14	1	   0.054531	    0.27022	     88.839	     1.8485	-9.7531e+92	-9.7531e+92	    0.14021	   0.068983	     0.0000	 -0.0020530	  -0.063273	  -0.015301	
14	2	   0.061613	    0.30531	     97.273	     1.5829	-9.7531e+92	-9.7531e+92	   0.096881	   0.055797	     0.0000	  0.0012269	   -0.22180	  -0.019770	
14	3	  0.0018357	  0.0090965	     161.01	    0.38854	-9.7531e+92	-9.7531e+92	  0.0084558	  0.0026480	     0.0000	 -0.0034351	 -0.0010987	 -0.0038569	
14	4	 0.00027268	  0.0013512	     184.55	    0.23808	-9.7531e+92	-9.7531e+92	  0.0062361	 0.00050102	     0.0000	  -0.010821	 5.6182e-06	 -0.0070084	
14	5	  0.0021237	   0.010523	     108.09	     1.2686	-9.7531e+92	-9.7531e+92	   0.011286	  0.0031952	     0.0000	-0.00032939	-0.00083029	  -0.013276	
14	6	   0.025009	    0.12393	     41.508	     2.9135	-9.7531e+92	-9.7531e+92	    0.15903	   0.039212	     0.0000	  -0.052864	  -0.016551	  -0.085369	
14	7	   0.032935	    0.16320	     65.464	     2.5345	-9.7531e+92	-9.7531e+92	   0.068980	   0.050426	     0.0000	     0.0000	  -0.019934	  0.0029995	
14	8	 0.00037858	  0.0018760	     146.54	    0.53466	-9.7531e+92	-9.7531e+92	   0.056158	 0.00055077	     0.0000	  -0.015428	 0.00021418	  -0.081887	
14	9	   0.034690	    0.17190	     38.749	     2.9339	-9.7531e+92	-9.7531e+92	    0.38016	   0.047425	     0.0000	     0.0000	  -0.017942	   -0.11865	
14	10	 8.9012e-13	 4.4108e-12	     190.48	    0.21181	-9.7531e+92	-9.7531e+92	 0.00020732	 0.00010670	     0.0000	-9.9692e-05	-4.0638e-05	-0.00012741	
14	11	 1.7019e-07	 8.4336e-07	     157.91	    0.41563	-9.7531e+92	-9.7531e+92	 0.00027957	 0.00010255	     0.0000	-0.00010130	-9.1465e-06	-0.00024808	
14	12	 8.6736e-14	 4.2980e-13	     188.63	    0.21964	-9.7531e+92	-9.7531e+92	 0.00033492	 0.00010933	     0.0000	-0.00039330	-6.0474e-05	-0.00044991	
14	13	    0.13474	    0.66765	     32.765	     2.9658	-9.7531e+92	-9.7531e+92	    0.27798	    0.19767	     0.0000	   0.022124	    0.15793	   0.068484	
14	14	     0.0000	     0.0000	     0.0000	     3.0000	-9.7531e+92	-9.7531e+92	     2.6019	     0.0000	     2.0775	     0.0000	     0.0000	     0.0000	
14	15	   0.029930	    0.14831	     78.991	     2.1593	-9.7531e+92	-9.7531e+92	   0.045180	   0.047415	  0.0088472	   0.018348	  -0.021492	   0.027036	
14	16	 1.6954e-05	 8.4012e-05	     121.20	    0.94999	-9.7531e+92	-9.7531e+92	 0.00021670	 0.00012177	     0.0000	-5.5975e-06	 3.6992e-05	-5.8462e-06	
14	17	 3.2134e-13	 1.5923e-12	     254.84	   0.069479	-9.7531e+92	-9.7531e+92	  0.0027454	 9.7325e-05	     0.0000	 -0.0088746	-8.4495e-05	 -0.0054677	
14	18	   0.071444	    0.35402	     78.249	     2.1820	-9.7531e+92	-9.7531e+92	    0.18465	   0.096186	     0.0000	  -0.021121	  -0.036791	  -0.045184	
14	19	 2.8905e-06	 1.4323e-05	     166.55	    0.34505	-9.7531e+92	-9.7531e+92	 0.00048214	 0.00010870	     0.0000	-0.00076364	-3.3009e-05	-0.00098951	
14	20	 4.0866e-05	 0.00020250	     147.73	    0.52061	-9.7531e+92	-9.7531e+92	  0.0036283	 0.00014073	     0.0000	 -0.0030956	 0.00011637	  -0.012313	
14	21	  0.0012784	  0.0063346	     101.18	     1.4647	-9.7531e+92	-9.7531e+92	   0.040852	  0.0021819	     0.0000	  -0.020225	 -0.0012924	  -0.028588	
14	22	 2.0448e-13	 1.0133e-12	     227.39	    0.10817	-9.7531e+92	-9.7531e+92	 0.00030443	 0.00011280	     0.0000	-0.00083298	-8.5987e-05	-0.00046914	
14	23	 0.00037979	  0.0018819	     114.84	     1.0952	-9.7531e+92	-9.7531e+92	   0.057306	 0.00069139	     0.0000	 -0.0071180	-0.00041336	  -0.077612	
14	24	 5.1287e-06	 2.5414e-05	     150.00	    0.49487	-9.7531e+92	-9.7531e+92	 0.00040631	 0.00011780	     0.0000	-8.4213e-06	-8.6505e-05	-0.00036548	
15	0	  0.0048532	  0.0054713	     189.51	    0.21584	-9.7531e+92	-9.7531e+92	   0.030850	  0.0015896	     0.0000	   -0.12405	  0.0069045	   -0.17142	
15	1	  0.0021791	  0.0024566	     167.83	    0.33581	-9.7531e+92	-9.7531e+92	   0.015581	 0.00076878	     0.0000	  -0.019398	  0.0026015	  -0.064909	
15	2	   0.083311	   0.093920	     21.827	     2.9932	-9.7531e+92	-9.7531e+92	   0.033963	   0.022026	   0.011006	   0.044328	  0.0049208	   0.013696	
15	3	   0.044690	   0.050381	     84.108	     1.9994	-9.7531e+92	-9.7531e+92	   0.014860	  0.0065110	  0.0095365	   0.015444	  -0.064329	  -0.050252	
15	4	  0.0055227	  0.0062259	     106.18	     1.3210	-9.7531e+92	-9.7531e+92	  0.0057500	  0.0014499	     0.0000	-0.00049156	  0.0022724	-0.00010373	
15	5	  0.0016200	  0.0018263	     104.94	     1.3557	-9.7531e+92	-9.7531e+92	  0.0024640	 0.00057088	     0.0000	-0.00069990	 0.00075265	 -0.0054476	
15	6	  0.0047603	  0.0053665	     96.746	     1.5991	-9.7531e+92	-9.7531e+92	   0.078258	  0.0016598	     0.0000	   -0.10196	  0.0016682	  -0.040847	
15	7	 0.00019334	 0.00021795	     131.62	    0.74982	-9.7531e+92	-9.7531e+92	  0.0080308	 9.2000e-05	     0.0000	     0.0000	 7.6290e-05	  -0.012313	
15	8	 1.0098e-05	 1.1384e-05	     159.01	    0.40580	-9.7531e+92	-9.7531e+92	  0.0084994	 2.5591e-05	     0.0000	  -0.027853	 2.1148e-05	  -0.024410	
15	9	 0.00085786	 0.00096710	     117.55	     1.0311	-9.7531e+92	-9.7531e+92	   0.019472	 0.00030043	     0.0000	     0.0000	 0.00030995	  -0.057697	
15	10	 2.1435e-12	 2.4165e-12	     197.67	    0.18443	-9.7531e+92	-9.7531e+92	 4.5262e-05	 2.3963e-05	     0.0000	-0.00014995	 1.2057e-05	-3.4182e-05	
15	11	 1.9398e-13	 2.1868e-13	     182.32	    0.24896	-9.7531e+92	-9.7531e+92	 6.7554e-05	 2.3886e-05	     0.0000	-0.00015047	 1.2596e-05	-6.7414e-05	
15	12	 8.9695e-10	 1.0112e-09	     166.81	    0.34315	-9.7531e+92	-9.7531e+92	 6.3880e-05	 2.3975e-05	     0.0000	-0.00059423	 1.2077e-05	-0.00012085	
15	13	    0.76327	    0.86047	     111.52	     1.1779	-9.7531e+92	-9.7531e+92	    0.22987	    0.25726	    0.12879	    0.49627	    0.77927	    0.66917	
15	14	   0.062755	   0.070746	     78.991	     2.1593	-9.7531e+92	-9.7531e+92	   0.046748	   0.019106	     0.0000	 -0.0057934	   0.032941	  -0.036897	
15	15	     0.0000	     0.0000	     0.0000	     3.0000	-9.7531e+92	-9.7531e+92	    0.56816	     0.0000	    0.55990	     0.0000	     0.0000	     0.0000	
15	16	 3.8149e-05	 4.3007e-05	     65.362	     2.5370	-9.7531e+92	-9.7531e+92	 6.4186e-05	 3.0648e-05	     0.0000	 1.8079e-05	 0.00019440	 2.8690e-05	
15	17	 3.2948e-08	 3.7143e-08	     175.81	    0.28425	-9.7531e+92	-9.7531e+92	  0.0024353	 1.6600e-05	     0.0000	 -0.0091946	 5.0289e-05	 -0.0034663	
15	18	   0.025818	   0.029106	     116.73	     1.0502	-9.7531e+92	-9.7531e+92	   0.027650	  0.0085368	     0.0000	  -0.075695	   0.015778	  -0.051282	
15	19	 3.3880e-05	 3.8194e-05	     131.26	    0.75593	-9.7531e+92	-9.7531e+92	 0.00010929	 3.5100e-05	     0.0000	 -0.0011283	 2.9831e-05	-0.00027956	
15	20	 8.1823e-05	 9.2242e-05	     124.66	    0.87845	-9.7531e+92	-9.7531e+92	 0.00060555	 5.1683e-05	     0.0000	 -0.0060399	 4.1608e-05	 -0.0026431	
15	21	 1.4193e-06	 1.6000e-06	     175.65	    0.28523	-9.7531e+92	-9.7531e+92	  0.0059563	 2.4483e-05	     0.0000	  -0.031906	 1.5922e-05	 -0.0096672	
15	22	 2.4522e-07	 2.7645e-07	     163.21	    0.37056	-9.7531e+92	-9.7531e+92	 0.00016069	 2.1407e-05	     0.0000	 -0.0011060	 3.3363e-05	-0.00019278	
15	23	 3.1013e-06	 3.4962e-06	     149.47	    0.50076	-9.7531e+92	-9.7531e+92	   0.027474	 2.4367e-05	     0.0000	  -0.010725	 1.1904e-05	  -0.022425	
15	24	 5.5759e-13	 6.2859e-13	     189.75	    0.21485	-9.7531e+92	-9.7531e+92	 9.0739e-05	 2.4156e-05	     0.0000	-1.2688e-05	 1.0005e-05	-0.00010267	
16	0	 0.00034498	 7.1526e-05	     217.18	    0.12904	-9.7531e+92	-9.7531e+92	  0.0064700	 1.0491e-06	     0.0000	-0.00068831	-1.9011e-07	-8.4676e-05	
16	1	 0.00074245	 0.00015393	     207.46	    0.15366	-9.7531e+92	-9.7531e+92	  0.0017113	 2.2054e-06	     0.0000	-0.00010679	-1.4558e-06	 1.9801e-05	
16	2	    0.19438	   0.040302	     68.097	     2.4691	-9.7531e+92	-9.7531e+92	   0.012775	 0.00047318	  0.0085529	 0.00084842	 -0.0016464	-0.00080978	
16	3	    0.16252	   0.033695	     111.94	     1.1671	-9.7531e+92	-9.7531e+92	   0.010492	 0.00034904	  0.0095126	 0.00087933	 -0.0018399	 -0.0011455	
16	4	    0.17368	   0.036009	     75.439	     2.2661	-9.7531e+92	-9.7531e+92	   0.012297	 0.00033881	   0.011098	  0.0014925	 -0.0015523	-0.00094954	
16	5	   0.013249	  0.0027469	     71.546	     2.3771	-9.7531e+92	-9.7531e+92	  0.0011955	 3.8173e-05	     0.0000	 1.7769e-08	-9.4026e-05	-1.5237e-07	
16	6	  0.0043548	 0.00090290	     111.89	     1.1685	-9.7531e+92	-9.7531e+92	  0.0036984	 1.2386e-05	     0.0000	-0.00055111	-3.1885e-05	 0.00036824	
16	7	 5.7982e-05	 1.2022e-05	     137.28	    0.65913	-9.7531e+92	-9.7531e+92	 0.00079970	 3.5931e-07	     0.0000	     0.0000	-9.4817e-07	 0.00013066	
16	8	  0.0050374	  0.0010444	     112.87	     1.1438	-9.7531e+92	-9.7531e+92	  0.0018666	 1.4063e-05	     0.0000	-0.00013907	-3.9835e-05	 0.00026795	
16	9	 0.00015424	 3.1979e-05	     159.83	    0.39862	-9.7531e+92	-9.7531e+92	  0.0032043	 5.8467e-07	     0.0000	     0.0000	-1.6221e-06	 0.00055038	
16	10	 9.2891e-08	 1.9259e-08	     147.94	    0.51817	-9.7531e+92	-9.7531e+92	 9.3488e-06	 1.9849e-07	     0.0000	-8.0676e-07	-5.5253e-07	 5.6193e-07	
16	11	 3.1319e-08	 6.4935e-09	     142.85	    0.58099	-9.7531e+92	-9.7531e+92	 1.0369e-05	 1.9781e-07	     0.0000	-8.1726e-07	-5.6230e-07	 1.0873e-06	
16	12	 3.3488e-06	 6.9431e-07	     115.95	     1.0685	-9.7531e+92	-9.7531e+92	 1.3798e-05	 2.0766e-07	     0.0000	-3.1478e-06	-5.5538e-07	 1.9677e-06	
16	13	   0.021539	  0.0044658	     153.85	    0.45440	-9.7531e+92	-9.7531e+92	  0.0081061	 5.8713e-05	     0.0000	-0.00027042	-5.3950e-05	 4.2519e-05	
16	14	    0.22041	   0.045698	     121.20	    0.94999	-9.7531e+92	-9.7531e+92	   0.018203	 0.00057922	     0.0000	 9.6059e-05	-0.00063647	-7.4107e-05	
16	15	    0.14573	   0.030214	     65.362	     2.5370	-9.7531e+92	-9.7531e+92	  0.0097830	 0.00041417	  0.0082628	 0.00093994	 -0.0010394	-0.00058492	
16	16	     0.0000	     0.0000	     0.0000	     3.0000	-9.7531e+92	-9.7531e+92	    0.10368	     0.0000	    0.10366	     0.0000	     0.0000	     0.0000	
16	17	 1.1615e-06	 2.4082e-07	     148.25	    0.51453	-9.7531e+92	-9.7531e+92	  0.0050592	 1.5242e-07	  0.0040543	-5.0439e-05	-2.9780e-07	 1.2123e-05	
16	18	   0.048845	   0.010127	     110.59	     1.2021	-9.7531e+92	-9.7531e+92	  0.0051807	 0.00013131	     0.0000	-0.00028984	-0.00026817	 0.00016077	
16	19	  0.0019955	 0.00041373	     73.024	     2.3358	-9.7531e+92	-9.7531e+92	 0.00015221	 5.8200e-06	     0.0000	 7.3603e-06	-6.2573e-06	-1.3007e-06	
16	20	  0.0068071	  0.0014113	     74.477	     2.2942	-9.7531e+92	-9.7531e+92	 0.00049350	 1.9929e-05	     0.0000	-4.4646e-06	-5.3227e-05	 5.1143e-06	
16	21	 1.0700e-07	 2.2186e-08	     180.81	    0.25669	-9.7531e+92	-9.7531e+92	 0.00049493	 1.9567e-07	     0.0000	-0.00017170	-5.2911e-07	 0.00011614	
16	22	 0.00013230	 2.7431e-05	     106.73	     1.3057	-9.7531e+92	-9.7531e+92	 0.00027045	 5.1209e-07	 0.00017166	-3.2825e-06	 1.1417e-07	-6.7739e-07	
16	23	 2.3058e-05	 4.7807e-06	     136.77	    0.66684	-9.7531e+92	-9.7531e+92	  0.0013324	 2.5546e-07	     0.0000	-5.7696e-05	-7.4952e-07	 0.00032889	
16	24	 1.6754e-10	 3.4736e-11	     177.80	    0.27291	-9.7531e+92	-9.7531e+92	 1.1706e-05	 1.9683e-07	     0.0000	-6.8983e-08	-5.6546e-07	 1.6070e-06	
17	0	 0.00012000	 6.2528e-05	     353.56	   0.019078	-9.7531e+92	-9.7531e+92	  0.0063933	 0.00010009	     0.0000	   -0.29615	 0.00024078	   -0.22000	
17	1	 1.4377e-05	 7.4913e-06	     342.57	   0.021626	-9.7531e+92	-9.7531e+92	  0.0018924	 4.6597e-05	     0.0000	  -0.046403	 7.3186e-05	  -0.072157	
17	2	   0.078376	   0.040839	     160.64	    0.39167	-9.7531e+92	-9.7531e+92	   0.020051	   0.040868	  0.0094405	    0.13167	  -0.027909	  0.0040604	
17	3	    0.38733	    0.20183	     122.41	    0.92444	-9.7531e+92	-9.7531e+92	   0.060112	    0.14160	   0.057651	    0.72711	   -0.46818	   -0.29143	
17	4	    0.43195	    0.22508	     73.525	     2.3215	-9.7531e+92	-9.7531e+92	   0.075536	   0.025966	   0.072524	    0.13014	    -1.0825	   -0.90618	
17	5	 0.00088152	 0.00045934	     219.60	    0.12368	-9.7531e+92	-9.7531e+92	  0.0017301	 0.00055381	     0.0000	 -0.0028214	-0.00074461	  0.0051935	
17	6	 5.3489e-12	 2.7871e-12	     251.72	   0.072906	-9.7531e+92	-9.7531e+92	  0.0042427	 3.7625e-05	     0.0000	   -0.24806	-4.8916e-05	   0.034707	
17	7	 2.2025e-13	 1.1477e-13	     281.54	   0.047004	-9.7531e+92	-9.7531e+92	 0.00082055	 3.9024e-05	     0.0000	     0.0000	-5.6739e-05	   0.014276	
17	8	 2.1272e-12	 1.1084e-12	     258.50	   0.065716	-9.7531e+92	-9.7531e+92	  0.0013380	 3.7180e-05	     0.0000	  -0.064858	-6.1779e-05	   0.035209	
17	9	 1.0468e-12	 5.4546e-13	     293.28	   0.040011	-9.7531e+92	-9.7531e+92	  0.0032088	 3.6016e-05	     0.0000	     0.0000	-5.1574e-05	   0.053352	
17	10	 1.8164e-12	 9.4646e-13	     270.72	   0.054831	-9.7531e+92	-9.7531e+92	 1.9783e-05	 3.9412e-05	     0.0000	-0.00034824	-7.4623e-05	 8.3026e-05	
17	11	 2.1975e-12	 1.1451e-12	     290.18	   0.041722	-9.7531e+92	-9.7531e+92	 2.0826e-05	 3.9552e-05	     0.0000	-0.00035118	-7.5106e-05	 0.00015904	
17	12	 1.4337e-13	 7.4707e-14	     225.22	    0.11223	-9.7531e+92	-9.7531e+92	 2.6581e-05	 3.9132e-05	     0.0000	 -0.0013768	-7.2098e-05	 0.00029268	
17	13	  0.0046634	  0.0024300	     287.27	   0.043413	-9.7531e+92	-9.7531e+92	   0.010068	  0.0026835	     0.0000	   -0.14492	  0.0035225	  -0.084772	
17	14	   0.022372	   0.011657	     254.84	   0.069479	-9.7531e+92	-9.7531e+92	   0.016364	   0.012555	     0.0000	  -0.030126	   0.016336	  -0.082464	
17	15	  0.0091578	  0.0047719	     175.81	    0.28425	-9.7531e+92	-9.7531e+92	   0.010547	  0.0053184	  0.0067265	  0.0055946	 -0.0072158	-0.00082216	
17	16	 2.7669e-06	 1.4418e-06	     148.25	    0.51453	-9.7531e+92	-9.7531e+92	 8.3753e-05	 3.4722e-05	 3.7471e-05	-5.8421e-05	-1.7892e-05	 4.7533e-07	
17	17	     0.0000	     0.0000	     0.0000	     3.0000	-9.7531e+92	-9.7531e+92	    0.29192	     0.0000	    0.28939	     0.0000	     0.0000	     0.0000	
17	18	  0.0019894	  0.0010366	     258.46	   0.065759	-9.7531e+92	-9.7531e+92	  0.0041127	  0.0011268	     0.0000	   -0.22722	-0.00042185	  -0.012219	
17	19	 0.00035360	 0.00018425	     187.53	    0.22442	-9.7531e+92	-9.7531e+92	 0.00041383	 0.00022654	     0.0000	 -0.0012890	-0.00026473	 0.00019068	
17	20	 2.9026e-12	 1.5125e-12	     207.02	    0.15490	-9.7531e+92	-9.7531e+92	 0.00026097	 3.8382e-05	     0.0000	  -0.013829	-6.2033e-05	  0.0050616	
17	21	 1.1568e-12	 6.0280e-13	     326.31	   0.026229	-9.7531e+92	-9.7531e+92	 0.00054648	 3.9242e-05	     0.0000	  -0.073763	-6.2721e-05	   0.014173	
17	22	   0.062782	   0.032714	     106.10	     1.3231	-9.7531e+92	-9.7531e+92	  0.0097639	   0.020295	  0.0095157	    0.16139	   0.095786	    0.11107	
17	23	 5.7825e-13	 3.0131e-13	     284.58	   0.045056	-9.7531e+92	-9.7531e+92	  0.0015249	 3.8232e-05	     0.0000	  -0.024795	-7.1497e-05	   0.045803	
17	24	 6.4050e-12	 3.3375e-12	     325.25	   0.026569	-9.7531e+92	-9.7531e+92	 2.2014e-05	 3.9616e-05	     0.0000	-2.9635e-05	-7.4175e-05	 0.00023156	
18	0	   0.055403	    0.14514	     116.29	     1.0606	-9.7531e+92	-9.7531e+92	    0.12611	   0.057259	     0.0000	  -0.028183	   -0.52218	    0.18903	
18	1	   0.059152	    0.15496	     111.77	     1.1715	-9.7531e+92	-9.7531e+92	   0.068877	   0.057525	     0.0000	     0.0000	   -0.69750	   0.011115	
18	2	   0.010744	   0.028146	     137.27	    0.65930	-9.7531e+92	-9.7531e+92	   0.019918	   0.013609	     0.0000	 -0.0040986	   -0.11553	   0.023223	
18	3	 2.9722e-05	 7.7862e-05	     199.21	    0.17912	-9.7531e+92	-9.7531e+92	  0.0015308	 0.00012541	     0.0000	 -0.0033343	 -0.0010016	   0.011061	
18	4	 4.6906e-06	 1.2288e-05	     186.18	    0.23049	-9.7531e+92	-9.7531e+92	  0.0017969	 9.0450e-05	     0.0000	 -0.0062210	-0.00078802	   0.014295	
18	5	   0.018144	   0.047530	     53.346	     2.7752	-9.7531e+92	-9.7531e+92	   0.034242	   0.020364	     0.0000	 0.00017275	   -0.20689	  -0.012950	
18	6	   0.049078	    0.12857	     36.723	     2.9464	-9.7531e+92	-9.7531e+92	   0.083813	   0.057579	     0.0000	  -0.018205	   -0.57430	    0.12111	
18	7	   0.034660	   0.090797	     38.248	     2.9371	-9.7531e+92	-9.7531e+92	   0.038258	   0.040764	     0.0000	     0.0000	   -0.40497	  -0.011239	
18	8	    0.59210	     1.5511	     75.421	     2.2666	-9.7531e+92	-9.7531e+92	    0.41803	    0.59917	    0.24875	   0.079858	    -6.4264	    -1.4065	
18	9	  0.0089398	   0.023419	     96.665	     1.6016	-9.7531e+92	-9.7531e+92	   0.064676	  0.0096235	     0.0000	     0.0000	   -0.10508	    0.32595	
18	10	 1.2776e-06	 3.3468e-06	     118.82	     1.0023	-9.7531e+92	-9.7531e+92	 0.00034471	 7.9253e-05	     0.0000	-5.2008e-05	-0.00072517	 0.00030540	
18	11	 0.00038685	  0.0010134	     81.269	     2.0888	-9.7531e+92	-9.7531e+92	 0.00063028	 0.00052464	     0.0000	 4.0168e-05	 -0.0048618	-0.00045455	
18	12	 5.0916e-07	 1.3338e-06	     120.73	    0.96010	-9.7531e+92	-9.7531e+92	  0.0013200	 7.9823e-05	 0.00010036	-0.00020796	-0.00072891	  0.0010889	
18	13	   0.081168	    0.21263	     87.611	     1.8878	-9.7531e+92	-9.7531e+92	    0.10362	   0.091833	     0.0000	 -0.0022044	   -0.82355	   0.018516	
18	14	   0.078991	    0.20693	     78.249	     2.1820	-9.7531e+92	-9.7531e+92	    0.16282	   0.085830	     0.0000	 -0.0014661	   -0.79586	   0.058269	
18	15	 0.00070758	  0.0018536	     116.73	     1.0502	-9.7531e+92	-9.7531e+92	  0.0048797	  0.0010071	     0.0000	 -0.0029862	 -0.0093528	   0.017289	
18	16	 8.9899e-08	 2.3550e-07	     110.59	     1.2021	-9.7531e+92	-9.7531e+92	 9.6725e-05	 9.1145e-05	     0.0000	-1.5238e-05	-0.00085460	 6.0664e-05	
18	17	 2.8051e-13	 7.3485e-13	     258.46	   0.065759	-9.7531e+92	-9.7531e+92	 0.00083018	 8.4458e-05	     0.0000	 -0.0049153	-0.00087040	   0.012956	
18	18	     0.0000	     0.0000	     0.0000	     3.0000	-9.7531e+92	-9.7531e+92	     1.4074	     0.0000	     1.1309	     0.0000	     0.0000	     0.0000	
18	19	 4.4921e-05	 0.00011768	     118.15	     1.0174	-9.7531e+92	-9.7531e+92	  0.0019231	 0.00013894	     0.0000	-0.00040090	 -0.0012943	  0.0022212	
18	20	 0.00013623	 0.00035689	     90.275	     1.8027	-9.7531e+92	-9.7531e+92	   0.024515	 0.00024167	  0.0037155	 -0.0021266	 -0.0023105	   0.020916	
18	21	  0.0067765	   0.017752	     79.511	     2.1434	-9.7531e+92	-9.7531e+92	   0.017213	  0.0045681	     0.0000	     0.0000	  -0.053961	     0.0000	
18	22	 5.5682e-13	 1.4587e-12	     205.13	    0.16037	-9.7531e+92	-9.7531e+92	 0.00014381	 9.4460e-05	     0.0000	-0.00045708	-0.00085724	  0.0011101	
18	23	  0.0029962	  0.0078489	     36.898	     2.9454	-9.7531e+92	-9.7531e+92	   0.035716	  0.0034727	     0.0000	 -0.0035782	  -0.034744	    0.17720	
18	24	 0.00053901	  0.0014120	     74.739	     2.2865	-9.7531e+92	-9.7531e+92	 0.00070963	 0.00067208	     0.0000	 2.8774e-06	 -0.0063994	-0.00057394	
19	0	 0.00059122	 0.00032894	     234.49	   0.096052	-9.7531e+92	-9.7531e+92	   0.015036	 2.1796e-05	     0.0000	  -0.014690	 -0.0015797	    0.33521	
19	1	 0.00096463	 0.00053670	     226.57	    0.10968	-9.7531e+92	-9.7531e+92	  0.0070036	 3.6412e-05	     0.0000	 -0.0022750	 -0.0025661	    0.14735	
19	2	   0.069961	   0.038925	     139.30	    0.62950	-9.7531e+92	-9.7531e+92	   0.014919	  0.0025051	  0.0035891	  0.0069866	   -0.18979	   -0.12521	
19	3	  0.0029597	  0.0016467	     184.07	    0.24039	-9.7531e+92	-9.7531e+92	  0.0033452	 0.00010646	 0.00071765	-0.00040244	 -0.0081338	  0.0042596	
19	4	    0.10921	   0.060760	     119.82	    0.98008	-9.7531e+92	-9.7531e+92	   0.018889	  0.0033336	   0.015672	   0.036559	   -0.30319	   -0.26643	
19	5	    0.26131	    0.14539	     64.874	     2.5486	-9.7531e+92	-9.7531e+92	   0.041330	  0.0089893	   0.033954	  0.0024267	   -0.73905	   -0.65464	
19	6	  0.0070157	  0.0039034	     133.74	    0.71443	-9.7531e+92	-9.7531e+92	   0.010015	 0.00024829	     0.0000	  -0.011437	  -0.020146	    0.23408	
19	7	 6.3695e-05	 3.5439e-05	     154.38	    0.44913	-9.7531e+92	-9.7531e+92	  0.0030397	 4.7346e-06	     0.0000	     0.0000	-0.00037444	   0.080939	
19	8	    0.17622	   0.098045	     80.536	     2.1117	-9.7531e+92	-9.7531e+92	   0.035701	  0.0057756	     0.0000	  0.0046573	   -0.50041	   -0.29598	
19	9	 9.8736e-06	 5.4935e-06	     193.08	    0.20137	-9.7531e+92	-9.7531e+92	  0.0073461	 2.5681e-06	     0.0000	     0.0000	-0.00021871	    0.35379	
19	10	  0.0028126	  0.0015649	     85.643	     1.9506	-9.7531e+92	-9.7531e+92	 0.00047944	 8.8479e-05	 0.00037948	 0.00029122	 -0.0067814	 -0.0058717	
19	11	 9.4956e-05	 5.2831e-05	     108.78	     1.2499	-9.7531e+92	-9.7531e+92	 8.3706e-05	 5.8284e-06	     0.0000	-9.3503e-06	-0.00046857	 0.00033992	
19	12	  0.0066132	  0.0036794	     44.530	     2.8865	-9.7531e+92	-9.7531e+92	  0.0010733	 0.00014942	 0.00081423	 0.00039598	 -0.0094811	 -0.0077006	
19	13	  0.0075860	  0.0042207	     184.51	    0.23831	-9.7531e+92	-9.7531e+92	   0.013089	 0.00026982	     0.0000	 -0.0069637	  -0.019257	    0.19306	
19	14	   0.083953	   0.046710	     166.55	    0.34505	-9.7531e+92	-9.7531e+92	   0.033990	  0.0029214	     0.0000	-0.00039437	   -0.21158	   0.051704	
19	15	  0.0034140	  0.0018995	     131.26	    0.75593	-9.7531e+92	-9.7531e+92	  0.0028575	 0.00012756	     0.0000	-0.00057903	 -0.0099648	   0.010280	
19	16	 0.00057114	 0.00031777	     73.024	     2.3358	-9.7531e+92	-9.7531e+92	 0.00011504	 2.3370e-05	 6.5625e-05	 0.00012440	 -0.0018634	 -0.0015012	
19	17	 3.4358e-09	 1.9116e-09	     187.53	    0.22442	-9.7531e+92	-9.7531e+92	  0.0078179	 2.1087e-06	  0.0051212	 -0.0015959	-0.00019337	   0.012974	
19	18	    0.11847	   0.065912	     118.15	     1.0174	-9.7531e+92	-9.7531e+92	   0.032152	  0.0038370	     0.0000	  0.0013488	   -0.32486	  -0.032545	
19	19	     0.0000	     0.0000	     0.0000	     3.0000	-9.7531e+92	-9.7531e+92	    0.27902	     0.0000	    0.27850	     0.0000	     0.0000	     0.0000	
19	20	    0.13451	   0.074837	     28.400	     2.9806	-9.7531e+92	-9.7531e+92	   0.021144	  0.0042031	   0.016727	  0.0083101	   -0.35338	   -0.30937	
19	21	 3.5363e-07	 1.9675e-07	     197.71	    0.18427	-9.7531e+92	-9.7531e+92	  0.0014772	 2.4002e-06	     0.0000	 -0.0036674	-0.00019362	   0.069167	
19	22	   0.013440	  0.0074777	     93.933	     1.6868	-9.7531e+92	-9.7531e+92	  0.0022867	 0.00040221	  0.0020216	  0.0036962	  -0.034064	  -0.030487	
19	23	 0.00023758	 0.00013219	     121.29	    0.94810	-9.7531e+92	-9.7531e+92	  0.0040630	 1.0806e-05	     0.0000	 -0.0012295	-0.00088763	    0.18487	
19	24	 6.6734e-07	 3.7129e-07	     150.08	    0.49393	-9.7531e+92	-9.7531e+92	 5.0810e-05	 2.4729e-06	     0.0000	-1.4173e-06	-0.00019714	 0.00088993	
20	0	  0.0057339	  0.0033127	     206.61	    0.15606	-9.7531e+92	-9.7531e+92	   0.027068	 0.00052647	     0.0000	  -0.022042	  -0.018846	    0.31763	
20	1	  0.0036024	  0.0020812	     199.20	    0.17914	-9.7531e+92	-9.7531e+92	  0.0091880	 0.00034717	     0.0000	 -0.0033884	  -0.012556	    0.13927	
20	2	   0.021355	   0.012338	     139.77	    0.62284	-9.7531e+92	-9.7531e+92	  0.0084456	  0.0021549	     0.0000	 0.00022416	  -0.080478	 -0.0025749	
20	3	  0.0016819	 0.00097172	     185.64	    0.23299	-9.7531e+92	-9.7531e+92	  0.0013809	 0.00017655	     0.0000	 -0.0010993	 -0.0064889	  0.0074247	
20	4	   0.027999	   0.016176	     135.08	    0.69295	-9.7531e+92	-9.7531e+92	  0.0055018	  0.0025812	  0.0021617	   0.012412	   -0.10814	  -0.057320	
20	5	    0.23411	    0.13526	     39.691	     2.9273	-9.7531e+92	-9.7531e+92	   0.036363	   0.022164	   0.028705	  0.0038161	   -0.92272	   -0.58924	
20	6	   0.040479	   0.023387	     111.59	     1.1762	-9.7531e+92	-9.7531e+92	   0.016424	  0.0039289	     0.0000	  -0.011054	   -0.16143	    0.14607	
20	7	 0.00091567	 0.00052902	     126.68	    0.83907	-9.7531e+92	-9.7531e+92	  0.0041254	 9.8227e-05	     0.0000	     0.0000	 -0.0039518	   0.079013	
20	8	   0.048276	   0.027891	     51.987	     2.7958	-9.7531e+92	-9.7531e+92	   0.019646	  0.0034226	     0.0000	-0.00037097	   -0.16230	   0.035477	
20	9	 2.5318e-06	 1.4627e-06	     174.09	    0.29453	-9.7531e+92	-9.7531e+92	   0.012958	 6.3852e-06	     0.0000	     0.0000	-0.00027703	    0.35512	
20	10	  0.0040771	  0.0023555	     74.457	     2.2947	-9.7531e+92	-9.7531e+92	 0.00063401	 0.00037092	 0.00053021	 0.00070136	  -0.014616	 -0.0094854	
20	11	 0.00026577	 0.00015354	     83.734	     2.0113	-9.7531e+92	-9.7531e+92	 0.00010332	 3.2491e-05	     0.0000	 5.5871e-06	 -0.0013283	-0.00012527	
20	12	  0.0016232	 0.00093781	     45.010	     2.8817	-9.7531e+92	-9.7531e+92	 0.00034281	 0.00013769	 7.3832e-05	 0.00017411	 -0.0049348	 -0.0021848	
20	13	   0.015177	  0.0087684	     165.04	    0.35635	-9.7531e+92	-9.7531e+92	   0.016705	  0.0014761	     0.0000	 -0.0098218	  -0.052535	    0.17307	
20	14	    0.38767	    0.22397	     147.73	    0.52061	-9.7531e+92	-9.7531e+92	   0.070785	   0.036963	  0.0096465	  0.0078540	    -1.3358	   -0.65457	
20	15	  0.0023766	  0.0013730	     124.66	    0.87845	-9.7531e+92	-9.7531e+92	  0.0025917	 0.00025117	     0.0000	 -0.0011414	 -0.0098198	   0.013093	
20	16	 1.4308e-05	 8.2666e-06	     74.477	     2.2942	-9.7531e+92	-9.7531e+92	 3.0062e-05	 8.4204e-06	     0.0000	-2.7860e-06	-0.00033157	 2.1733e-05	
20	17	 1.8714e-12	 1.0812e-12	     207.02	    0.15490	-9.7531e+92	-9.7531e+92	  0.0022725	 6.1984e-06	     0.0000	 -0.0025185	-0.00027466	   0.013056	
20	18	    0.16268	   0.093985	     90.275	     1.8027	-9.7531e+92	-9.7531e+92	   0.037723	   0.011630	     0.0000	  0.0053316	   -0.64435	   -0.14615	
20	19	   0.036945	   0.021345	     28.400	     2.9806	-9.7531e+92	-9.7531e+92	  0.0056262	  0.0028368	  0.0050875	  0.0047931	   -0.11012	  -0.065498	
20	20	     0.0000	     0.0000	     0.0000	     3.0000	-9.7531e+92	-9.7531e+92	    0.29065	     0.0000	    0.28606	     0.0000	     0.0000	     0.0000	
20	21	 1.6461e-07	 9.5102e-08	     169.84	    0.32188	-9.7531e+92	-9.7531e+92	  0.0021065	 6.0435e-06	     0.0000	 -0.0052515	-0.00026662	   0.069528	
20	22	 0.00026499	 0.00015310	     116.48	     1.0560	-9.7531e+92	-9.7531e+92	 0.00020998	 3.3160e-05	     0.0000	-8.2028e-05	 -0.0012985	 0.00039656	
20	23	  0.0047496	  0.0027441	     93.058	     1.7144	-9.7531e+92	-9.7531e+92	  0.0067540	 0.00046854	     0.0000	 -0.0017843	  -0.019629	    0.17374	
20	24	 6.4898e-06	 3.7494e-06	     121.85	    0.93617	-9.7531e+92	-9.7531e+92	 5.2235e-05	 7.3007e-06	     0.0000	-2.2463e-06	-0.00029870	 0.00087998	
21	0	   0.049077	   0.040440	     39.458	     2.9290	-9.7531e+92	-9.7531e+92	   0.032323	   0.016725	     0.0000	  -0.050112	    0.24658	   -0.27136	
21	1	   0.046750	   0.038523	     57.297	     2.7081	-9.7531e+92	-9.7531e+92	   0.020482	  0.0089682	     0.0000	     0.0000	   0.082729	     0.0000	
21	2	 5.6409e-05	 4.6481e-05	     197.19	    0.18609	-9.7531e+92	-9.7531e+92	  0.0033282	 5.5028e-05	     0.0000	  -0.014443	 0.00073864	  -0.052449	
21	3	 9.3934e-07	 7.7403e-07	     259.71	   0.064522	-9.7531e+92	-9.7531e+92	 0.00028040	 3.1340e-05	     0.0000	 -0.0055907	 0.00041121	  -0.012105	
21	4	 1.0880e-07	 8.9648e-08	     253.96	   0.070430	-9.7531e+92	-9.7531e+92	 0.00031135	 2.8924e-05	     0.0000	  -0.010375	 0.00039857	  -0.014694	
21	5	 0.00032930	 0.00027135	     132.91	    0.72808	-9.7531e+92	-9.7531e+92	  0.0047713	 0.00017598	     0.0000	-0.00075205	  0.0023238	  -0.032648	
21	6	  0.0018787	  0.0015481	     78.899	     2.1621	-9.7531e+92	-9.7531e+92	   0.015509	 0.00084045	     0.0000	  -0.061159	   0.011417	   -0.23780	
21	7	  0.0034048	  0.0028056	     44.967	     2.8822	-9.7531e+92	-9.7531e+92	  0.0066415	  0.0014378	     0.0000	     0.0000	   0.020865	  -0.068315	
21	8	 2.7676e-05	 2.2805e-05	     132.38	    0.73687	-9.7531e+92	-9.7531e+92	   0.055913	 4.1252e-05	  0.0026660	  -0.016308	 0.00054676	   -0.16312	
21	9	  0.0036748	  0.0030281	     83.320	     2.0244	-9.7531e+92	-9.7531e+92	   0.016288	  0.0014510	     0.0000	     0.0000	   0.022124	   -0.32896	
21	10	 2.9735e-09	 2.4502e-09	     171.26	    0.31241	-9.7531e+92	-9.7531e+92	 6.2457e-05	 3.2040e-05	     0.0000	-8.7653e-05	 0.00038017	-0.00028382	
21	11	 2.0687e-06	 1.7046e-06	     128.65	    0.80225	-9.7531e+92	-9.7531e+92	 0.00010215	 3.2484e-05	     0.0000	-8.7489e-05	 0.00039507	-0.00054685	
21	12	 2.7691e-13	 2.2817e-13	     187.39	    0.22505	-9.7531e+92	-9.7531e+92	 0.00019258	 3.2219e-05	     0.0000	-0.00034698	 0.00037941	 -0.0010021	
21	13	   0.031173	   0.025687	     76.619	     2.2311	-9.7531e+92	-9.7531e+92	   0.022672	   0.012503	     0.0000	  -0.025090	    0.17563	   -0.15549	
21	14	   0.025562	   0.021063	     101.18	     1.4647	-9.7531e+92	-9.7531e+92	   0.029758	   0.010032	     0.0000	 -0.0072871	    0.15134	   -0.21331	
21	15	 8.1729e-06	 6.7345e-06	     175.65	    0.28523	-9.7531e+92	-9.7531e+92	 0.00085922	 3.4184e-05	     0.0000	 -0.0055059	 0.00043719	  -0.018413	
21	16	 2.0525e-13	 1.6913e-13	     180.81	    0.25669	-9.7531e+92	-9.7531e+92	 2.9023e-05	 3.2163e-05	     0.0000	-2.5495e-05	 0.00037737	-5.5574e-05	
21	17	 1.0655e-12	 8.7795e-13	     326.31	   0.026229	-9.7531e+92	-9.7531e+92	 0.00015677	 2.8960e-05	     0.0000	 -0.0081908	 0.00037769	  -0.012036	
21	18	    0.83744	    0.69005	     79.511	     2.1434	-9.7531e+92	-9.7531e+92	    0.18808	    0.35039	    0.10112	    0.40338	     4.9607	     1.8880	
21	19	 7.1522e-10	 5.8935e-10	     197.71	    0.18427	-9.7531e+92	-9.7531e+92	 0.00027654	 3.2078e-05	     0.0000	-0.00070455	 0.00038132	 -0.0021807	
21	20	 8.8291e-07	 7.2752e-07	     169.84	    0.32188	-9.7531e+92	-9.7531e+92	  0.0033005	 3.1653e-05	     0.0000	 -0.0036057	 0.00038854	  -0.019835	
21	21	     0.0000	     0.0000	     0.0000	     3.0000	-9.7531e+92	-9.7531e+92	    0.41600	     0.0000	    0.39475	     0.0000	     0.0000	     0.0000	
21	22	 3.0257e-14	 2.4932e-14	     284.69	   0.044983	-9.7531e+92	-9.7531e+92	 3.7148e-05	 3.2726e-05	     0.0000	-0.00076168	 0.00037823	 -0.0010320	
21	23	 0.00028676	 0.00023629	     78.648	     2.1698	-9.7531e+92	-9.7531e+92	  0.0063644	 0.00014779	     0.0000	 -0.0062096	  0.0021242	   -0.17127	
21	24	 0.00033120	 0.00027292	     85.071	     1.9688	-9.7531e+92	-9.7531e+92	 0.00018307	 0.00017213	     0.0000	 7.2890e-08	  0.0023968	 8.0515e-06	
22	0	 3.7925e-05	 2.0213e-05	     321.47	   0.027830	-9.7531e+92	-9.7531e+92	  0.0065984	 3.6691e-06	     0.0000	  -0.018298	-4.2203e-05	   0.056265	
22	1	 3.6023e-05	 1.9199e-05	     312.59	   0.031097	-9.7531e+92	-9.7531e+92	  0.0029943	 3.8602e-06	     0.0000	 -0.0028646	-4.5233e-05	   0.026330	
22	2	   0.082348	   0.043889	     161.29	    0.38622	-9.7531e+92	-9.7531e+92	   0.019681	  0.0029142	  0.0088279	  0.0095231	  -0.045277	  -0.030928	
22	3	    0.11267	   0.060051	     164.94	    0.35711	-9.7531e+92	-9.7531e+92	   0.026958	  0.0031925	   0.024441	   0.018995	  -0.066174	  -0.057717	
22	4	    0.49116	    0.26177	     82.638	     2.0459	-9.7531e+92	-9.7531e+92	   0.080912	  0.0054144	   0.077831	   0.044010	   -0.32907	   -0.30262	
22	5	    0.11476	   0.061166	     151.89	    0.47454	-9.7531e+92	-9.7531e+92	   0.017807	  0.0044059	   0.010742	  0.0014433	  -0.069078	  -0.056469	
22	6	 0.00011579	 6.1710e-05	     216.08	    0.13159	-9.7531e+92	-9.7531e+92	  0.0046923	 6.7485e-06	     0.0000	  -0.015300	-0.00010885	   0.052530	
22	7	 4.3114e-11	 2.2978e-11	     241.36	   0.085874	-9.7531e+92	-9.7531e+92	  0.0012035	 2.5586e-06	     0.0000	     0.0000	-4.0561e-05	   0.017048	
22	8	 0.00057650	 0.00030726	     168.70	    0.32968	-9.7531e+92	-9.7531e+92	  0.0034651	 2.3498e-05	     0.0000	 -0.0039647	-0.00039532	   0.036389	
22	9	 1.1619e-11	 6.1927e-12	     266.14	   0.058633	-9.7531e+92	-9.7531e+92	  0.0033072	 2.3613e-06	     0.0000	     0.0000	-4.0069e-05	   0.073903	
22	10	 4.3510e-11	 2.3190e-11	     176.66	    0.27933	-9.7531e+92	-9.7531e+92	 3.9182e-05	 2.5853e-06	     0.0000	-2.1404e-05	-4.2074e-05	 6.6308e-05	
22	11	 4.8232e-11	 2.5706e-11	     200.45	    0.17499	-9.7531e+92	-9.7531e+92	 2.7473e-05	 2.5959e-06	     0.0000	-2.1685e-05	-4.2311e-05	 0.00012869	
22	12	 0.00065973	 0.00035162	     131.16	    0.75767	-9.7531e+92	-9.7531e+92	 0.00014689	 2.7894e-05	     0.0000	 5.4721e-05	-0.00045085	-0.00015237	
22	13	  0.0011354	 0.00060515	     260.15	   0.064098	-9.7531e+92	-9.7531e+92	  0.0085046	 4.4695e-05	     0.0000	 -0.0093206	-0.00054595	   0.037299	
22	14	   0.018527	  0.0098745	     227.39	    0.10817	-9.7531e+92	-9.7531e+92	   0.016117	 0.00068147	     0.0000	 -0.0019460	 -0.0084684	   0.036874	
22	15	  0.0068074	  0.0036282	     163.21	    0.37056	-9.7531e+92	-9.7531e+92	  0.0063410	 0.00026158	  0.0024332	-8.6827e-05	 -0.0041413	 0.00026235	
22	16	 0.00071115	 0.00037902	     106.73	     1.3057	-9.7531e+92	-9.7531e+92	 0.00017087	 2.7336e-05	 0.00012354	 0.00015214	-0.00046010	-0.00038461	
22	17	   0.087497	   0.046633	     106.10	     1.3231	-9.7531e+92	-9.7531e+92	   0.044772	  0.0016525	   0.042189	   0.013977	 -0.0040840	-0.00093994	
22	18	   0.012277	  0.0065433	     205.13	    0.16037	-9.7531e+92	-9.7531e+92	  0.0076031	 0.00044333	     0.0000	  -0.012639	 -0.0067375	   0.047125	
22	19	   0.049257	   0.026253	     93.933	     1.6868	-9.7531e+92	-9.7531e+92	  0.0068790	  0.0017240	  0.0063821	  0.0076480	  -0.024833	  -0.022644	
22	20	   0.021422	   0.011417	     116.48	     1.0560	-9.7531e+92	-9.7531e+92	  0.0036894	 0.00081608	     0.0000	  0.0014691	  -0.013239	 -0.0078110	
22	21	 2.6468e-11	 1.4107e-11	     284.69	   0.044983	-9.7531e+92	-9.7531e+92	 0.00066433	 2.5735e-06	     0.0000	 -0.0045552	-4.1127e-05	   0.014641	
22	22	     0.0000	     0.0000	     0.0000	     3.0000	-9.7531e+92	-9.7531e+92	    0.26858	     0.0000	    0.26833	     0.0000	     0.0000	     0.0000	
22	23	 5.5779e-11	 2.9729e-11	     209.07	    0.14920	-9.7531e+92	-9.7531e+92	  0.0017385	 2.5073e-06	     0.0000	 -0.0015312	-4.1967e-05	   0.039673	
22	24	 9.2127e-11	 4.9101e-11	     237.89	   0.090842	-9.7531e+92	-9.7531e+92	 2.4755e-05	 2.5981e-06	     0.0000	-1.8301e-06	-4.2223e-05	 0.00019129	
23	0	    0.20645	    0.10404	     119.13	    0.99543	-9.7531e+92	-9.7531e+92	   0.043816	    0.12482	     0.0000	   0.025366	    0.52987	  -0.044690	
23	1	    0.15850	   0.079875	     132.72	    0.73117	-9.7531e+92	-9.7531e+92	   0.028087	    0.10022	     0.0000	   0.015335	    0.32185	  -0.084264	
23	2	 0.00079135	 0.00039879	     168.40	    0.33177	-9.7531e+92	-9.7531e+92	  0.0022902	 0.00058064	     0.0000	  -0.012515	  0.0015050	   0.023024	
23	3	 2.3815e-05	 1.2001e-05	     228.38	    0.10637	-9.7531e+92	-9.7531e+92	 0.00019812	 6.2267e-05	     0.0000	 -0.0050017	 0.00017035	  0.0053144	
23	4	 9.2505e-07	 4.6616e-07	     212.30	    0.14074	-9.7531e+92	-9.7531e+92	 0.00018513	 4.5212e-05	     0.0000	 -0.0093264	 0.00011154	  0.0071543	
23	5	   0.020255	   0.010207	     65.633	     2.5304	-9.7531e+92	-9.7531e+92	  0.0039345	   0.013524	     0.0000	 0.00036964	   0.029333	 -0.0096351	
23	6	    0.10463	   0.052725	     73.330	     2.3271	-9.7531e+92	-9.7531e+92	   0.024802	   0.033079	     0.0000	     0.0000	    0.35446	     0.0000	
23	7	    0.15818	   0.079714	     58.677	     2.6821	-9.7531e+92	-9.7531e+92	   0.023158	    0.10244	  0.0078277	     0.0000	    0.22992	   -0.17670	
23	8	   0.010219	  0.0051498	     54.810	     2.7517	-9.7531e+92	-9.7531e+92	   0.011358	  0.0068327	     0.0000	  -0.012350	   0.013433	   0.076540	
23	9	 0.00082058	 0.00041352	     121.73	    0.93874	-9.7531e+92	-9.7531e+92	   0.019877	 0.00052903	     0.0000	     0.0000	  0.0012842	    0.18050	
23	10	 5.5587e-05	 2.8012e-05	     95.614	     1.6342	-9.7531e+92	-9.7531e+92	 3.5447e-05	 9.0177e-05	     0.0000	-4.0105e-05	 0.00013121	 8.4315e-05	
23	11	  0.0013039	 0.00065710	     53.605	     2.7712	-9.7531e+92	-9.7531e+92	 0.00020190	 0.00096604	 5.7595e-05	 0.00039108	  0.0019648	 -0.0015830	
23	12	 1.2922e-05	 6.5118e-06	     109.85	     1.2215	-9.7531e+92	-9.7531e+92	 5.3309e-05	 5.8879e-05	     0.0000	-0.00030187	 8.3803e-05	 0.00056588	
23	13	   0.076135	   0.038367	     113.01	     1.1402	-9.7531e+92	-9.7531e+92	   0.021021	   0.029093	     0.0000	     0.0000	   -0.11102	   0.012704	
23	14	   0.078774	   0.039697	     114.84	     1.0952	-9.7531e+92	-9.7531e+92	   0.022372	   0.049314	     0.0000	 -0.0022142	    0.17177	   0.025438	
23	15	 8.2954e-05	 4.1804e-05	     149.47	    0.50076	-9.7531e+92	-9.7531e+92	 0.00063639	 8.8368e-05	     0.0000	 -0.0048992	 0.00022928	  0.0098787	
23	16	 1.4050e-08	 7.0805e-09	     136.77	    0.66684	-9.7531e+92	-9.7531e+92	 1.7849e-05	 4.9108e-05	     0.0000	-2.2907e-05	 6.1026e-05	 3.2784e-05	
23	17	 4.6851e-13	 2.3610e-13	     284.58	   0.045056	-9.7531e+92	-9.7531e+92	 9.3778e-05	 4.4537e-05	     0.0000	 -0.0073640	 6.1026e-05	  0.0069055	
23	18	    0.16749	   0.084407	     36.898	     2.9454	-9.7531e+92	-9.7531e+92	   0.033302	    0.10669	     0.0000	   0.030648	    0.27051	  -0.074384	
23	19	 2.7152e-05	 1.3683e-05	     121.29	    0.94810	-9.7531e+92	-9.7531e+92	 8.8623e-05	 6.9406e-05	     0.0000	-0.00061360	 9.9713e-05	  0.0012081	
23	20	  0.0015111	 0.00076152	     93.058	     1.7144	-9.7531e+92	-9.7531e+92	 0.00090067	  0.0011263	     0.0000	 -0.0026209	  0.0018922	  0.0091529	
23	21	   0.012416	  0.0062570	     78.648	     2.1698	-9.7531e+92	-9.7531e+92	  0.0062679	  0.0090212	     0.0000	 -0.0086397	   0.014469	   0.018784	
23	22	 5.4658e-12	 2.7544e-12	     209.07	    0.14920	-9.7531e+92	-9.7531e+92	 2.1921e-05	 5.0617e-05	     0.0000	-0.00068480	 6.2059e-05	 0.00059143	
23	23	     0.0000	     0.0000	     0.0000	     3.0000	-9.7531e+92	-9.7531e+92	    0.26082	     0.0000	    0.22636	     0.0000	     0.0000	     0.0000	
23	24	  0.0023111	  0.0011646	     40.708	     2.9198	-9.7531e+92	-9.7531e+92	 0.00034426	  0.0016571	 0.00014566	 4.0513e-05	  0.0031689	 -0.0028861	
24	0	    0.23723	   0.096148	     123.34	    0.90511	-9.7531e+92	-9.7531e+92	   0.037037	  0.0010558	     0.0000	 0.00038615	  -0.034427	  -0.010367	
24	1	    0.19152	   0.077622	     142.19	    0.58963	-9.7531e+92	-9.7531e+92	   0.025047	 0.00090664	     0.0000	 0.00020439	  -0.028787	  -0.015554	
24	2	 0.00043791	 0.00017748	     210.29	    0.14595	-9.7531e+92	-9.7531e+92	  0.0019159	 2.5853e-06	     0.0000	-0.00012571	-8.1778e-05	  0.0026352	
24	3	 2.2799e-06	 9.2405e-07	     270.69	   0.054855	-9.7531e+92	-9.7531e+92	 0.00016310	 3.5831e-07	     0.0000	-4.9580e-05	-1.1049e-05	 0.00061200	
24	4	 2.3585e-06	 9.5591e-07	     253.16	   0.071301	-9.7531e+92	-9.7531e+92	 0.00015941	 3.3347e-07	     0.0000	-9.1998e-05	-1.1466e-05	 0.00077263	
24	5	   0.054886	   0.022245	     106.34	     1.3165	-9.7531e+92	-9.7531e+92	  0.0067927	 0.00028567	  0.0014198	 2.1580e-05	 -0.0094524	 -0.0058029	
24	6	   0.024749	   0.010031	     108.13	     1.2674	-9.7531e+92	-9.7531e+92	   0.012826	 0.00011921	     0.0000	-0.00037009	 -0.0041952	  0.0098113	
24	7	   0.020505	  0.0083105	     84.614	     1.9834	-9.7531e+92	-9.7531e+92	  0.0049629	 0.00010388	     0.0000	     0.0000	 -0.0035084	  0.0013840	
24	8	  0.0088941	  0.0036048	     77.960	     2.1908	-9.7531e+92	-9.7531e+92	   0.011940	 4.3352e-05	     0.0000	-0.00012458	 -0.0015152	  0.0078409	
24	9	 0.00099890	 0.00040485	     149.07	    0.50520	-9.7531e+92	-9.7531e+92	   0.016604	 5.0346e-06	     0.0000	     0.0000	-0.00018311	   0.018404	
24	10	 9.6144e-05	 3.8967e-05	     102.71	     1.4197	-9.7531e+92	-9.7531e+92	 3.7240e-05	 8.3324e-07	     0.0000	-9.2952e-08	-2.3587e-05	 2.0674e-06	
24	11	  0.0026992	  0.0010940	     56.094	     2.7297	-9.7531e+92	-9.7531e+92	 0.00030697	 1.1877e-05	 0.00019092	 1.7763e-06	-0.00014982	-7.5678e-05	
24	12	 1.9159e-05	 7.7653e-06	     132.31	    0.73810	-9.7531e+92	-9.7531e+92	 5.2796e-05	 4.6391e-07	     0.0000	-2.9143e-06	-1.5120e-05	 5.4270e-05	
24	13	    0.12041	   0.048804	     142.21	    0.58941	-9.7531e+92	-9.7531e+92	   0.020095	 0.00055992	     0.0000	 0.00011655	  -0.018561	 -0.0037947	
24	14	   0.039952	   0.016192	     150.00	    0.49487	-9.7531e+92	-9.7531e+92	   0.014707	 0.00018973	     0.0000	-5.3070e-05	 -0.0060032	  0.0081706	
24	15	 2.1395e-05	 8.6714e-06	     189.75	    0.21485	-9.7531e+92	-9.7531e+92	 0.00051804	 4.5755e-07	     0.0000	-4.8753e-05	-1.5220e-05	  0.0010117	
24	16	 2.3735e-12	 9.6199e-13	     177.80	    0.27291	-9.7531e+92	-9.7531e+92	 1.4474e-05	 3.6448e-07	     0.0000	-2.2617e-07	-1.1954e-05	 3.1779e-06	
24	17	 3.0079e-13	 1.2191e-13	     325.25	   0.026569	-9.7531e+92	-9.7531e+92	 7.9734e-05	 3.2472e-07	     0.0000	-7.2659e-05	-1.1847e-05	 0.00067943	
24	18	    0.26509	    0.10744	     74.739	     2.2865	-9.7531e+92	-9.7531e+92	   0.036459	  0.0011874	     0.0000	 0.00077962	  -0.044387	  -0.021260	
24	19	 2.3068e-05	 9.3495e-06	     150.08	    0.49393	-9.7531e+92	-9.7531e+92	 9.5383e-05	 4.8511e-07	     0.0000	-6.0798e-06	-1.5784e-05	 0.00011965	
24	20	 0.00094396	 0.00038259	     121.85	    0.93617	-9.7531e+92	-9.7531e+92	 0.00085144	 5.3717e-06	     0.0000	-2.8117e-05	-0.00017748	 0.00098348	
24	21	   0.010819	  0.0043848	     85.071	     1.9688	-9.7531e+92	-9.7531e+92	  0.0050956	 5.5205e-05	     0.0000	-9.5452e-05	 -0.0018618	  0.0021018	
24	22	 2.2793e-12	 9.2380e-13	     237.89	   0.090842	-9.7531e+92	-9.7531e+92	 1.8031e-05	 3.6753e-07	     0.0000	-6.7568e-06	-1.1833e-05	 5.8226e-05	
24	23	   0.020702	  0.0083906	     40.708	     2.9198	-9.7531e+92	-9.7531e+92	  0.0067915	 0.00010104	     0.0000	-3.3978e-05	 -0.0032664	  0.0063401	
24	24	     0.0000	     0.0000	     0.0000	     3.0000	-9.7531e+92	-9.7531e+92	    0.20269	     0.0000	    0.20253	     0.0000	     0.0000	     0.0000	
