#source	Target	value	weight	distance	potential1	geneCorrelation	separation	influenceWeight	betweenness	influence'Weight	betweenness'	nbetweenness	nbetweenness'	
0	0	     0.0000	     0.0000	     0.0000	     3.0000	-9.7531e+92	-9.7531e+92	     2.3256	     0.0000	     2.1188	     0.0000	     0.0000	     0.0000	
0	1	   0.072350	    0.32328	     35.562	     2.9528	-9.7531e+92	-9.7531e+92	    0.16586	   0.037195	     0.0000	   0.017199	  -0.089886	  -0.022826	
0	2	 0.00078353	  0.0035011	     211.35	    0.14318	-9.7531e+92	-9.7531e+92	    0.10134	 0.00043527	     0.0000	     0.0000	-0.00094806	   0.090630	
0	3	 0.00012249	 0.00054733	     273.88	   0.052386	-9.7531e+92	-9.7531e+92	   0.030544	 9.6800e-05	     0.0000	  -0.011571	-0.00012404	   0.062801	
0	4	 3.4942e-06	 1.5613e-05	     281.58	   0.046977	-9.7531e+92	-9.7531e+92	   0.024206	 3.7413e-05	     0.0000	  -0.038944	-6.7296e-05	   0.057929	
0	5	 0.00054588	  0.0024392	     169.69	    0.32292	-9.7531e+92	-9.7531e+92	   0.021796	 0.00035168	     0.0000	  -0.016067	 -0.0010681	   0.024049	
0	6	   0.072728	    0.32497	     105.31	     1.3454	-9.7531e+92	-9.7531e+92	    0.12351	   0.037139	     0.0000	 0.00026047	   -0.10654	  -0.041548	
0	7	    0.10276	    0.45918	     80.265	     2.1201	-9.7531e+92	-9.7531e+92	    0.27837	   0.045585	     0.0000	-0.00058424	   -0.15274	  0.0093196	
0	8	 5.6012e-05	 0.00025028	     172.11	    0.30693	-9.7531e+92	-9.7531e+92	  0.0046853	 6.6368e-05	     0.0000	 -0.0017813	-0.00019259	  0.0044300	
0	9	    0.25986	     1.1611	     86.890	     1.9108	-9.7531e+92	-9.7531e+92	    0.31203	    0.11809	    0.22597	   0.010407	   -0.24031	   -0.19082	
0	10	 3.2092e-13	 1.4340e-12	     210.64	    0.14503	-9.7531e+92	-9.7531e+92	 0.00019571	 3.8889e-05	     0.0000	-0.00010155	-0.00012618	 0.00010719	
0	11	 3.1275e-07	 1.3974e-06	     167.10	    0.34103	-9.7531e+92	-9.7531e+92	 0.00022359	 3.6710e-05	     0.0000	-5.6233e-05	-0.00010452	 0.00011576	
0	12	 1.5520e-12	 6.9349e-12	     226.76	    0.10933	-9.7531e+92	-9.7531e+92	 0.00024895	 3.8238e-05	     0.0000	-0.00065254	-0.00013142	 0.00069913	
0	13	    0.20205	    0.90281	     86.013	     1.9388	-9.7531e+92	-9.7531e+92	    0.34098	   0.088609	     0.0000	   0.021294	   -0.36141	  -0.085059	
0	14	    0.12360	    0.55227	     114.85	     1.0949	-9.7531e+92	-9.7531e+92	    0.26189	   0.052580	     0.0000	   0.010146	   -0.24172	  -0.014671	
0	15	 0.00071940	  0.0032145	     189.51	    0.21584	-9.7531e+92	-9.7531e+92	    0.14111	 0.00039967	     0.0000	 -0.0031880	 -0.0012357	    0.12041	
0	16	 8.8237e-13	 3.9427e-12	     217.18	    0.12904	-9.7531e+92	-9.7531e+92	  0.0022787	 3.8529e-05	     0.0000	 -0.0046387	-0.00013608	  0.0089488	
0	17	 1.0632e-13	 4.7507e-13	     353.56	   0.019078	-9.7531e+92	-9.7531e+92	 0.00096915	 3.9430e-05	     0.0000	 -0.0036114	-0.00013576	  0.0045098	
0	18	   0.085969	    0.38413	     116.29	     1.0606	-9.7531e+92	-9.7531e+92	    0.19074	   0.038194	     0.0000	  0.0020184	   -0.15135	 -0.0044481	
0	19	 1.4072e-13	 6.2880e-13	     234.49	   0.096052	-9.7531e+92	-9.7531e+92	 0.00054377	 3.8052e-05	     0.0000	 -0.0014804	-0.00012730	  0.0021541	
0	20	 6.3140e-13	 2.8213e-12	     206.61	    0.15606	-9.7531e+92	-9.7531e+92	 0.00091040	 3.7786e-05	     0.0000	-0.00058742	-0.00012212	  0.0019390	
0	21	   0.072308	    0.32309	     39.458	     2.9290	-9.7531e+92	-9.7531e+92	   0.098058	   0.032832	   0.035443	 6.0347e-05	  -0.061209	  -0.042423	
0	22	 2.2563e-13	 1.0082e-12	     321.47	   0.027830	-9.7531e+92	-9.7531e+92	  0.0026366	 3.8586e-05	     0.0000	 -0.0079905	-0.00012986	   0.013455	
0	23	  0.0032979	   0.014736	     119.13	    0.99543	-9.7531e+92	-9.7531e+92	  0.0047409	  0.0016013	 0.00046035	 4.3263e-05	 -0.0017112	 -0.0014174	
0	24	  0.0028460	   0.012717	     123.34	    0.90511	-9.7531e+92	-9.7531e+92	   0.034366	  0.0013750	     0.0000	  -0.014028	 -0.0031642	   0.025149	
1	0	   0.038506	    0.13276	     35.562	     2.9528	-9.7531e+92	-9.7531e+92	   0.056361	   0.016606	     0.0000	-0.00073168	   0.040094	  0.0014619	
1	1	     0.0000	     0.0000	     0.0000	     3.0000	-9.7531e+92	-9.7531e+92	     1.7500	     0.0000	     1.5878	     0.0000	     0.0000	     0.0000	
1	2	    0.85939	     2.9630	     184.62	    0.23778	-9.7531e+92	-9.7531e+92	    0.78399	    0.47915	    0.44526	     0.0000	     2.2085	   -0.16527	
1	3	 0.00012393	 0.00042729	     244.14	   0.082134	-9.7531e+92	-9.7531e+92	   0.098675	 0.00010521	     0.0000	 -0.0063496	 0.00054387	   0.014135	
1	4	 9.5043e-07	 3.2769e-06	     272.02	   0.053810	-9.7531e+92	-9.7531e+92	   0.085359	 3.9192e-05	     0.0000	  -0.021373	 0.00018684	   0.013612	
1	5	 0.00012394	 0.00042733	     161.91	    0.38106	-9.7531e+92	-9.7531e+92	   0.016417	 0.00011946	     0.0000	 -0.0089777	 0.00041037	  0.0060563	
1	6	  0.0019418	  0.0066950	     96.519	     1.6061	-9.7531e+92	-9.7531e+92	   0.028886	  0.0011565	     0.0000	-0.00010979	  0.0046804	  0.0079007	
1	7	   0.013538	   0.046675	     75.481	     2.2648	-9.7531e+92	-9.7531e+92	   0.084479	  0.0063013	     0.0000	 -0.0013363	   0.033568	   0.021487	
1	8	 1.9180e-06	 6.6128e-06	     184.58	    0.23797	-9.7531e+92	-9.7531e+92	  0.0018255	 4.1591e-05	     0.0000	 -0.0010331	 0.00015062	  0.0011203	
1	9	  0.0032468	   0.011194	     55.376	     2.7421	-9.7531e+92	-9.7531e+92	   0.016661	  0.0016376	     0.0000	-0.00035001	  0.0099584	 0.00066318	
1	10	 1.3458e-13	 4.6400e-13	     228.04	    0.10699	-9.7531e+92	-9.7531e+92	 0.00013710	 4.2842e-05	     0.0000	-5.5822e-05	 0.00013173	 2.6940e-05	
1	11	 4.2131e-13	 1.4526e-12	     185.20	    0.23505	-9.7531e+92	-9.7531e+92	 0.00014103	 4.1027e-05	     0.0000	-3.1341e-05	 0.00014159	 2.9152e-05	
1	12	 8.1074e-14	 2.7953e-13	     231.78	    0.10046	-9.7531e+92	-9.7531e+92	 0.00031502	 4.1917e-05	     0.0000	-0.00035830	 0.00013035	 0.00017562	
1	13	   0.032298	    0.11136	     57.043	     2.7128	-9.7531e+92	-9.7531e+92	    0.15660	   0.015894	     0.0000	 -0.0083456	   0.064133	   0.013550	
1	14	   0.037674	    0.12989	     88.839	     1.8485	-9.7531e+92	-9.7531e+92	    0.14238	   0.017417	     0.0000	  -0.012400	   0.063523	   0.014111	
1	15	 0.00017000	 0.00058615	     167.83	    0.33581	-9.7531e+92	-9.7531e+92	    0.10711	 0.00013133	     0.0000	 -0.0017576	 0.00054225	   0.029605	
1	16	 2.3649e-13	 8.1539e-13	     207.46	    0.15366	-9.7531e+92	-9.7531e+92	  0.0099638	 4.1983e-05	     0.0000	 -0.0025456	 0.00012898	  0.0022523	
1	17	 8.5783e-15	 2.9577e-14	     342.57	   0.021626	-9.7531e+92	-9.7531e+92	  0.0028847	 4.2868e-05	     0.0000	 -0.0019818	 0.00012803	  0.0011305	
1	18	   0.010603	   0.036557	     111.77	     1.1715	-9.7531e+92	-9.7531e+92	   0.073193	  0.0052549	     0.0000	  -0.016993	   0.022219	   0.016270	
1	19	 2.1042e-13	 7.2551e-13	     226.57	    0.10968	-9.7531e+92	-9.7531e+92	  0.0013045	 4.1630e-05	     0.0000	-0.00081239	 0.00013452	 0.00053845	
1	20	 5.4885e-09	 1.8923e-08	     199.20	    0.17914	-9.7531e+92	-9.7531e+92	 0.00094901	 4.1400e-05	     0.0000	-0.00032236	 0.00013972	 0.00048456	
1	21	  0.0023193	  0.0079966	     57.297	     2.7081	-9.7531e+92	-9.7531e+92	  0.0084391	  0.0012439	     0.0000	-0.00063522	  0.0066957	  0.0029732	
1	22	 4.8702e-15	 1.6792e-14	     312.59	   0.031097	-9.7531e+92	-9.7531e+92	  0.0089113	 4.1987e-05	     0.0000	 -0.0043850	 0.00013270	  0.0033592	
1	23	 5.3821e-05	 0.00018556	     132.72	    0.73117	-9.7531e+92	-9.7531e+92	 0.00049804	 7.0362e-05	     0.0000	-5.7812e-05	 0.00028255	 0.00022454	
1	24	 1.3098e-05	 4.5161e-05	     142.19	    0.58963	-9.7531e+92	-9.7531e+92	   0.012004	 4.3616e-05	     0.0000	 -0.0086251	 0.00019126	  0.0070524	
2	0	  0.0047942	   0.014224	     211.35	    0.14318	-9.7531e+92	-9.7531e+92	   0.032071	  0.0072312	     0.0000	   -0.17921	   0.045357	   -0.14270	
2	1	   0.010235	   0.030366	     184.62	    0.23778	-9.7531e+92	-9.7531e+92	   0.035661	  0.0057143	     0.0000	     0.0000	 -0.0090292	    0.10411	
2	2	     0.0000	     0.0000	     0.0000	     3.0000	-9.7531e+92	-9.7531e+92	     1.5595	     0.0000	     1.2680	     0.0000	     0.0000	     0.0000	
2	3	    0.17499	    0.51917	     63.167	     2.5880	-9.7531e+92	-9.7531e+92	    0.19202	    0.20021	     0.0000	    0.23060	     1.0368	    0.34293	
2	4	    0.15478	    0.45921	     91.235	     1.7721	-9.7531e+92	-9.7531e+92	    0.16666	    0.17960	     0.0000	    0.81253	     1.0195	    0.28347	
2	5	   0.016731	   0.049639	     120.45	    0.96633	-9.7531e+92	-9.7531e+92	   0.027963	   0.026414	     0.0000	  -0.068052	    0.12038	  -0.018436	
2	6	   0.034329	    0.10185	     118.53	     1.0087	-9.7531e+92	-9.7531e+92	   0.043985	   0.053719	     0.0000	 0.00014880	    0.24648	  0.0042737	
2	7	  0.0041869	   0.012422	     153.12	    0.46179	-9.7531e+92	-9.7531e+92	   0.098660	  0.0060848	     0.0000	  -0.075494	   0.031150	   -0.28989	
2	8	 1.7535e-05	 5.2023e-05	     174.51	    0.29198	-9.7531e+92	-9.7531e+92	  0.0025678	 0.00014143	     0.0000	  -0.026229	 0.00056439	  -0.010705	
2	9	  0.0069965	   0.020758	     133.64	    0.71608	-9.7531e+92	-9.7531e+92	   0.014940	   0.010599	     0.0000	  -0.014714	   0.050599	  -0.031396	
2	10	 4.2141e-12	 1.2503e-11	     213.20	    0.13850	-9.7531e+92	-9.7531e+92	 0.00013128	 0.00011440	     0.0000	 -0.0014224	 0.00042927	-0.00024635	
2	11	 1.5811e-13	 4.6909e-13	     197.83	    0.18388	-9.7531e+92	-9.7531e+92	 0.00013380	 0.00011406	     0.0000	-0.00079862	 0.00042791	-0.00026830	
2	12	 6.9319e-13	 2.0566e-12	     181.48	    0.25322	-9.7531e+92	-9.7531e+92	 0.00045886	 0.00011089	     0.0000	 -0.0091301	 0.00043173	 -0.0016119	
2	13	    0.23289	    0.69097	     127.66	    0.82064	-9.7531e+92	-9.7531e+92	    0.23350	    0.32087	     0.0000	    0.39051	     1.9583	    0.44025	
2	14	    0.16350	    0.48508	     97.273	     1.5829	-9.7531e+92	-9.7531e+92	    0.19596	    0.24466	     0.0000	    0.48555	     1.4614	    0.18333	
2	15	   0.097759	    0.29004	     21.827	     2.9932	-9.7531e+92	-9.7531e+92	    0.18491	    0.12623	     0.0000	 -0.0081690	    0.72799	  -0.059190	
2	16	   0.012898	   0.038266	     68.097	     2.4691	-9.7531e+92	-9.7531e+92	   0.019488	   0.012575	     0.0000	     0.0000	    0.15608	   0.025692	
2	17	 6.4353e-06	 1.9093e-05	     160.64	    0.39167	-9.7531e+92	-9.7531e+92	  0.0054967	 0.00010556	     0.0000	  -0.050415	 0.00055451	  -0.010523	
2	18	   0.084230	    0.24990	     137.27	    0.65930	-9.7531e+92	-9.7531e+92	    0.10691	    0.12141	     0.0000	   0.017598	    0.66286	  0.0084356	
2	19	 0.00077762	  0.0023071	     139.30	    0.62950	-9.7531e+92	-9.7531e+92	  0.0023763	  0.0013504	     0.0000	  -0.012783	  0.0058038	 -0.0031627	
2	20	 0.00063975	  0.0018981	     139.77	    0.62284	-9.7531e+92	-9.7531e+92	  0.0015737	  0.0011136	     0.0000	 -0.0053447	  0.0050990	 -0.0030047	
2	21	 2.9038e-06	 8.6154e-06	     197.19	    0.18609	-9.7531e+92	-9.7531e+92	  0.0065520	 0.00010954	     0.0000	  -0.019686	 0.00048735	  -0.035786	
2	22	 0.00024039	 0.00071321	     161.29	    0.38622	-9.7531e+92	-9.7531e+92	   0.017273	 0.00041066	     0.0000	   -0.10963	  0.0024706	  -0.031619	
2	23	 1.3622e-06	 4.0414e-06	     168.40	    0.33177	-9.7531e+92	-9.7531e+92	 0.00047910	 0.00011350	     0.0000	 -0.0015652	 0.00044709	 -0.0022160	
2	24	 5.0230e-12	 1.4903e-11	     210.29	    0.14595	-9.7531e+92	-9.7531e+92	   0.017334	 0.00010458	     0.0000	   -0.21989	 0.00044081	  -0.066242	
3	0	  0.0052443	   0.021156	     273.88	   0.052386	-9.7531e+92	-9.7531e+92	   0.033999	  0.0046663	     0.0000	  -0.069284	   0.014713	  -0.011048	
3	1	   0.012757	   0.051462	     244.14	   0.082134	-9.7531e+92	-9.7531e+92	   0.042373	  0.0095051	     0.0000	   -0.12760	   0.014344	 -0.0046763	
3	2	    0.19489	    0.78622	     63.167	     2.5880	-9.7531e+92	-9.7531e+92	    0.29942	    0.12015	     0.0000	     0.0000	  -0.043970	  0.0071140	
3	3	     0.0000	     0.0000	     0.0000	     3.0000	-9.7531e+92	-9.7531e+92	     2.1527	     0.0000	     1.8616	     0.0000	     0.0000	     0.0000	
3	4	    0.27030	     1.0904	     82.606	     2.0469	-9.7531e+92	-9.7531e+92	    0.35361	    0.11531	    0.10449	   0.074544	   -0.53267	   -0.32876	
3	5	   0.013965	   0.056336	     167.87	    0.33554	-9.7531e+92	-9.7531e+92	   0.033241	   0.011209	     0.0000	  -0.035625	   0.014180	  0.0018012	
3	6	  0.0013880	  0.0055992	     180.81	    0.25667	-9.7531e+92	-9.7531e+92	   0.022774	  0.0012569	     0.0000	 -0.0010701	  0.0012033	  0.0059046	
3	7	 0.00019170	 0.00077336	     215.68	    0.13250	-9.7531e+92	-9.7531e+92	    0.12776	 0.00022171	     0.0000	  -0.051238	 0.00022388	   0.016220	
3	8	 6.0739e-12	 2.4503e-11	     221.29	    0.12010	-9.7531e+92	-9.7531e+92	  0.0019025	 6.2845e-05	     0.0000	  -0.010294	 3.0330e-05	 0.00099572	
3	9	 0.00034993	  0.0014117	     191.41	    0.20802	-9.7531e+92	-9.7531e+92	   0.010940	 0.00037779	     0.0000	  -0.015347	 0.00023558	  0.0040414	
3	10	 1.5141e-12	 6.1079e-12	     258.79	   0.065432	-9.7531e+92	-9.7531e+92	 0.00016377	 6.3027e-05	     0.0000	-0.00055593	 2.2815e-05	 2.7125e-05	
3	11	 1.3521e-12	 5.4544e-12	     244.71	   0.081388	-9.7531e+92	-9.7531e+92	 0.00016327	 6.3627e-05	     0.0000	-0.00031213	 1.9361e-05	 2.8892e-05	
3	12	 1.1025e-11	 4.4474e-11	     227.10	    0.10870	-9.7531e+92	-9.7531e+92	 0.00069728	 6.0542e-05	     0.0000	 -0.0035684	 2.8331e-05	 0.00017526	
3	13	   0.099443	    0.40116	     188.65	    0.21955	-9.7531e+92	-9.7531e+92	    0.19505	   0.073925	     0.0000	 -0.0040432	    0.14231	-0.00086747	
3	14	    0.17757	    0.71634	     161.01	    0.38854	-9.7531e+92	-9.7531e+92	    0.27549	    0.15640	     0.0000	    0.23715	    0.42126	   0.011693	
3	15	    0.16711	    0.67414	     84.108	     1.9994	-9.7531e+92	-9.7531e+92	    0.28072	    0.10294	     0.0000	     0.0000	    0.17093	 -0.0058686	
3	16	   0.015292	   0.061689	     111.94	     1.1671	-9.7531e+92	-9.7531e+92	   0.035128	   0.012127	  0.0013506	   0.021242	   0.020006	 -0.0019485	
3	17	   0.026142	    0.10546	     122.41	    0.92444	-9.7531e+92	-9.7531e+92	   0.034385	   0.015200	   0.017078	   0.013198	   0.085286	   0.022886	
3	18	   0.012663	   0.051084	     199.21	    0.17912	-9.7531e+92	-9.7531e+92	   0.069388	   0.010754	     0.0000	   -0.16430	   0.018564	 0.00073884	
3	19	 5.2469e-05	 0.00021167	     184.07	    0.24039	-9.7531e+92	-9.7531e+92	  0.0037575	 0.00010311	     0.0000	 -0.0078819	 8.2292e-05	 0.00047696	
3	20	 2.9577e-05	 0.00011932	     185.64	    0.23299	-9.7531e+92	-9.7531e+92	  0.0018124	 8.5954e-05	     0.0000	 -0.0031586	 6.6537e-05	 0.00043111	
3	21	 1.8848e-12	 7.6034e-12	     259.71	   0.064522	-9.7531e+92	-9.7531e+92	  0.0075078	 6.1936e-05	     0.0000	 -0.0078232	 3.5012e-05	  0.0030296	
3	22	  0.0026075	   0.010519	     164.94	    0.35711	-9.7531e+92	-9.7531e+92	   0.038883	  0.0016862	     0.0000	  -0.011140	  0.0059865	 -0.0021902	
3	23	 3.9761e-12	 1.6040e-11	     228.38	    0.10637	-9.7531e+92	-9.7531e+92	 0.00047221	 6.2756e-05	     0.0000	-0.00061269	 2.2604e-05	 0.00023144	
3	24	 6.1798e-13	 2.4930e-12	     270.69	   0.054855	-9.7531e+92	-9.7531e+92	   0.011433	 5.9822e-05	     0.0000	  -0.085941	 2.1675e-05	  0.0066471	
4	0	 0.00012806	 0.00035955	     281.58	   0.046977	-9.7531e+92	-9.7531e+92	   0.012917	 0.00016604	     0.0000	  -0.078605	 2.9213e-05	   0.078832	
4	1	 0.00013050	 0.00036639	     272.02	   0.053810	-9.7531e+92	-9.7531e+92	   0.014545	 0.00014395	     0.0000	   -0.17609	-0.00027948	   0.089178	
4	2	    0.15756	    0.44237	     91.235	     1.7721	-9.7531e+92	-9.7531e+92	    0.21408	   0.096732	     0.0000	     0.0000	   -0.41095	   -0.11787	
4	3	    0.38090	     1.0694	     82.606	     2.0469	-9.7531e+92	-9.7531e+92	    0.34386	    0.17063	    0.14131	  0.0095002	    -1.9478	    -1.0364	
4	4	     0.0000	     0.0000	     0.0000	     3.0000	-9.7531e+92	-9.7531e+92	     1.5171	     0.0000	     1.3437	     0.0000	     0.0000	     0.0000	
4	5	  0.0031528	  0.0088520	     147.08	    0.52816	-9.7531e+92	-9.7531e+92	   0.016071	  0.0025421	     0.0000	  -0.078641	 -0.0059412	   0.048717	
4	6	 0.00052681	  0.0014791	     179.35	    0.26441	-9.7531e+92	-9.7531e+92	   0.011517	 0.00050157	     0.0000	 -0.0011539	 -0.0011989	   0.076255	
4	7	 3.2600e-05	 9.1531e-05	     209.16	    0.14897	-9.7531e+92	-9.7531e+92	   0.051255	 8.2499e-05	     0.0000	  -0.051764	-0.00019143	    0.25817	
4	8	 1.2686e-06	 3.5617e-06	     186.41	    0.22946	-9.7531e+92	-9.7531e+92	  0.0014556	 6.1588e-05	     0.0000	  -0.010381	-0.00016019	   0.010349	
4	9	 9.7711e-13	 2.7434e-12	     223.28	    0.11603	-9.7531e+92	-9.7531e+92	  0.0044919	 5.8553e-05	     0.0000	  -0.015769	-0.00015084	   0.046290	
4	10	 2.0915e-13	 5.8723e-13	     204.61	    0.16194	-9.7531e+92	-9.7531e+92	 0.00014322	 6.0324e-05	     0.0000	-0.00056084	-0.00016185	 0.00024900	
4	11	 2.7309e-13	 7.6674e-13	     218.09	    0.12699	-9.7531e+92	-9.7531e+92	 0.00011700	 6.1273e-05	     0.0000	-0.00031488	-0.00016981	 0.00026941	
4	12	 1.3750e-07	 3.8605e-07	     165.11	    0.35583	-9.7531e+92	-9.7531e+92	  0.0021567	 5.6561e-05	 0.00013976	 -0.0035991	-0.00013424	  0.0016228	
4	13	  0.0093507	   0.026254	     217.30	    0.12878	-9.7531e+92	-9.7531e+92	   0.070692	  0.0069600	     0.0000	   -0.11105	 -0.0085195	    0.16355	
4	14	   0.048967	    0.13748	     184.55	    0.23808	-9.7531e+92	-9.7531e+92	    0.10980	   0.041718	     0.0000	   -0.19753	  -0.014988	    0.10799	
4	15	   0.053072	    0.14901	     106.18	     1.3210	-9.7531e+92	-9.7531e+92	    0.11231	   0.033230	     0.0000	 -0.0043121	  -0.091350	    0.15190	
4	16	   0.092728	    0.26035	     75.439	     2.2661	-9.7531e+92	-9.7531e+92	   0.074496	   0.071481	   0.050988	    0.25946	   -0.15024	   -0.21122	
4	17	   0.031444	   0.088285	     73.525	     2.3215	-9.7531e+92	-9.7531e+92	   0.030788	   0.015789	   0.018743	   0.014745	   0.045628	 0.00045753	
4	18	  0.0090494	   0.025408	     186.18	    0.23049	-9.7531e+92	-9.7531e+92	   0.038412	  0.0074501	     0.0000	   -0.17447	  -0.011628	    0.15277	
4	19	   0.011460	   0.032176	     119.82	    0.98008	-9.7531e+92	-9.7531e+92	   0.013978	  0.0088877	  0.0080920	   0.037843	  -0.015423	  -0.023061	
4	20	  0.0017203	  0.0048300	     135.08	    0.69295	-9.7531e+92	-9.7531e+92	  0.0050758	  0.0015090	     0.0000	-0.00019627	 -0.0034465	 0.00027124	
4	21	 3.6819e-13	 1.0338e-12	     253.96	   0.070430	-9.7531e+92	-9.7531e+92	  0.0030446	 5.9800e-05	     0.0000	 -0.0078922	-0.00015329	   0.033691	
4	22	    0.19978	    0.56091	     82.638	     2.0459	-9.7531e+92	-9.7531e+92	    0.15249	    0.10904	    0.11662	    0.14786	   0.057973	   -0.18514	
4	23	 2.9038e-13	 8.1529e-13	     212.30	    0.14074	-9.7531e+92	-9.7531e+92	 0.00026429	 6.0618e-05	     0.0000	-0.00061809	-0.00016716	  0.0022080	
4	24	 1.9452e-13	 5.4613e-13	     253.16	   0.071301	-9.7531e+92	-9.7531e+92	  0.0063183	 5.7631e-05	     0.0000	  -0.086698	-0.00016709	   0.065190	
5	0	 9.3230e-05	 9.2134e-05	     169.69	    0.32292	-9.7531e+92	-9.7531e+92	  0.0060049	 5.3611e-05	     0.0000	  -0.030334	-0.00087896	    0.15157	
5	1	 0.00042625	 0.00042124	     161.91	    0.38106	-9.7531e+92	-9.7531e+92	  0.0062849	 0.00017032	     0.0000	  -0.067476	 -0.0028804	    0.16000	
5	2	  0.0028882	  0.0028543	     120.45	    0.96633	-9.7531e+92	-9.7531e+92	   0.028615	 0.00094578	     0.0000	     0.0000	  -0.018218	    0.33418	
5	3	 0.00011310	 0.00011177	     167.87	    0.33554	-9.7531e+92	-9.7531e+92	   0.035642	 5.6477e-05	     0.0000	  -0.024604	 -0.0010507	    0.24106	
5	4	 0.00079285	 0.00078353	     147.08	    0.52816	-9.7531e+92	-9.7531e+92	   0.027682	 0.00027876	     0.0000	  -0.081483	 -0.0052390	    0.21497	
5	5	     0.0000	     0.0000	     0.0000	     3.0000	-9.7531e+92	-9.7531e+92	    0.50307	     0.0000	    0.47956	     0.0000	     0.0000	     0.0000	
5	6	  0.0035202	  0.0034788	     72.218	     2.3585	-9.7531e+92	-9.7531e+92	  0.0060129	  0.0012552	     0.0000	-0.00040354	  -0.023919	    0.11077	
5	7	  0.0040622	  0.0040144	     89.752	     1.8194	-9.7531e+92	-9.7531e+92	   0.018563	  0.0012992	     0.0000	  -0.019242	  -0.026917	    0.40420	
5	8	 0.00044313	 0.00043792	     54.235	     2.7611	-9.7531e+92	-9.7531e+92	 0.00063755	 0.00016106	     0.0000	 -0.0021776	 -0.0030752	   0.013277	
5	9	 1.0336e-06	 1.0215e-06	     134.70	    0.69890	-9.7531e+92	-9.7531e+92	  0.0019687	 2.4099e-05	     0.0000	 -0.0060805	-0.00045987	   0.073555	
5	10	 1.2011e-05	 1.1869e-05	     93.726	     1.6933	-9.7531e+92	-9.7531e+92	 4.4816e-05	 2.3510e-05	     0.0000	-9.5097e-05	-0.00039201	 0.00022045	
5	11	 1.7898e-05	 1.7688e-05	     77.490	     2.2050	-9.7531e+92	-9.7531e+92	 4.5812e-05	 2.6952e-05	     0.0000	-6.1832e-05	-0.00048492	 0.00029422	
5	12	 7.2045e-06	 7.1198e-06	     80.590	     2.1100	-9.7531e+92	-9.7531e+92	 0.00013368	 2.3066e-05	     0.0000	-0.00093573	-0.00042580	  0.0021179	
5	13	   0.015580	   0.015397	     125.66	    0.85869	-9.7531e+92	-9.7531e+92	   0.038046	  0.0048948	     0.0000	  -0.039976	  -0.090223	    0.28947	
5	14	   0.020531	   0.020290	     108.09	     1.2686	-9.7531e+92	-9.7531e+92	   0.034942	  0.0065898	     0.0000	   -0.11341	   -0.12180	    0.29414	
5	15	    0.91818	    0.90738	     104.94	     1.3557	-9.7531e+92	-9.7531e+92	    0.24780	    0.28003	    0.12981	   0.045562	    -5.9684	    -2.9797	
5	16	 2.9677e-06	 2.9328e-06	     71.546	     2.3771	-9.7531e+92	-9.7531e+92	  0.0019857	 2.4877e-05	     0.0000	 -0.0098588	-0.00047515	   0.032436	
5	17	 1.0831e-14	 1.0703e-14	     219.60	    0.12368	-9.7531e+92	-9.7531e+92	 0.00097764	 2.4327e-05	     0.0000	 -0.0076781	-0.00046244	   0.016389	
5	18	   0.030909	   0.030546	     53.346	     2.7752	-9.7531e+92	-9.7531e+92	   0.020832	  0.0084335	     0.0000	  -0.036342	   -0.20636	    0.18592	
5	19	  0.0011246	  0.0011114	     64.874	     2.5486	-9.7531e+92	-9.7531e+92	 0.00065453	 0.00036884	     0.0000	-0.00092174	 -0.0071092	  0.0031241	
5	20	  0.0011717	  0.0011580	     39.691	     2.9273	-9.7531e+92	-9.7531e+92	 0.00057903	 0.00038239	     0.0000	-0.00019558	 -0.0072294	  0.0021798	
5	21	 7.5039e-06	 7.4157e-06	     132.91	    0.72808	-9.7531e+92	-9.7531e+92	  0.0012257	 2.6399e-05	     0.0000	 -0.0030417	-0.00050240	   0.053464	
5	22	 9.8289e-09	 9.7133e-09	     151.89	    0.47454	-9.7531e+92	-9.7531e+92	  0.0028664	 2.3316e-05	     0.0000	  -0.016519	-0.00044878	   0.049004	
5	23	 0.00011071	 0.00010941	     65.633	     2.5304	-9.7531e+92	-9.7531e+92	 0.00013710	 6.2766e-05	     0.0000	-0.00020460	 -0.0011821	  0.0030322	
5	24	 7.1762e-06	 7.0919e-06	     106.34	     1.3165	-9.7531e+92	-9.7531e+92	  0.0033942	 2.3796e-05	     0.0000	  -0.028015	-0.00049328	    0.10242	
6	0	   0.082313	   0.078319	     105.31	     1.3454	-9.7531e+92	-9.7531e+92	   0.029820	   0.027225	     0.0000	  0.0081340	  -0.017117	  0.0070066	
6	1	   0.039613	   0.037691	     96.519	     1.6061	-9.7531e+92	-9.7531e+92	   0.020302	   0.017065	     0.0000	 -0.0037120	   0.038540	 -0.0013666	
6	2	   0.027051	   0.025738	     118.53	     1.0087	-9.7531e+92	-9.7531e+92	   0.028832	   0.010871	     0.0000	     0.0000	   0.018607	  -0.012683	
6	3	  0.0055095	  0.0052422	     180.81	    0.25667	-9.7531e+92	-9.7531e+92	   0.019604	  0.0023513	     0.0000	 -0.0078314	  0.0067970	  -0.012654	
6	4	 0.00020665	 0.00019662	     179.35	    0.26441	-9.7531e+92	-9.7531e+92	   0.014492	 0.00011763	     0.0000	  -0.028394	 0.00027377	  -0.010847	
6	5	  0.0043748	  0.0041625	     72.218	     2.3585	-9.7531e+92	-9.7531e+92	  0.0074994	  0.0020594	     0.0000	 -0.0098151	  0.0025424	 -0.0030235	
6	6	     0.0000	     0.0000	     0.0000	     3.0000	-9.7531e+92	-9.7531e+92	    0.48347	     0.0000	    0.45236	     0.0000	     0.0000	     0.0000	
6	7	   0.045697	   0.043479	     34.871	     2.9563	-9.7531e+92	-9.7531e+92	   0.043504	   0.017140	     0.0000	 -0.0040644	   0.036439	  -0.010542	
6	8	 0.00014672	 0.00013960	     109.28	     1.2365	-9.7531e+92	-9.7531e+92	 0.00091435	 9.2922e-05	     0.0000	 -0.0011544	 0.00017352	-0.00062186	
6	9	   0.014408	   0.013708	     62.827	     2.5956	-9.7531e+92	-9.7531e+92	  0.0090687	  0.0060885	     0.0000	-0.00052439	   0.011529	-0.00073905	
6	10	 3.7449e-08	 3.5632e-08	     153.37	    0.45919	-9.7531e+92	-9.7531e+92	 4.1380e-05	 3.1247e-05	     0.0000	-7.4376e-05	 3.4761e-05	-1.4840e-05	
6	11	 6.4049e-06	 6.0941e-06	     117.04	     1.0431	-9.7531e+92	-9.7531e+92	 4.5741e-05	 3.2797e-05	     0.0000	-2.7412e-05	 4.8146e-05	-1.5202e-05	
6	12	 2.0409e-07	 1.9418e-07	     152.49	    0.46823	-9.7531e+92	-9.7531e+92	 7.0507e-05	 3.0498e-05	     0.0000	-0.00047376	 3.4347e-05	-9.7059e-05	
6	13	    0.15453	    0.14703	     53.773	     2.7685	-9.7531e+92	-9.7531e+92	   0.063182	   0.060597	     0.0000	  0.0081026	    0.13042	  0.0099049	
6	14	    0.16486	    0.15686	     41.508	     2.9135	-9.7531e+92	-9.7531e+92	   0.064487	   0.062726	     0.0000	   0.026014	    0.10832	   0.010725	
6	15	    0.37132	    0.35330	     96.746	     1.5991	-9.7531e+92	-9.7531e+92	    0.11477	    0.15421	  0.0011750	  0.0049422	    0.24870	   0.040421	
6	16	 1.5092e-06	 1.4360e-06	     111.89	     1.1685	-9.7531e+92	-9.7531e+92	  0.0011376	 3.1431e-05	     0.0000	 -0.0033926	 3.1827e-05	 -0.0012294	
6	17	 7.7345e-13	 7.3592e-13	     251.72	   0.072906	-9.7531e+92	-9.7531e+92	 0.00053892	 3.1891e-05	     0.0000	 -0.0026417	 2.4808e-05	-0.00063360	
6	18	   0.086822	   0.082609	     36.723	     2.9464	-9.7531e+92	-9.7531e+92	   0.037327	   0.028012	     0.0000	 1.4152e-05	   0.016533	-8.0517e-05	
6	19	 6.8267e-05	 6.4955e-05	     133.74	    0.71443	-9.7531e+92	-9.7531e+92	 0.00023606	 6.1237e-05	     0.0000	 -0.0010465	 7.2278e-05	-0.00029687	
6	20	 0.00017008	 0.00016183	     111.59	     1.1762	-9.7531e+92	-9.7531e+92	 0.00027350	 0.00010695	     0.0000	-0.00034617	 0.00014546	-0.00025120	
6	21	  0.0024763	  0.0023561	     78.899	     2.1621	-9.7531e+92	-9.7531e+92	  0.0038433	  0.0010748	     0.0000	-0.00086150	  0.0020036	 -0.0017600	
6	22	 5.6404e-13	 5.3667e-13	     216.08	    0.13159	-9.7531e+92	-9.7531e+92	  0.0015178	 3.1093e-05	     0.0000	 -0.0058451	 2.9298e-05	 -0.0019310	
6	23	 0.00039114	 0.00037216	     73.330	     2.3271	-9.7531e+92	-9.7531e+92	 0.00029440	 0.00019084	     0.0000	-4.4578e-05	 0.00055874	-8.2938e-05	
6	24	 3.4916e-05	 3.3221e-05	     108.13	     1.2674	-9.7531e+92	-9.7531e+92	  0.0060978	 4.0250e-05	     0.0000	-0.00067389	 8.1200e-05	 -0.0039740	
7	0	    0.11671	    0.14998	     80.265	     2.1201	-9.7531e+92	-9.7531e+92	   0.056018	    0.13640	     0.0000	    0.27679	     1.1275	    0.42176	
7	1	    0.16250	    0.20883	     75.481	     2.2648	-9.7531e+92	-9.7531e+92	   0.069214	    0.24182	  0.0087411	     1.0000	     1.9246	    0.67774	
7	2	  0.0040390	  0.0051904	     153.12	    0.46179	-9.7531e+92	-9.7531e+92	   0.039747	  0.0055901	     0.0000	     0.0000	   0.046549	   -0.54840	
7	3	 0.00029728	 0.00038203	     215.68	    0.13250	-9.7531e+92	-9.7531e+92	   0.010480	 0.00048290	     0.0000	   -0.14697	  0.0042482	   -0.42708	
7	4	 2.4587e-05	 3.1596e-05	     209.16	    0.14897	-9.7531e+92	-9.7531e+92	  0.0083971	 0.00013174	     0.0000	   -0.49569	  0.0010732	   -0.35803	
7	5	   0.041481	   0.053306	     89.752	     1.8194	-9.7531e+92	-9.7531e+92	   0.020482	   0.065933	     0.0000	    0.15612	    0.44433	   0.098938	
7	6	   0.075405	   0.096901	     34.871	     2.9563	-9.7531e+92	-9.7531e+92	   0.037045	    0.10681	     0.0000	  0.0035382	    0.83572	    0.23833	
7	7	     0.0000	     0.0000	     0.0000	     3.0000	-9.7531e+92	-9.7531e+92	    0.68727	     0.0000	    0.54362	     0.0000	     0.0000	     0.0000	
7	8	  0.0022927	  0.0029463	     109.89	     1.2203	-9.7531e+92	-9.7531e+92	  0.0026921	  0.0034006	     0.0000	  -0.011038	   0.026411	  -0.010829	
7	9	   0.018018	   0.023154	     64.406	     2.5596	-9.7531e+92	-9.7531e+92	   0.015572	   0.023017	     0.0000	 -0.0022893	    0.21219	 -0.0067167	
7	10	 7.1005e-08	 9.1247e-08	     153.29	    0.46001	-9.7531e+92	-9.7531e+92	 6.9350e-05	 0.00010982	     0.0000	 -0.0012942	 0.00069163	-0.00055008	
7	11	 4.5203e-05	 5.8089e-05	     112.26	     1.1591	-9.7531e+92	-9.7531e+92	 9.0286e-05	 0.00016845	     0.0000	-0.00042419	  0.0012206	-0.00034874	
7	12	 3.2404e-08	 4.1641e-08	     158.06	    0.41430	-9.7531e+92	-9.7531e+92	 8.3389e-05	 0.00010866	     0.0000	 -0.0083128	 0.00068096	 -0.0035957	
7	13	    0.14537	    0.18681	     57.312	     2.7078	-9.7531e+92	-9.7531e+92	   0.077500	    0.18962	     0.0000	    0.11593	     1.6396	    0.25265	
7	14	    0.14997	    0.19272	     65.464	     2.5345	-9.7531e+92	-9.7531e+92	   0.080500	   0.071025	     0.0000	     0.0000	    0.24554	     0.0000	
7	15	  0.0087177	   0.011203	     131.62	    0.74982	-9.7531e+92	-9.7531e+92	   0.044569	   0.011923	     0.0000	  -0.037859	   0.096452	   -0.62415	
7	16	 5.6148e-08	 7.2154e-08	     137.28	    0.65913	-9.7531e+92	-9.7531e+92	 0.00080684	 0.00010522	     0.0000	  -0.059062	 0.00069353	  -0.045748	
7	17	 4.2640e-14	 5.4795e-14	     281.54	   0.047004	-9.7531e+92	-9.7531e+92	 0.00032574	 0.00010925	     0.0000	  -0.045981	 0.00068213	  -0.023351	
7	18	    0.19202	    0.24676	     38.248	     2.9371	-9.7531e+92	-9.7531e+92	   0.086835	    0.25463	     0.0000	    0.61666	     2.1354	    0.63515	
7	19	 2.0588e-06	 2.6457e-06	     154.38	    0.44913	-9.7531e+92	-9.7531e+92	 0.00019806	 0.00010971	     0.0000	  -0.018830	 0.00071625	  -0.011238	
7	20	 0.00058983	 0.00075798	     126.68	    0.83907	-9.7531e+92	-9.7531e+92	 0.00057347	 0.00099985	     0.0000	 -0.0050703	  0.0070816	 -0.0068707	
7	21	   0.078271	    0.10058	     44.967	     2.8822	-9.7531e+92	-9.7531e+92	   0.029737	    0.10517	   0.011729	   0.083887	    0.89544	    0.35716	
7	22	 8.2754e-13	 1.0635e-12	     241.36	   0.085874	-9.7531e+92	-9.7531e+92	 0.00090609	 0.00010675	     0.0000	   -0.10174	 0.00069207	  -0.070530	
7	23	  0.0016377	  0.0021045	     58.677	     2.6821	-9.7531e+92	-9.7531e+92	 0.00093070	  0.0024082	     0.0000	  0.0011907	   0.019334	  0.0041088	
7	24	  0.0026189	  0.0033655	     84.614	     1.9834	-9.7531e+92	-9.7531e+92	   0.014909	  0.0038456	     0.0000	   -0.18042	   0.029046	   -0.13186	
8	0	   0.035977	   0.021573	     172.11	    0.30693	-9.7531e+92	-9.7531e+92	   0.013561	  0.0030357	     0.0000	 -0.0055909	   -0.11528	   0.027370	
8	1	  0.0077726	  0.0046607	     184.58	    0.23797	-9.7531e+92	-9.7531e+92	  0.0084328	 0.00070360	     0.0000	  -0.046898	  -0.026029	    0.10893	
8	2	  0.0064826	  0.0038872	     174.51	    0.29198	-9.7531e+92	-9.7531e+92	  0.0095810	 0.00055846	     0.0000	     0.0000	  -0.022304	    0.25984	
8	3	 0.00029040	 0.00017413	     221.29	    0.12010	-9.7531e+92	-9.7531e+92	  0.0042354	 3.0463e-05	     0.0000	  -0.020247	 -0.0011524	    0.19433	
8	4	 0.00084207	 0.00050494	     186.41	    0.22946	-9.7531e+92	-9.7531e+92	  0.0039736	 7.7008e-05	     0.0000	  -0.067225	 -0.0031072	    0.17355	
8	5	    0.11338	   0.067986	     54.235	     2.7611	-9.7531e+92	-9.7531e+92	   0.023404	   0.010342	  0.0091386	    0.10878	   -0.41956	   -0.27445	
8	6	   0.032664	   0.019587	     109.28	     1.2365	-9.7531e+92	-9.7531e+92	   0.011765	  0.0029348	     0.0000	-3.2979e-07	   -0.12107	 8.8636e-05	
8	7	   0.060052	   0.036009	     109.89	     1.2203	-9.7531e+92	-9.7531e+92	   0.029825	  0.0049171	     0.0000	 -0.0076323	   -0.21898	    0.15698	
8	8	     0.0000	     0.0000	     0.0000	     3.0000	-9.7531e+92	-9.7531e+92	    0.30212	     0.0000	    0.29954	     0.0000	     0.0000	     0.0000	
8	9	 1.6557e-06	 9.9284e-07	     171.65	    0.30991	-9.7531e+92	-9.7531e+92	  0.0026334	 6.1134e-06	     0.0000	 -0.0050160	-0.00025518	   0.059407	
8	10	   0.017013	   0.010201	     44.054	     2.8911	-9.7531e+92	-9.7531e+92	  0.0026802	  0.0012113	  0.0025804	   0.017343	  -0.042967	  -0.033319	
8	11	   0.015699	  0.0094139	     32.525	     2.9668	-9.7531e+92	-9.7531e+92	  0.0024680	  0.0012549	  0.0023631	  0.0096665	  -0.051216	  -0.042107	
8	12	  0.0061577	  0.0036924	     55.069	     2.7473	-9.7531e+92	-9.7531e+92	  0.0013145	 0.00044697	 0.00088379	  0.0061828	  -0.017708	  -0.012650	
8	13	   0.044831	   0.026883	     162.59	    0.37553	-9.7531e+92	-9.7531e+92	   0.019716	  0.0037384	     0.0000	  -0.021947	   -0.14452	    0.15568	
8	14	    0.17491	    0.10489	     146.54	    0.53466	-9.7531e+92	-9.7531e+92	   0.041099	   0.014465	     0.0000	   0.073238	   -0.58025	   -0.18606	
8	15	 0.00050763	 0.00030440	     159.01	    0.40580	-9.7531e+92	-9.7531e+92	   0.020470	 4.8274e-05	     0.0000	 -0.0056016	 -0.0020884	    0.35869	
8	16	 7.3261e-05	 4.3930e-05	     112.87	     1.1438	-9.7531e+92	-9.7531e+92	 0.00034252	 1.2853e-05	     0.0000	 -0.0080644	-0.00053328	   0.025974	
8	17	 5.7207e-13	 3.4303e-13	     258.50	   0.065716	-9.7531e+92	-9.7531e+92	 0.00014454	 6.2008e-06	     0.0000	 -0.0063341	-0.00025321	   0.013236	
8	18	    0.26491	    0.15885	     75.421	     2.2666	-9.7531e+92	-9.7531e+92	   0.055389	   0.016675	  0.0066488	   0.089223	   -0.97530	   -0.55548	
8	19	  0.0043852	  0.0026295	     80.536	     2.1117	-9.7531e+92	-9.7531e+92	  0.0016615	 0.00034525	 0.00040444	  0.0021772	  -0.015239	 -0.0067377	
8	20	    0.13220	   0.079275	     51.987	     2.7958	-9.7531e+92	-9.7531e+92	   0.020629	   0.010362	   0.019493	   0.046188	   -0.44413	   -0.36488	
8	21	 4.3112e-05	 2.5852e-05	     132.38	    0.73687	-9.7531e+92	-9.7531e+92	  0.0021012	 9.6982e-06	     0.0000	 -0.0025029	-0.00040816	   0.043071	
8	22	 2.5526e-07	 1.5306e-07	     168.70	    0.32968	-9.7531e+92	-9.7531e+92	 0.00043889	 6.0405e-06	     0.0000	  -0.013723	-0.00025121	   0.039577	
8	23	   0.062001	   0.037178	     54.810	     2.7517	-9.7531e+92	-9.7531e+92	  0.0095270	  0.0054126	  0.0089525	   0.011481	   -0.22322	   -0.18612	
8	24	   0.019802	   0.011874	     77.960	     2.1908	-9.7531e+92	-9.7531e+92	   0.012061	  0.0014863	     0.0000	 -0.0045396	  -0.070257	   0.019940	
9	0	    0.19303	    0.14587	     86.890	     1.9108	-9.7531e+92	-9.7531e+92	   0.046779	   0.024524	   0.011800	     0.0000	   0.099463	     0.0000	
9	1	    0.17878	    0.13510	     55.376	     2.7421	-9.7531e+92	-9.7531e+92	   0.045098	   0.070827	  0.0095372	    0.59986	    0.87936	    0.45211	
9	2	   0.014224	   0.010749	     133.64	    0.71608	-9.7531e+92	-9.7531e+92	   0.026622	  0.0054900	     0.0000	     0.0000	   0.069656	   -0.28671	
9	3	 0.00088143	 0.00066609	     191.41	    0.20802	-9.7531e+92	-9.7531e+92	  0.0061639	 0.00036604	     0.0000	  -0.076637	  0.0048214	   -0.24692	
9	4	 5.6182e-05	 4.2456e-05	     223.28	    0.11603	-9.7531e+92	-9.7531e+92	  0.0049133	 4.8070e-05	     0.0000	   -0.26047	 0.00061022	   -0.20992	
9	5	 0.00059688	 0.00045106	     134.70	    0.69890	-9.7531e+92	-9.7531e+92	  0.0036807	 0.00027822	     0.0000	   -0.10732	  0.0031134	  -0.076645	
9	6	   0.040027	   0.030248	     62.827	     2.5956	-9.7531e+92	-9.7531e+92	   0.014926	   0.015618	     0.0000	 0.00031938	    0.19253	   0.024249	
9	7	    0.17583	    0.13287	     64.406	     2.5596	-9.7531e+92	-9.7531e+92	   0.059502	   0.062056	     0.0000	   0.035913	    0.84580	    0.21246	
9	8	 7.1893e-06	 5.4329e-06	     171.65	    0.30991	-9.7531e+92	-9.7531e+92	 0.00065599	 3.0350e-05	     0.0000	  -0.012586	 0.00034710	  -0.013947	
9	9	     0.0000	     0.0000	     0.0000	     3.0000	-9.7531e+92	-9.7531e+92	    0.38564	     0.0000	    0.37109	     0.0000	     0.0000	     0.0000	
9	10	 4.6855e-15	 3.5408e-15	     215.04	    0.13402	-9.7531e+92	-9.7531e+92	 3.1857e-05	 2.8519e-05	     0.0000	-0.00068090	 0.00030737	-0.00032739	
9	11	 3.3937e-10	 2.5645e-10	     175.31	    0.28718	-9.7531e+92	-9.7531e+92	 3.4913e-05	 2.7651e-05	     0.0000	-0.00038229	 0.00031184	-0.00035547	
9	12	 4.1302e-13	 3.1211e-13	     214.99	    0.13415	-9.7531e+92	-9.7531e+92	 4.3061e-05	 2.7940e-05	     0.0000	 -0.0043705	 0.00030639	 -0.0021384	
9	13	    0.17616	    0.13312	     9.0540	     2.9998	-9.7531e+92	-9.7531e+92	   0.052669	   0.060446	     0.0000	    0.10527	    0.79913	    0.25406	
9	14	    0.15537	    0.11741	     38.749	     2.9339	-9.7531e+92	-9.7531e+92	   0.048528	   0.055619	     0.0000	    0.19891	    0.74319	    0.16615	
9	15	  0.0058001	  0.0043831	     117.55	     1.0311	-9.7531e+92	-9.7531e+92	   0.022821	  0.0022274	     0.0000	  -0.020428	   0.027913	   -0.37865	
9	16	 6.5485e-12	 4.9486e-12	     159.83	    0.39862	-9.7531e+92	-9.7531e+92	 0.00049110	 2.8135e-05	     0.0000	  -0.031051	 0.00030728	  -0.027219	
9	17	 3.8644e-13	 2.9203e-13	     293.28	   0.040011	-9.7531e+92	-9.7531e+92	 0.00019115	 2.8558e-05	     0.0000	  -0.024174	 0.00030647	  -0.013879	
9	18	   0.054940	   0.041518	     96.665	     1.6016	-9.7531e+92	-9.7531e+92	   0.026220	   0.019813	     0.0000	  -0.077383	    0.26429	  -0.089166	
9	19	 1.2122e-08	 9.1603e-09	     193.08	    0.20137	-9.7531e+92	-9.7531e+92	 0.00010194	 2.7835e-05	     0.0000	 -0.0099093	 0.00030854	 -0.0066817	
9	20	 7.3760e-07	 5.5740e-07	     174.09	    0.29453	-9.7531e+92	-9.7531e+92	 0.00014891	 2.8392e-05	     0.0000	 -0.0039306	 0.00031367	 -0.0060169	
9	21	  0.0042438	  0.0032070	     83.320	     2.0244	-9.7531e+92	-9.7531e+92	  0.0052331	  0.0015874	     0.0000	-0.00011529	   0.021106	  -0.032055	
9	22	 2.1982e-12	 1.6611e-12	     266.14	   0.058633	-9.7531e+92	-9.7531e+92	 0.00053063	 2.7984e-05	     0.0000	  -0.053487	 0.00030859	  -0.041879	
9	23	 4.7128e-05	 3.5614e-05	     121.73	    0.93874	-9.7531e+92	-9.7531e+92	 0.00022566	 4.3187e-05	     0.0000	-0.00013306	 0.00055392	 -0.0027733	
9	24	 6.8674e-06	 5.1896e-06	     149.07	    0.50520	-9.7531e+92	-9.7531e+92	  0.0043597	 2.7401e-05	     0.0000	   -0.10523	 0.00035014	  -0.086927	
10	0	   0.010042	  0.0031743	     210.64	    0.14503	-9.7531e+92	-9.7531e+92	  0.0034036	 6.2617e-05	     0.0000	 -0.0018068	 -0.0026859	  0.0089910	
10	1	  0.0010568	 0.00033408	     228.04	    0.10699	-9.7531e+92	-9.7531e+92	  0.0023675	 7.1908e-06	     0.0000	 -0.0050526	-0.00031194	   0.011922	
10	2	  0.0015417	 0.00048734	     213.20	    0.13850	-9.7531e+92	-9.7531e+92	  0.0046333	 9.9139e-06	     0.0000	     0.0000	-0.00045602	   0.025589	
10	3	 6.5038e-05	 2.0560e-05	     258.79	   0.065432	-9.7531e+92	-9.7531e+92	  0.0028803	 7.9719e-07	     0.0000	 -0.0018688	-3.5678e-05	   0.018228	
10	4	 0.00030375	 9.6020e-05	     204.61	    0.16194	-9.7531e+92	-9.7531e+92	  0.0032881	 2.2137e-06	     0.0000	 -0.0062429	-0.00010582	   0.016360	
10	5	    0.21557	   0.068146	     93.726	     1.6933	-9.7531e+92	-9.7531e+92	   0.021934	  0.0013983	   0.014414	   0.021423	  -0.066187	  -0.054844	
10	6	  0.0011175	 0.00035326	     153.37	    0.45919	-9.7531e+92	-9.7531e+92	  0.0028057	 7.6685e-06	     0.0000	-3.3154e-05	-0.00036404	  0.0090410	
10	7	   0.010031	  0.0031709	     153.29	    0.46001	-9.7531e+92	-9.7531e+92	  0.0063091	 6.1395e-05	     0.0000	 -0.0013797	 -0.0030632	   0.028798	
10	8	    0.15033	   0.047523	     44.054	     2.8911	-9.7531e+92	-9.7531e+92	   0.013410	 0.00062295	   0.012048	  0.0042987	  -0.030722	  -0.027150	
10	9	 7.1429e-11	 2.2580e-11	     215.04	    0.13402	-9.7531e+92	-9.7531e+92	 0.00071263	 4.3048e-07	     0.0000	-0.00046157	-2.0683e-05	  0.0055462	
10	10	     0.0000	     0.0000	     0.0000	     3.0000	-9.7531e+92	-9.7531e+92	    0.15829	     0.0000	    0.15824	     0.0000	     0.0000	     0.0000	
10	11	   0.036974	   0.011688	     46.926	     2.8613	-9.7531e+92	-9.7531e+92	  0.0030505	 0.00022602	  0.0029951	  0.0025973	  -0.010338	 -0.0096285	
10	12	   0.028139	  0.0088951	     46.012	     2.8713	-9.7531e+92	-9.7531e+92	  0.0034320	 0.00014833	  0.0032049	  0.0029419	 -0.0063585	 -0.0057044	
10	13	   0.023355	  0.0073830	     205.99	    0.15786	-9.7531e+92	-9.7531e+92	  0.0073113	 0.00014197	     0.0000	 -0.0027646	 -0.0062793	   0.019933	
10	14	   0.014279	  0.0045137	     190.48	    0.21181	-9.7531e+92	-9.7531e+92	  0.0093268	 8.7428e-05	     0.0000	 -0.0092301	 -0.0039472	   0.023826	
10	15	 1.5909e-05	 5.0291e-06	     197.67	    0.18443	-9.7531e+92	-9.7531e+92	   0.013995	 4.9690e-07	     0.0000	-0.00051755	-2.4975e-05	   0.033633	
10	16	 1.5249e-08	 4.8205e-09	     147.94	    0.51817	-9.7531e+92	-9.7531e+92	 0.00024513	 4.3787e-07	     0.0000	-0.00074861	-2.1076e-05	  0.0024457	
10	17	 1.0757e-12	 3.4005e-13	     270.72	   0.054831	-9.7531e+92	-9.7531e+92	 0.00010588	 4.3681e-07	     0.0000	-0.00058282	-2.0942e-05	  0.0012354	
10	18	    0.17152	   0.054219	     118.82	     1.0023	-9.7531e+92	-9.7531e+92	   0.023545	 0.00098865	     0.0000	  0.0061130	  -0.050240	  -0.024472	
10	19	   0.077733	   0.024573	     85.643	     1.9506	-9.7531e+92	-9.7531e+92	  0.0074751	 0.00044602	  0.0068124	  0.0065681	  -0.022603	  -0.020606	
10	20	    0.25331	   0.080076	     74.457	     2.2947	-9.7531e+92	-9.7531e+92	   0.021727	  0.0013649	   0.021128	  0.0083064	  -0.065270	  -0.060168	
10	21	 2.9006e-05	 9.1691e-06	     171.26	    0.31241	-9.7531e+92	-9.7531e+92	 0.00052428	 6.2185e-07	     0.0000	-0.00023053	-2.9675e-05	  0.0040248	
10	22	 3.2975e-07	 1.0424e-07	     176.66	    0.27933	-9.7531e+92	-9.7531e+92	 0.00039053	 4.2678e-07	     0.0000	 -0.0012584	-2.0817e-05	  0.0036943	
10	23	  0.0030354	 0.00095953	     95.614	     1.6342	-9.7531e+92	-9.7531e+92	 0.00074464	 2.0250e-05	 0.00044181	 4.0721e-05	-0.00096690	-0.00062615	
10	24	  0.0015475	 0.00048919	     102.71	     1.4197	-9.7531e+92	-9.7531e+92	  0.0041782	 9.7957e-06	     0.0000	 -0.0023366	-0.00050129	  0.0072718	
11	0	   0.037228	   0.013198	     167.10	    0.34103	-9.7531e+92	-9.7531e+92	  0.0081916	 0.00026139	     0.0000	-0.00052201	  -0.015381	  0.0035636	
11	1	  0.0017036	 0.00060394	     185.20	    0.23505	-9.7531e+92	-9.7531e+92	  0.0044496	 1.2860e-05	     0.0000	 -0.0057526	-0.00075955	   0.018548	
11	2	 0.00029447	 0.00010440	     197.83	    0.18388	-9.7531e+92	-9.7531e+92	  0.0045181	 2.5275e-06	     0.0000	     0.0000	-0.00015798	   0.040828	
11	3	 2.6559e-05	 9.4157e-06	     244.71	   0.081388	-9.7531e+92	-9.7531e+92	  0.0022546	 6.4152e-07	     0.0000	 -0.0021592	-3.9116e-05	   0.028841	
11	4	 4.5496e-05	 1.6129e-05	     218.09	    0.12699	-9.7531e+92	-9.7531e+92	  0.0018937	 7.6520e-07	     0.0000	 -0.0072507	-4.9386e-05	   0.025865	
11	5	    0.14291	   0.050665	     77.490	     2.2050	-9.7531e+92	-9.7531e+92	   0.016106	  0.0010511	  0.0076721	   0.015367	  -0.067277	  -0.053321	
11	6	  0.0047812	  0.0016950	     117.04	     1.0431	-9.7531e+92	-9.7531e+92	  0.0047386	 3.5547e-05	     0.0000	-3.3843e-05	 -0.0022840	   0.012507	
11	7	   0.010001	  0.0035457	     112.26	     1.1591	-9.7531e+92	-9.7531e+92	   0.013562	 6.9200e-05	     0.0000	 -0.0015938	 -0.0046854	   0.045126	
11	8	   0.062852	   0.022282	     32.525	     2.9668	-9.7531e+92	-9.7531e+92	  0.0067176	 0.00032813	  0.0051906	  0.0026831	  -0.023819	  -0.020995	
11	9	 8.6011e-07	 3.0492e-07	     175.31	    0.28718	-9.7531e+92	-9.7531e+92	  0.0015352	 4.9361e-07	     0.0000	-0.00053299	-3.2088e-05	  0.0086741	
11	10	  0.0038691	  0.0013717	     46.926	     2.8613	-9.7531e+92	-9.7531e+92	 0.00043168	 1.7952e-05	 0.00037267	 0.00029650	-0.00072474	-0.00061963	
11	11	     0.0000	     0.0000	     0.0000	     3.0000	-9.7531e+92	-9.7531e+92	    0.17734	     0.0000	    0.17728	     0.0000	     0.0000	     0.0000	
11	12	  0.0032889	  0.0011660	     77.218	     2.2132	-9.7531e+92	-9.7531e+92	 0.00039493	 2.2689e-05	 0.00014026	 0.00042750	 -0.0014991	 -0.0011255	
11	13	   0.055991	   0.019850	     166.60	    0.34470	-9.7531e+92	-9.7531e+92	   0.012062	 0.00038528	     0.0000	 -0.0018847	  -0.023296	   0.018625	
11	14	    0.18431	   0.065341	     157.91	    0.41563	-9.7531e+92	-9.7531e+92	   0.024585	  0.0012701	     0.0000	  0.0088604	  -0.078500	  -0.031278	
11	15	 0.00011059	 3.9207e-05	     182.32	    0.24896	-9.7531e+92	-9.7531e+92	   0.012466	 1.2092e-06	     0.0000	-0.00059718	-8.2230e-05	   0.052665	
11	16	 8.4258e-08	 2.9871e-08	     142.85	    0.58099	-9.7531e+92	-9.7531e+92	 0.00016026	 4.9711e-07	     0.0000	-0.00086447	-3.2291e-05	  0.0038196	
11	17	 7.6751e-14	 2.7210e-14	     290.18	   0.041722	-9.7531e+92	-9.7531e+92	 7.4244e-05	 4.9610e-07	     0.0000	-0.00067302	-3.2059e-05	  0.0019305	
11	18	    0.32950	    0.11681	     81.269	     2.0888	-9.7531e+92	-9.7531e+92	   0.039621	  0.0021445	   0.010804	   0.019442	   -0.14840	   -0.10586	
11	19	 0.00059826	 0.00021209	     108.78	     1.2499	-9.7531e+92	-9.7531e+92	 0.00032472	 4.6646e-06	     0.0000	-0.00018037	-0.00031350	 0.00064743	
11	20	   0.043221	   0.015322	     83.734	     2.0113	-9.7531e+92	-9.7531e+92	  0.0044349	 0.00031136	  0.0037632	  0.0021884	  -0.020374	  -0.018643	
11	21	 0.00084244	 0.00029866	     128.65	    0.80225	-9.7531e+92	-9.7531e+92	  0.0011982	 6.6733e-06	     0.0000	-0.00025068	-0.00043127	  0.0059273	
11	22	 4.4530e-10	 1.5787e-10	     200.45	    0.17499	-9.7531e+92	-9.7531e+92	 0.00020829	 4.8597e-07	     0.0000	 -0.0014847	-3.1845e-05	  0.0057756	
11	23	   0.021754	  0.0077122	     53.605	     2.7712	-9.7531e+92	-9.7531e+92	  0.0022313	 0.00015372	  0.0018917	 0.00041870	 -0.0098272	 -0.0089793	
11	24	   0.096669	   0.034271	     56.094	     2.7297	-9.7531e+92	-9.7531e+92	   0.014985	 0.00065861	  0.0055865	  0.0075374	  -0.045652	  -0.031712	
12	0	  0.0011238	 0.00037976	     226.76	    0.10933	-9.7531e+92	-9.7531e+92	  0.0025514	 5.4006e-05	     0.0000	  -0.019637	 -0.0024481	   0.089763	
12	1	 2.1198e-05	 7.1629e-06	     231.78	    0.10046	-9.7531e+92	-9.7531e+92	  0.0021977	 4.0733e-06	     0.0000	  -0.045066	-0.00018961	   0.097809	
12	2	  0.0029060	 0.00098196	     181.48	    0.25322	-9.7531e+92	-9.7531e+92	  0.0051783	 0.00013196	     0.0000	     0.0000	 -0.0065492	    0.20253	
12	3	  0.0040321	  0.0013625	     227.10	    0.10870	-9.7531e+92	-9.7531e+92	  0.0039706	 0.00017768	     0.0000	  -0.015367	 -0.0086262	    0.13811	
12	4	   0.038297	   0.012941	     165.11	    0.35583	-9.7531e+92	-9.7531e+92	  0.0084094	  0.0015846	     0.0000	  -0.020181	  -0.085764	   0.050225	
12	5	    0.10958	   0.037029	     80.590	     2.1100	-9.7531e+92	-9.7531e+92	   0.014910	  0.0050833	  0.0068709	   0.083608	   -0.26184	   -0.19741	
12	6	 0.00030051	 0.00010155	     152.49	    0.46823	-9.7531e+92	-9.7531e+92	  0.0028809	 1.7112e-05	     0.0000	-0.00029669	-0.00087868	   0.074621	
12	7	 0.00030150	 0.00010188	     158.06	    0.41430	-9.7531e+92	-9.7531e+92	  0.0048513	 1.6237e-05	     0.0000	  -0.013185	-0.00086938	    0.25373	
12	8	    0.10699	   0.036153	     55.069	     2.7473	-9.7531e+92	-9.7531e+92	   0.010861	  0.0048673	  0.0094059	   0.060091	   -0.25422	   -0.23627	
12	9	 1.9830e-09	 6.7009e-10	     214.99	    0.13415	-9.7531e+92	-9.7531e+92	 0.00056306	 3.1020e-06	     0.0000	 -0.0040264	-0.00016102	   0.044630	
12	10	  0.0095445	  0.0032252	     46.012	     2.8713	-9.7531e+92	-9.7531e+92	  0.0010029	 0.00039874	 0.00094668	   0.010427	  -0.020362	  -0.019328	
12	11	  0.0032165	  0.0010869	     77.218	     2.2132	-9.7531e+92	-9.7531e+92	 0.00040039	 0.00015399	 0.00034127	  0.0022687	 -0.0079388	 -0.0072898	
12	12	     0.0000	     0.0000	     0.0000	     3.0000	-9.7531e+92	-9.7531e+92	    0.17379	     0.0000	    0.17354	     0.0000	     0.0000	     0.0000	
12	13	  0.0049182	  0.0016619	     205.94	    0.15802	-9.7531e+92	-9.7531e+92	  0.0052643	 0.00021993	     0.0000	  -0.029697	  -0.010355	    0.19674	
12	14	  0.0049767	  0.0016817	     188.63	    0.21964	-9.7531e+92	-9.7531e+92	  0.0080756	 0.00022423	     0.0000	  -0.088582	  -0.010752	    0.21025	
12	15	 0.00029610	 0.00010005	     166.81	    0.34315	-9.7531e+92	-9.7531e+92	   0.010367	 1.5621e-05	     0.0000	 -0.0045040	-0.00085244	    0.26983	
12	16	 4.5733e-06	 1.5453e-06	     115.95	     1.0685	-9.7531e+92	-9.7531e+92	 0.00049262	 3.3397e-06	     0.0000	 -0.0065267	-0.00017516	   0.019679	
12	17	 1.6427e-13	 5.5509e-14	     225.22	    0.11223	-9.7531e+92	-9.7531e+92	 0.00021275	 3.0795e-06	     0.0000	 -0.0050658	-0.00016263	  0.0099448	
12	18	    0.20876	   0.070543	     120.73	    0.96010	-9.7531e+92	-9.7531e+92	   0.027966	  0.0090096	 0.00049970	   0.078373	   -0.47255	   -0.27782	
12	19	    0.37766	    0.12761	     44.530	     2.8865	-9.7531e+92	-9.7531e+92	   0.033312	  0.0037491	   0.032604	   0.023907	   -0.21586	   -0.18669	
12	20	    0.12508	   0.042264	     45.010	     2.8817	-9.7531e+92	-9.7531e+92	   0.013965	  0.0054442	   0.013324	   0.039640	   -0.29038	   -0.27678	
12	21	 2.4780e-07	 8.3736e-08	     187.39	    0.22505	-9.7531e+92	-9.7531e+92	 0.00044127	 3.1451e-06	     0.0000	 -0.0020151	-0.00016175	   0.032455	
12	22	 0.00095665	 0.00032326	     131.16	    0.75767	-9.7531e+92	-9.7531e+92	  0.0011248	 4.3986e-05	     0.0000	 -0.0088863	 -0.0024199	   0.026962	
12	23	 0.00091464	 0.00030907	     109.85	     1.2215	-9.7531e+92	-9.7531e+92	 0.00047825	 4.6499e-05	 0.00015453	 3.8422e-06	 -0.0023978	-5.1262e-05	
12	24	 0.00012451	 4.2075e-05	     132.31	    0.73810	-9.7531e+92	-9.7531e+92	  0.0046138	 8.5219e-06	     0.0000	  -0.022014	-0.00046626	   0.061872	
13	0	   0.067186	    0.28642	     86.013	     1.9388	-9.7531e+92	-9.7531e+92	    0.11231	   0.061783	     0.0000	     0.0000	    0.16869	     0.0000	
13	1	   0.057022	    0.24309	     57.043	     2.7128	-9.7531e+92	-9.7531e+92	    0.10356	   0.062737	     0.0000	     0.0000	    0.27226	     0.0000	
13	2	   0.026699	    0.11382	     127.66	    0.82064	-9.7531e+92	-9.7531e+92	    0.14772	   0.025803	     0.0000	     0.0000	   0.095504	     0.0000	
13	3	 0.00047695	  0.0020333	     188.65	    0.21955	-9.7531e+92	-9.7531e+92	    0.10628	 0.00056730	     0.0000	     0.0000	  0.0024867	     0.0000	
13	4	 9.2134e-05	 0.00039278	     217.30	    0.12878	-9.7531e+92	-9.7531e+92	   0.082519	 0.00018546	     0.0000	     0.0000	 0.00086513	     0.0000	
13	5	 0.00093997	  0.0040072	     125.66	    0.85869	-9.7531e+92	-9.7531e+92	   0.034179	  0.0012620	     0.0000	     0.0000	  0.0047833	     0.0000	
13	6	   0.018206	   0.077615	     53.773	     2.7685	-9.7531e+92	-9.7531e+92	   0.052259	   0.021010	     0.0000	     0.0000	   0.092776	     0.0000	
13	7	   0.047453	    0.20230	     57.312	     2.7078	-9.7531e+92	-9.7531e+92	    0.16507	   0.051347	     0.0000	     0.0000	    0.23180	     0.0000	
13	8	 4.9392e-06	 2.1057e-05	     162.59	    0.37553	-9.7531e+92	-9.7531e+92	  0.0038833	 9.4210e-05	     0.0000	     0.0000	 0.00032859	     0.0000	
13	9	   0.027891	    0.11890	     9.0540	     2.9998	-9.7531e+92	-9.7531e+92	   0.050133	   0.031532	     0.0000	     0.0000	    0.14635	     0.0000	
13	10	 1.6210e-13	 6.9107e-13	     205.99	    0.15786	-9.7531e+92	-9.7531e+92	 0.00018322	 9.2310e-05	     0.0000	     0.0000	 0.00028307	     0.0000	
13	11	 1.3050e-07	 5.5632e-07	     166.60	    0.34470	-9.7531e+92	-9.7531e+92	 0.00019521	 8.8820e-05	     0.0000	     0.0000	 0.00030402	     0.0000	
13	12	 2.5577e-14	 1.0904e-13	     205.94	    0.15802	-9.7531e+92	-9.7531e+92	 0.00033151	 9.1498e-05	     0.0000	     0.0000	 0.00027042	     0.0000	
13	13	     0.0000	     0.0000	     0.0000	     3.0000	-9.7531e+92	-9.7531e+92	     2.2674	     0.0000	     1.8287	     0.0000	     0.0000	     0.0000	
13	14	   0.092758	    0.39544	     32.765	     2.9658	-9.7531e+92	-9.7531e+92	    0.22003	    0.10525	     0.0000	     0.0000	    0.48725	     0.0000	
13	15	    0.56303	     2.4003	     111.52	     1.1779	-9.7531e+92	-9.7531e+92	    0.68298	    0.57181	    0.17399	     0.0000	     2.7286	     0.0000	
13	16	 8.0621e-09	 3.4370e-08	     153.85	    0.45440	-9.7531e+92	-9.7531e+92	  0.0063151	 8.4042e-05	     0.0000	     0.0000	 0.00030596	     0.0000	
13	17	 7.1079e-15	 3.0302e-14	     287.27	   0.043413	-9.7531e+92	-9.7531e+92	  0.0029596	 8.9154e-05	     0.0000	     0.0000	 0.00028131	     0.0000	
13	18	   0.091256	    0.38904	     87.611	     1.8878	-9.7531e+92	-9.7531e+92	    0.16601	    0.10247	     0.0000	     0.0000	    0.44790	     0.0000	
13	19	 1.7423e-07	 7.4277e-07	     184.51	    0.23831	-9.7531e+92	-9.7531e+92	  0.0011730	 9.0573e-05	     0.0000	     0.0000	 0.00028192	     0.0000	
13	20	 4.4372e-06	 1.8916e-05	     165.04	    0.35635	-9.7531e+92	-9.7531e+92	  0.0011196	 9.3548e-05	     0.0000	     0.0000	 0.00032516	     0.0000	
13	21	  0.0068144	   0.029051	     76.619	     2.2311	-9.7531e+92	-9.7531e+92	   0.019425	  0.0080711	     0.0000	     0.0000	   0.035133	     0.0000	
13	22	 2.6795e-14	 1.1423e-13	     260.15	   0.064098	-9.7531e+92	-9.7531e+92	  0.0085922	 8.7044e-05	     0.0000	     0.0000	 0.00028998	     0.0000	
13	23	 0.00014370	 0.00061260	     113.01	     1.1402	-9.7531e+92	-9.7531e+92	 0.00098294	 0.00024254	     0.0000	     0.0000	  0.0011983	     0.0000	
13	24	 2.4985e-05	 0.00010652	     142.21	    0.58941	-9.7531e+92	-9.7531e+92	   0.027041	 0.00011105	     0.0000	     0.0000	 0.00042540	     0.0000	
14	0	   0.040353	    0.14835	     114.85	     1.0949	-9.7531e+92	-9.7531e+92	    0.11149	   0.045494	     0.0000	     0.0000	   0.069131	     0.0000	
14	1	   0.026264	   0.096551	     88.839	     1.8485	-9.7531e+92	-9.7531e+92	    0.11494	   0.033050	     0.0000	     0.0000	   0.071120	     0.0000	
14	2	   0.010082	   0.037062	     97.273	     1.5829	-9.7531e+92	-9.7531e+92	   0.075336	   0.011324	     0.0000	     0.0000	   0.017201	     0.0000	
14	3	  0.0010322	  0.0037945	     161.01	    0.38854	-9.7531e+92	-9.7531e+92	   0.019846	  0.0011510	     0.0000	     0.0000	  0.0013062	     0.0000	
14	4	 0.00012866	 0.00047298	     184.55	    0.23808	-9.7531e+92	-9.7531e+92	   0.015492	 0.00023592	     0.0000	     0.0000	 0.00051059	     0.0000	
14	5	 0.00043088	  0.0015840	     108.09	     1.2686	-9.7531e+92	-9.7531e+92	   0.028547	 0.00069255	     0.0000	     0.0000	  0.0010069	     0.0000	
14	6	  0.0056442	   0.020749	     41.508	     2.9135	-9.7531e+92	-9.7531e+92	   0.056363	  0.0072052	     0.0000	     0.0000	   0.013779	     0.0000	
14	7	    0.84409	     3.1030	     65.464	     2.5345	-9.7531e+92	-9.7531e+92	    0.84073	     1.0000	    0.42981	     0.0000	     1.9084	     0.0000	
14	8	 4.5262e-06	 1.6639e-05	     146.54	    0.53466	-9.7531e+92	-9.7531e+92	  0.0042401	 9.3825e-05	     0.0000	     0.0000	 0.00018287	     0.0000	
14	9	  0.0037460	   0.013771	     38.749	     2.9339	-9.7531e+92	-9.7531e+92	   0.029003	  0.0048332	     0.0000	     0.0000	  0.0092551	     0.0000	
14	10	 6.2303e-13	 2.2904e-12	     190.48	    0.21181	-9.7531e+92	-9.7531e+92	 0.00016487	 9.9464e-05	     0.0000	     0.0000	 0.00010678	     0.0000	
14	11	 3.0635e-08	 1.1262e-07	     157.91	    0.41563	-9.7531e+92	-9.7531e+92	 0.00019325	 8.9288e-05	     0.0000	     0.0000	 0.00017942	     0.0000	
14	12	 2.7783e-13	 1.0214e-12	     188.63	    0.21964	-9.7531e+92	-9.7531e+92	 0.00020123	 9.8007e-05	     0.0000	     0.0000	 9.7386e-05	     0.0000	
14	13	   0.026523	   0.097503	     32.765	     2.9658	-9.7531e+92	-9.7531e+92	    0.13356	   0.030337	     0.0000	     0.0000	   0.058838	     0.0000	
14	14	     0.0000	     0.0000	     0.0000	     3.0000	-9.7531e+92	-9.7531e+92	     1.9508	     0.0000	     1.5574	     0.0000	     0.0000	     0.0000	
14	15	  0.0064361	   0.023660	     78.991	     2.1593	-9.7531e+92	-9.7531e+92	   0.077220	  0.0074503	     0.0000	     0.0000	   0.014489	     0.0000	
14	16	 1.0170e-06	 3.7387e-06	     121.20	    0.94999	-9.7531e+92	-9.7531e+92	  0.0015454	 9.2269e-05	     0.0000	     0.0000	 0.00013762	     0.0000	
14	17	 3.7273e-13	 1.3702e-12	     254.84	   0.069479	-9.7531e+92	-9.7531e+92	 0.00065185	 9.4770e-05	     0.0000	     0.0000	 0.00010735	     0.0000	
14	18	   0.034525	    0.12692	     78.249	     2.1820	-9.7531e+92	-9.7531e+92	    0.14714	   0.041036	     0.0000	     0.0000	   0.075940	     0.0000	
14	19	 2.8761e-07	 1.0573e-06	     166.55	    0.34505	-9.7531e+92	-9.7531e+92	 0.00040909	 9.5307e-05	     0.0000	     0.0000	 0.00011978	     0.0000	
14	20	 2.7114e-06	 9.9675e-06	     147.73	    0.52061	-9.7531e+92	-9.7531e+92	 0.00092570	 9.2774e-05	     0.0000	     0.0000	 0.00016999	     0.0000	
14	21	 0.00070570	  0.0025943	     101.18	     1.4647	-9.7531e+92	-9.7531e+92	   0.039024	 0.00096997	     0.0000	     0.0000	  0.0019989	     0.0000	
14	22	 2.2659e-13	 8.3297e-13	     227.39	    0.10817	-9.7531e+92	-9.7531e+92	  0.0017172	 9.2712e-05	     0.0000	     0.0000	 0.00011690	     0.0000	
14	23	 2.9131e-05	 0.00010709	     114.84	     1.0952	-9.7531e+92	-9.7531e+92	  0.0013939	 0.00012479	     0.0000	     0.0000	 0.00025704	     0.0000	
14	24	 1.0681e-06	 3.9266e-06	     150.00	    0.49487	-9.7531e+92	-9.7531e+92	   0.024900	 8.9552e-05	     0.0000	     0.0000	 0.00012933	     0.0000	
15	0	  0.0089095	   0.012492	     189.51	    0.21584	-9.7531e+92	-9.7531e+92	   0.014738	   0.013747	     0.0000	   -0.10431	   0.066017	  -0.047484	
15	1	   0.010294	   0.014433	     167.83	    0.33581	-9.7531e+92	-9.7531e+92	   0.015468	   0.016407	     0.0000	   -0.22607	   0.070688	  -0.040207	
15	2	    0.13971	    0.19589	     21.827	     2.9932	-9.7531e+92	-9.7531e+92	   0.082616	    0.18736	     0.0000	     0.0000	    0.76963	   0.041780	
15	3	    0.22012	    0.30864	     84.108	     1.9994	-9.7531e+92	-9.7531e+92	    0.10829	    0.27785	  0.0071410	    0.21454	     1.0725	    0.17673	
15	4	    0.15750	    0.22083	     106.18	     1.3210	-9.7531e+92	-9.7531e+92	   0.083471	    0.22928	     0.0000	    0.54499	    0.97703	   0.094023	
15	5	   0.055050	   0.077187	     104.94	     1.3557	-9.7531e+92	-9.7531e+92	   0.025474	   0.041876	     0.0000	     0.0000	    0.46829	   0.077781	
15	6	   0.013238	   0.018562	     96.746	     1.5991	-9.7531e+92	-9.7531e+92	   0.012668	   0.016844	     0.0000	     0.0000	   0.089854	  -0.013215	
15	7	  0.0055610	  0.0077972	     131.62	    0.74982	-9.7531e+92	-9.7531e+92	   0.043551	  0.0086557	     0.0000	  -0.080629	   0.031765	  -0.076440	
15	8	 1.2046e-05	 1.6889e-05	     159.01	    0.40580	-9.7531e+92	-9.7531e+92	 0.00089068	 0.00013499	     0.0000	  -0.015660	 0.00041852	 -0.0025422	
15	9	  0.0016304	  0.0022860	     117.55	     1.0311	-9.7531e+92	-9.7531e+92	  0.0050156	  0.0028112	     0.0000	  -0.023648	  0.0090096	  -0.011036	
15	10	 4.2822e-13	 6.0042e-13	     197.67	    0.18443	-9.7531e+92	-9.7531e+92	 5.8731e-05	 0.00011352	     0.0000	-0.00082663	 0.00036569	-5.5097e-05	
15	11	 9.6242e-13	 1.3494e-12	     182.32	    0.24896	-9.7531e+92	-9.7531e+92	 5.9473e-05	 0.00011530	     0.0000	-0.00046840	 0.00034864	-6.0508e-05	
15	12	 3.8350e-09	 5.3771e-09	     166.81	    0.34315	-9.7531e+92	-9.7531e+92	 0.00019906	 0.00011481	     0.0000	 -0.0056298	 0.00033935	-0.00036221	
15	13	    0.20030	    0.28084	     111.52	     1.1779	-9.7531e+92	-9.7531e+92	    0.10065	    0.16002	     0.0000	     0.0000	   -0.21433	   -0.13650	
15	14	    0.14292	    0.20038	     78.991	     2.1593	-9.7531e+92	-9.7531e+92	   0.086285	    0.23231	     0.0000	    0.19917	     1.0664	   0.040541	
15	15	     0.0000	     0.0000	     0.0000	     3.0000	-9.7531e+92	-9.7531e+92	    0.75939	     0.0000	    0.59199	     0.0000	     0.0000	     0.0000	
15	16	  0.0017162	  0.0024063	     65.362	     2.5370	-9.7531e+92	-9.7531e+92	  0.0059246	  0.0029828	     0.0000	  -0.033264	  0.0091740	 -0.0035674	
15	17	 4.1653e-08	 5.8402e-08	     175.81	    0.28425	-9.7531e+92	-9.7531e+92	  0.0029051	 0.00011260	     0.0000	  -0.032626	 0.00034623	 -0.0024155	
15	18	   0.042303	   0.059313	     116.73	     1.0502	-9.7531e+92	-9.7531e+92	   0.035288	   0.063700	     0.0000	   -0.15032	    0.25889	  -0.035056	
15	19	 0.00030472	 0.00042726	     131.26	    0.75593	-9.7531e+92	-9.7531e+92	  0.0010070	 0.00062826	     0.0000	  -0.010779	  0.0019520	 -0.0010226	
15	20	 0.00041793	 0.00058599	     124.66	    0.87845	-9.7531e+92	-9.7531e+92	 0.00064192	 0.00078744	     0.0000	 -0.0034531	  0.0027835	-0.00083907	
15	21	 5.4988e-06	 7.7100e-06	     175.65	    0.28523	-9.7531e+92	-9.7531e+92	  0.0028475	 0.00012312	     0.0000	  -0.012927	 0.00037722	 -0.0087069	
15	22	 1.2028e-05	 1.6864e-05	     163.21	    0.37056	-9.7531e+92	-9.7531e+92	  0.0085849	 0.00013017	     0.0000	  -0.072122	 0.00041627	 -0.0076395	
15	23	 3.0436e-06	 4.2675e-06	     149.47	    0.50076	-9.7531e+92	-9.7531e+92	 0.00019370	 0.00011622	     0.0000	 -0.0010093	 0.00037083	-0.00050465	
15	24	 6.9408e-11	 9.7318e-11	     189.75	    0.21485	-9.7531e+92	-9.7531e+92	  0.0057580	 0.00011097	     0.0000	   -0.14206	 0.00032833	  -0.015315	
16	0	 8.2789e-05	 2.0957e-05	     217.18	    0.12904	-9.7531e+92	-9.7531e+92	  0.0015684	 2.0715e-05	     0.0000	  -0.022205	 0.00017098	  -0.025817	
16	1	 2.8280e-05	 7.1587e-06	     207.46	    0.15366	-9.7531e+92	-9.7531e+92	  0.0016959	 1.1932e-05	     0.0000	  -0.049803	 9.1935e-05	  -0.025370	
16	2	    0.75486	    0.19108	     68.097	     2.4691	-9.7531e+92	-9.7531e+92	   0.051656	   0.084544	   0.026787	     0.0000	    0.63541	    0.34809	
16	3	   0.055684	   0.014096	     111.94	     1.1671	-9.7531e+92	-9.7531e+92	   0.011045	  0.0052694	     0.0000	-0.00056880	   0.035538	 -0.0087685	
16	4	   0.050314	   0.012736	     75.439	     2.2661	-9.7531e+92	-9.7531e+92	  0.0096943	  0.0031853	     0.0000	-0.00015542	   0.014236	-8.8915e-05	
16	5	   0.017264	  0.0043701	     71.546	     2.3771	-9.7531e+92	-9.7531e+92	  0.0023726	  0.0023525	     0.0000	 -0.0069987	   0.015979	 -0.0032031	
16	6	 0.00069894	 0.00017693	     111.89	     1.1685	-9.7531e+92	-9.7531e+92	  0.0018854	 0.00010722	     0.0000	-0.00032389	 0.00069514	  -0.015745	
16	7	 0.00045010	 0.00011394	     137.28	    0.65913	-9.7531e+92	-9.7531e+92	  0.0055723	 6.9562e-05	     0.0000	  -0.014554	 0.00047617	  -0.055551	
16	8	 0.00010299	 2.6070e-05	     112.87	     1.1438	-9.7531e+92	-9.7531e+92	 0.00017641	 2.4728e-05	     0.0000	 -0.0028596	 0.00014834	 -0.0020122	
16	9	 8.0770e-06	 2.0446e-06	     159.83	    0.39862	-9.7531e+92	-9.7531e+92	 0.00062758	 1.0619e-05	     0.0000	 -0.0044484	 6.6327e-05	 -0.0093868	
16	10	 6.7320e-08	 1.7041e-08	     147.94	    0.51817	-9.7531e+92	-9.7531e+92	 1.1893e-05	 9.7701e-06	     0.0000	-0.00015817	 5.7531e-05	-4.7970e-05	
16	11	 1.7538e-07	 4.4396e-08	     142.85	    0.58099	-9.7531e+92	-9.7531e+92	 1.0895e-05	 9.8593e-06	     0.0000	-8.8720e-05	 5.7134e-05	-5.2083e-05	
16	12	 2.5702e-05	 6.5062e-06	     115.95	     1.0685	-9.7531e+92	-9.7531e+92	 4.8416e-05	 1.2928e-05	     0.0000	-0.00097592	 8.1653e-05	-0.00030134	
16	13	  0.0068923	  0.0017447	     153.85	    0.45440	-9.7531e+92	-9.7531e+92	  0.0091683	 0.00089076	     0.0000	  -0.032163	  0.0074267	  -0.053324	
16	14	   0.058756	   0.014873	     121.20	    0.94999	-9.7531e+92	-9.7531e+92	   0.011495	  0.0080554	     0.0000	  -0.046362	   0.064245	  -0.026295	
16	15	   0.013254	  0.0033551	     65.362	     2.5370	-9.7531e+92	-9.7531e+92	  0.0086637	  0.0015530	     0.0000	 -0.0043231	   0.012620	  -0.053206	
16	16	     0.0000	     0.0000	     0.0000	     3.0000	-9.7531e+92	-9.7531e+92	    0.12745	     0.0000	    0.12533	     0.0000	     0.0000	     0.0000	
16	17	 1.0369e-07	 2.6248e-08	     148.25	    0.51453	-9.7531e+92	-9.7531e+92	 0.00032110	 7.5432e-06	     0.0000	 -0.0022931	 7.3277e-05	 -0.0020924	
16	18	   0.034692	  0.0087818	     110.59	     1.2021	-9.7531e+92	-9.7531e+92	  0.0065393	  0.0046024	     0.0000	  -0.031776	   0.034453	  -0.024169	
16	19	  0.0017782	 0.00045012	     73.024	     2.3358	-9.7531e+92	-9.7531e+92	 0.00025118	 0.00024696	     0.0000	-0.00028889	  0.0017177	-0.00012356	
16	20	  0.0046412	  0.0011749	     74.477	     2.2942	-9.7531e+92	-9.7531e+92	 0.00038605	 0.00066215	     0.0000	  0.0014025	  0.0042817	  0.0013621	
16	21	 3.6648e-07	 9.2770e-08	     180.81	    0.25669	-9.7531e+92	-9.7531e+92	 0.00035114	 9.6870e-06	     0.0000	 -0.0022272	 5.9214e-05	 -0.0068176	
16	22	 0.00045934	 0.00011628	     106.73	     1.3057	-9.7531e+92	-9.7531e+92	  0.0010322	 6.0475e-05	     0.0000	 -0.0054134	 0.00054808	 -0.0059591	
16	23	 6.8012e-06	 1.7217e-06	     136.77	    0.66684	-9.7531e+92	-9.7531e+92	 3.1180e-05	 1.0767e-05	     0.0000	-0.00017310	 6.3139e-05	-0.00042696	
16	24	 5.8519e-10	 1.4813e-10	     177.80	    0.27291	-9.7531e+92	-9.7531e+92	  0.0010617	 9.2344e-06	     0.0000	  -0.024467	 5.7405e-05	  -0.012796	
17	0	 7.6630e-12	 3.3011e-12	     353.56	   0.019078	-9.7531e+92	-9.7531e+92	  0.0014778	 4.9700e-06	     0.0000	  -0.016968	 4.0676e-05	  -0.014293	
17	1	 1.1256e-11	 4.8490e-12	     342.57	   0.021626	-9.7531e+92	-9.7531e+92	  0.0017156	 4.7324e-06	     0.0000	  -0.038012	 3.6194e-05	  -0.013669	
17	2	   0.081505	   0.035111	     160.64	    0.39167	-9.7531e+92	-9.7531e+92	   0.023949	  0.0051889	     0.0000	     0.0000	   0.040567	 -0.0047450	
17	3	    0.33156	    0.14283	     122.41	    0.92444	-9.7531e+92	-9.7531e+92	   0.053881	   0.013278	   0.022803	  0.0047625	   0.036161	   0.014177	
17	4	    0.51205	    0.22059	     73.525	     2.3215	-9.7531e+92	-9.7531e+92	   0.068107	   0.020010	   0.041505	   0.096469	    0.12038	   0.039077	
17	5	 7.9248e-05	 3.4139e-05	     219.60	    0.12368	-9.7531e+92	-9.7531e+92	  0.0016191	 1.0578e-05	     0.0000	  -0.019453	 7.0814e-05	 -0.0058331	
17	6	 8.4599e-12	 3.6444e-12	     251.72	   0.072906	-9.7531e+92	-9.7531e+92	  0.0012615	 5.0049e-06	     0.0000	-0.00025245	 3.1889e-05	 -0.0080303	
17	7	 7.8262e-12	 3.3715e-12	     281.54	   0.047004	-9.7531e+92	-9.7531e+92	  0.0055488	 4.8315e-06	     0.0000	  -0.011146	 3.2410e-05	  -0.028156	
17	8	 9.4107e-13	 4.0540e-13	     258.50	   0.065716	-9.7531e+92	-9.7531e+92	 0.00013624	 5.2046e-06	     0.0000	 -0.0022355	 3.0646e-05	 -0.0010166	
17	9	 5.7752e-14	 2.4879e-14	     293.28	   0.040011	-9.7531e+92	-9.7531e+92	 0.00051922	 5.0945e-06	     0.0000	 -0.0033946	 3.1062e-05	 -0.0046551	
17	10	 1.4239e-12	 6.1339e-13	     270.72	   0.054831	-9.7531e+92	-9.7531e+92	 1.7843e-05	 5.2200e-06	     0.0000	-0.00012073	 3.0113e-05	-2.3419e-05	
17	11	 3.8651e-11	 1.6651e-11	     290.18	   0.041722	-9.7531e+92	-9.7531e+92	 1.6547e-05	 5.2568e-06	     0.0000	-6.7783e-05	 2.9954e-05	-2.5487e-05	
17	12	 3.4846e-11	 1.5011e-11	     225.22	    0.11223	-9.7531e+92	-9.7531e+92	 0.00013068	 5.0078e-06	     0.0000	-0.00077493	 3.0763e-05	-0.00015316	
17	13	  0.0015688	 0.00067583	     287.27	   0.043413	-9.7531e+92	-9.7531e+92	  0.0084607	 0.00011252	     0.0000	  -0.025892	 0.00093356	  -0.030945	
17	14	  0.0071202	  0.0030673	     254.84	   0.069479	-9.7531e+92	-9.7531e+92	   0.011807	 0.00052816	     0.0000	  -0.073115	  0.0041702	  -0.029451	
17	15	   0.026766	   0.011531	     175.81	    0.28425	-9.7531e+92	-9.7531e+92	   0.013971	  0.0016659	     0.0000	 -0.0016950	   0.013382	  -0.023535	
17	16	 0.00040498	 0.00017446	     148.25	    0.51453	-9.7531e+92	-9.7531e+92	  0.0037936	 3.4076e-05	 0.00018668	 -0.0052376	 0.00022595	 -0.0018451	
17	17	     0.0000	     0.0000	     0.0000	     3.0000	-9.7531e+92	-9.7531e+92	    0.21734	     0.0000	    0.21550	     0.0000	     0.0000	     0.0000	
17	18	  0.0027528	  0.0011859	     258.46	   0.065759	-9.7531e+92	-9.7531e+92	  0.0040410	 0.00020042	     0.0000	  -0.040829	  0.0014798	  -0.021233	
17	19	 6.5387e-05	 2.8168e-05	     187.53	    0.22442	-9.7531e+92	-9.7531e+92	 0.00077916	 9.5587e-06	     0.0000	 -0.0017005	 6.3724e-05	-0.00046919	
17	20	 7.8990e-12	 3.4028e-12	     207.02	    0.15490	-9.7531e+92	-9.7531e+92	 0.00032446	 5.0559e-06	     0.0000	-0.00069720	 3.1390e-05	-0.00043703	
17	21	 1.6242e-12	 6.9971e-13	     326.31	   0.026229	-9.7531e+92	-9.7531e+92	 0.00033923	 5.1716e-06	     0.0000	 -0.0016989	 3.0947e-05	 -0.0033771	
17	22	   0.036127	   0.015563	     106.10	     1.3231	-9.7531e+92	-9.7531e+92	   0.010803	  0.0020707	  0.0052984	  0.0087212	   0.026288	  0.0095719	
17	23	 4.1612e-11	 1.7926e-11	     284.58	   0.045056	-9.7531e+92	-9.7531e+92	 3.2196e-05	 5.2298e-06	     0.0000	-0.00013305	 3.0116e-05	-0.00021062	
17	24	 1.6384e-11	 7.0579e-12	     325.25	   0.026569	-9.7531e+92	-9.7531e+92	 0.00066967	 4.9443e-06	     0.0000	  -0.018663	 3.0178e-05	 -0.0062790	
18	0	   0.069218	    0.16045	     116.29	     1.0606	-9.7531e+92	-9.7531e+92	   0.075069	   0.059430	     0.0000	   0.015180	   -0.80073	  -0.077546	
18	1	   0.077242	    0.17905	     111.77	     1.1715	-9.7531e+92	-9.7531e+92	   0.070856	   0.078045	     0.0000	   0.044037	   -0.83678	   -0.10692	
18	2	   0.029549	   0.068498	     137.27	    0.65930	-9.7531e+92	-9.7531e+92	   0.062347	   0.027347	     0.0000	     0.0000	   -0.34655	    0.24897	
18	3	 0.00023503	 0.00054481	     199.21	    0.17912	-9.7531e+92	-9.7531e+92	   0.018324	 0.00029552	     0.0000	  -0.024783	 -0.0030587	    0.24841	
18	4	 0.00040095	 0.00092943	     186.18	    0.23049	-9.7531e+92	-9.7531e+92	   0.014825	 0.00047026	     0.0000	  -0.083006	 -0.0051828	    0.22370	
18	5	   0.094259	    0.21850	     53.346	     2.7752	-9.7531e+92	-9.7531e+92	   0.066910	    0.10176	   0.011764	    0.10466	    -1.1982	   -0.27699	
18	6	    0.14288	    0.33121	     36.723	     2.9464	-9.7531e+92	-9.7531e+92	    0.10028	    0.14341	   0.024464	  0.0015379	    -1.7840	   -0.43359	
18	7	   0.031422	   0.072840	     38.248	     2.9371	-9.7531e+92	-9.7531e+92	   0.086953	   0.026520	     0.0000	  -0.014489	   -0.38431	    0.31248	
18	8	   0.037626	   0.087221	     75.421	     2.2666	-9.7531e+92	-9.7531e+92	   0.026268	   0.033494	   0.016283	   0.024154	   -0.43026	   -0.12495	
18	9	  0.0024514	  0.0056826	     96.665	     1.6016	-9.7531e+92	-9.7531e+92	   0.014869	  0.0025269	     0.0000	 -0.0053532	  -0.031802	   0.066524	
18	10	 1.5788e-06	 3.6598e-06	     118.82	     1.0023	-9.7531e+92	-9.7531e+92	 0.00032219	 6.6640e-05	     0.0000	-0.00020526	-0.00079749	 0.00039701	
18	11	 2.1354e-05	 4.9500e-05	     81.269	     2.0888	-9.7531e+92	-9.7531e+92	 0.00038622	 7.5953e-05	     0.0000	-4.5455e-05	-0.00093758	 0.00027637	
18	12	 4.6983e-06	 1.0891e-05	     120.73	    0.96010	-9.7531e+92	-9.7531e+92	 0.00025687	 6.6079e-05	     0.0000	 -0.0013350	-0.00081781	  0.0025853	
18	13	   0.068112	    0.15789	     87.611	     1.8878	-9.7531e+92	-9.7531e+92	   0.093212	   0.059464	     0.0000	  -0.016103	   -0.77469	    0.11925	
18	14	    0.11536	    0.26740	     78.249	     2.1820	-9.7531e+92	-9.7531e+92	    0.12155	    0.10069	     0.0000	   0.010874	    -1.3409	  -0.028866	
18	15	  0.0021674	  0.0050243	     116.73	     1.0502	-9.7531e+92	-9.7531e+92	   0.082833	  0.0021470	     0.0000	 -0.0067557	  -0.027644	    0.45353	
18	16	 2.8230e-06	 6.5439e-06	     110.59	     1.2021	-9.7531e+92	-9.7531e+92	  0.0013817	 7.4363e-05	     0.0000	 -0.0099477	-0.00091318	   0.033639	
18	17	 1.6080e-13	 3.7274e-13	     258.46	   0.065759	-9.7531e+92	-9.7531e+92	 0.00057440	 7.5496e-05	     0.0000	 -0.0077471	-0.00089727	   0.016993	
18	18	     0.0000	     0.0000	     0.0000	     3.0000	-9.7531e+92	-9.7531e+92	     1.2598	     0.0000	     1.0714	     0.0000	     0.0000	     0.0000	
18	19	 8.6407e-05	 0.00020030	     118.15	     1.0174	-9.7531e+92	-9.7531e+92	 0.00054317	 0.00014413	     0.0000	 -0.0029646	 -0.0018194	  0.0077828	
18	20	  0.0013835	  0.0032070	     90.275	     1.8027	-9.7531e+92	-9.7531e+92	  0.0029509	  0.0013167	     0.0000	-0.00025263	  -0.016644	  0.0017182	
18	21	  0.0067042	   0.015541	     79.511	     2.1434	-9.7531e+92	-9.7531e+92	   0.012023	  0.0062898	     0.0000	 -0.0015971	  -0.081604	   0.028839	
18	22	 1.1080e-12	 2.5685e-12	     205.13	    0.16037	-9.7531e+92	-9.7531e+92	  0.0016016	 7.3021e-05	     0.0000	  -0.017086	-0.00087895	   0.050802	
18	23	  0.0020345	  0.0047161	     36.898	     2.9454	-9.7531e+92	-9.7531e+92	  0.0026239	  0.0020773	 0.00040317	 0.00030220	  -0.025811	 -0.0045893	
18	24	    0.31884	    0.73910	     74.739	     2.2865	-9.7531e+92	-9.7531e+92	    0.20110	    0.18923	    0.13964	  0.0039329	    -2.8283	   -0.38094	
19	0	 0.00012352	 6.7992e-05	     234.49	   0.096052	-9.7531e+92	-9.7531e+92	  0.0037175	 1.3832e-05	     0.0000	  -0.027013	-0.00071506	    0.16569	
19	1	 6.9805e-06	 3.8424e-06	     226.57	    0.10968	-9.7531e+92	-9.7531e+92	  0.0034973	 5.3609e-06	     0.0000	  -0.060668	-0.00029059	    0.17603	
19	2	   0.034230	   0.018842	     139.30	    0.62950	-9.7531e+92	-9.7531e+92	   0.014077	  0.0023557	     0.0000	     0.0000	   -0.13827	    0.24439	
19	3	  0.0067787	  0.0037313	     184.07	    0.24039	-9.7531e+92	-9.7531e+92	   0.010611	 0.00044981	     0.0000	  -0.017757	  -0.026544	    0.23897	
19	4	    0.15739	   0.086634	     119.82	    0.98008	-9.7531e+92	-9.7531e+92	   0.028781	  0.0089254	     0.0000	   0.091883	   -0.65757	   -0.37462	
19	5	    0.10718	   0.058996	     64.874	     2.5486	-9.7531e+92	-9.7531e+92	   0.022386	  0.0078597	  0.0092913	    0.10937	   -0.46466	   -0.34253	
19	6	  0.0029930	  0.0016475	     133.74	    0.71443	-9.7531e+92	-9.7531e+92	  0.0045051	 0.00022746	     0.0000	-0.00036609	  -0.013294	    0.12212	
19	7	 0.00072928	 0.00040143	     154.38	    0.44913	-9.7531e+92	-9.7531e+92	  0.0094547	 5.6224e-05	     0.0000	  -0.017676	 -0.0034156	    0.45160	
19	8	   0.029470	   0.016222	     80.536	     2.1117	-9.7531e+92	-9.7531e+92	  0.0078396	  0.0021629	  0.0054687	   0.019644	   -0.12825	   -0.10462	
19	9	 7.0660e-08	 3.8895e-08	     193.08	    0.20137	-9.7531e+92	-9.7531e+92	 0.00089972	 4.9767e-06	     0.0000	 -0.0054186	-0.00029273	   0.079616	
19	10	 0.00089619	 0.00049331	     85.643	     1.9506	-9.7531e+92	-9.7531e+92	 0.00049205	 6.2224e-05	 0.00040042	  0.0011144	 -0.0035905	 -0.0028206	
19	11	 2.7096e-05	 1.4915e-05	     108.78	     1.2499	-9.7531e+92	-9.7531e+92	 0.00016581	 7.0979e-06	 6.9496e-05	-7.9859e-05	-0.00041519	 0.00034192	
19	12	    0.28370	    0.15617	     44.530	     2.8865	-9.7531e+92	-9.7531e+92	   0.040333	   0.010066	   0.039938	    0.11519	   -0.41667	   -0.36278	
19	13	  0.0033479	  0.0018429	     184.51	    0.23831	-9.7531e+92	-9.7531e+92	  0.0089423	 0.00023850	     0.0000	  -0.040606	  -0.012982	    0.36070	
19	14	   0.046117	   0.025385	     166.55	    0.34505	-9.7531e+92	-9.7531e+92	   0.017805	  0.0032965	     0.0000	  -0.071200	   -0.17965	    0.22611	
19	15	  0.0085665	  0.0047154	     131.26	    0.75593	-9.7531e+92	-9.7531e+92	   0.018077	 0.00057941	     0.0000	 -0.0056410	  -0.036851	    0.44881	
19	16	 0.00047180	 0.00025970	     73.024	     2.3358	-9.7531e+92	-9.7531e+92	  0.0016234	 3.9713e-05	     0.0000	 -0.0082900	 -0.0023889	   0.033087	
19	17	 4.8197e-12	 2.6530e-12	     187.53	    0.22442	-9.7531e+92	-9.7531e+92	 0.00067882	 4.6675e-06	     0.0000	 -0.0062563	-0.00029292	   0.017724	
19	18	    0.17525	   0.096469	     118.15	     1.0174	-9.7531e+92	-9.7531e+92	   0.038892	   0.012119	     0.0000	   0.077815	   -0.72229	   -0.36699	
19	19	     0.0000	     0.0000	     0.0000	     3.0000	-9.7531e+92	-9.7531e+92	    0.28380	     0.0000	    0.28264	     0.0000	     0.0000	     0.0000	
19	20	    0.13189	   0.072598	     28.400	     2.9806	-9.7531e+92	-9.7531e+92	   0.021947	  0.0086364	   0.020904	   0.052185	   -0.53290	   -0.50012	
19	21	 3.5326e-08	 1.9445e-08	     197.71	    0.18427	-9.7531e+92	-9.7531e+92	 0.00073460	 5.0309e-06	     0.0000	 -0.0027119	-0.00029283	   0.057894	
19	22	   0.010810	  0.0059505	     93.933	     1.6868	-9.7531e+92	-9.7531e+92	  0.0044708	 0.00065020	     0.0000	 -0.0015384	  -0.043627	  0.0073392	
19	23	 1.6963e-05	 9.3371e-06	     121.29	    0.94810	-9.7531e+92	-9.7531e+92	 0.00035064	 6.3677e-06	     0.0000	-0.00020819	-0.00037131	  0.0036722	
19	24	 1.1638e-06	 6.4063e-07	     150.08	    0.49393	-9.7531e+92	-9.7531e+92	  0.0063172	 4.8641e-06	     0.0000	  -0.029781	-0.00030068	    0.11080	
20	0	 0.00067850	 0.00038145	     206.61	    0.15606	-9.7531e+92	-9.7531e+92	  0.0057527	 6.5334e-05	     0.0000	  -0.034565	 -0.0036642	    0.21387	
20	1	 6.9333e-05	 3.8978e-05	     199.20	    0.17914	-9.7531e+92	-9.7531e+92	  0.0054646	 1.2182e-05	     0.0000	  -0.078470	-0.00069907	    0.22964	
20	2	   0.099356	   0.055857	     139.77	    0.62284	-9.7531e+92	-9.7531e+92	   0.022798	  0.0085034	     0.0000	     0.0000	   -0.52155	 -0.0050381	
20	3	   0.016182	  0.0090972	     185.64	    0.23299	-9.7531e+92	-9.7531e+92	   0.010756	  0.0013606	     0.0000	  -0.022066	  -0.081615	    0.26732	
20	4	   0.057410	   0.032275	     135.08	    0.69295	-9.7531e+92	-9.7531e+92	   0.014873	  0.0045764	     0.0000	 -0.0066135	   -0.30550	   0.021947	
20	5	    0.14735	   0.082839	     39.691	     2.9273	-9.7531e+92	-9.7531e+92	   0.025994	   0.013231	   0.012620	    0.20986	   -0.83277	   -0.66281	
20	6	  0.0053314	  0.0029972	     111.59	     1.1762	-9.7531e+92	-9.7531e+92	  0.0063704	 0.00048723	     0.0000	-0.00043681	  -0.030560	    0.14694	
20	7	  0.0070050	  0.0039382	     126.68	    0.83907	-9.7531e+92	-9.7531e+92	   0.018315	 0.00060129	     0.0000	  -0.021601	  -0.039531	    0.55654	
20	8	   0.057407	   0.032274	     51.987	     2.7958	-9.7531e+92	-9.7531e+92	  0.0095300	  0.0039150	  0.0071085	   0.025985	   -0.28257	   -0.24764	
20	9	 5.9348e-07	 3.3365e-07	     174.09	    0.29453	-9.7531e+92	-9.7531e+92	  0.0014800	 6.0677e-06	     0.0000	 -0.0070177	-0.00038428	    0.10398	
20	10	  0.0079737	  0.0044827	     74.457	     2.2947	-9.7531e+92	-9.7531e+92	  0.0012413	 0.00048545	  0.0011477	  0.0078983	  -0.029649	  -0.027052	
20	11	 0.00040796	 0.00022935	     83.734	     2.0113	-9.7531e+92	-9.7531e+92	 0.00018306	 4.0417e-05	 8.4698e-05	 0.00031538	 -0.0025738	 -0.0015479	
20	12	  0.0085960	  0.0048326	     45.010	     2.8817	-9.7531e+92	-9.7531e+92	  0.0024833	 0.00057194	  0.0020794	  0.0097090	  -0.039399	  -0.034123	
20	13	   0.046055	   0.025892	     165.04	    0.35635	-9.7531e+92	-9.7531e+92	   0.018342	  0.0039303	     0.0000	  -0.030057	   -0.22894	    0.26931	
20	14	    0.15495	   0.087109	     147.73	    0.52061	-9.7531e+92	-9.7531e+92	   0.035088	   0.013300	     0.0000	   0.072277	   -0.78854	   -0.23151	
20	15	   0.061918	   0.034810	     124.66	    0.87845	-9.7531e+92	-9.7531e+92	   0.029733	  0.0051618	     0.0000	 -0.0037933	   -0.34499	    0.30436	
20	16	  0.0014812	 0.00083270	     74.477	     2.2942	-9.7531e+92	-9.7531e+92	  0.0011738	 0.00013986	     0.0000	 -0.0093560	 -0.0089285	   0.037655	
20	17	 2.0998e-12	 1.1805e-12	     207.02	    0.15490	-9.7531e+92	-9.7531e+92	 0.00041810	 5.9696e-06	     0.0000	 -0.0088271	-0.00038445	   0.023148	
20	18	    0.27211	    0.15298	     90.275	     1.8027	-9.7531e+92	-9.7531e+92	   0.049563	   0.022159	  0.0038666	    0.20077	    -1.4673	   -0.97383	
20	19	   0.055133	   0.030995	     28.400	     2.9806	-9.7531e+92	-9.7531e+92	  0.0085003	  0.0034396	  0.0073217	   0.041688	   -0.26215	   -0.23853	
20	20	     0.0000	     0.0000	     0.0000	     3.0000	-9.7531e+92	-9.7531e+92	    0.28272	     0.0000	    0.28165	     0.0000	     0.0000	     0.0000	
20	21	 1.3410e-06	 7.5389e-07	     169.84	    0.32188	-9.7531e+92	-9.7531e+92	  0.0012437	 6.1851e-06	     0.0000	 -0.0035120	-0.00038875	   0.075606	
20	22	 0.00034706	 0.00019511	     116.48	     1.0560	-9.7531e+92	-9.7531e+92	  0.0016226	 3.3906e-05	     0.0000	  -0.016401	 -0.0022878	   0.065278	
20	23	 0.00023225	 0.00013057	     93.058	     1.7144	-9.7531e+92	-9.7531e+92	 0.00044058	 2.7274e-05	     0.0000	-0.00019716	 -0.0017199	  0.0036171	
20	24	 1.0306e-05	 5.7941e-06	     121.85	    0.93617	-9.7531e+92	-9.7531e+92	  0.0080486	 6.5691e-06	     0.0000	  -0.038144	-0.00044280	    0.14466	
21	0	    0.20594	    0.15124	     39.458	     2.9290	-9.7531e+92	-9.7531e+92	   0.048032	   0.022390	   0.014036	   0.014808	   0.051753	 -0.0061502	
21	1	    0.12912	   0.094832	     57.297	     2.7081	-9.7531e+92	-9.7531e+92	   0.034807	   0.025043	 0.00024683	   0.078015	    0.19808	   0.040241	
21	2	 0.00083024	 0.00060975	     197.19	    0.18609	-9.7531e+92	-9.7531e+92	   0.019392	 0.00016758	     0.0000	     0.0000	  0.0013566	  -0.047025	
21	3	 1.6114e-05	 1.1835e-05	     259.71	   0.064522	-9.7531e+92	-9.7531e+92	  0.0047629	 1.5291e-05	     0.0000	  -0.016193	 0.00013283	  -0.036121	
21	4	 5.3360e-06	 3.9189e-06	     253.96	   0.070430	-9.7531e+92	-9.7531e+92	  0.0038529	 1.3609e-05	     0.0000	  -0.054419	 0.00011066	  -0.029627	
21	5	  0.0016271	  0.0011950	     132.91	    0.72808	-9.7531e+92	-9.7531e+92	  0.0045007	 0.00034478	     0.0000	  -0.021407	  0.0023187	 -0.0099288	
21	6	   0.031497	   0.023132	     78.899	     2.1621	-9.7531e+92	-9.7531e+92	   0.014099	  0.0060581	     0.0000	-1.0879e-05	   0.044462	-0.00053598	
21	7	   0.094052	   0.069074	     44.967	     2.8822	-9.7531e+92	-9.7531e+92	   0.046062	   0.014361	     0.0000	-0.00067163	    0.14656	 -0.0093019	
21	8	 0.00093833	 0.00068913	     132.38	    0.73687	-9.7531e+92	-9.7531e+92	  0.0012706	 0.00019826	     0.0000	 -0.0020506	  0.0013954	 -0.0014625	
21	9	   0.012831	  0.0094236	     83.320	     2.0244	-9.7531e+92	-9.7531e+92	   0.010075	  0.0023465	     0.0000	-0.00077703	   0.018862	 -0.0028432	
21	10	 2.3701e-13	 1.7406e-13	     171.26	    0.31241	-9.7531e+92	-9.7531e+92	 3.6736e-05	 1.3858e-05	     0.0000	-0.00014214	 8.8280e-05	-4.3700e-05	
21	11	 4.9604e-05	 3.6431e-05	     128.65	    0.80225	-9.7531e+92	-9.7531e+92	 5.0277e-05	 2.3239e-05	     0.0000	-4.3318e-05	 0.00016016	-2.5778e-05	
21	12	 7.0690e-13	 5.1916e-13	     187.39	    0.22505	-9.7531e+92	-9.7531e+92	 4.3260e-05	 1.3569e-05	     0.0000	-0.00091238	 8.7686e-05	-0.00028558	
21	13	    0.14661	    0.10767	     76.619	     2.2311	-9.7531e+92	-9.7531e+92	   0.045070	   0.025389	     0.0000	   0.013098	    0.21225	   0.021983	
21	14	    0.19289	    0.14166	     101.18	     1.4647	-9.7531e+92	-9.7531e+92	   0.053561	   0.028638	     0.0000	   0.055466	    0.21984	   0.042393	
21	15	 0.00020638	 0.00015157	     175.65	    0.28523	-9.7531e+92	-9.7531e+92	   0.019341	 5.0124e-05	     0.0000	 -0.0044742	 0.00038492	  -0.054362	
21	16	 8.9508e-13	 6.5737e-13	     180.81	    0.25669	-9.7531e+92	-9.7531e+92	 0.00038112	 1.3665e-05	     0.0000	 -0.0064821	 8.7367e-05	 -0.0036278	
21	17	 1.4551e-12	 1.0686e-12	     326.31	   0.026229	-9.7531e+92	-9.7531e+92	 0.00015377	 1.3863e-05	     0.0000	 -0.0050465	 8.7261e-05	 -0.0018575	
21	18	    0.17944	    0.13179	     79.511	     2.1434	-9.7531e+92	-9.7531e+92	   0.048127	   0.030991	     0.0000	   0.059987	    0.25458	   0.046217	
21	19	 3.2298e-08	 2.3721e-08	     197.71	    0.18427	-9.7531e+92	-9.7531e+92	 9.2763e-05	 1.3484e-05	     0.0000	 -0.0020686	 8.9012e-05	-0.00089678	
21	20	 2.0698e-06	 1.5201e-06	     169.84	    0.32188	-9.7531e+92	-9.7531e+92	 0.00019578	 1.3911e-05	     0.0000	-0.00081994	 9.3291e-05	-0.00080719	
21	21	     0.0000	     0.0000	     0.0000	     3.0000	-9.7531e+92	-9.7531e+92	    0.37121	     0.0000	    0.36092	     0.0000	     0.0000	     0.0000	
21	22	 1.5333e-13	 1.1261e-13	     284.69	   0.044983	-9.7531e+92	-9.7531e+92	 0.00042073	 1.3585e-05	     0.0000	  -0.011166	 8.8534e-05	 -0.0056274	
21	23	  0.0019059	  0.0013997	     78.648	     2.1698	-9.7531e+92	-9.7531e+92	 0.00059992	 0.00036900	     0.0000	 6.9195e-05	  0.0029981	 0.00044439	
21	24	  0.0020403	  0.0014984	     85.071	     1.9688	-9.7531e+92	-9.7531e+92	  0.0082098	 0.00038180	     0.0000	  -0.020281	  0.0030830	  -0.010752	
22	0	 1.2155e-05	 7.3150e-06	     321.47	   0.027830	-9.7531e+92	-9.7531e+92	  0.0023110	 1.6942e-05	     0.0000	  -0.051619	 0.00011863	  -0.045204	
22	1	 5.8868e-08	 3.5429e-08	     312.59	   0.031097	-9.7531e+92	-9.7531e+92	  0.0025872	 1.3558e-05	     0.0000	   -0.11567	 8.6266e-05	  -0.043387	
22	2	    0.19645	    0.11823	     161.29	    0.38622	-9.7531e+92	-9.7531e+92	   0.047248	   0.035619	     0.0000	     0.0000	    0.22585	   0.087889	
22	3	    0.22236	    0.13382	     164.94	    0.35711	-9.7531e+92	-9.7531e+92	   0.056656	   0.034067	   0.013238	   0.015742	    0.20517	    0.14314	
22	4	    0.39944	    0.24039	     82.638	     2.0459	-9.7531e+92	-9.7531e+92	   0.077288	   0.027440	   0.040124	   0.019942	   -0.10148	   -0.10643	
22	5	   0.017728	   0.010669	     151.89	    0.47454	-9.7531e+92	-9.7531e+92	  0.0058890	  0.0037117	     0.0000	  -0.015085	   0.019828	 -0.0047652	
22	6	 6.9675e-06	 4.1933e-06	     216.08	    0.13159	-9.7531e+92	-9.7531e+92	  0.0022594	 1.5936e-05	     0.0000	-0.00076804	 8.0493e-05	  -0.025742	
22	7	 1.4065e-07	 8.4648e-08	     241.36	   0.085874	-9.7531e+92	-9.7531e+92	  0.0084582	 1.3953e-05	     0.0000	  -0.033917	 7.4766e-05	  -0.090135	
22	8	 0.00018814	 0.00011323	     168.70	    0.32968	-9.7531e+92	-9.7531e+92	 0.00062132	 5.7222e-05	     0.0000	 -0.0065011	 0.00026425	 -0.0031205	
22	9	 2.1041e-12	 1.2663e-12	     266.14	   0.058633	-9.7531e+92	-9.7531e+92	 0.00083028	 1.4681e-05	     0.0000	  -0.010329	 7.0410e-05	  -0.014940	
22	10	 4.7405e-12	 2.8530e-12	     176.66	    0.27933	-9.7531e+92	-9.7531e+92	 5.8752e-05	 1.4996e-05	     0.0000	-0.00036737	 6.8019e-05	-7.5326e-05	
22	11	 3.3377e-12	 2.0087e-12	     200.45	    0.17499	-9.7531e+92	-9.7531e+92	 3.0735e-05	 1.5151e-05	     0.0000	-0.00020626	 6.7000e-05	-8.1962e-05	
22	12	 0.00071016	 0.00042740	     131.16	    0.75767	-9.7531e+92	-9.7531e+92	  0.0015690	 0.00016523	  0.0011367	 0.00020716	 0.00084237	 4.3275e-05	
22	13	 0.00021731	 0.00013079	     260.15	   0.064098	-9.7531e+92	-9.7531e+92	   0.012660	 5.6284e-05	     0.0000	  -0.079837	 0.00039407	  -0.099262	
22	14	   0.015635	  0.0094094	     227.39	    0.10817	-9.7531e+92	-9.7531e+92	   0.017757	  0.0033281	     0.0000	   -0.20354	   0.022186	  -0.085454	
22	15	   0.023316	   0.014032	     163.21	    0.37056	-9.7531e+92	-9.7531e+92	   0.019805	  0.0041756	     0.0000	 -0.0093240	   0.027050	  -0.078104	
22	16	 0.00096791	 0.00058252	     106.73	     1.3057	-9.7531e+92	-9.7531e+92	  0.0045078	 0.00021402	     0.0000	  -0.014804	  0.0011419	 -0.0055144	
22	17	   0.031488	   0.018950	     106.10	     1.3231	-9.7531e+92	-9.7531e+92	  0.0068272	  0.0049361	  0.0042452	   0.026475	   0.053593	   0.030091	
22	18	  0.0041275	  0.0024841	     205.13	    0.16037	-9.7531e+92	-9.7531e+92	  0.0082309	 0.00085930	     0.0000	   -0.12207	  0.0052017	  -0.066493	
22	19	   0.058649	   0.035297	     93.933	     1.6868	-9.7531e+92	-9.7531e+92	  0.0099822	   0.011723	  0.0087205	    0.14888	   0.071432	   0.043367	
22	20	   0.028713	   0.017281	     116.48	     1.0560	-9.7531e+92	-9.7531e+92	  0.0053601	  0.0062163	  0.0042197	   0.031143	   0.031248	   0.020609	
22	21	 8.0134e-13	 4.8227e-13	     284.69	   0.044983	-9.7531e+92	-9.7531e+92	 0.00052569	 1.4906e-05	     0.0000	 -0.0051697	 7.0062e-05	  -0.010839	
22	22	     0.0000	     0.0000	     0.0000	     3.0000	-9.7531e+92	-9.7531e+92	    0.30889	     0.0000	    0.30120	     0.0000	     0.0000	     0.0000	
22	23	 3.7656e-12	 2.2663e-12	     209.07	    0.14920	-9.7531e+92	-9.7531e+92	 6.4211e-05	 1.5077e-05	     0.0000	-0.00040487	 6.7461e-05	-0.00067713	
22	24	 1.8269e-12	 1.0995e-12	     237.89	   0.090842	-9.7531e+92	-9.7531e+92	  0.0013533	 1.4254e-05	     0.0000	  -0.056791	 6.7676e-05	  -0.020180	
23	0	    0.20746	   0.084842	     119.13	    0.99543	-9.7531e+92	-9.7531e+92	   0.026851	  0.0039061	  0.0079215	   0.017590	   -0.12487	  -0.079400	
23	1	   0.024553	   0.010041	     132.72	    0.73117	-9.7531e+92	-9.7531e+92	  0.0085336	 0.00056702	     0.0000	 -0.0056340	  -0.014048	   0.011454	
23	2	  0.0033797	  0.0013821	     168.40	    0.33177	-9.7531e+92	-9.7531e+92	  0.0068587	 7.6280e-05	     0.0000	     0.0000	 -0.0020199	   0.049336	
23	3	 2.4201e-05	 9.8968e-06	     228.38	    0.10637	-9.7531e+92	-9.7531e+92	  0.0028500	 1.9923e-06	     0.0000	 -0.0042607	-5.0105e-05	   0.035756	
23	4	 6.2832e-06	 2.5695e-06	     212.30	    0.14074	-9.7531e+92	-9.7531e+92	  0.0022459	 1.5975e-06	     0.0000	  -0.014320	-4.3033e-05	   0.032320	
23	5	   0.031191	   0.012756	     65.633	     2.5304	-9.7531e+92	-9.7531e+92	  0.0055123	 0.00073355	     0.0000	  0.0018903	  -0.020229	 -0.0041911	
23	6	   0.092142	   0.037681	     73.330	     2.3271	-9.7531e+92	-9.7531e+92	   0.013604	  0.0021159	 0.00022927	 0.00014223	  -0.059532	  -0.033592	
23	7	   0.061742	   0.025249	     58.677	     2.6821	-9.7531e+92	-9.7531e+92	   0.022056	  0.0012942	     0.0000	 -0.0015480	  -0.039147	   0.027965	
23	8	   0.023918	  0.0097810	     54.810	     2.7517	-9.7531e+92	-9.7531e+92	  0.0029843	 0.00034983	  0.0012228	 0.00069240	 -0.0066910	 -0.0041793	
23	9	 0.00084739	 0.00034654	     121.73	    0.93874	-9.7531e+92	-9.7531e+92	  0.0044858	 2.0678e-05	     0.0000	-0.00098477	-0.00059526	   0.010467	
23	10	 5.9550e-05	 2.4353e-05	     95.614	     1.6342	-9.7531e+92	-9.7531e+92	 4.8166e-05	 2.8144e-06	     0.0000	-1.2206e-05	-7.5737e-05	 2.1678e-05	
23	11	  0.0039455	  0.0016135	     53.605	     2.7712	-9.7531e+92	-9.7531e+92	 0.00044384	 8.3829e-05	 0.00037229	 0.00050874	 -0.0019345	 -0.0016052	
23	12	 2.2330e-05	 9.1317e-06	     109.85	     1.2215	-9.7531e+92	-9.7531e+92	 4.2577e-05	 1.9700e-06	     0.0000	-0.00020356	-5.6013e-05	 0.00035623	
23	13	    0.22085	   0.090316	     113.01	     1.1402	-9.7531e+92	-9.7531e+92	   0.032592	  0.0047304	     0.0000	  0.0093171	   -0.12166	  -0.057764	
23	14	    0.17731	   0.072510	     114.84	     1.0952	-9.7531e+92	-9.7531e+92	   0.028643	  0.0037093	     0.0000	   0.015897	   -0.10201	  -0.035337	
23	15	  0.0022858	 0.00093477	     149.47	    0.50076	-9.7531e+92	-9.7531e+92	   0.015341	 5.0901e-05	     0.0000	 -0.0011569	 -0.0014921	   0.065056	
23	16	 1.1026e-07	 4.5091e-08	     136.77	    0.66684	-9.7531e+92	-9.7531e+92	 0.00019730	 1.5848e-06	     0.0000	 -0.0017058	-4.4853e-05	  0.0048327	
23	17	 3.9917e-13	 1.6324e-13	     284.58	   0.045056	-9.7531e+92	-9.7531e+92	 8.9931e-05	 1.5921e-06	     0.0000	 -0.0013280	-4.4496e-05	  0.0024405	
23	18	    0.12310	   0.050342	     36.898	     2.9454	-9.7531e+92	-9.7531e+92	   0.021785	  0.0023864	     0.0000	  0.0060339	  -0.076675	  -0.022423	
23	19	 0.00025725	 0.00010520	     121.29	    0.94810	-9.7531e+92	-9.7531e+92	 9.8709e-05	 7.2919e-06	     0.0000	-0.00044758	-0.00021003	  0.0010196	
23	20	  0.0017571	 0.00071854	     93.058	     1.7144	-9.7531e+92	-9.7531e+92	 0.00045265	 4.1614e-05	     0.0000	-7.3908e-06	 -0.0011751	 4.2590e-05	
23	21	   0.012944	  0.0052936	     78.648	     2.1698	-9.7531e+92	-9.7531e+92	  0.0034215	 0.00029098	     0.0000	-3.7244e-05	 -0.0083388	 0.00058470	
23	22	 7.5376e-13	 3.0825e-13	     209.07	    0.14920	-9.7531e+92	-9.7531e+92	 0.00024450	 1.5588e-06	     0.0000	 -0.0029378	-4.4070e-05	  0.0072955	
23	23	     0.0000	     0.0000	     0.0000	     3.0000	-9.7531e+92	-9.7531e+92	    0.20468	     0.0000	    0.20428	     0.0000	     0.0000	     0.0000	
23	24	   0.012199	  0.0049887	     40.708	     2.9198	-9.7531e+92	-9.7531e+92	  0.0048490	 0.00025617	     0.0000	 -0.0028840	 -0.0077848	  0.0081396	
24	0	    0.11312	   0.053464	     123.34	    0.90511	-9.7531e+92	-9.7531e+92	   0.020561	   0.034223	     0.0000	   0.088764	  -0.079977	   0.050221	
24	1	   0.030917	   0.014612	     142.19	    0.58963	-9.7531e+92	-9.7531e+92	   0.010916	   0.010469	     0.0000	  -0.047285	  -0.019757	  -0.010890	
24	2	 4.7499e-05	 2.2450e-05	     210.29	    0.14595	-9.7531e+92	-9.7531e+92	  0.0077327	 3.6103e-05	     0.0000	     0.0000	-9.3511e-05	  -0.062680	
24	3	 4.4807e-07	 2.1177e-07	     270.69	   0.054855	-9.7531e+92	-9.7531e+92	  0.0022529	 2.1775e-05	     0.0000	  -0.049864	-3.1837e-05	  -0.051885	
24	4	 1.2213e-07	 5.7722e-08	     253.16	   0.071301	-9.7531e+92	-9.7531e+92	  0.0018248	 2.1831e-05	     0.0000	   -0.16756	-4.9508e-05	  -0.038654	
24	5	  0.0060793	  0.0028733	     106.34	     1.3165	-9.7531e+92	-9.7531e+92	  0.0060288	  0.0021451	     0.0000	  -0.052651	 -0.0071804	 -0.0086214	
24	6	  0.0030066	  0.0014210	     108.13	     1.2674	-9.7531e+92	-9.7531e+92	  0.0087490	  0.0010305	     0.0000	-0.00083094	 -0.0034719	  -0.014390	
24	7	   0.038204	   0.018056	     84.614	     1.9834	-9.7531e+92	-9.7531e+92	   0.016320	   0.011310	     0.0000	  -0.026609	  -0.039856	  -0.037590	
24	8	   0.022177	   0.010481	     77.960	     2.1908	-9.7531e+92	-9.7531e+92	  0.0045164	  0.0068391	  0.0024807	   0.029806	  -0.018923	  0.0082120	
24	9	 3.7120e-05	 1.7544e-05	     149.07	    0.50520	-9.7531e+92	-9.7531e+92	  0.0033549	 3.4767e-05	     0.0000	  -0.012281	-0.00012168	 -0.0090168	
24	10	 6.4172e-05	 3.0329e-05	     102.71	     1.4197	-9.7531e+92	-9.7531e+92	 6.4515e-05	 4.3163e-05	     0.0000	-0.00015644	-0.00013249	-1.5632e-05	
24	11	 0.00074098	 0.00035021	     56.094	     2.7297	-9.7531e+92	-9.7531e+92	 0.00014776	 0.00023044	 6.5067e-05	 0.00073996	-0.00011480	 0.00057653	
24	12	 3.2295e-06	 1.5264e-06	     132.31	    0.73810	-9.7531e+92	-9.7531e+92	 4.4346e-05	 2.2190e-05	     0.0000	 -0.0027736	-6.9928e-05	-0.00028463	
24	13	   0.057369	   0.027114	     142.21	    0.58941	-9.7531e+92	-9.7531e+92	   0.017348	   0.017484	     0.0000	  -0.042233	  -0.037002	  -0.033601	
24	14	   0.050343	   0.023793	     150.00	    0.49487	-9.7531e+92	-9.7531e+92	   0.018372	   0.015315	     0.0000	   -0.15048	  -0.037899	  -0.039265	
24	15	 6.5386e-06	 3.0903e-06	     189.75	    0.21485	-9.7531e+92	-9.7531e+92	   0.010155	 2.3294e-05	     0.0000	  -0.013798	-7.8838e-05	  -0.062024	
24	16	 2.7360e-12	 1.2931e-12	     177.80	    0.27291	-9.7531e+92	-9.7531e+92	 0.00017665	 2.3310e-05	     0.0000	  -0.019957	-8.7000e-05	 -0.0035923	
24	17	 1.3145e-13	 6.2127e-14	     325.25	   0.026569	-9.7531e+92	-9.7531e+92	 7.7013e-05	 2.4036e-05	     0.0000	  -0.015537	-8.9604e-05	 -0.0018837	
24	18	    0.66558	    0.31457	     74.739	     2.2865	-9.7531e+92	-9.7531e+92	   0.089014	   0.093272	   0.050597	   0.011628	    -1.5339	   -0.25776	
24	19	 2.1562e-06	 1.0191e-06	     150.08	    0.49393	-9.7531e+92	-9.7531e+92	 7.7559e-05	 2.2074e-05	     0.0000	 -0.0063618	-7.3061e-05	-0.00092271	
24	20	 0.00017099	 8.0813e-05	     121.85	    0.93617	-9.7531e+92	-9.7531e+92	 0.00043500	 7.5538e-05	     0.0000	 -0.0020422	-0.00023508	-0.00075576	
24	21	   0.010044	  0.0047471	     85.071	     1.9688	-9.7531e+92	-9.7531e+92	  0.0030495	  0.0032461	     0.0000	 -0.0017307	  -0.010735	 -0.0018385	
24	22	 1.9559e-12	 9.2443e-13	     237.89	   0.090842	-9.7531e+92	-9.7531e+92	 0.00020358	 2.3405e-05	     0.0000	  -0.034377	-8.5502e-05	 -0.0058344	
24	23	  0.0020825	 0.00098425	     40.708	     2.9198	-9.7531e+92	-9.7531e+92	 0.00056220	 0.00071161	 0.00010943	 0.00064168	 -0.0022619	 0.00052769	
24	24	     0.0000	     0.0000	     0.0000	     3.0000	-9.7531e+92	-9.7531e+92	    0.25060	     0.0000	    0.23807	     0.0000	     0.0000	     0.0000	
