#source	Target	value	weight	distance	potential1	geneCorrelation	separation	influenceWeight	betweenness	influence'Weight	betweenness'	nbetweenness	nbetweenness'	
0	0	     0.0000	     0.0000	     0.0000	     3.0000	-9.7531e+92	-9.7531e+92	     3.2193	     0.0000	     2.6604	     0.0000	     0.0000	     0.0000	
0	1	    0.18887	     1.1573	     35.562	     2.9528	-9.7531e+92	-9.7531e+92	    0.41179	    0.15186	     0.0000	   0.082171	   -0.55838	   -0.26163	
0	2	  0.0028136	   0.017240	     211.35	    0.14318	-9.7531e+92	-9.7531e+92	   0.060276	  0.0032899	     0.0000	  -0.082582	 0.00073494	    0.14258	
0	3	 7.0517e-05	 0.00043209	     273.88	   0.052386	-9.7531e+92	-9.7531e+92	   0.013212	 0.00015806	     0.0000	  -0.054043	 9.9946e-05	   0.060416	
0	4	 6.0395e-07	 3.7007e-06	     281.58	   0.046977	-9.7531e+92	-9.7531e+92	  0.0099101	 7.8249e-05	     0.0000	  -0.073844	 1.1410e-05	   0.064019	
0	5	  0.0051322	   0.031447	     169.69	    0.32292	-9.7531e+92	-9.7531e+92	    0.24486	  0.0054645	     0.0000	  -0.034457	 -0.0025523	    0.35150	
0	6	    0.12293	    0.75326	     105.31	     1.3454	-9.7531e+92	-9.7531e+92	    0.29625	    0.14006	     0.0000	    0.12217	  -0.089127	   -0.15634	
0	7	   0.078703	    0.48225	     80.265	     2.1201	-9.7531e+92	-9.7531e+92	    0.20744	   0.095796	     0.0000	   0.091962	  -0.066062	   -0.10629	
0	8	 0.00011019	 0.00067521	     172.11	    0.30693	-9.7531e+92	-9.7531e+92	  0.0059243	 0.00011391	     0.0000	     0.0000	 0.00065788	     0.0000	
0	9	   0.079475	    0.48698	     86.890	     1.9108	-9.7531e+92	-9.7531e+92	    0.39248	   0.072879	     0.0000	-0.00096636	  -0.023902	    0.14566	
0	10	 2.7824e-13	 1.7049e-12	     210.64	    0.14503	-9.7531e+92	-9.7531e+92	 0.00024065	 8.1450e-05	     0.0000	-8.9479e-05	-5.8191e-05	 0.00018387	
0	11	 2.2222e-06	 1.3617e-05	     167.10	    0.34103	-9.7531e+92	-9.7531e+92	 0.00067355	 8.0513e-05	     0.0000	-0.00039849	-3.4541e-05	  0.0013197	
0	12	 1.8309e-14	 1.1219e-13	     226.76	    0.10933	-9.7531e+92	-9.7531e+92	 0.00030602	 8.2815e-05	     0.0000	-0.00019439	-7.0408e-05	 0.00038865	
0	13	   0.083135	    0.50941	     86.013	     1.9388	-9.7531e+92	-9.7531e+92	    0.23455	   0.082773	     0.0000	     0.0000	 -0.0097792	  -0.024394	
0	14	    0.10938	    0.67025	     114.85	     1.0949	-9.7531e+92	-9.7531e+92	    0.33848	   0.096098	     0.0000	-0.00091139	   -0.16480	   0.066462	
0	15	 0.00032475	  0.0019899	     189.51	    0.21584	-9.7531e+92	-9.7531e+92	   0.029086	 0.00041186	     0.0000	  -0.040405	-0.00014957	   0.098260	
0	16	 8.9925e-14	 5.5101e-13	     217.18	    0.12904	-9.7531e+92	-9.7531e+92	 0.00026811	 8.5422e-05	     0.0000	-0.00063374	-9.9836e-05	 0.00067515	
0	17	 1.6585e-13	 1.0162e-12	     353.56	   0.019078	-9.7531e+92	-9.7531e+92	  0.0010516	 8.5014e-05	     0.0000	  -0.019444	-9.8293e-05	   0.011735	
0	18	    0.19905	     1.2197	     116.29	     1.0606	-9.7531e+92	-9.7531e+92	    0.41585	    0.21042	     0.0000	    0.30764	  -0.078635	   -0.35091	
0	19	 1.4245e-14	 8.7283e-14	     234.49	   0.096052	-9.7531e+92	-9.7531e+92	  0.0013924	 8.2648e-05	     0.0000	 -0.0016042	-6.6666e-05	  0.0060146	
0	20	 8.4629e-14	 5.1856e-13	     206.61	    0.15606	-9.7531e+92	-9.7531e+92	  0.0015488	 7.9637e-05	     0.0000	-0.00019061	-5.5360e-05	  0.0047620	
0	21	    0.12521	    0.76724	     39.458	     2.9290	-9.7531e+92	-9.7531e+92	    0.23188	    0.13370	   0.061904	 0.00014049	  -0.035093	   -0.30368	
0	22	 1.7714e-14	 1.0854e-13	     321.47	   0.027830	-9.7531e+92	-9.7531e+92	 0.00074719	 8.5970e-05	     0.0000	  -0.011815	-8.8947e-05	  0.0077515	
0	23	  0.0033215	   0.020352	     119.13	    0.99543	-9.7531e+92	-9.7531e+92	  0.0066219	  0.0036607	 0.00030639	 9.4712e-05	 0.00039589	 -0.0074794	
0	24	  0.0014621	  0.0089587	     123.34	    0.90511	-9.7531e+92	-9.7531e+92	  0.0027320	  0.0015949	  0.0011372	 7.3849e-05	 0.00076356	 -0.0040331	
1	0	    0.21253	     1.1994	     35.562	     2.9528	-9.7531e+92	-9.7531e+92	    0.40424	    0.13062	     0.0000	 0.00040964	    0.56044	-0.00032778	
1	1	     0.0000	     0.0000	     0.0000	     3.0000	-9.7531e+92	-9.7531e+92	     2.9419	     0.0000	     2.4742	     0.0000	     0.0000	     0.0000	
1	2	  0.0071242	   0.040205	     184.62	    0.23778	-9.7531e+92	-9.7531e+92	   0.063269	  0.0067874	     0.0000	 -0.0010988	   0.049941	 0.00026108	
1	3	 0.00041499	  0.0023420	     244.14	   0.082134	-9.7531e+92	-9.7531e+92	   0.014229	 0.00046048	     0.0000	-0.00077457	  0.0034591	 0.00011039	
1	4	 3.5204e-06	 1.9868e-05	     272.02	   0.053810	-9.7531e+92	-9.7531e+92	   0.010442	 6.8875e-05	     0.0000	 -0.0010752	 0.00049762	 0.00013373	
1	5	  0.0038634	   0.021803	     161.91	    0.38106	-9.7531e+92	-9.7531e+92	    0.32523	  0.0034896	     0.0000	-0.00074433	   0.026304	 0.00080742	
1	6	   0.098517	    0.55598	     96.519	     1.6061	-9.7531e+92	-9.7531e+92	    0.24336	   0.094039	     0.0000	 0.00092051	    0.65162	-0.00019092	
1	7	    0.28065	     1.5839	     75.481	     2.2648	-9.7531e+92	-9.7531e+92	    0.44656	    0.28945	    0.19504	  0.0092644	     1.8184	 -0.0017601	
1	8	 3.8833e-06	 2.1915e-05	     184.58	    0.23797	-9.7531e+92	-9.7531e+92	  0.0073445	 6.2920e-05	     0.0000	-0.00024358	 0.00047557	 4.1557e-05	
1	9	   0.060443	    0.34111	     55.376	     2.7421	-9.7531e+92	-9.7531e+92	    0.25760	   0.043344	     0.0000	     0.0000	    0.43078	     0.0000	
1	10	 1.8703e-13	 1.0555e-12	     228.04	    0.10699	-9.7531e+92	-9.7531e+92	 0.00023083	 6.9996e-05	     0.0000	-1.8536e-06	 0.00042232	 4.5857e-07	
1	11	 6.3016e-13	 3.5563e-12	     185.20	    0.23505	-9.7531e+92	-9.7531e+92	 0.00074772	 6.7718e-05	     0.0000	-6.1785e-06	 0.00043096	 3.2972e-06	
1	12	 2.8940e-13	 1.6332e-12	     231.78	    0.10046	-9.7531e+92	-9.7531e+92	 0.00031899	 7.0475e-05	     0.0000	-3.4100e-06	 0.00041835	 9.6866e-07	
1	13	   0.059814	    0.33756	     57.043	     2.7128	-9.7531e+92	-9.7531e+92	    0.17884	   0.048006	     0.0000	     0.0000	    0.35416	 5.7788e-05	
1	14	    0.12808	    0.72281	     88.839	     1.8485	-9.7531e+92	-9.7531e+92	    0.35020	   0.097866	     0.0000	-3.3501e-06	    0.72867	 2.7777e-05	
1	15	 0.00049664	  0.0028028	     167.83	    0.33581	-9.7531e+92	-9.7531e+92	   0.029956	 0.00053526	     0.0000	-0.00058524	  0.0037387	 0.00022865	
1	16	 2.9879e-14	 1.6862e-13	     207.46	    0.15366	-9.7531e+92	-9.7531e+92	 0.00025587	 7.1761e-05	     0.0000	-9.2288e-06	 0.00040698	 1.6976e-06	
1	17	 7.4647e-14	 4.2127e-13	     342.57	   0.021626	-9.7531e+92	-9.7531e+92	  0.0010827	 7.1243e-05	     0.0000	-0.00028315	 0.00040644	 2.9052e-05	
1	18	   0.074883	    0.42260	     111.77	     1.1715	-9.7531e+92	-9.7531e+92	    0.21597	   0.063304	     0.0000	     0.0000	    0.48128	 2.4560e-05	
1	19	 1.4917e-13	 8.4183e-13	     226.57	    0.10968	-9.7531e+92	-9.7531e+92	  0.0017058	 7.0124e-05	     0.0000	-2.4110e-05	 0.00042309	 1.4729e-05	
1	20	 1.7152e-08	 9.6800e-08	     199.20	    0.17914	-9.7531e+92	-9.7531e+92	  0.0019227	 6.8023e-05	     0.0000	-5.5275e-06	 0.00042987	 1.1677e-05	
1	21	   0.072120	    0.40701	     57.297	     2.7081	-9.7531e+92	-9.7531e+92	    0.14296	   0.063023	     0.0000	 9.3171e-07	    0.51841	-0.00033111	
1	22	 1.6400e-13	 9.2556e-13	     312.59	   0.031097	-9.7531e+92	-9.7531e+92	 0.00076079	 7.2157e-05	     0.0000	-0.00017205	 0.00041167	 1.9018e-05	
1	23	  0.0010112	  0.0057066	     132.72	    0.73117	-9.7531e+92	-9.7531e+92	  0.0031524	  0.0010436	     0.0000	 1.4811e-07	  0.0072572	-3.5767e-07	
1	24	 4.7413e-05	 0.00026758	     142.19	    0.58963	-9.7531e+92	-9.7531e+92	 0.00065973	 0.00010262	     0.0000	-1.4287e-07	 0.00085987	 1.1569e-06	
2	0	   0.012548	   0.035030	     211.35	    0.14318	-9.7531e+92	-9.7531e+92	   0.061390	   0.011038	     0.0000	  -0.036068	   0.025556	 -0.0088981	
2	1	   0.025956	   0.072460	     184.62	    0.23778	-9.7531e+92	-9.7531e+92	   0.060700	   0.022827	     0.0000	  -0.087244	   0.042721	 -0.0037263	
2	2	     0.0000	     0.0000	     0.0000	     3.0000	-9.7531e+92	-9.7531e+92	     1.4570	     0.0000	     1.3099	     0.0000	     0.0000	     0.0000	
2	3	    0.14929	    0.41678	     63.167	     2.5880	-9.7531e+92	-9.7531e+92	    0.13525	   0.090355	   0.074045	    0.15198	   -0.31870	   -0.13913	
2	4	    0.16779	    0.46842	     91.235	     1.7721	-9.7531e+92	-9.7531e+92	    0.15079	    0.10525	   0.089259	    0.36786	   -0.18097	  -0.096151	
2	5	   0.079786	    0.22274	     120.45	    0.96633	-9.7531e+92	-9.7531e+92	    0.10108	   0.062913	     0.0000	  -0.035590	  -0.024634	   0.014114	
2	6	   0.012460	   0.034785	     118.53	     1.0087	-9.7531e+92	-9.7531e+92	   0.042491	   0.010973	     0.0000	   -0.28540	 -0.0068245	   0.023098	
2	7	 0.00047783	  0.0013339	     153.12	    0.46179	-9.7531e+92	-9.7531e+92	   0.019639	 0.00050495	     0.0000	   -0.23453	-0.00033562	   0.017783	
2	8	 2.1818e-06	 6.0908e-06	     174.51	    0.29198	-9.7531e+92	-9.7531e+92	  0.0023330	 6.7187e-05	     0.0000	  -0.033019	-6.7830e-05	  0.0023315	
2	9	  0.0042058	   0.011741	     133.64	    0.71608	-9.7531e+92	-9.7531e+92	    0.12514	  0.0035949	     0.0000	 -0.0049298	 -0.0018564	   0.045272	
2	10	 1.0115e-13	 2.8237e-13	     213.20	    0.13850	-9.7531e+92	-9.7531e+92	 0.00010969	 6.4869e-05	     0.0000	-0.00025119	-6.3820e-05	 2.6369e-05	
2	11	 8.5458e-13	 2.3857e-12	     197.83	    0.18388	-9.7531e+92	-9.7531e+92	 0.00026563	 6.4370e-05	     0.0000	-0.00083729	-6.3512e-05	 0.00018863	
2	12	 1.1522e-12	 3.2167e-12	     181.48	    0.25322	-9.7531e+92	-9.7531e+92	 0.00014735	 6.3950e-05	     0.0000	-0.00046211	-5.4281e-05	 5.5645e-05	
2	13	   0.099730	    0.27842	     127.66	    0.82064	-9.7531e+92	-9.7531e+92	    0.11617	   0.075725	     0.0000	     0.0000	  -0.060420	 -0.0010805	
2	14	   0.096753	    0.27010	     97.273	     1.5829	-9.7531e+92	-9.7531e+92	    0.15670	   0.068203	     0.0000	 -0.0027072	   -0.10580	  0.0026869	
2	15	    0.12932	    0.36103	     21.827	     2.9932	-9.7531e+92	-9.7531e+92	    0.12897	    0.10017	   0.038847	    0.13658	  -0.010642	  -0.036397	
2	16	 0.00052463	  0.0014646	     68.097	     2.4691	-9.7531e+92	-9.7531e+92	  0.0010572	 0.00046152	 0.00028399	 0.00091344	 0.00079599	 0.00014030	
2	17	 2.9570e-06	 8.2551e-06	     160.64	    0.39167	-9.7531e+92	-9.7531e+92	   0.012578	 5.1689e-05	  0.0020919	  -0.020254	 5.8372e-05	-0.00025522	
2	18	    0.22063	    0.61593	     137.27	    0.65930	-9.7531e+92	-9.7531e+92	    0.19554	    0.20203	     0.0000	    0.71614	  0.0046836	  -0.037109	
2	19	 0.00037676	  0.0010518	     139.30	    0.62950	-9.7531e+92	-9.7531e+92	  0.0025500	 0.00038292	     0.0000	 -0.0023501	 3.2718e-05	 0.00066177	
2	20	 0.00010781	 0.00030098	     139.77	    0.62284	-9.7531e+92	-9.7531e+92	 0.00098537	 0.00015542	     0.0000	-0.00069552	-4.2510e-05	 0.00060839	
2	21	 9.2819e-07	 2.5912e-06	     197.19	    0.18609	-9.7531e+92	-9.7531e+92	   0.011601	 6.4022e-05	     0.0000	-7.8825e-05	-4.9710e-05	   0.011183	
2	22	 3.2480e-05	 9.0674e-05	     161.29	    0.38622	-9.7531e+92	-9.7531e+92	  0.0082203	 7.8050e-05	  0.0011946	  -0.015411	 5.0856e-05	 0.00043943	
2	23	 7.4469e-08	 2.0789e-07	     168.40	    0.33177	-9.7531e+92	-9.7531e+92	 0.00051300	 6.3608e-05	     0.0000	-0.00042581	-6.0111e-05	 0.00043162	
2	24	 2.1073e-13	 5.8829e-13	     210.29	    0.14595	-9.7531e+92	-9.7531e+92	 0.00016073	 6.4663e-05	     0.0000	-2.5627e-05	-6.7627e-05	 8.7472e-05	
3	0	  0.0013751	  0.0047261	     273.88	   0.052386	-9.7531e+92	-9.7531e+92	   0.068483	 0.00059945	     0.0000	  -0.066717	 -0.0016741	   0.097475	
3	1	   0.023621	   0.081185	     244.14	   0.082134	-9.7531e+92	-9.7531e+92	   0.066689	  0.0098877	     0.0000	   -0.14712	  -0.032489	   0.070048	
3	2	    0.21290	    0.73171	     63.167	     2.5880	-9.7531e+92	-9.7531e+92	    0.25777	   0.058891	   0.076587	    0.21683	   -0.77490	   -0.39691	
3	3	     0.0000	     0.0000	     0.0000	     3.0000	-9.7531e+92	-9.7531e+92	     1.7822	     0.0000	     1.7069	     0.0000	     0.0000	     0.0000	
3	4	    0.19559	    0.67223	     82.606	     2.0469	-9.7531e+92	-9.7531e+92	    0.22523	   0.048190	    0.14947	    0.67683	   -0.69650	   -0.43756	
3	5	   0.024202	   0.083181	     167.87	    0.33554	-9.7531e+92	-9.7531e+92	   0.080138	  0.0093424	     0.0000	   -0.13507	  -0.068367	    0.19476	
3	6	  0.0013708	  0.0047113	     180.81	    0.25667	-9.7531e+92	-9.7531e+92	   0.039574	 0.00059201	     0.0000	   -0.54796	 -0.0042798	    0.14900	
3	7	 2.0656e-06	 7.0994e-06	     215.68	    0.13250	-9.7531e+92	-9.7531e+92	   0.022352	 2.9893e-05	     0.0000	   -0.38402	-0.00020888	   0.095175	
3	8	 1.2755e-12	 4.3839e-12	     221.29	    0.12010	-9.7531e+92	-9.7531e+92	  0.0019189	 3.0004e-05	     0.0000	  -0.053511	-0.00021356	   0.011810	
3	9	  0.0014740	  0.0050660	     191.41	    0.20802	-9.7531e+92	-9.7531e+92	   0.096212	 0.00062137	     0.0000	 -0.0081638	 -0.0045018	    0.25913	
3	10	 3.2922e-13	 1.1315e-12	     258.79	   0.065432	-9.7531e+92	-9.7531e+92	 0.00013001	 2.9899e-05	     0.0000	-0.00040692	-0.00021642	 0.00012945	
3	11	 2.5097e-14	 8.6256e-14	     244.71	   0.081388	-9.7531e+92	-9.7531e+92	 0.00025297	 2.9816e-05	     0.0000	 -0.0013564	-0.00021581	 0.00093196	
3	12	 1.2846e-12	 4.4152e-12	     227.10	    0.10870	-9.7531e+92	-9.7531e+92	 0.00016638	 2.9596e-05	     0.0000	-0.00074859	-0.00021359	 0.00027351	
3	13	   0.099551	    0.34215	     188.65	    0.21955	-9.7531e+92	-9.7531e+92	    0.14439	   0.040141	     0.0000	     0.0000	   -0.19133	  -0.036003	
3	14	    0.15678	    0.53883	     161.01	    0.38854	-9.7531e+92	-9.7531e+92	    0.23919	   0.056328	     0.0000	  0.0022566	   -0.39349	  -0.032672	
3	15	    0.22375	    0.76901	     84.108	     1.9994	-9.7531e+92	-9.7531e+92	    0.24460	   0.072899	    0.13365	    0.19077	   -0.53787	   -0.33492	
3	16	 0.00032893	  0.0011305	     111.94	     1.1671	-9.7531e+92	-9.7531e+92	  0.0013231	 0.00014426	 0.00037112	 0.00062588	-0.00074871	-0.00018144	
3	17	   0.011963	   0.041117	     122.41	    0.92444	-9.7531e+92	-9.7531e+92	   0.028197	  0.0035427	   0.015287	   0.059861	  -0.012552	 -0.0051084	
3	18	   0.046939	    0.16133	     199.21	    0.17912	-9.7531e+92	-9.7531e+92	    0.10826	   0.020131	     0.0000	   -0.26135	   -0.11946	   0.058985	
3	19	 4.6685e-05	 0.00016045	     184.07	    0.24039	-9.7531e+92	-9.7531e+92	  0.0031882	 4.7048e-05	     0.0000	 -0.0046163	-0.00032647	  0.0040819	
3	20	 7.6643e-06	 2.6342e-05	     185.64	    0.23299	-9.7531e+92	-9.7531e+92	 0.00097751	 3.1872e-05	     0.0000	 -0.0012073	-0.00022546	  0.0032991	
3	21	 2.4922e-13	 8.5654e-13	     259.71	   0.064522	-9.7531e+92	-9.7531e+92	   0.012107	 2.9356e-05	     0.0000	-0.00012770	-0.00020482	   0.059196	
3	22	 0.00010422	 0.00035821	     164.94	    0.35711	-9.7531e+92	-9.7531e+92	   0.012463	 5.7355e-05	  0.0038131	  -0.021627	-0.00031621	  0.0032555	
3	23	 1.6889e-13	 5.8048e-13	     228.38	    0.10637	-9.7531e+92	-9.7531e+92	 0.00057315	 2.9635e-05	     0.0000	-0.00068984	-0.00021424	  0.0021479	
3	24	 2.4428e-14	 8.3958e-14	     270.69	   0.054855	-9.7531e+92	-9.7531e+92	 0.00018513	 2.9992e-05	     0.0000	-4.1514e-05	-0.00021713	 0.00043295	
4	0	  0.0010059	  0.0024158	     281.58	   0.046977	-9.7531e+92	-9.7531e+92	   0.036222	 0.00058833	     0.0000	   -0.11282	 -0.0064164	    0.49668	
4	1	  0.0010324	  0.0024794	     272.02	   0.053810	-9.7531e+92	-9.7531e+92	   0.026998	 0.00060651	     0.0000	   -0.34210	 -0.0069253	    0.46773	
4	2	    0.20442	    0.49093	     91.235	     1.7721	-9.7531e+92	-9.7531e+92	    0.18268	   0.076273	   0.056073	    0.39935	    -1.9239	    -1.1815	
4	3	    0.16205	    0.38919	     82.606	     2.0469	-9.7531e+92	-9.7531e+92	    0.14461	   0.050315	   0.091963	    0.57403	    -1.6706	    -1.1894	
4	4	     0.0000	     0.0000	     0.0000	     3.0000	-9.7531e+92	-9.7531e+92	     1.2841	     0.0000	     1.2312	     0.0000	     0.0000	     0.0000	
4	5	   0.069162	    0.16610	     147.08	    0.52816	-9.7531e+92	-9.7531e+92	   0.079939	   0.035595	     0.0000	   -0.12198	   -0.60888	    0.39026	
4	6	 0.00011315	 0.00027175	     179.35	    0.26441	-9.7531e+92	-9.7531e+92	   0.023347	 9.7529e-05	     0.0000	   -0.93916	 -0.0016326	    0.55615	
4	7	 1.0667e-05	 2.5619e-05	     209.16	    0.14897	-9.7531e+92	-9.7531e+92	   0.010403	 4.4223e-05	     0.0000	   -0.64660	-0.00071072	    0.34660	
4	8	 2.2537e-06	 5.4125e-06	     186.41	    0.22946	-9.7531e+92	-9.7531e+92	  0.0019833	 4.0470e-05	     0.0000	  -0.090079	-0.00064923	   0.042501	
4	9	 1.8720e-05	 4.4957e-05	     223.28	    0.11603	-9.7531e+92	-9.7531e+92	   0.042965	 4.5352e-05	     0.0000	  -0.013908	-0.00076706	    0.96796	
4	10	 3.0125e-12	 7.2349e-12	     204.61	    0.16194	-9.7531e+92	-9.7531e+92	 0.00011156	 3.8872e-05	     0.0000	-0.00068329	-0.00063248	 0.00046215	
4	11	 1.8220e-13	 4.3757e-13	     218.09	    0.12699	-9.7531e+92	-9.7531e+92	 0.00021699	 3.8987e-05	     0.0000	 -0.0022842	-0.00063401	  0.0033329	
4	12	 1.0689e-06	 2.5670e-06	     165.11	    0.35583	-9.7531e+92	-9.7531e+92	 0.00020760	 3.8671e-05	     0.0000	 -0.0012434	-0.00062729	 0.00096819	
4	13	  0.0076570	   0.018389	     217.30	    0.12878	-9.7531e+92	-9.7531e+92	   0.044607	  0.0041183	     0.0000	     0.0000	  -0.055188	    0.40901	
4	14	    0.13842	    0.33244	     184.55	    0.23808	-9.7531e+92	-9.7531e+92	    0.15380	   0.068960	     0.0000	 0.00073065	    -1.0449	  -0.025479	
4	15	    0.12679	    0.30451	     106.18	     1.3210	-9.7531e+92	-9.7531e+92	    0.11976	   0.055665	   0.042230	    0.18690	    -1.0684	   -0.69066	
4	16	  0.0069760	   0.016754	     75.439	     2.2661	-9.7531e+92	-9.7531e+92	  0.0046789	  0.0029938	  0.0040137	   0.035833	  -0.044363	  -0.037068	
4	17	    0.15453	    0.37113	     73.525	     2.3215	-9.7531e+92	-9.7531e+92	    0.10036	   0.044885	   0.091344	    0.90246	   -0.68960	   -0.53896	
4	18	   0.011239	   0.026992	     186.18	    0.23049	-9.7531e+92	-9.7531e+92	   0.051327	  0.0063313	     0.0000	   -0.93216	  -0.094048	    0.48380	
4	19	   0.010351	   0.024859	     119.82	    0.98008	-9.7531e+92	-9.7531e+92	   0.015204	  0.0054004	   0.010474	   0.028009	  -0.089137	  -0.064374	
4	20	  0.0016316	  0.0039185	     135.08	    0.69295	-9.7531e+92	-9.7531e+92	  0.0025582	 0.00095094	     0.0000	 0.00016647	  -0.015576	-0.00097732	
4	21	 2.3822e-12	 5.7212e-12	     253.96	   0.070430	-9.7531e+92	-9.7531e+92	  0.0058810	 3.8396e-05	     0.0000	-0.00021505	-0.00061457	    0.21560	
4	22	    0.10458	    0.25116	     82.638	     2.0459	-9.7531e+92	-9.7531e+92	   0.068896	   0.037217	   0.062852	     1.0000	   -0.63302	   -0.52325	
4	23	 1.3289e-12	 3.1914e-12	     212.30	    0.14074	-9.7531e+92	-9.7531e+92	 0.00036627	 3.8856e-05	     0.0000	 -0.0011618	-0.00063182	  0.0076964	
4	24	 1.2518e-12	 3.0063e-12	     253.16	   0.071301	-9.7531e+92	-9.7531e+92	 0.00011727	 3.9143e-05	     0.0000	-6.9913e-05	-0.00063474	  0.0015491	
5	0	   0.013906	   0.021015	     169.69	    0.32292	-9.7531e+92	-9.7531e+92	   0.047287	   0.016910	     0.0000	  -0.051452	   -0.15494	    0.23290	
5	1	   0.030969	   0.046800	     161.91	    0.38106	-9.7531e+92	-9.7531e+92	   0.039812	   0.034423	     0.0000	  -0.059924	   -0.40443	    0.16211	
5	2	   0.060999	   0.092183	     120.45	    0.96633	-9.7531e+92	-9.7531e+92	   0.047063	   0.083264	     0.0000	   0.039136	   -0.79121	  -0.031116	
5	3	  0.0072632	   0.010976	     167.87	    0.33554	-9.7531e+92	-9.7531e+92	   0.011636	   0.010454	     0.0000	   -0.10379	  -0.087895	   0.052971	
5	4	  0.0026353	  0.0039825	     147.08	    0.52816	-9.7531e+92	-9.7531e+92	  0.0086254	  0.0036660	     0.0000	   -0.18621	  -0.035598	   0.074713	
5	5	     0.0000	     0.0000	     0.0000	     3.0000	-9.7531e+92	-9.7531e+92	    0.81703	     0.0000	    0.63411	     0.0000	     0.0000	     0.0000	
5	6	    0.19537	    0.29524	     72.218	     2.3585	-9.7531e+92	-9.7531e+92	   0.098474	    0.13057	     0.0000	     0.0000	    -2.1560	   -0.29860	
5	7	  0.0041442	  0.0062627	     89.752	     1.8194	-9.7531e+92	-9.7531e+92	   0.015564	  0.0029888	     0.0000	     0.0000	  -0.042431	   0.070907	
5	8	   0.042442	   0.064139	     54.235	     2.7611	-9.7531e+92	-9.7531e+92	   0.017549	   0.061495	  0.0093420	    0.33078	   -0.62077	   -0.15841	
5	9	  0.0021507	  0.0032502	     134.70	    0.69890	-9.7531e+92	-9.7531e+92	   0.047676	  0.0029366	     0.0000	 -0.0072757	  -0.031296	    0.51455	
5	10	 4.9657e-05	 7.5042e-05	     93.726	     1.6933	-9.7531e+92	-9.7531e+92	 0.00014691	 0.00014940	     0.0000	-5.0584e-05	 -0.0014540	 3.4612e-05	
5	11	  0.0030815	  0.0046568	     77.490	     2.2050	-9.7531e+92	-9.7531e+92	  0.0013408	  0.0041149	 0.00061102	  0.0077674	  -0.040641	  -0.011500	
5	12	 0.00064840	 0.00097987	     80.590	     2.1100	-9.7531e+92	-9.7531e+92	 0.00036172	 0.00091129	 7.7050e-05	  0.0028966	 -0.0088795	 -0.0022771	
5	13	   0.061126	   0.092374	     125.66	    0.85869	-9.7531e+92	-9.7531e+92	   0.048676	   0.080282	     0.0000	     0.0000	   -0.70934	   0.042714	
5	14	    0.48585	    0.73422	     108.09	     1.2686	-9.7531e+92	-9.7531e+92	    0.21980	    0.57578	   0.016957	   0.036697	    -6.2122	    -1.2073	
5	15	   0.013781	   0.020825	     104.94	     1.3557	-9.7531e+92	-9.7531e+92	   0.022646	   0.020060	     0.0000	  -0.066992	   -0.19703	   0.076493	
5	16	 1.5855e-05	 2.3960e-05	     71.546	     2.3771	-9.7531e+92	-9.7531e+92	 0.00010976	 0.00011991	     0.0000	 -0.0016788	 -0.0011694	 0.00084814	
5	17	 1.2208e-13	 1.8449e-13	     219.60	    0.12368	-9.7531e+92	-9.7531e+92	 0.00078808	 0.00010267	     0.0000	  -0.055698	 -0.0010135	   0.015906	
5	18	   0.056430	   0.085278	     53.346	     2.7752	-9.7531e+92	-9.7531e+92	   0.049375	   0.082956	     0.0000	   -0.16458	   -0.73511	   0.086974	
5	19	  0.0078802	   0.011909	     64.874	     2.5486	-9.7531e+92	-9.7531e+92	  0.0035194	  0.0098018	 0.00054273	   0.014862	  -0.099621	  -0.025510	
5	20	  0.0093665	   0.014155	     39.691	     2.9273	-9.7531e+92	-9.7531e+92	  0.0041784	   0.012706	  0.0018024	  0.0056657	   -0.12720	  -0.033590	
5	21	 0.00022933	 0.00034657	     132.91	    0.72808	-9.7531e+92	-9.7531e+92	  0.0076984	 0.00041513	     0.0000	-0.00011348	 -0.0042027	    0.11553	
5	22	 4.0805e-07	 6.1664e-07	     151.89	    0.47454	-9.7531e+92	-9.7531e+92	 0.00053041	 0.00010058	     0.0000	  -0.033839	-0.00097934	   0.010492	
5	23	  0.0016434	  0.0024836	     65.633	     2.5304	-9.7531e+92	-9.7531e+92	  0.0010499	  0.0024295	     0.0000	 0.00043385	  -0.024213	 -0.0029167	
5	24	 1.9507e-05	 2.9479e-05	     106.34	     1.3165	-9.7531e+92	-9.7531e+92	 0.00011214	 0.00012253	     0.0000	-3.3457e-05	 -0.0012262	 0.00075224	
6	0	   0.032916	   0.034765	     105.31	     1.3454	-9.7531e+92	-9.7531e+92	   0.026813	   0.022078	     0.0000	     0.0000	    0.12256	     0.0000	
6	1	   0.032923	   0.034773	     96.519	     1.6061	-9.7531e+92	-9.7531e+92	   0.024160	   0.023579	     0.0000	     0.0000	    0.14726	     0.0000	
6	2	  0.0024203	  0.0025563	     118.53	     1.0087	-9.7531e+92	-9.7531e+92	   0.016510	  0.0023219	     0.0000	     0.0000	   0.015761	     0.0000	
6	3	 0.00014486	 0.00015300	     180.81	    0.25667	-9.7531e+92	-9.7531e+92	  0.0040027	 0.00020139	     0.0000	     0.0000	  0.0014080	     0.0000	
6	4	 1.7875e-05	 1.8879e-05	     179.35	    0.26441	-9.7531e+92	-9.7531e+92	  0.0029871	 8.0049e-05	     0.0000	     0.0000	 0.00053527	     0.0000	
6	5	    0.83377	    0.88062	     72.218	     2.3585	-9.7531e+92	-9.7531e+92	    0.24148	    0.61118	    0.11364	     0.0000	     5.2469	     0.0000	
6	6	     0.0000	     0.0000	     0.0000	     3.0000	-9.7531e+92	-9.7531e+92	    0.56015	     0.0000	    0.48380	     0.0000	     0.0000	     0.0000	
6	7	  0.0012152	  0.0012835	     34.871	     2.9563	-9.7531e+92	-9.7531e+92	  0.0079027	  0.0011807	     0.0000	     0.0000	  0.0079343	     0.0000	
6	8	 5.9250e-05	 6.2579e-05	     109.28	     1.2365	-9.7531e+92	-9.7531e+92	  0.0052311	 0.00011312	     0.0000	     0.0000	 0.00075958	     0.0000	
6	9	  0.0027286	  0.0028819	     62.827	     2.5956	-9.7531e+92	-9.7531e+92	   0.022611	  0.0023112	     0.0000	     0.0000	   0.017027	     0.0000	
6	10	 4.2505e-09	 4.4893e-09	     153.37	    0.45919	-9.7531e+92	-9.7531e+92	 6.4193e-05	 6.6985e-05	     0.0000	     0.0000	 0.00038656	     0.0000	
6	11	 9.5065e-07	 1.0041e-06	     117.04	     1.0431	-9.7531e+92	-9.7531e+92	 0.00041851	 6.6526e-05	     0.0000	     0.0000	 0.00039717	     0.0000	
6	12	 5.8625e-09	 6.1919e-09	     152.49	    0.46823	-9.7531e+92	-9.7531e+92	 0.00012800	 6.6966e-05	     0.0000	     0.0000	 0.00038863	     0.0000	
6	13	   0.035309	   0.037292	     53.773	     2.7685	-9.7531e+92	-9.7531e+92	   0.026468	   0.027000	     0.0000	     0.0000	    0.17681	     0.0000	
6	14	   0.038520	   0.040684	     41.508	     2.9135	-9.7531e+92	-9.7531e+92	   0.078584	   0.029310	     0.0000	     0.0000	    0.20648	     0.0000	
6	15	 0.00082629	 0.00087271	     96.746	     1.5991	-9.7531e+92	-9.7531e+92	  0.0079985	 0.00083946	     0.0000	     0.0000	  0.0052918	     0.0000	
6	16	 7.7521e-08	 8.1877e-08	     111.89	     1.1685	-9.7531e+92	-9.7531e+92	 5.5475e-05	 6.8346e-05	     0.0000	     0.0000	 0.00037717	     0.0000	
6	17	 7.2729e-13	 7.6815e-13	     251.72	   0.072906	-9.7531e+92	-9.7531e+92	 0.00029061	 6.8701e-05	     0.0000	     0.0000	 0.00036269	     0.0000	
6	18	   0.018684	   0.019733	     36.723	     2.9464	-9.7531e+92	-9.7531e+92	   0.023164	   0.017399	     0.0000	     0.0000	    0.11635	     0.0000	
6	19	 1.4174e-06	 1.4970e-06	     133.74	    0.71443	-9.7531e+92	-9.7531e+92	  0.0010717	 6.7434e-05	     0.0000	     0.0000	 0.00040267	     0.0000	
6	20	 1.5221e-05	 1.6076e-05	     111.59	     1.1762	-9.7531e+92	-9.7531e+92	  0.0012659	 7.9516e-05	     0.0000	     0.0000	 0.00049045	     0.0000	
6	21	 0.00031304	 0.00033063	     78.899	     2.1621	-9.7531e+92	-9.7531e+92	  0.0040449	 0.00031544	     0.0000	     0.0000	  0.0025716	     0.0000	
6	22	 5.2554e-13	 5.5507e-13	     216.08	    0.13159	-9.7531e+92	-9.7531e+92	 0.00020114	 6.9138e-05	     0.0000	     0.0000	 0.00037066	     0.0000	
6	23	 0.00013225	 0.00013968	     73.330	     2.3271	-9.7531e+92	-9.7531e+92	 0.00040982	 0.00018860	     0.0000	     0.0000	  0.0012072	     0.0000	
6	24	 2.8333e-06	 2.9925e-06	     108.13	     1.2674	-9.7531e+92	-9.7531e+92	 6.5921e-05	 6.6111e-05	     0.0000	     0.0000	 0.00041406	     0.0000	
7	0	   0.029078	   0.025525	     80.265	     2.1201	-9.7531e+92	-9.7531e+92	   0.020958	   0.016029	     0.0000	  -0.036837	    0.22645	   -0.20141	
7	1	  0.0087912	  0.0077171	     75.481	     2.2648	-9.7531e+92	-9.7531e+92	   0.014625	  0.0032007	     0.0000	     0.0000	   0.033373	     0.0000	
7	2	 0.00016778	 0.00014728	     153.12	    0.46179	-9.7531e+92	-9.7531e+92	   0.013593	 0.00017918	     0.0000	   -0.22182	  0.0023275	   -0.16410	
7	3	 5.7641e-06	 5.0598e-06	     215.68	    0.13250	-9.7531e+92	-9.7531e+92	  0.0033533	 5.5916e-05	     0.0000	   -0.13826	 0.00073057	  -0.068809	
7	4	 9.9928e-07	 8.7719e-07	     209.16	    0.14897	-9.7531e+92	-9.7531e+92	  0.0024911	 5.2080e-05	     0.0000	   -0.18836	 0.00067017	  -0.068409	
7	5	    0.88337	    0.77544	     89.752	     1.8194	-9.7531e+92	-9.7531e+92	    0.21164	    0.63181	    0.10539	    0.84707	     8.5610	     2.3455	
7	6	  0.0018690	  0.0016407	     34.871	     2.9563	-9.7531e+92	-9.7531e+92	   0.027772	  0.0014660	     0.0000	   -0.43415	   0.018563	   -0.21576	
7	7	     0.0000	     0.0000	     0.0000	     3.0000	-9.7531e+92	-9.7531e+92	    0.44438	     0.0000	    0.40526	     0.0000	     0.0000	     0.0000	
7	8	 4.5687e-05	 4.0104e-05	     109.89	     1.2203	-9.7531e+92	-9.7531e+92	  0.0045783	 8.1913e-05	     0.0000	  -0.042334	  0.0010943	  -0.016220	
7	9	 0.00087853	 0.00077119	     64.406	     2.5596	-9.7531e+92	-9.7531e+92	   0.016564	 0.00059897	     0.0000	     0.0000	  0.0093067	   -0.38676	
7	10	 2.9937e-08	 2.6279e-08	     153.29	    0.46001	-9.7531e+92	-9.7531e+92	 5.4625e-05	 5.4854e-05	     0.0000	-0.00032452	 0.00062946	-0.00017498	
7	11	 6.7291e-06	 5.9070e-06	     112.26	     1.1591	-9.7531e+92	-9.7531e+92	 0.00036622	 5.8875e-05	     0.0000	 -0.0010648	 0.00070140	 -0.0012462	
7	12	 1.2072e-08	 1.0597e-08	     158.06	    0.41430	-9.7531e+92	-9.7531e+92	 0.00011051	 5.5118e-05	     0.0000	-0.00059725	 0.00062780	-0.00037020	
7	13	   0.027671	   0.024290	     57.312	     2.7078	-9.7531e+92	-9.7531e+92	   0.020314	   0.018138	     0.0000	     0.0000	    0.25422	   -0.14684	
7	14	   0.041432	   0.036370	     65.464	     2.5345	-9.7531e+92	-9.7531e+92	   0.067908	   0.026727	     0.0000	 -0.0086430	    0.38819	   -0.29484	
7	15	 2.5231e-05	 2.2148e-05	     131.62	    0.74982	-9.7531e+92	-9.7531e+92	  0.0066635	 6.9968e-05	     0.0000	   -0.10403	 0.00088634	  -0.098841	
7	16	 1.6125e-08	 1.4155e-08	     137.28	    0.65913	-9.7531e+92	-9.7531e+92	 4.6223e-05	 5.5723e-05	     0.0000	 -0.0016164	 0.00062264	-0.00063882	
7	17	 2.3561e-15	 2.0682e-15	     281.54	   0.047004	-9.7531e+92	-9.7531e+92	 0.00024235	 5.5020e-05	     0.0000	  -0.049598	 0.00062248	  -0.011235	
7	18	  0.0040846	  0.0035855	     38.248	     2.9371	-9.7531e+92	-9.7531e+92	   0.015975	  0.0029997	     0.0000	   -0.48837	   0.040443	   -0.23222	
7	19	 3.5361e-07	 3.1041e-07	     154.38	    0.44913	-9.7531e+92	-9.7531e+92	 0.00093538	 5.5147e-05	     0.0000	 -0.0042224	 0.00063468	 -0.0058037	
7	20	 1.5898e-05	 1.3956e-05	     126.68	    0.83907	-9.7531e+92	-9.7531e+92	  0.0011069	 6.6532e-05	     0.0000	-0.00095803	 0.00078623	 -0.0045430	
7	21	  0.0024009	  0.0021075	     44.967	     2.8822	-9.7531e+92	-9.7531e+92	  0.0034803	  0.0017761	     0.0000	-9.3066e-05	   0.024396	  -0.077358	
7	22	 1.3382e-12	 1.1747e-12	     241.36	   0.085874	-9.7531e+92	-9.7531e+92	 0.00016782	 5.5701e-05	     0.0000	  -0.030138	 0.00062548	 -0.0074710	
7	23	 0.00013582	 0.00011922	     58.677	     2.6821	-9.7531e+92	-9.7531e+92	 0.00034649	 0.00015566	     0.0000	-0.00047302	  0.0019761	 -0.0025228	
7	24	 1.7301e-05	 1.5187e-05	     84.614	     1.9834	-9.7531e+92	-9.7531e+92	 5.6945e-05	 6.1864e-05	     0.0000	-3.0169e-05	 0.00083829	-0.00053672	
8	0	    0.85338	    0.48154	     172.11	    0.30693	-9.7531e+92	-9.7531e+92	    0.12793	   0.059199	   0.076460	   0.074611	    -2.2745	    -1.3082	
8	1	  0.0018044	  0.0010182	     184.58	    0.23797	-9.7531e+92	-9.7531e+92	   0.017803	 0.00012762	     0.0000	  -0.026572	 -0.0051446	    0.14195	
8	2	 0.00092033	 0.00051932	     174.51	    0.29198	-9.7531e+92	-9.7531e+92	  0.0035335	 7.2457e-05	     0.0000	  -0.036185	 -0.0029903	    0.10065	
8	3	 3.8130e-06	 2.1516e-06	     221.29	    0.12010	-9.7531e+92	-9.7531e+92	 0.00079400	 5.2624e-06	     0.0000	  -0.022884	-0.00020789	   0.041563	
8	4	 2.0721e-05	 1.1692e-05	     186.41	    0.22946	-9.7531e+92	-9.7531e+92	 0.00066783	 6.2933e-06	     0.0000	  -0.031126	-0.00026890	   0.043296	
8	5	   0.042305	   0.023871	     54.235	     2.7611	-9.7531e+92	-9.7531e+92	   0.017689	  0.0024338	     0.0000	 -0.0069187	   -0.13169	    0.15704	
8	6	  0.0046780	  0.0026397	     109.28	     1.2365	-9.7531e+92	-9.7531e+92	   0.013778	 0.00030374	     0.0000	  -0.049022	  -0.014973	    0.13938	
8	7	 0.00081116	 0.00045772	     109.89	     1.2203	-9.7531e+92	-9.7531e+92	  0.0088247	 5.9486e-05	     0.0000	  -0.035381	 -0.0027679	   0.090682	
8	8	     0.0000	     0.0000	     0.0000	     3.0000	-9.7531e+92	-9.7531e+92	    0.28267	     0.0000	    0.27960	     0.0000	     0.0000	     0.0000	
8	9	 1.0924e-05	 6.1640e-06	     171.65	    0.30991	-9.7531e+92	-9.7531e+92	   0.019758	 5.5006e-06	     0.0000	 -0.0010906	-0.00024930	    0.26003	
8	10	  0.0071765	  0.0040495	     44.054	     2.8911	-9.7531e+92	-9.7531e+92	  0.0010371	 0.00045286	 0.00096697	  0.0029456	  -0.015511	 -0.0078355	
8	11	  0.0017881	  0.0010090	     32.525	     2.9668	-9.7531e+92	-9.7531e+92	 0.00032618	 0.00013632	 5.3708e-05	 0.00052237	 -0.0056863	 -0.0027720	
8	12	  0.0019434	  0.0010966	     55.069	     2.7473	-9.7531e+92	-9.7531e+92	 0.00033100	 0.00013730	 0.00022471	 0.00097284	 -0.0053301	 -0.0029329	
8	13	  0.0085928	  0.0048487	     162.59	    0.37553	-9.7531e+92	-9.7531e+92	   0.011751	 0.00062364	     0.0000	     0.0000	  -0.024474	    0.11890	
8	14	   0.014752	  0.0083242	     146.54	    0.53466	-9.7531e+92	-9.7531e+92	   0.018593	  0.0010168	     0.0000	 -0.0018409	  -0.042721	    0.22055	
8	15	 2.8578e-05	 1.6126e-05	     159.01	    0.40580	-9.7531e+92	-9.7531e+92	  0.0016514	 7.1801e-06	     0.0000	  -0.017216	-0.00030679	   0.066177	
8	16	 6.7795e-07	 3.8255e-07	     112.87	     1.1438	-9.7531e+92	-9.7531e+92	 2.3628e-05	 5.2630e-06	     0.0000	-0.00026666	-0.00022289	 0.00044456	
8	17	 4.6090e-13	 2.6008e-13	     258.50	   0.065716	-9.7531e+92	-9.7531e+92	 7.5387e-05	 5.1602e-06	     0.0000	 -0.0082076	-0.00022103	  0.0077695	
8	18	   0.043802	   0.024716	     75.421	     2.2666	-9.7531e+92	-9.7531e+92	   0.024110	  0.0032938	     0.0000	  -0.037903	   -0.13503	   0.069253	
8	19	  0.0071056	  0.0040095	     80.536	     2.1117	-9.7531e+92	-9.7531e+92	  0.0011755	 0.00051931	 6.4082e-05	  0.0016756	  -0.022341	  -0.010700	
8	20	  0.0067460	  0.0038066	     51.987	     2.7958	-9.7531e+92	-9.7531e+92	  0.0011818	 0.00048166	 0.00029462	 0.00023433	  -0.020354	  -0.010119	
8	21	 0.00018457	 0.00010415	     132.38	    0.73687	-9.7531e+92	-9.7531e+92	  0.0094806	 1.9016e-05	     0.0000	-1.6672e-05	-0.00081518	   0.057055	
8	22	 1.8387e-08	 1.0375e-08	     168.70	    0.32968	-9.7531e+92	-9.7531e+92	 6.0071e-05	 5.1470e-06	     0.0000	 -0.0049493	-0.00021833	  0.0051387	
8	23	  0.0037265	  0.0021028	     54.810	     2.7517	-9.7531e+92	-9.7531e+92	 0.00082063	 0.00026890	 0.00023905	 4.1426e-05	  -0.010956	 -0.0050821	
8	24	 0.00021526	 0.00012147	     77.960	     2.1908	-9.7531e+92	-9.7531e+92	 0.00015460	 2.1128e-05	 7.7437e-06	 4.7416e-07	-0.00088471	-4.4621e-05	
9	0	    0.18733	    0.23007	     86.890	     1.9108	-9.7531e+92	-9.7531e+92	   0.087205	    0.25657	     0.0000	   0.076988	     2.0920	    0.19273	
9	1	    0.25390	    0.31184	     55.376	     2.7421	-9.7531e+92	-9.7531e+92	    0.10289	    0.39640	  0.0011135	    0.45823	     3.3131	    0.33372	
9	2	   0.036743	   0.045127	     133.64	    0.71608	-9.7531e+92	-9.7531e+92	   0.024247	   0.060305	     0.0000	  -0.091421	    0.46931	  -0.026031	
9	3	  0.0019856	  0.0024387	     191.41	    0.20802	-9.7531e+92	-9.7531e+92	  0.0046218	  0.0036272	     0.0000	   -0.17034	   0.027744	  -0.033860	
9	4	 0.00012486	 0.00015335	     223.28	    0.11603	-9.7531e+92	-9.7531e+92	  0.0035665	 0.00034809	     0.0000	   -0.25370	  0.0025152	  -0.034645	
9	5	  0.0049002	  0.0060183	     134.70	    0.69890	-9.7531e+92	-9.7531e+92	   0.034645	  0.0083201	     0.0000	   -0.17504	   0.062133	   -0.17227	
9	6	   0.030025	   0.036876	     62.827	     2.5956	-9.7531e+92	-9.7531e+92	   0.033945	   0.054824	     0.0000	   -0.35313	    0.36528	  -0.060504	
9	7	   0.027296	   0.033524	     64.406	     2.5596	-9.7531e+92	-9.7531e+92	   0.030941	   0.053306	     0.0000	   -0.16091	    0.32734	  -0.024357	
9	8	 1.9389e-05	 2.3813e-05	     171.65	    0.30991	-9.7531e+92	-9.7531e+92	 0.00082624	 0.00015304	     0.0000	  -0.057626	  0.0010496	 -0.0073547	
9	9	     0.0000	     0.0000	     0.0000	     3.0000	-9.7531e+92	-9.7531e+92	    0.66198	     0.0000	    0.50623	     0.0000	     0.0000	     0.0000	
9	10	 1.3400e-14	 1.6458e-14	     215.04	    0.13402	-9.7531e+92	-9.7531e+92	 4.6042e-05	 0.00012193	     0.0000	-0.00042175	 0.00082881	-7.7649e-05	
9	11	 3.2631e-08	 4.0077e-08	     175.31	    0.28718	-9.7531e+92	-9.7531e+92	 0.00010540	 0.00011367	     0.0000	-0.00043235	 0.00086454	-0.00056384	
9	12	 1.1826e-13	 1.4524e-13	     214.99	    0.13415	-9.7531e+92	-9.7531e+92	 5.5894e-05	 0.00012139	     0.0000	-0.00074085	 0.00083208	-0.00016433	
9	13	    0.17912	    0.21999	     9.0540	     2.9998	-9.7531e+92	-9.7531e+92	   0.075399	    0.19334	     0.0000	     0.0000	     1.3375	    0.19251	
9	14	    0.14050	    0.17256	     38.749	     2.9339	-9.7531e+92	-9.7531e+92	   0.076800	    0.20637	     0.0000	 0.00077020	     1.7091	   0.010969	
9	15	  0.0082378	   0.010117	     117.55	     1.0311	-9.7531e+92	-9.7531e+92	  0.0097143	   0.014728	     0.0000	   -0.10503	    0.10258	  -0.034658	
9	16	 1.1424e-12	 1.4030e-12	     159.83	    0.39862	-9.7531e+92	-9.7531e+92	 6.3587e-05	 0.00013194	     0.0000	 -0.0021897	 0.00076846	-0.00028098	
9	17	 1.7281e-13	 2.1224e-13	     293.28	   0.040011	-9.7531e+92	-9.7531e+92	 0.00034493	 0.00013207	     0.0000	  -0.067182	 0.00076290	 -0.0050207	
9	18	   0.070174	   0.086186	     96.665	     1.6016	-9.7531e+92	-9.7531e+92	   0.049533	   0.050784	     0.0000	     0.0000	    0.70123	     0.0000	
9	19	 3.1739e-07	 3.8981e-07	     193.08	    0.20137	-9.7531e+92	-9.7531e+92	 0.00024049	 0.00012503	     0.0000	 -0.0057195	 0.00081863	 -0.0026214	
9	20	 1.7993e-05	 2.2099e-05	     174.09	    0.29453	-9.7531e+92	-9.7531e+92	 0.00024646	 0.00015018	     0.0000	 -0.0012958	  0.0010616	 -0.0020463	
9	21	   0.059119	   0.072608	     83.320	     2.0244	-9.7531e+92	-9.7531e+92	   0.029734	   0.098062	     0.0000	 0.00015633	    0.75621	   0.044248	
9	22	 9.5369e-13	 1.1713e-12	     266.14	   0.058633	-9.7531e+92	-9.7531e+92	 0.00023468	 0.00013310	     0.0000	  -0.040822	 0.00077467	 -0.0033684	
9	23	 0.00044345	 0.00054463	     121.73	    0.93874	-9.7531e+92	-9.7531e+92	 0.00051773	 0.00088137	     0.0000	-0.00040319	  0.0064614	-0.00070956	
9	24	 5.7851e-05	 7.1051e-05	     149.07	    0.50520	-9.7531e+92	-9.7531e+92	 0.00014593	 0.00021462	     0.0000	-3.1484e-05	  0.0015784	-0.00018427	
10	0	   0.012803	  0.0041957	     210.64	    0.14503	-9.7531e+92	-9.7531e+92	   0.010826	 5.0861e-05	     0.0000	-0.00077827	 -0.0028993	   0.016319	
10	1	  0.0086744	  0.0028426	     228.04	    0.10699	-9.7531e+92	-9.7531e+92	  0.0057315	 3.4870e-05	     0.0000	 -0.0024628	 -0.0020064	   0.015717	
10	2	 0.00060578	 0.00019852	     213.20	    0.13850	-9.7531e+92	-9.7531e+92	  0.0037984	 2.7446e-06	     0.0000	 -0.0036862	-0.00017058	   0.012183	
10	3	 2.7580e-05	 9.0381e-06	     258.79	   0.065432	-9.7531e+92	-9.7531e+92	 0.00094944	 3.8642e-07	     0.0000	 -0.0023147	-2.3408e-05	  0.0050007	
10	4	 0.00098905	 0.00032412	     204.61	    0.16194	-9.7531e+92	-9.7531e+92	  0.0011998	 4.1968e-06	     0.0000	 -0.0030056	-0.00027140	  0.0049763	
10	5	    0.30611	    0.10031	     93.726	     1.6933	-9.7531e+92	-9.7531e+92	   0.032750	  0.0011828	     0.0000	  0.0030895	  -0.080874	  -0.045050	
10	6	 0.00083421	 0.00027337	     153.37	    0.45919	-9.7531e+92	-9.7531e+92	  0.0057872	 3.6175e-06	     0.0000	 -0.0073823	-0.00024147	   0.017672	
10	7	  0.0014950	 0.00048991	     153.29	    0.46001	-9.7531e+92	-9.7531e+92	  0.0021509	 6.6103e-06	     0.0000	 -0.0049629	-0.00042074	   0.010706	
10	8	    0.12526	   0.041047	     44.054	     2.8911	-9.7531e+92	-9.7531e+92	   0.011353	 0.00043086	  0.0095733	   0.011083	  -0.027602	  -0.024107	
10	9	 9.0132e-06	 2.9536e-06	     215.04	    0.13402	-9.7531e+92	-9.7531e+92	   0.014538	 2.9969e-07	     0.0000	-0.00011044	-2.0231e-05	   0.031204	
10	10	     0.0000	     0.0000	     0.0000	     3.0000	-9.7531e+92	-9.7531e+92	    0.16394	     0.0000	    0.16390	     0.0000	     0.0000	     0.0000	
10	11	   0.029746	  0.0097479	     46.926	     2.8613	-9.7531e+92	-9.7531e+92	  0.0026051	 0.00010969	  0.0024469	 0.00092146	 -0.0061466	 -0.0054920	
10	12	   0.046743	   0.015318	     46.012	     2.8713	-9.7531e+92	-9.7531e+92	  0.0039104	 0.00015798	  0.0038487	  0.0020484	 -0.0076999	 -0.0067892	
10	13	  0.0062907	  0.0020615	     205.99	    0.15786	-9.7531e+92	-9.7531e+92	  0.0054721	 2.5630e-05	     0.0000	     0.0000	 -0.0015167	   0.014858	
10	14	   0.029009	  0.0095062	     190.48	    0.21181	-9.7531e+92	-9.7531e+92	   0.015537	 0.00011405	     0.0000	-0.00016419	 -0.0070148	   0.023435	
10	15	 1.3851e-05	 4.5389e-06	     197.67	    0.18443	-9.7531e+92	-9.7531e+92	  0.0016064	 3.3542e-07	     0.0000	 -0.0017440	-2.1565e-05	  0.0079443	
10	16	 2.8113e-09	 9.2128e-10	     147.94	    0.51817	-9.7531e+92	-9.7531e+92	 2.1280e-05	 2.9021e-07	     0.0000	-2.7083e-05	-1.8390e-05	 5.3439e-05	
10	17	 3.5560e-12	 1.1653e-12	     270.72	   0.054831	-9.7531e+92	-9.7531e+92	 0.00010971	 2.8240e-07	     0.0000	-0.00083075	-1.8274e-05	 0.00093123	
10	18	    0.24531	   0.080389	     118.82	     1.0023	-9.7531e+92	-9.7531e+92	   0.027148	  0.0010119	  0.0013226	   0.018213	  -0.063217	  -0.039507	
10	19	   0.078529	   0.025734	     85.643	     1.9506	-9.7531e+92	-9.7531e+92	  0.0069500	 0.00031274	  0.0063045	  0.0024028	  -0.019875	  -0.017906	
10	20	   0.096684	   0.031683	     74.457	     2.2947	-9.7531e+92	-9.7531e+92	  0.0086422	 0.00040688	  0.0081270	 0.00075702	  -0.025785	  -0.023543	
10	21	 0.00029107	 9.5386e-05	     171.26	    0.31241	-9.7531e+92	-9.7531e+92	  0.0015023	 1.5190e-06	     0.0000	-1.6330e-06	-9.6585e-05	  0.0068166	
10	22	 4.2035e-07	 1.3775e-07	     176.66	    0.27933	-9.7531e+92	-9.7531e+92	 0.00010617	 2.8308e-07	     0.0000	-0.00049004	-1.8159e-05	 0.00061593	
10	23	  0.0078547	  0.0025740	     95.614	     1.6342	-9.7531e+92	-9.7531e+92	 0.00077501	 3.3931e-05	 0.00043725	 4.9287e-05	 -0.0021523	 -0.0017357	
10	24	  0.0027209	 0.00089166	     102.71	     1.4197	-9.7531e+92	-9.7531e+92	 0.00025608	 1.1696e-05	 0.00017079	 5.3772e-06	-0.00073020	-0.00061405	
11	0	   0.095643	   0.036121	     167.10	    0.34103	-9.7531e+92	-9.7531e+92	   0.017300	 0.00098314	     0.0000	 9.9026e-05	  -0.063079	 -0.0025369	
11	1	  0.0059693	  0.0022544	     185.20	    0.23505	-9.7531e+92	-9.7531e+92	  0.0081337	 6.1925e-05	     0.0000	 -0.0058852	 -0.0040610	   0.045821	
11	2	 0.00011341	 4.2830e-05	     197.83	    0.18388	-9.7531e+92	-9.7531e+92	  0.0041412	 1.9317e-06	     0.0000	 -0.0085793	-0.00013314	   0.034444	
11	3	 7.2506e-06	 2.7383e-06	     244.71	   0.081388	-9.7531e+92	-9.7531e+92	 0.00099296	 8.0162e-07	     0.0000	 -0.0053418	-5.3471e-05	   0.014032	
11	4	 2.3001e-06	 8.6867e-07	     218.09	    0.12699	-9.7531e+92	-9.7531e+92	 0.00077039	 7.2529e-07	     0.0000	 -0.0072774	-5.1694e-05	   0.014584	
11	5	    0.28067	    0.10600	     77.490	     2.2050	-9.7531e+92	-9.7531e+92	   0.033331	  0.0026520	     0.0000	  0.0061352	   -0.21481	   -0.10822	
11	6	  0.0039663	  0.0014979	     117.04	     1.0431	-9.7531e+92	-9.7531e+92	  0.0074275	 4.0443e-05	     0.0000	  -0.014956	 -0.0031301	   0.047219	
11	7	  0.0072974	  0.0027560	     112.26	     1.1591	-9.7531e+92	-9.7531e+92	  0.0037325	 7.7949e-05	     0.0000	 -0.0090987	 -0.0057347	   0.025882	
11	8	   0.022715	  0.0085787	     32.525	     2.9668	-9.7531e+92	-9.7531e+92	  0.0030054	 0.00024998	 0.00095433	  0.0052533	  -0.017754	  -0.012105	
11	9	 1.2572e-05	 4.7480e-06	     175.31	    0.28718	-9.7531e+92	-9.7531e+92	   0.022787	 8.2069e-07	     0.0000	-0.00025462	-6.1670e-05	   0.087213	
11	10	  0.0079863	  0.0030161	     46.926	     2.8613	-9.7531e+92	-9.7531e+92	 0.00077977	 7.1909e-05	 0.00073285	 0.00096497	 -0.0042397	 -0.0035404	
11	11	     0.0000	     0.0000	     0.0000	     3.0000	-9.7531e+92	-9.7531e+92	    0.18891	     0.0000	    0.18873	     0.0000	     0.0000	     0.0000	
11	12	 0.00023214	 8.7672e-05	     77.218	     2.2132	-9.7531e+92	-9.7531e+92	 7.7816e-05	 2.3296e-06	 6.6747e-06	 8.5671e-06	-0.00011731	-3.4442e-05	
11	13	   0.042630	   0.016100	     166.60	    0.34470	-9.7531e+92	-9.7531e+92	   0.010451	 0.00045114	     0.0000	     0.0000	  -0.029705	   0.019268	
11	14	    0.11198	   0.042291	     157.91	    0.41563	-9.7531e+92	-9.7531e+92	   0.024295	  0.0011423	     0.0000	-8.0502e-05	  -0.078949	   0.013987	
11	15	 1.2266e-06	 4.6324e-07	     182.32	    0.24896	-9.7531e+92	-9.7531e+92	  0.0021038	 7.4419e-07	     0.0000	 -0.0040226	-5.2969e-05	   0.022211	
11	16	 1.3527e-08	 5.1086e-09	     142.85	    0.58099	-9.7531e+92	-9.7531e+92	 1.7840e-05	 7.6048e-07	     0.0000	-6.2456e-05	-5.3493e-05	 0.00014917	
11	17	 1.0789e-12	 4.0745e-13	     290.18	   0.041722	-9.7531e+92	-9.7531e+92	 7.8251e-05	 7.4594e-07	     0.0000	 -0.0019164	-5.3261e-05	  0.0026002	
11	18	    0.37360	    0.14109	     81.269	     2.0888	-9.7531e+92	-9.7531e+92	   0.041834	  0.0040537	   0.012072	   0.074359	   -0.28038	   -0.19581	
11	19	  0.0037796	  0.0014274	     108.78	     1.2499	-9.7531e+92	-9.7531e+92	 0.00058732	 4.2722e-05	     0.0000	 0.00015539	 -0.0030281	 -0.0013122	
11	20	   0.027299	   0.010310	     83.734	     2.0113	-9.7531e+92	-9.7531e+92	  0.0028274	 0.00030220	  0.0022337	 0.00058321	  -0.021351	  -0.018026	
11	21	 0.00066061	 0.00024949	     128.65	    0.80225	-9.7531e+92	-9.7531e+92	  0.0023739	 8.0097e-06	     0.0000	-3.5927e-06	-0.00056992	   0.018787	
11	22	 5.7787e-11	 2.1824e-11	     200.45	    0.17499	-9.7531e+92	-9.7531e+92	 5.6962e-05	 7.5199e-07	     0.0000	 -0.0011634	-5.2969e-05	  0.0017204	
11	23	  0.0095527	  0.0036077	     53.605	     2.7712	-9.7531e+92	-9.7531e+92	  0.0010205	 0.00010681	 0.00063127	 0.00018227	 -0.0075037	 -0.0060068	
11	24	  0.0058900	  0.0022244	     56.094	     2.7297	-9.7531e+92	-9.7531e+92	 0.00058962	 6.3894e-05	 0.00049133	 1.9112e-05	 -0.0044265	 -0.0037754	
12	0	   0.010704	  0.0036089	     226.76	    0.10933	-9.7531e+92	-9.7531e+92	  0.0089557	 7.4025e-05	     0.0000	 -0.0015206	 -0.0049425	   0.035055	
12	1	 0.00099004	 0.00033380	     231.78	    0.10046	-9.7531e+92	-9.7531e+92	  0.0051787	 7.3032e-06	     0.0000	 -0.0051684	-0.00049431	   0.036270	
12	2	   0.011426	  0.0038525	     181.48	    0.25322	-9.7531e+92	-9.7531e+92	  0.0053619	 8.0954e-05	     0.0000	 -0.0055544	 -0.0059275	   0.020146	
12	3	 0.00030128	 0.00010158	     227.10	    0.10870	-9.7531e+92	-9.7531e+92	  0.0013960	 2.6063e-06	     0.0000	 -0.0043456	-0.00018573	   0.010309	
12	4	   0.023614	  0.0079616	     165.11	    0.35583	-9.7531e+92	-9.7531e+92	  0.0035238	 0.00016113	     0.0000	 0.00043259	  -0.012382	-0.00079120	
12	5	    0.31369	    0.10576	     80.590	     2.1100	-9.7531e+92	-9.7531e+92	   0.034508	  0.0020671	     0.0000	  0.0065589	   -0.16826	  -0.097711	
12	6	  0.0049423	  0.0016663	     152.49	    0.46823	-9.7531e+92	-9.7531e+92	  0.0062432	 3.4326e-05	     0.0000	  -0.013069	 -0.0027249	   0.034717	
12	7	 0.00052719	 0.00017775	     158.06	    0.41430	-9.7531e+92	-9.7531e+92	  0.0019713	 4.2894e-06	     0.0000	 -0.0095308	-0.00032468	   0.022814	
12	8	   0.067063	   0.022611	     55.069	     2.7473	-9.7531e+92	-9.7531e+92	  0.0067305	 0.00047864	  0.0048994	   0.014885	  -0.036116	  -0.031540	
12	9	 1.5715e-07	 5.2983e-08	     214.99	    0.13415	-9.7531e+92	-9.7531e+92	   0.015435	 4.5698e-07	     0.0000	-0.00021004	-3.6300e-05	   0.065050	
12	10	   0.012110	  0.0040829	     46.012	     2.8713	-9.7531e+92	-9.7531e+92	  0.0010872	 4.9425e-05	  0.0010454	 0.00055772	 -0.0017621	 -0.0014279	
12	11	   0.046465	   0.015666	     77.218	     2.2132	-9.7531e+92	-9.7531e+92	  0.0040058	 0.00034329	  0.0038430	  0.0036258	  -0.025664	  -0.024185	
12	12	     0.0000	     0.0000	     0.0000	     3.0000	-9.7531e+92	-9.7531e+92	    0.16869	     0.0000	    0.16863	     0.0000	     0.0000	     0.0000	
12	13	  0.0097992	  0.0033039	     205.94	    0.15802	-9.7531e+92	-9.7531e+92	  0.0059765	 6.8973e-05	     0.0000	     0.0000	 -0.0047901	   0.029432	
12	14	   0.036374	   0.012264	     188.63	    0.21964	-9.7531e+92	-9.7531e+92	   0.016847	 0.00024740	     0.0000	-0.00029044	  -0.017894	   0.045533	
12	15	 0.00081158	 0.00027363	     166.81	    0.34315	-9.7531e+92	-9.7531e+92	  0.0020677	 6.3008e-06	     0.0000	 -0.0032344	-0.00047731	   0.016150	
12	16	 1.1971e-05	 4.0362e-06	     115.95	     1.0685	-9.7531e+92	-9.7531e+92	 3.3191e-05	 5.8709e-07	     0.0000	-4.8543e-05	-4.3993e-05	 0.00010500	
12	17	 2.8262e-13	 9.5288e-14	     225.22	    0.11223	-9.7531e+92	-9.7531e+92	 0.00029308	 4.8433e-07	     0.0000	 -0.0015764	-3.7094e-05	  0.0019402	
12	18	    0.26068	   0.087891	     120.73	    0.96010	-9.7531e+92	-9.7531e+92	   0.029003	  0.0018589	  0.0024325	   0.037836	   -0.13655	  -0.090023	
12	19	    0.11768	   0.039675	     44.530	     2.8865	-9.7531e+92	-9.7531e+92	   0.010264	 0.00076131	  0.0095999	  0.0057774	  -0.058844	  -0.054760	
12	20	   0.080286	   0.027069	     45.010	     2.8817	-9.7531e+92	-9.7531e+92	  0.0075593	 0.00053207	  0.0070292	  0.0010664	  -0.040529	  -0.037629	
12	21	 1.9109e-06	 6.4428e-07	     187.39	    0.22505	-9.7531e+92	-9.7531e+92	  0.0013749	 5.0234e-07	     0.0000	-3.2471e-06	-3.7660e-05	   0.014356	
12	22	 0.00085517	 0.00028833	     131.16	    0.75767	-9.7531e+92	-9.7531e+92	 0.00031453	 6.4833e-06	     0.0000	-0.00057685	-0.00049751	 0.00082017	
12	23	  0.0016467	 0.00055519	     109.85	     1.2215	-9.7531e+92	-9.7531e+92	 0.00026808	 1.2742e-05	     0.0000	 1.2004e-05	-0.00095130	-0.00035748	
12	24	 2.0179e-05	 6.8034e-06	     132.31	    0.73810	-9.7531e+92	-9.7531e+92	 3.7285e-05	 6.4686e-07	     0.0000	-8.8617e-07	-4.8342e-05	 9.1321e-05	
13	0	   0.062721	    0.28567	     86.013	     1.9388	-9.7531e+92	-9.7531e+92	    0.18882	   0.046466	     0.0000	     0.0000	    0.14353	     0.0000	
13	1	   0.056488	    0.25728	     57.043	     2.7128	-9.7531e+92	-9.7531e+92	    0.18682	   0.044970	     0.0000	     0.0000	    0.16968	     0.0000	
13	2	    0.10373	    0.47246	     127.66	    0.82064	-9.7531e+92	-9.7531e+92	    0.16413	   0.085186	     0.0000	     0.0000	    0.28195	     0.0000	
13	3	 0.00053232	  0.0024245	     188.65	    0.21955	-9.7531e+92	-9.7531e+92	   0.022194	 0.00048333	     0.0000	     0.0000	  0.0015250	     0.0000	
13	4	 0.00011787	 0.00053685	     217.30	    0.12878	-9.7531e+92	-9.7531e+92	   0.020569	 0.00016509	     0.0000	     0.0000	 0.00060012	     0.0000	
13	5	  0.0042985	   0.019578	     125.66	    0.85869	-9.7531e+92	-9.7531e+92	    0.15356	  0.0036536	     0.0000	     0.0000	   0.013094	     0.0000	
13	6	    0.10858	    0.49456	     53.773	     2.7685	-9.7531e+92	-9.7531e+92	    0.19063	   0.098418	     0.0000	     0.0000	    0.31635	     0.0000	
13	7	   0.049552	    0.22569	     57.312	     2.7078	-9.7531e+92	-9.7531e+92	    0.10708	   0.048024	     0.0000	     0.0000	    0.14141	     0.0000	
13	8	 1.6294e-05	 7.4212e-05	     162.59	    0.37553	-9.7531e+92	-9.7531e+92	  0.0035756	 7.7566e-05	     0.0000	     0.0000	 0.00022661	     0.0000	
13	9	    0.38662	     1.7609	     9.0540	     2.9998	-9.7531e+92	-9.7531e+92	    0.57672	    0.29202	     0.0000	     0.0000	     1.2624	     0.0000	
13	10	 4.1024e-14	 1.8685e-13	     205.99	    0.15786	-9.7531e+92	-9.7531e+92	 0.00017357	 6.7451e-05	     0.0000	     0.0000	 0.00016962	     0.0000	
13	11	 1.8164e-07	 8.2731e-07	     166.60	    0.34470	-9.7531e+92	-9.7531e+92	 0.00041897	 6.4816e-05	     0.0000	     0.0000	 0.00019285	     0.0000	
13	12	 1.8140e-13	 8.2619e-13	     205.94	    0.15802	-9.7531e+92	-9.7531e+92	 0.00021733	 6.7281e-05	     0.0000	     0.0000	 0.00017193	     0.0000	
13	13	     0.0000	     0.0000	     0.0000	     3.0000	-9.7531e+92	-9.7531e+92	     2.3794	     0.0000	     2.0435	     0.0000	     0.0000	     0.0000	
13	14	    0.11164	    0.50846	     32.765	     2.9658	-9.7531e+92	-9.7531e+92	    0.25957	   0.085317	     0.0000	     0.0000	    0.28487	     0.0000	
13	15	  0.0073331	   0.033400	     111.52	     1.1779	-9.7531e+92	-9.7531e+92	   0.040608	  0.0063114	     0.0000	     0.0000	   0.023180	     0.0000	
13	16	 6.0565e-12	 2.7585e-11	     153.85	    0.45440	-9.7531e+92	-9.7531e+92	 0.00028301	 6.6175e-05	     0.0000	     0.0000	 0.00017693	     0.0000	
13	17	 7.7398e-14	 3.5252e-13	     287.27	   0.043413	-9.7531e+92	-9.7531e+92	  0.0018779	 6.5465e-05	     0.0000	     0.0000	 0.00016810	     0.0000	
13	18	   0.095993	    0.43721	     87.611	     1.8878	-9.7531e+92	-9.7531e+92	    0.20033	   0.082052	     0.0000	     0.0000	    0.28196	     0.0000	
13	19	 5.1331e-07	 2.3379e-06	     184.51	    0.23831	-9.7531e+92	-9.7531e+92	  0.0010929	 6.6389e-05	     0.0000	     0.0000	 0.00018377	     0.0000	
13	20	 9.6055e-06	 4.3749e-05	     165.04	    0.35635	-9.7531e+92	-9.7531e+92	  0.0010468	 7.2379e-05	     0.0000	     0.0000	 0.00023039	     0.0000	
13	21	   0.011899	   0.054197	     76.619	     2.2311	-9.7531e+92	-9.7531e+92	   0.051736	   0.010608	     0.0000	     0.0000	   0.038570	     0.0000	
13	22	 3.1089e-13	 1.4160e-12	     260.15	   0.064098	-9.7531e+92	-9.7531e+92	  0.0012661	 6.6869e-05	     0.0000	     0.0000	 0.00017009	     0.0000	
13	23	 0.00043345	  0.0019742	     113.01	     1.1402	-9.7531e+92	-9.7531e+92	  0.0015987	 0.00045513	     0.0000	     0.0000	  0.0017080	     0.0000	
13	24	 2.9115e-05	 0.00013261	     142.21	    0.58941	-9.7531e+92	-9.7531e+92	 0.00038686	 8.6148e-05	     0.0000	     0.0000	 0.00034250	     0.0000	
14	0	    0.16658	    0.70839	     114.85	     1.0949	-9.7531e+92	-9.7531e+92	    0.26462	    0.22454	     0.0000	  0.0038739	    0.14933	  0.0017973	
14	1	    0.10319	    0.43883	     88.839	     1.8485	-9.7531e+92	-9.7531e+92	    0.19464	    0.13709	     0.0000	  0.0034833	   0.015638	 0.00037367	
14	2	    0.13196	    0.56115	     97.273	     1.5829	-9.7531e+92	-9.7531e+92	    0.18896	    0.19452	     0.0000	   0.029059	   0.035915	 -0.0010689	
14	3	   0.021650	   0.092070	     161.01	    0.38854	-9.7531e+92	-9.7531e+92	   0.054683	   0.030129	     0.0000	-0.00013370	 -0.0046423	 1.5252e-06	
14	4	  0.0015213	  0.0064693	     184.55	    0.23808	-9.7531e+92	-9.7531e+92	   0.035540	  0.0022494	     0.0000	  -0.015246	 9.7178e-05	 0.00036603	
14	5	   0.079477	    0.33798	     108.09	     1.2686	-9.7531e+92	-9.7531e+92	    0.21157	   0.084943	     0.0000	     0.0000	   0.023156	     0.0000	
14	6	   0.084525	    0.35945	     41.508	     2.9135	-9.7531e+92	-9.7531e+92	    0.16115	    0.11867	     0.0000	     0.0000	   0.020481	-0.00040124	
14	7	   0.038689	    0.16453	     65.464	     2.5345	-9.7531e+92	-9.7531e+92	   0.090779	   0.057781	     0.0000	     0.0000	   0.013339	 0.00020574	
14	8	 0.00010695	 0.00045482	     146.54	    0.53466	-9.7531e+92	-9.7531e+92	  0.0049182	 0.00029107	     0.0000	 -0.0036384	-0.00011530	 0.00020248	
14	9	    0.11071	    0.47082	     38.749	     2.9339	-9.7531e+92	-9.7531e+92	    0.24587	    0.15566	     0.0000	-7.3335e-05	  0.0093098	 0.00050389	
14	10	 1.2152e-13	 5.1679e-13	     190.48	    0.21181	-9.7531e+92	-9.7531e+92	 0.00017087	 0.00011377	     0.0000	-2.8229e-05	-2.5810e-05	 2.3695e-06	
14	11	 4.6539e-07	 1.9791e-06	     157.91	    0.41563	-9.7531e+92	-9.7531e+92	 0.00049897	 0.00010882	     0.0000	-9.3990e-05	 8.9572e-06	 1.6883e-05	
14	12	 9.1965e-14	 3.9109e-13	     188.63	    0.21964	-9.7531e+92	-9.7531e+92	 0.00023086	 0.00011300	     0.0000	-5.1932e-05	-2.0355e-05	 4.9977e-06	
14	13	   0.079621	    0.33860	     32.765	     2.9658	-9.7531e+92	-9.7531e+92	    0.16485	    0.11215	     0.0000	     0.0000	   0.039073	 3.6333e-05	
14	14	     0.0000	     0.0000	     0.0000	     3.0000	-9.7531e+92	-9.7531e+92	     2.2720	     0.0000	     1.7012	     0.0000	     0.0000	     0.0000	
14	15	    0.10599	    0.45072	     78.991	     2.1593	-9.7531e+92	-9.7531e+92	    0.14419	    0.15142	  0.0069057	   0.020678	   0.029125	 -0.0023383	
14	16	 9.6188e-06	 4.0905e-05	     121.20	    0.94999	-9.7531e+92	-9.7531e+92	 0.00037179	 0.00012539	     0.0000	-0.00013413	-1.3814e-06	 8.5221e-06	
14	17	 6.1825e-13	 2.6291e-12	     254.84	   0.069479	-9.7531e+92	-9.7531e+92	  0.0032209	 0.00011283	     0.0000	 -0.0043122	-5.0200e-05	 0.00014764	
14	18	   0.061530	    0.26166	     78.249	     2.1820	-9.7531e+92	-9.7531e+92	    0.15905	   0.098870	     0.0000	 -0.0098468	   0.031622	 0.00032638	
14	19	 3.2006e-05	 0.00013611	     166.55	    0.34505	-9.7531e+92	-9.7531e+92	  0.0015319	 0.00015966	     0.0000	-0.00036101	 5.4096e-06	 7.1759e-05	
14	20	 0.00021457	 0.00091249	     147.73	    0.52061	-9.7531e+92	-9.7531e+92	  0.0015642	 0.00040963	     0.0000	-7.2204e-05	 0.00030006	 4.9791e-05	
14	21	   0.012907	   0.054888	     101.18	     1.4647	-9.7531e+92	-9.7531e+92	   0.046772	   0.020683	     0.0000	-4.7339e-06	-0.00094545	 0.00051779	
14	22	 3.7645e-13	 1.6009e-12	     227.39	    0.10817	-9.7531e+92	-9.7531e+92	  0.0020644	 0.00011401	     0.0000	 -0.0026203	-3.7567e-05	 9.4649e-05	
14	23	  0.0012798	  0.0054425	     114.84	     1.0952	-9.7531e+92	-9.7531e+92	  0.0024907	  0.0020567	     0.0000	 1.5568e-05	 0.00089006	-1.2541e-05	
14	24	 8.6091e-06	 3.6611e-05	     150.00	    0.49487	-9.7531e+92	-9.7531e+92	 0.00039971	 0.00012747	     0.0000	-2.7521e-06	-4.4478e-05	 7.4834e-06	
15	0	    0.16261	    0.18941	     189.51	    0.21584	-9.7531e+92	-9.7531e+92	   0.067178	    0.10011	     0.0000	   0.048264	    0.73274	    0.16545	
15	1	   0.023175	   0.026994	     167.83	    0.33581	-9.7531e+92	-9.7531e+92	   0.027520	   0.014352	     0.0000	   -0.13524	    0.10013	   -0.13642	
15	2	    0.11602	    0.13514	     21.827	     2.9932	-9.7531e+92	-9.7531e+92	   0.058244	   0.054225	     0.0000	    0.11359	    0.28699	    0.10817	
15	3	    0.15838	    0.18448	     84.108	     1.9994	-9.7531e+92	-9.7531e+92	   0.058539	   0.057417	   0.033003	    0.14755	    0.15998	   0.072529	
15	4	    0.14860	    0.17309	     106.18	     1.3210	-9.7531e+92	-9.7531e+92	   0.057549	   0.065993	   0.031875	    0.66207	    0.39930	    0.22164	
15	5	   0.019207	   0.022372	     104.94	     1.3557	-9.7531e+92	-9.7531e+92	   0.027668	   0.010789	     0.0000	   -0.12727	   0.061481	   -0.19970	
15	6	  0.0049918	  0.0058144	     96.746	     1.5991	-9.7531e+92	-9.7531e+92	   0.018150	  0.0030931	     0.0000	   -0.47444	   0.015400	   -0.12949	
15	7	  0.0010833	  0.0012618	     131.62	    0.74982	-9.7531e+92	-9.7531e+92	   0.010693	 0.00074233	     0.0000	   -0.34188	  0.0034546	  -0.083015	
15	8	 2.0682e-05	 2.4091e-05	     159.01	    0.40580	-9.7531e+92	-9.7531e+92	 0.00067164	 5.8954e-05	     0.0000	  -0.048635	 0.00024490	  -0.010085	
15	9	  0.0040818	  0.0047545	     117.55	     1.0311	-9.7531e+92	-9.7531e+92	   0.036632	  0.0024840	     0.0000	 -0.0072937	   0.012811	   -0.23791	
15	10	 6.7592e-13	 7.8731e-13	     197.67	    0.18443	-9.7531e+92	-9.7531e+92	 4.3891e-05	 4.4948e-05	     0.0000	-0.00037127	 0.00018608	-0.00010756	
15	11	 1.5525e-11	 1.8083e-11	     182.32	    0.24896	-9.7531e+92	-9.7531e+92	 8.7393e-05	 4.4542e-05	     0.0000	 -0.0012375	 0.00018852	-0.00077941	
15	12	 2.5966e-08	 3.0245e-08	     166.81	    0.34315	-9.7531e+92	-9.7531e+92	 5.5312e-05	 4.4605e-05	     0.0000	-0.00068286	 0.00018911	-0.00022748	
15	13	    0.10944	    0.12747	     111.52	     1.1779	-9.7531e+92	-9.7531e+92	   0.051808	   0.065591	     0.0000	     0.0000	    0.41132	   0.078270	
15	14	    0.20919	    0.24366	     78.991	     2.1593	-9.7531e+92	-9.7531e+92	   0.093459	    0.10045	     0.0000	     0.0000	    0.45912	    0.15526	
15	15	     0.0000	     0.0000	     0.0000	     3.0000	-9.7531e+92	-9.7531e+92	    0.60193	     0.0000	    0.56433	     0.0000	     0.0000	     0.0000	
15	16	 0.00046974	 0.00054715	     65.362	     2.5370	-9.7531e+92	-9.7531e+92	 0.00040717	 0.00030732	 8.4542e-05	  0.0016201	  0.0021445	 0.00054311	
15	17	 5.4347e-08	 6.3303e-08	     175.81	    0.28425	-9.7531e+92	-9.7531e+92	  0.0048443	 3.6428e-05	 0.00046906	  -0.041335	 0.00024216	 -0.0069243	
15	18	   0.042413	   0.049402	     116.73	     1.0502	-9.7531e+92	-9.7531e+92	   0.037209	   0.027231	     0.0000	   -0.27225	    0.14350	  -0.073706	
15	19	 3.9897e-05	 4.6472e-05	     131.26	    0.75593	-9.7531e+92	-9.7531e+92	 0.00085017	 6.7910e-05	     0.0000	 -0.0044816	 0.00032706	 -0.0035185	
15	20	 0.00023619	 0.00027511	     124.66	    0.87845	-9.7531e+92	-9.7531e+92	 0.00036227	 0.00019406	     0.0000	-0.00093375	 0.00091340	 -0.0023960	
15	21	 1.0452e-05	 1.2174e-05	     175.65	    0.28523	-9.7531e+92	-9.7531e+92	  0.0072523	 5.0739e-05	     0.0000	-0.00011647	 0.00022711	  -0.052883	
15	22	 1.2167e-06	 1.4172e-06	     163.21	    0.37056	-9.7531e+92	-9.7531e+92	  0.0031334	 3.9673e-05	 0.00020205	  -0.028077	 0.00022805	 -0.0046194	
15	23	 1.7604e-05	 2.0505e-05	     149.47	    0.50076	-9.7531e+92	-9.7531e+92	 0.00028747	 5.5665e-05	     0.0000	-0.00061793	 0.00024171	 -0.0017764	
15	24	 5.4336e-13	 6.3291e-13	     189.75	    0.21485	-9.7531e+92	-9.7531e+92	 9.7032e-05	 4.4998e-05	     0.0000	-3.7877e-05	 0.00018488	-0.00036276	
16	0	 0.00079812	 0.00016981	     217.18	    0.12904	-9.7531e+92	-9.7531e+92	  0.0030939	 6.5789e-06	     0.0000	 -0.0014379	 1.3071e-05	 -0.0012701	
16	1	 0.00090758	 0.00019309	     207.46	    0.15366	-9.7531e+92	-9.7531e+92	  0.0024337	 7.4780e-06	     0.0000	 -0.0043567	 1.2328e-05	 -0.0010363	
16	2	    0.21669	   0.046102	     68.097	     2.4691	-9.7531e+92	-9.7531e+92	   0.016773	  0.0014156	  0.0055570	   0.010817	 -0.0019349	 0.00031410	
16	3	   0.098258	   0.020905	     111.94	     1.1671	-9.7531e+92	-9.7531e+92	  0.0092029	 0.00061366	  0.0045386	  0.0078659	 -0.0011080	 0.00014995	
16	4	    0.31119	   0.066208	     75.439	     2.2661	-9.7531e+92	-9.7531e+92	   0.020216	  0.0011792	   0.015526	   0.012375	 -0.0096250	 -0.0062247	
16	5	    0.13172	   0.028023	     71.546	     2.3771	-9.7531e+92	-9.7531e+92	   0.010942	 0.00096946	     0.0000	 0.00031412	-0.00089134	 7.0242e-06	
16	6	   0.011568	  0.0024613	     111.89	     1.1685	-9.7531e+92	-9.7531e+92	  0.0030398	 8.9044e-05	     0.0000	  -0.010048	-0.00010441	 3.9551e-05	
16	7	 0.00047531	 0.00010112	     137.28	    0.65913	-9.7531e+92	-9.7531e+92	 0.00095790	 4.3703e-06	     0.0000	 -0.0081363	-5.3049e-06	 5.1478e-05	
16	8	 0.00047019	 0.00010004	     112.87	     1.1438	-9.7531e+92	-9.7531e+92	 0.00027553	 4.3868e-06	     0.0000	 -0.0010456	-6.1927e-06	 1.0174e-05	
16	9	 9.2904e-05	 1.9766e-05	     159.83	    0.39862	-9.7531e+92	-9.7531e+92	  0.0042817	 1.1928e-06	     0.0000	-0.00017675	-1.3090e-06	 1.9382e-05	
16	10	 1.5274e-07	 3.2496e-08	     147.94	    0.51817	-9.7531e+92	-9.7531e+92	 9.2503e-06	 5.4899e-07	     0.0000	-8.6577e-06	-7.9441e-07	 1.5871e-07	
16	11	 7.3048e-06	 1.5542e-06	     142.85	    0.58099	-9.7531e+92	-9.7531e+92	 2.5567e-05	 6.0787e-07	     0.0000	-2.8537e-05	-9.0765e-07	 1.0713e-06	
16	12	 3.1614e-05	 6.7261e-06	     115.95	     1.0685	-9.7531e+92	-9.7531e+92	 1.5797e-05	 7.9947e-07	     0.0000	-1.1797e-05	-1.0497e-06	 2.4678e-07	
16	13	   0.020320	  0.0043231	     153.85	    0.45440	-9.7531e+92	-9.7531e+92	  0.0045165	 0.00015447	     0.0000	     0.0000	 0.00012994	-0.00050707	
16	14	   0.096262	   0.020480	     121.20	    0.94999	-9.7531e+92	-9.7531e+92	   0.012688	 0.00069814	     0.0000	-9.3603e-05	 0.00034359	-0.00032806	
16	15	   0.076387	   0.016252	     65.362	     2.5370	-9.7531e+92	-9.7531e+92	  0.0082605	 0.00054129	  0.0013922	  0.0021934	-0.00031171	 3.2601e-05	
16	16	     0.0000	     0.0000	     0.0000	     3.0000	-9.7531e+92	-9.7531e+92	    0.10646	     0.0000	    0.10640	     0.0000	     0.0000	     0.0000	
16	17	 2.1738e-06	 4.6249e-07	     148.25	    0.51453	-9.7531e+92	-9.7531e+92	  0.0016276	 4.3225e-07	 0.00082848	-0.00062178	 5.4540e-07	-3.6960e-05	
16	18	   0.028319	  0.0060250	     110.59	     1.2021	-9.7531e+92	-9.7531e+92	  0.0054991	 0.00022211	     0.0000	 -0.0088599	-8.7926e-05	-0.00015158	
16	19	  0.0035203	 0.00074898	     73.024	     2.3358	-9.7531e+92	-9.7531e+92	 0.00048361	 2.7515e-05	 6.4536e-05	 7.3290e-05	 1.5253e-06	 4.9555e-06	
16	20	  0.0020785	 0.00044221	     74.477	     2.2942	-9.7531e+92	-9.7531e+92	 0.00021847	 1.7242e-05	     0.0000	 9.7618e-06	-2.0996e-05	-1.1901e-06	
16	21	 6.2513e-06	 1.3300e-06	     180.81	    0.25669	-9.7531e+92	-9.7531e+92	 0.00052787	 5.8800e-07	     0.0000	-2.7340e-06	-7.3004e-07	 3.2496e-05	
16	22	 0.00089257	 0.00018990	     106.73	     1.3057	-9.7531e+92	-9.7531e+92	  0.0011403	 6.4142e-06	 0.00060482	-0.00029440	 6.4131e-06	-1.4425e-05	
16	23	 8.2149e-06	 1.7478e-06	     136.77	    0.66684	-9.7531e+92	-9.7531e+92	 3.5659e-05	 6.1330e-07	     0.0000	-1.4647e-05	-9.0126e-07	 2.3511e-06	
16	24	 2.2470e-10	 4.7806e-11	     177.80	    0.27291	-9.7531e+92	-9.7531e+92	 1.0433e-05	 5.4790e-07	     0.0000	-8.8900e-07	-8.2426e-07	 4.9928e-07	
17	0	 2.0343e-05	 8.7573e-06	     353.56	   0.019078	-9.7531e+92	-9.7531e+92	  0.0039284	 1.1205e-05	     0.0000	  -0.031852	 5.4298e-05	  -0.053438	
17	1	 1.2430e-05	 5.3506e-06	     342.57	   0.021626	-9.7531e+92	-9.7531e+92	  0.0032385	 1.0264e-05	     0.0000	  -0.096732	 4.6021e-05	  -0.046284	
17	2	    0.14750	   0.063493	     160.64	    0.39167	-9.7531e+92	-9.7531e+92	   0.030143	   0.015999	  0.0074500	    0.13626	   0.035336	   0.035919	
17	3	    0.21097	   0.090819	     122.41	    0.92444	-9.7531e+92	-9.7531e+92	   0.033133	   0.019984	   0.023695	    0.36139	   0.016647	   0.048496	
17	4	    0.57709	    0.24842	     73.525	     2.3215	-9.7531e+92	-9.7531e+92	   0.072126	   0.023563	   0.062638	    0.30290	   -0.18081	   -0.10915	
17	5	  0.0019690	 0.00084760	     219.60	    0.12368	-9.7531e+92	-9.7531e+92	  0.0070164	 0.00024984	     0.0000	  -0.078094	 0.00048978	  -0.038763	
17	6	 4.6492e-12	 2.0014e-12	     251.72	   0.072906	-9.7531e+92	-9.7531e+92	  0.0024544	 8.4948e-06	     0.0000	   -0.26270	 1.3503e-05	  -0.021668	
17	7	 1.0302e-11	 4.4348e-12	     281.54	   0.047004	-9.7531e+92	-9.7531e+92	  0.0011765	 8.9392e-06	     0.0000	   -0.18062	 1.2541e-05	  -0.012903	
17	8	 9.5785e-12	 4.1233e-12	     258.50	   0.065716	-9.7531e+92	-9.7531e+92	 0.00018243	 9.0965e-06	     0.0000	  -0.025168	 1.0572e-05	 -0.0014604	
17	9	 1.0176e-11	 4.3807e-12	     293.28	   0.040011	-9.7531e+92	-9.7531e+92	  0.0053646	 8.3266e-06	     0.0000	 -0.0038848	 1.4437e-05	  -0.039258	
17	10	 3.1680e-13	 1.3637e-13	     270.72	   0.054831	-9.7531e+92	-9.7531e+92	 1.7209e-05	 9.0695e-06	     0.0000	-0.00019139	 9.7064e-06	-1.4901e-05	
17	11	 7.3900e-12	 3.1812e-12	     290.18	   0.041722	-9.7531e+92	-9.7531e+92	 2.6794e-05	 9.0881e-06	     0.0000	-0.00063794	 9.6865e-06	-0.00010893	
17	12	 8.2202e-12	 3.5386e-12	     225.22	    0.11223	-9.7531e+92	-9.7531e+92	 2.6370e-05	 8.9612e-06	     0.0000	-0.00035208	 1.0985e-05	-3.1575e-05	
17	13	  0.0034234	  0.0014737	     287.27	   0.043413	-9.7531e+92	-9.7531e+92	  0.0062726	 0.00044538	     0.0000	     0.0000	  0.0016617	  -0.034964	
17	14	  0.0060554	  0.0026067	     254.84	   0.069479	-9.7531e+92	-9.7531e+92	   0.014297	 0.00074711	     0.0000	 -0.0070047	  0.0026458	  -0.061560	
17	15	   0.018384	  0.0079139	     175.81	    0.28425	-9.7531e+92	-9.7531e+92	   0.013151	  0.0021367	     0.0000	  -0.014153	  0.0049394	 -0.0043258	
17	16	 1.0876e-06	 4.6818e-07	     148.25	    0.51453	-9.7531e+92	-9.7531e+92	 0.00028485	 7.7323e-06	 0.00016561	-0.00047915	 2.7816e-05	-8.3343e-05	
17	17	     0.0000	     0.0000	     0.0000	     3.0000	-9.7531e+92	-9.7531e+92	    0.22105	     0.0000	    0.21943	     0.0000	     0.0000	     0.0000	
17	18	 0.00031915	 0.00013739	     258.46	   0.065759	-9.7531e+92	-9.7531e+92	  0.0067319	 5.0382e-05	     0.0000	   -0.30236	 0.00011793	  -0.029109	
17	19	 9.0646e-05	 3.9021e-05	     187.53	    0.22442	-9.7531e+92	-9.7531e+92	  0.0013221	 2.0080e-05	 0.00047423	 -0.0018494	 3.6492e-05	-0.00049494	
17	20	 4.2080e-12	 1.8114e-12	     207.02	    0.15490	-9.7531e+92	-9.7531e+92	 0.00020599	 8.8958e-06	     0.0000	-0.00057072	 1.1940e-05	-0.00040954	
17	21	 6.1530e-13	 2.6487e-13	     326.31	   0.026229	-9.7531e+92	-9.7531e+92	 0.00066887	 8.9461e-06	     0.0000	-6.0060e-05	 1.2373e-05	 -0.0080208	
17	22	   0.034166	   0.014707	     106.10	     1.3231	-9.7531e+92	-9.7531e+92	  0.0075565	  0.0034821	  0.0064731	    0.11880	   0.017957	   0.016882	
17	23	 2.1479e-12	 9.2463e-13	     284.58	   0.045056	-9.7531e+92	-9.7531e+92	 4.3116e-05	 9.0746e-06	     0.0000	-0.00032445	 9.9891e-06	-0.00025530	
17	24	 2.8536e-12	 1.2284e-12	     325.25	   0.026569	-9.7531e+92	-9.7531e+92	 1.8478e-05	 9.1059e-06	     0.0000	-1.9525e-05	 9.6463e-06	-5.0822e-05	
18	0	   0.031390	   0.072713	     116.29	     1.0606	-9.7531e+92	-9.7531e+92	   0.096941	   0.028553	     0.0000	 -0.0028781	   -0.17873	   0.067575	
18	1	   0.023405	   0.054216	     111.77	     1.1715	-9.7531e+92	-9.7531e+92	    0.10484	   0.026035	     0.0000	 -0.0095605	  -0.062791	   0.068392	
18	2	 0.00075352	  0.0017455	     137.27	    0.65930	-9.7531e+92	-9.7531e+92	   0.024022	 0.00086490	     0.0000	  -0.017799	 -0.0035394	   0.066112	
18	3	 6.5783e-06	 1.5238e-05	     199.21	    0.17912	-9.7531e+92	-9.7531e+92	  0.0047070	 8.9378e-05	     0.0000	  -0.011219	-0.00022119	   0.027225	
18	4	 1.1808e-05	 2.7353e-05	     186.18	    0.23049	-9.7531e+92	-9.7531e+92	  0.0036597	 9.8459e-05	     0.0000	  -0.015277	-0.00025965	   0.028348	
18	5	  0.0059514	   0.013786	     53.346	     2.7752	-9.7531e+92	-9.7531e+92	   0.039860	  0.0071326	     0.0000	  -0.010222	  -0.023267	    0.15290	
18	6	  0.0048965	   0.011343	     36.723	     2.9464	-9.7531e+92	-9.7531e+92	   0.037052	  0.0063832	     0.0000	  -0.033717	  -0.020945	   0.090824	
18	7	  0.0015360	  0.0035580	     38.248	     2.9371	-9.7531e+92	-9.7531e+92	   0.031432	  0.0022088	     0.0000	  -0.024009	 -0.0070735	   0.058291	
18	8	 0.00011620	 0.00026918	     75.421	     2.2666	-9.7531e+92	-9.7531e+92	  0.0010532	 0.00021934	     0.0000	 -0.0033831	-0.00072967	  0.0071907	
18	9	    0.87982	     2.0381	     96.665	     1.6016	-9.7531e+92	-9.7531e+92	    0.55794	     1.0000	    0.26418	  0.0031713	    -3.4300	    -1.0082	
18	10	 1.6661e-06	 3.8594e-06	     118.82	     1.0023	-9.7531e+92	-9.7531e+92	 8.4972e-05	 8.2111e-05	     0.0000	-2.0535e-05	-0.00018579	 6.9749e-05	
18	11	 5.9871e-05	 0.00013869	     81.269	     2.0888	-9.7531e+92	-9.7531e+92	 0.00018615	 0.00013820	     0.0000	-4.9898e-06	-0.00023708	 0.00013089	
18	12	 3.7830e-06	 8.7632e-06	     120.73	    0.96010	-9.7531e+92	-9.7531e+92	 9.7818e-05	 8.4027e-05	     0.0000	-3.1482e-05	-0.00018476	 0.00013501	
18	13	   0.025804	   0.059773	     87.611	     1.8878	-9.7531e+92	-9.7531e+92	   0.082013	   0.028692	     0.0000	     0.0000	  -0.087289	   0.057404	
18	14	   0.025202	   0.058379	     78.249	     2.1820	-9.7531e+92	-9.7531e+92	   0.086422	   0.028010	     0.0000	-0.00082381	  -0.076172	    0.13197	
18	15	 0.00014982	 0.00034705	     116.73	     1.0502	-9.7531e+92	-9.7531e+92	  0.0099849	 0.00027038	     0.0000	 -0.0084095	-0.00087061	   0.043103	
18	16	 6.0493e-08	 1.4013e-07	     110.59	     1.2021	-9.7531e+92	-9.7531e+92	 0.00010038	 9.1771e-05	     0.0000	-0.00013114	-0.00031072	 0.00029128	
18	17	 1.6691e-13	 3.8663e-13	     258.46	   0.065759	-9.7531e+92	-9.7531e+92	 0.00038912	 9.1647e-05	     0.0000	 -0.0040248	-0.00032267	  0.0050766	
18	18	     0.0000	     0.0000	     0.0000	     3.0000	-9.7531e+92	-9.7531e+92	     1.2058	     0.0000	     1.0232	     0.0000	     0.0000	     0.0000	
18	19	 8.4879e-06	 1.9662e-05	     118.15	     1.0174	-9.7531e+92	-9.7531e+92	 0.00031389	 9.4094e-05	     0.0000	-0.00033840	-0.00026522	  0.0025947	
18	20	 7.3273e-05	 0.00016973	     90.275	     1.8027	-9.7531e+92	-9.7531e+92	 0.00035882	 0.00016649	     0.0000	-7.2761e-05	-0.00043416	  0.0019629	
18	21	 0.00046578	  0.0010790	     79.511	     2.1434	-9.7531e+92	-9.7531e+92	   0.027753	 0.00060898	     0.0000	-8.1293e-06	 -0.0017741	   0.036912	
18	22	 3.1827e-12	 7.3726e-12	     205.13	    0.16037	-9.7531e+92	-9.7531e+92	 0.00027690	 9.1998e-05	     0.0000	 -0.0024450	-0.00030685	  0.0033580	
18	23	 0.00028142	 0.00065190	     36.898	     2.9454	-9.7531e+92	-9.7531e+92	 0.00072238	 0.00040924	     0.0000	-3.1348e-05	 -0.0010476	 0.00093980	
18	24	 5.8861e-05	 0.00013635	     74.739	     2.2865	-9.7531e+92	-9.7531e+92	 0.00022065	 0.00014662	     0.0000	-1.2578e-06	-0.00037193	 0.00018576	
19	0	   0.025461	   0.014734	     234.49	   0.096052	-9.7531e+92	-9.7531e+92	   0.013877	  0.0017782	     0.0000	  -0.012382	  -0.078689	    0.18337	
19	1	 0.00093645	 0.00054193	     226.57	    0.10968	-9.7531e+92	-9.7531e+92	  0.0085284	 7.0101e-05	     0.0000	  -0.051550	 -0.0031658	    0.23298	
19	2	    0.11993	   0.069406	     139.30	    0.62950	-9.7531e+92	-9.7531e+92	   0.026713	  0.0081151	     0.0000	   0.083176	   -0.42664	   -0.21310	
19	3	   0.019410	   0.011233	     184.07	    0.24039	-9.7531e+92	-9.7531e+92	  0.0079300	  0.0013102	     0.0000	 -0.0046237	  -0.067747	  0.0076905	
19	4	   0.097748	   0.056568	     119.82	    0.98008	-9.7531e+92	-9.7531e+92	   0.018914	  0.0053750	  0.0061586	    0.14690	   -0.36040	   -0.24864	
19	5	    0.34246	    0.19818	     64.874	     2.5486	-9.7531e+92	-9.7531e+92	   0.061311	   0.022362	     0.0000	   0.075780	    -1.2675	   -0.73413	
19	6	  0.0085584	  0.0049528	     133.74	    0.71443	-9.7531e+92	-9.7531e+92	   0.011596	 0.00058726	     0.0000	   -0.12373	  -0.032450	    0.21512	
19	7	  0.0010039	 0.00058095	     154.38	    0.44913	-9.7531e+92	-9.7531e+92	  0.0033913	 7.6762e-05	     0.0000	  -0.094317	 -0.0040494	    0.14786	
19	8	   0.015037	  0.0087021	     80.536	     2.1117	-9.7531e+92	-9.7531e+92	  0.0038385	  0.0011028	 0.00069562	   0.024304	  -0.057234	  -0.033112	
19	9	 1.7053e-05	 9.8685e-06	     193.08	    0.20137	-9.7531e+92	-9.7531e+92	   0.020561	 5.7267e-06	     0.0000	 -0.0020933	-0.00031456	    0.42561	
19	10	  0.0025566	  0.0014795	     85.643	     1.9506	-9.7531e+92	-9.7531e+92	 0.00041667	 0.00017122	 0.00034478	  0.0031070	 -0.0082667	 -0.0069799	
19	11	 6.3120e-05	 3.6528e-05	     108.78	     1.2499	-9.7531e+92	-9.7531e+92	 0.00016974	 9.5586e-06	     0.0000	-0.00028913	-0.00049674	  0.0012211	
19	12	  0.0069561	  0.0040256	     44.530	     2.8865	-9.7531e+92	-9.7531e+92	  0.0011082	 0.00043107	 0.00099924	  0.0058667	  -0.019932	  -0.016948	
19	13	   0.017761	   0.010279	     184.51	    0.23831	-9.7531e+92	-9.7531e+92	   0.012037	  0.0012520	     0.0000	     0.0000	  -0.058804	    0.16631	
19	14	   0.071516	   0.041387	     166.55	    0.34505	-9.7531e+92	-9.7531e+92	   0.035578	  0.0048561	     0.0000	 -0.0018570	   -0.23957	    0.18875	
19	15	  0.0054041	  0.0031274	     131.26	    0.75593	-9.7531e+92	-9.7531e+92	  0.0071028	 0.00038120	     0.0000	  -0.025229	  -0.020535	   0.090272	
19	16	  0.0011447	 0.00066244	     73.024	     2.3358	-9.7531e+92	-9.7531e+92	 0.00026263	 8.5824e-05	 0.00010234	  0.0020339	 -0.0046214	 -0.0032308	
19	17	 1.4708e-11	 8.5119e-12	     187.53	    0.22442	-9.7531e+92	-9.7531e+92	  0.0015375	 4.3945e-06	     0.0000	  -0.013381	-0.00025174	   0.012602	
19	18	    0.15991	   0.092542	     118.15	     1.0174	-9.7531e+92	-9.7531e+92	   0.034703	   0.011432	     0.0000	    0.16810	   -0.57627	   -0.26147	
19	19	     0.0000	     0.0000	     0.0000	     3.0000	-9.7531e+92	-9.7531e+92	    0.29021	     0.0000	    0.28907	     0.0000	     0.0000	     0.0000	
19	20	   0.095500	   0.055266	     28.400	     2.9806	-9.7531e+92	-9.7531e+92	   0.014251	  0.0067303	   0.013341	   0.011757	   -0.35192	   -0.31201	
19	21	 1.2770e-06	 7.3898e-07	     197.71	    0.18427	-9.7531e+92	-9.7531e+92	  0.0021243	 4.9726e-06	     0.0000	-3.2366e-05	-0.00025862	   0.094063	
19	22	  0.0080798	  0.0046758	     93.933	     1.6868	-9.7531e+92	-9.7531e+92	  0.0022061	 0.00030447	 0.00074969	  0.0058531	  -0.017082	 -0.0097553	
19	23	 0.00053979	 0.00031238	     121.29	    0.94810	-9.7531e+92	-9.7531e+92	 0.00024665	 4.5023e-05	     0.0000	-7.7048e-05	 -0.0023396	  0.0014671	
19	24	 2.1121e-06	 1.2223e-06	     150.08	    0.49393	-9.7531e+92	-9.7531e+92	 3.6382e-05	 5.1206e-06	     0.0000	-1.0307e-05	-0.00026619	 0.00066171	
20	0	   0.028716	   0.016090	     206.61	    0.15606	-9.7531e+92	-9.7531e+92	   0.017729	  0.0012099	     0.0000	 -0.0066107	  -0.067339	    0.13131	
20	1	  0.0023159	  0.0012976	     199.20	    0.17914	-9.7531e+92	-9.7531e+92	   0.010763	 9.9970e-05	     0.0000	  -0.028467	 -0.0057015	    0.17226	
20	2	   0.077989	   0.043698	     139.77	    0.62284	-9.7531e+92	-9.7531e+92	   0.019078	  0.0033325	     0.0000	   0.019002	   -0.20710	  -0.059687	
20	3	  0.0085594	  0.0047959	     185.64	    0.23299	-9.7531e+92	-9.7531e+92	  0.0044591	 0.00037099	     0.0000	  -0.015020	  -0.022358	   0.030835	
20	4	   0.018393	   0.010306	     135.08	    0.69295	-9.7531e+92	-9.7531e+92	  0.0055558	 0.00074244	     0.0000	 -0.0054088	  -0.049833	  0.0086669	
20	5	    0.20102	    0.11263	     39.691	     2.9273	-9.7531e+92	-9.7531e+92	   0.040018	  0.0077320	     0.0000	   0.013905	   -0.55396	   -0.19630	
20	6	   0.021008	   0.011771	     111.59	     1.1762	-9.7531e+92	-9.7531e+92	   0.012784	 0.00085612	     0.0000	  -0.053504	  -0.058938	    0.12846	
20	7	 0.00087306	 0.00048918	     126.68	    0.83907	-9.7531e+92	-9.7531e+92	  0.0044480	 4.0251e-05	     0.0000	  -0.050827	 -0.0026389	    0.10998	
20	8	   0.037210	   0.020849	     51.987	     2.7958	-9.7531e+92	-9.7531e+92	  0.0061706	  0.0016446	  0.0031277	   0.044415	   -0.10458	  -0.080435	
20	9	 2.7715e-05	 1.5529e-05	     174.09	    0.29453	-9.7531e+92	-9.7531e+92	   0.026425	 3.9371e-06	     0.0000	 -0.0011756	-0.00026432	    0.31589	
20	10	 0.00061147	 0.00034261	     74.457	     2.2947	-9.7531e+92	-9.7531e+92	 0.00013875	 2.4063e-05	 6.9147e-05	 0.00025971	 -0.0013422	-0.00094380	
20	11	  0.0013867	 0.00077698	     83.734	     2.0113	-9.7531e+92	-9.7531e+92	 0.00030729	 6.1514e-05	 3.6732e-05	 0.00036075	 -0.0038299	 -0.0022880	
20	12	  0.0065841	  0.0036892	     45.010	     2.8817	-9.7531e+92	-9.7531e+92	 0.00097455	 0.00024270	 0.00086900	  0.0025847	  -0.014097	  -0.011920	
20	13	   0.061646	   0.034541	     165.04	    0.35635	-9.7531e+92	-9.7531e+92	   0.018166	  0.0026384	     0.0000	     0.0000	   -0.15334	   0.027053	
20	14	    0.27911	    0.15639	     147.73	    0.52061	-9.7531e+92	-9.7531e+92	   0.056896	   0.011486	     0.0000	  0.0024009	   -0.70391	   -0.32525	
20	15	  0.0022595	  0.0012660	     124.66	    0.87845	-9.7531e+92	-9.7531e+92	  0.0059080	 0.00010138	     0.0000	  -0.017273	 -0.0065177	   0.074837	
20	16	 6.8072e-05	 3.8142e-05	     74.477	     2.2942	-9.7531e+92	-9.7531e+92	 5.7211e-05	 6.0570e-06	     0.0000	-0.00019483	-0.00038601	 0.00036644	
20	17	 5.3884e-12	 3.0192e-12	     207.02	    0.15490	-9.7531e+92	-9.7531e+92	 0.00047580	 2.9198e-06	     0.0000	 -0.0088014	-0.00019123	  0.0094326	
20	18	    0.22790	    0.12770	     90.275	     1.8027	-9.7531e+92	-9.7531e+92	   0.042242	  0.0099587	     0.0000	    0.17363	   -0.61412	   -0.35794	
20	19	   0.020761	   0.011633	     28.400	     2.9806	-9.7531e+92	-9.7531e+92	  0.0032448	 0.00065769	  0.0021412	  0.0017474	  -0.045039	  -0.035506	
20	20	     0.0000	     0.0000	     0.0000	     3.0000	-9.7531e+92	-9.7531e+92	    0.28059	     0.0000	    0.27971	     0.0000	     0.0000	     0.0000	
20	21	 6.3795e-07	 3.5745e-07	     169.84	    0.32188	-9.7531e+92	-9.7531e+92	  0.0027943	 3.0029e-06	     0.0000	-1.8179e-05	-0.00019075	   0.069761	
20	22	 0.00020650	 0.00011570	     116.48	     1.0560	-9.7531e+92	-9.7531e+92	 0.00035979	 1.1095e-05	     0.0000	 -0.0040537	-0.00074264	  0.0054815	
20	23	  0.0032786	  0.0018370	     93.058	     1.7144	-9.7531e+92	-9.7531e+92	 0.00061647	 0.00015132	 3.8971e-05	 0.00023341	 -0.0095795	 -0.0059026	
20	24	 6.9469e-05	 3.8924e-05	     121.85	    0.93617	-9.7531e+92	-9.7531e+92	 4.9882e-05	 6.1737e-06	     0.0000	-3.6038e-06	-0.00039115	 0.00031804	
21	0	    0.14912	    0.13062	     39.458	     2.9290	-9.7531e+92	-9.7531e+92	   0.051878	   0.036743	     0.0000	     0.0000	    0.31130	     0.0000	
21	1	    0.15779	    0.13822	     57.297	     2.7081	-9.7531e+92	-9.7531e+92	   0.052415	   0.049520	     0.0000	   0.047009	    0.56549	   0.078852	
21	2	 0.00049854	 0.00043670	     197.19	    0.18609	-9.7531e+92	-9.7531e+92	  0.0082035	 0.00025094	     0.0000	  -0.069961	  0.0029383	  -0.053533	
21	3	 2.3143e-05	 2.0273e-05	     259.71	   0.064522	-9.7531e+92	-9.7531e+92	  0.0018113	 4.0432e-05	     0.0000	  -0.043849	 0.00047692	  -0.022554	
21	4	 2.2185e-06	 1.9433e-06	     253.96	   0.070430	-9.7531e+92	-9.7531e+92	  0.0013603	 3.0772e-05	     0.0000	  -0.059781	 0.00035704	  -0.022467	
21	5	  0.0030221	  0.0026473	     132.91	    0.72808	-9.7531e+92	-9.7531e+92	   0.034423	  0.0012966	     0.0000	  -0.041679	   0.015576	   -0.11955	
21	6	    0.17018	    0.14907	     78.899	     2.1621	-9.7531e+92	-9.7531e+92	   0.052089	   0.075340	     0.0000	    0.19130	    0.84691	   0.098542	
21	7	   0.036660	   0.032114	     44.967	     2.8822	-9.7531e+92	-9.7531e+92	   0.020296	   0.017233	     0.0000	  -0.017274	    0.18194	 -0.0079603	
21	8	 0.00026584	 0.00023287	     132.38	    0.73687	-9.7531e+92	-9.7531e+92	 0.00085875	 0.00012647	     0.0000	-0.00030445	  0.0017560	 -0.0051190	
21	9	   0.039662	   0.034743	     83.320	     2.0244	-9.7531e+92	-9.7531e+92	   0.050998	   0.014423	     0.0000	 -0.0014383	    0.20878	  -0.088083	
21	10	 1.2164e-09	 1.0655e-09	     171.26	    0.31241	-9.7531e+92	-9.7531e+92	 3.4651e-05	 3.1545e-05	     0.0000	-0.00010305	 0.00032743	-5.7647e-05	
21	11	 0.00037743	 0.00033062	     128.65	    0.80225	-9.7531e+92	-9.7531e+92	 0.00017205	 0.00020462	     0.0000	-3.2545e-05	  0.0022056	-3.9516e-05	
21	12	 1.2070e-12	 1.0573e-12	     187.39	    0.22505	-9.7531e+92	-9.7531e+92	 4.3581e-05	 3.1750e-05	     0.0000	-0.00018958	 0.00032635	-0.00012192	
21	13	    0.11265	   0.098678	     76.619	     2.2311	-9.7531e+92	-9.7531e+92	   0.039085	   0.044500	     0.0000	     0.0000	    0.55630	   0.040486	
21	14	    0.10516	   0.092114	     101.18	     1.4647	-9.7531e+92	-9.7531e+92	   0.047095	   0.040266	     0.0000	-0.00086269	    0.52309	  -0.030387	
21	15	 0.00014965	 0.00013109	     175.65	    0.28523	-9.7531e+92	-9.7531e+92	  0.0040132	 9.4430e-05	     0.0000	  -0.032893	  0.0010871	  -0.032388	
21	16	 9.0744e-14	 7.9489e-14	     180.81	    0.25669	-9.7531e+92	-9.7531e+92	 3.7965e-05	 3.2336e-05	     0.0000	-0.00051309	 0.00032135	-0.00021041	
21	17	 2.4328e-13	 2.1310e-13	     326.31	   0.026229	-9.7531e+92	-9.7531e+92	 0.00014550	 3.1893e-05	     0.0000	  -0.015742	 0.00032179	 -0.0036992	
21	18	    0.22179	    0.19428	     79.511	     2.1434	-9.7531e+92	-9.7531e+92	   0.064274	   0.090814	     0.0000	    0.29621	     1.1166	    0.14577	
21	19	 9.8960e-08	 8.6686e-08	     197.71	    0.18427	-9.7531e+92	-9.7531e+92	 0.00019622	 3.1766e-05	     0.0000	 -0.0013404	 0.00032812	 -0.0019108	
21	20	 6.7863e-06	 5.9446e-06	     169.84	    0.32188	-9.7531e+92	-9.7531e+92	 0.00022087	 3.4243e-05	     0.0000	-0.00030593	 0.00036352	 -0.0015047	
21	21	     0.0000	     0.0000	     0.0000	     3.0000	-9.7531e+92	-9.7531e+92	    0.44523	     0.0000	    0.42093	     0.0000	     0.0000	     0.0000	
21	22	 8.0270e-13	 7.0315e-13	     284.69	   0.044983	-9.7531e+92	-9.7531e+92	 0.00010376	 3.2275e-05	     0.0000	 -0.0095656	 0.00032369	 -0.0024595	
21	23	  0.0017085	  0.0014966	     78.648	     2.1698	-9.7531e+92	-9.7531e+92	 0.00061728	 0.00078688	     0.0000	 0.00013439	  0.0090300	 0.00074354	
21	24	 0.00093733	 0.00082108	     85.071	     1.9688	-9.7531e+92	-9.7531e+92	 0.00028422	 0.00042609	 5.6235e-05	 4.0301e-05	  0.0053758	 0.00074379	
22	0	 2.7043e-05	 1.4973e-05	     321.47	   0.027830	-9.7531e+92	-9.7531e+92	  0.0057498	 8.0271e-06	     0.0000	  -0.021024	 2.1974e-06	 -0.0032904	
22	1	 2.5180e-05	 1.3941e-05	     312.59	   0.031097	-9.7531e+92	-9.7531e+92	  0.0044350	 7.9283e-06	     0.0000	  -0.063844	-9.0367e-07	 -0.0011036	
22	2	    0.13113	   0.072603	     161.29	    0.38622	-9.7531e+92	-9.7531e+92	   0.034412	  0.0095520	  0.0052244	   0.077182	  -0.034990	  -0.010282	
22	3	    0.13414	   0.074272	     164.94	    0.35711	-9.7531e+92	-9.7531e+92	   0.029330	  0.0091802	   0.017191	    0.16724	  -0.039571	  -0.015121	
22	4	    0.41725	    0.23102	     82.638	     2.0459	-9.7531e+92	-9.7531e+92	   0.068926	   0.011241	   0.056722	    0.13685	   -0.27395	   -0.21177	
22	5	   0.030244	   0.016746	     151.89	    0.47454	-9.7531e+92	-9.7531e+92	   0.018027	  0.0024781	     0.0000	  -0.039316	 -0.0085150	   0.016444	
22	6	 2.0829e-06	 1.1532e-06	     216.08	    0.13159	-9.7531e+92	-9.7531e+92	  0.0043106	 5.8312e-06	     0.0000	   -0.17340	-2.1435e-05	   0.014628	
22	7	 4.6020e-12	 2.5480e-12	     241.36	   0.085874	-9.7531e+92	-9.7531e+92	  0.0016646	 5.9506e-06	     0.0000	   -0.11923	-2.1555e-05	  0.0093877	
22	8	 5.4603e-05	 3.0232e-05	     168.70	    0.32968	-9.7531e+92	-9.7531e+92	 0.00073115	 1.1000e-05	     0.0000	  -0.016445	-4.1936e-05	  0.0011984	
22	9	 1.2870e-12	 7.1258e-13	     266.14	   0.058633	-9.7531e+92	-9.7531e+92	  0.0081590	 5.5426e-06	     0.0000	 -0.0025644	-2.0044e-05	   0.024647	
22	10	 1.5716e-11	 8.7015e-12	     176.66	    0.27933	-9.7531e+92	-9.7531e+92	 6.7026e-05	 6.0307e-06	     0.0000	-0.00012609	-2.3621e-05	 1.3632e-05	
22	11	 9.2362e-12	 5.1138e-12	     200.45	    0.17499	-9.7531e+92	-9.7531e+92	 5.8383e-05	 6.0482e-06	     0.0000	-0.00042111	-2.3801e-05	 9.7598e-05	
22	12	  0.0010202	 0.00056488	     131.16	    0.75767	-9.7531e+92	-9.7531e+92	 0.00029482	 9.6880e-05	 0.00019052	  0.0017068	-0.00036119	-0.00021200	
22	13	  0.0021186	  0.0011730	     260.15	   0.064098	-9.7531e+92	-9.7531e+92	  0.0076102	 0.00018565	     0.0000	     0.0000	-0.00019924	  0.0027137	
22	14	   0.018887	   0.010458	     227.39	    0.10817	-9.7531e+92	-9.7531e+92	   0.020611	  0.0015430	     0.0000	 -0.0041675	 -0.0023199	  0.0060106	
22	15	  0.0079709	  0.0044133	     163.21	    0.37056	-9.7531e+92	-9.7531e+92	   0.012446	 0.00062464	     0.0000	  -0.017271	 -0.0021550	  0.0047287	
22	16	 0.00051346	 0.00028429	     106.73	     1.3057	-9.7531e+92	-9.7531e+92	 0.00036655	 4.4253e-05	 0.00021320	 0.00045768	-0.00010041	-4.1130e-05	
22	17	   0.010814	  0.0059877	     106.10	     1.3231	-9.7531e+92	-9.7531e+92	  0.0070253	 0.00063286	  0.0049455	   0.012223	  0.0022320	  0.0017842	
22	18	  0.0035353	  0.0019574	     205.13	    0.16037	-9.7531e+92	-9.7531e+92	   0.011399	 0.00031291	     0.0000	   -0.19142	-0.00082476	   0.010774	
22	19	    0.23465	    0.12992	     93.933	     1.6868	-9.7531e+92	-9.7531e+92	   0.033383	   0.019653	   0.032292	    0.14629	  -0.056065	  -0.043686	
22	20	  0.0076151	  0.0042163	     116.48	     1.0560	-9.7531e+92	-9.7531e+92	  0.0028420	 0.00068128	  0.0019715	  0.0015204	 -0.0025370	 -0.0013772	
22	21	 7.8997e-12	 4.3739e-12	     284.69	   0.044983	-9.7531e+92	-9.7531e+92	 0.00096454	 5.9531e-06	     0.0000	-3.9646e-05	-2.1667e-05	  0.0058400	
22	22	     0.0000	     0.0000	     0.0000	     3.0000	-9.7531e+92	-9.7531e+92	    0.28070	     0.0000	    0.27931	     0.0000	     0.0000	     0.0000	
22	23	 7.9126e-12	 4.3810e-12	     209.07	    0.14920	-9.7531e+92	-9.7531e+92	 8.0438e-05	 6.0398e-06	     0.0000	-0.00021417	-2.3574e-05	 0.00022355	
22	24	 9.7327e-12	 5.3888e-12	     237.89	   0.090842	-9.7531e+92	-9.7531e+92	 2.4941e-05	 6.0592e-06	     0.0000	-1.2889e-05	-2.3827e-05	 4.5269e-05	
23	0	    0.17197	   0.074442	     119.13	    0.99543	-9.7531e+92	-9.7531e+92	   0.029921	  0.0021682	     0.0000	 0.00042766	  -0.034725	  -0.010124	
23	1	   0.037561	   0.016259	     132.72	    0.73117	-9.7531e+92	-9.7531e+92	   0.013613	 0.00056597	     0.0000	-0.00095278	 -0.0056217	  0.0055603	
23	2	 0.00084257	 0.00036473	     168.40	    0.33177	-9.7531e+92	-9.7531e+92	  0.0051028	 1.5952e-05	     0.0000	 -0.0023231	-0.00013838	  0.0070397	
23	3	 7.1162e-06	 3.0804e-06	     228.38	    0.10637	-9.7531e+92	-9.7531e+92	  0.0012000	 1.3044e-06	     0.0000	 -0.0014668	-1.0567e-05	  0.0029039	
23	4	 9.9651e-07	 4.3136e-07	     212.30	    0.14074	-9.7531e+92	-9.7531e+92	 0.00087422	 1.1764e-06	     0.0000	 -0.0019984	-1.0629e-05	  0.0030252	
23	5	    0.10345	   0.044779	     65.633	     2.5304	-9.7531e+92	-9.7531e+92	   0.021229	  0.0016603	     0.0000	-0.00019982	  -0.017164	  0.0025100	
23	6	   0.028774	   0.012456	     73.330	     2.3271	-9.7531e+92	-9.7531e+92	   0.011160	 0.00049139	     0.0000	 -0.0028476	 -0.0049463	  0.0062582	
23	7	   0.021304	  0.0092218	     58.677	     2.6821	-9.7531e+92	-9.7531e+92	  0.0070729	 0.00038549	     0.0000	 -0.0016974	 -0.0036935	  0.0033622	
23	8	   0.049901	   0.021601	     54.810	     2.7517	-9.7531e+92	-9.7531e+92	  0.0058849	 0.00080076	  0.0035340	  0.0027565	 -0.0072284	 -0.0059500	
23	9	  0.0038960	  0.0016865	     121.73	    0.93874	-9.7531e+92	-9.7531e+92	   0.022473	 6.3612e-05	     0.0000	-6.7776e-05	-0.00067226	   0.017580	
23	10	 4.9963e-05	 2.1628e-05	     95.614	     1.6342	-9.7531e+92	-9.7531e+92	 4.3512e-05	 2.0944e-06	     0.0000	-3.2847e-07	-1.2726e-05	 7.7504e-07	
23	11	  0.0018901	 0.00081819	     53.605	     2.7712	-9.7531e+92	-9.7531e+92	 0.00026270	 3.4281e-05	 5.3678e-05	 2.6193e-05	-0.00019508	-0.00013383	
23	12	 8.6926e-06	 3.7628e-06	     109.85	     1.2215	-9.7531e+92	-9.7531e+92	 3.0293e-05	 1.3949e-06	     0.0000	-5.4586e-06	-1.2333e-05	 1.6638e-05	
23	13	    0.11912	   0.051564	     113.01	     1.1402	-9.7531e+92	-9.7531e+92	   0.020151	  0.0019597	     0.0000	     0.0000	  -0.016701	 -0.0057779	
23	14	    0.21997	   0.095221	     114.84	     1.0952	-9.7531e+92	-9.7531e+92	   0.035945	  0.0033454	     0.0000	 8.4425e-05	  -0.034508	  -0.011034	
23	15	 5.4321e-05	 2.3514e-05	     149.47	    0.50076	-9.7531e+92	-9.7531e+92	  0.0027710	 2.1153e-06	     0.0000	 -0.0011027	-2.0909e-05	  0.0046114	
23	16	 2.0538e-08	 8.8902e-09	     136.77	    0.66684	-9.7531e+92	-9.7531e+92	 2.0108e-05	 1.2632e-06	     0.0000	-1.7149e-05	-1.2472e-05	 3.1077e-05	
23	17	 6.7936e-14	 2.9407e-14	     284.58	   0.045056	-9.7531e+92	-9.7531e+92	 8.9367e-05	 1.2433e-06	     0.0000	-0.00052621	-1.2416e-05	 0.00054151	
23	18	    0.22498	   0.097389	     36.898	     2.9454	-9.7531e+92	-9.7531e+92	   0.032836	  0.0038717	     0.0000	   0.010122	  -0.036029	  -0.020139	
23	19	 9.9410e-05	 4.3032e-05	     121.29	    0.94810	-9.7531e+92	-9.7531e+92	 0.00014933	 3.0707e-06	     0.0000	-4.1702e-05	-2.8975e-05	 0.00026351	
23	20	 0.00050578	 0.00021894	     93.058	     1.7144	-9.7531e+92	-9.7531e+92	 0.00020929	 1.0276e-05	     0.0000	-6.2365e-06	-8.8683e-05	 0.00014423	
23	21	  0.0082844	  0.0035861	     78.648	     2.1698	-9.7531e+92	-9.7531e+92	  0.0043197	 0.00014527	     0.0000	-6.0544e-07	 -0.0013878	  0.0028078	
23	22	 8.4132e-12	 3.6418e-12	     209.07	    0.14920	-9.7531e+92	-9.7531e+92	 6.2380e-05	 1.2559e-06	     0.0000	-0.00031965	-1.2203e-05	 0.00035819	
23	23	     0.0000	     0.0000	     0.0000	     3.0000	-9.7531e+92	-9.7531e+92	    0.21658	     0.0000	    0.21613	     0.0000	     0.0000	     0.0000	
23	24	  0.0073254	  0.0031710	     40.708	     2.9198	-9.7531e+92	-9.7531e+92	 0.00083430	 0.00012760	 0.00072164	 4.5403e-06	-0.00089090	-0.00079521	
24	0	    0.23797	   0.093235	     123.34	    0.90511	-9.7531e+92	-9.7531e+92	   0.032228	 0.00086369	     0.0000	 0.00060681	  -0.027154	  -0.014182	
24	1	    0.15371	   0.060222	     142.19	    0.58963	-9.7531e+92	-9.7531e+92	   0.023503	 0.00077916	     0.0000	  0.0018558	  -0.012554	 -0.0056017	
24	2	 3.5537e-05	 1.3923e-05	     210.29	    0.14595	-9.7531e+92	-9.7531e+92	  0.0034218	 5.7678e-07	     0.0000	 -0.0029473	-9.3301e-06	  0.0047353	
24	3	 4.1858e-07	 1.6400e-07	     270.69	   0.054855	-9.7531e+92	-9.7531e+92	 0.00070969	 3.8114e-07	     0.0000	 -0.0018329	-5.8888e-06	  0.0019141	
24	4	 1.2923e-07	 5.0630e-08	     253.16	   0.071301	-9.7531e+92	-9.7531e+92	 0.00055404	 3.7300e-07	     0.0000	 -0.0024965	-6.2301e-06	  0.0020099	
24	5	    0.10005	   0.039201	     106.34	     1.3165	-9.7531e+92	-9.7531e+92	   0.018743	 0.00053809	     0.0000	-0.00030965	 -0.0097966	  0.0019995	
24	6	  0.0095403	  0.0037379	     108.13	     1.2674	-9.7531e+92	-9.7531e+92	  0.0086921	 5.3821e-05	     0.0000	 -0.0051277	-0.00096332	  0.0060511	
24	7	   0.031977	   0.012529	     84.614	     1.9834	-9.7531e+92	-9.7531e+92	  0.0089860	 0.00018973	     0.0000	 -0.0011480	 -0.0032409	  0.0012225	
24	8	   0.018623	  0.0072964	     77.960	     2.1908	-9.7531e+92	-9.7531e+92	  0.0022801	 9.3920e-05	 0.00015228	 0.00078919	 -0.0018067	 -0.0012957	
24	9	  0.0022635	 0.00088684	     149.07	    0.50520	-9.7531e+92	-9.7531e+92	   0.020338	 1.2039e-05	     0.0000	-8.5790e-05	-0.00022987	   0.011934	
24	10	  0.0013621	 0.00053366	     102.71	     1.4197	-9.7531e+92	-9.7531e+92	 0.00015801	 8.2602e-06	 0.00010934	 8.8583e-05	-0.00011300	-0.00010565	
24	11	  0.0064411	  0.0025236	     56.094	     2.7297	-9.7531e+92	-9.7531e+92	 0.00068002	 3.5283e-05	 0.00049083	 0.00016029	-0.00034863	-0.00033322	
24	12	 4.0933e-06	 1.6038e-06	     132.31	    0.73810	-9.7531e+92	-9.7531e+92	 2.6456e-05	 4.2485e-07	     0.0000	-7.4348e-06	-7.2514e-06	 1.1670e-05	
24	13	    0.13983	   0.054786	     142.21	    0.58941	-9.7531e+92	-9.7531e+92	   0.020167	 0.00075145	     0.0000	     0.0000	  -0.011711	 -0.0054954	
24	14	   0.035589	   0.013944	     150.00	    0.49487	-9.7531e+92	-9.7531e+92	   0.015541	 0.00018328	     0.0000	-0.00012175	 -0.0030537	  0.0083362	
24	15	 3.1517e-06	 1.2348e-06	     189.75	    0.21485	-9.7531e+92	-9.7531e+92	  0.0014765	 3.9042e-07	     0.0000	 -0.0013798	-6.9510e-06	  0.0030958	
24	16	 1.0781e-12	 4.2241e-13	     177.80	    0.27291	-9.7531e+92	-9.7531e+92	 1.6652e-05	 4.0579e-07	     0.0000	-2.1425e-05	-7.0197e-06	 2.0965e-05	
24	17	 1.6193e-12	 6.3444e-13	     325.25	   0.026569	-9.7531e+92	-9.7531e+92	 6.0270e-05	 3.9724e-07	     0.0000	-0.00065735	-6.9532e-06	 0.00036476	
24	18	    0.22083	   0.086520	     74.739	     2.2865	-9.7531e+92	-9.7531e+92	   0.030006	  0.0012180	     0.0000	   0.012285	  -0.020806	  -0.013007	
24	19	 6.1804e-06	 2.4215e-06	     150.08	    0.49393	-9.7531e+92	-9.7531e+92	 0.00011511	 4.3753e-07	     0.0000	-5.5729e-05	-7.4941e-06	 0.00018648	
24	20	 7.8998e-05	 3.0951e-05	     121.85	    0.93617	-9.7531e+92	-9.7531e+92	 0.00014393	 8.6407e-07	     0.0000	-1.2099e-05	-1.4877e-05	 0.00014035	
24	21	   0.034659	   0.013579	     85.071	     1.9688	-9.7531e+92	-9.7531e+92	  0.0071081	 0.00019138	     0.0000	     0.0000	 -0.0033182	-0.00066369	
24	22	 2.6922e-12	 1.0548e-12	     237.89	   0.090842	-9.7531e+92	-9.7531e+92	 4.3600e-05	 4.0244e-07	     0.0000	-0.00039943	-6.9027e-06	 0.00024108	
24	23	  0.0070324	  0.0027553	     40.708	     2.9198	-9.7531e+92	-9.7531e+92	 0.00082015	 3.6177e-05	 0.00041633	 2.7283e-05	-0.00030872	-0.00027330	
24	24	     0.0000	     0.0000	     0.0000	     3.0000	-9.7531e+92	-9.7531e+92	    0.19594	     0.0000	    0.19584	     0.0000	     0.0000	     0.0000	
