#source	Target	value	weight	distance	potential1	geneCorrelation	separation	influenceWeight	betweenness	influence'Weight	betweenness'	nbetweenness	nbetweenness'	
0	0	     0.0000	     0.0000	     0.0000	     3.0000	-9.7531e+92	-9.7531e+92	     2.6192	     0.0000	     2.3518	     0.0000	     0.0000	     0.0000	
0	1	    0.10447	    0.52511	     35.562	     2.9528	-9.7531e+92	-9.7531e+92	    0.23920	   0.062915	     0.0000	 0.00053475	    0.22929	 -0.0046324	
0	2	  0.0025011	   0.012571	     211.35	    0.14318	-9.7531e+92	-9.7531e+92	    0.11298	  0.0019675	     0.0000	 -0.0022404	  0.0064498	   0.015972	
0	3	 3.9177e-05	 0.00019692	     273.88	   0.052386	-9.7531e+92	-9.7531e+92	   0.010321	 8.1972e-05	     0.0000	-0.00043729	 0.00028208	  0.0045942	
0	4	 9.3053e-06	 4.6772e-05	     281.58	   0.046977	-9.7531e+92	-9.7531e+92	   0.040514	 5.4445e-05	     0.0000	 -0.0011260	 0.00018679	   0.014153	
0	5	  0.0033466	   0.016821	     169.69	    0.32292	-9.7531e+92	-9.7531e+92	   0.036645	  0.0026278	     0.0000	-0.00032706	  0.0068233	  0.0039283	
0	6	    0.48511	     2.4383	     105.31	     1.3454	-9.7531e+92	-9.7531e+92	    0.67729	    0.30740	    0.34400	 0.00045933	     1.1577	  -0.072986	
0	7	   0.050935	    0.25602	     80.265	     2.1201	-9.7531e+92	-9.7531e+92	    0.11922	   0.038094	     0.0000	 0.00033016	    0.11493	 -0.0045004	
0	8	 0.00016343	 0.00082144	     172.11	    0.30693	-9.7531e+92	-9.7531e+92	  0.0062088	 0.00018253	     0.0000	-0.00016293	 0.00043693	  0.0014195	
0	9	   0.070019	    0.35194	     86.890	     1.9108	-9.7531e+92	-9.7531e+92	    0.12033	   0.046854	     0.0000	 1.4268e-05	    0.19440	 -0.0077900	
0	10	 2.0414e-12	 1.0261e-11	     210.64	    0.14503	-9.7531e+92	-9.7531e+92	 0.00017583	 5.6715e-05	     0.0000	-4.9148e-07	 0.00011394	 2.4928e-06	
0	11	 2.5131e-06	 1.2632e-05	     167.10	    0.34103	-9.7531e+92	-9.7531e+92	 0.00026998	 5.6070e-05	     0.0000	-2.6059e-06	 0.00014933	 2.2653e-05	
0	12	 5.5050e-13	 2.7670e-12	     226.76	    0.10933	-9.7531e+92	-9.7531e+92	 0.00021190	 5.6495e-05	     0.0000	-3.1260e-06	 0.00010894	 1.8096e-05	
0	13	   0.084505	    0.42475	     86.013	     1.9388	-9.7531e+92	-9.7531e+92	    0.28869	   0.044799	     0.0000	-0.00030649	   0.010193	  0.0080358	
0	14	   0.077194	    0.38800	     114.85	     1.0949	-9.7531e+92	-9.7531e+92	    0.29917	   0.043139	     0.0000	-4.8916e-05	   0.081034	  0.0092767	
0	15	 0.00022668	  0.0011393	     189.51	    0.21584	-9.7531e+92	-9.7531e+92	   0.012047	 0.00022668	     0.0000	-0.00028120	 0.00055709	  0.0034302	
0	16	 4.3961e-13	 2.2096e-12	     217.18	    0.12904	-9.7531e+92	-9.7531e+92	 0.00016751	 5.6387e-05	     0.0000	 9.5733e-11	 0.00011264	-8.1021e-10	
0	17	 7.9667e-13	 4.0043e-12	     353.56	   0.019078	-9.7531e+92	-9.7531e+92	  0.0021138	 5.6129e-05	     0.0000	-0.00023316	 0.00010459	  0.0015028	
0	18	   0.053319	    0.26800	     116.29	     1.0606	-9.7531e+92	-9.7531e+92	    0.16995	   0.042780	     0.0000	-0.00045020	    0.12060	  0.0031223	
0	19	 9.2868e-14	 4.6678e-13	     234.49	   0.096052	-9.7531e+92	-9.7531e+92	 0.00058911	 5.5709e-05	     0.0000	-2.9702e-05	 0.00011574	 0.00027436	
0	20	 1.4043e-14	 7.0586e-14	     206.61	    0.15606	-9.7531e+92	-9.7531e+92	 0.00059090	 5.4103e-05	     0.0000	-2.1008e-05	 0.00012370	 0.00023766	
0	21	   0.064251	    0.32294	     39.458	     2.9290	-9.7531e+92	-9.7531e+92	    0.25992	   0.040417	     0.0000	-1.1214e-06	    0.15465	  0.0096415	
0	22	 7.4499e-13	 3.7446e-12	     321.47	   0.027830	-9.7531e+92	-9.7531e+92	  0.0017896	 5.6059e-05	     0.0000	-0.00020602	 0.00011021	  0.0012674	
0	23	  0.0027864	   0.014006	     119.13	    0.99543	-9.7531e+92	-9.7531e+92	  0.0064050	  0.0021842	     0.0000	 3.0609e-06	  0.0061701	-0.00027208	
0	24	  0.0011204	  0.0056317	     123.34	    0.90511	-9.7531e+92	-9.7531e+92	  0.0018017	 0.00084229	 0.00066068	     0.0000	  0.0040268	     0.0000	
1	0	   0.018528	    0.12697	     35.562	     2.9528	-9.7531e+92	-9.7531e+92	    0.13845	   0.016918	     0.0000	  -0.016964	  -0.033577	   0.036898	
1	1	     0.0000	     0.0000	     0.0000	     3.0000	-9.7531e+92	-9.7531e+92	     3.5537	     0.0000	     3.0556	     0.0000	     0.0000	     0.0000	
1	2	 0.00024925	  0.0017080	     184.62	    0.23778	-9.7531e+92	-9.7531e+92	    0.13431	 0.00035378	     0.0000	  -0.075749	-9.7397e-05	    0.11923	
1	3	 2.2340e-05	 0.00015309	     244.14	   0.082134	-9.7531e+92	-9.7531e+92	   0.013926	 9.7234e-05	     0.0000	 -0.0097068	-3.2949e-05	   0.032926	
1	4	 7.7520e-07	 5.3121e-06	     272.02	   0.053810	-9.7531e+92	-9.7531e+92	   0.049037	 7.1752e-05	     0.0000	  -0.038619	-2.2150e-05	    0.10311	
1	5	 0.00011174	 0.00076573	     161.91	    0.38106	-9.7531e+92	-9.7531e+92	   0.087016	 0.00019953	     0.0000	  -0.013215	-0.00018583	   0.034459	
1	6	  0.0037054	   0.025391	     96.519	     1.6061	-9.7531e+92	-9.7531e+92	    0.16317	  0.0038315	     0.0000	 -0.0024259	 -0.0033636	   0.083333	
1	7	  0.0052852	   0.036217	     75.481	     2.2648	-9.7531e+92	-9.7531e+92	   0.060460	  0.0058261	     0.0000	 -0.0093057	 -0.0040292	   0.027816	
1	8	 1.2844e-06	 8.8014e-06	     184.58	    0.23797	-9.7531e+92	-9.7531e+92	   0.013695	 8.1395e-05	     0.0000	 -0.0058804	-0.00010103	   0.011271	
1	9	  0.0029994	   0.020553	     55.376	     2.7421	-9.7531e+92	-9.7531e+92	   0.075948	  0.0030911	     0.0000	-0.00026378	 -0.0012946	   0.031552	
1	10	 2.6156e-14	 1.7924e-13	     228.04	    0.10699	-9.7531e+92	-9.7531e+92	 0.00024105	 8.5186e-05	     0.0000	-1.7356e-05	-0.00012268	 1.9574e-05	
1	11	 6.4272e-16	 4.4043e-15	     185.20	    0.23505	-9.7531e+92	-9.7531e+92	 0.00035651	 8.1351e-05	     0.0000	-9.4022e-05	-9.1542e-05	 0.00018120	
1	12	 7.2005e-15	 4.9342e-14	     231.78	    0.10046	-9.7531e+92	-9.7531e+92	 0.00032297	 8.4531e-05	     0.0000	-0.00011039	-0.00012167	 0.00014209	
1	13	    0.12293	    0.84240	     57.043	     2.7128	-9.7531e+92	-9.7531e+92	    0.54036	    0.11134	     0.0000	 -0.0031348	   -0.12595	   0.015085	
1	14	    0.81648	     5.5949	     88.839	     1.8485	-9.7531e+92	-9.7531e+92	     1.5321	    0.72835	    0.57205	   0.018517	   -0.76560	   -0.63674	
1	15	 5.3022e-05	 0.00036334	     167.83	    0.33581	-9.7531e+92	-9.7531e+92	   0.019354	 9.2979e-05	     0.0000	     0.0000	 0.00011020	  0.0021018	
1	16	 3.5392e-15	 2.4252e-14	     207.46	    0.15366	-9.7531e+92	-9.7531e+92	 0.00022836	 8.1223e-05	     0.0000	 3.8026e-09	-7.5280e-05	-6.4104e-09	
1	17	 8.6452e-16	 5.9242e-15	     342.57	   0.021626	-9.7531e+92	-9.7531e+92	  0.0025892	 8.2728e-05	     0.0000	 -0.0082331	-0.00011970	   0.011772	
1	18	   0.013845	   0.094870	     111.77	     1.1715	-9.7531e+92	-9.7531e+92	    0.15488	   0.016558	     0.0000	  -0.049925	 -0.0085470	   0.072917	
1	19	 1.4190e-15	 9.7240e-15	     226.57	    0.10968	-9.7531e+92	-9.7531e+92	 0.00082741	 8.3350e-05	     0.0000	 -0.0010488	-0.00010945	  0.0021419	
1	20	 1.4815e-08	 1.0152e-07	     199.20	    0.17914	-9.7531e+92	-9.7531e+92	 0.00096006	 8.1417e-05	     0.0000	-0.00074182	-0.00010022	  0.0018550	
1	21	   0.015747	    0.10790	     57.297	     2.7081	-9.7531e+92	-9.7531e+92	    0.30523	   0.014898	     0.0000	-7.4131e-05	  -0.011530	    0.13883	
1	22	 5.6396e-15	 3.8646e-14	     312.59	   0.031097	-9.7531e+92	-9.7531e+92	  0.0021951	 8.3007e-05	     0.0000	 -0.0072750	-0.00011306	  0.0098839	
1	23	 2.0598e-05	 0.00014115	     132.72	    0.73117	-9.7531e+92	-9.7531e+92	  0.0020417	 9.0726e-05	     0.0000	-8.2644e-05	 1.4679e-05	  0.0017312	
1	24	 2.1079e-05	 0.00014445	     142.19	    0.58963	-9.7531e+92	-9.7531e+92	 0.00046788	 9.1461e-05	     0.0000	-1.2318e-05	 2.4758e-05	 0.00018455	
2	0	 0.00064756	  0.0019880	     211.35	    0.14318	-9.7531e+92	-9.7531e+92	   0.022637	  0.0011103	     0.0000	   -0.10069	 0.00031439	  -0.093767	
2	1	  0.0034157	   0.010486	     184.62	    0.23778	-9.7531e+92	-9.7531e+92	   0.049538	  0.0052394	     0.0000	   -0.16157	  0.0065767	   -0.13888	
2	2	     0.0000	     0.0000	     0.0000	     3.0000	-9.7531e+92	-9.7531e+92	     1.6226	     0.0000	     1.3196	     0.0000	     0.0000	     0.0000	
2	3	   0.077311	    0.23734	     63.167	     2.5880	-9.7531e+92	-9.7531e+92	    0.12098	    0.10211	   0.034167	    0.10513	   -0.16291	   0.079321	
2	4	    0.63405	     1.9465	     91.235	     1.7721	-9.7531e+92	-9.7531e+92	    0.55739	    0.82433	    0.29528	     1.0000	    -1.0682	    0.85137	
2	5	  0.0066264	   0.020343	     120.45	    0.96633	-9.7531e+92	-9.7531e+92	   0.023651	  0.0099182	     0.0000	  -0.038623	 -0.0097477	  -0.025500	
2	6	   0.019766	   0.060679	     118.53	     1.0087	-9.7531e+92	-9.7531e+92	   0.042330	   0.029984	     0.0000	 -0.0070691	  -0.030856	  -0.063039	
2	7	 0.00013748	 0.00042204	     153.12	    0.46179	-9.7531e+92	-9.7531e+92	   0.010986	 0.00034262	     0.0000	  -0.045714	-0.00042390	  -0.032642	
2	8	 1.3874e-05	 4.2592e-05	     174.51	    0.29198	-9.7531e+92	-9.7531e+92	  0.0039193	 0.00012183	     0.0000	  -0.018851	-0.00012179	  -0.010223	
2	9	  0.0017188	  0.0052766	     133.64	    0.71608	-9.7531e+92	-9.7531e+92	   0.012515	  0.0029329	     0.0000	 -0.0010908	 -0.0035234	  -0.031333	
2	10	 7.4389e-15	 2.2837e-14	     213.20	    0.13850	-9.7531e+92	-9.7531e+92	 0.00010869	 0.00010486	     0.0000	-5.5911e-05	-9.2701e-05	-1.6809e-05	
2	11	 1.1500e-14	 3.5305e-14	     197.83	    0.18388	-9.7531e+92	-9.7531e+92	 0.00014409	 0.00010049	     0.0000	-0.00018265	-7.3277e-05	-0.00015680	
2	12	 1.4809e-13	 4.5464e-13	     181.48	    0.25322	-9.7531e+92	-9.7531e+92	 0.00017919	 0.00010860	     0.0000	-0.00043241	-0.00011519	-0.00012202	
2	13	   0.079902	    0.24529	     127.66	    0.82064	-9.7531e+92	-9.7531e+92	    0.18110	    0.10761	     0.0000	  -0.046003	  -0.035566	   -0.11413	
2	14	   0.069808	    0.21430	     97.273	     1.5829	-9.7531e+92	-9.7531e+92	    0.15688	   0.093889	     0.0000	 -0.0075587	  -0.013589	   -0.13940	
2	15	   0.070816	    0.21740	     21.827	     2.9932	-9.7531e+92	-9.7531e+92	   0.083638	    0.11505	   0.023226	    0.10250	   -0.12906	   0.066475	
2	16	 2.9417e-14	 9.0307e-14	     68.097	     2.4691	-9.7531e+92	-9.7531e+92	 0.00010231	 0.00011274	     0.0000	 1.4928e-08	-0.00014462	 5.2347e-09	
2	17	 4.9453e-06	 1.5182e-05	     160.64	    0.39167	-9.7531e+92	-9.7531e+92	   0.026712	 0.00010324	 0.00088575	  -0.032233	-2.3977e-05	  -0.010258	
2	18	   0.035406	    0.10869	     137.27	    0.65930	-9.7531e+92	-9.7531e+92	   0.061363	   0.024924	     0.0000	     0.0000	   -0.12545	     0.0000	
2	19	 0.00019301	 0.00059252	     139.30	    0.62950	-9.7531e+92	-9.7531e+92	  0.0041372	 0.00041858	     0.0000	 -0.0035912	-0.00041493	 -0.0016671	
2	20	 0.00011112	 0.00034114	     139.77	    0.62284	-9.7531e+92	-9.7531e+92	  0.0022399	 0.00028994	     0.0000	 -0.0026628	-0.00032574	 -0.0015152	
2	21	 1.3237e-05	 4.0637e-05	     197.19	    0.18609	-9.7531e+92	-9.7531e+92	   0.063625	 0.00011705	     0.0000	-0.00033595	-0.00013132	   -0.15958	
2	22	 5.5421e-05	 0.00017014	     161.29	    0.38622	-9.7531e+92	-9.7531e+92	   0.022218	 0.00019398	 0.00028697	  -0.028276	-0.00020081	 -0.0087912	
2	23	 8.3587e-07	 2.5660e-06	     168.40	    0.33177	-9.7531e+92	-9.7531e+92	 0.00050474	 0.00011078	     0.0000	-0.00035538	-0.00013870	 -0.0015644	
2	24	 1.6366e-14	 5.0242e-14	     210.29	    0.14595	-9.7531e+92	-9.7531e+92	 0.00014878	 0.00010713	     0.0000	-4.1022e-05	-0.00012085	-0.00019665	
3	0	  0.0029662	   0.010837	     273.88	   0.052386	-9.7531e+92	-9.7531e+92	   0.030163	  0.0013496	     0.0000	  -0.055254	 -0.0062766	   0.060329	
3	1	   0.010308	   0.037658	     244.14	   0.082134	-9.7531e+92	-9.7531e+92	   0.087094	  0.0045575	     0.0000	  -0.083531	  -0.015590	   0.060588	
3	2	    0.16201	    0.59186	     63.167	     2.5880	-9.7531e+92	-9.7531e+92	    0.23172	   0.042852	     0.0000	   0.031589	   -0.60547	   -0.11139	
3	3	     0.0000	     0.0000	     0.0000	     3.0000	-9.7531e+92	-9.7531e+92	     1.8899	     0.0000	     1.7866	     0.0000	     0.0000	     0.0000	
3	4	    0.40931	     1.4954	     82.606	     2.0469	-9.7531e+92	-9.7531e+92	    0.48610	   0.098485	    0.17419	   0.066070	    -1.7544	   -0.74252	
3	5	  0.0063754	   0.023291	     167.87	    0.33554	-9.7531e+92	-9.7531e+92	   0.027866	  0.0028089	     0.0000	  -0.022463	  -0.020491	   0.032369	
3	6	  0.0070804	   0.025867	     180.81	    0.25667	-9.7531e+92	-9.7531e+92	   0.043372	  0.0031355	     0.0000	 -0.0051631	  -0.022542	   0.097653	
3	7	 6.0361e-07	 2.2052e-06	     215.68	    0.13250	-9.7531e+92	-9.7531e+92	   0.013411	 3.1404e-05	     0.0000	  -0.026384	-0.00022557	   0.043911	
3	8	 1.0560e-15	 3.8581e-15	     221.29	    0.12010	-9.7531e+92	-9.7531e+92	  0.0045591	 2.9704e-05	     0.0000	  -0.013226	-0.00022383	   0.014165	
3	9	 0.00069862	  0.0025523	     191.41	    0.20802	-9.7531e+92	-9.7531e+92	   0.015635	 0.00035251	     0.0000	-0.00065245	 -0.0025420	   0.043424	
3	10	 1.5882e-14	 5.8021e-14	     258.79	   0.065432	-9.7531e+92	-9.7531e+92	 0.00012859	 3.0677e-05	     0.0000	-3.9032e-05	-0.00022961	 2.4759e-05	
3	11	 3.2597e-15	 1.1909e-14	     244.71	   0.081388	-9.7531e+92	-9.7531e+92	 0.00016935	 3.0334e-05	     0.0000	-0.00021150	-0.00022792	 0.00022900	
3	12	 1.2495e-15	 4.5649e-15	     227.10	    0.10870	-9.7531e+92	-9.7531e+92	 0.00019623	 3.0555e-05	     0.0000	-0.00024824	-0.00022743	 0.00017972	
3	13	   0.092081	    0.33640	     188.65	    0.21955	-9.7531e+92	-9.7531e+92	    0.21783	   0.038067	     0.0000	  -0.020930	   -0.16847	   0.048014	
3	14	    0.11940	    0.43620	     161.01	    0.38854	-9.7531e+92	-9.7531e+92	    0.23218	   0.049060	     0.0000	 -0.0012854	   -0.21293	   0.020806	
3	15	    0.16411	    0.59956	     84.108	     1.9994	-9.7531e+92	-9.7531e+92	    0.17816	   0.068434	    0.10626	    0.16613	   -0.48479	   -0.24612	
3	16	 1.1938e-14	 4.3613e-14	     111.94	     1.1671	-9.7531e+92	-9.7531e+92	 0.00012175	 2.9823e-05	     0.0000	 8.3413e-09	-0.00019565	-8.1533e-09	
3	17	  0.0053214	   0.019441	     122.41	    0.92444	-9.7531e+92	-9.7531e+92	   0.028086	  0.0016666	     0.0000	 -0.0017612	 -0.0045674	 0.00015267	
3	18	   0.019293	   0.070483	     199.21	    0.17912	-9.7531e+92	-9.7531e+92	   0.060049	  0.0068635	     0.0000	  -0.080978	  -0.059238	   0.080188	
3	19	 1.6397e-05	 5.9903e-05	     184.07	    0.24039	-9.7531e+92	-9.7531e+92	  0.0035836	 3.6059e-05	     0.0000	 -0.0023334	-0.00026446	  0.0026691	
3	20	 3.0068e-05	 0.00010985	     185.64	    0.23299	-9.7531e+92	-9.7531e+92	  0.0020103	 4.4350e-05	     0.0000	 -0.0016304	-0.00032517	  0.0022835	
3	21	 8.2804e-15	 3.0251e-14	     259.71	   0.064522	-9.7531e+92	-9.7531e+92	   0.079475	 2.8560e-05	     0.0000	-0.00019288	-0.00021362	    0.19859	
3	22	 0.00099743	  0.0036439	     164.94	    0.35711	-9.7531e+92	-9.7531e+92	   0.020424	 0.00034414	     0.0000	 -0.0047884	 -0.0016268	  0.0039563	
3	23	 1.9777e-14	 7.2251e-14	     228.38	    0.10637	-9.7531e+92	-9.7531e+92	 0.00059620	 3.1113e-05	     0.0000	-0.00020415	-0.00023104	  0.0022560	
3	24	 3.6738e-15	 1.3422e-14	     270.69	   0.054855	-9.7531e+92	-9.7531e+92	 0.00017750	 3.0944e-05	     0.0000	-3.9329e-05	-0.00023112	 0.00028610	
4	0	 0.00056724	  0.0017658	     281.58	   0.046977	-9.7531e+92	-9.7531e+92	   0.030075	 0.00096887	     0.0000	   -0.18994	 -0.0017132	  -0.028533	
4	1	  0.0054761	   0.017047	     272.02	   0.053810	-9.7531e+92	-9.7531e+92	   0.054148	  0.0084031	     0.0000	   -0.29529	 -0.0049839	  -0.072899	
4	2	    0.12715	    0.39580	     91.235	     1.7721	-9.7531e+92	-9.7531e+92	    0.17392	   0.081464	     0.0000	  0.0078778	    -1.1904	  -0.077152	
4	3	    0.18237	    0.56771	     82.606	     2.0469	-9.7531e+92	-9.7531e+92	    0.17808	    0.14576	   0.090052	    0.16107	    -1.6804	   -0.28699	
4	4	     0.0000	     0.0000	     0.0000	     3.0000	-9.7531e+92	-9.7531e+92	     1.6900	     0.0000	     1.4242	     0.0000	     0.0000	     0.0000	
4	5	   0.020842	   0.064881	     147.08	    0.52816	-9.7531e+92	-9.7531e+92	   0.037554	   0.030856	     0.0000	  -0.018721	   -0.12582	  0.0027900	
4	6	  0.0016176	  0.0050356	     179.35	    0.26441	-9.7531e+92	-9.7531e+92	   0.039591	  0.0025170	     0.0000	  -0.018502	  -0.010019	   0.033350	
4	7	 1.2652e-05	 3.9385e-05	     209.16	    0.14897	-9.7531e+92	-9.7531e+92	   0.014506	 0.00012740	     0.0000	  -0.086529	-0.00051956	   0.017456	
4	8	 0.00011514	 0.00035843	     186.41	    0.22946	-9.7531e+92	-9.7531e+92	  0.0063152	 0.00027356	     0.0000	  -0.042782	 -0.0011758	  0.0059464	
4	9	 2.7664e-07	 8.6116e-07	     223.28	    0.11603	-9.7531e+92	-9.7531e+92	   0.015715	 0.00010621	     0.0000	 -0.0021998	-0.00043417	   0.017517	
4	10	 3.6962e-14	 1.1506e-13	     204.61	    0.16194	-9.7531e+92	-9.7531e+92	 0.00011542	 0.00010335	     0.0000	-0.00012807	-0.00044307	 1.1796e-05	
4	11	 3.9156e-14	 1.2189e-13	     218.09	    0.12699	-9.7531e+92	-9.7531e+92	 0.00016159	 0.00010190	     0.0000	-0.00069397	-0.00043906	 0.00010757	
4	12	 2.7343e-06	 8.5117e-06	     165.11	    0.35583	-9.7531e+92	-9.7531e+92	 0.00029337	 0.00010573	     0.0000	-0.00079230	-0.00043332	 8.3295e-05	
4	13	    0.23437	    0.72958	     217.30	    0.12878	-9.7531e+92	-9.7531e+92	    0.27260	    0.32895	     0.0000	    0.14136	   -0.48329	   0.089873	
4	14	    0.17374	    0.54083	     184.55	    0.23808	-9.7531e+92	-9.7531e+92	    0.21726	    0.24374	     0.0000	  0.0067613	   -0.31505	   0.034195	
4	15	   0.051247	    0.15953	     106.18	     1.3210	-9.7531e+92	-9.7531e+92	   0.067227	   0.070809	  0.0059681	    0.11923	   -0.27734	  -0.020472	
4	16	 5.1202e-14	 1.5939e-13	     75.439	     2.2661	-9.7531e+92	-9.7531e+92	 0.00010374	 0.00010073	     0.0000	 2.7671e-08	-0.00040282	-4.2305e-09	
4	17	   0.092978	    0.28944	     73.525	     2.3215	-9.7531e+92	-9.7531e+92	   0.080257	   0.087485	   0.054068	    0.19778	   -0.15364	    0.14886	
4	18	   0.017009	   0.052948	     186.18	    0.23049	-9.7531e+92	-9.7531e+92	   0.057402	   0.017647	     0.0000	   -0.16127	   -0.10159	   0.012798	
4	19	   0.012157	   0.037844	     119.82	    0.98008	-9.7531e+92	-9.7531e+92	   0.011754	   0.016325	  0.0067835	   0.053648	  -0.056926	 -0.0083084	
4	20	  0.0045055	   0.014025	     135.08	    0.69295	-9.7531e+92	-9.7531e+92	  0.0060400	  0.0070164	  0.0017061	   0.013099	  -0.028694	 -0.0024787	
4	21	 2.3580e-13	 7.3403e-13	     253.96	   0.070430	-9.7531e+92	-9.7531e+92	   0.091865	 9.7301e-05	     0.0000	-0.00063286	-0.00040578	   0.066135	
4	22	   0.075848	    0.23611	     82.638	     2.0459	-9.7531e+92	-9.7531e+92	   0.066894	   0.071849	   0.044656	    0.16545	   -0.14467	    0.11889	
4	23	 1.2930e-13	 4.0250e-13	     212.30	    0.14074	-9.7531e+92	-9.7531e+92	 0.00062527	 0.00010654	     0.0000	-0.00066983	-0.00045724	  0.0010359	
4	24	 3.9953e-15	 1.2437e-14	     253.16	   0.071301	-9.7531e+92	-9.7531e+92	 0.00016211	 0.00010541	     0.0000	-0.00012904	-0.00045470	 0.00013354	
5	0	  0.0045560	  0.0058932	     169.69	    0.32292	-9.7531e+92	-9.7531e+92	   0.015961	  0.0027399	     0.0000	  -0.056613	  -0.052447	    0.42443	
5	1	   0.062317	   0.080607	     161.91	    0.38106	-9.7531e+92	-9.7531e+92	   0.038545	   0.030998	     0.0000	  -0.012627	   -0.69045	   0.085107	
5	2	   0.060514	   0.078274	     120.45	    0.96633	-9.7531e+92	-9.7531e+92	   0.061357	   0.035931	     0.0000	  -0.074839	   -0.74693	    0.35631	
5	3	  0.0033908	  0.0043860	     167.87	    0.33554	-9.7531e+92	-9.7531e+92	  0.0064783	  0.0020806	     0.0000	  -0.032377	  -0.041636	    0.22709	
5	4	  0.0032044	  0.0041448	     147.08	    0.52816	-9.7531e+92	-9.7531e+92	   0.023696	  0.0018176	     0.0000	  -0.090416	  -0.040650	    0.76441	
5	5	     0.0000	     0.0000	     0.0000	     3.0000	-9.7531e+92	-9.7531e+92	    0.67231	     0.0000	    0.63895	     0.0000	     0.0000	     0.0000	
5	6	    0.10556	    0.13654	     72.218	     2.3585	-9.7531e+92	-9.7531e+92	   0.053774	   0.062277	     0.0000	  0.0036076	    -1.3765	   -0.38376	
5	7	  0.0098800	   0.012780	     89.752	     1.8194	-9.7531e+92	-9.7531e+92	   0.010543	  0.0063670	     0.0000	  -0.017121	   -0.13361	    0.15605	
5	8	    0.30133	    0.38977	     54.235	     2.7611	-9.7531e+92	-9.7531e+92	    0.10141	    0.14129	   0.090829	    0.10988	    -3.2665	    -2.3243	
5	9	 0.00015699	 0.00020307	     134.70	    0.69890	-9.7531e+92	-9.7531e+92	  0.0065348	 0.00013958	     0.0000	-0.00070509	 -0.0029966	    0.25740	
5	10	 1.1401e-05	 1.4747e-05	     93.726	     1.6933	-9.7531e+92	-9.7531e+92	 9.9234e-05	 4.2931e-05	     0.0000	-4.0352e-06	-0.00087150	 2.0212e-05	
5	11	 0.00016323	 0.00021114	     77.490	     2.2050	-9.7531e+92	-9.7531e+92	 0.00065016	 0.00013161	 0.00039819	 3.8472e-05	 -0.0027197	-0.00031370	
5	12	  0.0015245	  0.0019719	     80.590	     2.1100	-9.7531e+92	-9.7531e+92	 0.00069196	 0.00087826	 0.00047613	  0.0020389	  -0.018254	  -0.012322	
5	13	   0.072800	   0.094166	     125.66	    0.85869	-9.7531e+92	-9.7531e+92	   0.066018	   0.042518	     0.0000	  -0.031322	   -0.76196	    0.54723	
5	14	    0.19756	    0.25554	     108.09	     1.2686	-9.7531e+92	-9.7531e+92	    0.10417	   0.085904	     0.0000	     0.0000	    -2.5763	   -0.49617	
5	15	   0.021824	   0.028229	     104.94	     1.3557	-9.7531e+92	-9.7531e+92	   0.011678	   0.013353	     0.0000	  0.0026507	   -0.29200	  -0.021619	
5	16	 4.9464e-15	 6.3981e-15	     71.546	     2.3771	-9.7531e+92	-9.7531e+92	 4.3106e-05	 4.2975e-05	     0.0000	 8.5495e-09	-0.00089160	-4.5534e-08	
5	17	 2.6903e-14	 3.4798e-14	     219.60	    0.12368	-9.7531e+92	-9.7531e+92	  0.0011800	 4.3076e-05	     0.0000	  -0.019586	-0.00091190	   0.084447	
5	18	    0.14614	    0.18903	     53.346	     2.7752	-9.7531e+92	-9.7531e+92	   0.078648	   0.090989	     0.0000	    0.15255	    -1.8508	   -0.70686	
5	19	  0.0028505	  0.0036871	     64.874	     2.5486	-9.7531e+92	-9.7531e+92	  0.0017412	  0.0015299	     0.0000	 0.00068016	  -0.032916	  -0.011077	
5	20	  0.0033964	  0.0043932	     39.691	     2.9273	-9.7531e+92	-9.7531e+92	  0.0035752	  0.0017364	  0.0017744	 0.00038854	  -0.037897	  -0.016679	
5	21	  0.0010474	  0.0013548	     132.91	    0.72808	-9.7531e+92	-9.7531e+92	   0.031964	 0.00065358	     0.0000	-0.00019767	  -0.014693	     1.1627	
5	22	 4.8510e-07	 6.2747e-07	     151.89	    0.47454	-9.7531e+92	-9.7531e+92	 0.00099603	 4.0759e-05	     0.0000	  -0.016860	-0.00086898	   0.071106	
5	23	  0.0017469	  0.0022596	     65.633	     2.5304	-9.7531e+92	-9.7531e+92	  0.0011590	  0.0010647	     0.0000	 8.9297e-06	  -0.022888	 -0.0046437	
5	24	 2.5821e-05	 3.3399e-05	     106.34	     1.3165	-9.7531e+92	-9.7531e+92	 0.00015355	 5.8327e-05	     0.0000	-3.4846e-05	 -0.0012432	  0.0013626	
6	0	    0.15894	    0.23303	     105.31	     1.3454	-9.7531e+92	-9.7531e+92	   0.077847	    0.10194	     0.0000	     0.0000	    0.36637	     0.0000	
6	1	    0.11400	    0.16714	     96.519	     1.6061	-9.7531e+92	-9.7531e+92	   0.069555	    0.13686	     0.0000	    0.11331	     1.2164	    0.21165	
6	2	   0.050543	   0.074104	     118.53	     1.0087	-9.7531e+92	-9.7531e+92	   0.055559	   0.071130	     0.0000	   -0.18297	    0.52706	   -0.23506	
6	3	  0.0014618	  0.0021432	     180.81	    0.25667	-9.7531e+92	-9.7531e+92	  0.0052556	  0.0021984	     0.0000	  -0.067674	   0.016372	   -0.13160	
6	4	 0.00087065	  0.0012765	     179.35	    0.26441	-9.7531e+92	-9.7531e+92	   0.020171	  0.0012604	     0.0000	   -0.18166	  0.0098052	   -0.41226	
6	5	   0.034942	   0.051231	     72.218	     2.3585	-9.7531e+92	-9.7531e+92	   0.020822	   0.046090	     0.0000	   0.021809	    0.35710	   0.043572	
6	6	     0.0000	     0.0000	     0.0000	     3.0000	-9.7531e+92	-9.7531e+92	    0.76692	     0.0000	    0.66970	     0.0000	     0.0000	     0.0000	
6	7	   0.095520	    0.14005	     34.871	     2.9563	-9.7531e+92	-9.7531e+92	   0.044941	    0.13764	  0.0074482	    0.14830	    0.93100	    0.33045	
6	8	 0.00018304	 0.00026836	     109.28	     1.2365	-9.7531e+92	-9.7531e+92	  0.0033506	 0.00034736	     0.0000	  -0.026533	  0.0025319	  -0.037392	
6	9	   0.017076	   0.025036	     62.827	     2.5956	-9.7531e+92	-9.7531e+92	   0.017453	   0.022248	     0.0000	-0.00047334	    0.17644	  -0.042309	
6	10	 3.7532e-07	 5.5028e-07	     153.37	    0.45919	-9.7531e+92	-9.7531e+92	 5.2330e-05	 0.00010284	     0.0000	-7.7932e-05	 0.00063851	-6.3005e-05	
6	11	 6.1321e-05	 8.9907e-05	     117.04	     1.0431	-9.7531e+92	-9.7531e+92	 0.00010661	 0.00019067	     0.0000	-0.00022669	  0.0012409	-0.00031417	
6	12	 8.0132e-07	 1.1749e-06	     152.49	    0.46823	-9.7531e+92	-9.7531e+92	 7.2752e-05	 0.00010249	     0.0000	-0.00050539	 0.00064613	-0.00046637	
6	13	    0.17156	    0.25154	     53.773	     2.7685	-9.7531e+92	-9.7531e+92	    0.10972	    0.19488	     0.0000	   0.030433	     1.5909	    0.16796	
6	14	    0.12268	    0.17987	     41.508	     2.9135	-9.7531e+92	-9.7531e+92	   0.099955	    0.12883	     0.0000	 -0.0022233	    0.99735	  -0.089984	
6	15	  0.0076853	   0.011268	     96.746	     1.5991	-9.7531e+92	-9.7531e+92	  0.0070422	   0.011190	     0.0000	  -0.028226	   0.074929	  -0.056581	
6	16	 1.7762e-14	 2.6042e-14	     111.89	     1.1685	-9.7531e+92	-9.7531e+92	 4.8861e-05	 0.00010255	     0.0000	 1.7588e-08	 0.00062791	 2.0748e-08	
6	17	 5.8705e-14	 8.6071e-14	     251.72	   0.072906	-9.7531e+92	-9.7531e+92	  0.0010164	 0.00010319	     0.0000	  -0.037998	 0.00061212	  -0.039214	
6	18	    0.10782	    0.15809	     36.723	     2.9464	-9.7531e+92	-9.7531e+92	   0.066861	    0.15859	     0.0000	    0.14348	     1.0964	    0.17405	
6	19	 6.2431e-05	 9.1535e-05	     133.74	    0.71443	-9.7531e+92	-9.7531e+92	 0.00027223	 0.00018778	     0.0000	 -0.0046435	  0.0013051	 -0.0069096	
6	20	 5.0121e-05	 7.3485e-05	     111.59	     1.1762	-9.7531e+92	-9.7531e+92	 0.00027083	 0.00015754	     0.0000	 -0.0032945	  0.0012712	 -0.0060057	
6	21	    0.11110	    0.16288	     78.899	     2.1621	-9.7531e+92	-9.7531e+92	   0.095189	    0.13842	     0.0000	-2.7379e-05	     1.1172	  -0.039229	
6	22	 2.2023e-15	 3.2290e-15	     216.08	    0.13159	-9.7531e+92	-9.7531e+92	 0.00085375	 0.00010257	     0.0000	  -0.033576	 0.00062363	  -0.033340	
6	23	  0.0052747	  0.0077337	     73.330	     2.3271	-9.7531e+92	-9.7531e+92	  0.0024782	  0.0076580	 0.00051944	  0.0013191	   0.052268	   0.018785	
6	24	 0.00016863	 0.00024724	     108.13	     1.2674	-9.7531e+92	-9.7531e+92	 0.00019905	 0.00032757	     0.0000	 2.6401e-06	  0.0023558	 3.7590e-05	
7	0	   0.032249	   0.028986	     80.265	     2.1201	-9.7531e+92	-9.7531e+92	   0.024661	   0.010918	     0.0000	-0.00020868	   0.061699	  0.0017023	
7	1	   0.089441	   0.080393	     75.481	     2.2648	-9.7531e+92	-9.7531e+92	   0.042422	   0.034097	     0.0000	  0.0011936	    0.26990	 -0.0011511	
7	2	  0.0011799	  0.0010605	     153.12	    0.46179	-9.7531e+92	-9.7531e+92	   0.019745	 0.00056188	     0.0000	 -0.0096301	  0.0038618	  0.0091918	
7	3	 3.3530e-05	 3.0138e-05	     215.68	    0.13250	-9.7531e+92	-9.7531e+92	  0.0017145	 4.5920e-05	     0.0000	 -0.0018545	 0.00031852	  0.0025479	
7	4	 7.3251e-06	 6.5840e-06	     209.16	    0.14897	-9.7531e+92	-9.7531e+92	  0.0069919	 3.1444e-05	     0.0000	 -0.0047745	 0.00022785	  0.0080212	
7	5	  0.0042553	  0.0038248	     89.752	     1.8194	-9.7531e+92	-9.7531e+92	  0.0054128	  0.0019455	     0.0000	 -0.0013306	   0.012652	  0.0022808	
7	6	  0.0057759	  0.0051916	     34.871	     2.9563	-9.7531e+92	-9.7531e+92	   0.017316	  0.0022442	     0.0000	-3.0824e-06	   0.018809	  0.0024294	
7	7	     0.0000	     0.0000	     0.0000	     3.0000	-9.7531e+92	-9.7531e+92	    0.45553	     0.0000	    0.43255	     0.0000	     0.0000	     0.0000	
7	8	 0.00025556	 0.00022971	     109.89	     1.2203	-9.7531e+92	-9.7531e+92	 0.00097868	 0.00015015	     0.0000	-0.00068403	 0.00092283	 0.00086532	
7	9	  0.0057301	  0.0051504	     64.406	     2.5596	-9.7531e+92	-9.7531e+92	   0.010257	  0.0023817	     0.0000	     0.0000	   0.019718	  0.0013694	
7	10	 7.1485e-08	 6.4253e-08	     153.29	    0.46001	-9.7531e+92	-9.7531e+92	 3.1262e-05	 3.3206e-05	     0.0000	-2.0734e-06	 0.00018226	 1.5471e-06	
7	11	 3.5862e-06	 3.2234e-06	     112.26	     1.1591	-9.7531e+92	-9.7531e+92	 4.6097e-05	 3.4146e-05	     0.0000	-1.0978e-05	 0.00019829	 1.3990e-05	
7	12	 5.2898e-09	 4.7546e-09	     158.06	    0.41430	-9.7531e+92	-9.7531e+92	 3.6752e-05	 3.2965e-05	     0.0000	-1.3254e-05	 0.00018188	 1.1288e-05	
7	13	   0.063167	   0.056776	     57.312	     2.7078	-9.7531e+92	-9.7531e+92	   0.049998	   0.021193	     0.0000	 -0.0018122	    0.11908	  0.0054445	
7	14	   0.098385	   0.088431	     65.464	     2.5345	-9.7531e+92	-9.7531e+92	   0.058452	   0.034679	     0.0000	-0.00013773	    0.23728	  0.0029447	
7	15	 0.00067785	 0.00060927	     131.62	    0.74982	-9.7531e+92	-9.7531e+92	  0.0018143	 0.00034286	     0.0000	 -0.0011646	  0.0021118	  0.0020456	
7	16	 3.1205e-16	 2.8048e-16	     137.28	    0.65913	-9.7531e+92	-9.7531e+92	 2.9954e-05	 3.3090e-05	     0.0000	 4.5761e-10	 0.00018183	-5.1035e-10	
7	17	 2.4703e-16	 2.2204e-16	     281.54	   0.047004	-9.7531e+92	-9.7531e+92	 0.00036572	 3.2710e-05	     0.0000	-0.00098863	 0.00017894	 0.00093466	
7	18	   0.056225	   0.050537	     38.248	     2.9371	-9.7531e+92	-9.7531e+92	   0.036592	   0.026514	     0.0000	 -0.0016081	    0.16850	  0.0015308	
7	19	 1.5997e-06	 1.4379e-06	     154.38	    0.44913	-9.7531e+92	-9.7531e+92	 9.8328e-05	 3.3300e-05	     0.0000	-0.00012581	 0.00019031	 0.00016974	
7	20	 1.1946e-05	 1.0737e-05	     126.68	    0.83907	-9.7531e+92	-9.7531e+92	 9.9437e-05	 3.7428e-05	     0.0000	-8.8276e-05	 0.00022514	 0.00014583	
7	21	    0.64181	    0.57688	     44.967	     2.8822	-9.7531e+92	-9.7531e+92	    0.16507	    0.26052	   0.057913	 4.5085e-05	     1.9360	  -0.055247	
7	22	 2.4734e-16	 2.2232e-16	     241.36	   0.085874	-9.7531e+92	-9.7531e+92	 0.00030992	 3.2674e-05	     0.0000	-0.00087358	 0.00018172	 0.00078385	
7	23	 0.00023368	 0.00021004	     58.677	     2.6821	-9.7531e+92	-9.7531e+92	 0.00056854	 0.00013875	     0.0000	-8.8974e-06	 0.00087774	 0.00011582	
7	24	 0.00055279	 0.00049687	     84.614	     1.9834	-9.7531e+92	-9.7531e+92	 0.00020126	 0.00028803	     0.0000	 5.1278e-06	  0.0017988	-4.3916e-05	
8	0	   0.012727	  0.0089125	     172.11	    0.30693	-9.7531e+92	-9.7531e+92	  0.0091825	  0.0027646	     0.0000	  -0.038344	  -0.094407	    0.24055	
8	1	  0.0081088	  0.0056783	     184.58	    0.23797	-9.7531e+92	-9.7531e+92	   0.011318	  0.0016501	     0.0000	  -0.074469	  -0.056877	    0.35841	
8	2	 0.00085173	 0.00059643	     174.51	    0.29198	-9.7531e+92	-9.7531e+92	   0.032036	 0.00019687	     0.0000	   -0.15583	 -0.0072811	    0.62269	
8	3	 7.0069e-05	 4.9067e-05	     221.29	    0.12010	-9.7531e+92	-9.7531e+92	  0.0027658	 2.9923e-05	     0.0000	  -0.029871	 -0.0010624	    0.17569	
8	4	 0.00037599	 0.00026329	     186.41	    0.22946	-9.7531e+92	-9.7531e+92	   0.011840	 9.0485e-05	     0.0000	  -0.076504	 -0.0035134	    0.54010	
8	5	    0.33748	    0.23633	     54.235	     2.7611	-9.7531e+92	-9.7531e+92	   0.065768	   0.037586	   0.047708	  0.0027083	    -2.3982	    -1.7265	
8	6	   0.067907	   0.047553	     109.28	     1.2365	-9.7531e+92	-9.7531e+92	   0.023675	   0.014622	     0.0000	 0.00011638	   -0.56834	  -0.010397	
8	7	  0.0050920	  0.0035657	     109.89	     1.2203	-9.7531e+92	-9.7531e+92	  0.0046599	  0.0011738	     0.0000	  -0.018193	  -0.044041	    0.13958	
8	8	     0.0000	     0.0000	     0.0000	     3.0000	-9.7531e+92	-9.7531e+92	    0.36037	     0.0000	    0.35465	     0.0000	     0.0000	     0.0000	
8	9	 8.6775e-06	 6.0765e-06	     171.65	    0.30991	-9.7531e+92	-9.7531e+92	  0.0030280	 1.6955e-05	     0.0000	-0.00057718	-0.00064329	    0.17734	
8	10	 0.00089157	 0.00062434	     44.054	     2.8911	-9.7531e+92	-9.7531e+92	 0.00019074	 0.00017136	 0.00013439	 0.00098819	 -0.0061733	 -0.0043654	
8	11	   0.010565	  0.0073982	     32.525	     2.9668	-9.7531e+92	-9.7531e+92	  0.0019438	  0.0021969	  0.0018074	  0.0097893	  -0.083894	  -0.066977	
8	12	  0.0022700	  0.0015896	     55.069	     2.7473	-9.7531e+92	-9.7531e+92	 0.00051208	 0.00041205	 0.00039523	  0.0018884	  -0.014769	  -0.010527	
8	13	    0.10620	   0.074365	     162.59	    0.37553	-9.7531e+92	-9.7531e+92	   0.037865	   0.022355	     0.0000	  -0.012555	   -0.74076	    0.18313	
8	14	    0.10790	   0.075558	     146.54	    0.53466	-9.7531e+92	-9.7531e+92	   0.039990	   0.020066	     0.0000	-0.00063649	   -0.78805	    0.18099	
8	15	 3.5982e-05	 2.5197e-05	     159.01	    0.40580	-9.7531e+92	-9.7531e+92	  0.0028500	 2.2960e-05	     0.0000	  -0.019419	-0.00087352	    0.13329	
8	16	 8.4413e-14	 5.9112e-14	     112.87	     1.1438	-9.7531e+92	-9.7531e+92	 2.3337e-05	 1.5010e-05	     0.0000	 6.9779e-09	-0.00055343	-3.0505e-08	
8	17	 9.3378e-14	 6.5389e-14	     258.50	   0.065716	-9.7531e+92	-9.7531e+92	 0.00059040	 1.5226e-05	     0.0000	  -0.015944	-0.00057888	   0.057888	
8	18	    0.27714	    0.19407	     75.421	     2.2666	-9.7531e+92	-9.7531e+92	   0.063046	   0.061792	   0.012833	    0.34287	    -2.2489	    -1.3346	
8	19	  0.0093636	  0.0065570	     80.536	     2.1117	-9.7531e+92	-9.7531e+92	  0.0020233	  0.0018701	 0.00090528	  0.0049473	  -0.074836	  -0.050457	
8	20	   0.042899	   0.030041	     51.987	     2.7958	-9.7531e+92	-9.7531e+92	  0.0080524	  0.0083927	  0.0070774	   0.013472	   -0.33989	   -0.26679	
8	21	  0.0042525	  0.0029779	     132.38	    0.73687	-9.7531e+92	-9.7531e+92	   0.016590	 0.00091369	     0.0000	-0.00016019	  -0.036328	    0.77456	
8	22	 4.2017e-07	 2.9423e-07	     168.70	    0.32968	-9.7531e+92	-9.7531e+92	 0.00050681	 1.4833e-05	     0.0000	  -0.013967	-0.00057113	   0.048803	
8	23	  0.0045486	  0.0031852	     54.810	     2.7517	-9.7531e+92	-9.7531e+92	  0.0010842	  0.0010124	 0.00014865	 0.00020028	  -0.039121	  -0.022671	
8	24	  0.0013124	 0.00091901	     77.960	     2.1908	-9.7531e+92	-9.7531e+92	 0.00028284	 0.00031169	 0.00012388	 0.00024276	  -0.011815	 -0.0079817	
9	0	    0.14897	    0.13922	     86.890	     1.9108	-9.7531e+92	-9.7531e+92	   0.048649	   0.051896	     0.0000	     0.0000	    0.45378	     0.0000	
9	1	    0.18359	    0.17158	     55.376	     2.7421	-9.7531e+92	-9.7531e+92	   0.060346	   0.065936	     0.0000	     0.0000	    0.71026	     0.0000	
9	2	   0.023875	   0.022313	     133.64	    0.71608	-9.7531e+92	-9.7531e+92	   0.023737	   0.010913	     0.0000	     0.0000	    0.10239	     0.0000	
9	3	  0.0012832	  0.0011993	     191.41	    0.20802	-9.7531e+92	-9.7531e+92	  0.0024210	 0.00062237	     0.0000	     0.0000	  0.0058474	     0.0000	
9	4	 0.00015691	 0.00014664	     223.28	    0.11603	-9.7531e+92	-9.7531e+92	  0.0085837	 9.5894e-05	     0.0000	     0.0000	 0.00095187	     0.0000	
9	5	  0.0028148	  0.0026307	     134.70	    0.69890	-9.7531e+92	-9.7531e+92	  0.0064334	  0.0013333	     0.0000	     0.0000	   0.011823	     0.0000	
9	6	   0.072126	   0.067408	     62.827	     2.5956	-9.7531e+92	-9.7531e+92	   0.038411	   0.030997	     0.0000	     0.0000	    0.30352	     0.0000	
9	7	   0.077947	   0.072849	     64.406	     2.5596	-9.7531e+92	-9.7531e+92	   0.025401	   0.035705	  0.0015019	     0.0000	    0.33054	     0.0000	
9	8	 2.0455e-05	 1.9117e-05	     171.65	    0.30991	-9.7531e+92	-9.7531e+92	  0.0010593	 4.1739e-05	     0.0000	     0.0000	 0.00035157	     0.0000	
9	9	     0.0000	     0.0000	     0.0000	     3.0000	-9.7531e+92	-9.7531e+92	    0.47494	     0.0000	    0.45060	     0.0000	     0.0000	     0.0000	
9	10	 8.4627e-15	 7.9091e-15	     215.04	    0.13402	-9.7531e+92	-9.7531e+92	 3.2478e-05	 3.3908e-05	     0.0000	     0.0000	 0.00026293	     0.0000	
9	11	 3.7080e-08	 3.4654e-08	     175.31	    0.28718	-9.7531e+92	-9.7531e+92	 4.5390e-05	 3.3126e-05	     0.0000	     0.0000	 0.00026724	     0.0000	
9	12	 4.8440e-15	 4.5271e-15	     214.99	    0.13415	-9.7531e+92	-9.7531e+92	 3.9022e-05	 3.3459e-05	     0.0000	     0.0000	 0.00026456	     0.0000	
9	13	    0.18191	    0.17001	     9.0540	     2.9998	-9.7531e+92	-9.7531e+92	   0.074732	   0.064531	     0.0000	     0.0000	    0.59869	     0.0000	
9	14	    0.17516	    0.16370	     38.749	     2.9339	-9.7531e+92	-9.7531e+92	   0.080676	   0.056096	     0.0000	     0.0000	    0.47566	     0.0000	
9	15	  0.0033040	  0.0030878	     117.55	     1.0311	-9.7531e+92	-9.7531e+92	  0.0029590	  0.0015423	     0.0000	     0.0000	   0.013797	     0.0000	
9	16	 6.0189e-15	 5.6252e-15	     159.83	    0.39862	-9.7531e+92	-9.7531e+92	 3.1146e-05	 3.2918e-05	     0.0000	     0.0000	 0.00029685	     0.0000	
9	17	 1.0354e-15	 9.6764e-16	     293.28	   0.040011	-9.7531e+92	-9.7531e+92	 0.00044391	 3.3186e-05	     0.0000	     0.0000	 0.00026283	     0.0000	
9	18	   0.046617	   0.043568	     96.665	     1.6016	-9.7531e+92	-9.7531e+92	   0.028434	   0.022490	     0.0000	     0.0000	    0.19647	     0.0000	
9	19	 5.7215e-07	 5.3472e-07	     193.08	    0.20137	-9.7531e+92	-9.7531e+92	 0.00011356	 3.3476e-05	     0.0000	     0.0000	 0.00026911	     0.0000	
9	20	 1.0644e-05	 9.9478e-06	     174.09	    0.29453	-9.7531e+92	-9.7531e+92	 0.00011071	 3.7638e-05	     0.0000	     0.0000	 0.00031315	     0.0000	
9	21	   0.081974	   0.076612	     83.320	     2.0244	-9.7531e+92	-9.7531e+92	   0.056005	   0.032249	     0.0000	     0.0000	    0.35996	     0.0000	
9	22	 3.3469e-14	 3.1280e-14	     266.14	   0.058633	-9.7531e+92	-9.7531e+92	 0.00037456	 3.3158e-05	     0.0000	     0.0000	 0.00026499	     0.0000	
9	23	 0.00021631	 0.00020216	     121.73	    0.93874	-9.7531e+92	-9.7531e+92	 0.00042302	 0.00013260	     0.0000	     0.0000	  0.0011613	     0.0000	
9	24	 2.8071e-05	 2.6235e-05	     149.07	    0.50520	-9.7531e+92	-9.7531e+92	 9.0599e-05	 4.4681e-05	     0.0000	     0.0000	 0.00038906	     0.0000	
10	0	   0.010965	  0.0035939	     210.64	    0.14503	-9.7531e+92	-9.7531e+92	  0.0031840	 3.1074e-05	     0.0000	-0.00043992	 -0.0046221	   0.017169	
10	1	  0.0022586	 0.00074027	     228.04	    0.10699	-9.7531e+92	-9.7531e+92	  0.0036804	 6.3292e-06	     0.0000	-0.00089289	-0.00092934	   0.027314	
10	2	 0.00056742	 0.00018598	     213.20	    0.13850	-9.7531e+92	-9.7531e+92	   0.016207	 1.7877e-06	     0.0000	 -0.0017184	-0.00027886	   0.041852	
10	3	 2.3481e-05	 7.6961e-06	     258.79	   0.065432	-9.7531e+92	-9.7531e+92	  0.0013957	 2.5887e-07	     0.0000	-0.00032897	-3.9127e-05	   0.011863	
10	4	 0.00036472	 0.00011954	     204.61	    0.16194	-9.7531e+92	-9.7531e+92	  0.0063642	 1.1747e-06	     0.0000	-0.00084107	-0.00018955	   0.036216	
10	5	    0.20316	   0.066586	     93.726	     1.6933	-9.7531e+92	-9.7531e+92	   0.023356	 0.00058167	   0.014903	  0.0017773	  -0.093033	  -0.078782	
10	6	 0.00089943	 0.00029479	     153.37	    0.45919	-9.7531e+92	-9.7531e+92	  0.0055553	 2.7903e-06	     0.0000	-5.3953e-05	-0.00044124	   0.028956	
10	7	 0.00059422	 0.00019476	     153.29	    0.46001	-9.7531e+92	-9.7531e+92	  0.0012654	 1.9995e-06	     0.0000	-0.00024401	-0.00030584	   0.011183	
10	8	    0.18119	   0.059387	     44.054	     2.8911	-9.7531e+92	-9.7531e+92	   0.018749	 0.00051345	   0.016069	  0.0024194	  -0.082886	  -0.076856	
10	9	 7.1028e-09	 2.3280e-09	     215.04	    0.13402	-9.7531e+92	-9.7531e+92	 0.00096650	 1.9955e-07	     0.0000	-6.3481e-06	-3.0874e-05	   0.011655	
10	10	     0.0000	     0.0000	     0.0000	     3.0000	-9.7531e+92	-9.7531e+92	    0.16390	     0.0000	    0.16387	     0.0000	     0.0000	     0.0000	
10	11	   0.016917	  0.0055447	     46.926	     2.8613	-9.7531e+92	-9.7531e+92	  0.0015058	 5.0780e-05	  0.0014420	 0.00024506	 -0.0077807	 -0.0074734	
10	12	  0.0084466	  0.0027684	     46.012	     2.8713	-9.7531e+92	-9.7531e+92	 0.00078289	 1.6370e-05	 0.00072820	 3.3973e-05	 -0.0026808	 -0.0025201	
10	13	   0.043052	   0.014111	     205.99	    0.15786	-9.7531e+92	-9.7531e+92	   0.011774	 0.00011618	     0.0000	-0.00040702	  -0.017454	   0.037508	
10	14	   0.035612	   0.011672	     190.48	    0.21181	-9.7531e+92	-9.7531e+92	   0.012552	 9.5051e-05	     0.0000	-6.1025e-05	  -0.014343	   0.040785	
10	15	 8.6056e-06	 2.8205e-06	     197.67	    0.18443	-9.7531e+92	-9.7531e+92	  0.0012634	 2.2471e-07	     0.0000	-0.00021381	-3.4781e-05	  0.0087759	
10	16	 3.0471e-15	 9.9869e-16	     147.94	    0.51817	-9.7531e+92	-9.7531e+92	 1.0923e-05	 2.0439e-07	     0.0000	 7.3578e-11	-1.2712e-05	-7.9071e-10	
10	17	 4.3321e-15	 1.4199e-15	     270.72	   0.054831	-9.7531e+92	-9.7531e+92	 0.00031560	 2.0245e-07	     0.0000	-0.00017531	-3.1227e-05	  0.0037866	
10	18	    0.31623	    0.10365	     118.82	     1.0023	-9.7531e+92	-9.7531e+92	   0.033758	 0.00093092	   0.010256	  0.0044872	   -0.14127	   -0.10579	
10	19	   0.030317	  0.0099365	     85.643	     1.9506	-9.7531e+92	-9.7531e+92	  0.0028611	 8.8982e-05	  0.0023378	 0.00036677	  -0.013905	  -0.012796	
10	20	    0.14110	   0.046246	     74.457	     2.2947	-9.7531e+92	-9.7531e+92	   0.012220	 0.00042785	   0.011764	  0.0016166	  -0.065542	  -0.063061	
10	21	  0.0016789	 0.00055027	     171.26	    0.31241	-9.7531e+92	-9.7531e+92	  0.0050404	 4.8977e-06	     0.0000	-1.7848e-06	-0.00079964	   0.052211	
10	22	 5.3558e-07	 1.7554e-07	     176.66	    0.27933	-9.7531e+92	-9.7531e+92	 0.00028164	 2.0367e-07	     0.0000	-0.00015402	-3.1328e-05	  0.0031973	
10	23	  0.0060425	  0.0019804	     95.614	     1.6342	-9.7531e+92	-9.7531e+92	 0.00065370	 1.8429e-05	 0.00021582	 7.1524e-06	 -0.0028379	 -0.0021540	
10	24	 0.00057094	 0.00018713	     102.71	     1.4197	-9.7531e+92	-9.7531e+92	 7.9983e-05	 1.9319e-06	 5.5829e-06	 9.4027e-07	-0.00029647	-0.00018542	
11	0	   0.053298	   0.020159	     167.10	    0.34103	-9.7531e+92	-9.7531e+92	  0.0084200	 0.00034360	     0.0000	 1.7079e-06	   -0.11642	-0.00012507	
11	1	   0.043319	   0.016385	     185.20	    0.23505	-9.7531e+92	-9.7531e+92	  0.0092568	 0.00027285	     0.0000	 -0.0010479	  -0.090444	   0.060251	
11	2	 0.00019045	 7.2034e-05	     197.83	    0.18388	-9.7531e+92	-9.7531e+92	   0.021726	 1.6575e-06	     0.0000	 -0.0048500	-0.00058776	    0.22125	
11	3	 5.3999e-06	 2.0425e-06	     244.71	   0.081388	-9.7531e+92	-9.7531e+92	  0.0017406	 4.7444e-07	     0.0000	-0.00092555	-0.00016268	   0.062543	
11	4	 5.2235e-06	 1.9757e-06	     218.09	    0.12699	-9.7531e+92	-9.7531e+92	  0.0076228	 4.4750e-07	     0.0000	 -0.0023800	-0.00016436	    0.19153	
11	5	    0.18393	   0.069571	     77.490	     2.2050	-9.7531e+92	-9.7531e+92	   0.020809	  0.0010758	   0.011054	  0.0024996	   -0.43636	   -0.36854	
11	6	   0.019864	  0.0075133	     117.04	     1.0431	-9.7531e+92	-9.7531e+92	  0.0080270	 0.00012977	     0.0000	-0.00010751	  -0.047234	    0.10817	
11	7	  0.0054585	  0.0020646	     112.26	     1.1591	-9.7531e+92	-9.7531e+92	  0.0022870	 3.7724e-05	     0.0000	-0.00055235	  -0.013262	   0.047329	
11	8	   0.051846	   0.019610	     32.525	     2.9668	-9.7531e+92	-9.7531e+92	  0.0081067	 0.00025573	  0.0050140	 0.00098030	   -0.12068	  -0.099883	
11	9	 7.4986e-06	 2.8363e-06	     175.31	    0.28718	-9.7531e+92	-9.7531e+92	  0.0016565	 5.0258e-07	     0.0000	-1.7844e-05	-0.00017814	   0.061256	
11	10	 0.00097606	 0.00036919	     46.926	     2.8613	-9.7531e+92	-9.7531e+92	 0.00011005	 5.5292e-06	 7.9616e-05	 3.7578e-05	 -0.0023426	 -0.0021236	
11	11	     0.0000	     0.0000	     0.0000	     3.0000	-9.7531e+92	-9.7531e+92	    0.18918	     0.0000	    0.18911	     0.0000	     0.0000	     0.0000	
11	12	 0.00065945	 0.00024943	     77.218	     2.2132	-9.7531e+92	-9.7531e+92	 0.00010322	 4.4763e-06	 4.0108e-05	 2.6117e-05	 -0.0017157	 -0.0012988	
11	13	   0.055031	   0.020815	     166.60	    0.34470	-9.7531e+92	-9.7531e+92	   0.015613	 0.00034152	     0.0000	 -0.0010009	   -0.11628	    0.17329	
11	14	   0.078750	   0.029786	     157.91	    0.41563	-9.7531e+92	-9.7531e+92	   0.019057	 0.00047643	     0.0000	-9.1860e-05	   -0.16533	    0.12668	
11	15	 2.4588e-07	 9.3001e-08	     182.32	    0.24896	-9.7531e+92	-9.7531e+92	  0.0015353	 4.5424e-07	     0.0000	-0.00060141	-0.00016045	   0.046159	
11	16	 3.4920e-18	 1.3208e-18	     142.85	    0.58099	-9.7531e+92	-9.7531e+92	 1.2605e-05	 4.2213e-07	     0.0000	 1.3929e-10	-2.6403e-05	-1.5874e-09	
11	17	 2.7641e-16	 1.0455e-16	     290.18	   0.041722	-9.7531e+92	-9.7531e+92	 0.00037733	 4.5782e-07	     0.0000	-0.00049291	-0.00016196	   0.019899	
11	18	    0.42360	    0.16022	     81.269	     2.0888	-9.7531e+92	-9.7531e+92	   0.046730	  0.0028047	   0.019608	   0.018158	   -0.98305	   -0.80134	
11	19	 8.1325e-05	 3.0760e-05	     108.78	     1.2499	-9.7531e+92	-9.7531e+92	 0.00016325	 9.9203e-07	     0.0000	-5.2634e-05	-0.00035721	  0.0034424	
11	20	  0.0072303	  0.0027348	     83.734	     2.0113	-9.7531e+92	-9.7531e+92	 0.00095507	 4.8431e-05	 0.00042847	 0.00016691	  -0.017579	  -0.013983	
11	21	   0.042972	   0.016254	     128.65	    0.80225	-9.7531e+92	-9.7531e+92	   0.011141	 0.00027329	     0.0000	-3.1454e-06	   -0.10230	    0.17822	
11	22	 9.8919e-10	 3.7415e-10	     200.45	    0.17499	-9.7531e+92	-9.7531e+92	 0.00031673	 4.5509e-07	     0.0000	-0.00043490	-0.00016126	   0.016806	
11	23	   0.031356	   0.011860	     53.605	     2.7712	-9.7531e+92	-9.7531e+92	  0.0030866	 0.00020762	  0.0025812	 0.00010768	  -0.075500	  -0.071089	
11	24	  0.0014150	 0.00053522	     56.094	     2.7297	-9.7531e+92	-9.7531e+92	 0.00016748	 1.0064e-05	 8.1619e-05	 8.0066e-06	 -0.0035812	 -0.0029820	
12	0	  0.0013943	 0.00045718	     226.76	    0.10933	-9.7531e+92	-9.7531e+92	  0.0025004	 9.6729e-06	     0.0000	 -0.0016617	-0.00065275	   0.021733	
12	1	  0.0040568	  0.0013302	     231.78	    0.10046	-9.7531e+92	-9.7531e+92	  0.0038277	 2.6617e-05	     0.0000	 -0.0026799	 -0.0017437	   0.027258	
12	2	   0.016129	  0.0052885	     181.48	    0.25322	-9.7531e+92	-9.7531e+92	   0.013296	 0.00010491	     0.0000	 -0.0044539	 -0.0076666	   0.036631	
12	3	 0.00039675	 0.00013009	     227.10	    0.10870	-9.7531e+92	-9.7531e+92	  0.0016837	 3.0728e-06	     0.0000	-0.00099981	-0.00021582	   0.012148	
12	4	   0.039813	   0.013055	     165.11	    0.35583	-9.7531e+92	-9.7531e+92	  0.0098467	 0.00024701	     0.0000	 -0.0013572	  -0.018894	   0.020200	
12	5	    0.15755	   0.051659	     80.590	     2.1100	-9.7531e+92	-9.7531e+92	   0.020692	 0.00096608	   0.012236	  0.0036419	  -0.076943	  -0.060404	
12	6	  0.0060504	  0.0019839	     152.49	    0.46823	-9.7531e+92	-9.7531e+92	  0.0059956	 4.0822e-05	     0.0000	-0.00015318	 -0.0030241	   0.027903	
12	7	 2.5823e-05	 8.4672e-06	     158.06	    0.41430	-9.7531e+92	-9.7531e+92	  0.0012408	 6.4555e-07	     0.0000	-0.00076866	-4.6493e-05	   0.011986	
12	8	    0.19675	   0.064515	     55.069	     2.7473	-9.7531e+92	-9.7531e+92	   0.019749	  0.0012429	   0.017067	  0.0074736	  -0.095045	  -0.085670	
12	9	 1.0496e-07	 3.4417e-08	     214.99	    0.13415	-9.7531e+92	-9.7531e+92	  0.0011674	 4.6210e-07	     0.0000	-1.9552e-05	-3.3546e-05	   0.012213	
12	10	   0.014992	  0.0049159	     46.012	     2.8713	-9.7531e+92	-9.7531e+92	  0.0012541	 9.3285e-05	  0.0012278	 0.00093210	 -0.0062414	 -0.0057877	
12	11	  0.0052959	  0.0017365	     77.218	     2.2132	-9.7531e+92	-9.7531e+92	 0.00056741	 3.7164e-05	 0.00050354	 0.00023631	 -0.0026811	 -0.0024381	
12	12	     0.0000	     0.0000	     0.0000	     3.0000	-9.7531e+92	-9.7531e+92	    0.16413	     0.0000	    0.16408	     0.0000	     0.0000	     0.0000	
12	13	  0.0090381	  0.0029636	     205.94	    0.15802	-9.7531e+92	-9.7531e+92	   0.010440	 5.8014e-05	     0.0000	 -0.0016998	 -0.0039032	   0.052197	
12	14	    0.14730	   0.048299	     188.63	    0.21964	-9.7531e+92	-9.7531e+92	   0.021386	 0.00091493	     0.0000	 1.1390e-05	  -0.063002	 -0.0028068	
12	15	 0.00018161	 5.9549e-05	     166.81	    0.34315	-9.7531e+92	-9.7531e+92	  0.0013067	 1.7119e-06	     0.0000	-0.00065270	-0.00012428	  0.0091119	
12	16	 1.6242e-14	 5.3257e-15	     115.95	     1.0685	-9.7531e+92	-9.7531e+92	 1.0927e-05	 4.6745e-07	     0.0000	 2.3426e-10	-2.3339e-05	-1.4335e-09	
12	17	 1.5213e-14	 4.9883e-15	     225.22	    0.11223	-9.7531e+92	-9.7531e+92	 0.00048189	 4.6088e-07	     0.0000	-0.00053827	-3.3886e-05	  0.0039743	
12	18	    0.16982	   0.055684	     120.73	    0.96010	-9.7531e+92	-9.7531e+92	   0.021921	  0.0011530	     0.0000	  0.0055436	  -0.081859	  -0.044237	
12	19	    0.15468	   0.050719	     44.530	     2.8865	-9.7531e+92	-9.7531e+92	   0.012983	 0.00066264	   0.012459	  0.0022343	  -0.051094	  -0.046202	
12	20	   0.075738	   0.024834	     45.010	     2.8817	-9.7531e+92	-9.7531e+92	  0.0075553	 0.00049692	  0.0070988	  0.0021968	  -0.036605	  -0.033810	
12	21	 1.1218e-05	 3.6784e-06	     187.39	    0.22505	-9.7531e+92	-9.7531e+92	  0.0051179	 5.0717e-07	     0.0000	-5.6243e-06	-3.8701e-05	   0.055408	
12	22	 0.00025045	 8.2121e-05	     131.16	    0.75767	-9.7531e+92	-9.7531e+92	 0.00049121	 2.1137e-06	     0.0000	-0.00042934	-0.00015684	  0.0031857	
12	23	 0.00051767	 0.00016974	     109.85	     1.2215	-9.7531e+92	-9.7531e+92	 0.00018274	 4.0845e-06	     0.0000	-3.2229e-06	-0.00029625	 0.00035809	
12	24	 5.2889e-06	 1.7342e-06	     132.31	    0.73810	-9.7531e+92	-9.7531e+92	 3.1916e-05	 5.0702e-07	     0.0000	-1.1087e-06	-3.6631e-05	 7.3888e-05	
13	0	   0.085822	    0.54607	     86.013	     1.9388	-9.7531e+92	-9.7531e+92	    0.24940	    0.16367	     0.0000	     0.0000	     1.0930	     0.0000	
13	1	   0.053934	    0.34317	     57.043	     2.7128	-9.7531e+92	-9.7531e+92	    0.23802	   0.079834	     0.0000	     0.0000	    0.54735	     0.0000	
13	2	   0.053765	    0.34210	     127.66	    0.82064	-9.7531e+92	-9.7531e+92	    0.24407	    0.10341	     0.0000	     0.0000	    0.68142	     0.0000	
13	3	  0.0020510	   0.013050	     188.65	    0.21955	-9.7531e+92	-9.7531e+92	   0.023244	  0.0041100	     0.0000	     0.0000	   0.026714	     0.0000	
13	4	 0.00031750	  0.0020202	     217.30	    0.12878	-9.7531e+92	-9.7531e+92	   0.087060	 0.00064276	     0.0000	     0.0000	  0.0045106	     0.0000	
13	5	  0.0022921	   0.014584	     125.66	    0.85869	-9.7531e+92	-9.7531e+92	   0.032846	  0.0049667	     0.0000	     0.0000	   0.029760	     0.0000	
13	6	   0.070850	    0.45080	     53.773	     2.7685	-9.7531e+92	-9.7531e+92	    0.23189	    0.13580	     0.0000	     0.0000	    0.90900	     0.0000	
13	7	   0.050170	    0.31922	     57.312	     2.7078	-9.7531e+92	-9.7531e+92	    0.12461	    0.10822	     0.0000	     0.0000	    0.63537	     0.0000	
13	8	 6.0124e-05	 0.00038256	     162.59	    0.37553	-9.7531e+92	-9.7531e+92	  0.0057781	 0.00027600	     0.0000	     0.0000	  0.0015985	     0.0000	
13	9	   0.032923	    0.20948	     9.0540	     2.9998	-9.7531e+92	-9.7531e+92	    0.10744	   0.064609	     0.0000	     0.0000	    0.43339	     0.0000	
13	10	 9.4583e-14	 6.0182e-13	     205.99	    0.15786	-9.7531e+92	-9.7531e+92	 0.00022070	 0.00016047	     0.0000	     0.0000	 0.00079700	     0.0000	
13	11	 1.5525e-06	 9.8783e-06	     166.60	    0.34470	-9.7531e+92	-9.7531e+92	 0.00032066	 0.00015922	     0.0000	     0.0000	 0.00082955	     0.0000	
13	12	 3.9982e-13	 2.5439e-12	     205.94	    0.15802	-9.7531e+92	-9.7531e+92	 0.00025802	 0.00015980	     0.0000	     0.0000	 0.00078758	     0.0000	
13	13	     0.0000	     0.0000	     0.0000	     3.0000	-9.7531e+92	-9.7531e+92	     3.4191	     0.0000	     2.5383	     0.0000	     0.0000	     0.0000	
13	14	   0.047216	    0.30042	     32.765	     2.9658	-9.7531e+92	-9.7531e+92	    0.31368	   0.065120	     0.0000	     0.0000	    0.32455	     0.0000	
13	15	  0.0050025	   0.031830	     111.52	     1.1779	-9.7531e+92	-9.7531e+92	   0.024870	   0.010358	     0.0000	     0.0000	   0.063880	     0.0000	
13	16	 3.0392e-14	 1.9338e-13	     153.85	    0.45440	-9.7531e+92	-9.7531e+92	 0.00021204	 0.00016143	     0.0000	     0.0000	 0.00077005	     0.0000	
13	17	 1.5115e-13	 9.6174e-13	     287.27	   0.043413	-9.7531e+92	-9.7531e+92	  0.0043898	 0.00015165	     0.0000	     0.0000	 0.00080556	     0.0000	
13	18	   0.098843	    0.62892	     87.611	     1.8878	-9.7531e+92	-9.7531e+92	    0.30723	    0.21533	     0.0000	     0.0000	     1.2814	     0.0000	
13	19	 6.6915e-07	 4.2576e-06	     184.51	    0.23831	-9.7531e+92	-9.7531e+92	 0.00094991	 0.00015454	     0.0000	     0.0000	 0.00083140	     0.0000	
13	20	 1.2424e-05	 7.9052e-05	     165.04	    0.35635	-9.7531e+92	-9.7531e+92	 0.00080514	 0.00017567	     0.0000	     0.0000	 0.00099945	     0.0000	
13	21	    0.49622	     3.1573	     76.619	     2.2311	-9.7531e+92	-9.7531e+92	    0.93713	    0.88479	    0.17859	     0.0000	     6.4384	     0.0000	
13	22	 3.9707e-14	 2.5265e-13	     260.15	   0.064098	-9.7531e+92	-9.7531e+92	  0.0036853	 0.00015203	     0.0000	     0.0000	 0.00081033	     0.0000	
13	23	 0.00048483	  0.0030849	     113.01	     1.1402	-9.7531e+92	-9.7531e+92	  0.0042718	  0.0011147	     0.0000	     0.0000	  0.0074169	     0.0000	
13	24	 3.6312e-05	 0.00023105	     142.21	    0.58941	-9.7531e+92	-9.7531e+92	 0.00065052	 0.00022884	     0.0000	     0.0000	  0.0012710	     0.0000	
14	0	   0.053728	    0.35696	     114.85	     1.0949	-9.7531e+92	-9.7531e+92	    0.19990	    0.12699	     0.0000	  0.0018326	    0.96714	  0.0049034	
14	1	   0.065028	    0.43203	     88.839	     1.8485	-9.7531e+92	-9.7531e+92	    0.24343	   0.059993	     0.0000	     0.0000	   -0.10505	     0.0000	
14	2	   0.055673	    0.36988	     97.273	     1.5829	-9.7531e+92	-9.7531e+92	    0.24391	    0.13994	     0.0000	   -0.27192	    0.99107	   -0.42582	
14	3	  0.0028444	   0.018898	     161.01	    0.38854	-9.7531e+92	-9.7531e+92	   0.026026	  0.0070953	     0.0000	   -0.10673	   0.050861	   -0.25219	
14	4	 0.00040072	  0.0026623	     184.55	    0.23808	-9.7531e+92	-9.7531e+92	   0.089398	  0.0010660	     0.0000	   -0.30377	  0.0080373	   -0.84012	
14	5	    0.10051	    0.66776	     108.09	     1.2686	-9.7531e+92	-9.7531e+92	    0.19688	    0.24457	   0.025525	    0.29547	     1.7429	    0.72690	
14	6	    0.11250	    0.74741	     41.508	     2.9135	-9.7531e+92	-9.7531e+92	    0.30727	    0.27208	     0.0000	   0.013717	     1.9358	    0.44942	
14	7	   0.023885	    0.15869	     65.464	     2.5345	-9.7531e+92	-9.7531e+92	   0.094569	   0.062051	     0.0000	 -0.0058641	    0.40995	  -0.016126	
14	8	 0.00011510	 0.00076471	     146.54	    0.53466	-9.7531e+92	-9.7531e+92	   0.030473	 0.00048929	     0.0000	  -0.044501	  0.0030726	  -0.077492	
14	9	   0.058941	    0.39159	     38.749	     2.9339	-9.7531e+92	-9.7531e+92	    0.14317	    0.13960	     0.0000	  0.0028932	     1.0350	    0.31910	
14	10	 6.8622e-14	 4.5591e-13	     190.48	    0.21181	-9.7531e+92	-9.7531e+92	 0.00024347	 0.00019759	     0.0000	-0.00013321	  0.0010777	-0.00013337	
14	11	 1.0370e-06	 6.8899e-06	     157.91	    0.41563	-9.7531e+92	-9.7531e+92	 0.00046420	 0.00019150	     0.0000	-0.00071602	  0.0011241	 -0.0012285	
14	12	 1.1524e-13	 7.6560e-13	     188.63	    0.21964	-9.7531e+92	-9.7531e+92	 0.00042567	 0.00018534	     0.0000	-0.00084721	  0.0011393	-0.00096815	
14	13	    0.31571	     2.0975	     32.765	     2.9658	-9.7531e+92	-9.7531e+92	    0.71605	    0.74031	     0.0000	    0.27193	     6.1330	     1.7973	
14	14	     0.0000	     0.0000	     0.0000	     3.0000	-9.7531e+92	-9.7531e+92	     3.5641	     0.0000	     2.6333	     0.0000	     0.0000	     0.0000	
14	15	   0.011464	   0.076167	     78.991	     2.1593	-9.7531e+92	-9.7531e+92	   0.039125	   0.023655	     0.0000	     0.0000	    0.20563	  -0.079380	
14	16	 6.7235e-14	 4.4669e-13	     121.20	    0.94999	-9.7531e+92	-9.7531e+92	 0.00022141	 0.00019246	     0.0000	 2.9249e-08	  0.0010764	 4.2812e-08	
14	17	 7.5852e-14	 5.0394e-13	     254.84	   0.069479	-9.7531e+92	-9.7531e+92	  0.0045173	 0.00019056	     0.0000	  -0.063189	  0.0010803	  -0.080707	
14	18	   0.059525	    0.39547	     78.249	     2.1820	-9.7531e+92	-9.7531e+92	    0.24410	    0.16386	     0.0000	  -0.080952	     1.0533	   -0.12014	
14	19	 1.8536e-05	 0.00012315	     166.55	    0.34505	-9.7531e+92	-9.7531e+92	  0.0013799	 0.00023868	     0.0000	 -0.0079524	  0.0014333	  -0.014634	
14	20	 4.4583e-05	 0.00029620	     147.73	    0.52061	-9.7531e+92	-9.7531e+92	  0.0017164	 0.00029305	     0.0000	 -0.0055023	  0.0019444	  -0.012403	
14	21	    0.13939	    0.92607	     101.18	     1.4647	-9.7531e+92	-9.7531e+92	    0.48816	    0.31424	     0.0000	 0.00011052	     2.4085	    0.19495	
14	22	 5.5637e-14	 3.6964e-13	     227.39	    0.10817	-9.7531e+92	-9.7531e+92	  0.0037917	 0.00018858	     0.0000	  -0.055836	  0.0011003	  -0.068544	
14	23	 0.00022548	  0.0014980	     114.84	     1.0952	-9.7531e+92	-9.7531e+92	  0.0033112	 0.00070912	     0.0000	-0.00053272	  0.0051912	  -0.010100	
14	24	 5.7615e-06	 3.8278e-05	     150.00	    0.49487	-9.7531e+92	-9.7531e+92	 0.00054115	 0.00018310	     0.0000	-0.00010650	  0.0012559	 -0.0014945	
15	0	 0.00066040	 0.00067314	     189.51	    0.21584	-9.7531e+92	-9.7531e+92	   0.010244	 0.00030183	     0.0000	  -0.046701	  0.0014322	  -0.076870	
15	1	    0.53419	    0.54450	     167.83	    0.33581	-9.7531e+92	-9.7531e+92	    0.14721	    0.21463	   0.073128	    0.49899	     1.1877	    0.70710	
15	2	   0.057205	   0.058309	     21.827	     2.9932	-9.7531e+92	-9.7531e+92	   0.031012	   0.017274	     0.0000	  -0.041090	   0.057481	  -0.049559	
15	3	   0.048104	   0.049033	     84.108	     1.9994	-9.7531e+92	-9.7531e+92	   0.019543	   0.010930	     0.0000	  0.0021014	 -0.0049581	  0.0050021	
15	4	    0.16310	    0.16625	     106.18	     1.3210	-9.7531e+92	-9.7531e+92	   0.057060	   0.051006	     0.0000	   0.038100	    0.18547	    0.10380	
15	5	  0.0013655	  0.0013918	     104.94	     1.3557	-9.7531e+92	-9.7531e+92	  0.0074461	 0.00057802	     0.0000	  -0.022843	  0.0020924	  -0.032169	
15	6	  0.0099275	   0.010119	     96.746	     1.5991	-9.7531e+92	-9.7531e+92	   0.015020	  0.0040997	     0.0000	 -0.0039721	   0.014080	  -0.074763	
15	7	 0.00023391	 0.00023842	     131.62	    0.74982	-9.7531e+92	-9.7531e+92	  0.0047007	 0.00013148	     0.0000	  -0.021128	 0.00038315	  -0.032987	
15	8	 4.8662e-06	 4.9601e-06	     159.01	    0.40580	-9.7531e+92	-9.7531e+92	  0.0012046	 3.0106e-05	     0.0000	  -0.010683	 9.3349e-05	  -0.010517	
15	9	 0.00045311	 0.00046185	     117.55	     1.0311	-9.7531e+92	-9.7531e+92	  0.0057399	 0.00022367	     0.0000	-0.00053239	 0.00068085	  -0.033363	
15	10	 1.9337e-15	 1.9710e-15	     197.67	    0.18443	-9.7531e+92	-9.7531e+92	 3.5561e-05	 2.9141e-05	     0.0000	-3.1544e-05	 8.3302e-05	-1.7714e-05	
15	11	 1.5675e-15	 1.5978e-15	     182.32	    0.24896	-9.7531e+92	-9.7531e+92	 4.6639e-05	 2.8857e-05	     0.0000	-0.00017093	 8.4272e-05	-0.00016468	
15	12	 5.0095e-09	 5.1062e-09	     166.81	    0.34315	-9.7531e+92	-9.7531e+92	 4.7279e-05	 2.9096e-05	     0.0000	-0.00020060	 8.3657e-05	-0.00012858	
15	13	   0.051796	   0.052796	     111.52	     1.1779	-9.7531e+92	-9.7531e+92	   0.053728	   0.020091	     0.0000	  -0.031561	    0.10545	   -0.13138	
15	14	    0.12939	    0.13189	     78.991	     2.1593	-9.7531e+92	-9.7531e+92	    0.10681	   0.048416	     0.0000	-0.00054148	    0.23938	  -0.016585	
15	15	     0.0000	     0.0000	     0.0000	     3.0000	-9.7531e+92	-9.7531e+92	    0.51475	     0.0000	    0.49469	     0.0000	     0.0000	     0.0000	
15	16	 2.9825e-15	 3.0400e-15	     65.362	     2.5370	-9.7531e+92	-9.7531e+92	 3.3969e-05	 2.8378e-05	     0.0000	 6.9258e-09	 0.00011897	 5.6462e-09	
15	17	 3.2811e-08	 3.3444e-08	     175.81	    0.28425	-9.7531e+92	-9.7531e+92	  0.0027779	 2.4894e-05	     0.0000	  -0.010406	 0.00011747	  -0.010742	
15	18	  0.0034651	  0.0035319	     116.73	     1.0502	-9.7531e+92	-9.7531e+92	   0.013605	  0.0012879	     0.0000	  -0.088649	  0.0050957	  -0.092979	
15	19	 3.9387e-05	 4.0147e-05	     131.26	    0.75593	-9.7531e+92	-9.7531e+92	 0.00046002	 4.5065e-05	     0.0000	 -0.0018571	 0.00014375	 -0.0019267	
15	20	 2.3328e-05	 2.3778e-05	     124.66	    0.87845	-9.7531e+92	-9.7531e+92	 0.00028595	 3.8962e-05	     0.0000	 -0.0013245	 0.00011814	 -0.0016835	
15	21	 3.9299e-05	 4.0057e-05	     175.65	    0.28523	-9.7531e+92	-9.7531e+92	   0.024902	 4.2695e-05	     0.0000	-0.00015583	 0.00014438	   -0.15747	
15	22	 1.7885e-06	 1.8230e-06	     163.21	    0.37056	-9.7531e+92	-9.7531e+92	  0.0023008	 2.6442e-05	     0.0000	  -0.010280	 0.00010756	 -0.0091569	
15	23	 7.8418e-07	 7.9931e-07	     149.47	    0.50076	-9.7531e+92	-9.7531e+92	 0.00018582	 2.9517e-05	     0.0000	-0.00016488	 8.2846e-05	 -0.0016342	
15	24	 1.8558e-15	 1.8916e-15	     189.75	    0.21485	-9.7531e+92	-9.7531e+92	 5.2253e-05	 2.9168e-05	     0.0000	-3.1784e-05	 8.1228e-05	-0.00020621	
16	0	  0.0036702	     0.0000	     217.18	    0.12904	-9.7531e+92	-9.7531e+92	     0.0000	 4.4362e-06	     0.0000	     0.0000	-2.3657e-14	     0.0000	
16	1	   0.060620	     0.0000	     207.46	    0.15366	-9.7531e+92	-9.7531e+92	     0.0000	 6.6321e-05	     0.0000	     0.0000	 1.1967e-13	     0.0000	
16	2	  0.0050489	     0.0000	     68.097	     2.4691	-9.7531e+92	-9.7531e+92	     0.0000	 6.2197e-06	     0.0000	     0.0000	 1.5483e-15	     0.0000	
16	3	   0.032490	     0.0000	     111.94	     1.1671	-9.7531e+92	-9.7531e+92	     0.0000	 3.9942e-05	     0.0000	     0.0000	 2.2231e-14	     0.0000	
16	4	   0.046291	     0.0000	     75.439	     2.2661	-9.7531e+92	-9.7531e+92	     0.0000	 5.4377e-05	     0.0000	     0.0000	 5.0139e-15	     0.0000	
16	5	   0.013054	     0.0000	     71.546	     2.3771	-9.7531e+92	-9.7531e+92	     0.0000	 1.7006e-05	     0.0000	     0.0000	-4.8804e-15	     0.0000	
16	6	   0.021089	     0.0000	     111.89	     1.1685	-9.7531e+92	-9.7531e+92	     0.0000	 2.6737e-05	     0.0000	     0.0000	-3.6258e-15	     0.0000	
16	7	  0.0030261	     0.0000	     137.28	    0.65913	-9.7531e+92	-9.7531e+92	     0.0000	 4.1480e-06	     0.0000	     0.0000	-1.9007e-15	     0.0000	
16	8	   0.025908	     0.0000	     112.87	     1.1438	-9.7531e+92	-9.7531e+92	     0.0000	 3.4695e-05	     0.0000	     0.0000	-2.7714e-15	     0.0000	
16	9	   0.044288	     0.0000	     159.83	    0.39862	-9.7531e+92	-9.7531e+92	     0.0000	 5.8142e-05	     0.0000	     0.0000	-1.7270e-14	     0.0000	
16	10	   0.022920	     0.0000	     147.94	    0.51817	-9.7531e+92	-9.7531e+92	     0.0000	 3.2303e-05	     0.0000	     0.0000	-2.1743e-14	     0.0000	
16	11	    0.16821	     0.0000	     142.85	    0.58099	-9.7531e+92	-9.7531e+92	     0.0000	 0.00023304	     0.0000	     0.0000	-1.3937e-13	     0.0000	
16	12	   0.013027	     0.0000	     115.95	     1.0685	-9.7531e+92	-9.7531e+92	     0.0000	 1.8324e-05	     0.0000	     0.0000	-1.0121e-14	     0.0000	
16	13	  0.0089294	     0.0000	     153.85	    0.45440	-9.7531e+92	-9.7531e+92	     0.0000	 1.0073e-05	     0.0000	     0.0000	 1.0791e-14	     0.0000	
16	14	   0.034591	     0.0000	     121.20	    0.94999	-9.7531e+92	-9.7531e+92	     0.0000	 3.8132e-05	     0.0000	     0.0000	 1.4147e-14	     0.0000	
16	15	   0.046230	     0.0000	     65.362	     2.5370	-9.7531e+92	-9.7531e+92	     0.0000	 5.9968e-05	     0.0000	     0.0000	-2.6000e-14	     0.0000	
16	16	     0.0000	     0.0000	     0.0000	     3.0000	-9.7531e+92	-9.7531e+92	     0.0000	     0.0000	     0.0000	     0.0000	     0.0000	     0.0000	
16	17	   0.059658	     0.0000	     148.25	    0.51453	-9.7531e+92	-9.7531e+92	     0.0000	 8.0870e-05	     0.0000	     0.0000	-2.1181e-14	     0.0000	
16	18	   0.099822	     0.0000	     110.59	     1.2021	-9.7531e+92	-9.7531e+92	     0.0000	 0.00012802	     0.0000	     0.0000	 1.7260e-14	     0.0000	
16	19	   0.013605	     0.0000	     73.024	     2.3358	-9.7531e+92	-9.7531e+92	     0.0000	 1.8879e-05	     0.0000	     0.0000	-6.3988e-15	     0.0000	
16	20	   0.035029	     0.0000	     74.477	     2.2942	-9.7531e+92	-9.7531e+92	     0.0000	 4.8193e-05	     0.0000	     0.0000	-2.3587e-14	     0.0000	
16	21	   0.036936	     0.0000	     180.81	    0.25669	-9.7531e+92	-9.7531e+92	     0.0000	 4.5247e-05	     0.0000	     0.0000	-1.0179e-14	     0.0000	
16	22	   0.083025	     0.0000	     106.73	     1.3057	-9.7531e+92	-9.7531e+92	     0.0000	 0.00011263	     0.0000	     0.0000	 2.9901e-13	     0.0000	
16	23	   0.061090	     0.0000	     136.77	    0.66684	-9.7531e+92	-9.7531e+92	     0.0000	 8.2465e-05	     0.0000	     0.0000	 2.3801e-13	     0.0000	
16	24	   0.054533	     0.0000	     177.80	    0.27291	-9.7531e+92	-9.7531e+92	     0.0000	 7.3976e-05	     0.0000	     0.0000	-2.1019e-15	     0.0000	
17	0	 6.3236e-13	 2.7066e-13	     353.56	   0.019078	-9.7531e+92	-9.7531e+92	  0.0020246	 1.0055e-05	     0.0000	  -0.021095	-1.2377e-05	  0.0078452	
17	1	  0.0015473	 0.00066227	     342.57	   0.021626	-9.7531e+92	-9.7531e+92	  0.0045781	 0.00024259	     0.0000	  -0.034340	-3.0007e-05	  0.0058924	
17	2	    0.21800	   0.093306	     160.64	    0.39167	-9.7531e+92	-9.7531e+92	   0.033936	   0.021573	     0.0000	   0.018746	   -0.12375	  -0.026679	
17	3	    0.22775	   0.097479	     122.41	    0.92444	-9.7531e+92	-9.7531e+92	   0.033308	   0.024383	   0.021204	   0.039313	   -0.13483	  -0.039083	
17	4	    0.43246	    0.18510	     73.525	     2.3215	-9.7531e+92	-9.7531e+92	   0.067755	   0.030414	   0.031212	  0.0075055	   -0.44135	   -0.23277	
17	5	  0.0038148	  0.0016328	     219.60	    0.12368	-9.7531e+92	-9.7531e+92	  0.0028535	 0.00057606	     0.0000	 -0.0091675	 -0.0019703	  0.0061332	
17	6	 7.7015e-06	 3.2964e-06	     251.72	   0.072906	-9.7531e+92	-9.7531e+92	  0.0029599	 1.1078e-05	     0.0000	 -0.0020834	-3.7032e-05	   0.018131	
17	7	 3.2439e-14	 1.3884e-14	     281.54	   0.047004	-9.7531e+92	-9.7531e+92	 0.00096789	 1.0462e-05	     0.0000	 -0.0095121	-3.6825e-05	  0.0074943	
17	8	 4.3447e-14	 1.8596e-14	     258.50	   0.065716	-9.7531e+92	-9.7531e+92	 0.00048039	 1.0059e-05	     0.0000	 -0.0047683	-3.7084e-05	  0.0024400	
17	9	 6.9964e-14	 2.9946e-14	     293.28	   0.040011	-9.7531e+92	-9.7531e+92	  0.0010911	 1.0381e-05	     0.0000	-0.00024171	-3.6494e-05	  0.0076024	
17	10	 4.1292e-13	 1.7673e-13	     270.72	   0.054831	-9.7531e+92	-9.7531e+92	 1.5171e-05	 1.0360e-05	     0.0000	-1.4071e-05	-3.8713e-05	 4.3354e-06	
17	11	 5.8718e-13	 2.5132e-13	     290.18	   0.041722	-9.7531e+92	-9.7531e+92	 1.9203e-05	 1.0288e-05	     0.0000	-7.6250e-05	-3.8367e-05	 4.0013e-05	
17	12	 9.1827e-14	 3.9303e-14	     225.22	    0.11223	-9.7531e+92	-9.7531e+92	 2.8079e-05	 1.0270e-05	     0.0000	-8.9492e-05	-3.7342e-05	 3.1470e-05	
17	13	   0.011231	  0.0048072	     287.27	   0.043413	-9.7531e+92	-9.7531e+92	   0.016381	  0.0016030	     0.0000	  -0.020658	 -0.0010731	   0.012749	
17	14	   0.024409	   0.010447	     254.84	   0.069479	-9.7531e+92	-9.7531e+92	   0.015926	  0.0034745	     0.0000	 -0.0025722	 -0.0017325	   0.010446	
17	15	   0.013499	  0.0057780	     175.81	    0.28425	-9.7531e+92	-9.7531e+92	  0.0073302	  0.0019799	     0.0000	 -0.0025479	 -0.0065837	  0.0017766	
17	16	 3.6567e-14	 1.5651e-14	     148.25	    0.51453	-9.7531e+92	-9.7531e+92	 1.4264e-05	 9.8860e-06	     0.0000	 2.8260e-09	 1.2158e-05	 4.5087e-10	
17	17	     0.0000	     0.0000	     0.0000	     3.0000	-9.7531e+92	-9.7531e+92	    0.21743	     0.0000	    0.21383	     0.0000	     0.0000	     0.0000	
17	18	 0.00090400	 0.00038693	     258.46	   0.065759	-9.7531e+92	-9.7531e+92	  0.0041648	 0.00012378	     0.0000	  -0.048793	-0.00043436	   0.016987	
17	19	 0.00023870	 0.00010217	     187.53	    0.22442	-9.7531e+92	-9.7531e+92	 0.00064184	 4.4161e-05	     0.0000	-0.00071788	-0.00014246	 0.00039471	
17	20	 1.5490e-13	 6.6299e-14	     207.02	    0.15490	-9.7531e+92	-9.7531e+92	 0.00040115	 1.0303e-05	     0.0000	-0.00060142	-3.6786e-05	 0.00040475	
17	21	 5.6460e-13	 2.4166e-13	     326.31	   0.026229	-9.7531e+92	-9.7531e+92	  0.0058187	 9.6782e-06	     0.0000	-6.9536e-05	-3.4019e-05	   0.033169	
17	22	   0.066145	   0.028311	     106.10	     1.3231	-9.7531e+92	-9.7531e+92	  0.0097794	  0.0076797	  0.0067218	   0.017313	-0.00038793	-0.00012166	
17	23	 1.0802e-14	 4.6234e-15	     284.58	   0.045056	-9.7531e+92	-9.7531e+92	 4.9881e-05	 1.0505e-05	     0.0000	-7.3598e-05	-3.9080e-05	 0.00039284	
17	24	 2.5352e-14	 1.0851e-14	     325.25	   0.026569	-9.7531e+92	-9.7531e+92	 1.8437e-05	 1.0454e-05	     0.0000	-1.4179e-05	-3.9105e-05	 4.9942e-05	
18	0	   0.017301	   0.041767	     116.29	     1.0606	-9.7531e+92	-9.7531e+92	   0.024651	   0.019114	     0.0000	  -0.010639	   -0.19976	    0.12261	
18	1	   0.019363	   0.046744	     111.77	     1.1715	-9.7531e+92	-9.7531e+92	   0.035998	   0.021146	     0.0000	  -0.019238	   -0.18631	    0.17162	
18	2	    0.82081	     1.9815	     137.27	    0.65930	-9.7531e+92	-9.7531e+92	    0.53025	     1.0000	    0.29198	    0.35933	    -9.6537	    -2.6150	
18	3	 8.0592e-06	 1.9456e-05	     199.21	    0.17912	-9.7531e+92	-9.7531e+92	   0.039789	 9.3979e-05	     0.0000	 -0.0093646	-0.00084050	    0.10056	
18	4	 5.0818e-05	 0.00012268	     186.18	    0.23049	-9.7531e+92	-9.7531e+92	    0.18243	 0.00013724	     0.0000	  -0.024075	 -0.0013745	    0.30893	
18	5	   0.016209	   0.039130	     53.346	     2.7752	-9.7531e+92	-9.7531e+92	   0.020856	   0.017930	     0.0000	 -0.0021536	   -0.20015	   0.036447	
18	6	   0.018315	   0.044214	     36.723	     2.9464	-9.7531e+92	-9.7531e+92	   0.034579	   0.020682	     0.0000	 -0.0011273	   -0.23021	    0.18227	
18	7	  0.0076449	   0.018456	     38.248	     2.9371	-9.7531e+92	-9.7531e+92	   0.011815	  0.0093807	     0.0000	 -0.0049809	  -0.097699	   0.069020	
18	8	 0.00069805	  0.0016852	     75.421	     2.2666	-9.7531e+92	-9.7531e+92	  0.0037615	 0.00080501	     0.0000	 -0.0018730	 -0.0085975	   0.024758	
18	9	  0.0028483	  0.0068762	     96.665	     1.6016	-9.7531e+92	-9.7531e+92	  0.0093334	  0.0035827	     0.0000	-0.00016085	  -0.037633	   0.089277	
18	10	 1.0579e-06	 2.5539e-06	     118.82	     1.0023	-9.7531e+92	-9.7531e+92	 8.5602e-05	 7.4417e-05	     0.0000	-5.2976e-06	-0.00070279	 3.4623e-05	
18	11	 0.00016836	 0.00040645	     81.269	     2.0888	-9.7531e+92	-9.7531e+92	 0.00021670	 0.00023889	     0.0000	 4.3204e-06	 -0.0022718	-7.9108e-05	
18	12	 1.3620e-07	 3.2882e-07	     120.73	    0.96010	-9.7531e+92	-9.7531e+92	 0.00012016	 8.0474e-05	     0.0000	-5.9721e-05	-0.00078638	 0.00039258	
18	13	   0.041247	   0.099575	     87.611	     1.8878	-9.7531e+92	-9.7531e+92	   0.098704	   0.038677	     0.0000	  -0.011799	   -0.52072	    0.31817	
18	14	   0.048037	    0.11597	     78.249	     2.1820	-9.7531e+92	-9.7531e+92	   0.095391	   0.047499	     0.0000	 -0.0015301	   -0.54395	    0.29866	
18	15	 8.6895e-05	 0.00020978	     116.73	     1.0502	-9.7531e+92	-9.7531e+92	   0.028050	 0.00020015	     0.0000	 -0.0060587	 -0.0020361	   0.075146	
18	16	 3.4058e-16	 8.2220e-16	     110.59	     1.2021	-9.7531e+92	-9.7531e+92	 8.0452e-05	 8.5435e-05	     0.0000	 1.8980e-09	-0.00082541	-1.7590e-08	
18	17	 6.7027e-15	 1.6181e-14	     258.46	   0.065759	-9.7531e+92	-9.7531e+92	  0.0087928	 9.1475e-05	     0.0000	 -0.0049876	-0.00092565	   0.032653	
18	18	     0.0000	     0.0000	     0.0000	     3.0000	-9.7531e+92	-9.7531e+92	     1.2360	     0.0000	     1.0629	     0.0000	     0.0000	     0.0000	
18	19	 1.8539e-06	 4.4756e-06	     118.15	     1.0174	-9.7531e+92	-9.7531e+92	  0.0014424	 8.7496e-05	     0.0000	-0.00060967	-0.00087690	  0.0059556	
18	20	 7.8458e-05	 0.00018941	     90.275	     1.8027	-9.7531e+92	-9.7531e+92	 0.00091865	 0.00017615	     0.0000	-0.00040136	 -0.0017904	  0.0048600	
18	21	  0.0064580	   0.015591	     79.511	     2.1434	-9.7531e+92	-9.7531e+92	   0.042368	  0.0066202	     0.0000	-4.9148e-05	  -0.079878	    0.42992	
18	22	 1.3870e-14	 3.3485e-14	     205.13	    0.16037	-9.7531e+92	-9.7531e+92	  0.0073229	 9.0380e-05	     0.0000	 -0.0044072	-0.00090475	   0.027548	
18	23	 0.00040666	 0.00098174	     36.898	     2.9454	-9.7531e+92	-9.7531e+92	 0.00062437	 0.00056035	     0.0000	-3.6701e-05	 -0.0057755	  0.0033751	
18	24	 0.00027216	 0.00065702	     74.739	     2.2865	-9.7531e+92	-9.7531e+92	 0.00028185	 0.00038346	     0.0000	 4.1391e-06	 -0.0038581	-0.00041084	
19	0	 5.1890e-05	 2.9432e-05	     234.49	   0.096052	-9.7531e+92	-9.7531e+92	  0.0048068	 5.6671e-06	     0.0000	  -0.010638	-0.00028041	    0.11220	
19	1	  0.0022335	  0.0012668	     226.57	    0.10968	-9.7531e+92	-9.7531e+92	  0.0073933	 0.00010930	     0.0000	  -0.017168	 -0.0050942	    0.14037	
19	2	   0.058466	   0.033162	     139.30	    0.62950	-9.7531e+92	-9.7531e+92	   0.024526	  0.0023469	     0.0000	  -0.011042	   -0.14947	   0.090212	
19	3	  0.0020421	  0.0011583	     184.07	    0.24039	-9.7531e+92	-9.7531e+92	  0.0059689	 8.9576e-05	     0.0000	 -0.0050600	 -0.0052911	   0.057647	
19	4	    0.22607	    0.12822	     119.82	    0.98008	-9.7531e+92	-9.7531e+92	   0.043216	  0.0079718	     0.0000	   0.019088	   -0.59145	   -0.32218	
19	5	    0.24382	    0.13830	     64.874	     2.5486	-9.7531e+92	-9.7531e+92	   0.042304	   0.011218	   0.027676	   0.044467	   -0.64536	   -0.51287	
19	6	   0.068173	   0.038667	     133.74	    0.71443	-9.7531e+92	-9.7531e+92	   0.018367	  0.0032393	     0.0000	 2.8801e-05	   -0.18099	 -0.0042530	
19	7	 1.3037e-05	 7.3944e-06	     154.38	    0.44913	-9.7531e+92	-9.7531e+92	  0.0026034	 3.9610e-06	     0.0000	 -0.0047992	-0.00021546	   0.060715	
19	8	   0.035525	   0.020149	     80.536	     2.1117	-9.7531e+92	-9.7531e+92	   0.012056	  0.0016403	  0.0074188	  0.0076857	  -0.093552	  -0.064390	
19	9	 6.5120e-07	 3.6936e-07	     193.08	    0.20137	-9.7531e+92	-9.7531e+92	  0.0021069	 3.3252e-06	     0.0000	-0.00012201	-0.00018180	   0.061827	
19	10	 0.00078431	 0.00044486	     85.643	     1.9506	-9.7531e+92	-9.7531e+92	 0.00015909	 3.9007e-05	 0.00011345	 0.00033812	 -0.0020412	 -0.0016387	
19	11	 0.00015628	 8.8639e-05	     108.78	     1.2499	-9.7531e+92	-9.7531e+92	 0.00012602	 1.1006e-05	 1.5532e-05	 8.3292e-06	-0.00060883	-6.7340e-05	
19	12	   0.019774	   0.011216	     44.530	     2.8865	-9.7531e+92	-9.7531e+92	  0.0028931	 0.00068039	  0.0027984	  0.0037314	  -0.022875	  -0.017340	
19	13	   0.050193	   0.028469	     184.51	    0.23831	-9.7531e+92	-9.7531e+92	   0.025603	  0.0022933	     0.0000	 -0.0072384	   -0.11346	    0.17883	
19	14	   0.090065	   0.051084	     166.55	    0.34505	-9.7531e+92	-9.7531e+92	   0.031320	  0.0040804	     0.0000	-0.00056266	   -0.20201	    0.10064	
19	15	 0.00091845	 0.00052094	     131.26	    0.75593	-9.7531e+92	-9.7531e+92	  0.0034332	 4.7410e-05	     0.0000	 -0.0039190	 -0.0026420	   0.044380	
19	16	 3.7789e-14	 2.1434e-14	     73.024	     2.3358	-9.7531e+92	-9.7531e+92	 1.8902e-05	 3.2545e-06	     0.0000	 1.4494e-09	-0.00017055	-1.0188e-08	
19	17	 4.7761e-15	 2.7090e-15	     187.53	    0.22442	-9.7531e+92	-9.7531e+92	  0.0021009	 2.9896e-06	     0.0000	 -0.0029076	-0.00017931	   0.020134	
19	18	   0.074174	   0.042071	     118.15	     1.0174	-9.7531e+92	-9.7531e+92	   0.022121	  0.0033469	     0.0000	 0.00085136	   -0.19158	 -0.0055004	
19	19	     0.0000	     0.0000	     0.0000	     3.0000	-9.7531e+92	-9.7531e+92	    0.28447	     0.0000	    0.28357	     0.0000	     0.0000	     0.0000	
19	20	    0.11690	   0.066305	     28.400	     2.9806	-9.7531e+92	-9.7531e+92	   0.017228	  0.0053275	   0.016438	   0.022377	   -0.29367	   -0.25825	
19	21	 9.5889e-07	 5.4388e-07	     197.71	    0.18427	-9.7531e+92	-9.7531e+92	   0.010822	 3.1344e-06	     0.0000	-3.5101e-05	-0.00018041	    0.28039	
19	22	   0.010454	  0.0059294	     93.933	     1.6868	-9.7531e+92	-9.7531e+92	  0.0032173	 0.00041370	     0.0000	 0.00091384	  -0.025076	 -0.0070881	
19	23	 0.00018511	 0.00010499	     121.29	    0.94810	-9.7531e+92	-9.7531e+92	 0.00023435	 1.2569e-05	     0.0000	-3.1736e-05	-0.00068812	  0.0026142	
19	24	 8.6398e-08	 4.9005e-08	     150.08	    0.49393	-9.7531e+92	-9.7531e+92	 3.8207e-05	 3.3372e-06	     0.0000	-7.1523e-06	-0.00018302	 0.00038686	
20	0	  0.0012775	 0.00073320	     206.61	    0.15606	-9.7531e+92	-9.7531e+92	  0.0071067	 8.3981e-05	     0.0000	  -0.017630	 -0.0056242	    0.20263	
20	1	  0.0084277	  0.0048369	     199.20	    0.17914	-9.7531e+92	-9.7531e+92	   0.010224	 0.00052708	     0.0000	  -0.026563	  -0.033507	    0.23696	
20	2	   0.016072	  0.0092243	     139.77	    0.62284	-9.7531e+92	-9.7531e+92	   0.020605	 0.00093715	     0.0000	  -0.045878	  -0.071955	    0.34164	
20	3	  0.0013864	 0.00079569	     185.64	    0.23299	-9.7531e+92	-9.7531e+92	  0.0027706	 8.7389e-05	     0.0000	 -0.0099986	 -0.0063688	    0.10914	
20	4	   0.045382	   0.026046	     135.08	    0.69295	-9.7531e+92	-9.7531e+92	   0.014710	  0.0024640	     0.0000	  -0.011976	   -0.20385	    0.16587	
20	5	    0.29697	    0.17044	     39.691	     2.9273	-9.7531e+92	-9.7531e+92	   0.048726	   0.017320	   0.033924	   0.078912	    -1.3761	    -1.1703	
20	6	    0.15557	   0.089283	     111.59	     1.1762	-9.7531e+92	-9.7531e+92	   0.031824	  0.0096828	     0.0000	  0.0023987	   -0.72439	   -0.38524	
20	7	  0.0010290	 0.00059056	     126.68	    0.83907	-9.7531e+92	-9.7531e+92	  0.0039092	 7.0991e-05	     0.0000	 -0.0078169	 -0.0051837	    0.10752	
20	8	   0.035886	   0.020596	     51.987	     2.7958	-9.7531e+92	-9.7531e+92	   0.012638	  0.0019609	  0.0079456	   0.010449	   -0.15816	   -0.11357	
20	9	 1.0926e-06	 6.2707e-07	     174.09	    0.29453	-9.7531e+92	-9.7531e+92	  0.0029415	 4.3731e-06	     0.0000	-0.00020696	-0.00032072	    0.11403	
20	10	 0.00014381	 8.2534e-05	     74.457	     2.2947	-9.7531e+92	-9.7531e+92	 5.0631e-05	 1.0284e-05	 4.4504e-06	 6.2682e-05	-0.00069627	-0.00039045	
20	11	 0.00051408	 0.00029504	     83.734	     2.0113	-9.7531e+92	-9.7531e+92	 0.00017152	 3.6975e-05	 5.9718e-05	 0.00018695	 -0.0027330	 -0.0016980	
20	12	  0.0021341	  0.0012248	     45.010	     2.8817	-9.7531e+92	-9.7531e+92	 0.00041365	 0.00011731	 0.00031788	 0.00093694	 -0.0085421	 -0.0072782	
20	13	   0.090789	   0.052106	     165.04	    0.35635	-9.7531e+92	-9.7531e+92	   0.031717	  0.0054615	     0.0000	 -0.0066403	   -0.36412	    0.17894	
20	14	    0.19175	    0.11005	     147.73	    0.52061	-9.7531e+92	-9.7531e+92	   0.044992	   0.011371	     0.0000	 0.00094496	   -0.76441	   -0.19094	
20	15	  0.0026849	  0.0015409	     124.66	    0.87845	-9.7531e+92	-9.7531e+92	  0.0027424	 0.00017608	     0.0000	 -0.0060206	  -0.012962	   0.074133	
20	16	 1.6441e-14	 9.4357e-15	     74.477	     2.2942	-9.7531e+92	-9.7531e+92	 1.9126e-05	 4.2217e-06	     0.0000	 2.3280e-09	-0.00029008	-1.8013e-08	
20	17	 1.2876e-13	 7.3902e-14	     207.02	    0.15490	-9.7531e+92	-9.7531e+92	 0.00072257	 4.1451e-06	     0.0000	 -0.0055475	-0.00031796	   0.037124	
20	18	    0.12293	   0.070556	     90.275	     1.8027	-9.7531e+92	-9.7531e+92	   0.030272	  0.0076196	     0.0000	   0.030623	   -0.55749	   -0.21528	
20	19	   0.023450	   0.013459	     28.400	     2.9806	-9.7531e+92	-9.7531e+92	  0.0036518	  0.0010643	  0.0027355	  0.0045064	  -0.087652	  -0.074979	
20	20	     0.0000	     0.0000	     0.0000	     3.0000	-9.7531e+92	-9.7531e+92	    0.28761	     0.0000	    0.28681	     0.0000	     0.0000	     0.0000	
20	21	 2.0996e-05	 1.2050e-05	     169.84	    0.32188	-9.7531e+92	-9.7531e+92	   0.014633	 5.3248e-06	     0.0000	-5.9531e-05	-0.00041011	    0.51715	
20	22	 0.00043937	 0.00025217	     116.48	     1.0560	-9.7531e+92	-9.7531e+92	 0.00068484	 2.8172e-05	     0.0000	 -0.0037963	 -0.0022405	   0.027395	
20	23	  0.0031348	  0.0017991	     93.058	     1.7144	-9.7531e+92	-9.7531e+92	 0.00069046	 0.00020772	     0.0000	 8.9456e-05	  -0.015259	 -0.0082675	
20	24	 6.2943e-06	 3.6124e-06	     121.85	    0.93617	-9.7531e+92	-9.7531e+92	 4.4466e-05	 4.7688e-06	     0.0000	-1.1658e-05	-0.00034980	 0.00068573	
21	0	    0.12967	    0.17309	     39.458	     2.9290	-9.7531e+92	-9.7531e+92	   0.061490	    0.22437	     0.0000	    0.11853	     2.0033	    0.11514	
21	1	    0.17523	    0.23392	     57.297	     2.7081	-9.7531e+92	-9.7531e+92	   0.080673	    0.28008	     0.0000	    0.19352	     2.7895	    0.17170	
21	2	 0.00053051	 0.00070817	     197.19	    0.18609	-9.7531e+92	-9.7531e+92	   0.045306	  0.0012029	     0.0000	   -0.25617	  0.0099404	   -0.13029	
21	3	 1.5798e-05	 2.1089e-05	     259.71	   0.064522	-9.7531e+92	-9.7531e+92	  0.0038158	 0.00016846	     0.0000	  -0.049038	  0.0013969	  -0.038969	
21	4	 4.7526e-06	 6.3442e-06	     253.96	   0.070430	-9.7531e+92	-9.7531e+92	   0.015913	 0.00013101	     0.0000	   -0.12617	  0.0011750	   -0.11363	
21	5	  0.0045776	  0.0061106	     132.91	    0.72808	-9.7531e+92	-9.7531e+92	  0.0093572	  0.0095569	     0.0000	  -0.034634	   0.073127	  -0.024618	
21	6	   0.043860	   0.058548	     78.899	     2.1621	-9.7531e+92	-9.7531e+92	   0.043447	   0.076409	     0.0000	 -0.0021320	    0.71677	  -0.026494	
21	7	   0.024460	   0.032652	     44.967	     2.8822	-9.7531e+92	-9.7531e+92	   0.018237	   0.030906	     0.0000	     0.0000	    0.48285	 -0.0030418	
21	8	 0.00050147	 0.00066941	     132.38	    0.73687	-9.7531e+92	-9.7531e+92	  0.0017063	  0.0012054	     0.0000	  -0.017511	  0.0087788	 -0.0084375	
21	9	   0.063581	   0.084873	     83.320	     2.0244	-9.7531e+92	-9.7531e+92	   0.030427	    0.11662	     0.0000	  0.0010306	     1.0481	   0.042381	
21	10	 3.6781e-09	 4.9098e-09	     171.26	    0.31241	-9.7531e+92	-9.7531e+92	 4.6727e-05	 0.00015350	     0.0000	-5.5060e-05	 0.00099794	-1.4827e-05	
21	11	 2.9035e-05	 3.8759e-05	     128.65	    0.80225	-9.7531e+92	-9.7531e+92	 8.0048e-05	 0.00020961	     0.0000	-0.00023093	  0.0014868	-0.00010699	
21	12	 6.9124e-16	 9.2273e-16	     187.39	    0.22505	-9.7531e+92	-9.7531e+92	 5.6436e-05	 0.00015229	     0.0000	-0.00035027	 0.00099850	-0.00010766	
21	13	    0.21279	    0.28405	     76.619	     2.2311	-9.7531e+92	-9.7531e+92	    0.11292	    0.19993	     0.0000	     0.0000	     1.0935	  -0.097766	
21	14	    0.14096	    0.18816	     101.18	     1.4647	-9.7531e+92	-9.7531e+92	    0.10122	    0.19326	     0.0000	 5.9578e-05	     1.7890	  0.0011354	
21	15	 2.6666e-05	 3.5596e-05	     175.65	    0.28523	-9.7531e+92	-9.7531e+92	  0.0035817	 0.00019218	     0.0000	  -0.031833	  0.0014592	  -0.022296	
21	16	 6.6155e-15	 8.8309e-15	     180.81	    0.25669	-9.7531e+92	-9.7531e+92	 4.4486e-05	 0.00014990	     0.0000	 1.2092e-08	  0.0010162	 4.6395e-09	
21	17	 7.1140e-16	 9.4963e-16	     326.31	   0.026229	-9.7531e+92	-9.7531e+92	 0.00080725	 0.00014989	     0.0000	  -0.026125	 0.00099795	 -0.0090445	
21	18	    0.19902	    0.26567	     79.511	     2.1434	-9.7531e+92	-9.7531e+92	   0.087515	    0.43149	     0.0000	    0.34810	     3.2492	    0.16102	
21	19	 9.5153e-09	 1.2702e-08	     197.71	    0.18427	-9.7531e+92	-9.7531e+92	 0.00018881	 0.00014892	     0.0000	 -0.0033281	  0.0010171	 -0.0016777	
21	20	 8.1510e-07	 1.0881e-06	     169.84	    0.32188	-9.7531e+92	-9.7531e+92	 0.00017484	 0.00014589	     0.0000	 -0.0023525	  0.0010443	 -0.0014535	
21	21	     0.0000	     0.0000	     0.0000	     3.0000	-9.7531e+92	-9.7531e+92	    0.71494	     0.0000	    0.55581	     0.0000	     0.0000	     0.0000	
21	22	 1.3667e-15	 1.8243e-15	     284.69	   0.044983	-9.7531e+92	-9.7531e+92	 0.00067964	 0.00014981	     0.0000	  -0.023085	  0.0010079	 -0.0077895	
21	23	  0.0044695	  0.0059663	     78.648	     2.1698	-9.7531e+92	-9.7531e+92	  0.0019180	  0.0088976	 0.00013459	 0.00072451	   0.073742	  0.0034683	
21	24	 0.00026678	 0.00035613	     85.071	     1.9688	-9.7531e+92	-9.7531e+92	 0.00020141	 0.00067960	     0.0000	 3.6685e-05	  0.0053760	 0.00011459	
22	0	 1.0386e-05	 6.3536e-06	     321.47	   0.027830	-9.7531e+92	-9.7531e+92	  0.0031644	 9.6642e-06	     0.0000	  -0.018033	-7.5332e-05	   0.042309	
22	1	 0.00016945	 0.00010366	     312.59	   0.031097	-9.7531e+92	-9.7531e+92	  0.0061904	 2.9526e-05	     0.0000	  -0.029929	-0.00018956	   0.051604	
22	2	   0.055402	   0.033893	     161.29	    0.38622	-9.7531e+92	-9.7531e+92	   0.025447	  0.0045904	     0.0000	 -0.0067227	  -0.073932	   0.038490	
22	3	    0.17929	    0.10968	     164.94	    0.35711	-9.7531e+92	-9.7531e+92	   0.039491	   0.016498	   0.022191	   0.026530	   -0.23496	   -0.12956	
22	4	    0.52687	    0.32232	     82.638	     2.0459	-9.7531e+92	-9.7531e+92	    0.10150	   0.031200	   0.049275	   0.010143	   -0.90240	   -0.55690	
22	5	   0.070999	   0.043434	     151.89	    0.47454	-9.7531e+92	-9.7531e+92	   0.016051	  0.0087753	 0.00027348	   0.016149	  -0.093528	  -0.043692	
22	6	 0.00012919	 7.9032e-05	     216.08	    0.13159	-9.7531e+92	-9.7531e+92	  0.0056006	 2.4251e-05	     0.0000	 -0.0017781	-0.00025557	   0.063449	
22	7	 5.6051e-13	 3.4289e-13	     241.36	   0.085874	-9.7531e+92	-9.7531e+92	  0.0015731	 8.7029e-06	     0.0000	 -0.0081328	-9.0823e-05	   0.025142	
22	8	 0.00089711	 0.00054881	     168.70	    0.32968	-9.7531e+92	-9.7531e+92	  0.0028389	 0.00012079	     0.0000	 -0.0036266	 -0.0013174	  0.0071771	
22	9	 1.3263e-12	 8.1134e-13	     266.14	   0.058633	-9.7531e+92	-9.7531e+92	  0.0016701	 8.6359e-06	     0.0000	-0.00020666	-9.0504e-05	   0.025572	
22	10	 1.4680e-12	 8.9804e-13	     176.66	    0.27933	-9.7531e+92	-9.7531e+92	 2.6677e-05	 8.6168e-06	     0.0000	-1.2031e-05	-9.2992e-05	 1.3969e-05	
22	11	 8.9283e-13	 5.4619e-13	     200.45	    0.17499	-9.7531e+92	-9.7531e+92	 4.2536e-05	 8.5609e-06	     0.0000	-6.5194e-05	-9.2777e-05	 0.00012937	
22	12	 0.00083586	 0.00051134	     131.16	    0.75767	-9.7531e+92	-9.7531e+92	 0.00023411	 0.00011531	 0.00013203	 0.00056065	 -0.0012338	-0.00074302	
22	13	  0.0031483	  0.0019260	     260.15	   0.064098	-9.7531e+92	-9.7531e+92	   0.023088	 0.00037948	     0.0000	  -0.018784	 -0.0028145	   0.099367	
22	14	   0.040958	   0.025056	     227.39	    0.10817	-9.7531e+92	-9.7531e+92	   0.026248	  0.0048446	     0.0000	 -0.0018851	  -0.034864	   0.071576	
22	15	  0.0023514	  0.0014385	     163.21	    0.37056	-9.7531e+92	-9.7531e+92	  0.0076071	 0.00029403	     0.0000	 -0.0061298	 -0.0031522	   0.016923	
22	16	 5.0743e-13	 3.1042e-13	     106.73	     1.3057	-9.7531e+92	-9.7531e+92	 2.0387e-05	 8.1283e-06	     0.0000	 2.2697e-09	-2.3818e-05	-1.1821e-09	
22	17	   0.037358	   0.022854	     106.10	     1.3231	-9.7531e+92	-9.7531e+92	   0.010620	  0.0034941	  0.0054731	  0.0062319	  -0.020618	  -0.011897	
22	18	   0.010004	  0.0061197	     205.13	    0.16037	-9.7531e+92	-9.7531e+92	  0.0087955	  0.0010701	     0.0000	  -0.036697	  -0.012537	   0.056484	
22	19	   0.035464	   0.021695	     93.933	     1.6868	-9.7531e+92	-9.7531e+92	  0.0062593	  0.0042088	  0.0052825	   0.016096	  -0.042881	  -0.033907	
22	20	   0.036111	   0.022091	     116.48	     1.0560	-9.7531e+92	-9.7531e+92	  0.0063066	  0.0046412	  0.0054549	   0.013470	  -0.049248	  -0.034748	
22	21	 1.6146e-12	 9.8773e-13	     284.69	   0.044983	-9.7531e+92	-9.7531e+92	  0.0086470	 8.0516e-06	     0.0000	-5.9453e-05	-8.7932e-05	    0.11506	
22	22	     0.0000	     0.0000	     0.0000	     3.0000	-9.7531e+92	-9.7531e+92	    0.31014	     0.0000	    0.30577	     0.0000	     0.0000	     0.0000	
22	23	 2.8995e-13	 1.7738e-13	     209.07	    0.14920	-9.7531e+92	-9.7531e+92	 0.00010203	 8.7390e-06	     0.0000	-6.2926e-05	-9.3267e-05	  0.0012770	
22	24	 1.7011e-12	 1.0407e-12	     237.89	   0.090842	-9.7531e+92	-9.7531e+92	 2.8707e-05	 8.6974e-06	     0.0000	-1.2123e-05	-9.3362e-05	 0.00016172	
23	0	   0.038685	   0.017680	     119.13	    0.99543	-9.7531e+92	-9.7531e+92	   0.010310	 0.00079519	     0.0000	-0.00033343	  -0.044885	   0.013892	
23	1	    0.23212	    0.10609	     132.72	    0.73117	-9.7531e+92	-9.7531e+92	   0.033539	  0.0055383	 0.00032321	  0.0051062	   -0.23798	   -0.14512	
23	2	 0.00036789	 0.00016814	     168.40	    0.33177	-9.7531e+92	-9.7531e+92	   0.013948	 1.1233e-05	     0.0000	 -0.0043539	-0.00050070	   0.098603	
23	3	 3.2219e-06	 1.4725e-06	     228.38	    0.10637	-9.7531e+92	-9.7531e+92	  0.0012177	 1.8433e-06	     0.0000	-0.00083245	-7.9088e-05	   0.027909	
23	4	 4.8919e-05	 2.2358e-05	     212.30	    0.14074	-9.7531e+92	-9.7531e+92	  0.0049646	 2.8507e-06	     0.0000	 -0.0021398	-0.00013319	   0.085467	
23	5	    0.11058	   0.050540	     65.633	     2.5304	-9.7531e+92	-9.7531e+92	   0.015834	  0.0028067	  0.0040467	  0.0022611	   -0.13346	  -0.088599	
23	6	   0.023091	   0.010553	     73.330	     2.3271	-9.7531e+92	-9.7531e+92	   0.010733	 0.00054458	     0.0000	-7.3428e-05	  -0.027609	   0.044813	
23	7	  0.0095646	  0.0043713	     58.677	     2.6821	-9.7531e+92	-9.7531e+92	  0.0039619	 0.00025253	     0.0000	-0.00038197	  -0.011761	   0.016849	
23	8	  0.0030619	  0.0013994	     54.810	     2.7517	-9.7531e+92	-9.7531e+92	  0.0027903	 8.0687e-05	     0.0000	-0.00018633	 -0.0037467	  0.0053261	
23	9	 0.00082966	 0.00037918	     121.73	    0.93874	-9.7531e+92	-9.7531e+92	  0.0031709	 2.3244e-05	     0.0000	-1.5541e-05	 -0.0010980	   0.026542	
23	10	 0.00029308	 0.00013395	     95.614	     1.6342	-9.7531e+92	-9.7531e+92	 5.0663e-05	 9.8136e-06	 1.3888e-05	 1.7293e-05	-0.00042505	-0.00029078	
23	11	  0.0021383	 0.00097728	     53.605	     2.7712	-9.7531e+92	-9.7531e+92	 0.00028010	 5.4009e-05	 0.00019108	 2.6012e-05	 -0.0020715	 -0.0016055	
23	12	 2.6298e-06	 1.2019e-06	     109.85	     1.2215	-9.7531e+92	-9.7531e+92	 3.2568e-05	 1.9227e-06	     0.0000	-5.6707e-06	-8.6012e-05	 0.00010438	
23	13	    0.19584	   0.089507	     113.01	     1.1402	-9.7531e+92	-9.7531e+92	   0.037359	  0.0042625	     0.0000	 0.00059590	   -0.21172	  -0.052793	
23	14	    0.16429	   0.075086	     114.84	     1.0952	-9.7531e+92	-9.7531e+92	   0.039876	  0.0036753	     0.0000	 3.5413e-05	   -0.17329	  -0.021989	
23	15	 4.1096e-05	 1.8782e-05	     149.47	    0.50076	-9.7531e+92	-9.7531e+92	  0.0012877	 2.8955e-06	     0.0000	-0.00053974	-0.00013254	   0.020609	
23	16	 4.9787e-13	 2.2754e-13	     136.77	    0.66684	-9.7531e+92	-9.7531e+92	 1.5231e-05	 1.7975e-06	     0.0000	 1.3002e-10	-3.2494e-05	-1.5648e-09	
23	17	 2.7644e-13	 1.2634e-13	     284.58	   0.045056	-9.7531e+92	-9.7531e+92	 0.00025334	 1.8511e-06	     0.0000	-0.00044329	-8.3685e-05	  0.0089079	
23	18	    0.14971	   0.068421	     36.898	     2.9454	-9.7531e+92	-9.7531e+92	   0.025574	  0.0040210	     0.0000	  0.0036177	   -0.17636	  -0.079316	
23	19	 2.8805e-05	 1.3165e-05	     121.29	    0.94810	-9.7531e+92	-9.7531e+92	 9.7468e-05	 2.6297e-06	     0.0000	-5.5114e-05	-0.00011828	  0.0015972	
23	20	  0.0017789	 0.00081302	     93.058	     1.7144	-9.7531e+92	-9.7531e+92	 0.00033491	 4.9344e-05	     0.0000	 1.3469e-05	 -0.0022334	-0.00047906	
23	21	   0.066868	   0.030561	     78.648	     2.1698	-9.7531e+92	-9.7531e+92	   0.022370	  0.0015615	     0.0000	     0.0000	  -0.080087	   0.054685	
23	22	 5.7033e-14	 2.6066e-14	     209.07	    0.14920	-9.7531e+92	-9.7531e+92	 0.00021377	 1.8471e-06	     0.0000	-0.00039170	-8.3095e-05	  0.0075220	
23	23	     0.0000	     0.0000	     0.0000	     3.0000	-9.7531e+92	-9.7531e+92	    0.22866	     0.0000	    0.22805	     0.0000	     0.0000	     0.0000	
23	24	 0.00064581	 0.00029516	     40.708	     2.9198	-9.7531e+92	-9.7531e+92	 0.00010701	 1.8572e-05	 3.2611e-06	 2.3656e-06	-0.00083171	-0.00049792	
24	0	    0.18861	   0.075588	     123.34	    0.90511	-9.7531e+92	-9.7531e+92	   0.023438	 0.00062732	  0.0021108	 0.00018989	   -0.11919	  -0.081466	
24	1	    0.23928	   0.095895	     142.19	    0.58963	-9.7531e+92	-9.7531e+92	   0.030211	  0.0010434	  0.0010837	  0.0011633	   -0.13945	  -0.094360	
24	2	 0.00023609	 9.4617e-05	     210.29	    0.14595	-9.7531e+92	-9.7531e+92	   0.015170	 1.4279e-06	     0.0000	-0.00095061	-0.00019400	   0.061102	
24	3	 1.8871e-06	 7.5629e-07	     270.69	   0.054855	-9.7531e+92	-9.7531e+92	  0.0012417	 3.2925e-07	     0.0000	-0.00018152	-4.3344e-05	   0.017286	
24	4	 2.2294e-05	 8.9346e-06	     253.16	   0.071301	-9.7531e+92	-9.7531e+92	  0.0053147	 4.0246e-07	     0.0000	-0.00046671	-5.7000e-05	   0.052911	
24	5	   0.027146	   0.010879	     106.34	     1.3165	-9.7531e+92	-9.7531e+92	  0.0052531	 0.00012874	     0.0000	 7.1840e-06	  -0.018168	-0.00088888	
24	6	   0.025008	   0.010022	     108.13	     1.2674	-9.7531e+92	-9.7531e+92	   0.011857	 0.00011359	     0.0000	-1.8797e-05	  -0.016673	   0.026568	
24	7	  0.0074056	  0.0029679	     84.614	     1.9834	-9.7531e+92	-9.7531e+92	  0.0032966	 3.5727e-05	     0.0000	-9.7816e-05	 -0.0050097	   0.011803	
24	8	  0.0075770	  0.0030366	     77.960	     2.1908	-9.7531e+92	-9.7531e+92	  0.0015979	 3.5921e-05	     0.0000	-3.9698e-06	 -0.0050990	 0.00035403	
24	9	 0.00016126	 6.4627e-05	     149.07	    0.50520	-9.7531e+92	-9.7531e+92	  0.0028024	 1.0842e-06	     0.0000	-3.4784e-06	-0.00015354	   0.016815	
24	10	 0.00031068	 0.00012451	     102.71	     1.4197	-9.7531e+92	-9.7531e+92	 4.5745e-05	 1.9125e-06	 1.3498e-05	 4.1634e-06	-0.00025527	-0.00019530	
24	11	 0.00094693	 0.00037950	     56.094	     2.7297	-9.7531e+92	-9.7531e+92	 0.00012287	 4.9865e-06	 4.4806e-05	 6.2412e-06	-0.00067708	-0.00053158	
24	12	 7.8414e-06	 3.1426e-06	     132.31	    0.73810	-9.7531e+92	-9.7531e+92	 2.1267e-05	 3.8121e-07	     0.0000	-1.1363e-06	-5.0906e-05	 6.0943e-05	
24	13	   0.056579	   0.022675	     142.21	    0.58941	-9.7531e+92	-9.7531e+92	   0.018740	 0.00023360	     0.0000	-0.00019264	  -0.033632	   0.047039	
24	14	    0.10475	   0.041979	     150.00	    0.49487	-9.7531e+92	-9.7531e+92	   0.029150	 0.00044010	     0.0000	-1.1421e-05	  -0.061557	   0.020233	
24	15	 1.0941e-05	 4.3848e-06	     189.75	    0.21485	-9.7531e+92	-9.7531e+92	  0.0011181	 3.8281e-07	     0.0000	-0.00011787	-5.2314e-05	   0.012740	
24	16	 5.4539e-14	 2.1858e-14	     177.80	    0.27291	-9.7531e+92	-9.7531e+92	 1.3356e-05	 3.3455e-07	     0.0000	 3.8001e-11	-1.6045e-06	-2.8631e-11	
24	17	 3.9090e-13	 1.5666e-13	     325.25	   0.026569	-9.7531e+92	-9.7531e+92	 0.00026794	 3.3952e-07	     0.0000	-9.6656e-05	-4.5596e-05	  0.0054943	
24	18	    0.24908	   0.099822	     74.739	     2.2865	-9.7531e+92	-9.7531e+92	   0.031194	  0.0011924	  0.0024565	  0.0017944	   -0.16236	   -0.11156	
24	19	 3.8308e-05	 1.5352e-05	     150.08	    0.49393	-9.7531e+92	-9.7531e+92	 7.4687e-05	 5.3528e-07	     0.0000	-1.1773e-05	-7.1430e-05	 0.00097908	
24	20	 0.00057095	 0.00022882	     121.85	    0.93617	-9.7531e+92	-9.7531e+92	 0.00014271	 3.2142e-06	     0.0000	-4.8394e-06	-0.00043321	 0.00049584	
24	21	   0.084219	   0.033752	     85.071	     1.9688	-9.7531e+92	-9.7531e+92	   0.018066	 0.00037096	     0.0000	-2.9529e-07	  -0.056178	   0.022639	
24	22	 1.9330e-14	 7.7470e-15	     237.89	   0.090842	-9.7531e+92	-9.7531e+92	 0.00022543	 3.3932e-07	     0.0000	-8.5408e-05	-4.5390e-05	  0.0046405	
24	23	  0.0080498	  0.0032261	     40.708	     2.9198	-9.7531e+92	-9.7531e+92	 0.00094879	 3.9763e-05	 0.00041336	 5.6340e-06	 -0.0054805	 -0.0044500	
24	24	     0.0000	     0.0000	     0.0000	     3.0000	-9.7531e+92	-9.7531e+92	    0.20042	     0.0000	    0.20032	     0.0000	     0.0000	     0.0000	
