#source	Target	value	weight	distance	potential1	geneCorrelation	separation	influenceWeight	betweenness	influence'Weight	betweenness'	nbetweenness	nbetweenness'	
0	0	     0.0000	     0.0000	     0.0000	     3.0000	-9.7531e+92	-9.7531e+92	     3.0258	     0.0000	     2.7041	     0.0000	     0.0000	     0.0000	
0	1	    0.27788	     1.6115	     35.562	     2.9528	-9.7531e+92	-9.7531e+92	    0.50527	    0.15098	    0.17146	    0.28013	   -0.36346	   -0.24132	
0	2	  0.0043241	   0.025076	     211.35	    0.14318	-9.7531e+92	-9.7531e+92	    0.26115	  0.0023613	     0.0000	   -0.10109	 -0.0066396	    0.15308	
0	3	 0.00025203	  0.0014616	     273.88	   0.052386	-9.7531e+92	-9.7531e+92	   0.095329	 0.00017802	     0.0000	  -0.056546	-0.00023011	    0.12075	
0	4	 6.9013e-06	 4.0022e-05	     281.58	   0.046977	-9.7531e+92	-9.7531e+92	   0.019441	 4.5069e-05	     0.0000	  -0.064945	-9.0058e-05	   0.044870	
0	5	  0.0064271	   0.037272	     169.69	    0.32292	-9.7531e+92	-9.7531e+92	   0.050143	  0.0038940	     0.0000	  -0.016977	  -0.013797	   0.031988	
0	6	   0.095261	    0.55244	     105.31	     1.3454	-9.7531e+92	-9.7531e+92	    0.18573	   0.049068	   0.017972	   0.020468	   -0.16211	  -0.094472	
0	7	   0.068817	    0.39909	     80.265	     2.1201	-9.7531e+92	-9.7531e+92	    0.13383	   0.037388	 0.00081840	  0.0037086	   -0.12303	  -0.069364	
0	8	 3.3157e-05	 0.00019228	     172.11	    0.30693	-9.7531e+92	-9.7531e+92	    0.10867	 5.7449e-05	     0.0000	   -0.19611	-0.00023517	    0.11558	
0	9	   0.088680	    0.51428	     86.890	     1.9108	-9.7531e+92	-9.7531e+92	    0.14179	   0.047383	   0.093048	   0.010813	   -0.13192	   -0.11680	
0	10	 2.2470e-15	 1.3031e-14	     210.64	    0.14503	-9.7531e+92	-9.7531e+92	 0.00054659	 4.2927e-05	     0.0000	 -0.0010576	-0.00014895	 0.00076799	
0	11	 6.7808e-07	 3.9323e-06	     167.10	    0.34103	-9.7531e+92	-9.7531e+92	 0.00031101	 4.1552e-05	     0.0000	-0.00024650	-0.00013122	 0.00026315	
0	12	 2.1057e-14	 1.2211e-13	     226.76	    0.10933	-9.7531e+92	-9.7531e+92	 0.00030615	 4.4348e-05	     0.0000	-0.00038446	-0.00017380	 0.00026643	
0	13	    0.10534	    0.61090	     86.013	     1.9388	-9.7531e+92	-9.7531e+92	    0.37662	   0.047845	     0.0000	 -0.0073858	   -0.28511	   0.057117	
0	14	    0.16575	    0.96125	     114.85	     1.0949	-9.7531e+92	-9.7531e+92	    0.36080	   0.089086	     0.0000	    0.10834	   -0.36885	   -0.10051	
0	15	 0.00039903	  0.0023141	     189.51	    0.21584	-9.7531e+92	-9.7531e+92	   0.080083	 0.00027851	     0.0000	  -0.018587	-0.00099109	   0.088740	
0	16	 1.9203e-15	 1.1136e-14	     217.18	    0.12904	-9.7531e+92	-9.7531e+92	 0.00019326	 4.4242e-05	     0.0000	 8.3248e-09	-0.00018545	-7.1906e-09	
0	17	 6.4465e-14	 3.7385e-13	     353.56	   0.019078	-9.7531e+92	-9.7531e+92	  0.0015793	 4.4233e-05	     0.0000	 -0.0083718	-0.00018234	  0.0051791	
0	18	    0.10976	    0.63653	     116.29	     1.0606	-9.7531e+92	-9.7531e+92	    0.25456	   0.062171	     0.0000	   0.049445	   -0.21803	  -0.060903	
0	19	 1.6544e-14	 9.5945e-14	     234.49	   0.096052	-9.7531e+92	-9.7531e+92	  0.0022153	 4.4360e-05	     0.0000	 -0.0090720	-0.00017238	  0.0051341	
0	20	 2.0393e-14	 1.1827e-13	     206.61	    0.15606	-9.7531e+92	-9.7531e+92	 0.00077754	 4.1709e-05	     0.0000	 -0.0015076	-0.00014797	  0.0011051	
0	21	   0.074019	    0.42925	     39.458	     2.9290	-9.7531e+92	-9.7531e+92	    0.14879	   0.028760	     0.0000	 0.00032389	  -0.049435	  -0.020496	
0	22	 2.0692e-14	 1.2000e-13	     321.47	   0.027830	-9.7531e+92	-9.7531e+92	 0.00094245	 4.4211e-05	     0.0000	 -0.0054948	-0.00017561	  0.0041007	
0	23	  0.0021385	   0.012402	     119.13	    0.99543	-9.7531e+92	-9.7531e+92	   0.042024	  0.0012551	     0.0000	  -0.071517	 -0.0050899	   0.078761	
0	24	 0.00090611	  0.0052547	     123.34	    0.90511	-9.7531e+92	-9.7531e+92	  0.0017689	 0.00053992	 0.00018871	 0.00039867	-0.00099424	-0.00088598	
1	0	   0.038204	    0.19087	     35.562	     2.9528	-9.7531e+92	-9.7531e+92	    0.10504	   0.015633	     0.0000	 -0.0014788	  -0.033498	  0.0033975	
1	1	     0.0000	     0.0000	     0.0000	     3.0000	-9.7531e+92	-9.7531e+92	     2.5547	     0.0000	     2.2672	     0.0000	     0.0000	     0.0000	
1	2	    0.71604	     3.5774	     184.62	    0.23778	-9.7531e+92	-9.7531e+92	    0.98263	    0.52531	    0.36347	     1.0000	     3.9414	     1.5600	
1	3	 0.00041050	  0.0020509	     244.14	   0.082134	-9.7531e+92	-9.7531e+92	    0.14994	 0.00034749	     0.0000	   -0.11299	  0.0028393	   -0.28234	
1	4	 2.2519e-06	 1.1250e-05	     272.02	   0.053810	-9.7531e+92	-9.7531e+92	   0.042928	 5.5132e-05	     0.0000	   -0.12998	 0.00039230	  -0.090393	
1	5	 0.00051361	  0.0025660	     161.91	    0.38106	-9.7531e+92	-9.7531e+92	   0.020297	 0.00045896	     0.0000	  -0.043308	  0.0028139	  -0.069233	
1	6	  0.0092956	   0.046442	     96.519	     1.6061	-9.7531e+92	-9.7531e+92	   0.044385	  0.0059286	     0.0000	-0.00017625	   0.051239	  -0.053668	
1	7	  0.0092625	   0.046276	     75.481	     2.2648	-9.7531e+92	-9.7531e+92	   0.033085	  0.0063335	     0.0000	     0.0000	   0.050374	  -0.035155	
1	8	 1.5162e-06	 7.5749e-06	     184.58	    0.23797	-9.7531e+92	-9.7531e+92	   0.054455	 5.0545e-05	     0.0000	   -0.39262	 0.00031959	   -0.18585	
1	9	   0.012110	   0.060501	     55.376	     2.7421	-9.7531e+92	-9.7531e+92	   0.024170	  0.0085391	     0.0000	  0.0010980	   0.065972	  0.0093862	
1	10	 2.0638e-14	 1.0311e-13	     228.04	    0.10699	-9.7531e+92	-9.7531e+92	 0.00034738	 5.6928e-05	     0.0000	 -0.0021166	 0.00029413	 -0.0012002	
1	11	 8.1688e-14	 4.0812e-13	     185.20	    0.23505	-9.7531e+92	-9.7531e+92	 0.00022152	 5.4918e-05	     0.0000	-0.00049640	 0.00030982	-0.00041427	
1	12	 9.8460e-14	 4.9191e-13	     231.78	    0.10046	-9.7531e+92	-9.7531e+92	 0.00023433	 5.7868e-05	     0.0000	-0.00076936	 0.00028935	-0.00041680	
1	13	   0.096873	    0.48398	     57.043	     2.7128	-9.7531e+92	-9.7531e+92	    0.52652	   0.061869	     0.0000	  -0.031989	    0.45796	   -0.16502	
1	14	   0.075263	    0.37602	     88.839	     1.8485	-9.7531e+92	-9.7531e+92	    0.18242	   0.054358	     0.0000	  -0.026919	    0.36820	  -0.026496	
1	15	 0.00017814	 0.00089002	     167.83	    0.33581	-9.7531e+92	-9.7531e+92	   0.087891	 0.00019525	     0.0000	  -0.037332	  0.0011808	   -0.15268	
1	16	 3.4150e-13	 1.7062e-12	     207.46	    0.15366	-9.7531e+92	-9.7531e+92	 0.00016650	 5.7445e-05	     0.0000	 1.6666e-08	 0.00028633	 1.0925e-08	
1	17	 2.8014e-13	 1.3996e-12	     342.57	   0.021626	-9.7531e+92	-9.7531e+92	  0.0024521	 5.7598e-05	     0.0000	  -0.016753	 0.00028507	 -0.0081650	
1	18	   0.032545	    0.16260	     111.77	     1.1715	-9.7531e+92	-9.7531e+92	    0.10671	   0.024470	     0.0000	  -0.072783	    0.16313	  -0.084647	
1	19	 1.1646e-13	 5.8183e-13	     226.57	    0.10968	-9.7531e+92	-9.7531e+92	  0.0015811	 5.7814e-05	     0.0000	  -0.018154	 0.00029358	 -0.0082197	
1	20	 1.7550e-13	 8.7682e-13	     199.20	    0.17914	-9.7531e+92	-9.7531e+92	 0.00047426	 5.3669e-05	     0.0000	 -0.0029298	 0.00032462	 -0.0017547	
1	21	  0.0092140	   0.046034	     57.297	     2.7081	-9.7531e+92	-9.7531e+92	   0.053091	  0.0058141	     0.0000	 -0.0074954	   0.049663	  -0.050595	
1	22	 7.6939e-14	 3.8439e-13	     312.59	   0.031097	-9.7531e+92	-9.7531e+92	  0.0017756	 5.7650e-05	     0.0000	  -0.010996	 0.00029069	 -0.0065524	
1	23	 5.9793e-05	 0.00029873	     132.72	    0.73117	-9.7531e+92	-9.7531e+92	   0.019668	 8.9934e-05	     0.0000	   -0.14894	 0.00064431	   -0.12923	
1	24	 2.2238e-05	 0.00011110	     142.19	    0.58963	-9.7531e+92	-9.7531e+92	 0.00033162	 6.4371e-05	     0.0000	-0.00022930	 0.00050868	-0.00045547	
2	0	  0.0014971	  0.0048490	     211.35	    0.14318	-9.7531e+92	-9.7531e+92	   0.054049	  0.0022475	     0.0000	  -0.077166	   0.029844	   -0.31261	
2	1	  0.0033379	   0.010811	     184.62	    0.23778	-9.7531e+92	-9.7531e+92	   0.048073	  0.0024515	     0.0000	     0.0000	   0.023239	  0.0040637	
2	2	     0.0000	     0.0000	     0.0000	     3.0000	-9.7531e+92	-9.7531e+92	     1.7214	     0.0000	     1.3200	     0.0000	     0.0000	     0.0000	
2	3	   0.049122	    0.15911	     63.167	     2.5880	-9.7531e+92	-9.7531e+92	    0.20590	   0.058112	     0.0000	   -0.11661	    0.76811	   -0.31608	
2	4	   0.049315	    0.15973	     91.235	     1.7721	-9.7531e+92	-9.7531e+92	   0.067740	   0.067703	     0.0000	    0.10823	    0.87142	   0.082208	
2	5	  0.0026815	  0.0086853	     120.45	    0.96633	-9.7531e+92	-9.7531e+92	   0.015571	  0.0046464	     0.0000	  -0.077113	   0.049491	   -0.13588	
2	6	  0.0049407	   0.016003	     118.53	     1.0087	-9.7531e+92	-9.7531e+92	   0.032311	  0.0077116	     0.0000	  -0.013298	   0.091047	   -0.12866	
2	7	 0.00031443	  0.0010184	     153.12	    0.46179	-9.7531e+92	-9.7531e+92	   0.019278	 0.00063042	     0.0000	-0.00043350	  0.0068180	   -0.12102	
2	8	 7.5031e-06	 2.4302e-05	     174.51	    0.29198	-9.7531e+92	-9.7531e+92	   0.033041	 0.00012391	     0.0000	   -0.75900	  0.0012760	   -0.39734	
2	9	 0.00056836	  0.0018409	     133.64	    0.71608	-9.7531e+92	-9.7531e+92	  0.0073841	  0.0010712	     0.0000	 -0.0068036	   0.011283	  -0.041537	
2	10	 1.0655e-13	 3.4511e-13	     213.20	    0.13850	-9.7531e+92	-9.7531e+92	 0.00021856	 0.00012544	     0.0000	 -0.0040920	  0.0011362	 -0.0025706	
2	11	 6.7875e-14	 2.1985e-13	     197.83	    0.18388	-9.7531e+92	-9.7531e+92	 0.00014271	 0.00012269	     0.0000	-0.00095971	  0.0011471	-0.00088709	
2	12	 1.6223e-13	 5.2546e-13	     181.48	    0.25322	-9.7531e+92	-9.7531e+92	 0.00015347	 0.00012516	     0.0000	 -0.0014874	  0.0011402	-0.00089263	
2	13	    0.72640	     2.3528	     127.66	    0.82064	-9.7531e+92	-9.7531e+92	    0.66525	     1.0000	    0.15642	    0.58686	     13.353	     3.2517	
2	14	   0.058395	    0.18914	     97.273	     1.5829	-9.7531e+92	-9.7531e+92	    0.11025	   0.096397	     0.0000	   -0.13988	     1.1046	   -0.15001	
2	15	   0.097462	    0.31568	     21.827	     2.9932	-9.7531e+92	-9.7531e+92	    0.12052	    0.11464	     0.0000	     0.0000	     1.8354	    0.20405	
2	16	 2.0121e-13	 6.5172e-13	     68.097	     2.4691	-9.7531e+92	-9.7531e+92	 0.00010794	 0.00011790	     0.0000	 3.2219e-08	  0.0011810	 2.3440e-08	
2	17	 3.6928e-06	 1.1961e-05	     160.64	    0.39167	-9.7531e+92	-9.7531e+92	  0.0033209	 0.00011001	     0.0000	  -0.032353	  0.0013128	  -0.017459	
2	18	  0.0057610	   0.018660	     137.27	    0.65930	-9.7531e+92	-9.7531e+92	   0.070059	  0.0087516	     0.0000	   -0.24807	    0.10473	   -0.32610	
2	19	 0.00012319	 0.00039901	     139.30	    0.62950	-9.7531e+92	-9.7531e+92	  0.0014776	 0.00033119	     0.0000	  -0.033790	  0.0033624	  -0.016923	
2	20	 4.5855e-05	 0.00014852	     139.77	    0.62284	-9.7531e+92	-9.7531e+92	 0.00037920	 0.00019922	     0.0000	 -0.0058894	  0.0019863	 -0.0035109	
2	21	 6.9539e-06	 2.2524e-05	     197.19	    0.18609	-9.7531e+92	-9.7531e+92	   0.047199	 0.00012240	     0.0000	   -0.16164	  0.0013124	   -0.15579	
2	22	 1.3375e-05	 4.3320e-05	     161.29	    0.38622	-9.7531e+92	-9.7531e+92	  0.0026255	 0.00012644	     0.0000	  -0.021151	  0.0014890	  -0.013943	
2	23	 1.0365e-06	 3.3573e-06	     168.40	    0.33177	-9.7531e+92	-9.7531e+92	   0.012012	 0.00011054	     0.0000	   -0.28850	  0.0011643	   -0.27696	
2	24	 1.0647e-13	 3.4484e-13	     210.29	    0.14595	-9.7531e+92	-9.7531e+92	 0.00020655	 0.00011532	     0.0000	-0.00062797	  0.0011722	 -0.0010930	
3	0	  0.0019981	  0.0088622	     273.88	   0.052386	-9.7531e+92	-9.7531e+92	   0.047657	  0.0024560	     0.0000	   -0.14563	   0.020224	   -0.11484	
3	1	   0.021123	   0.093689	     244.14	   0.082134	-9.7531e+92	-9.7531e+92	   0.064030	   0.023079	     0.0000	   -0.14776	    0.17184	  -0.073718	
3	2	    0.24140	     1.0707	     63.167	     2.5880	-9.7531e+92	-9.7531e+92	    0.41112	    0.21171	     0.0000	    0.28207	     1.4720	    0.20499	
3	3	     0.0000	     0.0000	     0.0000	     3.0000	-9.7531e+92	-9.7531e+92	     2.4159	     0.0000	     1.9511	     0.0000	     0.0000	     0.0000	
3	4	    0.20510	    0.90969	     82.606	     2.0469	-9.7531e+92	-9.7531e+92	    0.27178	    0.10838	    0.11885	   0.036890	    0.40284	   -0.19443	
3	5	   0.014641	   0.064939	     167.87	    0.33554	-9.7531e+92	-9.7531e+92	   0.032271	   0.018745	     0.0000	  -0.033445	   0.095179	  -0.019100	
3	6	  0.0055873	   0.024781	     180.81	    0.25667	-9.7531e+92	-9.7531e+92	   0.030901	  0.0070269	     0.0000	  -0.034014	   0.036289	  -0.033049	
3	7	 2.5509e-05	 0.00011314	     215.68	    0.13250	-9.7531e+92	-9.7531e+92	   0.017203	 0.00011436	     0.0000	 -0.0058892	 0.00058781	  -0.032001	
3	8	 6.2083e-14	 2.7536e-13	     221.29	    0.12010	-9.7531e+92	-9.7531e+92	   0.091911	 8.0671e-05	     0.0000	   -0.62511	 0.00039110	   -0.10012	
3	9	 8.2252e-05	 0.00036481	     191.41	    0.20802	-9.7531e+92	-9.7531e+92	  0.0054711	 0.00018528	     0.0000	 -0.0059527	 0.00093395	  -0.011276	
3	10	 1.3127e-13	 5.8222e-13	     258.79	   0.065432	-9.7531e+92	-9.7531e+92	 0.00044638	 9.0730e-05	     0.0000	 -0.0033699	 0.00037748	-0.00062720	
3	11	 1.4186e-13	 6.2920e-13	     244.71	   0.081388	-9.7531e+92	-9.7531e+92	 0.00023353	 9.0011e-05	     0.0000	-0.00079033	 0.00038012	-0.00021727	
3	12	 5.9610e-13	 2.6439e-12	     227.10	    0.10870	-9.7531e+92	-9.7531e+92	 0.00025539	 8.9384e-05	     0.0000	 -0.0012249	 0.00038743	-0.00021805	
3	13	    0.11347	    0.50329	     188.65	    0.21955	-9.7531e+92	-9.7531e+92	    0.32994	   0.079484	     0.0000	  -0.018374	    0.17868	  -0.064423	
3	14	    0.21269	    0.94335	     161.01	    0.38854	-9.7531e+92	-9.7531e+92	    0.31021	    0.26922	     0.0000	    0.54647	     1.7483	    0.22833	
3	15	    0.15470	    0.68615	     84.108	     1.9994	-9.7531e+92	-9.7531e+92	    0.23938	    0.14512	     0.0000	   0.092715	     1.0866	    0.13668	
3	16	 3.8014e-13	 1.6860e-12	     111.94	     1.1671	-9.7531e+92	-9.7531e+92	 0.00014781	 8.0710e-05	     0.0000	 2.6308e-08	 0.00046488	 5.5275e-09	
3	17	   0.025353	    0.11245	     122.41	    0.92444	-9.7531e+92	-9.7531e+92	   0.033140	   0.019865	   0.018253	   0.020970	    0.25997	   0.069056	
3	18	  0.0031668	   0.014046	     199.21	    0.17912	-9.7531e+92	-9.7531e+92	   0.057575	  0.0038254	     0.0000	   -0.21991	   0.022919	   -0.10007	
3	19	 0.00014828	 0.00065768	     184.07	    0.24039	-9.7531e+92	-9.7531e+92	  0.0046217	 0.00023286	     0.0000	  -0.011045	  0.0015266	 -0.0042114	
3	20	 1.4835e-06	 6.5799e-06	     185.64	    0.23299	-9.7531e+92	-9.7531e+92	 0.00073233	 8.9229e-05	     0.0000	 -0.0051755	 0.00041007	-0.00093107	
3	21	 3.6579e-13	 1.6224e-12	     259.71	   0.064522	-9.7531e+92	-9.7531e+92	   0.026582	 8.4758e-05	     0.0000	   -0.13709	 0.00042009	  -0.040784	
3	22	 0.00050678	  0.0022477	     164.94	    0.35711	-9.7531e+92	-9.7531e+92	   0.010959	 0.00054444	     0.0000	 -0.0058676	  0.0047075	 -0.0028612	
3	23	 5.9411e-13	 2.6351e-12	     228.38	    0.10637	-9.7531e+92	-9.7531e+92	   0.032210	 8.0412e-05	     0.0000	   -0.23759	 0.00038073	  -0.068215	
3	24	 1.6281e-13	 7.2212e-13	     270.69	   0.054855	-9.7531e+92	-9.7531e+92	 0.00024953	 8.8191e-05	     0.0000	-0.00051714	 0.00038623	-0.00026868	
4	0	 0.00019939	 0.00060057	     281.58	   0.046977	-9.7531e+92	-9.7531e+92	   0.018759	 0.00012627	     0.0000	   -0.12596	 -0.0012028	    0.23440	
4	1	 0.00031437	 0.00094692	     272.02	   0.053810	-9.7531e+92	-9.7531e+92	   0.021664	 0.00017046	     0.0000	   -0.19419	 -0.0020531	    0.25660	
4	2	    0.11066	    0.33333	     91.235	     1.7721	-9.7531e+92	-9.7531e+92	    0.21031	   0.043582	     0.0000	  -0.030178	   -0.73233	   0.067132	
4	3	    0.65080	     1.9603	     82.606	     2.0469	-9.7531e+92	-9.7531e+92	    0.57379	    0.16672	    0.25815	   0.046204	    -5.9268	    -3.5020	
4	4	     0.0000	     0.0000	     0.0000	     3.0000	-9.7531e+92	-9.7531e+92	     1.5921	     0.0000	     1.4882	     0.0000	     0.0000	     0.0000	
4	5	  0.0067927	   0.020460	     147.08	    0.52816	-9.7531e+92	-9.7531e+92	   0.020056	  0.0034070	     0.0000	  -0.044492	  -0.048493	    0.11858	
4	6	 0.00039530	  0.0011907	     179.35	    0.26441	-9.7531e+92	-9.7531e+92	   0.012526	 0.00022719	     0.0000	  -0.034798	 -0.0032969	    0.16084	
4	7	 1.0287e-05	 3.0985e-05	     209.16	    0.14897	-9.7531e+92	-9.7531e+92	  0.0070961	 3.8159e-05	     0.0000	 -0.0049312	-0.00055526	    0.12996	
4	8	 5.8716e-06	 1.7686e-05	     186.41	    0.22946	-9.7531e+92	-9.7531e+92	   0.030143	 3.3250e-05	     0.0000	   -0.51847	-0.00053757	    0.43186	
4	9	 2.1814e-13	 6.5706e-13	     223.28	    0.11603	-9.7531e+92	-9.7531e+92	  0.0021984	 3.3304e-05	     0.0000	 -0.0050306	-0.00048934	   0.047966	
4	10	 5.7908e-14	 1.7442e-13	     204.61	    0.16194	-9.7531e+92	-9.7531e+92	 0.00021233	 3.3704e-05	     0.0000	 -0.0026655	-0.00048893	  0.0028548	
4	11	 1.0222e-13	 3.0789e-13	     218.09	    0.12699	-9.7531e+92	-9.7531e+92	 0.00013489	 3.4504e-05	     0.0000	-0.00066133	-0.00050658	 0.00098273	
4	12	 5.1077e-07	 1.5385e-06	     165.11	    0.35583	-9.7531e+92	-9.7531e+92	 0.00023252	 3.2764e-05	     0.0000	-0.00092356	-0.00046863	 0.00098757	
4	13	  0.0079100	   0.023826	     217.30	    0.12878	-9.7531e+92	-9.7531e+92	    0.13428	  0.0030805	     0.0000	  -0.084988	  -0.046356	    0.67091	
4	14	   0.016547	   0.049842	     184.55	    0.23808	-9.7531e+92	-9.7531e+92	   0.099917	  0.0081333	     0.0000	   -0.24655	  -0.096705	    0.33811	
4	15	   0.074631	    0.22480	     106.18	     1.3210	-9.7531e+92	-9.7531e+92	    0.12619	   0.030903	     0.0000	   0.011610	   -0.51200	  -0.078542	
4	16	 1.8422e-14	 5.5489e-14	     75.439	     2.2661	-9.7531e+92	-9.7531e+92	 0.00010038	 3.1253e-05	     0.0000	 2.1224e-08	-0.00044229	-2.6605e-08	
4	17	   0.017184	   0.051761	     73.525	     2.3215	-9.7531e+92	-9.7531e+92	   0.021461	  0.0055232	   0.011352	   0.022739	  -0.076410	  -0.051083	
4	18	   0.026890	   0.080996	     186.18	    0.23049	-9.7531e+92	-9.7531e+92	   0.043849	   0.012732	     0.0000	   -0.11372	   -0.17535	    0.20216	
4	19	   0.016495	   0.049685	     119.82	    0.98008	-9.7531e+92	-9.7531e+92	   0.016692	  0.0049317	  0.0065547	   0.018039	  -0.059545	  -0.036412	
4	20	 0.00053352	  0.0016070	     135.08	    0.69295	-9.7531e+92	-9.7531e+92	  0.0015801	 0.00028982	     0.0000	 -0.0010535	 -0.0041450	  0.0010102	
4	21	 2.2144e-14	 6.6700e-14	     253.96	   0.070430	-9.7531e+92	-9.7531e+92	   0.010864	 3.3228e-05	     0.0000	   -0.11472	-0.00048127	    0.16480	
4	22	   0.070622	    0.21272	     82.638	     2.0459	-9.7531e+92	-9.7531e+92	   0.056811	   0.022197	   0.048686	   0.067314	   -0.30848	   -0.24064	
4	23	 2.4699e-13	 7.4397e-13	     212.30	    0.14074	-9.7531e+92	-9.7531e+92	   0.010707	 3.0834e-05	     0.0000	   -0.19881	-0.00050509	    0.30569	
4	24	 2.5101e-14	 7.5607e-14	     253.16	   0.071301	-9.7531e+92	-9.7531e+92	 0.00014121	 3.4164e-05	     0.0000	-0.00043273	-0.00050515	  0.0012080	
5	0	   0.014120	   0.017515	     169.69	    0.32292	-9.7531e+92	-9.7531e+92	   0.024759	  0.0046321	     0.0000	  -0.053042	   -0.13463	    0.19371	
5	1	   0.013742	   0.017047	     161.91	    0.38106	-9.7531e+92	-9.7531e+92	   0.024455	  0.0049625	     0.0000	  -0.083668	   -0.13061	    0.21318	
5	2	   0.076299	   0.094649	     120.45	    0.96633	-9.7531e+92	-9.7531e+92	   0.052765	   0.026165	     0.0000	  -0.060510	   -0.79331	    0.25102	
5	3	  0.0043936	  0.0054503	     167.87	    0.33554	-9.7531e+92	-9.7531e+92	   0.022274	  0.0014575	     0.0000	  -0.081485	  -0.044395	    0.50123	
5	4	  0.0021604	  0.0026800	     147.08	    0.52816	-9.7531e+92	-9.7531e+92	  0.0057148	 0.00076873	     0.0000	  -0.091111	  -0.023511	    0.17141	
5	5	     0.0000	     0.0000	     0.0000	     3.0000	-9.7531e+92	-9.7531e+92	    0.63214	     0.0000	    0.59745	     0.0000	     0.0000	     0.0000	
5	6	   0.065839	   0.081673	     72.218	     2.3585	-9.7531e+92	-9.7531e+92	   0.031397	   0.023422	     0.0000	   0.025362	   -0.74752	   -0.21151	
5	7	   0.036491	   0.045266	     89.752	     1.8194	-9.7531e+92	-9.7531e+92	   0.019757	   0.012631	     0.0000	  0.0016463	   -0.41164	  -0.078155	
5	8	   0.037296	   0.046265	     54.235	     2.7611	-9.7531e+92	-9.7531e+92	   0.059887	   0.011356	     0.0000	   -0.14105	   -0.40973	    0.21456	
5	9	 4.5710e-05	 5.6703e-05	     134.70	    0.69890	-9.7531e+92	-9.7531e+92	  0.0022895	 4.1244e-05	     0.0000	 -0.0028157	 -0.0013003	   0.048210	
5	10	 4.2580e-05	 5.2821e-05	     93.726	     1.6933	-9.7531e+92	-9.7531e+92	 0.00024794	 3.3083e-05	     0.0000	-0.00066859	 -0.0010250	  0.0018784	
5	11	 0.00050231	 0.00062311	     77.490	     2.2050	-9.7531e+92	-9.7531e+92	 0.00025047	 0.00016996	     0.0000	 0.00017015	 -0.0053758	 -0.0014412	
5	12	 0.00020034	 0.00024852	     80.590	     2.1100	-9.7531e+92	-9.7531e+92	 0.00017965	 7.8230e-05	     0.0000	 4.3651e-05	 -0.0024128	-0.00012391	
5	13	    0.11649	    0.14450	     125.66	    0.85869	-9.7531e+92	-9.7531e+92	   0.076743	   0.037057	     0.0000	  -0.016319	    -1.1418	    0.19873	
5	14	    0.45276	    0.56164	     108.09	     1.2686	-9.7531e+92	-9.7531e+92	    0.15890	    0.15307	   0.053234	    0.73147	    -4.7677	    -1.9075	
5	15	  0.0090110	   0.011178	     104.94	     1.3557	-9.7531e+92	-9.7531e+92	   0.024755	  0.0032838	     0.0000	  -0.023895	   -0.10287	    0.29258	
5	16	 1.0734e-14	 1.3315e-14	     71.546	     2.3771	-9.7531e+92	-9.7531e+92	 4.1340e-05	 2.4218e-05	     0.0000	 1.1300e-08	-0.00073719	-2.6611e-08	
5	17	 1.6674e-14	 2.0684e-14	     219.60	    0.12368	-9.7531e+92	-9.7531e+92	 0.00037547	 2.5399e-05	     0.0000	  -0.012561	-0.00078914	   0.019391	
5	18	    0.15438	    0.19151	     53.346	     2.7752	-9.7531e+92	-9.7531e+92	   0.067410	   0.038171	     0.0000	   0.036614	    -1.7959	   -0.52732	
5	19	  0.0031899	  0.0039571	     64.874	     2.5486	-9.7531e+92	-9.7531e+92	  0.0020885	  0.0010172	     0.0000	-0.00032079	  -0.032943	 0.00056200	
5	20	   0.011240	   0.013943	     39.691	     2.9273	-9.7531e+92	-9.7531e+92	  0.0037077	  0.0040007	  0.0027496	   0.036089	   -0.12575	  -0.061794	
5	21	 0.00019065	 0.00023650	     132.91	    0.72808	-9.7531e+92	-9.7531e+92	  0.0083998	 9.2233e-05	     0.0000	  -0.064138	 -0.0029474	    0.16603	
5	22	 7.7185e-07	 9.5748e-07	     151.89	    0.47454	-9.7531e+92	-9.7531e+92	 0.00026468	 2.4479e-05	     0.0000	 -0.0080219	-0.00076655	   0.015415	
5	23	  0.0015339	  0.0019028	     65.633	     2.5304	-9.7531e+92	-9.7531e+92	   0.021440	 0.00050284	     0.0000	   -0.10707	  -0.017867	    0.29838	
5	24	 7.4543e-05	 9.2470e-05	     106.34	     1.3165	-9.7531e+92	-9.7531e+92	 0.00012526	 4.9022e-05	     0.0000	-9.8497e-05	 -0.0015808	 0.00077536	
6	0	    0.19146	    0.21504	     105.31	     1.3454	-9.7531e+92	-9.7531e+92	   0.070187	   0.059692	  0.0078924	   0.071993	   -0.78919	   -0.43984	
6	1	    0.23330	    0.26202	     96.519	     1.6061	-9.7531e+92	-9.7531e+92	   0.086167	   0.098580	   0.021518	    0.19325	   -0.49171	   -0.53474	
6	2	   0.067445	   0.075748	     118.53	     1.0087	-9.7531e+92	-9.7531e+92	   0.065497	   0.027211	     0.0000	  -0.041344	   -0.17818	    0.18577	
6	3	  0.0022994	  0.0025825	     180.81	    0.25667	-9.7531e+92	-9.7531e+92	   0.022857	 0.00096804	     0.0000	  -0.047949	 -0.0050678	    0.32002	
6	4	 0.00062236	 0.00069898	     179.35	    0.26441	-9.7531e+92	-9.7531e+92	  0.0049220	 0.00030472	     0.0000	  -0.055167	 -0.0017385	    0.11207	
6	5	   0.018134	   0.020367	     72.218	     2.3585	-9.7531e+92	-9.7531e+92	   0.012464	  0.0076319	     0.0000	 -0.0064608	  -0.053816	   0.034841	
6	6	     0.0000	     0.0000	     0.0000	     3.0000	-9.7531e+92	-9.7531e+92	    0.57189	     0.0000	    0.53940	     0.0000	     0.0000	     0.0000	
6	7	   0.041615	   0.046738	     34.871	     2.9563	-9.7531e+92	-9.7531e+92	   0.019097	   0.017559	     0.0000	  0.0013070	   -0.12446	  -0.067008	
6	8	 0.00059807	 0.00067171	     109.28	     1.2365	-9.7531e+92	-9.7531e+92	   0.019620	 0.00027543	     0.0000	   -0.16825	 -0.0021609	    0.26890	
6	9	   0.011561	   0.012985	     62.827	     2.5956	-9.7531e+92	-9.7531e+92	  0.0076656	  0.0046857	     0.0000	 0.00014734	  -0.030419	  -0.010938	
6	10	 6.1253e-07	 6.8794e-07	     153.37	    0.45919	-9.7531e+92	-9.7531e+92	 0.00010174	 3.1117e-05	     0.0000	-0.00081123	-0.00021483	  0.0017814	
6	11	 4.7153e-05	 5.2958e-05	     117.04	     1.0431	-9.7531e+92	-9.7531e+92	 7.1469e-05	 5.0879e-05	     0.0000	-0.00015231	-0.00033271	 0.00044131	
6	12	 2.2647e-06	 2.5435e-06	     152.49	    0.46823	-9.7531e+92	-9.7531e+92	 5.9803e-05	 3.2466e-05	     0.0000	-0.00030761	-0.00022936	 0.00061068	
6	13	    0.14411	    0.16185	     53.773	     2.7685	-9.7531e+92	-9.7531e+92	   0.085210	   0.051590	     0.0000	 -0.0030402	   -0.43306	   0.040204	
6	14	    0.14549	    0.16340	     41.508	     2.9135	-9.7531e+92	-9.7531e+92	   0.064676	   0.060092	     0.0000	   0.070112	   -0.41343	   -0.19526	
6	15	   0.023201	   0.026058	     96.746	     1.5991	-9.7531e+92	-9.7531e+92	   0.022116	   0.010249	     0.0000	 -0.0099806	  -0.073165	    0.13204	
6	16	 1.0142e-15	 1.1390e-15	     111.89	     1.1685	-9.7531e+92	-9.7531e+92	 3.7428e-05	 3.1676e-05	     0.0000	 6.7570e-09	-0.00023203	-1.6547e-08	
6	17	 1.4300e-15	 1.6060e-15	     251.72	   0.072906	-9.7531e+92	-9.7531e+92	 0.00037175	 3.1874e-05	     0.0000	 -0.0072406	-0.00023853	   0.012063	
6	18	    0.10020	    0.11254	     36.723	     2.9464	-9.7531e+92	-9.7531e+92	   0.046571	   0.041543	     0.0000	   0.033575	   -0.29876	   -0.11869	
6	19	 0.00015611	 0.00017532	     133.74	    0.71443	-9.7531e+92	-9.7531e+92	 0.00046797	 0.00010438	     0.0000	 -0.0074235	-0.00073173	   0.011452	
6	20	 0.00018152	 0.00020387	     111.59	     1.1762	-9.7531e+92	-9.7531e+92	 0.00021328	 7.2612e-05	     0.0000	-1.8979e-05	 0.00023910	-4.0538e-05	
6	21	   0.018650	   0.020946	     78.899	     2.1621	-9.7531e+92	-9.7531e+92	   0.015091	  0.0077273	     0.0000	  -0.010662	  -0.058142	   0.037308	
6	22	 8.4863e-16	 9.5311e-16	     216.08	    0.13159	-9.7531e+92	-9.7531e+92	 0.00022586	 3.1552e-05	     0.0000	 -0.0045604	-0.00022906	  0.0095941	
6	23	 0.00056219	 0.00063140	     73.330	     2.3271	-9.7531e+92	-9.7531e+92	  0.0072295	 0.00026357	     0.0000	  -0.063801	 -0.0021363	    0.18918	
6	24	 0.00036474	 0.00040964	     108.13	     1.2674	-9.7531e+92	-9.7531e+92	 0.00019956	 0.00019279	     0.0000	 0.00010250	 -0.0013748	-0.00058104	
7	0	    0.12960	    0.13022	     80.265	     2.1201	-9.7531e+92	-9.7531e+92	   0.049542	   0.025131	     0.0000	 0.00070438	  -0.043292	 -0.0054221	
7	1	    0.17517	    0.17601	     75.481	     2.2648	-9.7531e+92	-9.7531e+92	   0.062480	   0.047217	  0.0046436	  0.0028906	    0.20761	 -0.0072680	
7	2	  0.0062790	  0.0063090	     153.12	    0.46179	-9.7531e+92	-9.7531e+92	   0.039337	  0.0016590	     0.0000	 -0.0019224	  0.0066779	  0.0078692	
7	3	 5.1172e-05	 5.1417e-05	     215.68	    0.13250	-9.7531e+92	-9.7531e+92	   0.022275	 3.1318e-05	     0.0000	 -0.0010953	 0.00015455	  0.0066483	
7	4	 0.00032158	 0.00032311	     209.16	    0.14897	-9.7531e+92	-9.7531e+92	  0.0039738	 0.00011130	     0.0000	 -0.0012441	 0.00044111	  0.0023033	
7	5	   0.039060	   0.039247	     89.752	     1.8194	-9.7531e+92	-9.7531e+92	   0.018012	   0.010653	     0.0000	 0.00016946	   0.037894	-0.00080537	
7	6	   0.052250	   0.052499	     34.871	     2.9563	-9.7531e+92	-9.7531e+92	   0.022345	   0.013935	     0.0000	 0.00018309	   0.052360	 -0.0016994	
7	7	     0.0000	     0.0000	     0.0000	     3.0000	-9.7531e+92	-9.7531e+92	    0.50965	     0.0000	    0.48661	     0.0000	     0.0000	     0.0000	
7	8	 0.00045525	 0.00045742	     109.89	     1.2203	-9.7531e+92	-9.7531e+92	   0.018772	 0.00013631	     0.0000	 -0.0017429	 0.00049943	  0.0055045	
7	9	  0.0049099	  0.0049334	     64.406	     2.5596	-9.7531e+92	-9.7531e+92	  0.0046825	  0.0013845	     0.0000	-1.2943e-05	  0.0046326	 0.00025398	
7	10	 7.7399e-09	 7.7769e-09	     153.29	    0.46001	-9.7531e+92	-9.7531e+92	 9.4693e-05	 2.0198e-05	     0.0000	-2.0448e-05	 5.1600e-05	 3.6454e-05	
7	11	 5.8229e-06	 5.8507e-06	     112.26	     1.1591	-9.7531e+92	-9.7531e+92	 5.6482e-05	 2.1333e-05	     0.0000	-4.6289e-06	 6.4567e-05	 1.2118e-05	
7	12	 1.2101e-07	 1.2159e-07	     158.06	    0.41430	-9.7531e+92	-9.7531e+92	 5.4438e-05	 2.0421e-05	     0.0000	-7.4273e-06	 5.0508e-05	 1.2642e-05	
7	13	    0.24565	    0.24682	     57.312	     2.7078	-9.7531e+92	-9.7531e+92	   0.094094	   0.056735	     0.0000	 0.00045527	    0.15835	 -0.0054708	
7	14	    0.15806	    0.15882	     65.464	     2.5345	-9.7531e+92	-9.7531e+92	   0.061228	   0.040592	     0.0000	  0.0018917	    0.11613	 -0.0048045	
7	15	 0.00091442	 0.00091879	     131.62	    0.74982	-9.7531e+92	-9.7531e+92	   0.016164	 0.00028074	     0.0000	-0.00035626	 0.00081693	  0.0043042	
7	16	 3.7382e-16	 3.7560e-16	     137.28	    0.65913	-9.7531e+92	-9.7531e+92	 3.3485e-05	 2.0628e-05	     0.0000	 1.6099e-10	 4.1925e-05	-3.3831e-10	
7	17	 6.7402e-17	 6.7724e-17	     281.54	   0.047004	-9.7531e+92	-9.7531e+92	 0.00035186	 2.0618e-05	     0.0000	-0.00016185	 4.1731e-05	 0.00024652	
7	18	    0.15615	    0.15689	     38.248	     2.9371	-9.7531e+92	-9.7531e+92	   0.056529	   0.040285	     0.0000	  0.0019526	    0.12465	 -0.0062957	
7	19	 8.1075e-07	 8.1462e-07	     154.38	    0.44913	-9.7531e+92	-9.7531e+92	 0.00040621	 2.0741e-05	     0.0000	-0.00017535	 4.8362e-05	 0.00024553	
7	20	 8.8288e-06	 8.8710e-06	     126.68	    0.83907	-9.7531e+92	-9.7531e+92	 0.00019430	 2.2544e-05	     0.0000	-3.1078e-05	 6.1795e-05	 5.2063e-05	
7	21	   0.028992	   0.029131	     44.967	     2.8822	-9.7531e+92	-9.7531e+92	   0.016816	  0.0076138	     0.0000	-1.4203e-06	   0.026935	 6.1441e-06	
7	22	 4.0295e-16	 4.0488e-16	     241.36	   0.085874	-9.7531e+92	-9.7531e+92	 0.00018757	 2.0554e-05	     0.0000	-0.00010623	 4.4662e-05	 0.00019603	
7	23	  0.0020636	  0.0020735	     58.677	     2.6821	-9.7531e+92	-9.7531e+92	  0.0072958	 0.00053721	     0.0000	-0.00056625	  0.0029709	-0.00064596	
7	24	 6.2308e-05	 6.2606e-05	     84.614	     1.9834	-9.7531e+92	-9.7531e+92	 0.00010317	 3.5967e-05	     0.0000	-1.9639e-06	 0.00015543	 1.0773e-05	
8	0	   0.018730	   0.011943	     172.11	    0.30693	-9.7531e+92	-9.7531e+92	   0.010335	   0.012265	     0.0000	  -0.095178	  -0.059917	  -0.044889	
8	1	  0.0061979	  0.0039519	     184.58	    0.23797	-9.7531e+92	-9.7531e+92	   0.011789	  0.0045749	     0.0000	   -0.19803	  -0.018025	  -0.056342	
8	2	 0.00036096	 0.00023015	     174.51	    0.29198	-9.7531e+92	-9.7531e+92	   0.010317	 0.00030327	     0.0000	   -0.31643	 -0.0016359	   -0.10185	
8	3	 2.3948e-05	 1.5270e-05	     221.29	    0.12010	-9.7531e+92	-9.7531e+92	  0.0061949	 5.6334e-05	     0.0000	   -0.17171	-0.00034582	   -0.10584	
8	4	 0.00015090	 9.6217e-05	     186.41	    0.22946	-9.7531e+92	-9.7531e+92	  0.0026937	 0.00015528	     0.0000	   -0.19596	-0.00085944	  -0.027045	
8	5	   0.072835	   0.046441	     54.235	     2.7611	-9.7531e+92	-9.7531e+92	   0.020003	   0.044409	  0.0021700	   0.016215	   -0.32584	   0.023018	
8	6	   0.022849	   0.014569	     109.28	     1.2365	-9.7531e+92	-9.7531e+92	  0.0075821	   0.016645	     0.0000	 -0.0084063	   -0.11265	 -0.0029977	
8	7	  0.0055224	  0.0035212	     109.89	     1.2203	-9.7531e+92	-9.7531e+92	  0.0079718	  0.0040613	     0.0000	 -0.0042552	  -0.027610	 -0.0082785	
8	8	     0.0000	     0.0000	     0.0000	     3.0000	-9.7531e+92	-9.7531e+92	    0.35535	     0.0000	    0.30780	     0.0000	     0.0000	     0.0000	
8	9	 7.4350e-07	 4.7407e-07	     171.65	    0.30991	-9.7531e+92	-9.7531e+92	 0.00079292	 4.9622e-05	     0.0000	 -0.0057169	-0.00033972	 -0.0036861	
8	10	  0.0061630	  0.0039296	     44.054	     2.8911	-9.7531e+92	-9.7531e+92	  0.0011314	  0.0042626	 0.00077985	   0.037479	  -0.021767	  0.0021012	
8	11	  0.0011680	 0.00074473	     32.525	     2.9668	-9.7531e+92	-9.7531e+92	 0.00030255	 0.00086473	 0.00015347	  0.0044917	 -0.0051039	 0.00037600	
8	12	  0.0010963	 0.00069901	     55.069	     2.7473	-9.7531e+92	-9.7531e+92	 0.00027488	 0.00079410	 0.00012509	  0.0064120	 -0.0040526	 0.00034499	
8	13	   0.040511	   0.025831	     162.59	    0.37553	-9.7531e+92	-9.7531e+92	   0.021744	   0.027436	     0.0000	  -0.094314	   -0.11920	   -0.12734	
8	14	   0.010349	  0.0065987	     146.54	    0.53466	-9.7531e+92	-9.7531e+92	   0.012234	  0.0031643	     0.0000	     0.0000	  -0.099554	    0.17528	
8	15	 3.4575e-05	 2.2046e-05	     159.01	    0.40580	-9.7531e+92	-9.7531e+92	  0.0067061	 7.3556e-05	     0.0000	  -0.056659	-0.00049357	  -0.032006	
8	16	 9.7699e-14	 6.2295e-14	     112.87	     1.1438	-9.7531e+92	-9.7531e+92	 2.1249e-05	 5.1288e-05	     0.0000	 2.5233e-08	-0.00033618	 1.4247e-09	
8	17	 1.6594e-13	 1.0581e-13	     258.50	   0.065716	-9.7531e+92	-9.7531e+92	 0.00012440	 5.2212e-05	     0.0000	  -0.025366	-0.00036733	 -0.0012701	
8	18	   0.089088	   0.056804	     75.421	     2.2666	-9.7531e+92	-9.7531e+92	   0.029865	   0.064651	     0.0000	   0.080204	   -0.39038	   0.016388	
8	19	   0.029249	   0.018650	     80.536	     2.1117	-9.7531e+92	-9.7531e+92	  0.0053759	   0.022505	  0.0032299	    0.21581	   -0.15113	   0.010696	
8	20	  0.0018641	  0.0011886	     51.987	     2.7958	-9.7531e+92	-9.7531e+92	 0.00055663	  0.0015030	 6.4168e-05	  0.0080745	  -0.010145	 0.00046049	
8	21	  0.0027083	  0.0017268	     132.38	    0.73687	-9.7531e+92	-9.7531e+92	  0.0032305	  0.0020002	     0.0000	   -0.11823	  -0.013773	  -0.012665	
8	22	 7.0007e-07	 4.4638e-07	     168.70	    0.32968	-9.7531e+92	-9.7531e+92	 0.00013814	 5.2943e-05	     0.0000	  -0.016645	-0.00036411	 -0.0010775	
8	23	    0.69047	    0.44026	     54.810	     2.7517	-9.7531e+92	-9.7531e+92	    0.12263	    0.30786	   0.089340	   0.087327	   -0.50994	     1.8949	
8	24	 0.00062739	 0.00040004	     77.960	     2.1908	-9.7531e+92	-9.7531e+92	 0.00019241	 0.00052365	 1.8668e-05	  0.0010048	 -0.0034412	 0.00016061	
9	0	    0.16655	    0.13005	     86.890	     1.9108	-9.7531e+92	-9.7531e+92	   0.046629	   0.010429	  0.0033204	     0.0000	   0.038741	     0.0000	
9	1	    0.12973	    0.10129	     55.376	     2.7421	-9.7531e+92	-9.7531e+92	   0.042293	   0.018455	     0.0000	   0.085274	    0.27842	    0.11065	
9	2	   0.012918	   0.010086	     133.64	    0.71608	-9.7531e+92	-9.7531e+92	   0.029211	  0.0018940	     0.0000	  -0.087229	   0.029639	   -0.16738	
9	3	  0.0016874	  0.0013176	     191.41	    0.20802	-9.7531e+92	-9.7531e+92	   0.018492	 0.00025908	     0.0000	  -0.051845	  0.0041926	   -0.15740	
9	4	 4.5090e-05	 3.5207e-05	     223.28	    0.11603	-9.7531e+92	-9.7531e+92	  0.0030833	 1.7591e-05	     0.0000	  -0.060308	 0.00025961	  -0.051711	
9	5	 0.00017650	 0.00013781	     134.70	    0.69890	-9.7531e+92	-9.7531e+92	  0.0053550	 3.8746e-05	     0.0000	  -0.020366	 0.00053741	  -0.040929	
9	6	    0.11362	   0.088715	     62.827	     2.5956	-9.7531e+92	-9.7531e+92	   0.029359	   0.016437	  0.0067719	   0.026372	    0.25940	    0.12468	
9	7	   0.017214	   0.013441	     64.406	     2.5596	-9.7531e+92	-9.7531e+92	  0.0091537	  0.0025964	     0.0000	-0.00042758	   0.038892	 -0.0083699	
9	8	 1.0142e-06	 7.9190e-07	     171.65	    0.30991	-9.7531e+92	-9.7531e+92	   0.014274	 9.9998e-06	     0.0000	   -0.18239	 0.00014682	   -0.10929	
9	9	     0.0000	     0.0000	     0.0000	     3.0000	-9.7531e+92	-9.7531e+92	    0.39349	     0.0000	    0.38693	     0.0000	     0.0000	     0.0000	
9	10	 7.3494e-17	 5.7385e-17	     215.04	    0.13402	-9.7531e+92	-9.7531e+92	 7.2333e-05	 1.1070e-05	     0.0000	-0.00098324	 0.00014413	-0.00070832	
9	11	 1.1733e-10	 9.1611e-11	     175.31	    0.28718	-9.7531e+92	-9.7531e+92	 4.0364e-05	 1.0837e-05	     0.0000	-0.00023060	 0.00014576	-0.00024438	
9	12	 3.1526e-17	 2.4616e-17	     214.99	    0.13415	-9.7531e+92	-9.7531e+92	 4.0798e-05	 1.1266e-05	     0.0000	-0.00035740	 0.00014275	-0.00024595	
9	13	    0.27526	    0.21493	     9.0540	     2.9998	-9.7531e+92	-9.7531e+92	   0.078681	   0.036223	     0.0000	   0.029228	    0.58516	    0.18087	
9	14	    0.16241	    0.12681	     38.749	     2.9339	-9.7531e+92	-9.7531e+92	   0.047889	   0.024493	     0.0000	   0.096536	    0.36792	    0.11653	
9	15	  0.0025663	  0.0020038	     117.55	     1.0311	-9.7531e+92	-9.7531e+92	   0.011222	 0.00041228	     0.0000	  -0.016656	  0.0058215	  -0.085537	
9	16	 1.0490e-16	 8.1909e-17	     159.83	    0.39862	-9.7531e+92	-9.7531e+92	 2.6021e-05	 1.1131e-05	     0.0000	 7.7414e-09	 0.00015412	 6.4714e-09	
9	17	 6.9171e-17	 5.4009e-17	     293.28	   0.040011	-9.7531e+92	-9.7531e+92	 0.00028834	 1.1211e-05	     0.0000	 -0.0077826	 0.00014242	 -0.0048132	
9	18	   0.094625	   0.073884	     96.665	     1.6016	-9.7531e+92	-9.7531e+92	   0.032776	   0.014508	     0.0000	   0.030327	    0.21295	   0.043791	
9	19	 1.6664e-08	 1.3012e-08	     193.08	    0.20137	-9.7531e+92	-9.7531e+92	 0.00029562	 1.1250e-05	     0.0000	 -0.0084335	 0.00014353	 -0.0048358	
9	20	 2.1332e-07	 1.6656e-07	     174.09	    0.29453	-9.7531e+92	-9.7531e+92	 9.6454e-05	 1.0911e-05	     0.0000	 -0.0015128	 0.00014707	 -0.0010331	
9	21	   0.023166	   0.018088	     83.320	     2.0244	-9.7531e+92	-9.7531e+92	   0.012601	  0.0030191	     0.0000	-0.00025723	   0.053699	 -0.0086909	
9	22	 1.1707e-17	 9.1408e-18	     266.14	   0.058633	-9.7531e+92	-9.7531e+92	 0.00014606	 1.1193e-05	     0.0000	 -0.0051081	 0.00014322	 -0.0038559	
9	23	 3.0230e-05	 2.3604e-05	     121.73	    0.93874	-9.7531e+92	-9.7531e+92	  0.0051452	 1.4263e-05	     0.0000	  -0.069283	 0.00020999	  -0.076231	
9	24	 3.8154e-06	 2.9791e-06	     149.07	    0.50520	-9.7531e+92	-9.7531e+92	 7.2803e-05	 1.0822e-05	     0.0000	-0.00011199	 0.00015848	-0.00029548	
10	0	   0.055400	   0.017835	     210.64	    0.14503	-9.7531e+92	-9.7531e+92	  0.0076689	 0.00034375	     0.0000	-3.2725e-06	  -0.058528	 9.1564e-05	
10	1	  0.0011907	 0.00038334	     228.04	    0.10699	-9.7531e+92	-9.7531e+92	  0.0039299	 8.1945e-06	     0.0000	 -0.0029512	 -0.0013571	   0.056794	
10	2	  0.0010855	 0.00034946	     213.20	    0.13850	-9.7531e+92	-9.7531e+92	  0.0064779	 7.2663e-06	     0.0000	 -0.0042719	 -0.0013099	    0.13009	
10	3	 1.7559e-05	 5.6529e-06	     258.79	   0.065432	-9.7531e+92	-9.7531e+92	  0.0039325	 5.0090e-07	     0.0000	 -0.0023319	-9.2729e-05	    0.10731	
10	4	 0.00080792	 0.00026010	     204.61	    0.16194	-9.7531e+92	-9.7531e+92	  0.0038148	 5.5547e-06	     0.0000	 -0.0026102	 -0.0010010	   0.035828	
10	5	    0.23073	   0.074281	     93.726	     1.6933	-9.7531e+92	-9.7531e+92	   0.024597	  0.0014711	   0.015593	  0.0065821	   -0.27714	   -0.22622	
10	6	  0.0055604	  0.0017901	     153.37	    0.45919	-9.7531e+92	-9.7531e+92	  0.0050243	 3.7337e-05	     0.0000	-0.00043978	 -0.0067865	   0.026128	
10	7	 9.6781e-05	 3.1157e-05	     153.29	    0.46001	-9.7531e+92	-9.7531e+92	  0.0021604	 1.0899e-06	     0.0000	-7.5820e-05	-0.00019787	   0.025602	
10	8	    0.19408	   0.062482	     44.054	     2.8911	-9.7531e+92	-9.7531e+92	   0.021625	  0.0010598	     0.0000	   0.010371	   -0.22813	   -0.13127	
10	9	 5.4411e-09	 1.7517e-09	     215.04	    0.13402	-9.7531e+92	-9.7531e+92	 0.00050384	 4.4891e-07	     0.0000	-7.7642e-05	-8.1273e-05	  0.0094282	
10	10	     0.0000	     0.0000	     0.0000	     3.0000	-9.7531e+92	-9.7531e+92	    0.16111	     0.0000	    0.16094	     0.0000	     0.0000	     0.0000	
10	11	   0.017216	  0.0055422	     46.926	     2.8613	-9.7531e+92	-9.7531e+92	  0.0014417	 9.2485e-05	  0.0013664	 0.00052754	  -0.017873	  -0.016373	
10	12	   0.066854	   0.021522	     46.012	     2.8713	-9.7531e+92	-9.7531e+92	  0.0054703	 0.00037991	  0.0053946	  0.0038713	  -0.071097	  -0.065936	
10	13	   0.014898	  0.0047963	     205.99	    0.15786	-9.7531e+92	-9.7531e+92	  0.0091673	 9.1376e-05	     0.0000	 -0.0015617	  -0.016171	    0.14354	
10	14	  0.0027113	 0.00087287	     190.48	    0.21181	-9.7531e+92	-9.7531e+92	  0.0092078	 1.4994e-05	     0.0000	 -0.0037081	 -0.0031828	   0.086632	
10	15	 2.5460e-06	 8.1963e-07	     197.67	    0.18443	-9.7531e+92	-9.7531e+92	  0.0052337	 4.5217e-07	     0.0000	-0.00076984	-8.3115e-05	   0.067352	
10	16	 2.7088e-15	 8.7205e-16	     147.94	    0.51817	-9.7531e+92	-9.7531e+92	 1.0729e-05	 4.3713e-07	     0.0000	 2.2210e-10	-2.9570e-05	-1.6547e-09	
10	17	 6.1948e-15	 1.9943e-15	     270.72	   0.054831	-9.7531e+92	-9.7531e+92	 9.4928e-05	 4.5720e-07	     0.0000	-0.00034448	-8.2111e-05	  0.0037542	
10	18	    0.21079	   0.067861	     118.82	     1.0023	-9.7531e+92	-9.7531e+92	   0.023906	  0.0013779	  0.0029074	  0.0066547	   -0.24579	   -0.15759	
10	19	    0.10582	   0.034066	     85.643	     1.9506	-9.7531e+92	-9.7531e+92	  0.0095682	 0.00071040	  0.0084847	   0.011552	   -0.12850	   -0.11628	
10	20	   0.077128	   0.024830	     74.457	     2.2947	-9.7531e+92	-9.7531e+92	  0.0065451	 0.00052978	  0.0062965	  0.0071799	  -0.094435	  -0.086887	
10	21	 1.9822e-05	 6.3813e-06	     171.26	    0.31241	-9.7531e+92	-9.7531e+92	  0.0013490	 5.7127e-07	     0.0000	 -0.0017693	-0.00010470	   0.032590	
10	22	 5.0654e-07	 1.6307e-07	     176.66	    0.27933	-9.7531e+92	-9.7531e+92	 0.00018283	 4.5975e-07	     0.0000	-0.00022583	-8.2352e-05	  0.0029904	
10	23	   0.013977	  0.0044995	     95.614	     1.6342	-9.7531e+92	-9.7531e+92	  0.0087036	 8.2659e-05	     0.0000	 -0.0018348	  -0.017049	   0.043584	
10	24	  0.0016088	 0.00051793	     102.71	     1.4197	-9.7531e+92	-9.7531e+92	 0.00017214	 1.1355e-05	 8.4414e-05	 4.4649e-05	 -0.0020436	 -0.0015991	
11	0	   0.077915	   0.027940	     167.10	    0.34103	-9.7531e+92	-9.7531e+92	   0.012008	 0.00028347	     0.0000	 0.00054588	  -0.038217	  -0.010210	
11	1	   0.013822	  0.0049566	     185.20	    0.23505	-9.7531e+92	-9.7531e+92	  0.0070273	 5.2532e-05	     0.0000	 -0.0015862	 -0.0069695	   0.020424	
11	2	  0.0013695	 0.00049108	     197.83	    0.18388	-9.7531e+92	-9.7531e+92	  0.0087348	 5.2607e-06	     0.0000	 -0.0029518	-0.00076030	   0.060269	
11	3	 2.9555e-05	 1.0598e-05	     244.71	   0.081388	-9.7531e+92	-9.7531e+92	  0.0044874	 3.3769e-07	     0.0000	 -0.0016149	-4.9236e-05	   0.049757	
11	4	 9.0230e-05	 3.2356e-05	     218.09	    0.12699	-9.7531e+92	-9.7531e+92	  0.0011134	 5.8094e-07	     0.0000	 -0.0018463	-8.3674e-05	   0.016996	
11	5	    0.24530	   0.087961	     77.490	     2.2050	-9.7531e+92	-9.7531e+92	   0.027097	 0.00091350	   0.017068	  0.0048861	   -0.13707	   -0.11283	
11	6	   0.053445	   0.019165	     117.04	     1.0431	-9.7531e+92	-9.7531e+92	  0.0084040	 0.00020728	     0.0000	 0.00032003	  -0.030088	  -0.012777	
11	7	  0.0084355	  0.0030249	     112.26	     1.1591	-9.7531e+92	-9.7531e+92	  0.0036132	 3.3144e-05	     0.0000	-3.3316e-05	 -0.0047971	  0.0075606	
11	8	    0.11506	   0.041260	     32.525	     2.9668	-9.7531e+92	-9.7531e+92	   0.017669	 0.00038908	     0.0000	  0.0027830	  -0.064274	  -0.021052	
11	9	 3.4406e-06	 1.2338e-06	     175.31	    0.28718	-9.7531e+92	-9.7531e+92	 0.00079958	 2.7641e-07	     0.0000	-5.3752e-05	-3.9866e-05	  0.0043876	
11	10	   0.022442	  0.0080474	     46.926	     2.8613	-9.7531e+92	-9.7531e+92	  0.0020801	 6.7177e-05	  0.0018824	 0.00064714	 -0.0094268	 -0.0083940	
11	11	     0.0000	     0.0000	     0.0000	     3.0000	-9.7531e+92	-9.7531e+92	    0.17935	     0.0000	    0.17926	     0.0000	     0.0000	     0.0000	
11	12	  0.0014515	 0.00052051	     77.218	     2.2132	-9.7531e+92	-9.7531e+92	 0.00023155	 5.3606e-06	 0.00014731	 6.3779e-05	-0.00076818	-0.00060224	
11	13	   0.057927	   0.020772	     166.60	    0.34470	-9.7531e+92	-9.7531e+92	   0.015620	 0.00020583	     0.0000	-0.00075477	  -0.029145	   0.046418	
11	14	   0.073210	   0.026252	     157.91	    0.41563	-9.7531e+92	-9.7531e+92	   0.017290	 0.00025782	     0.0000	-0.00043728	  -0.038799	  0.0058693	
11	15	 5.8958e-05	 2.1142e-05	     182.32	    0.24896	-9.7531e+92	-9.7531e+92	  0.0070538	 4.7894e-07	     0.0000	-0.00053268	-7.0295e-05	   0.031310	
11	16	 8.7562e-15	 3.1399e-15	     142.85	    0.58099	-9.7531e+92	-9.7531e+92	 1.1950e-05	 2.6127e-07	     0.0000	 1.8262e-10	-2.1346e-05	-1.2645e-09	
11	17	 4.7865e-15	 1.7164e-15	     290.18	   0.041722	-9.7531e+92	-9.7531e+92	 7.9055e-05	 2.6621e-07	     0.0000	-0.00023858	-3.8307e-05	  0.0017485	
11	18	    0.28455	    0.10204	     81.269	     2.0888	-9.7531e+92	-9.7531e+92	   0.032612	  0.0010763	  0.0092223	  0.0069449	   -0.15463	   -0.11037	
11	19	  0.0015960	 0.00057230	     108.78	     1.2499	-9.7531e+92	-9.7531e+92	 0.00061905	 6.5757e-06	     0.0000	-0.00013348	-0.00094550	 0.00090239	
11	20	  0.0054818	  0.0019657	     83.734	     2.0113	-9.7531e+92	-9.7531e+92	 0.00077641	 2.2034e-05	 0.00049946	 0.00031179	 -0.0031525	 -0.0025281	
11	21	  0.0076090	  0.0027285	     128.65	    0.80225	-9.7531e+92	-9.7531e+92	  0.0028264	 2.9622e-05	     0.0000	-0.00090513	 -0.0043280	   0.011207	
11	22	 1.2143e-09	 4.3543e-10	     200.45	    0.17499	-9.7531e+92	-9.7531e+92	 5.6339e-05	 2.6552e-07	     0.0000	-0.00015650	-3.8129e-05	  0.0013928	
11	23	   0.011911	  0.0042710	     53.605	     2.7712	-9.7531e+92	-9.7531e+92	  0.0073239	 4.1561e-05	     0.0000	 -0.0015148	 -0.0067344	   0.021186	
11	24	   0.018299	  0.0065618	     56.094	     2.7297	-9.7531e+92	-9.7531e+92	  0.0016733	 6.3797e-05	  0.0015756	 0.00029836	 -0.0093733	 -0.0085698	
12	0	  0.0081862	  0.0027286	     226.76	    0.10933	-9.7531e+92	-9.7531e+92	  0.0037231	 5.9073e-05	     0.0000	 -0.0032620	  -0.020124	    0.11370	
12	1	  0.0011553	 0.00038509	     231.78	    0.10046	-9.7531e+92	-9.7531e+92	  0.0032301	 9.0002e-06	     0.0000	 -0.0057918	 -0.0030492	    0.13879	
12	2	  0.0050479	  0.0016825	     181.48	    0.25322	-9.7531e+92	-9.7531e+92	  0.0072381	 3.6298e-05	     0.0000	 -0.0081085	  -0.013401	    0.30724	
12	3	  0.0048075	  0.0016024	     227.10	    0.10870	-9.7531e+92	-9.7531e+92	  0.0055760	 3.3306e-05	     0.0000	 -0.0043647	  -0.012359	    0.25006	
12	4	   0.018823	  0.0062739	     165.11	    0.35583	-9.7531e+92	-9.7531e+92	  0.0075896	 0.00013384	     0.0000	 -0.0023675	  -0.049815	   0.040637	
12	5	    0.27354	   0.091175	     80.590	     2.1100	-9.7531e+92	-9.7531e+92	   0.028929	  0.0020184	   0.019607	   0.015484	   -0.75546	   -0.66803	
12	6	 0.00029123	 9.7070e-05	     152.49	    0.46823	-9.7531e+92	-9.7531e+92	  0.0038813	 2.6823e-06	     0.0000	 -0.0010572	-0.00099191	   0.078081	
12	7	 0.00023966	 7.9882e-05	     158.06	    0.41430	-9.7531e+92	-9.7531e+92	  0.0020561	 2.3065e-06	     0.0000	-0.00014777	-0.00085160	   0.062030	
12	8	    0.20167	   0.067218	     55.069	     2.7473	-9.7531e+92	-9.7531e+92	   0.022568	  0.0013435	     0.0000	   0.026268	   -0.56378	   -0.35013	
12	9	 2.9142e-08	 9.7133e-09	     214.99	    0.13415	-9.7531e+92	-9.7531e+92	 0.00031692	 5.0682e-07	     0.0000	-0.00015228	-0.00018671	   0.022985	
12	10	   0.018484	  0.0061608	     46.012	     2.8713	-9.7531e+92	-9.7531e+92	  0.0016400	 6.9402e-05	  0.0014562	 0.00075737	  -0.041365	  -0.039462	
12	11	  0.0074462	  0.0024819	     77.218	     2.2132	-9.7531e+92	-9.7531e+92	 0.00067241	 5.6170e-05	 0.00059448	 0.00081149	  -0.021071	  -0.020142	
12	12	     0.0000	     0.0000	     0.0000	     3.0000	-9.7531e+92	-9.7531e+92	    0.16680	     0.0000	    0.16672	     0.0000	     0.0000	     0.0000	
12	13	  0.0051833	  0.0017277	     205.94	    0.15802	-9.7531e+92	-9.7531e+92	  0.0086806	 3.6341e-05	     0.0000	 -0.0032719	  -0.013114	    0.37447	
12	14	  0.0035963	  0.0011987	     188.63	    0.21964	-9.7531e+92	-9.7531e+92	   0.010037	 2.6029e-05	     0.0000	 -0.0087330	 -0.0095381	    0.20917	
12	15	 0.00030337	 0.00010112	     166.81	    0.34315	-9.7531e+92	-9.7531e+92	  0.0055604	 2.7144e-06	     0.0000	 -0.0015024	 -0.0010197	    0.16342	
12	16	 2.7114e-15	 9.0373e-16	     115.95	     1.0685	-9.7531e+92	-9.7531e+92	 1.1108e-05	 4.5351e-07	     0.0000	 2.7882e-10	-5.3010e-05	-3.3716e-09	
12	17	 1.8082e-14	 6.0271e-15	     225.22	    0.11223	-9.7531e+92	-9.7531e+92	 0.00014990	 5.0812e-07	     0.0000	-0.00067451	-0.00018833	  0.0091512	
12	18	    0.20372	   0.067902	     120.73	    0.96010	-9.7531e+92	-9.7531e+92	   0.023624	  0.0014963	  0.0018830	   0.012417	   -0.54661	   -0.36574	
12	19	    0.20015	   0.066713	     44.530	     2.8865	-9.7531e+92	-9.7531e+92	   0.017285	  0.0014197	   0.016164	   0.039748	   -0.55497	   -0.53814	
12	20	   0.044596	   0.014864	     45.010	     2.8817	-9.7531e+92	-9.7531e+92	  0.0040500	 0.00029019	  0.0037926	  0.0063786	   -0.12110	   -0.11735	
12	21	 3.8850e-06	 1.2949e-06	     187.39	    0.22505	-9.7531e+92	-9.7531e+92	  0.0011498	 5.2729e-07	     0.0000	 -0.0034720	-0.00019624	   0.079502	
12	22	 0.00027750	 9.2495e-05	     131.16	    0.75767	-9.7531e+92	-9.7531e+92	 0.00036391	 2.5322e-06	     0.0000	-0.00037584	-0.00096222	  0.0065009	
12	23	  0.0024714	 0.00082374	     109.85	     1.2215	-9.7531e+92	-9.7531e+92	  0.0081082	 1.7313e-05	     0.0000	 -0.0056474	 -0.0071522	    0.13820	
12	24	 1.1756e-05	 3.9185e-06	     132.31	    0.73810	-9.7531e+92	-9.7531e+92	 3.6458e-05	 6.0237e-07	     0.0000	-1.2343e-05	-0.00022160	 0.00054026	
13	0	   0.078850	    0.39096	     86.013	     1.9388	-9.7531e+92	-9.7531e+92	    0.18900	    0.10759	     0.0000	   0.031189	     1.0863	   0.047131	
13	1	   0.060798	    0.30146	     57.043	     2.7128	-9.7531e+92	-9.7531e+92	    0.15862	   0.066950	     0.0000	     0.0000	    0.63932	  0.0063445	
13	2	   0.058856	    0.29183	     127.66	    0.82064	-9.7531e+92	-9.7531e+92	    0.25536	   0.046255	     0.0000	     0.0000	    0.49171	     0.0000	
13	3	    0.38061	     1.8872	     188.65	    0.21955	-9.7531e+92	-9.7531e+92	    0.55343	    0.48612	   0.033843	    0.23282	     5.0140	    0.53822	
13	4	 0.00022594	  0.0011203	     217.30	    0.12878	-9.7531e+92	-9.7531e+92	   0.068391	 0.00044697	     0.0000	   -0.10085	  0.0042590	  -0.064500	
13	5	  0.0022485	   0.011149	     125.66	    0.85869	-9.7531e+92	-9.7531e+92	   0.040719	  0.0037572	     0.0000	  -0.031683	   0.032176	  -0.046211	
13	6	   0.055196	    0.27368	     53.773	     2.7685	-9.7531e+92	-9.7531e+92	    0.10141	   0.083131	     0.0000	   0.018803	    0.77661	   0.047114	
13	7	   0.034565	    0.17138	     57.312	     2.7078	-9.7531e+92	-9.7531e+92	   0.067646	   0.050724	     0.0000	  0.0014716	    0.49670	   0.020828	
13	8	 4.9940e-05	 0.00024762	     162.59	    0.37553	-9.7531e+92	-9.7531e+92	   0.056615	 0.00018984	     0.0000	   -0.30642	  0.0015444	   -0.13196	
13	9	   0.010501	   0.052066	     9.0540	     2.9998	-9.7531e+92	-9.7531e+92	   0.025334	   0.015434	     0.0000	 0.00075871	    0.15476	  0.0038162	
13	10	 4.5258e-16	 2.2440e-15	     205.99	    0.15786	-9.7531e+92	-9.7531e+92	 0.00035380	 0.00012527	     0.0000	 -0.0016530	 0.00085718	-0.00085142	
13	11	 2.8542e-07	 1.4152e-06	     166.60	    0.34470	-9.7531e+92	-9.7531e+92	 0.00023109	 0.00012000	     0.0000	-0.00038701	 0.00089304	-0.00029343	
13	12	 8.7349e-14	 4.3310e-13	     205.94	    0.15802	-9.7531e+92	-9.7531e+92	 0.00023952	 0.00012615	     0.0000	-0.00060083	 0.00085288	-0.00029569	
13	13	     0.0000	     0.0000	     0.0000	     3.0000	-9.7531e+92	-9.7531e+92	     2.6791	     0.0000	     1.9002	     0.0000	     0.0000	     0.0000	
13	14	   0.038362	    0.19021	     32.765	     2.9658	-9.7531e+92	-9.7531e+92	    0.18646	   0.062506	     0.0000	  -0.098642	    0.56463	  -0.089487	
13	15	  0.0070219	   0.034817	     111.52	     1.1779	-9.7531e+92	-9.7531e+92	    0.11449	  0.0096258	     0.0000	     0.0000	   0.099793	  -0.096501	
13	16	 1.0642e-13	 5.2767e-13	     153.85	    0.45440	-9.7531e+92	-9.7531e+92	 0.00016524	 0.00011796	     0.0000	 1.3015e-08	 0.00089673	 7.7375e-09	
13	17	 6.2143e-14	 3.0813e-13	     287.27	   0.043413	-9.7531e+92	-9.7531e+92	  0.0077822	 0.00011450	     0.0000	  -0.013084	 0.00088583	 -0.0057950	
13	18	    0.14325	    0.71027	     87.611	     1.8878	-9.7531e+92	-9.7531e+92	    0.23892	    0.21661	     0.0000	    0.13544	     1.9873	    0.14445	
13	19	 1.1019e-06	 5.4634e-06	     184.51	    0.23831	-9.7531e+92	-9.7531e+92	  0.0019208	 0.00012324	     0.0000	  -0.014173	 0.00089016	 -0.0058367	
13	20	 6.3134e-06	 3.1304e-05	     165.04	    0.35635	-9.7531e+92	-9.7531e+92	 0.00066868	 0.00013041	     0.0000	 -0.0025213	 0.00097244	 -0.0012347	
13	21	    0.12881	    0.63870	     76.619	     2.2311	-9.7531e+92	-9.7531e+92	    0.18602	    0.20090	   0.041764	    0.23067	     1.7937	    0.17833	
13	22	 4.4164e-14	 2.1898e-13	     260.15	   0.064098	-9.7531e+92	-9.7531e+92	  0.0028668	 0.00011592	     0.0000	 -0.0085873	 0.00088822	 -0.0046539	
13	23	 0.00058312	  0.0028913	     113.01	     1.1402	-9.7531e+92	-9.7531e+92	   0.021553	  0.0010304	     0.0000	   -0.11524	  0.0086643	  -0.090797	
13	24	 6.1917e-05	 0.00030700	     142.21	    0.58941	-9.7531e+92	-9.7531e+92	 0.00049834	 0.00021857	     0.0000	-0.00017749	  0.0017520	-0.00025350	
14	0	   0.089288	    0.31471	     114.85	     1.0949	-9.7531e+92	-9.7531e+92	    0.11918	   0.073852	     0.0000	   0.015358	    0.21228	 -0.0080342	
14	1	   0.064046	    0.22574	     88.839	     1.8485	-9.7531e+92	-9.7531e+92	    0.10702	   0.063885	     0.0000	  0.0043645	    0.30662	 -0.0017562	
14	2	   0.056175	    0.19800	     97.273	     1.5829	-9.7531e+92	-9.7531e+92	    0.13208	   0.055214	     0.0000	  -0.030484	    0.25683	   0.023590	
14	3	 0.00074491	  0.0026255	     161.01	    0.38854	-9.7531e+92	-9.7531e+92	   0.051120	 0.00064711	     0.0000	  -0.029932	  0.0019984	   0.030849	
14	4	 0.00022064	 0.00077767	     184.55	    0.23808	-9.7531e+92	-9.7531e+92	   0.013613	 0.00028316	     0.0000	  -0.034327	  0.0013052	   0.012232	
14	5	  0.0016882	  0.0059502	     108.09	     1.2686	-9.7531e+92	-9.7531e+92	   0.040427	  0.0014423	     0.0000	     0.0000	  0.0088543	     0.0000	
14	6	   0.037361	    0.13168	     41.508	     2.9135	-9.7531e+92	-9.7531e+92	   0.058019	   0.037782	     0.0000	  0.0020571	    0.16365	 -0.0037018	
14	7	   0.032216	    0.11355	     65.464	     2.5345	-9.7531e+92	-9.7531e+92	   0.050084	   0.032668	     0.0000	 0.00039992	    0.14412	 -0.0041251	
14	8	    0.53195	     1.8749	     146.54	    0.53466	-9.7531e+92	-9.7531e+92	    0.53362	    0.56822	    0.27074	    0.62481	     1.9099	   -0.20985	
14	9	  0.0030660	   0.010807	     38.749	     2.9339	-9.7531e+92	-9.7531e+92	   0.010384	  0.0032093	     0.0000	-0.00063516	   0.014298	  0.0023932	
14	10	 2.0149e-14	 7.1018e-14	     190.48	    0.21181	-9.7531e+92	-9.7531e+92	  0.0017901	 7.8605e-05	     0.0000	-0.00034394	 0.00024743	 0.00022934	
14	11	 1.7827e-07	 6.2834e-07	     157.91	    0.41563	-9.7531e+92	-9.7531e+92	 0.00054730	 7.4269e-05	     0.0000	-5.7785e-05	 0.00028999	 7.8748e-05	
14	12	 4.4150e-15	 1.5561e-14	     188.63	    0.21964	-9.7531e+92	-9.7531e+92	 0.00051296	 7.8463e-05	     0.0000	-0.00011230	 0.00025092	 7.9541e-05	
14	13	   0.064691	    0.22801	     32.765	     2.9658	-9.7531e+92	-9.7531e+92	    0.16398	   0.058939	     0.0000	  -0.013127	    0.30368	   0.025352	
14	14	     0.0000	     0.0000	     0.0000	     3.0000	-9.7531e+92	-9.7531e+92	     1.8194	     0.0000	     1.5192	     0.0000	     0.0000	     0.0000	
14	15	   0.071960	    0.25363	     78.991	     2.1593	-9.7531e+92	-9.7531e+92	   0.094591	   0.073162	     0.0000	  0.0018770	    0.30299	 -0.0048942	
14	16	 1.1442e-13	 4.0331e-13	     121.20	    0.94999	-9.7531e+92	-9.7531e+92	 0.00011746	 7.8394e-05	     0.0000	 4.4291e-09	 0.00024338	-2.1642e-09	
14	17	 2.7261e-15	 9.6087e-15	     254.84	   0.069479	-9.7531e+92	-9.7531e+92	 0.00088956	 7.4931e-05	     0.0000	 -0.0044526	 0.00024639	  0.0015428	
14	18	   0.035231	    0.12418	     78.249	     2.1820	-9.7531e+92	-9.7531e+92	    0.10231	   0.036258	     0.0000	 -0.0088267	    0.14968	   0.011557	
14	19	 2.0518e-06	 7.2319e-06	     166.55	    0.34505	-9.7531e+92	-9.7531e+92	  0.0083214	 7.7911e-05	     0.0000	 -0.0037871	 0.00026983	  0.0015217	
14	20	 1.2236e-05	 4.3127e-05	     147.73	    0.52061	-9.7531e+92	-9.7531e+92	  0.0010420	 9.0495e-05	     0.0000	-0.00085078	 0.00031237	 0.00032283	
14	21	   0.011284	   0.039774	     101.18	     1.4647	-9.7531e+92	-9.7531e+92	   0.029460	   0.011253	     0.0000	  -0.014003	   0.049723	  0.0078643	
14	22	 2.2748e-14	 8.0181e-14	     227.39	    0.10817	-9.7531e+92	-9.7531e+92	 0.00065607	 7.6162e-05	     0.0000	 -0.0029224	 0.00024799	  0.0012168	
14	23	 6.2305e-05	 0.00021960	     114.84	     1.0952	-9.7531e+92	-9.7531e+92	    0.18467	 0.00013786	 0.00067002	  -0.039614	 0.00045007	   0.024439	
14	24	 1.8450e-06	 6.5031e-06	     150.00	    0.49487	-9.7531e+92	-9.7531e+92	 0.00045708	 7.7905e-05	     0.0000	-8.5554e-05	 0.00026251	 9.5895e-05	
15	0	   0.019445	   0.026146	     189.51	    0.21584	-9.7531e+92	-9.7531e+92	   0.019723	   0.013431	     0.0000	  -0.023037	    0.10758	  -0.020722	
15	1	  0.0055739	  0.0074947	     167.83	    0.33581	-9.7531e+92	-9.7531e+92	   0.015299	  0.0038206	     0.0000	  -0.049475	   0.028208	  -0.028584	
15	2	    0.46278	    0.62225	     21.827	     2.9932	-9.7531e+92	-9.7531e+92	    0.19041	    0.27635	   0.023774	    0.21384	     1.8432	    0.16733	
15	3	    0.23245	    0.31255	     84.108	     1.9994	-9.7531e+92	-9.7531e+92	    0.12015	    0.11691	     0.0000	   0.051544	    0.59527	   0.067828	
15	4	   0.042622	   0.057309	     106.18	     1.3210	-9.7531e+92	-9.7531e+92	   0.032691	   0.024365	     0.0000	   0.011489	    0.16675	  0.0039688	
15	5	  0.0017066	  0.0022947	     104.94	     1.3557	-9.7531e+92	-9.7531e+92	  0.0058469	  0.0012930	     0.0000	  -0.015483	  0.0077077	  -0.011310	
15	6	  0.0078750	   0.010589	     96.746	     1.5991	-9.7531e+92	-9.7531e+92	   0.010358	  0.0057852	     0.0000	 -0.0072014	   0.034370	 -0.0089880	
15	7	 0.00012297	 0.00016535	     131.62	    0.74982	-9.7531e+92	-9.7531e+92	  0.0052005	 0.00014029	     0.0000	 -0.0013766	 0.00080596	 -0.0096502	
15	8	 2.2571e-06	 3.0349e-06	     159.01	    0.40580	-9.7531e+92	-9.7531e+92	   0.018112	 4.8489e-05	     0.0000	   -0.14674	 0.00027741	  -0.030749	
15	9	 0.00056145	 0.00075493	     117.55	     1.0311	-9.7531e+92	-9.7531e+92	  0.0021140	 0.00047341	     0.0000	 -0.0013164	  0.0026127	 -0.0032446	
15	10	 7.3651e-16	 9.9032e-16	     197.67	    0.18443	-9.7531e+92	-9.7531e+92	 0.00010444	 5.1923e-05	     0.0000	-0.00073375	 0.00027407	-0.00019515	
15	11	 1.5882e-15	 2.1355e-15	     182.32	    0.24896	-9.7531e+92	-9.7531e+92	 6.2249e-05	 5.0785e-05	     0.0000	-0.00012924	 0.00028221	-6.7498e-05	
15	12	 5.4086e-09	 7.2725e-09	     166.81	    0.34315	-9.7531e+92	-9.7531e+92	 6.6880e-05	 5.1793e-05	     0.0000	-0.00027509	 0.00027522	-6.7812e-05	
15	13	    0.10819	    0.14547	     111.52	     1.1779	-9.7531e+92	-9.7531e+92	    0.12174	   0.065400	     0.0000	 -0.0097897	    0.49489	  -0.026926	
15	14	   0.097299	    0.13083	     78.991	     2.1593	-9.7531e+92	-9.7531e+92	   0.060959	   0.066916	     0.0000	   0.012121	    0.42261	  0.0060574	
15	15	     0.0000	     0.0000	     0.0000	     3.0000	-9.7531e+92	-9.7531e+92	    0.69863	     0.0000	    0.61727	     0.0000	     0.0000	     0.0000	
15	16	 5.2010e-15	 6.9933e-15	     65.362	     2.5370	-9.7531e+92	-9.7531e+92	 4.4810e-05	 4.9905e-05	     0.0000	 6.2283e-09	 0.00031348	 1.7441e-09	
15	17	 2.4648e-08	 3.3142e-08	     175.81	    0.28425	-9.7531e+92	-9.7531e+92	  0.0018570	 4.6880e-05	     0.0000	 -0.0062614	 0.00029654	 -0.0013349	
15	18	   0.021251	   0.028574	     116.73	     1.0502	-9.7531e+92	-9.7531e+92	   0.022958	   0.010826	     0.0000	     0.0000	   0.072963	     0.0000	
15	19	 6.5221e-05	 8.7696e-05	     131.26	    0.75593	-9.7531e+92	-9.7531e+92	 0.00071457	 9.7169e-05	     0.0000	 -0.0066512	 0.00056390	 -0.0013299	
15	20	 2.1905e-05	 2.9453e-05	     124.66	    0.87845	-9.7531e+92	-9.7531e+92	 0.00015450	 6.8338e-05	     0.0000	 -0.0011798	 0.00036721	-0.00027923	
15	21	 4.1201e-05	 5.5399e-05	     175.65	    0.28523	-9.7531e+92	-9.7531e+92	  0.0095062	 8.0652e-05	     0.0000	  -0.032137	 0.00045190	  -0.012322	
15	22	 4.1796e-07	 5.6199e-07	     163.21	    0.37056	-9.7531e+92	-9.7531e+92	  0.0012654	 4.7973e-05	     0.0000	 -0.0041090	 0.00029681	 -0.0010801	
15	23	 5.5373e-07	 7.4455e-07	     149.47	    0.50076	-9.7531e+92	-9.7531e+92	  0.0064278	 4.7154e-05	     0.0000	  -0.055773	 0.00026872	  -0.021144	
15	24	 1.3868e-15	 1.8648e-15	     189.75	    0.21485	-9.7531e+92	-9.7531e+92	 7.5581e-05	 4.9970e-05	     0.0000	-3.4206e-05	 0.00028451	-8.3348e-05	
16	0	  0.0038718	     0.0000	     217.18	    0.12904	-9.7531e+92	-9.7531e+92	     0.0000	 3.6381e-06	     0.0000	     0.0000	 3.6484e-14	     0.0000	
16	1	   0.013491	     0.0000	     207.46	    0.15366	-9.7531e+92	-9.7531e+92	     0.0000	 1.2972e-05	     0.0000	     0.0000	 2.4797e-15	     0.0000	
16	2	   0.053408	     0.0000	     68.097	     2.4691	-9.7531e+92	-9.7531e+92	     0.0000	 5.1003e-05	     0.0000	     0.0000	 2.5211e-13	     0.0000	
16	3	   0.076954	     0.0000	     111.94	     1.1671	-9.7531e+92	-9.7531e+92	     0.0000	 7.0623e-05	     0.0000	     0.0000	 5.0313e-14	     0.0000	
16	4	   0.053526	     0.0000	     75.439	     2.2661	-9.7531e+92	-9.7531e+92	     0.0000	 5.2352e-05	     0.0000	     0.0000	 2.9498e-13	     0.0000	
16	5	   0.034870	     0.0000	     71.546	     2.3771	-9.7531e+92	-9.7531e+92	     0.0000	 3.7648e-05	     0.0000	     0.0000	 1.6930e-13	     0.0000	
16	6	  0.0039484	     0.0000	     111.89	     1.1685	-9.7531e+92	-9.7531e+92	     0.0000	 4.2522e-06	     0.0000	     0.0000	 1.9033e-14	     0.0000	
16	7	 0.00022919	     0.0000	     137.28	    0.65913	-9.7531e+92	-9.7531e+92	     0.0000	 3.0445e-07	     0.0000	     0.0000	 1.2981e-15	     0.0000	
16	8	   0.020644	     0.0000	     112.87	     1.1438	-9.7531e+92	-9.7531e+92	     0.0000	 2.1029e-05	     0.0000	     0.0000	 1.3242e-13	     0.0000	
16	9	   0.014536	     0.0000	     159.83	    0.39862	-9.7531e+92	-9.7531e+92	     0.0000	 1.5839e-05	     0.0000	     0.0000	 6.2806e-14	     0.0000	
16	10	   0.058971	     0.0000	     147.94	    0.51817	-9.7531e+92	-9.7531e+92	     0.0000	 6.7893e-05	     0.0000	     0.0000	 2.0797e-13	     0.0000	
16	11	   0.018627	     0.0000	     142.85	    0.58099	-9.7531e+92	-9.7531e+92	     0.0000	 2.1230e-05	     0.0000	     0.0000	 6.8454e-14	     0.0000	
16	12	    0.15391	     0.0000	     115.95	     1.0685	-9.7531e+92	-9.7531e+92	     0.0000	 0.00017732	     0.0000	     0.0000	 5.4478e-13	     0.0000	
16	13	   0.070114	     0.0000	     153.85	    0.45440	-9.7531e+92	-9.7531e+92	     0.0000	 6.3779e-05	     0.0000	     0.0000	 3.8842e-13	     0.0000	
16	14	   0.031048	     0.0000	     121.20	    0.94999	-9.7531e+92	-9.7531e+92	     0.0000	 3.1802e-05	     0.0000	     0.0000	 1.6749e-13	     0.0000	
16	15	   0.059088	     0.0000	     65.362	     2.5370	-9.7531e+92	-9.7531e+92	     0.0000	 6.1179e-05	     0.0000	     0.0000	 3.0283e-13	     0.0000	
16	16	     0.0000	     0.0000	     0.0000	     3.0000	-9.7531e+92	-9.7531e+92	     0.0000	     0.0000	     0.0000	     0.0000	     0.0000	     0.0000	
16	17	   0.043229	     0.0000	     148.25	    0.51453	-9.7531e+92	-9.7531e+92	     0.0000	 4.7623e-05	     0.0000	     0.0000	 2.1630e-13	     0.0000	
16	18	   0.028734	     0.0000	     110.59	     1.2021	-9.7531e+92	-9.7531e+92	     0.0000	 2.9764e-05	     0.0000	     0.0000	 1.7459e-13	     0.0000	
16	19	   0.024207	     0.0000	     73.024	     2.3358	-9.7531e+92	-9.7531e+92	     0.0000	 2.7066e-05	     0.0000	     0.0000	 9.9035e-14	     0.0000	
16	20	   0.025696	     0.0000	     74.477	     2.2942	-9.7531e+92	-9.7531e+92	     0.0000	 2.9149e-05	     0.0000	     0.0000	 9.9238e-14	     0.0000	
16	21	 0.00068286	     0.0000	     180.81	    0.25669	-9.7531e+92	-9.7531e+92	     0.0000	 7.7581e-07	     0.0000	     0.0000	 3.3182e-15	     0.0000	
16	22	   0.015203	     0.0000	     106.73	     1.3057	-9.7531e+92	-9.7531e+92	     0.0000	 1.6844e-05	     0.0000	     0.0000	 1.9390e-13	     0.0000	
16	23	  0.0076043	     0.0000	     136.77	    0.66684	-9.7531e+92	-9.7531e+92	     0.0000	 7.8082e-06	     0.0000	     0.0000	 7.9588e-14	     0.0000	
16	24	  0.0030143	     0.0000	     177.80	    0.27291	-9.7531e+92	-9.7531e+92	     0.0000	 3.4240e-06	     0.0000	     0.0000	 1.7708e-14	     0.0000	
17	0	 7.5295e-06	 3.1677e-06	     353.56	   0.019078	-9.7531e+92	-9.7531e+92	  0.0021374	 3.7002e-06	     0.0000	  -0.014823	 7.9750e-06	  0.0048966	
17	1	 1.4368e-07	 6.0446e-08	     342.57	   0.021626	-9.7531e+92	-9.7531e+92	  0.0025093	 3.2633e-06	     0.0000	  -0.022899	 3.9161e-06	  0.0060863	
17	2	    0.13231	   0.055666	     160.64	    0.39167	-9.7531e+92	-9.7531e+92	   0.029945	  0.0058026	     0.0000	  0.0021748	 -0.0027659	 -0.0011850	
17	3	    0.47616	    0.20033	     122.41	    0.92444	-9.7531e+92	-9.7531e+92	   0.070699	   0.012392	   0.026612	  0.0029366	   -0.19203	   -0.14056	
17	4	    0.33352	    0.14031	     73.525	     2.3215	-9.7531e+92	-9.7531e+92	   0.044731	  0.0093840	   0.030226	   0.025239	  -0.068160	  -0.077454	
17	5	 0.00084000	 0.00035340	     219.60	    0.12368	-9.7531e+92	-9.7531e+92	  0.0016017	 4.7115e-05	     0.0000	 -0.0066861	-6.7160e-05	  0.0050740	
17	6	 7.5592e-14	 3.1802e-14	     251.72	   0.072906	-9.7531e+92	-9.7531e+92	  0.0013809	 3.4396e-06	     0.0000	 -0.0041375	-5.2221e-06	  0.0054849	
17	7	 4.9577e-14	 2.0857e-14	     281.54	   0.047004	-9.7531e+92	-9.7531e+92	 0.00078464	 3.4470e-06	     0.0000	-0.00057858	-5.5020e-06	  0.0044049	
17	8	 2.2783e-15	 9.5851e-16	     258.50	   0.065716	-9.7531e+92	-9.7531e+92	  0.0033840	 3.1916e-06	     0.0000	  -0.061344	-6.7201e-06	   0.014948	
17	9	 2.3944e-14	 1.0074e-14	     293.28	   0.040011	-9.7531e+92	-9.7531e+92	 0.00026163	 3.4664e-06	     0.0000	-0.00058998	-6.0396e-06	  0.0016466	
17	10	 7.2770e-14	 3.0615e-14	     270.72	   0.054831	-9.7531e+92	-9.7531e+92	 2.5957e-05	 3.5853e-06	     0.0000	-0.00033070	-7.3653e-06	 0.00010054	
17	11	 1.8597e-14	 7.8240e-15	     290.18	   0.041722	-9.7531e+92	-9.7531e+92	 1.7652e-05	 3.5901e-06	     0.0000	-7.7559e-05	-7.4395e-06	 3.4542e-05	
17	12	 6.1682e-14	 2.5950e-14	     225.22	    0.11223	-9.7531e+92	-9.7531e+92	 2.5184e-05	 3.5478e-06	     0.0000	-0.00012021	-6.9742e-06	 3.4865e-05	
17	13	  0.0019753	 0.00083103	     287.27	   0.043413	-9.7531e+92	-9.7531e+92	   0.017127	 8.1434e-05	     0.0000	 -0.0095643	-5.0349e-05	   0.016541	
17	14	  0.0061274	  0.0025778	     254.84	   0.069479	-9.7531e+92	-9.7531e+92	   0.011302	 0.00031804	     0.0000	  -0.033300	 0.00010810	   0.010889	
17	15	   0.012351	  0.0051962	     175.81	    0.28425	-9.7531e+92	-9.7531e+92	   0.010976	 0.00056425	     0.0000	 -0.0046565	-0.00072588	  0.0089110	
17	16	 1.6549e-14	 6.9622e-15	     148.25	    0.51453	-9.7531e+92	-9.7531e+92	 1.4020e-05	 3.3088e-06	     0.0000	 2.3341e-09	 3.1783e-05	 1.1282e-09	
17	17	     0.0000	     0.0000	     0.0000	     3.0000	-9.7531e+92	-9.7531e+92	    0.21168	     0.0000	    0.21027	     0.0000	     0.0000	     0.0000	
17	18	 0.00034734	 0.00014613	     258.46	   0.065759	-9.7531e+92	-9.7531e+92	  0.0032049	 2.0688e-05	     0.0000	  -0.022560	-1.3176e-05	   0.010563	
17	19	 7.4393e-05	 3.1298e-05	     187.53	    0.22442	-9.7531e+92	-9.7531e+92	 0.00073253	 6.5209e-06	     0.0000	 -0.0020232	-6.4970e-06	 0.00064994	
17	20	 6.3505e-14	 2.6717e-14	     207.02	    0.15490	-9.7531e+92	-9.7531e+92	 0.00012303	 3.5155e-06	     0.0000	-0.00050896	-6.4652e-06	 0.00014365	
17	21	 7.9208e-15	 3.3323e-15	     326.31	   0.026229	-9.7531e+92	-9.7531e+92	  0.0013383	 3.4622e-06	     0.0000	  -0.013453	-5.5482e-06	  0.0055743	
17	22	   0.036282	   0.015264	     106.10	     1.3231	-9.7531e+92	-9.7531e+92	  0.0054449	  0.0015506	  0.0043100	   0.014501	  0.0027361	 -0.0038816	
17	23	 2.3038e-15	 9.6923e-16	     284.58	   0.045056	-9.7531e+92	-9.7531e+92	  0.0012003	 3.2088e-06	     0.0000	  -0.023316	-7.3302e-06	   0.010713	
17	24	 1.7824e-14	 7.4988e-15	     325.25	   0.026569	-9.7531e+92	-9.7531e+92	 1.8555e-05	 3.5621e-06	     0.0000	-5.0749e-05	-7.2818e-06	 4.2377e-05	
18	0	   0.055506	    0.13147	     116.29	     1.0606	-9.7531e+92	-9.7531e+92	   0.063589	   0.033738	     0.0000	 2.8318e-06	   -0.47023	-2.4118e-05	
18	1	   0.048830	    0.11565	     111.77	     1.1715	-9.7531e+92	-9.7531e+92	   0.060628	   0.036055	     0.0000	 -0.0029791	   -0.32534	   0.017554	
18	2	   0.093117	    0.22055	     137.27	    0.65930	-9.7531e+92	-9.7531e+92	    0.15245	   0.065802	     0.0000	 -0.0069859	   -0.70257	   0.065961	
18	3	 0.00011811	 0.00027975	     199.21	    0.17912	-9.7531e+92	-9.7531e+92	   0.064830	 0.00013660	     0.0000	  -0.015136	 -0.0011807	    0.21417	
18	4	 9.7267e-05	 0.00023038	     186.18	    0.23049	-9.7531e+92	-9.7531e+92	   0.016074	 0.00012847	     0.0000	  -0.017317	 -0.0012189	   0.073808	
18	5	    0.22483	    0.53251	     53.346	     2.7752	-9.7531e+92	-9.7531e+92	    0.14198	    0.16158	   0.075737	   0.041518	    -1.8340	   -0.44808	
18	6	   0.040712	   0.096428	     36.723	     2.9464	-9.7531e+92	-9.7531e+92	   0.042965	   0.030058	     0.0000	  0.0014441	   -0.33854	  -0.026960	
18	7	   0.048484	    0.11484	     38.248	     2.9371	-9.7531e+92	-9.7531e+92	   0.040885	   0.034434	     0.0000	 0.00055233	   -0.39103	  -0.058648	
18	8	  0.0017958	  0.0042534	     75.421	     2.2666	-9.7531e+92	-9.7531e+92	   0.033921	  0.0012874	     0.0000	  -0.051106	  -0.015221	    0.16899	
18	9	  0.0022204	  0.0052591	     96.665	     1.6016	-9.7531e+92	-9.7531e+92	  0.0060989	  0.0017161	     0.0000	-0.00037033	  -0.018975	   0.014160	
18	10	 6.5563e-07	 1.5529e-06	     118.82	     1.0023	-9.7531e+92	-9.7531e+92	 0.00019443	 5.0089e-05	     0.0000	-0.00022719	-0.00048717	 0.00099014	
18	11	 6.8740e-06	 1.6281e-05	     81.269	     2.0888	-9.7531e+92	-9.7531e+92	 0.00015151	 5.1350e-05	     0.0000	-2.7010e-05	-0.00049438	 0.00024200	
18	12	 8.4556e-07	 2.0027e-06	     120.73	    0.96010	-9.7531e+92	-9.7531e+92	 0.00013969	 5.0926e-05	     0.0000	-9.0097e-05	-0.00049667	 0.00036148	
18	13	   0.090980	    0.21549	     87.611	     1.8878	-9.7531e+92	-9.7531e+92	    0.15608	   0.054035	     0.0000	 -0.0047252	   -0.79762	    0.13302	
18	14	   0.039104	   0.092619	     78.249	     2.1820	-9.7531e+92	-9.7531e+92	   0.097565	   0.029050	     0.0000	  -0.016607	   -0.30242	   0.097385	
18	15	    0.32672	    0.77384	     116.73	     1.0502	-9.7531e+92	-9.7531e+92	    0.21817	    0.25772	   0.074861	   0.021991	    -2.7815	   -0.60379	
18	16	 7.1799e-15	 1.7006e-14	     110.59	     1.2021	-9.7531e+92	-9.7531e+92	 7.8933e-05	 5.5977e-05	     0.0000	 2.0657e-09	-0.00058935	-1.0531e-08	
18	17	 3.6656e-14	 8.6822e-14	     258.46	   0.065759	-9.7531e+92	-9.7531e+92	  0.0010449	 5.7992e-05	     0.0000	 -0.0022381	-0.00062495	  0.0076961	
18	18	     0.0000	     0.0000	     0.0000	     3.0000	-9.7531e+92	-9.7531e+92	     1.2253	     0.0000	     1.0708	     0.0000	     0.0000	     0.0000	
18	19	 0.00024445	 0.00057898	     118.15	     1.0174	-9.7531e+92	-9.7531e+92	  0.0011907	 0.00025405	     0.0000	 -0.0022447	 -0.0026560	  0.0071083	
18	20	 0.00089271	  0.0021144	     90.275	     1.8027	-9.7531e+92	-9.7531e+92	  0.0014954	 0.00074914	     0.0000	 0.00011420	 -0.0077769	-0.00043289	
18	21	   0.020714	   0.049062	     79.511	     2.1434	-9.7531e+92	-9.7531e+92	   0.027133	   0.015001	     0.0000	 -0.0033067	   -0.17270	   0.019159	
18	22	 2.4331e-14	 5.7629e-14	     205.13	    0.16037	-9.7531e+92	-9.7531e+92	 0.00068726	 5.6811e-05	     0.0000	 -0.0014687	-0.00060287	  0.0061262	
18	23	  0.0054191	   0.012835	     36.898	     2.9454	-9.7531e+92	-9.7531e+92	   0.015383	  0.0037383	     0.0000	  -0.017852	  -0.043458	    0.10934	
18	24	 0.00021281	 0.00050406	     74.739	     2.2865	-9.7531e+92	-9.7531e+92	 0.00028834	 0.00018691	     0.0000	 1.8795e-07	 -0.0018299	-8.7485e-06	
19	0	 0.00056760	 0.00033687	     234.49	   0.096052	-9.7531e+92	-9.7531e+92	  0.0041843	 3.8322e-05	     0.0000	  -0.023699	 -0.0023886	    0.18367	
19	1	 0.00011473	 6.8090e-05	     226.57	    0.10968	-9.7531e+92	-9.7531e+92	  0.0042884	 1.1278e-05	     0.0000	  -0.036910	-0.00070461	    0.19783	
19	2	   0.031905	   0.018935	     139.30	    0.62950	-9.7531e+92	-9.7531e+92	   0.022494	  0.0018920	     0.0000	  -0.039290	   -0.13289	    0.33694	
19	3	  0.0082745	  0.0049108	     184.07	    0.24039	-9.7531e+92	-9.7531e+92	   0.036568	 0.00045481	     0.0000	  -0.023402	  -0.033483	    0.33917	
19	4	    0.56365	    0.33452	     119.82	    0.98008	-9.7531e+92	-9.7531e+92	   0.089544	   0.027509	   0.069081	    0.40926	    -2.4465	    -1.9830	
19	5	    0.22122	    0.13129	     64.874	     2.5486	-9.7531e+92	-9.7531e+92	   0.036604	   0.013496	   0.020006	   0.076795	   -0.98249	   -0.75355	
19	6	   0.020214	   0.011997	     133.74	    0.71443	-9.7531e+92	-9.7531e+92	  0.0065559	  0.0012783	     0.0000	 -0.0020101	  -0.090739	   0.034031	
19	7	 4.4068e-05	 2.6154e-05	     154.38	    0.44913	-9.7531e+92	-9.7531e+92	  0.0022803	 7.0165e-06	     0.0000	-0.00093266	-0.00049792	   0.089799	
19	8	   0.018506	   0.010983	     80.536	     2.1117	-9.7531e+92	-9.7531e+92	  0.0097423	 0.00099240	     0.0000	  -0.067267	  -0.080370	    0.21519	
19	9	 2.3627e-07	 1.4022e-07	     193.08	    0.20137	-9.7531e+92	-9.7531e+92	 0.00043712	 4.2764e-06	     0.0000	-0.00095284	-0.00030333	   0.033030	
19	10	  0.0012826	 0.00076121	     85.643	     1.9506	-9.7531e+92	-9.7531e+92	 0.00025045	 7.2801e-05	     0.0000	 0.00053066	 -0.0048152	 -0.0024612	
19	11	 0.00020700	 0.00012285	     108.78	     1.2499	-9.7531e+92	-9.7531e+92	 7.2989e-05	 1.7488e-05	     0.0000	 2.9230e-05	 -0.0012442	-0.00015855	
19	12	  0.0049188	  0.0029192	     44.530	     2.8865	-9.7531e+92	-9.7531e+92	 0.00078314	 0.00023266	 0.00064372	  0.0022834	  -0.013986	  -0.011039	
19	13	   0.010267	  0.0060935	     184.51	    0.23831	-9.7531e+92	-9.7531e+92	   0.018122	 0.00059760	     0.0000	  -0.019789	  -0.040233	    0.50672	
19	14	   0.022434	   0.013314	     166.55	    0.34505	-9.7531e+92	-9.7531e+92	   0.019659	  0.0012740	     0.0000	  -0.039978	  -0.094344	    0.22748	
19	15	  0.0029711	  0.0017633	     131.26	    0.75593	-9.7531e+92	-9.7531e+92	   0.011991	 0.00018503	     0.0000	 -0.0089846	  -0.013487	    0.22373	
19	16	 4.4387e-15	 2.6343e-15	     73.024	     2.3358	-9.7531e+92	-9.7531e+92	 1.9778e-05	 4.0666e-06	     0.0000	 2.9998e-09	-0.00027025	-1.5933e-08	
19	17	 3.8498e-14	 2.2848e-14	     187.53	    0.22442	-9.7531e+92	-9.7531e+92	  0.0012836	 4.0622e-06	     0.0000	 -0.0038770	-0.00030294	   0.013177	
19	18	   0.080011	   0.047485	     118.15	     1.0174	-9.7531e+92	-9.7531e+92	   0.019654	  0.0049371	     0.0000	  0.0082723	   -0.34332	  -0.055444	
19	19	     0.0000	     0.0000	     0.0000	     3.0000	-9.7531e+92	-9.7531e+92	    0.29802	     0.0000	    0.29603	     0.0000	     0.0000	     0.0000	
19	20	  0.0068004	  0.0040359	     28.400	     2.9806	-9.7531e+92	-9.7531e+92	  0.0013675	 0.00041544	 0.00090909	  0.0064003	  -0.029647	  -0.023331	
19	21	 1.1386e-06	 6.7572e-07	     197.71	    0.18427	-9.7531e+92	-9.7531e+92	  0.0017994	 4.2729e-06	     0.0000	  -0.021728	-0.00030487	    0.11410	
19	22	  0.0064978	  0.0038564	     93.933	     1.6868	-9.7531e+92	-9.7531e+92	  0.0041763	 0.00031611	  0.0025753	  0.0019985	  -0.024854	  -0.012726	
19	23	 0.00011082	 6.5773e-05	     121.29	    0.94810	-9.7531e+92	-9.7531e+92	  0.0034941	 1.0028e-05	     0.0000	  -0.035261	-0.00080192	    0.20844	
19	24	 1.0003e-06	 5.9364e-07	     150.08	    0.49393	-9.7531e+92	-9.7531e+92	 3.3220e-05	 4.3838e-06	     0.0000	-8.1568e-05	-0.00031041	 0.00082109	
20	0	  0.0036806	  0.0018442	     206.61	    0.15606	-9.7531e+92	-9.7531e+92	   0.011701	 6.9478e-05	     0.0000	 -0.0080370	 -0.0061455	   0.078554	
20	1	 0.00080623	 0.00040397	     199.20	    0.17914	-9.7531e+92	-9.7531e+92	   0.013398	 1.6744e-05	     0.0000	  -0.013109	 -0.0014704	   0.088472	
20	2	   0.035933	   0.018005	     139.77	    0.62284	-9.7531e+92	-9.7531e+92	   0.018510	 0.00066132	     0.0000	  -0.013507	  -0.064456	    0.14539	
20	3	  0.0035612	  0.0017844	     185.64	    0.23299	-9.7531e+92	-9.7531e+92	  0.0099451	 6.3862e-05	     0.0000	 -0.0099407	 -0.0062489	    0.16085	
20	4	   0.072691	   0.036423	     135.08	    0.69295	-9.7531e+92	-9.7531e+92	   0.012183	  0.0012829	     0.0000	   0.012646	   -0.13212	  -0.063498	
20	5	   0.064076	   0.032106	     39.691	     2.9273	-9.7531e+92	-9.7531e+92	   0.012819	  0.0010827	     0.0000	  0.0041752	   -0.12005	  -0.062307	
20	6	    0.58692	    0.29408	     111.59	     1.1762	-9.7531e+92	-9.7531e+92	   0.076319	   0.011357	   0.061824	   0.046368	    -1.1241	   -0.98197	
20	7	  0.0013223	 0.00066254	     126.68	    0.83907	-9.7531e+92	-9.7531e+92	  0.0038443	 2.6925e-05	     0.0000	-0.00031655	 -0.0026694	   0.038119	
20	8	   0.010654	  0.0053386	     51.987	     2.7958	-9.7531e+92	-9.7531e+92	  0.0072486	 0.00018445	     0.0000	  -0.030154	  -0.020630	    0.11405	
20	9	 1.8468e-07	 9.2537e-08	     174.09	    0.29453	-9.7531e+92	-9.7531e+92	  0.0012402	 1.3159e-06	     0.0000	-0.00034255	-0.00012966	   0.014846	
20	10	 0.00025034	 0.00012543	     74.457	     2.2947	-9.7531e+92	-9.7531e+92	 9.0804e-05	 4.5365e-06	     0.0000	-4.2088e-05	-0.00039762	 0.00026209	
20	11	 0.00043721	 0.00021907	     83.734	     2.0113	-9.7531e+92	-9.7531e+92	 8.9887e-05	 9.5104e-06	     0.0000	 6.1611e-05	-0.00095327	-0.00047263	
20	12	   0.013262	  0.0066451	     45.010	     2.8817	-9.7531e+92	-9.7531e+92	  0.0016973	 0.00021573	  0.0015796	  0.0033806	  -0.020577	  -0.018389	
20	13	   0.018054	  0.0090461	     165.04	    0.35635	-9.7531e+92	-9.7531e+92	   0.020307	 0.00032331	     0.0000	 -0.0067374	  -0.030617	    0.21721	
20	14	   0.032231	   0.016150	     147.73	    0.52061	-9.7531e+92	-9.7531e+92	   0.017622	 0.00060064	     0.0000	  -0.012911	  -0.057519	   0.086680	
20	15	  0.0026787	  0.0013422	     124.66	    0.87845	-9.7531e+92	-9.7531e+92	  0.0081147	 5.2169e-05	     0.0000	 -0.0032464	 -0.0052248	    0.10116	
20	16	 2.4373e-14	 1.2212e-14	     74.477	     2.2942	-9.7531e+92	-9.7531e+92	 1.6698e-05	 1.2667e-06	     0.0000	 1.1313e-09	-0.00010403	-6.3271e-09	
20	17	 6.2840e-15	 3.1487e-15	     207.02	    0.15490	-9.7531e+92	-9.7531e+92	 0.00025202	 1.3020e-06	     0.0000	 -0.0014971	-0.00013035	  0.0059196	
20	18	    0.12170	   0.060978	     90.275	     1.8027	-9.7531e+92	-9.7531e+92	   0.024360	  0.0021991	     0.0000	   0.010518	   -0.22518	  -0.095637	
20	19	   0.030664	   0.015365	     28.400	     2.9806	-9.7531e+92	-9.7531e+92	  0.0042957	 0.00056262	  0.0026094	   0.012285	  -0.057931	  -0.047703	
20	20	     0.0000	     0.0000	     0.0000	     3.0000	-9.7531e+92	-9.7531e+92	    0.25071	     0.0000	    0.25032	     0.0000	     0.0000	     0.0000	
20	21	 5.0315e-06	 2.5211e-06	     169.84	    0.32188	-9.7531e+92	-9.7531e+92	  0.0029678	 1.3888e-06	     0.0000	 -0.0078101	-0.00013798	   0.051298	
20	22	 0.00089658	 0.00044924	     116.48	     1.0560	-9.7531e+92	-9.7531e+92	 0.00057986	 1.5731e-05	     0.0000	-0.00048217	 -0.0016698	  0.0027683	
20	23	 0.00015935	 7.9844e-05	     93.058	     1.7144	-9.7531e+92	-9.7531e+92	  0.0026606	 3.9734e-06	     0.0000	  -0.013450	-0.00044071	   0.093552	
20	24	 1.9799e-05	 9.9203e-06	     121.85	    0.93617	-9.7531e+92	-9.7531e+92	 4.7886e-05	 1.6993e-06	     0.0000	-2.6609e-05	-0.00016875	 0.00033506	
21	0	    0.49697	    0.51254	     39.458	     2.9290	-9.7531e+92	-9.7531e+92	    0.14176	    0.12855	   0.084553	    0.15740	     1.4085	    0.28761	
21	1	    0.12672	    0.13069	     57.297	     2.7081	-9.7531e+92	-9.7531e+92	   0.062043	   0.040857	  0.0026784	   0.036680	    0.54472	   0.044569	
21	2	 0.00016041	 0.00016543	     197.19	    0.18609	-9.7531e+92	-9.7531e+92	   0.034008	 6.6504e-05	     0.0000	     0.0000	 0.00094920	  -0.078057	
21	3	 4.9940e-05	 5.1504e-05	     259.71	   0.064522	-9.7531e+92	-9.7531e+92	   0.016015	 3.8619e-05	     0.0000	  -0.023640	 0.00053682	  -0.067105	
21	4	 2.1008e-06	 2.1666e-06	     253.96	   0.070430	-9.7531e+92	-9.7531e+92	  0.0029894	 2.4947e-05	     0.0000	  -0.027102	 0.00031199	  -0.021647	
21	5	 0.00068888	 0.00071046	     132.91	    0.72808	-9.7531e+92	-9.7531e+92	  0.0069718	 0.00028034	     0.0000	 -0.0089724	  0.0032440	  -0.016714	
21	6	   0.013756	   0.014186	     78.899	     2.1621	-9.7531e+92	-9.7531e+92	   0.015897	  0.0048053	     0.0000	 -0.0028944	   0.060628	 -0.0092770	
21	7	   0.012250	   0.012634	     44.967	     2.8822	-9.7531e+92	-9.7531e+92	   0.012350	  0.0042501	     0.0000	-0.00035921	   0.054882	 -0.0065132	
21	8	 2.9041e-05	 2.9950e-05	     132.38	    0.73687	-9.7531e+92	-9.7531e+92	   0.017381	 3.3528e-05	     0.0000	  -0.081833	 0.00040228	  -0.045371	
21	9	  0.0039986	  0.0041239	     83.320	     2.0244	-9.7531e+92	-9.7531e+92	  0.0083527	  0.0014143	     0.0000	-0.00041039	   0.018201	 -0.0026524	
21	10	 1.1567e-10	 1.1929e-10	     171.26	    0.31241	-9.7531e+92	-9.7531e+92	 9.1112e-05	 2.6575e-05	     0.0000	-0.00044132	 0.00027577	-0.00029390	
21	11	 8.8949e-06	 9.1734e-06	     128.65	    0.80225	-9.7531e+92	-9.7531e+92	 5.5058e-05	 2.9219e-05	     0.0000	-9.8005e-05	 0.00032232	-9.6026e-05	
21	12	 3.1275e-17	 3.2255e-17	     187.39	    0.22505	-9.7531e+92	-9.7531e+92	 5.2738e-05	 2.6828e-05	     0.0000	-0.00016042	 0.00027418	-0.00010205	
21	13	    0.12536	    0.12928	     76.619	     2.2311	-9.7531e+92	-9.7531e+92	   0.065964	   0.028569	     0.0000	     0.0000	    0.28089	     0.0000	
21	14	    0.12870	    0.13274	     101.18	     1.4647	-9.7531e+92	-9.7531e+92	   0.057866	   0.045933	     0.0000	   0.024400	    0.56783	   0.027473	
21	15	 4.2869e-05	 4.4211e-05	     175.65	    0.28523	-9.7531e+92	-9.7531e+92	   0.012528	 3.8651e-05	     0.0000	 -0.0078014	 0.00047194	  -0.037146	
21	16	 5.9966e-17	 6.1844e-17	     180.81	    0.25669	-9.7531e+92	-9.7531e+92	 3.4369e-05	 2.6357e-05	     0.0000	 3.4747e-09	 0.00027432	 2.6827e-09	
21	17	 8.0849e-17	 8.3382e-17	     326.31	   0.026229	-9.7531e+92	-9.7531e+92	 0.00026481	 2.6140e-05	     0.0000	 -0.0034932	 0.00027454	 -0.0019977	
21	18	   0.089233	   0.092028	     79.511	     2.1434	-9.7531e+92	-9.7531e+92	   0.042305	   0.031081	     0.0000	   0.011112	    0.38542	   0.014919	
21	19	 9.1782e-09	 9.4657e-09	     197.71	    0.18427	-9.7531e+92	-9.7531e+92	 0.00035438	 2.6551e-05	     0.0000	 -0.0037853	 0.00027622	 -0.0020081	
21	20	 2.8060e-07	 2.8939e-07	     169.84	    0.32188	-9.7531e+92	-9.7531e+92	 0.00012154	 2.6071e-05	     0.0000	-0.00067895	 0.00028216	-0.00042885	
21	21	     0.0000	     0.0000	     0.0000	     3.0000	-9.7531e+92	-9.7531e+92	    0.52668	     0.0000	    0.49667	     0.0000	     0.0000	     0.0000	
21	22	 4.4065e-17	 4.5445e-17	     284.69	   0.044983	-9.7531e+92	-9.7531e+92	 0.00015036	 2.6175e-05	     0.0000	 -0.0022927	 0.00027622	 -0.0016011	
21	23	  0.0010835	  0.0011175	     78.648	     2.1698	-9.7531e+92	-9.7531e+92	  0.0066233	 0.00039946	     0.0000	  -0.030470	  0.0048521	  -0.031001	
21	24	 0.00094005	 0.00096949	     85.071	     1.9688	-9.7531e+92	-9.7531e+92	 0.00036487	 0.00036587	 8.3854e-05	 0.00024107	  0.0046206	 0.00044474	
22	0	 4.8209e-05	 2.7574e-05	     321.47	   0.027830	-9.7531e+92	-9.7531e+92	  0.0031549	 6.6169e-06	     0.0000	  -0.026302	 2.7922e-06	-0.00065561	
22	1	 6.4867e-05	 3.7102e-05	     312.59	   0.031097	-9.7531e+92	-9.7531e+92	  0.0033931	 7.5261e-06	     0.0000	  -0.040615	-4.1731e-06	 0.00089717	
22	2	    0.15769	   0.090193	     161.29	    0.38622	-9.7531e+92	-9.7531e+92	   0.040877	  0.0083450	     0.0000	   0.015753	  -0.020421	 -0.0025405	
22	3	    0.20916	    0.11964	     164.94	    0.35711	-9.7531e+92	-9.7531e+92	   0.060236	  0.0091676	 0.00029754	  0.0072001	  -0.040211	 -0.0036217	
22	4	    0.38737	    0.22157	     82.638	     2.0459	-9.7531e+92	-9.7531e+92	   0.068409	  0.0067712	   0.048688	   0.037542	   -0.25898	   -0.19717	
22	5	   0.042418	   0.024262	     151.89	    0.47454	-9.7531e+92	-9.7531e+92	   0.010053	  0.0025258	     0.0000	  0.0063372	 -0.0088612	 -0.0020808	
22	6	 1.9244e-05	 1.1007e-05	     216.08	    0.13159	-9.7531e+92	-9.7531e+92	  0.0034606	 5.1007e-06	     0.0000	 -0.0073421	-1.8462e-05	  0.0042705	
22	7	 8.7300e-13	 4.9933e-13	     241.36	   0.085874	-9.7531e+92	-9.7531e+92	  0.0013309	 3.9805e-06	     0.0000	 -0.0010274	-1.4747e-05	  0.0034786	
22	8	 0.00048656	 0.00027830	     168.70	    0.32968	-9.7531e+92	-9.7531e+92	  0.0048117	 2.9907e-05	     0.0000	   -0.10805	-0.00013204	   0.012191	
22	9	 5.9025e-13	 3.3761e-13	     266.14	   0.058633	-9.7531e+92	-9.7531e+92	 0.00037287	 4.0079e-06	     0.0000	 -0.0010476	-1.5504e-05	  0.0013321	
22	10	 1.9110e-12	 1.0931e-12	     176.66	    0.27933	-9.7531e+92	-9.7531e+92	 4.8584e-05	 4.0206e-06	     0.0000	-0.00058147	-1.6164e-05	 8.5037e-05	
22	11	 2.3050e-13	 1.3184e-13	     200.45	    0.17499	-9.7531e+92	-9.7531e+92	 2.9771e-05	 4.0802e-06	     0.0000	-0.00013772	-1.7000e-05	 2.9118e-05	
22	12	  0.0015906	 0.00090978	     131.16	    0.75767	-9.7531e+92	-9.7531e+92	 0.00032159	 9.7813e-05	 0.00018722	  0.0017699	-0.00037023	-0.00024854	
22	13	  0.0017788	  0.0010174	     260.15	   0.064098	-9.7531e+92	-9.7531e+92	   0.022199	 9.6097e-05	     0.0000	  -0.023013	-9.3020e-05	  0.0026258	
22	14	   0.011221	  0.0064180	     227.39	    0.10817	-9.7531e+92	-9.7531e+92	   0.014541	 0.00066172	     0.0000	  -0.055325	 -0.0010522	  0.0048736	
22	15	   0.022097	   0.012639	     163.21	    0.37056	-9.7531e+92	-9.7531e+92	   0.014542	  0.0012095	     0.0000	 -0.0065963	 -0.0043374	  0.0053918	
22	16	 9.2415e-13	 5.2859e-13	     106.73	     1.3057	-9.7531e+92	-9.7531e+92	 1.9061e-05	 3.8310e-06	     0.0000	 4.4169e-09	-1.1338e-06	-1.7260e-10	
22	17	   0.015563	  0.0089016	     106.10	     1.3231	-9.7531e+92	-9.7531e+92	  0.0036100	 0.00070681	  0.0016903	  0.0073430	  0.0026015	  0.0019999	
22	18	   0.020063	   0.011475	     205.13	    0.16037	-9.7531e+92	-9.7531e+92	  0.0086683	  0.0011630	     0.0000	  -0.027895	 -0.0030846	  0.0047602	
22	19	    0.10171	   0.058178	     93.933	     1.6868	-9.7531e+92	-9.7531e+92	   0.015427	  0.0045914	   0.013502	   0.041705	 -0.0046988	 -0.0041374	
22	20	   0.028715	   0.016424	     116.48	     1.0560	-9.7531e+92	-9.7531e+92	  0.0043011	  0.0016924	  0.0038593	   0.035743	 -0.0062318	 -0.0047348	
22	21	 7.1014e-13	 4.0618e-13	     284.69	   0.044983	-9.7531e+92	-9.7531e+92	  0.0018188	 3.9702e-06	     0.0000	  -0.023889	-1.4707e-05	  0.0043890	
22	22	     0.0000	     0.0000	     0.0000	     3.0000	-9.7531e+92	-9.7531e+92	    0.28854	     0.0000	    0.28700	     0.0000	     0.0000	     0.0000	
22	23	 2.6549e-12	 1.5185e-12	     209.07	    0.14920	-9.7531e+92	-9.7531e+92	  0.0017245	 3.6470e-06	     0.0000	  -0.041402	-1.6834e-05	  0.0089858	
22	24	 5.6438e-13	 3.2281e-13	     237.89	   0.090842	-9.7531e+92	-9.7531e+92	 2.6564e-05	 4.0664e-06	     0.0000	-9.0116e-05	-1.6884e-05	 3.5607e-05	
23	0	   0.035027	   0.014465	     119.13	    0.99543	-9.7531e+92	-9.7531e+92	  0.0084790	   0.010635	     0.0000	  -0.015726	   -0.15417	   0.064324	
23	1	   0.087638	   0.036191	     132.72	    0.73117	-9.7531e+92	-9.7531e+92	   0.014450	   0.029238	     0.0000	   0.034358	   -0.38180	  -0.097810	
23	2	 0.00029685	 0.00012259	     168.40	    0.33177	-9.7531e+92	-9.7531e+92	  0.0093917	 0.00011734	     0.0000	  -0.093962	 -0.0018013	    0.43341	
23	3	 2.5554e-06	 1.0553e-06	     228.38	    0.10637	-9.7531e+92	-9.7531e+92	  0.0046576	 2.0241e-05	     0.0000	  -0.050972	-0.00032987	    0.34974	
23	4	 9.0030e-06	 3.7179e-06	     212.30	    0.14074	-9.7531e+92	-9.7531e+92	  0.0011658	 2.4654e-05	     0.0000	  -0.058400	-0.00038108	    0.12176	
23	5	   0.041134	   0.016987	     65.633	     2.5304	-9.7531e+92	-9.7531e+92	   0.010039	   0.012252	     0.0000	  0.0092874	   -0.22567	  -0.049861	
23	6	  0.0048234	  0.0019919	     73.330	     2.3271	-9.7531e+92	-9.7531e+92	  0.0036402	  0.0016304	     0.0000	 -0.0099148	  -0.027650	   0.091483	
23	7	   0.076953	   0.031778	     58.677	     2.6821	-9.7531e+92	-9.7531e+92	   0.010588	   0.025686	  0.0011167	  0.0039260	   -0.43689	   -0.20616	
23	8	    0.53374	    0.22041	     54.810	     2.7517	-9.7531e+92	-9.7531e+92	   0.063340	   0.073271	   0.032539	 0.00055107	   -0.34948	  0.0033732	
23	9	 2.5496e-05	 1.0529e-05	     121.73	    0.93874	-9.7531e+92	-9.7531e+92	 0.00066723	 3.1154e-05	     0.0000	 -0.0016917	-0.00053041	   0.032023	
23	10	 0.00010242	 4.2294e-05	     95.614	     1.6342	-9.7531e+92	-9.7531e+92	 0.00022411	 5.5130e-05	     0.0000	-0.00075049	-0.00087274	  0.0014978	
23	11	 0.00092167	 0.00038061	     53.605	     2.7712	-9.7531e+92	-9.7531e+92	 0.00016142	 0.00032484	 6.4871e-05	  0.0010049	 -0.0053306	 -0.0029453	
23	12	 3.2595e-06	 1.3460e-06	     109.85	     1.2215	-9.7531e+92	-9.7531e+92	 6.2308e-05	 2.2984e-05	     0.0000	-0.00033905	-0.00036805	 0.00064604	
23	13	   0.067844	   0.028017	     113.01	     1.1402	-9.7531e+92	-9.7531e+92	   0.017823	   0.020994	     0.0000	  -0.021440	   -0.29863	    0.29168	
23	14	   0.011681	  0.0048237	     114.84	     1.0952	-9.7531e+92	-9.7531e+92	  0.0083334	  0.0021764	     0.0000	     0.0000	  -0.080767	    0.25527	
23	15	 0.00024232	 0.00010007	     149.47	    0.50076	-9.7531e+92	-9.7531e+92	  0.0050058	 0.00010249	     0.0000	  -0.016758	 -0.0017336	    0.22714	
23	16	 6.0137e-13	 2.4834e-13	     136.77	    0.66684	-9.7531e+92	-9.7531e+92	 1.3762e-05	 2.3360e-05	     0.0000	 7.4897e-09	-0.00038487	-1.7608e-08	
23	17	 3.7579e-14	 1.5519e-14	     284.58	   0.045056	-9.7531e+92	-9.7531e+92	 8.3557e-05	 2.3584e-05	     0.0000	 -0.0075286	-0.00039884	   0.012840	
23	18	    0.13353	   0.055144	     36.898	     2.9454	-9.7531e+92	-9.7531e+92	   0.022334	   0.043901	     0.0000	   0.068224	   -0.70786	   -0.24735	
23	19	 6.3014e-05	 2.6022e-05	     121.29	    0.94810	-9.7531e+92	-9.7531e+92	 0.00099941	 4.5369e-05	     0.0000	 -0.0080026	-0.00075557	   0.012552	
23	20	 0.00010126	 4.1817e-05	     93.058	     1.7144	-9.7531e+92	-9.7531e+92	 0.00016657	 5.9309e-05	     0.0000	 -0.0012542	-0.00098588	  0.0023529	
23	21	  0.0051454	  0.0021248	     78.648	     2.1698	-9.7531e+92	-9.7531e+92	  0.0026886	  0.0017228	     0.0000	  -0.031847	  -0.029609	   0.091197	
23	22	 6.0597e-13	 2.5024e-13	     209.07	    0.14920	-9.7531e+92	-9.7531e+92	 6.1091e-05	 2.3632e-05	     0.0000	 -0.0049413	-0.00039476	   0.010213	
23	23	     0.0000	     0.0000	     0.0000	     3.0000	-9.7531e+92	-9.7531e+92	    0.22842	     0.0000	    0.20686	     0.0000	     0.0000	     0.0000	
23	24	 0.00071247	 0.00029422	     40.708	     2.9198	-9.7531e+92	-9.7531e+92	 0.00012606	 0.00026798	 1.3539e-05	 0.00035845	 -0.0044491	 -0.0019746	
24	0	    0.20310	   0.080017	     123.34	    0.90511	-9.7531e+92	-9.7531e+92	   0.026179	 0.00068516	  0.0043268	  0.0022364	  -0.040155	  -0.024582	
24	1	    0.14554	   0.057339	     142.19	    0.58963	-9.7531e+92	-9.7531e+92	   0.022258	 0.00063691	     0.0000	  0.0021953	  -0.026305	  -0.014767	
24	2	 0.00055744	 0.00021962	     210.29	    0.14595	-9.7531e+92	-9.7531e+92	   0.014083	 2.6464e-06	     0.0000	 -0.0020467	-0.00012081	   0.021957	
24	3	 3.8314e-06	 1.5095e-06	     270.69	   0.054855	-9.7531e+92	-9.7531e+92	  0.0057619	 2.9359e-07	     0.0000	 -0.0011126	-1.3003e-05	   0.017944	
24	4	 3.0031e-05	 1.1832e-05	     253.16	   0.071301	-9.7531e+92	-9.7531e+92	  0.0012393	 4.2583e-07	     0.0000	 -0.0012740	-1.8852e-05	  0.0061660	
24	5	   0.040335	   0.015891	     106.34	     1.3165	-9.7531e+92	-9.7531e+92	  0.0092894	 0.00018241	     0.0000	 0.00019181	 -0.0084009	 -0.0023406	
24	6	   0.022283	  0.0087791	     108.13	     1.2674	-9.7531e+92	-9.7531e+92	  0.0060679	 9.8001e-05	     0.0000	-5.8017e-05	 -0.0046370	  0.0012568	
24	7	   0.047561	   0.018738	     84.614	     1.9834	-9.7531e+92	-9.7531e+92	  0.0077376	 0.00021370	     0.0000	 3.9094e-05	 -0.0099756	 -0.0046912	
24	8	   0.051320	   0.020219	     77.960	     2.1908	-9.7531e+92	-9.7531e+92	  0.0098084	 0.00021071	     0.0000	 -0.0011821	  -0.010603	  0.0044674	
24	9	 0.00051108	 0.00020136	     149.07	    0.50520	-9.7531e+92	-9.7531e+92	  0.0016033	 2.6094e-06	     0.0000	-3.3675e-05	-0.00012201	  0.0015018	
24	10	  0.0010135	 0.00039929	     102.71	     1.4197	-9.7531e+92	-9.7531e+92	 0.00015287	 4.9892e-06	     0.0000	 2.0949e-05	-0.00021462	-9.7614e-05	
24	11	  0.0075262	  0.0029652	     56.094	     2.7297	-9.7531e+92	-9.7531e+92	 0.00076532	 2.6721e-05	 0.00067320	 3.9626e-05	-0.00043202	-0.00031627	
24	12	 6.8612e-06	 2.7032e-06	     132.31	    0.73810	-9.7531e+92	-9.7531e+92	 2.8699e-05	 3.4981e-07	     0.0000	-7.1499e-06	-1.5727e-05	 3.1374e-05	
24	13	   0.076504	   0.030141	     142.21	    0.58941	-9.7531e+92	-9.7531e+92	   0.020972	 0.00030574	     0.0000	-0.00041274	  -0.014053	   0.013583	
24	14	   0.030995	   0.012212	     150.00	    0.49487	-9.7531e+92	-9.7531e+92	   0.012484	 0.00013236	     0.0000	 -0.0014201	 -0.0060308	  0.0095589	
24	15	 2.8155e-05	 1.1093e-05	     189.75	    0.21485	-9.7531e+92	-9.7531e+92	  0.0081112	 4.2509e-07	     0.0000	-0.00036711	-1.9720e-05	   0.011399	
24	16	 1.9692e-13	 7.7584e-14	     177.80	    0.27291	-9.7531e+92	-9.7531e+92	 1.3130e-05	 3.1771e-07	     0.0000	 1.5390e-10	-1.1696e-05	-7.2278e-10	
24	17	 6.5991e-13	 2.6000e-13	     325.25	   0.026569	-9.7531e+92	-9.7531e+92	 9.7520e-05	 3.1599e-07	     0.0000	-0.00016434	-1.4368e-05	 0.00063783	
24	18	    0.32416	    0.12771	     74.739	     2.2865	-9.7531e+92	-9.7531e+92	   0.038444	  0.0014164	   0.012745	  0.0056479	  -0.065113	  -0.047283	
24	19	 6.3606e-05	 2.5060e-05	     150.08	    0.49393	-9.7531e+92	-9.7531e+92	 0.00021186	 6.1829e-07	     0.0000	-0.00017466	-2.7832e-05	 0.00062416	
24	20	 0.00064689	 0.00025486	     121.85	    0.93617	-9.7531e+92	-9.7531e+92	 0.00016723	 3.3487e-06	     0.0000	-2.7124e-06	-0.00015197	 1.1587e-05	
24	21	   0.039867	   0.015707	     85.071	     1.9688	-9.7531e+92	-9.7531e+92	  0.0070351	 0.00016400	     0.0000	 0.00027065	 -0.0081744	 -0.0020357	
24	22	 1.4510e-12	 5.7169e-13	     237.89	   0.090842	-9.7531e+92	-9.7531e+92	 6.1030e-05	 3.1559e-07	     0.0000	-0.00010786	-1.4284e-05	 0.00050788	
24	23	  0.0079584	  0.0031355	     40.708	     2.9198	-9.7531e+92	-9.7531e+92	  0.0043416	 3.3260e-05	     0.0000	 -0.0012184	 -0.0016580	  0.0085221	
24	24	     0.0000	     0.0000	     0.0000	     3.0000	-9.7531e+92	-9.7531e+92	    0.19703	     0.0000	    0.19693	     0.0000	     0.0000	     0.0000	
