#source	Target	value	weight	distance	potential1	geneCorrelation	separation	influenceWeight	betweenness	influence'Weight	betweenness'	nbetweenness	nbetweenness'	
0	0	     0.0000	     0.0000	     0.0000	     3.0000	-9.7531e+92	-9.7531e+92	     3.7783	     0.0000	     2.7791	     0.0000	     0.0000	     0.0000	
0	1	    0.13589	    0.92999	     35.562	     2.9528	-9.7531e+92	-9.7531e+92	    0.36345	    0.17568	     0.0000	  0.0079851	   -0.36331	 -0.0015246	
0	2	  0.0066000	   0.045169	     211.35	    0.14318	-9.7531e+92	-9.7531e+92	    0.15496	   0.013104	     0.0000	  -0.045969	   0.019478	   0.027134	
0	3	 0.00017889	  0.0012243	     273.88	   0.052386	-9.7531e+92	-9.7531e+92	   0.017745	 0.00053634	     0.0000	  -0.046781	 0.00083156	  0.0099870	
0	4	 7.3609e-08	 5.0376e-07	     281.58	   0.046977	-9.7531e+92	-9.7531e+92	   0.016542	 0.00014110	     0.0000	   -0.11523	 0.00013843	   0.020065	
0	5	  0.0028159	   0.019271	     169.69	    0.32292	-9.7531e+92	-9.7531e+92	    0.13101	  0.0055040	     0.0000	  -0.010367	  0.0035823	   0.030860	
0	6	   0.070339	    0.48138	     105.31	     1.3454	-9.7531e+92	-9.7531e+92	    0.33648	   0.056134	     0.0000	     0.0000	    0.15608	     0.0000	
0	7	    0.12928	    0.88476	     80.265	     2.1201	-9.7531e+92	-9.7531e+92	    0.34909	    0.17462	     0.0000	     0.0000	    0.25457	  -0.036551	
0	8	 0.00014109	 0.00096561	     172.11	    0.30693	-9.7531e+92	-9.7531e+92	  0.0059462	 0.00042578	     0.0000	 -0.0022614	 0.00021136	  0.0018760	
0	9	   0.064199	    0.43936	     86.890	     1.9108	-9.7531e+92	-9.7531e+92	    0.15029	   0.099686	   0.013218	     0.0000	    0.15534	  -0.026215	
0	10	 2.2135e-14	 1.5149e-13	     210.64	    0.14503	-9.7531e+92	-9.7531e+92	 0.00026660	 0.00014423	     0.0000	-8.0459e-05	 3.8233e-05	 3.6687e-05	
0	11	 7.5945e-06	 5.1975e-05	     167.10	    0.34103	-9.7531e+92	-9.7531e+92	 0.00042547	 0.00014835	     0.0000	-0.00010501	 0.00010001	 7.2872e-05	
0	12	 3.7848e-15	 2.5902e-14	     226.76	    0.10933	-9.7531e+92	-9.7531e+92	 0.00029893	 0.00014913	     0.0000	-0.00019326	 1.5176e-05	 7.2879e-05	
0	13	    0.12689	    0.86841	     86.013	     1.9388	-9.7531e+92	-9.7531e+92	    0.33930	    0.22363	     0.0000	   0.031839	    0.24417	 -0.0093244	
0	14	    0.14005	    0.95846	     114.85	     1.0949	-9.7531e+92	-9.7531e+92	    0.42101	    0.24042	     0.0000	  0.0050570	    0.33372	 -0.0023862	
0	15	 0.00074365	  0.0050893	     189.51	    0.21584	-9.7531e+92	-9.7531e+92	   0.028361	  0.0017506	     0.0000	  -0.030849	 0.00077767	   0.019918	
0	16	 2.0746e-14	 1.4198e-13	     217.18	    0.12904	-9.7531e+92	-9.7531e+92	 0.00022807	 0.00014204	     0.0000	 3.1496e-09	 5.5625e-05	-3.0989e-09	
0	17	 6.4932e-15	 4.4438e-14	     353.56	   0.019078	-9.7531e+92	-9.7531e+92	 0.00029978	 0.00016242	     0.0000	 -0.0015223	-2.4249e-05	 0.00037695	
0	18	    0.13927	    0.95314	     116.29	     1.0606	-9.7531e+92	-9.7531e+92	    0.35189	    0.23265	     0.0000	  0.0027471	    0.12954	  -0.028847	
0	19	 7.2107e-17	 4.9348e-16	     234.49	   0.096052	-9.7531e+92	-9.7531e+92	  0.0066401	 0.00015047	     0.0000	 -0.0087072	 1.7916e-05	  0.0066976	
0	20	 2.0103e-15	 1.3758e-14	     206.61	    0.15606	-9.7531e+92	-9.7531e+92	  0.0026090	 0.00014455	     0.0000	 -0.0017475	 3.6900e-05	  0.0025346	
0	21	    0.17161	     1.1745	     39.458	     2.9290	-9.7531e+92	-9.7531e+92	    0.35377	    0.26281	    0.11041	 0.00066684	    0.36551	  -0.078578	
0	22	 7.3489e-15	 5.0293e-14	     321.47	   0.027830	-9.7531e+92	-9.7531e+92	  0.0081406	 0.00013890	     0.0000	  -0.073127	 1.1762e-05	   0.025874	
0	23	  0.0067647	   0.046296	     119.13	    0.99543	-9.7531e+92	-9.7531e+92	   0.015000	   0.013343	  0.0032341	  0.0053245	  0.0093470	 -0.0033218	
0	24	  0.0052104	   0.035659	     123.34	    0.90511	-9.7531e+92	-9.7531e+92	   0.010937	  0.0096353	  0.0031093	  0.0050623	   0.010916	 -0.0026557	
1	0	    0.21659	     1.2445	     35.562	     2.9528	-9.7531e+92	-9.7531e+92	    0.58076	    0.14397	     0.0000	     0.0000	    0.14583	     0.0000	
1	1	     0.0000	     0.0000	     0.0000	     3.0000	-9.7531e+92	-9.7531e+92	     2.9901	     0.0000	     2.6288	     0.0000	     0.0000	     0.0000	
1	2	    0.10532	    0.60516	     184.62	    0.23778	-9.7531e+92	-9.7531e+92	    0.25741	    0.10739	     0.0000	     0.0000	    0.45927	     0.0000	
1	3	 0.00017517	  0.0010064	     244.14	   0.082134	-9.7531e+92	-9.7531e+92	   0.024161	 0.00026818	     0.0000	     0.0000	  0.0010784	     0.0000	
1	4	 3.7279e-06	 2.1420e-05	     272.02	   0.053810	-9.7531e+92	-9.7531e+92	   0.024339	 7.7524e-05	     0.0000	     0.0000	 0.00029308	     0.0000	
1	5	  0.0053558	   0.030773	     161.91	    0.38106	-9.7531e+92	-9.7531e+92	    0.10034	  0.0054996	     0.0000	     0.0000	   0.021239	     0.0000	
1	6	    0.10515	    0.60416	     96.519	     1.6061	-9.7531e+92	-9.7531e+92	    0.30131	   0.093925	     0.0000	     0.0000	    0.40699	     0.0000	
1	7	   0.099662	    0.57262	     75.481	     2.2648	-9.7531e+92	-9.7531e+92	    0.24798	   0.094262	     0.0000	     0.0000	    0.39610	     0.0000	
1	8	 3.9333e-05	 0.00022600	     184.58	    0.23797	-9.7531e+92	-9.7531e+92	  0.0038608	 0.00011806	     0.0000	     0.0000	 0.00040385	     0.0000	
1	9	   0.097101	    0.55791	     55.376	     2.7421	-9.7531e+92	-9.7531e+92	    0.17151	   0.090580	   0.056436	     0.0000	    0.43064	     0.0000	
1	10	 6.6162e-17	 3.8015e-16	     228.04	    0.10699	-9.7531e+92	-9.7531e+92	 0.00021933	 7.7833e-05	     0.0000	     0.0000	 0.00023574	     0.0000	
1	11	 4.6859e-15	 2.6924e-14	     185.20	    0.23505	-9.7531e+92	-9.7531e+92	 0.00031212	 7.4581e-05	     0.0000	     0.0000	 0.00025174	     0.0000	
1	12	 5.7602e-15	 3.3096e-14	     231.78	    0.10046	-9.7531e+92	-9.7531e+92	 0.00024362	 7.9202e-05	     0.0000	     0.0000	 0.00023031	     0.0000	
1	13	   0.098003	    0.56309	     57.043	     2.7128	-9.7531e+92	-9.7531e+92	    0.24725	   0.087982	     0.0000	     0.0000	    0.29456	     0.0000	
1	14	    0.10552	    0.60630	     88.839	     1.8485	-9.7531e+92	-9.7531e+92	    0.33624	   0.095301	     0.0000	     0.0000	    0.39360	     0.0000	
1	15	  0.0024001	   0.013790	     167.83	    0.33581	-9.7531e+92	-9.7531e+92	   0.034029	  0.0027372	     0.0000	     0.0000	  0.0092538	     0.0000	
1	16	 5.7026e-15	 3.2766e-14	     207.46	    0.15366	-9.7531e+92	-9.7531e+92	 0.00019148	 7.7717e-05	     0.0000	     0.0000	 0.00023655	     0.0000	
1	17	 2.3612e-15	 1.3567e-14	     342.57	   0.021626	-9.7531e+92	-9.7531e+92	 0.00029267	 8.4476e-05	     0.0000	     0.0000	 0.00020883	     0.0000	
1	18	   0.081937	    0.47078	     111.77	     1.1715	-9.7531e+92	-9.7531e+92	    0.21782	   0.076362	     0.0000	     0.0000	    0.28413	     0.0000	
1	19	 8.5058e-16	 4.8872e-15	     226.57	    0.10968	-9.7531e+92	-9.7531e+92	  0.0053948	 7.9325e-05	     0.0000	     0.0000	 0.00022932	     0.0000	
1	20	 1.2671e-08	 7.2801e-08	     199.20	    0.17914	-9.7531e+92	-9.7531e+92	  0.0020174	 7.6993e-05	     0.0000	     0.0000	 0.00023826	     0.0000	
1	21	   0.080550	    0.46282	     57.297	     2.7081	-9.7531e+92	-9.7531e+92	    0.17928	   0.076563	     0.0000	     0.0000	    0.33814	     0.0000	
1	22	 3.6094e-15	 2.0739e-14	     312.59	   0.031097	-9.7531e+92	-9.7531e+92	   0.011522	 7.2346e-05	     0.0000	     0.0000	 0.00022445	     0.0000	
1	23	 0.00090155	  0.0051800	     132.72	    0.73117	-9.7531e+92	-9.7531e+92	  0.0045712	 0.00099141	     0.0000	     0.0000	  0.0046630	     0.0000	
1	24	  0.0012820	  0.0073659	     142.19	    0.58963	-9.7531e+92	-9.7531e+92	  0.0039994	  0.0014253	     0.0000	     0.0000	  0.0055340	     0.0000	
2	0	  0.0021173	  0.0069816	     211.35	    0.14318	-9.7531e+92	-9.7531e+92	   0.070067	  0.0032187	     0.0000	  -0.025824	   0.022806	   -0.30919	
2	1	   0.011657	   0.038437	     184.62	    0.23778	-9.7531e+92	-9.7531e+92	   0.048915	   0.016659	     0.0000	 -0.0047513	   0.092716	   -0.10824	
2	2	     0.0000	     0.0000	     0.0000	     3.0000	-9.7531e+92	-9.7531e+92	     1.7999	     0.0000	     1.4885	     0.0000	     0.0000	     0.0000	
2	3	    0.11827	    0.38999	     63.167	     2.5880	-9.7531e+92	-9.7531e+92	    0.13533	    0.15681	   0.025768	    0.10204	    0.86777	    0.17331	
2	4	    0.11974	    0.39483	     91.235	     1.7721	-9.7531e+92	-9.7531e+92	    0.14853	    0.17881	     0.0000	    0.15987	     1.0242	    0.14873	
2	5	  0.0089293	   0.029444	     120.45	    0.96633	-9.7531e+92	-9.7531e+92	   0.074662	   0.014026	     0.0000	 -0.0078516	   0.077638	   -0.10173	
2	6	   0.027082	   0.089301	     118.53	     1.0087	-9.7531e+92	-9.7531e+92	   0.063180	   0.046943	     0.0000	  -0.063272	    0.22609	   -0.11261	
2	7	  0.0012702	  0.0041886	     153.12	    0.46179	-9.7531e+92	-9.7531e+92	   0.043513	  0.0023203	     0.0000	  -0.018769	   0.011081	   -0.12069	
2	8	 4.0903e-06	 1.3488e-05	     174.51	    0.29198	-9.7531e+92	-9.7531e+92	  0.0016104	 0.00012777	     0.0000	 -0.0020031	 0.00057506	 -0.0061584	
2	9	  0.0010014	  0.0033020	     133.64	    0.71608	-9.7531e+92	-9.7531e+92	  0.0095950	  0.0018436	     0.0000	     0.0000	  0.0088145	  -0.037244	
2	10	 2.2417e-13	 7.3920e-13	     213.20	    0.13850	-9.7531e+92	-9.7531e+92	 0.00012929	 0.00012272	     0.0000	-6.8171e-05	 0.00053247	-0.00010838	
2	11	 1.4334e-14	 4.7264e-14	     197.83	    0.18388	-9.7531e+92	-9.7531e+92	 0.00016139	 0.00012274	     0.0000	-9.5019e-05	 0.00052811	-0.00023203	
2	12	 3.1212e-14	 1.0292e-13	     181.48	    0.25322	-9.7531e+92	-9.7531e+92	 0.00015300	 0.00012246	     0.0000	-0.00016374	 0.00053765	-0.00021563	
2	13	   0.059389	    0.19583	     127.66	    0.82064	-9.7531e+92	-9.7531e+92	   0.090717	   0.090635	     0.0000	 -0.0027940	    0.50532	  -0.013159	
2	14	    0.54187	     1.7868	     97.273	     1.5829	-9.7531e+92	-9.7531e+92	    0.52933	    0.47718	    0.11615	     0.0000	     1.4705	     0.0000	
2	15	   0.095551	    0.31507	     21.827	     2.9932	-9.7531e+92	-9.7531e+92	    0.13579	    0.13390	   0.012863	   0.041695	    0.85285	    0.11500	
2	16	 3.0577e-14	 1.0083e-13	     68.097	     2.4691	-9.7531e+92	-9.7531e+92	 0.00010989	 0.00012381	     0.0000	 2.6686e-09	 0.00052218	 8.6068e-09	
2	17	 2.1396e-06	 7.0551e-06	     160.64	    0.39167	-9.7531e+92	-9.7531e+92	 0.00069940	 0.00012048	     0.0000	 -0.0012851	 0.00059632	 -0.0011205	
2	18	   0.012888	   0.042496	     137.27	    0.65930	-9.7531e+92	-9.7531e+92	   0.054600	   0.020979	     0.0000	 -0.0015269	    0.11186	   -0.10101	
2	19	 9.0884e-05	 0.00029969	     139.30	    0.62950	-9.7531e+92	-9.7531e+92	  0.0075318	 0.00026158	     0.0000	 -0.0073144	  0.0014097	  -0.020620	
2	20	 0.00010448	 0.00034450	     139.77	    0.62284	-9.7531e+92	-9.7531e+92	  0.0024479	 0.00027523	     0.0000	 -0.0014423	  0.0015459	 -0.0076788	
2	21	 5.0910e-06	 1.6787e-05	     197.19	    0.18609	-9.7531e+92	-9.7531e+92	   0.011702	 0.00012508	     0.0000	 -0.0031934	 0.00058902	  -0.069849	
2	22	 2.7254e-05	 8.9870e-05	     161.29	    0.38622	-9.7531e+92	-9.7531e+92	   0.067423	 0.00013186	     0.0000	  -0.061919	 0.00084753	  -0.082912	
2	23	 1.3233e-07	 4.3635e-07	     168.40	    0.33177	-9.7531e+92	-9.7531e+92	 0.00066605	 0.00012318	     0.0000	 -0.0014615	 0.00052531	 -0.0032206	
2	24	 1.7958e-15	 5.9217e-15	     210.29	    0.14595	-9.7531e+92	-9.7531e+92	 0.00041184	 0.00012338	     0.0000	 -0.0011202	 0.00052467	 -0.0021016	
3	0	 0.00096201	  0.0032241	     273.88	   0.052386	-9.7531e+92	-9.7531e+92	   0.038312	 0.00052438	     0.0000	  -0.025899	 -0.0013654	    0.26080	
3	1	   0.017816	   0.059711	     244.14	   0.082134	-9.7531e+92	-9.7531e+92	   0.042896	  0.0095232	     0.0000	 -0.0041590	  -0.033459	   0.088056	
3	2	    0.14440	    0.48396	     63.167	     2.5880	-9.7531e+92	-9.7531e+92	    0.23306	   0.050673	     0.0000	   0.014233	   -0.57982	   -0.12937	
3	3	     0.0000	     0.0000	     0.0000	     3.0000	-9.7531e+92	-9.7531e+92	     1.7665	     0.0000	     1.6552	     0.0000	     0.0000	     0.0000	
3	4	    0.14335	    0.48044	     82.606	     2.0469	-9.7531e+92	-9.7531e+92	    0.21856	   0.053100	   0.066454	    0.14890	   -0.48346	   -0.24916	
3	5	   0.010157	   0.034041	     167.87	    0.33554	-9.7531e+92	-9.7531e+92	   0.050152	  0.0052670	     0.0000	 -0.0076255	  -0.032167	    0.12963	
3	6	  0.0023119	  0.0077481	     180.81	    0.25667	-9.7531e+92	-9.7531e+92	   0.030866	  0.0013335	     0.0000	  -0.090332	 -0.0077583	    0.21021	
3	7	 3.9296e-05	 0.00013170	     215.68	    0.13250	-9.7531e+92	-9.7531e+92	   0.025803	 5.9952e-05	     0.0000	  -0.019050	-0.00035116	    0.16179	
3	8	 1.6524e-13	 5.5379e-13	     221.29	    0.12010	-9.7531e+92	-9.7531e+92	  0.0012270	 3.8668e-05	     0.0000	 -0.0019955	-0.00023283	  0.0084743	
3	9	 0.00020463	 0.00068582	     191.41	    0.20802	-9.7531e+92	-9.7531e+92	  0.0063028	 0.00015521	     0.0000	     0.0000	-0.00093174	   0.052425	
3	10	 4.1439e-13	 1.3888e-12	     258.79	   0.065432	-9.7531e+92	-9.7531e+92	 0.00013083	 3.9151e-05	     0.0000	-6.7825e-05	-0.00023980	 0.00015211	
3	11	 3.3476e-12	 1.1219e-11	     244.71	   0.081388	-9.7531e+92	-9.7531e+92	 0.00015026	 3.9300e-05	     0.0000	-9.4537e-05	-0.00024100	 0.00032461	
3	12	 1.7112e-12	 5.7350e-12	     227.10	    0.10870	-9.7531e+92	-9.7531e+92	 0.00015679	 3.9051e-05	     0.0000	-0.00016291	-0.00023857	 0.00030246	
3	13	   0.036049	    0.12082	     188.65	    0.21955	-9.7531e+92	-9.7531e+92	   0.080487	   0.019029	     0.0000	  -0.013021	  -0.085450	   0.062698	
3	14	    0.10835	    0.36313	     161.01	    0.38854	-9.7531e+92	-9.7531e+92	    0.21370	   0.047231	     0.0000	 -0.0040746	   -0.30621	   0.036355	
3	15	    0.52723	     1.7670	     84.108	     1.9994	-9.7531e+92	-9.7531e+92	    0.48451	    0.18802	    0.35957	   0.071677	    -1.3070	    -1.0339	
3	16	 7.8408e-13	 2.6278e-12	     111.94	     1.1671	-9.7531e+92	-9.7531e+92	 0.00011169	 3.8071e-05	     0.0000	 2.6412e-09	-0.00022125	-1.2352e-08	
3	17	  0.0012363	  0.0041432	     122.41	    0.92444	-9.7531e+92	-9.7531e+92	  0.0019446	 0.00054252	     0.0000	 0.00079966	 -0.0010094	-0.00057961	
3	18	  0.0073860	   0.024754	     199.21	    0.17912	-9.7531e+92	-9.7531e+92	   0.037609	  0.0041051	     0.0000	 -0.0016861	  -0.021077	    0.13265	
3	19	 6.8572e-06	 2.2981e-05	     184.07	    0.24039	-9.7531e+92	-9.7531e+92	  0.0083652	 3.9624e-05	     0.0000	 -0.0069722	-0.00023985	   0.028672	
3	20	 9.0341e-06	 3.0277e-05	     185.64	    0.23299	-9.7531e+92	-9.7531e+92	  0.0027322	 4.2326e-05	     0.0000	 -0.0014698	-0.00025840	   0.010844	
3	21	 5.6063e-13	 1.8789e-12	     259.71	   0.064522	-9.7531e+92	-9.7531e+92	  0.0073384	 3.8076e-05	     0.0000	 -0.0031777	-0.00022725	   0.093506	
3	22	 0.00048610	  0.0016291	     164.94	    0.35711	-9.7531e+92	-9.7531e+92	   0.099426	 0.00020501	     0.0000	  -0.037913	 -0.0011427	   0.083294	
3	23	 1.3229e-12	 4.4336e-12	     228.38	    0.10637	-9.7531e+92	-9.7531e+92	 0.00043954	 3.9497e-05	     0.0000	 -0.0014542	-0.00024235	  0.0045000	
3	24	 4.3186e-12	 1.4474e-11	     270.69	   0.054855	-9.7531e+92	-9.7531e+92	 0.00029859	 3.9533e-05	     0.0000	 -0.0011145	-0.00024113	  0.0029236	
4	0	 6.8790e-05	 0.00014878	     281.58	   0.046977	-9.7531e+92	-9.7531e+92	  0.0088554	 9.9163e-05	     0.0000	  -0.041278	-0.00066668	    0.63516	
4	1	 2.3661e-05	 5.1175e-05	     272.02	   0.053810	-9.7531e+92	-9.7531e+92	  0.0066813	 6.9325e-05	     0.0000	 -0.0091878	-0.00051942	    0.29133	
4	2	   0.030544	   0.066063	     91.235	     1.7721	-9.7531e+92	-9.7531e+92	   0.079562	   0.016120	     0.0000	  -0.041746	   -0.26211	    0.33717	
4	3	   0.046676	    0.10095	     82.606	     2.0469	-9.7531e+92	-9.7531e+92	   0.088872	   0.021085	   0.017007	   0.011030	   -0.43646	  -0.080696	
4	4	     0.0000	     0.0000	     0.0000	     3.0000	-9.7531e+92	-9.7531e+92	     1.2232	     0.0000	     1.1250	     0.0000	     0.0000	     0.0000	
4	5	  0.0022725	  0.0049151	     147.08	    0.52816	-9.7531e+92	-9.7531e+92	   0.021390	  0.0017691	     0.0000	  -0.013701	  -0.018956	    0.33572	
4	6	 0.00014145	 0.00030595	     179.35	    0.26441	-9.7531e+92	-9.7531e+92	  0.0077169	 0.00016580	     0.0000	   -0.14689	 -0.0016992	    0.48333	
4	7	 4.6362e-06	 1.0028e-05	     209.16	    0.14897	-9.7531e+92	-9.7531e+92	  0.0056801	 5.7330e-05	     0.0000	  -0.030193	-0.00058864	    0.36204	
4	8	 1.9795e-06	 4.2815e-06	     186.41	    0.22946	-9.7531e+92	-9.7531e+92	  0.0013790	 5.6330e-05	     0.0000	 -0.0031410	-0.00058657	   0.018821	
4	9	 3.0016e-09	 6.4920e-09	     223.28	    0.11603	-9.7531e+92	-9.7531e+92	  0.0012312	 5.4372e-05	     0.0000	     0.0000	-0.00056491	    0.11800	
4	10	 7.4406e-16	 1.6093e-15	     204.61	    0.16194	-9.7531e+92	-9.7531e+92	 0.00012274	 5.5298e-05	     0.0000	-0.00010725	-0.00058072	 0.00033708	
4	11	 3.2252e-15	 6.9756e-15	     218.09	    0.12699	-9.7531e+92	-9.7531e+92	 0.00010196	 5.5777e-05	     0.0000	-0.00014975	-0.00058500	 0.00071963	
4	12	 5.0126e-07	 1.0842e-06	     165.11	    0.35583	-9.7531e+92	-9.7531e+92	 0.00021978	 5.5375e-05	     0.0000	-0.00025611	-0.00058120	 0.00066726	
4	13	 0.00034898	 0.00075479	     217.30	    0.12878	-9.7531e+92	-9.7531e+92	   0.011193	 0.00031973	     0.0000	  -0.045440	 -0.0026645	    0.32193	
4	14	  0.0020176	  0.0043637	     184.55	    0.23808	-9.7531e+92	-9.7531e+92	   0.046855	  0.0013490	     0.0000	  -0.057083	  -0.014494	    0.61082	
4	15	   0.012702	   0.027472	     106.18	     1.3210	-9.7531e+92	-9.7531e+92	   0.043427	  0.0066956	     0.0000	 -0.0081491	  -0.093259	    0.13265	
4	16	 4.5943e-15	 9.9369e-15	     75.439	     2.2661	-9.7531e+92	-9.7531e+92	 7.2079e-05	 5.1464e-05	     0.0000	 4.1730e-09	-0.00050733	-2.7285e-08	
4	17	  0.0020456	  0.0044245	     73.525	     2.3215	-9.7531e+92	-9.7531e+92	  0.0042562	  0.0010004	  0.0028637	  0.0014872	 -0.0079148	 -0.0036277	
4	18	  0.0026563	  0.0057452	     186.18	    0.23049	-9.7531e+92	-9.7531e+92	   0.013230	  0.0021471	     0.0000	 -0.0028982	  -0.020177	    0.32707	
4	19	 0.00083289	  0.0018014	     119.82	    0.98008	-9.7531e+92	-9.7531e+92	   0.034165	 0.00060971	   0.011009	 -0.0082668	 -0.0063879	   0.055867	
4	20	 0.00029560	 0.00063935	     135.08	    0.69295	-9.7531e+92	-9.7531e+92	   0.010632	 0.00028201	  0.0017670	 -0.0021576	 -0.0029818	   0.022376	
4	21	 2.5953e-15	 5.6134e-15	     253.96	   0.070430	-9.7531e+92	-9.7531e+92	  0.0016421	 5.4105e-05	     0.0000	 -0.0050336	-0.00056077	    0.20858	
4	22	    0.89937	     1.9452	     82.638	     2.0459	-9.7531e+92	-9.7531e+92	    0.55190	    0.34851	    0.46018	    0.41332	    -4.5545	    -3.0350	
4	23	 2.7933e-15	 6.0415e-15	     212.30	    0.14074	-9.7531e+92	-9.7531e+92	 0.00017113	 5.5964e-05	     0.0000	 -0.0023035	-0.00058592	  0.0099779	
4	24	 1.6907e-16	 3.6567e-16	     253.16	   0.071301	-9.7531e+92	-9.7531e+92	 0.00012533	 5.6033e-05	     0.0000	 -0.0017655	-0.00058361	  0.0064864	
5	0	   0.032830	   0.044815	     169.69	    0.32292	-9.7531e+92	-9.7531e+92	   0.068488	   0.037874	     0.0000	  -0.034539	   0.040808	   -0.20882	
5	1	   0.090151	    0.12306	     161.91	    0.38106	-9.7531e+92	-9.7531e+92	   0.050238	    0.11474	     0.0000	  0.0042926	   0.085908	   0.047226	
5	2	   0.094647	    0.12920	     120.45	    0.96633	-9.7531e+92	-9.7531e+92	   0.066551	    0.11321	     0.0000	 9.7507e-05	  -0.030539	 0.00019318	
5	3	   0.036855	   0.050310	     167.87	    0.33554	-9.7531e+92	-9.7531e+92	   0.021976	   0.049616	     0.0000	  0.0074209	-0.00092343	  0.0054482	
5	4	 0.00067149	 0.00091663	     147.08	    0.52816	-9.7531e+92	-9.7531e+92	   0.013343	 0.00096952	     0.0000	   -0.16346	-0.00043264	  -0.061714	
5	5	     0.0000	     0.0000	     0.0000	     3.0000	-9.7531e+92	-9.7531e+92	    0.70962	     0.0000	    0.62720	     0.0000	     0.0000	     0.0000	
5	6	    0.13372	    0.18254	     72.218	     2.3585	-9.7531e+92	-9.7531e+92	   0.073701	    0.18092	     0.0000	   0.093848	   -0.14043	   0.064889	
5	7	   0.066240	   0.090422	     89.752	     1.8194	-9.7531e+92	-9.7531e+92	   0.044299	   0.090350	     0.0000	  0.0019815	  -0.072049	  0.0049075	
5	8	   0.015881	   0.021679	     54.235	     2.7611	-9.7531e+92	-9.7531e+92	  0.0073340	   0.018938	  0.0029406	  0.0096321	  0.0064966	   0.022064	
5	9	 0.00021122	 0.00028834	     134.70	    0.69890	-9.7531e+92	-9.7531e+92	  0.0066116	 0.00037987	     0.0000	     0.0000	-0.00033351	  -0.024788	
5	10	 1.6995e-05	 2.3200e-05	     93.726	     1.6933	-9.7531e+92	-9.7531e+92	 0.00011263	 0.00010507	     0.0000	-7.0752e-05	 4.4834e-05	-6.4116e-05	
5	11	 0.00057944	 0.00079097	     77.490	     2.2050	-9.7531e+92	-9.7531e+92	 0.00031600	 0.00084367	 6.2443e-05	 0.00061044	-0.00019182	 0.00055357	
5	12	 6.6117e-05	 9.0255e-05	     80.590	     2.1100	-9.7531e+92	-9.7531e+92	 0.00019164	 0.00016515	     0.0000	-9.5071e-05	 9.7989e-05	-8.3396e-05	
5	13	   0.091658	    0.12512	     125.66	    0.85869	-9.7531e+92	-9.7531e+92	   0.052995	   0.068906	     0.0000	     0.0000	   -0.50959	  -0.039133	
5	14	    0.14434	    0.19704	     108.09	     1.2686	-9.7531e+92	-9.7531e+92	   0.091764	    0.14511	     0.0000	  0.0094241	   -0.26714	   0.030492	
5	15	   0.049408	   0.067445	     104.94	     1.3557	-9.7531e+92	-9.7531e+92	   0.029099	   0.066106	     0.0000	   0.014755	  -0.050827	   0.015688	
5	16	 4.3514e-13	 5.9400e-13	     71.546	     2.3771	-9.7531e+92	-9.7531e+92	 4.5492e-05	 9.4013e-05	     0.0000	 4.4548e-09	-7.8681e-05	 5.1918e-09	
5	17	 4.7036e-14	 6.4207e-14	     219.60	    0.12368	-9.7531e+92	-9.7531e+92	 0.00011546	 0.00010251	     0.0000	 -0.0021924	-0.00011993	-0.00069578	
5	18	    0.13671	    0.18662	     53.346	     2.7752	-9.7531e+92	-9.7531e+92	   0.067738	    0.16052	     0.0000	  0.0036469	   -0.14090	    0.10574	
5	19	   0.085069	    0.11612	     64.874	     2.5486	-9.7531e+92	-9.7531e+92	   0.031168	    0.10800	   0.016553	   0.082173	  0.0031780	   0.098725	
5	20	   0.015551	   0.021228	     39.691	     2.9273	-9.7531e+92	-9.7531e+92	  0.0080956	   0.019906	  0.0025006	  0.0070858	 -0.0032712	   0.014090	
5	21	  0.0019714	  0.0026911	     132.91	    0.72808	-9.7531e+92	-9.7531e+92	   0.010988	  0.0027997	     0.0000	 -0.0051279	 -0.0024372	  -0.042513	
5	22	 1.5168e-06	 2.0706e-06	     151.89	    0.47454	-9.7531e+92	-9.7531e+92	  0.0081387	 8.7013e-05	     0.0000	   -0.10518	-8.6045e-05	  -0.052525	
5	23	  0.0024451	  0.0033378	     65.633	     2.5304	-9.7531e+92	-9.7531e+92	  0.0013255	  0.0035800	     0.0000	  0.0011853	 -0.0030630	 0.00095162	
5	24	 0.00096898	  0.0013227	     106.34	     1.3165	-9.7531e+92	-9.7531e+92	 0.00067785	  0.0014579	     0.0000	-0.00019420	 -0.0013287	-0.00013328	
6	0	    0.95043	     1.3430	     105.31	     1.3454	-9.7531e+92	-9.7531e+92	    0.37266	     1.0000	    0.16634	   0.043666	     1.6333	   -0.30366	
6	1	   0.016137	   0.022801	     96.519	     1.6061	-9.7531e+92	-9.7531e+92	   0.042409	   0.018502	     0.0000	 -0.0015531	   0.028134	   0.019793	
6	2	  0.0015137	  0.0021388	     118.53	     1.0087	-9.7531e+92	-9.7531e+92	   0.017884	  0.0022618	     0.0000	  -0.014758	  0.0060471	   0.048811	
6	3	 1.5805e-05	 2.2333e-05	     180.81	    0.25667	-9.7531e+92	-9.7531e+92	  0.0020792	 0.00013179	     0.0000	  -0.014267	 0.00034786	   0.017350	
6	4	 1.2415e-05	 1.7543e-05	     179.35	    0.26441	-9.7531e+92	-9.7531e+92	  0.0019598	 0.00012187	     0.0000	  -0.034959	 0.00027495	   0.025958	
6	5	 0.00070474	 0.00099581	     72.218	     2.3585	-9.7531e+92	-9.7531e+92	   0.014977	  0.0010474	     0.0000	 -0.0032615	  0.0026194	   0.036130	
6	6	     0.0000	     0.0000	     0.0000	     3.0000	-9.7531e+92	-9.7531e+92	    0.74114	     0.0000	    0.62251	     0.0000	     0.0000	     0.0000	
6	7	  0.0017968	  0.0025389	     34.871	     2.9563	-9.7531e+92	-9.7531e+92	   0.036425	  0.0019452	     0.0000	     0.0000	  0.0079520	   0.010641	
6	8	 5.3305e-05	 7.5321e-05	     109.28	     1.2365	-9.7531e+92	-9.7531e+92	 0.00068201	 0.00018206	     0.0000	-0.00070626	 0.00038579	  0.0019726	
6	9	 0.00024571	 0.00034719	     62.827	     2.5956	-9.7531e+92	-9.7531e+92	   0.015371	 0.00043519	     0.0000	     0.0000	  0.0010662	   0.012350	
6	10	 5.3469e-09	 7.5553e-09	     153.37	    0.45919	-9.7531e+92	-9.7531e+92	 5.2290e-05	 0.00010646	     0.0000	-2.4415e-05	 0.00018942	 3.6144e-05	
6	11	 3.2229e-06	 4.5540e-06	     117.04	     1.0431	-9.7531e+92	-9.7531e+92	 7.0793e-05	 0.00010547	     0.0000	-3.3114e-05	 0.00023467	 7.5013e-05	
6	12	 1.2847e-08	 1.8153e-08	     152.49	    0.46823	-9.7531e+92	-9.7531e+92	 5.6439e-05	 0.00010826	     0.0000	-5.8643e-05	 0.00018259	 7.1860e-05	
6	13	   0.013614	   0.019237	     53.773	     2.7685	-9.7531e+92	-9.7531e+92	   0.039221	   0.017952	     0.0000	 -0.0082316	   0.041778	   0.024473	
6	14	   0.011553	   0.016325	     41.508	     2.9135	-9.7531e+92	-9.7531e+92	   0.047408	   0.015055	     0.0000	  -0.011971	   0.041859	   0.053933	
6	15	 0.00025034	 0.00035373	     96.746	     1.5991	-9.7531e+92	-9.7531e+92	  0.0033264	 0.00050077	     0.0000	 -0.0094884	 0.00091953	   0.022526	
6	16	 7.7568e-16	 1.0961e-15	     111.89	     1.1685	-9.7531e+92	-9.7531e+92	 4.7090e-05	 0.00010824	     0.0000	 9.5582e-10	 0.00017532	-2.9456e-09	
6	17	 7.0916e-16	 1.0021e-15	     251.72	   0.072906	-9.7531e+92	-9.7531e+92	 5.5796e-05	 0.00011852	     0.0000	-0.00046199	 0.00013680	 0.00037357	
6	18	  0.0033398	  0.0047193	     36.723	     2.9464	-9.7531e+92	-9.7531e+92	   0.036914	  0.0039931	     0.0000	-0.00065120	  0.0081945	   0.032748	
6	19	 5.8642e-07	 8.2862e-07	     133.74	    0.71443	-9.7531e+92	-9.7531e+92	 0.00078608	 0.00011027	     0.0000	 -0.0026422	 0.00017717	  0.0067971	
6	20	 2.5788e-06	 3.6439e-06	     111.59	     1.1762	-9.7531e+92	-9.7531e+92	 0.00032083	 0.00010952	     0.0000	-0.00052998	 0.00019967	  0.0025732	
6	21	 0.00029525	 0.00041719	     78.899	     2.1621	-9.7531e+92	-9.7531e+92	   0.035411	 0.00042742	     0.0000	-4.2917e-05	  0.0015590	   0.015584	
6	22	 4.0189e-17	 5.6787e-17	     216.08	    0.13159	-9.7531e+92	-9.7531e+92	 0.00098699	 0.00010130	     0.0000	  -0.022192	 0.00015998	   0.026775	
6	23	 2.6809e-05	 3.7882e-05	     73.330	     2.3271	-9.7531e+92	-9.7531e+92	  0.0015255	 0.00013959	     0.0000	-0.00042169	 0.00031628	  0.0010512	
6	24	 4.1496e-06	 5.8634e-06	     108.13	     1.2674	-9.7531e+92	-9.7531e+92	  0.0011130	 0.00010518	     0.0000	-0.00039969	 0.00022476	 0.00069102	
7	0	    0.30125	    0.38280	     80.265	     2.1201	-9.7531e+92	-9.7531e+92	    0.18419	    0.25234	     0.0000	     0.0000	     1.6313	     0.0000	
7	1	   0.087839	    0.11162	     75.481	     2.2648	-9.7531e+92	-9.7531e+92	   0.051582	   0.086552	     0.0000	     0.0000	    0.59986	     0.0000	
7	2	  0.0011671	  0.0014831	     153.12	    0.46179	-9.7531e+92	-9.7531e+92	   0.021353	  0.0015116	     0.0000	     0.0000	   0.011004	     0.0000	
7	3	 5.7707e-06	 7.3330e-06	     215.68	    0.13250	-9.7531e+92	-9.7531e+92	  0.0024591	 9.7989e-05	     0.0000	     0.0000	 0.00066260	     0.0000	
7	4	 1.2975e-06	 1.6488e-06	     209.16	    0.14897	-9.7531e+92	-9.7531e+92	  0.0023165	 8.9012e-05	     0.0000	     0.0000	 0.00059019	     0.0000	
7	5	  0.0038803	  0.0049309	     89.752	     1.8194	-9.7531e+92	-9.7531e+92	   0.018212	  0.0048172	     0.0000	     0.0000	   0.033826	     0.0000	
7	6	    0.39105	    0.49693	     34.871	     2.9563	-9.7531e+92	-9.7531e+92	    0.14800	    0.43527	   0.041313	     0.0000	     3.3224	     0.0000	
7	7	     0.0000	     0.0000	     0.0000	     3.0000	-9.7531e+92	-9.7531e+92	    0.66017	     0.0000	    0.58088	     0.0000	     0.0000	     0.0000	
7	8	 0.00019064	 0.00024225	     109.89	     1.2203	-9.7531e+92	-9.7531e+92	 0.00065015	 0.00033706	     0.0000	     0.0000	  0.0021994	     0.0000	
7	9	  0.0053518	  0.0068007	     64.406	     2.5596	-9.7531e+92	-9.7531e+92	   0.011398	  0.0065460	     0.0000	     0.0000	   0.046760	     0.0000	
7	10	 6.5080e-08	 8.2699e-08	     153.29	    0.46001	-9.7531e+92	-9.7531e+92	 4.7445e-05	 9.1594e-05	     0.0000	     0.0000	 0.00055522	     0.0000	
7	11	 6.0560e-06	 7.6955e-06	     112.26	     1.1591	-9.7531e+92	-9.7531e+92	 6.4361e-05	 9.6025e-05	     0.0000	     0.0000	 0.00061903	     0.0000	
7	12	 1.4563e-08	 1.8506e-08	     158.06	    0.41430	-9.7531e+92	-9.7531e+92	 5.1664e-05	 9.3497e-05	     0.0000	     0.0000	 0.00054465	     0.0000	
7	13	   0.080053	    0.10173	     57.312	     2.7078	-9.7531e+92	-9.7531e+92	   0.047955	   0.075465	     0.0000	     0.0000	    0.48195	     0.0000	
7	14	    0.10341	    0.13141	     65.464	     2.5345	-9.7531e+92	-9.7531e+92	   0.063539	    0.11076	     0.0000	     0.0000	    0.83321	     0.0000	
7	15	 0.00060695	 0.00077127	     131.62	    0.74982	-9.7531e+92	-9.7531e+92	  0.0040361	 0.00090018	     0.0000	     0.0000	  0.0055913	     0.0000	
7	16	 1.8151e-15	 2.3065e-15	     137.28	    0.65913	-9.7531e+92	-9.7531e+92	 4.2348e-05	 9.0125e-05	     0.0000	     0.0000	 0.00057363	     0.0000	
7	17	 3.3107e-15	 4.2070e-15	     281.54	   0.047004	-9.7531e+92	-9.7531e+92	 5.2490e-05	 0.00010056	     0.0000	     0.0000	 0.00051424	     0.0000	
7	18	   0.019359	   0.024601	     38.248	     2.9371	-9.7531e+92	-9.7531e+92	   0.029424	   0.020744	     0.0000	     0.0000	    0.15388	     0.0000	
7	19	 7.2993e-07	 9.2755e-07	     154.38	    0.44913	-9.7531e+92	-9.7531e+92	 0.00092773	 9.4946e-05	     0.0000	     0.0000	 0.00054562	     0.0000	
7	20	 0.00011219	 0.00014257	     126.68	    0.83907	-9.7531e+92	-9.7531e+92	 0.00037367	 0.00024349	     0.0000	     0.0000	  0.0014813	     0.0000	
7	21	  0.0046799	  0.0059469	     44.967	     2.8822	-9.7531e+92	-9.7531e+92	   0.020850	  0.0057523	     0.0000	     0.0000	   0.040636	     0.0000	
7	22	 3.5850e-15	 4.5556e-15	     241.36	   0.085874	-9.7531e+92	-9.7531e+92	  0.0011515	 8.6140e-05	     0.0000	     0.0000	 0.00052998	     0.0000	
7	23	 0.00034765	 0.00044177	     58.677	     2.6821	-9.7531e+92	-9.7531e+92	 0.00094179	 0.00054572	     0.0000	     0.0000	  0.0035457	     0.0000	
7	24	 0.00068323	 0.00086820	     84.614	     1.9834	-9.7531e+92	-9.7531e+92	 0.00082105	 0.00094598	     0.0000	     0.0000	  0.0065691	     0.0000	
8	0	   0.059538	   0.037578	     172.11	    0.30693	-9.7531e+92	-9.7531e+92	   0.030721	  0.0053970	     0.0000	 -0.0061763	   -0.23583	    0.30560	
8	1	   0.032733	   0.020659	     184.58	    0.23797	-9.7531e+92	-9.7531e+92	   0.016143	  0.0032519	     0.0000	 -0.0011124	   -0.13445	    0.11064	
8	2	  0.0010495	 0.00066241	     174.51	    0.29198	-9.7531e+92	-9.7531e+92	   0.014282	 0.00010791	     0.0000	  -0.016466	 -0.0049821	    0.37184	
8	3	 2.8605e-05	 1.8054e-05	     221.29	    0.12010	-9.7531e+92	-9.7531e+92	  0.0026517	 9.7553e-06	     0.0000	  -0.015833	-0.00042446	    0.13180	
8	4	 0.00026254	 0.00016570	     186.41	    0.22946	-9.7531e+92	-9.7531e+92	  0.0034438	 3.1054e-05	     0.0000	  -0.038500	 -0.0015283	    0.18608	
8	5	    0.22137	    0.13972	     54.235	     2.7611	-9.7531e+92	-9.7531e+92	   0.049222	   0.020933	   0.011113	  0.0071880	    -1.0421	   -0.67583	
8	6	   0.047501	   0.029981	     109.28	     1.2365	-9.7531e+92	-9.7531e+92	   0.023402	  0.0047774	     0.0000	  -0.016139	   -0.22625	    0.15409	
8	7	   0.031095	   0.019626	     109.89	     1.2203	-9.7531e+92	-9.7531e+92	   0.017198	  0.0031967	     0.0000	 -0.0038246	   -0.14890	    0.13279	
8	8	     0.0000	     0.0000	     0.0000	     3.0000	-9.7531e+92	-9.7531e+92	    0.31739	     0.0000	    0.31536	     0.0000	     0.0000	     0.0000	
8	9	 2.7836e-06	 1.7569e-06	     171.65	    0.30991	-9.7531e+92	-9.7531e+92	  0.0028381	 7.2328e-06	     0.0000	     0.0000	-0.00033618	   0.085698	
8	10	  0.0054502	  0.0034399	     44.054	     2.8911	-9.7531e+92	-9.7531e+92	 0.00093638	 0.00050456	 0.00085917	  0.0016344	  -0.022493	  -0.019466	
8	11	   0.010061	  0.0063503	     32.525	     2.9668	-9.7531e+92	-9.7531e+92	  0.0017020	 0.00083272	  0.0015847	  0.0011208	  -0.035697	  -0.030366	
8	12	   0.010554	  0.0066612	     55.069	     2.7473	-9.7531e+92	-9.7531e+92	  0.0017471	 0.00086692	  0.0016352	  0.0029884	  -0.035729	  -0.030235	
8	13	    0.12389	   0.078193	     162.59	    0.37553	-9.7531e+92	-9.7531e+92	   0.030454	   0.011900	     0.0000	  0.0096651	   -0.53561	   -0.22154	
8	14	   0.073153	   0.046171	     146.54	    0.53466	-9.7531e+92	-9.7531e+92	   0.029530	  0.0067815	     0.0000	 -0.0061021	   -0.31493	    0.19981	
8	15	 0.00059084	 0.00037291	     159.01	    0.40580	-9.7531e+92	-9.7531e+92	  0.0037217	 6.7255e-05	     0.0000	  -0.010437	 -0.0031411	    0.15534	
8	16	 8.5799e-14	 5.4153e-14	     112.87	     1.1438	-9.7531e+92	-9.7531e+92	 2.1034e-05	 6.9495e-06	     0.0000	 8.0012e-10	-0.00030405	-1.8237e-08	
8	17	 6.9476e-14	 4.3850e-14	     258.50	   0.065716	-9.7531e+92	-9.7531e+92	 4.0135e-05	 7.3354e-06	     0.0000	-0.00051290	-0.00032866	  0.0025152	
8	18	    0.24079	    0.15198	     75.421	     2.2666	-9.7531e+92	-9.7531e+92	   0.050765	   0.020690	   0.011057	 3.8852e-06	    -1.1262	   -0.73249	
8	19	   0.085147	   0.053742	     80.536	     2.1117	-9.7531e+92	-9.7531e+92	   0.016056	  0.0081247	  0.0092984	   0.015096	   -0.38444	   -0.30047	
8	20	   0.043898	   0.027706	     51.987	     2.7958	-9.7531e+92	-9.7531e+92	  0.0087820	  0.0041816	  0.0061951	  0.0033324	   -0.19861	   -0.16100	
8	21	 0.00055667	 0.00035135	     132.38	    0.73687	-9.7531e+92	-9.7531e+92	  0.0049631	 6.4324e-05	     0.0000	 -0.0012502	 -0.0030016	    0.14942	
8	22	 5.5602e-07	 3.5094e-07	     168.70	    0.32968	-9.7531e+92	-9.7531e+92	  0.0026484	 6.3085e-06	     0.0000	  -0.024171	-0.00032595	    0.18257	
8	23	  0.0042804	  0.0027016	     54.810	     2.7517	-9.7531e+92	-9.7531e+92	 0.00096856	 0.00046384	     0.0000	 0.00092118	  -0.021237	  -0.011414	
8	24	  0.0080439	  0.0050769	     77.960	     2.1908	-9.7531e+92	-9.7531e+92	  0.0014644	 0.00082077	 0.00074248	  0.0024276	  -0.039131	  -0.030230	
9	0	    0.33612	    0.29497	     86.890	     1.9108	-9.7531e+92	-9.7531e+92	    0.10992	   0.094098	     0.0000	   0.012245	    0.93368	    0.17620	
9	1	    0.15814	    0.13879	     55.376	     2.7421	-9.7531e+92	-9.7531e+92	   0.051690	   0.042176	     0.0000	     0.0000	    0.38561	   0.021809	
9	2	   0.016071	   0.014104	     133.64	    0.71608	-9.7531e+92	-9.7531e+92	   0.021741	  0.0070844	     0.0000	  -0.017175	   0.076163	  -0.087646	
9	3	 0.00037429	 0.00032847	     191.41	    0.20802	-9.7531e+92	-9.7531e+92	  0.0026774	 0.00020797	     0.0000	  -0.019473	  0.0021002	  -0.036714	
9	4	 4.7894e-05	 4.2032e-05	     223.28	    0.11603	-9.7531e+92	-9.7531e+92	  0.0025203	 5.1487e-05	     0.0000	  -0.048199	 0.00053081	  -0.050064	
9	5	  0.0020001	  0.0017553	     134.70	    0.69890	-9.7531e+92	-9.7531e+92	   0.016113	 0.00093051	     0.0000	 -0.0044026	  0.0094211	  -0.063942	
9	6	   0.086172	   0.075624	     62.827	     2.5956	-9.7531e+92	-9.7531e+92	   0.040285	   0.032176	     0.0000	 0.00095292	    0.39873	  0.0023457	
9	7	   0.036728	   0.032233	     64.406	     2.5596	-9.7531e+92	-9.7531e+92	   0.027612	   0.015184	     0.0000	 -0.0038992	    0.16965	  -0.028116	
9	8	 7.2020e-06	 6.3204e-06	     171.65	    0.30991	-9.7531e+92	-9.7531e+92	 0.00067404	 3.5159e-05	     0.0000	-0.00098898	 0.00033379	 -0.0034208	
9	9	     0.0000	     0.0000	     0.0000	     3.0000	-9.7531e+92	-9.7531e+92	    0.44608	     0.0000	    0.42851	     0.0000	     0.0000	     0.0000	
9	10	 5.6484e-18	 4.9570e-18	     215.04	    0.13402	-9.7531e+92	-9.7531e+92	 3.3813e-05	 3.2635e-05	     0.0000	-3.3691e-05	 0.00029800	-6.0357e-05	
9	11	 1.5635e-09	 1.3721e-09	     175.31	    0.28718	-9.7531e+92	-9.7531e+92	 4.9464e-05	 3.1636e-05	     0.0000	-4.6960e-05	 0.00030166	-0.00012918	
9	12	 1.1122e-16	 9.7610e-17	     214.99	    0.13415	-9.7531e+92	-9.7531e+92	 3.7735e-05	 3.3074e-05	     0.0000	-8.0926e-05	 0.00029636	-0.00012007	
9	13	    0.12032	    0.10560	     9.0540	     2.9998	-9.7531e+92	-9.7531e+92	   0.043470	   0.049199	     0.0000	   0.011901	    0.52572	   0.061853	
9	14	    0.12024	    0.10552	     38.749	     2.9339	-9.7531e+92	-9.7531e+92	   0.051089	   0.048920	     0.0000	-0.00075604	    0.55804	 -0.0059002	
9	15	  0.0088364	  0.0077548	     117.55	     1.0311	-9.7531e+92	-9.7531e+92	  0.0055000	  0.0041779	     0.0000	  -0.010056	   0.040282	  -0.031102	
9	16	 5.9017e-17	 5.1793e-17	     159.83	    0.39862	-9.7531e+92	-9.7531e+92	 2.9246e-05	 3.2228e-05	     0.0000	 1.3189e-09	 0.00030823	 4.8010e-09	
9	17	 5.2763e-17	 4.6304e-17	     293.28	   0.040011	-9.7531e+92	-9.7531e+92	 4.0028e-05	 3.4487e-05	     0.0000	-0.00063746	 0.00029122	-0.00062615	
9	18	    0.11077	   0.097215	     96.665	     1.6016	-9.7531e+92	-9.7531e+92	   0.040707	   0.046099	     0.0000	 0.00072078	    0.49905	   0.053097	
9	19	 4.3940e-08	 3.8562e-08	     193.08	    0.20137	-9.7531e+92	-9.7531e+92	 0.00082882	 3.2991e-05	     0.0000	 -0.0036460	 0.00029654	  -0.011567	
9	20	 1.1890e-06	 1.0434e-06	     174.09	    0.29453	-9.7531e+92	-9.7531e+92	 0.00031926	 3.3050e-05	     0.0000	-0.00073153	 0.00030434	 -0.0043826	
9	21	  0.0040200	  0.0035279	     83.320	     2.0244	-9.7531e+92	-9.7531e+92	   0.013887	  0.0017300	     0.0000	 -0.0014000	   0.018926	  -0.034384	
9	22	 4.7407e-17	 4.1605e-17	     266.14	   0.058633	-9.7531e+92	-9.7531e+92	  0.0012218	 2.9743e-05	     0.0000	  -0.030621	 0.00029528	  -0.046106	
9	23	 0.00014115	 0.00012388	     121.73	    0.93874	-9.7531e+92	-9.7531e+92	 0.00058268	 9.6038e-05	     0.0000	-0.00066075	 0.00094975	 -0.0016402	
9	24	 1.1255e-05	 9.8778e-06	     149.07	    0.50520	-9.7531e+92	-9.7531e+92	 0.00039569	 3.5634e-05	     0.0000	-0.00054786	 0.00035786	 -0.0011574	
10	0	   0.033612	   0.010946	     210.64	    0.14503	-9.7531e+92	-9.7531e+92	   0.012082	 0.00018477	     0.0000	-0.00058321	  -0.023839	   0.077998	
10	1	  0.0031395	  0.0010224	     228.04	    0.10699	-9.7531e+92	-9.7531e+92	  0.0056426	 1.8925e-05	     0.0000	-0.00016014	 -0.0023443	   0.042763	
10	2	  0.0013010	 0.00042366	     213.20	    0.13850	-9.7531e+92	-9.7531e+92	  0.0071186	 7.7592e-06	     0.0000	 -0.0011935	 -0.0010715	   0.071403	
10	3	 8.0501e-05	 2.6215e-05	     258.79	   0.065432	-9.7531e+92	-9.7531e+92	  0.0012939	 8.7447e-07	     0.0000	 -0.0011490	-0.00011521	   0.025345	
10	4	  0.0013816	 0.00044990	     204.61	    0.16194	-9.7531e+92	-9.7531e+92	  0.0017248	 7.9315e-06	     0.0000	 -0.0027311	 -0.0011698	   0.034747	
10	5	    0.19963	   0.065011	     93.726	     1.6933	-9.7531e+92	-9.7531e+92	   0.023779	  0.0011968	  0.0041168	 0.00056120	   -0.16456	   -0.11219	
10	6	  0.0065620	  0.0021369	     153.37	    0.45919	-9.7531e+92	-9.7531e+92	  0.0086509	 3.9475e-05	     0.0000	 -0.0024876	 -0.0054592	   0.062353	
10	7	  0.0099119	  0.0032278	     153.29	    0.46001	-9.7531e+92	-9.7531e+92	  0.0066117	 6.0511e-05	     0.0000	-0.00046583	 -0.0082483	   0.042434	
10	8	   0.075072	   0.024447	     44.054	     2.8911	-9.7531e+92	-9.7531e+92	  0.0076765	 0.00040018	  0.0066284	 0.00095532	  -0.059902	  -0.056132	
10	9	 6.5326e-07	 2.1273e-07	     215.04	    0.13402	-9.7531e+92	-9.7531e+92	  0.0011808	 4.1874e-07	     0.0000	     0.0000	-5.6298e-05	   0.016315	
10	10	     0.0000	     0.0000	     0.0000	     3.0000	-9.7531e+92	-9.7531e+92	    0.16289	     0.0000	    0.16285	     0.0000	     0.0000	     0.0000	
10	11	   0.096279	   0.031353	     46.926	     2.8613	-9.7531e+92	-9.7531e+92	  0.0079038	 0.00057560	  0.0078433	  0.0018494	  -0.078792	  -0.077068	
10	12	   0.015772	  0.0051362	     46.012	     2.8713	-9.7531e+92	-9.7531e+92	  0.0013562	 5.8136e-05	  0.0012985	 0.00020544	 -0.0091457	 -0.0087879	
10	13	   0.030786	   0.010025	     205.99	    0.15786	-9.7531e+92	-9.7531e+92	  0.0086550	 0.00018309	     0.0000	-0.00044533	  -0.023311	   0.025804	
10	14	   0.071153	   0.023171	     190.48	    0.21181	-9.7531e+92	-9.7531e+92	   0.015193	 0.00039661	     0.0000	-0.00046047	  -0.053930	   0.040205	
10	15	 0.00010691	 3.4816e-05	     197.67	    0.18443	-9.7531e+92	-9.7531e+92	  0.0017964	 1.0412e-06	     0.0000	-0.00076859	-0.00014351	   0.030015	
10	16	 3.5837e-14	 1.1670e-14	     147.94	    0.51817	-9.7531e+92	-9.7531e+92	 1.0852e-05	 4.0760e-07	     0.0000	 4.3913e-11	-2.5426e-05	-1.6244e-09	
10	17	 6.4560e-14	 2.1024e-14	     270.72	   0.054831	-9.7531e+92	-9.7531e+92	 1.9833e-05	 4.2644e-07	     0.0000	-3.7278e-05	-5.6450e-05	 0.00047773	
10	18	    0.28142	   0.091645	     118.82	     1.0023	-9.7531e+92	-9.7531e+92	   0.031367	  0.0016833	   0.010880	 0.00015204	   -0.22418	   -0.17001	
10	19	   0.057702	   0.018791	     85.643	     1.9506	-9.7531e+92	-9.7531e+92	  0.0063534	 0.00034113	  0.0028670	 0.00081036	  -0.047624	  -0.038002	
10	20	   0.087974	   0.028649	     74.457	     2.2947	-9.7531e+92	-9.7531e+92	  0.0081987	 0.00052381	  0.0068640	 0.00076392	  -0.072508	  -0.067731	
10	21	 0.00061793	 0.00020123	     171.26	    0.31241	-9.7531e+92	-9.7531e+92	  0.0022710	 4.2065e-06	     0.0000	-9.0704e-05	-0.00056978	   0.028410	
10	22	 2.2978e-05	 7.4826e-06	     176.66	    0.27933	-9.7531e+92	-9.7531e+92	  0.0012179	 4.9256e-07	     0.0000	 -0.0017666	-7.5108e-05	   0.034711	
10	23	  0.0096269	  0.0031350	     95.614	     1.6342	-9.7531e+92	-9.7531e+92	 0.00096078	 6.1662e-05	 0.00040092	 0.00020340	 -0.0081882	 -0.0065842	
10	24	   0.017840	  0.0058097	     102.71	     1.4197	-9.7531e+92	-9.7531e+92	  0.0016559	 0.00011338	  0.0012834	 0.00050291	  -0.015107	  -0.013823	
11	0	    0.10125	   0.037709	     167.10	    0.34103	-9.7531e+92	-9.7531e+92	   0.023248	  0.0013155	     0.0000	-0.00062815	   -0.10071	   0.043527	
11	1	   0.024241	  0.0090280	     185.20	    0.23505	-9.7531e+92	-9.7531e+92	  0.0092364	 0.00034019	     0.0000	-0.00027959	  -0.025031	   0.038812	
11	2	  0.0023310	 0.00086813	     197.83	    0.18388	-9.7531e+92	-9.7531e+92	  0.0071966	 3.2174e-05	     0.0000	 -0.0031853	 -0.0026649	   0.099769	
11	3	 1.5312e-05	 5.7028e-06	     244.71	   0.081388	-9.7531e+92	-9.7531e+92	  0.0011054	 1.1532e-06	     0.0000	 -0.0031067	-9.1070e-05	   0.035874	
11	4	 4.6980e-06	 1.7497e-06	     218.09	    0.12699	-9.7531e+92	-9.7531e+92	  0.0010036	 9.2935e-07	     0.0000	 -0.0076132	-8.2153e-05	   0.050779	
11	5	    0.10493	   0.039080	     77.490	     2.2050	-9.7531e+92	-9.7531e+92	   0.018760	  0.0014693	     0.0000	 0.00051353	   -0.12327	  -0.050911	
11	6	   0.058650	   0.021843	     117.04	     1.0431	-9.7531e+92	-9.7531e+92	   0.015284	 0.00082321	     0.0000	 -0.0021994	  -0.068969	   0.029003	
11	7	   0.017995	  0.0067021	     112.26	     1.1591	-9.7531e+92	-9.7531e+92	  0.0095528	 0.00025728	     0.0000	 -0.0010637	  -0.021302	   0.050991	
11	8	    0.15099	   0.056234	     32.525	     2.9668	-9.7531e+92	-9.7531e+92	   0.014747	  0.0019528	   0.013548	  0.0058724	   -0.16952	   -0.16162	
11	9	 7.1429e-06	 2.6602e-06	     175.31	    0.28718	-9.7531e+92	-9.7531e+92	  0.0018866	 1.0765e-06	     0.0000	     0.0000	-8.8138e-05	   0.023184	
11	10	  0.0026306	 0.00097971	     46.926	     2.8613	-9.7531e+92	-9.7531e+92	 0.00030354	 1.6798e-05	 0.00025798	 5.0295e-05	-0.00084808	-0.00073635	
11	11	     0.0000	     0.0000	     0.0000	     3.0000	-9.7531e+92	-9.7531e+92	    0.18633	     0.0000	    0.18626	     0.0000	     0.0000	     0.0000	
11	12	 0.00045287	 0.00016866	     77.218	     2.2132	-9.7531e+92	-9.7531e+92	 0.00014116	 6.8080e-06	 7.5092e-05	 3.1011e-05	-0.00055190	-0.00035345	
11	13	    0.10069	   0.037501	     166.60	    0.34470	-9.7531e+92	-9.7531e+92	   0.016775	  0.0014065	     0.0000	  0.0011960	   -0.10772	  -0.036353	
11	14	   0.064163	   0.023896	     157.91	    0.41563	-9.7531e+92	-9.7531e+92	   0.015859	 0.00084474	     0.0000	 -0.0014026	  -0.068786	   0.063897	
11	15	 1.6488e-05	 6.1409e-06	     182.32	    0.24896	-9.7531e+92	-9.7531e+92	  0.0016171	 1.1748e-06	     0.0000	 -0.0020792	-9.8161e-05	   0.042730	
11	16	 4.0834e-14	 1.5208e-14	     142.85	    0.58099	-9.7531e+92	-9.7531e+92	 1.2412e-05	 9.7670e-07	     0.0000	 1.6699e-10	-7.7586e-05	-5.0481e-09	
11	17	 2.6434e-14	 9.8449e-15	     290.18	   0.041722	-9.7531e+92	-9.7531e+92	 1.7194e-05	 1.0023e-06	     0.0000	-0.00010060	-8.0771e-05	 0.00067991	
11	18	    0.32193	    0.11990	     81.269	     2.0888	-9.7531e+92	-9.7531e+92	   0.038027	  0.0044600	   0.014596	 0.00052418	   -0.36519	   -0.28523	
11	19	  0.0010246	 0.00038160	     108.78	     1.2499	-9.7531e+92	-9.7531e+92	  0.0016275	 1.5853e-05	     0.0000	-0.00050442	 -0.0013063	   0.011251	
11	20	   0.014900	  0.0055492	     83.734	     2.0113	-9.7531e+92	-9.7531e+92	  0.0020752	 0.00021880	 0.00054867	 0.00029475	  -0.017904	  -0.012679	
11	21	 0.00049722	 0.00018518	     128.65	    0.80225	-9.7531e+92	-9.7531e+92	  0.0035444	 8.1181e-06	     0.0000	-0.00024555	-0.00066988	   0.040512	
11	22	 8.1074e-08	 3.0195e-08	     200.45	    0.17499	-9.7531e+92	-9.7531e+92	 0.00057504	 8.6960e-07	     0.0000	 -0.0048298	-8.0037e-05	   0.049388	
11	23	  0.0069186	  0.0025767	     53.605	     2.7712	-9.7531e+92	-9.7531e+92	 0.00085482	 0.00010300	 0.00021453	 0.00035926	 -0.0083634	 -0.0061513	
11	24	   0.026360	  0.0098172	     56.094	     2.7297	-9.7531e+92	-9.7531e+92	  0.0026181	 0.00038748	  0.0021921	  0.0020343	  -0.031700	  -0.029601	
12	0	  0.0026668	 0.00088895	     226.76	    0.10933	-9.7531e+92	-9.7531e+92	  0.0085288	 1.5902e-05	     0.0000	-0.00069419	 -0.0031865	    0.16382	
12	1	 0.00020570	 6.8567e-05	     231.78	    0.10046	-9.7531e+92	-9.7531e+92	  0.0048944	 1.7069e-06	     0.0000	-0.00015686	-0.00032759	   0.073789	
12	2	  0.0050178	  0.0016726	     181.48	    0.25322	-9.7531e+92	-9.7531e+92	  0.0080200	 3.0525e-05	     0.0000	 -0.0010699	 -0.0065306	    0.11239	
12	3	 2.7668e-05	 9.2227e-06	     227.10	    0.10870	-9.7531e+92	-9.7531e+92	  0.0014810	 5.9340e-07	     0.0000	 -0.0010744	-0.00012113	   0.041619	
12	4	 0.00093201	 0.00031067	     165.11	    0.35583	-9.7531e+92	-9.7531e+92	  0.0022756	 5.6978e-06	     0.0000	 -0.0025688	 -0.0013211	   0.057465	
12	5	    0.21518	   0.071728	     80.590	     2.1100	-9.7531e+92	-9.7531e+92	   0.026284	  0.0013505	  0.0061573	 0.00051208	   -0.29011	   -0.20400	
12	6	  0.0042385	  0.0014129	     152.49	    0.46823	-9.7531e+92	-9.7531e+92	  0.0078816	 2.7261e-05	     0.0000	 -0.0023922	 -0.0058009	    0.10505	
12	7	 0.00090897	 0.00030299	     158.06	    0.41430	-9.7531e+92	-9.7531e+92	  0.0053493	 6.2920e-06	     0.0000	-0.00050947	 -0.0013193	   0.081291	
12	8	    0.15718	   0.052392	     55.069	     2.7473	-9.7531e+92	-9.7531e+92	   0.014383	 0.00076365	   0.013310	  0.0013119	   -0.20323	   -0.19479	
12	9	 6.0021e-08	 2.0007e-08	     214.99	    0.13415	-9.7531e+92	-9.7531e+92	 0.00097792	 4.4098e-07	     0.0000	     0.0000	-9.1246e-05	   0.026670	
12	10	   0.028427	  0.0094759	     46.012	     2.8713	-9.7531e+92	-9.7531e+92	  0.0024453	 0.00014848	  0.0024045	 0.00051499	  -0.035076	  -0.034155	
12	11	   0.013737	  0.0045789	     77.218	     2.2132	-9.7531e+92	-9.7531e+92	  0.0013625	 8.9385e-05	  0.0013006	 0.00023102	  -0.018912	  -0.018286	
12	12	     0.0000	     0.0000	     0.0000	     3.0000	-9.7531e+92	-9.7531e+92	    0.16680	     0.0000	    0.16674	     0.0000	     0.0000	     0.0000	
12	13	  0.0079892	  0.0026631	     205.94	    0.15802	-9.7531e+92	-9.7531e+92	  0.0066702	 5.0325e-05	     0.0000	-0.00068709	 -0.0099967	   0.070026	
12	14	   0.056573	   0.018858	     188.63	    0.21964	-9.7531e+92	-9.7531e+92	   0.015290	 0.00033351	     0.0000	-0.00054537	  -0.070424	   0.083745	
12	15	 7.4151e-05	 2.4717e-05	     166.81	    0.34315	-9.7531e+92	-9.7531e+92	  0.0020166	 8.9423e-07	     0.0000	-0.00071824	-0.00019047	   0.049131	
12	16	 7.2605e-15	 2.4202e-15	     115.95	     1.0685	-9.7531e+92	-9.7531e+92	 1.1109e-05	 4.2532e-07	     0.0000	 3.6117e-11	-2.0366e-05	-1.2397e-09	
12	17	 6.8571e-15	 2.2857e-15	     225.22	    0.11223	-9.7531e+92	-9.7531e+92	 2.3364e-05	 4.5041e-07	     0.0000	-3.4801e-05	-9.2227e-05	 0.00078052	
12	18	    0.23591	   0.078637	     120.73	    0.96010	-9.7531e+92	-9.7531e+92	   0.028741	  0.0014859	  0.0077702	 8.1313e-05	   -0.30791	   -0.22048	
12	19	   0.090040	   0.030014	     44.530	     2.8865	-9.7531e+92	-9.7531e+92	  0.0097602	 0.00052333	  0.0061915	  0.0010916	   -0.12022	   -0.10372	
12	20	    0.18001	   0.060003	     45.010	     2.8817	-9.7531e+92	-9.7531e+92	   0.016370	  0.0011634	   0.015003	  0.0014684	   -0.24586	   -0.23538	
12	21	 8.4730e-07	 2.8244e-07	     187.39	    0.22505	-9.7531e+92	-9.7531e+92	  0.0016386	 4.4159e-07	     0.0000	-8.6183e-05	-9.2023e-05	   0.047268	
12	22	 0.00023542	 7.8476e-05	     131.16	    0.75767	-9.7531e+92	-9.7531e+92	  0.0017150	 1.7305e-06	     0.0000	 -0.0016143	-0.00041292	   0.056447	
12	23	 0.00061891	 0.00020631	     109.85	     1.2215	-9.7531e+92	-9.7531e+92	 0.00022244	 4.6410e-06	     0.0000	-2.4693e-05	-0.00094712	  0.0013987	
12	24	 3.0341e-05	 1.0114e-05	     132.31	    0.73810	-9.7531e+92	-9.7531e+92	 0.00015982	 6.5219e-07	     0.0000	-2.9378e-05	-0.00013392	  0.0014131	
13	0	   0.047335	    0.21899	     86.013	     1.9388	-9.7531e+92	-9.7531e+92	    0.24289	   0.038213	     0.0000	     0.0000	   0.030100	     0.0000	
13	1	   0.087045	    0.40271	     57.043	     2.7128	-9.7531e+92	-9.7531e+92	    0.18263	   0.081203	     0.0000	     0.0000	    0.15206	     0.0000	
13	2	   0.067119	    0.31052	     127.66	    0.82064	-9.7531e+92	-9.7531e+92	    0.17940	   0.072769	     0.0000	     0.0000	    0.20273	     0.0000	
13	3	  0.0011695	  0.0054107	     188.65	    0.21955	-9.7531e+92	-9.7531e+92	   0.028933	  0.0014501	     0.0000	     0.0000	  0.0039086	     0.0000	
13	4	 0.00021812	  0.0010091	     217.30	    0.12878	-9.7531e+92	-9.7531e+92	   0.022855	 0.00034619	     0.0000	     0.0000	 0.00090019	     0.0000	
13	5	    0.38358	     1.7746	     125.66	    0.85869	-9.7531e+92	-9.7531e+92	    0.49553	    0.43574	    0.21619	     0.0000	     1.1205	     0.0000	
13	6	   0.032968	    0.15252	     53.773	     2.7685	-9.7531e+92	-9.7531e+92	    0.18067	   0.034631	     0.0000	     0.0000	   0.093752	     0.0000	
13	7	    0.18707	    0.86544	     57.312	     2.7078	-9.7531e+92	-9.7531e+92	    0.28852	    0.20467	     0.0000	     0.0000	    0.54759	     0.0000	
13	8	 0.00010356	 0.00047911	     162.59	    0.37553	-9.7531e+92	-9.7531e+92	  0.0067845	 0.00020167	     0.0000	     0.0000	 0.00056023	     0.0000	
13	9	   0.021851	    0.10109	     9.0540	     2.9998	-9.7531e+92	-9.7531e+92	   0.046779	   0.023967	     0.0000	     0.0000	   0.070473	     0.0000	
13	10	 1.6028e-14	 7.4151e-14	     205.99	    0.15786	-9.7531e+92	-9.7531e+92	 0.00021232	 8.5703e-05	     0.0000	     0.0000	 0.00018037	     0.0000	
13	11	 1.1364e-07	 5.2576e-07	     166.60	    0.34470	-9.7531e+92	-9.7531e+92	 0.00038784	 8.0365e-05	     0.0000	     0.0000	 0.00022014	     0.0000	
13	12	 8.5588e-15	 3.9597e-14	     205.94	    0.15802	-9.7531e+92	-9.7531e+92	 0.00027553	 8.7793e-05	     0.0000	     0.0000	 0.00016614	     0.0000	
13	13	     0.0000	     0.0000	     0.0000	     3.0000	-9.7531e+92	-9.7531e+92	     2.4014	     0.0000	     2.0976	     0.0000	     0.0000	     0.0000	
13	14	   0.078843	    0.36476	     32.765	     2.9658	-9.7531e+92	-9.7531e+92	    0.24241	   0.081397	     0.0000	     0.0000	    0.24944	     0.0000	
13	15	  0.0082231	   0.038043	     111.52	     1.1779	-9.7531e+92	-9.7531e+92	   0.044317	  0.0095853	     0.0000	     0.0000	   0.024260	     0.0000	
13	16	 7.5869e-15	 3.5100e-14	     153.85	    0.45440	-9.7531e+92	-9.7531e+92	 0.00015418	 8.1171e-05	     0.0000	     0.0000	 0.00025727	     0.0000	
13	17	 6.9882e-14	 3.2330e-13	     287.27	   0.043413	-9.7531e+92	-9.7531e+92	 0.00025875	 9.3125e-05	     0.0000	     0.0000	 0.00013952	     0.0000	
13	18	   0.066069	    0.30567	     87.611	     1.8878	-9.7531e+92	-9.7531e+92	    0.16181	   0.069191	     0.0000	     0.0000	    0.16514	     0.0000	
13	19	 1.6494e-06	 7.6310e-06	     184.51	    0.23831	-9.7531e+92	-9.7531e+92	   0.022373	 8.9742e-05	     0.0000	     0.0000	 0.00016880	     0.0000	
13	20	 2.0233e-05	 9.3607e-05	     165.04	    0.35635	-9.7531e+92	-9.7531e+92	  0.0062018	 0.00011100	     0.0000	     0.0000	 0.00022832	     0.0000	
13	21	   0.018162	   0.084025	     76.619	     2.2311	-9.7531e+92	-9.7531e+92	   0.055400	   0.020459	     0.0000	     0.0000	   0.054231	     0.0000	
13	22	 1.9465e-14	 9.0054e-14	     260.15	   0.064098	-9.7531e+92	-9.7531e+92	   0.011950	 7.9711e-05	     0.0000	     0.0000	 0.00015529	     0.0000	
13	23	 0.00018478	 0.00085487	     113.01	     1.1402	-9.7531e+92	-9.7531e+92	  0.0023504	 0.00031559	     0.0000	     0.0000	 0.00067495	     0.0000	
13	24	 4.2685e-05	 0.00019748	     142.21	    0.58941	-9.7531e+92	-9.7531e+92	  0.0014192	 0.00013379	     0.0000	     0.0000	 0.00029992	     0.0000	
14	0	   0.066080	    0.29954	     114.85	     1.0949	-9.7531e+92	-9.7531e+92	    0.20716	    0.10580	     0.0000	  -0.011834	    0.46058	   -0.11820	
14	1	   0.062366	    0.28271	     88.839	     1.8485	-9.7531e+92	-9.7531e+92	    0.13324	    0.11000	     0.0000	-4.1493e-05	    0.46415	-0.00078029	
14	2	    0.42130	     1.9098	     97.273	     1.5829	-9.7531e+92	-9.7531e+92	    0.56896	    0.48815	    0.14094	     0.0000	     1.5800	     0.0000	
14	3	  0.0027984	   0.012685	     161.01	    0.38854	-9.7531e+92	-9.7531e+92	   0.057780	  0.0053134	     0.0000	  -0.030075	   0.021340	  -0.041141	
14	4	 0.00023878	  0.0010824	     184.55	    0.23808	-9.7531e+92	-9.7531e+92	   0.056598	 0.00063455	     0.0000	  -0.080035	  0.0024985	  -0.059191	
14	5	    0.15816	    0.71693	     108.09	     1.2686	-9.7531e+92	-9.7531e+92	    0.23736	    0.30797	     0.0000	   0.012284	     1.2514	    0.12537	
14	6	   0.038581	    0.17489	     41.508	     2.9135	-9.7531e+92	-9.7531e+92	    0.13903	   0.078133	     0.0000	  -0.041615	    0.29625	  -0.058373	
14	7	   0.074789	    0.33902	     65.464	     2.5345	-9.7531e+92	-9.7531e+92	    0.14579	    0.15174	     0.0000	  0.0031226	    0.58099	   0.015798	
14	8	 8.3708e-05	 0.00037945	     146.54	    0.53466	-9.7531e+92	-9.7531e+92	  0.0043630	 0.00033365	     0.0000	 -0.0016091	  0.0011449	 -0.0038629	
14	9	  0.0080803	   0.036628	     38.749	     2.9339	-9.7531e+92	-9.7531e+92	   0.027180	   0.016610	     0.0000	     0.0000	   0.064190	  -0.015079	
14	10	 4.7576e-15	 2.1566e-14	     190.48	    0.21181	-9.7531e+92	-9.7531e+92	 0.00018759	 0.00015148	     0.0000	-5.6182e-05	 0.00050388	-6.9487e-05	
14	11	 2.2279e-07	 1.0099e-06	     157.91	    0.41563	-9.7531e+92	-9.7531e+92	 0.00029229	 0.00015138	     0.0000	-7.8162e-05	 0.00049750	-0.00014857	
14	12	 2.3424e-14	 1.0618e-13	     188.63	    0.21964	-9.7531e+92	-9.7531e+92	 0.00022590	 0.00015245	     0.0000	-0.00013495	 0.00050226	-0.00013825	
14	13	   0.039826	    0.18053	     32.765	     2.9658	-9.7531e+92	-9.7531e+92	    0.12305	   0.076135	     0.0000	 -0.0094131	    0.31785	  -0.036190	
14	14	     0.0000	     0.0000	     0.0000	     3.0000	-9.7531e+92	-9.7531e+92	     2.4955	     0.0000	     1.9275	     0.0000	     0.0000	     0.0000	
14	15	   0.037670	    0.17076	     78.991	     2.1593	-9.7531e+92	-9.7531e+92	   0.097234	   0.071525	     0.0000	 0.00023291	    0.30083	 0.00050553	
14	16	 3.9356e-15	 1.7840e-14	     121.20	    0.94999	-9.7531e+92	-9.7531e+92	 0.00015106	 0.00015746	     0.0000	 2.1992e-09	 0.00045536	 5.4958e-09	
14	17	 3.6215e-15	 1.6416e-14	     254.84	   0.069479	-9.7531e+92	-9.7531e+92	 0.00038388	 0.00016057	     0.0000	 -0.0010630	 0.00045718	-0.00072150	
14	18	   0.084060	    0.38104	     78.249	     2.1820	-9.7531e+92	-9.7531e+92	    0.15760	    0.16730	     0.0000	 0.00053050	    0.66262	   0.028069	
14	19	 2.1107e-06	 9.5679e-06	     166.55	    0.34505	-9.7531e+92	-9.7531e+92	   0.012135	 0.00015057	     0.0000	 -0.0060787	 0.00053264	  -0.013372	
14	20	 8.4364e-06	 3.8242e-05	     147.73	    0.52061	-9.7531e+92	-9.7531e+92	  0.0036514	 0.00014342	     0.0000	 -0.0012177	 0.00068209	 -0.0050591	
14	21	  0.0056254	   0.025500	     101.18	     1.4647	-9.7531e+92	-9.7531e+92	   0.035219	   0.011555	     0.0000	 -0.0022157	   0.044703	  -0.038014	
14	22	 4.3212e-16	 1.9588e-15	     227.39	    0.10817	-9.7531e+92	-9.7531e+92	   0.026436	 0.00013170	     0.0000	  -0.051062	 0.00049361	  -0.053454	
14	23	 0.00032408	  0.0014691	     114.84	     1.0952	-9.7531e+92	-9.7531e+92	  0.0019418	 0.00087284	     0.0000	-0.00096872	  0.0029497	 -0.0016620	
14	24	 3.5366e-06	 1.6031e-05	     150.00	    0.49487	-9.7531e+92	-9.7531e+92	  0.0010419	 0.00016108	     0.0000	-0.00092018	 0.00049949	 -0.0013451	
15	0	  0.0029939	  0.0038458	     189.51	    0.21584	-9.7531e+92	-9.7531e+92	   0.020032	  0.0026110	     0.0000	  -0.067827	   0.020952	   -0.63431	
15	1	   0.026337	   0.033831	     167.83	    0.33581	-9.7531e+92	-9.7531e+92	   0.020143	   0.023734	     0.0000	 -0.0089593	    0.16725	   -0.15754	
15	2	    0.17178	    0.22066	     21.827	     2.9932	-9.7531e+92	-9.7531e+92	   0.093690	    0.11125	     0.0000	   0.065535	    0.76185	    0.30125	
15	3	    0.25433	    0.32670	     84.108	     1.9994	-9.7531e+92	-9.7531e+92	   0.098453	   0.076143	   0.055772	  0.0037767	    0.16271	   0.030323	
15	4	    0.22743	    0.29214	     106.18	     1.3210	-9.7531e+92	-9.7531e+92	   0.099910	    0.16979	   0.041609	     1.0000	     1.1946	    0.71172	
15	5	  0.0095348	   0.012248	     104.94	     1.3557	-9.7531e+92	-9.7531e+92	   0.023536	  0.0082579	     0.0000	  -0.020504	   0.051075	   -0.19443	
15	6	   0.012540	   0.016108	     96.746	     1.5991	-9.7531e+92	-9.7531e+92	   0.017134	   0.011808	     0.0000	   -0.20990	   0.064598	   -0.27357	
15	7	  0.0030830	  0.0039602	     131.62	    0.74982	-9.7531e+92	-9.7531e+92	   0.013904	  0.0029738	     0.0000	  -0.048130	   0.016015	   -0.22620	
15	8	 9.9171e-06	 1.2739e-05	     159.01	    0.40580	-9.7531e+92	-9.7531e+92	 0.00061435	 7.4316e-05	     0.0000	 -0.0052835	 0.00037941	  -0.011770	
15	9	  0.0014880	  0.0019114	     117.55	     1.0311	-9.7531e+92	-9.7531e+92	  0.0033978	  0.0014805	     0.0000	     0.0000	  0.0078090	  -0.069721	
15	10	 2.5320e-16	 3.2524e-16	     197.67	    0.18443	-9.7531e+92	-9.7531e+92	 5.1596e-05	 6.5478e-05	     0.0000	-0.00018015	 0.00032388	-0.00020665	
15	11	 1.6817e-18	 2.1603e-18	     182.32	    0.24896	-9.7531e+92	-9.7531e+92	 6.1458e-05	 6.5682e-05	     0.0000	-0.00025109	 0.00032202	-0.00044269	
15	12	 1.2374e-07	 1.5895e-07	     166.81	    0.34315	-9.7531e+92	-9.7531e+92	 6.3512e-05	 6.5475e-05	     0.0000	-0.00043222	 0.00032591	-0.00041071	
15	13	    0.10840	    0.13925	     111.52	     1.1779	-9.7531e+92	-9.7531e+92	   0.048777	   0.095872	     0.0000	   0.049737	    0.62762	    0.17853	
15	14	    0.15131	    0.19437	     78.991	     2.1593	-9.7531e+92	-9.7531e+92	   0.091344	    0.11088	     0.0000	   0.019363	    0.75704	    0.10793	
15	15	     0.0000	     0.0000	     0.0000	     3.0000	-9.7531e+92	-9.7531e+92	    0.67647	     0.0000	    0.62858	     0.0000	     0.0000	     0.0000	
15	16	 4.3474e-15	 5.5844e-15	     65.362	     2.5370	-9.7531e+92	-9.7531e+92	 4.2808e-05	 6.3982e-05	     0.0000	 7.0518e-09	 0.00034065	 1.6335e-08	
15	17	 1.2261e-08	 1.5750e-08	     175.81	    0.28425	-9.7531e+92	-9.7531e+92	 0.00044197	 5.5260e-05	     0.0000	 -0.0026282	 0.00038199	 -0.0021458	
15	18	   0.030056	   0.038609	     116.73	     1.0502	-9.7531e+92	-9.7531e+92	   0.021773	   0.027805	     0.0000	 -0.0026513	    0.16584	   -0.13061	
15	19	 0.00024767	 0.00031815	     131.26	    0.75593	-9.7531e+92	-9.7531e+92	  0.0038860	 0.00029077	     0.0000	  -0.019042	  0.0016142	  -0.038868	
15	20	 0.00037720	 0.00048452	     124.66	    0.87845	-9.7531e+92	-9.7531e+92	  0.0013358	 0.00041541	     0.0000	 -0.0035472	  0.0022705	  -0.013675	
15	21	 2.5926e-05	 3.3303e-05	     175.65	    0.28523	-9.7531e+92	-9.7531e+92	  0.0037682	 8.8349e-05	     0.0000	 -0.0084339	 0.00046362	   -0.13436	
15	22	 4.4524e-05	 5.7193e-05	     163.21	    0.37056	-9.7531e+92	-9.7531e+92	   0.045238	 7.9869e-05	     0.0000	   -0.13489	 0.00061885	   -0.15891	
15	23	 2.1383e-06	 2.7467e-06	     149.47	    0.50076	-9.7531e+92	-9.7531e+92	 0.00020955	 6.8116e-05	     0.0000	 -0.0038574	 0.00033016	 -0.0061388	
15	24	 5.1987e-15	 6.6779e-15	     189.75	    0.21485	-9.7531e+92	-9.7531e+92	 0.00013786	 6.6080e-05	     0.0000	 -0.0029602	 0.00032080	 -0.0040142	
16	0	   0.088418	     0.0000	     217.18	    0.12904	-9.7531e+92	-9.7531e+92	     0.0000	 0.00010118	     0.0000	     0.0000	 1.1297e-13	     0.0000	
16	1	   0.021107	     0.0000	     207.46	    0.15366	-9.7531e+92	-9.7531e+92	     0.0000	 2.6301e-05	     0.0000	     0.0000	 1.6996e-14	     0.0000	
16	2	   0.010273	     0.0000	     68.097	     2.4691	-9.7531e+92	-9.7531e+92	     0.0000	 1.3022e-05	     0.0000	     0.0000	-1.8380e-14	     0.0000	
16	3	   0.022480	     0.0000	     111.94	     1.1671	-9.7531e+92	-9.7531e+92	     0.0000	 3.0126e-05	     0.0000	     0.0000	-1.8820e-13	     0.0000	
16	4	   0.088430	     0.0000	     75.439	     2.2661	-9.7531e+92	-9.7531e+92	     0.0000	 0.00011458	     0.0000	     0.0000	-1.7546e-13	     0.0000	
16	5	   0.010748	     0.0000	     71.546	     2.3771	-9.7531e+92	-9.7531e+92	     0.0000	 1.5128e-05	     0.0000	     0.0000	-1.1178e-14	     0.0000	
16	6	   0.015847	     0.0000	     111.89	     1.1685	-9.7531e+92	-9.7531e+92	     0.0000	 2.1005e-05	     0.0000	     0.0000	-3.9477e-14	     0.0000	
16	7	   0.046075	     0.0000	     137.28	    0.65913	-9.7531e+92	-9.7531e+92	     0.0000	 6.3500e-05	     0.0000	     0.0000	-1.1971e-13	     0.0000	
16	8	   0.023518	     0.0000	     112.87	     1.1438	-9.7531e+92	-9.7531e+92	     0.0000	 3.5070e-05	     0.0000	     0.0000	-4.7496e-14	     0.0000	
16	9	   0.014406	     0.0000	     159.83	    0.39862	-9.7531e+92	-9.7531e+92	     0.0000	 2.0527e-05	     0.0000	     0.0000	-4.1799e-14	     0.0000	
16	10	   0.039310	     0.0000	     147.94	    0.51817	-9.7531e+92	-9.7531e+92	     0.0000	 5.9867e-05	     0.0000	     0.0000	-9.7561e-14	     0.0000	
16	11	  0.0023448	     0.0000	     142.85	    0.58099	-9.7531e+92	-9.7531e+92	     0.0000	 3.6140e-06	     0.0000	     0.0000	-6.2697e-15	     0.0000	
16	12	   0.093505	     0.0000	     115.95	     1.0685	-9.7531e+92	-9.7531e+92	     0.0000	 0.00014302	     0.0000	     0.0000	-2.5056e-13	     0.0000	
16	13	    0.16243	     0.0000	     153.85	    0.45440	-9.7531e+92	-9.7531e+92	     0.0000	 0.00021170	     0.0000	     0.0000	-2.2832e-13	     0.0000	
16	14	   0.015824	     0.0000	     121.20	    0.94999	-9.7531e+92	-9.7531e+92	     0.0000	 1.9301e-05	     0.0000	     0.0000	-1.3334e-14	     0.0000	
16	15	   0.024849	     0.0000	     65.362	     2.5370	-9.7531e+92	-9.7531e+92	     0.0000	 3.4561e-05	     0.0000	     0.0000	-5.2926e-14	     0.0000	
16	16	     0.0000	     0.0000	     0.0000	     3.0000	-9.7531e+92	-9.7531e+92	     0.0000	     0.0000	     0.0000	     0.0000	     0.0000	     0.0000	
16	17	   0.010419	     0.0000	     148.25	    0.51453	-9.7531e+92	-9.7531e+92	     0.0000	 1.6023e-05	     0.0000	     0.0000	 3.7897e-14	     0.0000	
16	18	    0.11284	     0.0000	     110.59	     1.2021	-9.7531e+92	-9.7531e+92	     0.0000	 0.00015318	     0.0000	     0.0000	-1.8512e-13	     0.0000	
16	19	   0.035705	     0.0000	     73.024	     2.3358	-9.7531e+92	-9.7531e+92	     0.0000	 5.3431e-05	     0.0000	     0.0000	-9.2866e-14	     0.0000	
16	20	   0.048273	     0.0000	     74.477	     2.2942	-9.7531e+92	-9.7531e+92	     0.0000	 7.1896e-05	     0.0000	     0.0000	-1.3457e-13	     0.0000	
16	21	   0.020289	     0.0000	     180.81	    0.25669	-9.7531e+92	-9.7531e+92	     0.0000	 2.8602e-05	     0.0000	     0.0000	-5.7190e-14	     0.0000	
16	22	   0.044218	     0.0000	     106.73	     1.3057	-9.7531e+92	-9.7531e+92	     0.0000	 5.8021e-05	     0.0000	     0.0000	-9.6830e-14	     0.0000	
16	23	  0.0078305	     0.0000	     136.77	    0.66684	-9.7531e+92	-9.7531e+92	     0.0000	 1.1812e-05	     0.0000	     0.0000	-2.5830e-14	     0.0000	
16	24	  0.0085154	     0.0000	     177.80	    0.27291	-9.7531e+92	-9.7531e+92	     0.0000	 1.2703e-05	     0.0000	     0.0000	-2.7514e-14	     0.0000	
17	0	 5.5916e-05	 2.1044e-05	     353.56	   0.019078	-9.7531e+92	-9.7531e+92	  0.0015883	 1.2863e-06	     0.0000	-0.00087519	-1.6659e-05	   0.018125	
17	1	 1.7524e-05	 6.5952e-06	     342.57	   0.021626	-9.7531e+92	-9.7531e+92	  0.0013844	 9.4152e-07	     0.0000	-0.00019480	-1.2379e-05	  0.0082214	
17	2	   0.065087	   0.024495	     160.64	    0.39167	-9.7531e+92	-9.7531e+92	   0.015770	 0.00062466	     0.0000	-0.00043563	  -0.011412	  0.0042869	
17	3	    0.27517	    0.10356	     122.41	    0.92444	-9.7531e+92	-9.7531e+92	   0.033596	  0.0023734	   0.021091	  0.0087787	  -0.051725	  -0.035163	
17	4	    0.44401	    0.16710	     73.525	     2.3215	-9.7531e+92	-9.7531e+92	   0.056462	  0.0023359	   0.039381	 0.00067831	  -0.085994	  -0.064520	
17	5	 0.00050782	 0.00019111	     219.60	    0.12368	-9.7531e+92	-9.7531e+92	  0.0027652	 6.4477e-06	     0.0000	-0.00030525	-0.00010758	  0.0094327	
17	6	 3.1664e-07	 1.1917e-07	     251.72	   0.072906	-9.7531e+92	-9.7531e+92	  0.0013354	 7.5961e-07	     0.0000	 -0.0031194	-1.2567e-05	   0.013206	
17	7	 3.5301e-13	 1.3285e-13	     281.54	   0.047004	-9.7531e+92	-9.7531e+92	  0.0010443	 7.6609e-07	     0.0000	-0.00064015	-1.2597e-05	  0.0098674	
17	8	 3.4804e-14	 1.3098e-14	     258.50	   0.065716	-9.7531e+92	-9.7531e+92	 0.00013895	 7.9137e-07	     0.0000	-6.7014e-05	-1.2961e-05	 0.00051124	
17	9	 5.7163e-13	 2.1513e-13	     293.28	   0.040011	-9.7531e+92	-9.7531e+92	 0.00023955	 7.8226e-07	     0.0000	     0.0000	-1.2841e-05	  0.0032078	
17	10	 9.3756e-14	 3.5284e-14	     270.72	   0.054831	-9.7531e+92	-9.7531e+92	 1.7024e-05	 7.9896e-07	     0.0000	-2.2777e-06	-1.3151e-05	 9.1336e-06	
17	11	 1.7210e-14	 6.4767e-15	     290.18	   0.041722	-9.7531e+92	-9.7531e+92	 1.6002e-05	 8.0078e-07	     0.0000	-3.1748e-06	-1.3158e-05	 1.9505e-05	
17	12	 2.3399e-14	 8.8062e-15	     225.22	    0.11223	-9.7531e+92	-9.7531e+92	 2.5119e-05	 7.9713e-07	     0.0000	-5.4710e-06	-1.3124e-05	 1.8163e-05	
17	13	  0.0022528	 0.00084784	     287.27	   0.043413	-9.7531e+92	-9.7531e+92	  0.0026351	 2.6066e-05	     0.0000	-0.00093529	-0.00036558	  0.0087306	
17	14	  0.0052156	  0.0019629	     254.84	   0.069479	-9.7531e+92	-9.7531e+92	  0.0091261	 5.3749e-05	     0.0000	 -0.0011788	-0.00084676	   0.016607	
17	15	  0.0055108	  0.0020739	     175.81	    0.28425	-9.7531e+92	-9.7531e+92	   0.011297	 5.4534e-05	     0.0000	-0.00056205	 -0.0010278	  0.0050170	
17	16	 6.1334e-13	 2.3082e-13	     148.25	    0.51453	-9.7531e+92	-9.7531e+92	 1.2542e-05	 7.6871e-07	     0.0000	 8.5991e-11	-4.8161e-06	-2.8549e-10	
17	17	     0.0000	     0.0000	     0.0000	     3.0000	-9.7531e+92	-9.7531e+92	    0.18849	     0.0000	    0.18825	     0.0000	     0.0000	     0.0000	
17	18	  0.0013081	 0.00049231	     258.46	   0.065759	-9.7531e+92	-9.7531e+92	  0.0019014	 1.5683e-05	     0.0000	-6.2817e-05	-0.00024078	  0.0092013	
17	19	 9.4251e-05	 3.5471e-05	     187.53	    0.22442	-9.7531e+92	-9.7531e+92	  0.0027974	 1.7393e-06	     0.0000	-0.00020254	-2.9629e-05	  0.0017140	
17	20	 3.0714e-14	 1.1559e-14	     207.02	    0.15490	-9.7531e+92	-9.7531e+92	 0.00087325	 7.7864e-07	     0.0000	-4.9471e-05	-1.2912e-05	 0.00065518	
17	21	 2.0948e-13	 7.8835e-14	     326.31	   0.026229	-9.7531e+92	-9.7531e+92	 0.00029956	 7.7512e-07	     0.0000	-0.00010671	-1.2762e-05	  0.0056750	
17	22	    0.20077	   0.075559	     106.10	     1.3231	-9.7531e+92	-9.7531e+92	   0.044444	  0.0013728	   0.028485	  0.0017679	  -0.021823	  -0.014666	
17	23	 3.0041e-14	 1.1306e-14	     284.58	   0.045056	-9.7531e+92	-9.7531e+92	 2.7885e-05	 8.0138e-07	     0.0000	-4.8835e-05	-1.3156e-05	 0.00027047	
17	24	 1.9365e-14	 7.2879e-15	     325.25	   0.026569	-9.7531e+92	-9.7531e+92	 2.1072e-05	 8.0102e-07	     0.0000	-3.7429e-05	-1.3117e-05	 0.00017589	
18	0	   0.074860	    0.20268	     116.29	     1.0606	-9.7531e+92	-9.7531e+92	    0.20350	   0.069247	     0.0000	 -0.0097800	   -0.93236	    0.45387	
18	1	    0.10283	    0.27842	     111.77	     1.1715	-9.7531e+92	-9.7531e+92	    0.11611	    0.11467	     0.0000	  0.0028623	    -1.1424	   -0.26490	
18	2	   0.058990	    0.15971	     137.27	    0.65930	-9.7531e+92	-9.7531e+92	   0.091735	   0.075764	     0.0000	  -0.012172	   -0.64906	    0.25731	
18	3	 6.6791e-05	 0.00018083	     199.21	    0.17912	-9.7531e+92	-9.7531e+92	   0.011058	 0.00018814	     0.0000	  -0.030758	 -0.0014353	    0.23965	
18	4	 0.00017251	 0.00046705	     186.18	    0.23049	-9.7531e+92	-9.7531e+92	   0.010188	 0.00032515	     0.0000	  -0.075180	 -0.0028194	    0.34029	
18	5	    0.12566	    0.34022	     53.346	     2.7752	-9.7531e+92	-9.7531e+92	    0.12789	    0.15581	     0.0000	  0.0074697	    -1.5317	   -0.50384	
18	6	    0.19685	    0.53295	     36.723	     2.9464	-9.7531e+92	-9.7531e+92	    0.20224	    0.23594	     0.0000	   0.096938	    -2.4390	   -0.86987	
18	7	    0.14288	    0.38684	     38.248	     2.9371	-9.7531e+92	-9.7531e+92	    0.14227	    0.18537	     0.0000	   0.019089	    -1.7870	   -0.62308	
18	8	   0.022836	   0.061828	     75.421	     2.2666	-9.7531e+92	-9.7531e+92	   0.017436	   0.027820	  0.0087227	  0.0060642	   -0.25958	   -0.14612	
18	9	   0.020355	   0.055109	     96.665	     1.6016	-9.7531e+92	-9.7531e+92	   0.029083	   0.025523	     0.0000	     0.0000	   -0.25014	 -0.0028167	
18	10	 1.4888e-05	 4.0307e-05	     118.82	     1.0023	-9.7531e+92	-9.7531e+92	 0.00016555	 9.8435e-05	     0.0000	-2.2763e-05	-0.00086193	 0.00027883	
18	11	 0.00042598	  0.0011533	     81.269	     2.0888	-9.7531e+92	-9.7531e+92	 0.00052905	 0.00057125	 2.6153e-05	 7.2717e-05	 -0.0051313	 -0.0020405	
18	12	 2.2182e-05	 6.0057e-05	     120.73	    0.96010	-9.7531e+92	-9.7531e+92	 0.00022638	 0.00011102	     0.0000	-7.2692e-05	-0.00097069	 0.00063665	
18	13	    0.11859	    0.32108	     87.611	     1.8878	-9.7531e+92	-9.7531e+92	    0.12615	    0.14277	     0.0000	   0.018032	    -1.3298	   -0.36547	
18	14	   0.091438	    0.24756	     78.249	     2.1820	-9.7531e+92	-9.7531e+92	    0.14044	    0.10366	     0.0000	 -0.0077183	    -1.0272	    0.23590	
18	15	  0.0035067	  0.0094942	     116.73	     1.0502	-9.7531e+92	-9.7531e+92	   0.016750	  0.0049813	     0.0000	  -0.018686	  -0.044901	    0.26145	
18	16	 1.2996e-14	 3.5186e-14	     110.59	     1.2021	-9.7531e+92	-9.7531e+92	 9.0227e-05	 9.1825e-05	     0.0000	 1.8683e-09	-0.00081109	-3.5882e-08	
18	17	 2.7166e-14	 7.3550e-14	     258.46	   0.065759	-9.7531e+92	-9.7531e+92	 0.00013484	 0.00010525	     0.0000	-0.00099753	-0.00091261	  0.0046068	
18	18	     0.0000	     0.0000	     0.0000	     3.0000	-9.7531e+92	-9.7531e+92	     1.4018	     0.0000	     1.2315	     0.0000	     0.0000	     0.0000	
18	19	 0.00010870	 0.00029431	     118.15	     1.0174	-9.7531e+92	-9.7531e+92	  0.0067585	 0.00023696	     0.0000	 -0.0052265	 -0.0021347	   0.083527	
18	20	  0.0031925	  0.0086436	     90.275	     1.8027	-9.7531e+92	-9.7531e+92	  0.0042871	  0.0039187	     0.0000	-6.6241e-05	  -0.036107	  0.0060906	
18	21	   0.034544	   0.093527	     79.511	     2.1434	-9.7531e+92	-9.7531e+92	   0.049124	   0.043560	     0.0000	-7.0070e-05	   -0.42701	  0.0078773	
18	22	 1.2794e-07	 3.4639e-07	     205.13	    0.16037	-9.7531e+92	-9.7531e+92	  0.0051367	 8.9310e-05	     0.0000	  -0.047646	-0.00088039	    0.33416	
18	23	  0.0021926	  0.0059364	     36.898	     2.9454	-9.7531e+92	-9.7531e+92	  0.0027808	  0.0030424	     0.0000	 0.00036678	  -0.027834	 -0.0042789	
18	24	 0.00045966	  0.0012445	     74.739	     2.2865	-9.7531e+92	-9.7531e+92	  0.0012569	 0.00047421	     0.0000	-1.4004e-07	 -0.0043597	  0.0027712	
19	0	  0.0035790	  0.0020632	     234.49	   0.096052	-9.7531e+92	-9.7531e+92	   0.010863	 0.00067321	     0.0000	  -0.011840	  -0.011893	    0.27144	
19	1	 0.00065355	 0.00037674	     226.57	    0.10968	-9.7531e+92	-9.7531e+92	  0.0064437	 0.00014326	     0.0000	 -0.0026731	 -0.0024971	    0.12464	
19	2	    0.10902	   0.062845	     139.30	    0.62950	-9.7531e+92	-9.7531e+92	   0.030429	   0.019684	     0.0000	  0.0029756	   -0.43389	  -0.032224	
19	3	  0.0015817	 0.00091178	     184.07	    0.24039	-9.7531e+92	-9.7531e+92	  0.0074960	 0.00030959	     0.0000	  -0.017116	 -0.0065552	   0.070141	
19	4	    0.14253	   0.082165	     119.82	    0.98008	-9.7531e+92	-9.7531e+92	   0.031945	   0.019871	  0.0057813	   0.054692	   -0.60656	   -0.22932	
19	5	    0.18899	    0.10895	     64.874	     2.5486	-9.7531e+92	-9.7531e+92	   0.036795	   0.031228	  0.0019890	  0.0014864	   -0.76326	   -0.28948	
19	6	  0.0063986	  0.0036885	     133.74	    0.71443	-9.7531e+92	-9.7531e+92	   0.010162	  0.0013075	     0.0000	  -0.039949	  -0.027755	    0.18565	
19	7	  0.0016506	 0.00095152	     154.38	    0.44913	-9.7531e+92	-9.7531e+92	  0.0068299	 0.00035107	     0.0000	 -0.0086394	 -0.0074171	    0.14616	
19	8	   0.042027	   0.024227	     80.536	     2.1117	-9.7531e+92	-9.7531e+92	  0.0073126	  0.0076332	  0.0054573	  0.0067983	   -0.15636	  -0.078800	
19	9	 1.1839e-07	 6.8246e-08	     193.08	    0.20137	-9.7531e+92	-9.7531e+92	  0.0012504	 1.3906e-05	     0.0000	     0.0000	-0.00029367	   0.048781	
19	10	  0.0018085	  0.0010425	     85.643	     1.9506	-9.7531e+92	-9.7531e+92	 0.00033734	 0.00036560	 0.00026683	 0.00082962	 -0.0071476	 -0.0037950	
19	11	 0.00025998	 0.00014987	     108.78	     1.2499	-9.7531e+92	-9.7531e+92	 0.00013609	 6.7571e-05	 2.9014e-05	 4.8659e-05	 -0.0014259	-0.00034962	
19	12	  0.0048855	  0.0028163	     44.530	     2.8865	-9.7531e+92	-9.7531e+92	 0.00078834	 0.00092306	 0.00068608	  0.0023512	  -0.017113	 -0.0086332	
19	13	   0.013650	  0.0078686	     184.51	    0.23831	-9.7531e+92	-9.7531e+92	  0.0096350	  0.0024346	     0.0000	 -0.0079398	  -0.054005	    0.10949	
19	14	   0.073597	   0.042425	     166.55	    0.34505	-9.7531e+92	-9.7531e+92	   0.029863	   0.013043	     0.0000	 -0.0070472	   -0.28051	    0.10946	
19	15	   0.010097	  0.0058206	     131.26	    0.75593	-9.7531e+92	-9.7531e+92	  0.0072519	  0.0019263	     0.0000	 -0.0083575	  -0.043546	   0.065310	
19	16	 8.5663e-15	 4.9381e-15	     73.024	     2.3358	-9.7531e+92	-9.7531e+92	 1.9211e-05	 1.3534e-05	     0.0000	 1.0864e-09	-0.00026456	-1.0502e-08	
19	17	 3.0210e-14	 1.7415e-14	     187.53	    0.22442	-9.7531e+92	-9.7531e+92	 0.00023359	 1.2974e-05	     0.0000	-0.00050212	-0.00028408	  0.0014366	
19	18	    0.12948	   0.074641	     118.15	     1.0174	-9.7531e+92	-9.7531e+92	   0.028838	   0.025452	     0.0000	 0.00080630	   -0.52787	   -0.15136	
19	19	     0.0000	     0.0000	     0.0000	     3.0000	-9.7531e+92	-9.7531e+92	    0.29261	     0.0000	    0.28644	     0.0000	     0.0000	     0.0000	
19	20	    0.13606	   0.078434	     28.400	     2.9806	-9.7531e+92	-9.7531e+92	   0.020958	   0.026388	   0.018596	   0.018946	   -0.54980	   -0.31129	
19	21	 6.0197e-07	 3.4701e-07	     197.71	    0.18427	-9.7531e+92	-9.7531e+92	  0.0019811	 1.3915e-05	     0.0000	 -0.0014793	-0.00029430	   0.086312	
19	22	    0.13367	   0.077053	     93.933	     1.6868	-9.7531e+92	-9.7531e+92	   0.033919	   0.018917	  0.0094750	   0.032056	   -0.46999	   -0.16549	
19	23	 4.7718e-05	 2.7507e-05	     121.29	    0.94810	-9.7531e+92	-9.7531e+92	 0.00018444	 2.4437e-05	     0.0000	-0.00065745	-0.00051219	  0.0039922	
19	24	 6.6059e-06	 3.8080e-06	     150.08	    0.49393	-9.7531e+92	-9.7531e+92	 0.00011619	 1.5581e-05	     0.0000	-0.00051568	-0.00032755	  0.0026571	
20	0	   0.014064	  0.0082138	     206.61	    0.15606	-9.7531e+92	-9.7531e+92	   0.017636	  0.0013943	     0.0000	 -0.0094487	  -0.061158	    0.48688	
20	1	  0.0023047	  0.0013460	     199.20	    0.17914	-9.7531e+92	-9.7531e+92	  0.0095161	 0.00025186	     0.0000	 -0.0022415	  -0.010703	    0.23207	
20	2	   0.096987	   0.056643	     139.77	    0.62284	-9.7531e+92	-9.7531e+92	   0.032672	  0.0095664	     0.0000	 0.00043661	   -0.48026	  -0.010254	
20	3	  0.0012679	 0.00074047	     185.64	    0.23299	-9.7531e+92	-9.7531e+92	  0.0044083	 0.00013685	     0.0000	  -0.015217	 -0.0065961	    0.13240	
20	4	   0.033753	   0.019713	     135.08	    0.69295	-9.7531e+92	-9.7531e+92	  0.0097806	  0.0028451	     0.0000	 -0.0087794	   -0.17462	   0.050144	
20	5	    0.13697	   0.079993	     39.691	     2.9273	-9.7531e+92	-9.7531e+92	   0.032546	   0.013433	     0.0000	  0.0027214	   -0.71274	   -0.33557	
20	6	   0.013963	  0.0081544	     111.59	     1.1762	-9.7531e+92	-9.7531e+92	   0.015105	  0.0015002	     0.0000	  -0.031059	  -0.073803	    0.30823	
20	7	  0.0037771	  0.0022059	     126.68	    0.83907	-9.7531e+92	-9.7531e+92	   0.010656	 0.00041603	     0.0000	 -0.0071815	  -0.020313	    0.25916	
20	8	   0.042562	   0.024857	     51.987	     2.7958	-9.7531e+92	-9.7531e+92	  0.0073155	  0.0041777	  0.0054359	  0.0066212	   -0.21288	   -0.16599	
20	9	 1.6997e-06	 9.9264e-07	     174.09	    0.29453	-9.7531e+92	-9.7531e+92	  0.0020206	 7.5545e-06	     0.0000	     0.0000	-0.00036641	   0.089361	
20	10	  0.0020852	  0.0012178	     74.457	     2.2947	-9.7531e+92	-9.7531e+92	 0.00035627	 0.00020832	 0.00028482	 0.00067400	 -0.0097542	 -0.0076432	
20	11	 0.00033285	 0.00019439	     83.734	     2.0113	-9.7531e+92	-9.7531e+92	 0.00014544	 4.3136e-05	 3.6958e-05	 6.2699e-05	 -0.0020989	-0.00095745	
20	12	 0.00086307	 0.00050405	     45.010	     2.8817	-9.7531e+92	-9.7531e+92	 0.00021044	 7.7524e-05	 0.00010684	 0.00019654	 -0.0034028	 -0.0021756	
20	13	   0.021148	   0.012351	     165.04	    0.35635	-9.7531e+92	-9.7531e+92	   0.013156	  0.0021454	     0.0000	 -0.0074946	   -0.10123	    0.17725	
20	14	    0.28199	    0.16469	     147.73	    0.52061	-9.7531e+92	-9.7531e+92	   0.059509	   0.027420	     0.0000	   0.018327	    -1.3401	   -0.62442	
20	15	   0.013314	  0.0077757	     124.66	    0.87845	-9.7531e+92	-9.7531e+92	  0.0069523	  0.0013800	     0.0000	 -0.0067480	  -0.070542	    0.10581	
20	16	 9.8268e-16	 5.7391e-16	     74.477	     2.2942	-9.7531e+92	-9.7531e+92	 1.9463e-05	 7.0963e-06	     0.0000	 6.8591e-10	-0.00031771	-1.7838e-08	
20	17	 3.9000e-13	 2.2777e-13	     207.02	    0.15490	-9.7531e+92	-9.7531e+92	 5.9045e-05	 7.1627e-06	     0.0000	-0.00049351	-0.00035842	  0.0026222	
20	18	    0.28962	    0.16915	     90.275	     1.8027	-9.7531e+92	-9.7531e+92	   0.051499	   0.030110	   0.014757	  0.0024550	    -1.4662	   -0.95854	
20	19	   0.042871	   0.025037	     28.400	     2.9806	-9.7531e+92	-9.7531e+92	  0.0083161	  0.0034566	  0.0020635	  0.0029381	   -0.18439	   -0.11325	
20	20	     0.0000	     0.0000	     0.0000	     3.0000	-9.7531e+92	-9.7531e+92	    0.29319	     0.0000	    0.29080	     0.0000	     0.0000	     0.0000	
20	21	 2.7688e-05	 1.6171e-05	     169.84	    0.32188	-9.7531e+92	-9.7531e+92	  0.0032467	 1.0330e-05	     0.0000	 -0.0012733	-0.00050342	    0.15816	
20	22	  0.0010289	 0.00060089	     116.48	     1.0560	-9.7531e+92	-9.7531e+92	  0.0051235	 9.3285e-05	     0.0000	  -0.019477	 -0.0055871	    0.17846	
20	23	  0.0010331	 0.00060332	     93.058	     1.7144	-9.7531e+92	-9.7531e+92	 0.00037200	 0.00012370	     0.0000	-0.00021921	 -0.0059520	  0.0028211	
20	24	 3.0046e-05	 1.7548e-05	     121.85	    0.93617	-9.7531e+92	-9.7531e+92	 0.00014545	 1.0821e-05	     0.0000	-0.00043448	-0.00052418	  0.0047467	
21	0	    0.22994	    0.23219	     39.458	     2.9290	-9.7531e+92	-9.7531e+92	    0.12044	   0.085260	     0.0000	 0.00048939	   -0.28390	   -0.22172	
21	1	    0.12594	    0.12717	     57.297	     2.7081	-9.7531e+92	-9.7531e+92	   0.050329	   0.067471	     0.0000	  0.0060941	    0.20296	  -0.052617	
21	2	 0.00037601	 0.00037969	     197.19	    0.18609	-9.7531e+92	-9.7531e+92	   0.019394	 0.00033227	     0.0000	  -0.043496	  0.0015251	    0.10378	
21	3	 4.1842e-06	 4.2251e-06	     259.71	   0.064522	-9.7531e+92	-9.7531e+92	  0.0021783	 5.7143e-05	     0.0000	  -0.041556	 0.00024905	   0.036417	
21	4	 1.8629e-07	 1.8811e-07	     253.96	   0.070430	-9.7531e+92	-9.7531e+92	  0.0020618	 5.0993e-05	     0.0000	   -0.10182	 0.00020872	   0.055677	
21	5	  0.0017676	  0.0017848	     132.91	    0.72808	-9.7531e+92	-9.7531e+92	   0.015853	  0.0013900	     0.0000	 -0.0093276	  0.0053241	   0.077043	
21	6	    0.28447	    0.28725	     78.899	     2.1621	-9.7531e+92	-9.7531e+92	   0.093942	    0.15740	  0.0091672	   0.057797	    0.87857	   -0.26226	
21	7	   0.036017	   0.036369	     44.967	     2.8822	-9.7531e+92	-9.7531e+92	   0.029243	   0.023982	     0.0000	 -0.0084558	    0.10820	   0.034984	
21	8	 0.00014246	 0.00014386	     132.38	    0.73687	-9.7531e+92	-9.7531e+92	 0.00072537	 0.00016681	     0.0000	 -0.0019974	 0.00057557	  0.0042020	
21	9	  0.0073810	  0.0074532	     83.320	     2.0244	-9.7531e+92	-9.7531e+92	  0.0094257	  0.0052072	     0.0000	     0.0000	   0.022234	   0.017243	
21	10	 7.2697e-11	 7.3408e-11	     171.26	    0.31241	-9.7531e+92	-9.7531e+92	 3.8582e-05	 5.4712e-05	     0.0000	-7.0929e-05	 0.00017737	 7.9588e-05	
21	11	 5.3295e-05	 5.3816e-05	     128.65	    0.80225	-9.7531e+92	-9.7531e+92	 6.9205e-05	 9.4738e-05	     0.0000	-5.4731e-05	 0.00033096	 9.3855e-05	
21	12	 1.1179e-16	 1.1288e-16	     187.39	    0.22505	-9.7531e+92	-9.7531e+92	 4.2619e-05	 5.5752e-05	     0.0000	-0.00017077	 0.00017251	 0.00015822	
21	13	   0.081039	   0.081831	     76.619	     2.2311	-9.7531e+92	-9.7531e+92	   0.038721	   0.057673	     0.0000	  0.0070443	    0.26689	  -0.014658	
21	14	    0.13042	    0.13170	     101.18	     1.4647	-9.7531e+92	-9.7531e+92	   0.057906	   0.090658	     0.0000	  0.0015220	    0.46346	 -0.0048109	
21	15	 5.1463e-05	 5.1966e-05	     175.65	    0.28523	-9.7531e+92	-9.7531e+92	  0.0034560	 9.4674e-05	     0.0000	  -0.027776	 0.00033317	   0.049226	
21	16	 3.7634e-17	 3.8001e-17	     180.81	    0.25669	-9.7531e+92	-9.7531e+92	 3.3651e-05	 5.3838e-05	     0.0000	 2.7750e-09	 0.00018852	-6.5116e-09	
21	17	 2.3767e-16	 2.4000e-16	     326.31	   0.026229	-9.7531e+92	-9.7531e+92	 4.2622e-05	 5.8512e-05	     0.0000	 -0.0013452	 0.00016362	 0.00082200	
21	18	   0.094243	   0.095164	     79.511	     2.1434	-9.7531e+92	-9.7531e+92	   0.041430	   0.064934	     0.0000	 0.00099522	    0.27926	  -0.036511	
21	19	 3.6586e-09	 3.6944e-09	     197.71	    0.18427	-9.7531e+92	-9.7531e+92	 0.00081255	 5.5746e-05	     0.0000	 -0.0076940	 0.00017397	   0.014919	
21	20	 2.7291e-06	 2.7557e-06	     169.84	    0.32188	-9.7531e+92	-9.7531e+92	 0.00032274	 5.7045e-05	     0.0000	 -0.0015431	 0.00018569	  0.0056467	
21	21	     0.0000	     0.0000	     0.0000	     3.0000	-9.7531e+92	-9.7531e+92	    0.51912	     0.0000	    0.48321	     0.0000	     0.0000	     0.0000	
21	22	 1.1865e-18	 1.1980e-18	     284.69	   0.044983	-9.7531e+92	-9.7531e+92	  0.0010195	 5.0465e-05	     0.0000	  -0.064618	 0.00017327	   0.058644	
21	23	  0.0062919	  0.0063534	     78.648	     2.1698	-9.7531e+92	-9.7531e+92	  0.0021803	  0.0034048	 0.00044428	 6.5358e-06	   0.043968	  0.0084793	
21	24	  0.0018538	  0.0018719	     85.071	     1.9688	-9.7531e+92	-9.7531e+92	 0.00089460	  0.0014364	     0.0000	 0.00083886	  0.0057067	 -0.0010949	
22	0	 0.00021041	 0.00015411	     321.47	   0.027830	-9.7531e+92	-9.7531e+92	  0.0050095	 0.00023410	     0.0000	  -0.092484	-0.00032066	  0.0049879	
22	1	 2.5169e-05	 1.8434e-05	     312.59	   0.031097	-9.7531e+92	-9.7531e+92	  0.0037034	 8.2283e-05	     0.0000	  -0.020605	-0.00017041	   0.023167	
22	2	    0.13131	   0.096171	     161.29	    0.38622	-9.7531e+92	-9.7531e+92	   0.042459	   0.092589	     0.0000	   0.057607	   -0.50267	  -0.040971	
22	3	    0.17790	    0.13030	     164.94	    0.35711	-9.7531e+92	-9.7531e+92	   0.044919	    0.11816	   0.020583	    0.52512	   -0.73877	   -0.15875	
22	4	    0.44320	    0.32460	     82.638	     2.0459	-9.7531e+92	-9.7531e+92	    0.10214	   0.054383	   0.068896	   0.012974	    -2.5142	    -1.2036	
22	5	   0.029226	   0.021406	     151.89	    0.47454	-9.7531e+92	-9.7531e+92	   0.013486	   0.025755	     0.0000	  -0.016571	   -0.12294	   0.053081	
22	6	 5.7139e-05	 4.1849e-05	     216.08	    0.13159	-9.7531e+92	-9.7531e+92	  0.0043682	 0.00011245	     0.0000	   -0.32976	-0.00052428	    0.14169	
22	7	 3.7570e-07	 2.7516e-07	     241.36	   0.085874	-9.7531e+92	-9.7531e+92	  0.0032205	 6.1489e-05	     0.0000	  -0.067718	-0.00028943	    0.10806	
22	8	 2.7202e-05	 1.9923e-05	     168.70	    0.32968	-9.7531e+92	-9.7531e+92	 0.00093368	 8.7656e-05	     0.0000	 -0.0069987	-0.00043036	  0.0060260	
22	9	 7.9527e-14	 5.8247e-14	     266.14	   0.058633	-9.7531e+92	-9.7531e+92	 0.00066953	 6.2266e-05	     0.0000	     0.0000	-0.00030206	   0.036997	
22	10	 1.2280e-13	 8.9937e-14	     176.66	    0.27933	-9.7531e+92	-9.7531e+92	 6.0301e-05	 6.2878e-05	     0.0000	-0.00024064	-0.00031696	 0.00011255	
22	11	 5.7882e-14	 4.2393e-14	     200.45	    0.17499	-9.7531e+92	-9.7531e+92	 4.3109e-05	 6.3485e-05	     0.0000	-0.00033584	-0.00032060	 0.00023906	
22	12	 0.00017031	 0.00012473	     131.16	    0.75767	-9.7531e+92	-9.7531e+92	 0.00013137	 0.00022175	 1.4469e-06	 0.00030913	 -0.0011123	-0.00011971	
22	13	 0.00053663	 0.00039303	     260.15	   0.064098	-9.7531e+92	-9.7531e+92	  0.0059839	 0.00053992	     0.0000	   -0.10161	 -0.0015099	   0.046226	
22	14	   0.032805	   0.024027	     227.39	    0.10817	-9.7531e+92	-9.7531e+92	   0.026827	   0.026145	     0.0000	  -0.096086	  -0.090742	   0.068330	
22	15	   0.024196	   0.017722	     163.21	    0.37056	-9.7531e+92	-9.7531e+92	   0.020588	   0.016653	     0.0000	  -0.020020	  -0.092996	   0.022580	
22	16	 1.9998e-14	 1.4647e-14	     106.73	     1.3057	-9.7531e+92	-9.7531e+92	 2.4408e-05	 5.7456e-05	     0.0000	 9.4028e-09	-0.00025492	-9.4251e-09	
22	17	   0.010455	  0.0076570	     106.10	     1.3231	-9.7531e+92	-9.7531e+92	  0.0023169	  0.0052745	  0.0018453	   0.018064	 -0.0070281	  0.0067158	
22	18	  0.0040758	  0.0029852	     205.13	    0.16037	-9.7531e+92	-9.7531e+92	  0.0075245	  0.0037619	     0.0000	 -0.0063467	  -0.014535	   0.076144	
22	19	    0.11749	   0.086051	     93.933	     1.6868	-9.7531e+92	-9.7531e+92	   0.025136	   0.085693	   0.017295	    0.16593	   -0.34463	   -0.15364	
22	20	   0.028317	   0.020740	     116.48	     1.0560	-9.7531e+92	-9.7531e+92	  0.0077572	   0.025643	  0.0047553	   0.031403	   -0.12668	  -0.047091	
22	21	 6.0733e-14	 4.4482e-14	     284.69	   0.044983	-9.7531e+92	-9.7531e+92	 0.00090578	 6.1771e-05	     0.0000	  -0.011289	-0.00029763	   0.064352	
22	22	     0.0000	     0.0000	     0.0000	     3.0000	-9.7531e+92	-9.7531e+92	    0.41399	     0.0000	    0.38294	     0.0000	     0.0000	     0.0000	
22	23	 2.8577e-13	 2.0930e-13	     209.07	    0.14920	-9.7531e+92	-9.7531e+92	 8.3287e-05	 6.3653e-05	     0.0000	 -0.0051660	-0.00032117	  0.0033077	
22	24	 1.3101e-14	 9.5954e-15	     237.89	   0.090842	-9.7531e+92	-9.7531e+92	 5.5438e-05	 6.3716e-05	     0.0000	 -0.0039594	-0.00031890	  0.0021355	
23	0	   0.050073	   0.019618	     119.13	    0.99543	-9.7531e+92	-9.7531e+92	   0.024781	  0.0010077	     0.0000	-8.0185e-05	  -0.012168	  0.0085789	
23	1	    0.15556	   0.060945	     132.72	    0.73117	-9.7531e+92	-9.7531e+92	   0.023322	  0.0046175	     0.0000	 0.00026167	  -0.012521	 -0.0034025	
23	2	 0.00037062	 0.00014520	     168.40	    0.33177	-9.7531e+92	-9.7531e+92	  0.0067714	 1.4892e-05	     0.0000	 -0.0012707	-3.0383e-05	  0.0042547	
23	3	 7.2768e-06	 2.8509e-06	     228.38	    0.10637	-9.7531e+92	-9.7531e+92	 0.00083903	 2.7018e-06	     0.0000	 -0.0012138	-4.8856e-06	  0.0014946	
23	4	 1.1970e-05	 4.6896e-06	     212.30	    0.14074	-9.7531e+92	-9.7531e+92	 0.00076230	 2.7063e-06	     0.0000	 -0.0029736	-7.0126e-06	  0.0022292	
23	5	   0.045622	   0.017874	     65.633	     2.5304	-9.7531e+92	-9.7531e+92	  0.0093165	  0.0015649	     0.0000	-6.8721e-05	 -0.0043406	 0.00076742	
23	6	   0.019740	  0.0077338	     73.330	     2.3271	-9.7531e+92	-9.7531e+92	   0.016410	 0.00054593	     0.0000	-0.00053709	 -0.0018585	  0.0033244	
23	7	   0.038067	   0.014914	     58.677	     2.6821	-9.7531e+92	-9.7531e+92	   0.010685	  0.0012119	     0.0000	-0.00022785	 -0.0037472	  0.0012723	
23	8	  0.0019912	 0.00078011	     54.810	     2.7517	-9.7531e+92	-9.7531e+92	 0.00052507	 7.3692e-05	     0.0000	-2.2482e-05	-0.00016049	 6.3443e-05	
23	9	 0.00016005	 6.2705e-05	     121.73	    0.93874	-9.7531e+92	-9.7531e+92	  0.0025387	 7.5766e-06	     0.0000	     0.0000	-2.3161e-05	  0.0010624	
23	10	 5.7754e-05	 2.2627e-05	     95.614	     1.6342	-9.7531e+92	-9.7531e+92	 2.1928e-05	 4.5260e-06	     0.0000	 6.5923e-08	-2.6589e-06	-1.9751e-08	
23	11	  0.0012494	 0.00048950	     53.605	     2.7712	-9.7531e+92	-9.7531e+92	 0.00014747	 4.6803e-05	 7.4696e-05	 2.5856e-05	-6.1987e-05	-3.9149e-05	
23	12	 1.2727e-05	 4.9862e-06	     109.85	     1.2215	-9.7531e+92	-9.7531e+92	 1.9754e-05	 2.9995e-06	     0.0000	-4.3917e-06	-8.4090e-06	 5.4443e-06	
23	13	   0.025074	  0.0098236	     113.01	     1.1402	-9.7531e+92	-9.7531e+92	   0.010087	 0.00083656	     0.0000	-0.00054619	 -0.0016522	  0.0016502	
23	14	   0.072611	   0.028448	     114.84	     1.0952	-9.7531e+92	-9.7531e+92	   0.018130	  0.0023111	     0.0000	-0.00047236	 -0.0044795	  0.0021621	
23	15	 6.6590e-05	 2.6089e-05	     149.47	    0.50076	-9.7531e+92	-9.7531e+92	  0.0012762	 4.8554e-06	     0.0000	-0.00081108	-1.4176e-05	  0.0019406	
23	16	 2.1992e-16	 8.6162e-17	     136.77	    0.66684	-9.7531e+92	-9.7531e+92	 1.3056e-05	 2.4915e-06	     0.0000	 7.9022e-11	-1.8424e-06	-1.0350e-10	
23	17	 1.3553e-15	 5.3098e-16	     284.58	   0.045056	-9.7531e+92	-9.7531e+92	 1.6460e-05	 2.6454e-06	     0.0000	-3.9296e-05	-8.4605e-06	 3.1970e-05	
23	18	    0.10523	   0.041228	     36.898	     2.9454	-9.7531e+92	-9.7531e+92	   0.017742	  0.0033887	     0.0000	 3.9278e-05	  -0.010178	 -0.0019969	
23	19	 1.8733e-05	 7.3392e-06	     121.29	    0.94810	-9.7531e+92	-9.7531e+92	 0.00046772	 3.2293e-06	     0.0000	-0.00022422	-9.8216e-06	 0.00058090	
23	20	  0.0023400	 0.00091677	     93.058	     1.7144	-9.7531e+92	-9.7531e+92	 0.00039730	 8.9428e-05	     0.0000	-1.8951e-05	-0.00025267	 9.2720e-05	
23	21	    0.47938	    0.18781	     78.648	     2.1698	-9.7531e+92	-9.7531e+92	   0.050509	   0.015107	   0.036578	  0.0010387	  -0.033741	  -0.019545	
23	22	 1.1887e-08	 4.6573e-09	     209.07	    0.14920	-9.7531e+92	-9.7531e+92	 0.00038895	 2.2812e-06	     0.0000	 -0.0018876	-7.8883e-06	  0.0022928	
23	23	     0.0000	     0.0000	     0.0000	     3.0000	-9.7531e+92	-9.7531e+92	    0.19619	     0.0000	    0.19552	     0.0000	     0.0000	     0.0000	
23	24	  0.0023539	 0.00092223	     40.708	     2.9198	-9.7531e+92	-9.7531e+92	 0.00038650	 8.5121e-05	     0.0000	 4.0323e-05	-0.00025065	-7.0152e-05	
24	0	    0.20556	   0.093385	     123.34	    0.90511	-9.7531e+92	-9.7531e+92	   0.040369	  0.0034239	     0.0000	 0.00031082	  -0.099447	  -0.022225	
24	1	   0.058738	   0.026684	     142.19	    0.58963	-9.7531e+92	-9.7531e+92	   0.016474	  0.0013586	     0.0000	-2.0106e-05	  -0.022713	  0.0013948	
24	2	 3.7226e-05	 1.6912e-05	     210.29	    0.14595	-9.7531e+92	-9.7531e+92	  0.0074805	 2.7986e-06	     0.0000	 -0.0021761	-4.0495e-05	   0.034564	
24	3	 8.4410e-08	 3.8347e-08	     270.69	   0.054855	-9.7531e+92	-9.7531e+92	 0.00090546	 1.9147e-06	     0.0000	 -0.0020718	-2.5865e-05	   0.012129	
24	4	 9.1788e-10	 4.1699e-10	     253.16	   0.071301	-9.7531e+92	-9.7531e+92	 0.00083823	 1.7942e-06	     0.0000	 -0.0050756	-2.7708e-05	   0.017271	
24	5	  0.0071559	  0.0032509	     106.34	     1.3165	-9.7531e+92	-9.7531e+92	  0.0096743	 0.00019752	     0.0000	-0.00041620	 -0.0031005	   0.020808	
24	6	  0.0072851	  0.0033096	     108.13	     1.2674	-9.7531e+92	-9.7531e+92	   0.016225	 0.00016264	     0.0000	 -0.0025518	 -0.0031277	   0.029937	
24	7	   0.034719	   0.015773	     84.614	     1.9834	-9.7531e+92	-9.7531e+92	   0.015221	 0.00087207	     0.0000	-0.00044223	  -0.014904	   0.010864	
24	8	  0.0025594	  0.0011627	     77.960	     2.1908	-9.7531e+92	-9.7531e+92	  0.0013136	 7.2215e-05	     0.0000	-1.7140e-05	 -0.0010126	 0.00021833	
24	9	 0.00013447	 6.1091e-05	     149.07	    0.50520	-9.7531e+92	-9.7531e+92	  0.0031873	 5.3310e-06	     0.0000	     0.0000	-8.7988e-05	  0.0078842	
24	10	 8.3067e-06	 3.7737e-06	     102.71	     1.4197	-9.7531e+92	-9.7531e+92	 2.1940e-05	 2.0653e-06	     0.0000	-2.1964e-06	-2.0603e-05	 1.2267e-05	
24	11	 0.00066695	 0.00030299	     56.094	     2.7297	-9.7531e+92	-9.7531e+92	 0.00011888	 1.8914e-05	 3.4499e-05	 1.3763e-05	-0.00015352	-0.00010551	
24	12	 4.4498e-07	 2.0215e-07	     132.31	    0.73810	-9.7531e+92	-9.7531e+92	 2.5666e-05	 1.9954e-06	     0.0000	-8.1277e-06	-2.9872e-05	 4.4630e-05	
24	13	   0.018324	  0.0083246	     142.21	    0.58941	-9.7531e+92	-9.7531e+92	   0.012435	 0.00048979	     0.0000	 -0.0010868	 -0.0068209	   0.016530	
24	14	   0.015515	  0.0070485	     150.00	    0.49487	-9.7531e+92	-9.7531e+92	   0.014076	 0.00039667	     0.0000	 -0.0016771	 -0.0057296	   0.038470	
24	15	 3.6639e-06	 1.6645e-06	     189.75	    0.21485	-9.7531e+92	-9.7531e+92	  0.0013737	 2.0144e-06	     0.0000	 -0.0013864	-3.0700e-05	   0.014600	
24	16	 1.1934e-16	 5.4217e-17	     177.80	    0.27291	-9.7531e+92	-9.7531e+92	 1.5140e-05	 1.9582e-06	     0.0000	 1.2934e-10	-2.3745e-05	-1.5328e-09	
24	17	 3.1732e-16	 1.4416e-16	     325.25	   0.026569	-9.7531e+92	-9.7531e+92	 1.8882e-05	 2.0672e-06	     0.0000	-6.7057e-05	-3.0643e-05	 0.00023324	
24	18	    0.63748	    0.28961	     74.739	     2.2865	-9.7531e+92	-9.7531e+92	   0.078520	   0.016750	   0.049939	 0.00081811	   -0.26124	   -0.21455	
24	19	 7.6563e-07	 3.4782e-07	     150.08	    0.49393	-9.7531e+92	-9.7531e+92	 0.00052067	 2.0070e-06	     0.0000	-0.00037800	-3.0358e-05	  0.0042717	
24	20	 6.0676e-05	 2.7565e-05	     121.85	    0.93617	-9.7531e+92	-9.7531e+92	 0.00029919	 3.7604e-06	     0.0000	-7.3775e-05	-5.7080e-05	  0.0015942	
24	21	   0.011457	  0.0052049	     85.071	     1.9688	-9.7531e+92	-9.7531e+92	  0.0070730	 0.00029715	     0.0000	-0.00011254	 -0.0049123	  0.0095243	
24	22	 1.0140e-16	 4.6066e-17	     237.89	   0.090842	-9.7531e+92	-9.7531e+92	 0.00042892	 1.7860e-06	     0.0000	 -0.0032212	-3.0022e-05	   0.016914	
24	23	 0.00029081	 0.00013212	     40.708	     2.9198	-9.7531e+92	-9.7531e+92	 0.00032188	 1.0098e-05	     0.0000	-6.2600e-05	-0.00015220	 0.00055021	
24	24	     0.0000	     0.0000	     0.0000	     3.0000	-9.7531e+92	-9.7531e+92	    0.22731	     0.0000	    0.22679	     0.0000	     0.0000	     0.0000	
