#source	Target	value	weight	distance	potential1	geneCorrelation	separation	influenceWeight	betweenness	influence'Weight	betweenness'	nbetweenness	nbetweenness'	
0	0	     0.0000	     0.0000	     0.0000	     3.0000	-9.7531e+92	-9.7531e+92	     2.9472	     0.0000	     2.5339	     0.0000	     0.0000	     0.0000	
0	1	    0.14196	    0.79973	     35.562	     2.9528	-9.7531e+92	-9.7531e+92	    0.30989	   0.084671	     0.0000	 6.0853e-06	   -0.16325	-3.8609e-05	
0	2	  0.0072468	   0.040826	     211.35	    0.14318	-9.7531e+92	-9.7531e+92	    0.10452	  0.0052330	     0.0000	-6.0788e-05	  0.0041325	 4.8152e-05	
0	3	 0.00016143	 0.00090946	     273.88	   0.052386	-9.7531e+92	-9.7531e+92	   0.043088	 0.00017742	     0.0000	-8.5702e-05	 0.00035029	 1.9802e-05	
0	4	 2.7750e-07	 1.5633e-06	     281.58	   0.046977	-9.7531e+92	-9.7531e+92	  0.0067744	 5.2434e-05	     0.0000	-1.9232e-05	 5.4316e-06	 8.2501e-06	
0	5	  0.0056403	   0.031776	     169.69	    0.32292	-9.7531e+92	-9.7531e+92	   0.020222	  0.0041463	     0.0000	-8.0371e-07	-0.00041554	 1.0833e-06	
0	6	    0.10013	    0.56411	     105.31	     1.3454	-9.7531e+92	-9.7531e+92	    0.22927	   0.063560	     0.0000	     0.0000	   0.050988	     0.0000	
0	7	    0.20908	     1.1779	     80.265	     2.1201	-9.7531e+92	-9.7531e+92	    0.36311	    0.14618	    0.11013	 5.7374e-07	   0.011296	-0.00011367	
0	8	 9.3767e-05	 0.00052826	     172.11	    0.30693	-9.7531e+92	-9.7531e+92	  0.0010014	 0.00012290	     0.0000	-5.0653e-07	-3.6265e-05	 2.3702e-07	
0	9	    0.10966	    0.61776	     86.890	     1.9108	-9.7531e+92	-9.7531e+92	    0.33654	   0.072466	     0.0000	-3.3077e-07	   0.014854	 1.8330e-05	
0	10	 1.6696e-13	 9.4058e-13	     210.64	    0.14503	-9.7531e+92	-9.7531e+92	 0.00020138	 5.3305e-05	     0.0000	-2.7886e-08	-3.7821e-05	 8.0656e-09	
0	11	 6.5380e-06	 3.6833e-05	     167.10	    0.34103	-9.7531e+92	-9.7531e+92	 0.00025924	 5.5818e-05	     0.0000	-3.1658e-08	-5.4913e-06	 1.4429e-08	
0	12	 9.9446e-14	 5.6024e-13	     226.76	    0.10933	-9.7531e+92	-9.7531e+92	 0.00020229	 5.4610e-05	     0.0000	-3.6152e-08	-5.2807e-05	 1.0599e-08	
0	13	    0.11726	    0.66058	     86.013	     1.9388	-9.7531e+92	-9.7531e+92	    0.41811	   0.062918	     0.0000	-8.5960e-06	   -0.20199	 1.6937e-05	
0	14	   0.073613	    0.41471	     114.85	     1.0949	-9.7531e+92	-9.7531e+92	    0.22065	   0.048111	     0.0000	     0.0000	  0.0043532	 3.8710e-06	
0	15	 0.00057378	  0.0032325	     189.51	    0.21584	-9.7531e+92	-9.7531e+92	    0.10830	 0.00047689	     0.0000	-2.3536e-05	-0.00019817	 6.3230e-05	
0	16	 2.1904e-13	 1.2340e-12	     217.18	    0.12904	-9.7531e+92	-9.7531e+92	 0.00018775	 5.4978e-05	     0.0000	 9.7828e-12	-5.0638e-05	-3.3098e-12	
0	17	 1.4844e-13	 8.3627e-13	     353.56	   0.019078	-9.7531e+92	-9.7531e+92	 0.00032266	 5.6572e-05	     0.0000	-1.4268e-06	-6.8255e-05	 3.5729e-07	
0	18	    0.12008	    0.67650	     116.29	     1.0606	-9.7531e+92	-9.7531e+92	    0.26929	   0.080126	     0.0000	 4.9802e-05	   0.024144	-2.9707e-05	
0	19	 2.0612e-15	 1.1612e-14	     234.49	   0.096052	-9.7531e+92	-9.7531e+92	 0.00051624	 5.3387e-05	     0.0000	-1.4004e-06	-4.3005e-05	 5.3807e-07	
0	20	 5.9428e-14	 3.3480e-13	     206.61	    0.15606	-9.7531e+92	-9.7531e+92	 0.00062242	 5.3298e-05	     0.0000	-8.5730e-07	-4.1683e-05	 4.5255e-07	
0	21	    0.10648	    0.59988	     39.458	     2.9290	-9.7531e+92	-9.7531e+92	    0.23750	   0.064997	     0.0000	 3.6076e-06	   0.055903	-3.2610e-05	
0	22	 2.0923e-14	 1.1787e-13	     321.47	   0.027830	-9.7531e+92	-9.7531e+92	  0.0010095	 5.4636e-05	     0.0000	-8.8847e-06	-5.8478e-05	 2.2317e-06	
0	23	  0.0045078	   0.025395	     119.13	    0.99543	-9.7531e+92	-9.7531e+92	  0.0085371	  0.0031303	  0.0018825	 1.2461e-06	  0.0046209	-2.4474e-06	
0	24	  0.0035165	   0.019811	     123.34	    0.90511	-9.7531e+92	-9.7531e+92	  0.0057772	  0.0024773	  0.0029635	 1.6556e-06	  0.0035984	-2.2325e-06	
1	0	   0.077828	    0.39436	     35.562	     2.9528	-9.7531e+92	-9.7531e+92	    0.22476	   0.037205	     0.0000	 0.00012189	   0.091572	-0.00023828	
1	1	     0.0000	     0.0000	     0.0000	     3.0000	-9.7531e+92	-9.7531e+92	     2.6418	     0.0000	     2.3019	     0.0000	     0.0000	     0.0000	
1	2	  0.0081462	   0.041278	     184.62	    0.23778	-9.7531e+92	-9.7531e+92	    0.10767	  0.0053850	     0.0000	 -0.0055552	   0.034842	  0.0051879	
1	3	  0.0035658	   0.018068	     244.14	   0.082134	-9.7531e+92	-9.7531e+92	   0.063485	  0.0025875	     0.0000	 -0.0072135	   0.018414	  0.0019808	
1	4	 3.8906e-06	 1.9714e-05	     272.02	   0.053810	-9.7531e+92	-9.7531e+92	  0.0069263	 5.1075e-05	     0.0000	 -0.0017753	 0.00028809	 0.00088259	
1	5	  0.0044651	   0.022625	     161.91	    0.38106	-9.7531e+92	-9.7531e+92	   0.017958	  0.0032212	     0.0000	-0.00012933	   0.017274	 0.00020073	
1	6	    0.26053	     1.3201	     96.519	     1.6061	-9.7531e+92	-9.7531e+92	    0.38878	    0.16852	   0.091656	  0.0062943	     1.0697	  -0.014776	
1	7	    0.15116	    0.76594	     75.481	     2.2648	-9.7531e+92	-9.7531e+92	    0.25557	   0.094174	   0.028033	 3.4285e-05	    0.66446	 -0.0078126	
1	8	 4.6309e-05	 0.00023465	     184.58	    0.23797	-9.7531e+92	-9.7531e+92	 0.00080239	 8.2951e-05	     0.0000	-5.3457e-05	 0.00040617	 2.8688e-05	
1	9	    0.15118	    0.76604	     55.376	     2.7421	-9.7531e+92	-9.7531e+92	    0.34085	   0.091557	     0.0000	 1.7289e-05	    0.65155	 -0.0011021	
1	10	 5.5129e-13	 2.7934e-12	     228.04	    0.10699	-9.7531e+92	-9.7531e+92	 0.00018017	 5.0339e-05	     0.0000	-2.5748e-06	 0.00022731	 8.5252e-07	
1	11	 2.5422e-13	 1.2882e-12	     185.20	    0.23505	-9.7531e+92	-9.7531e+92	 0.00020946	 4.8908e-05	     0.0000	-3.8847e-06	 0.00023841	 2.0274e-06	
1	12	 1.2619e-13	 6.3943e-13	     231.78	    0.10046	-9.7531e+92	-9.7531e+92	 0.00018184	 5.1100e-05	     0.0000	-3.3381e-06	 0.00022249	 1.1204e-06	
1	13	   0.074702	    0.37852	     57.043	     2.7128	-9.7531e+92	-9.7531e+92	    0.30703	   0.039228	     0.0000	     0.0000	    0.20827	  0.0039644	
1	14	   0.086977	    0.44072	     88.839	     1.8485	-9.7531e+92	-9.7531e+92	    0.21619	   0.051379	     0.0000	     0.0000	    0.30337	-0.00034300	
1	15	  0.0021903	   0.011099	     167.83	    0.33581	-9.7531e+92	-9.7531e+92	    0.10018	  0.0015524	     0.0000	 -0.0021353	  0.0086168	  0.0066084	
1	16	 2.8963e-13	 1.4676e-12	     207.46	    0.15366	-9.7531e+92	-9.7531e+92	 0.00016886	 5.1124e-05	     0.0000	 9.0330e-10	 0.00022761	-3.4919e-10	
1	17	 2.7402e-13	 1.3885e-12	     342.57	   0.021626	-9.7531e+92	-9.7531e+92	 0.00031108	 5.2114e-05	     0.0000	-0.00013174	 0.00021675	 3.7780e-05	
1	18	   0.075722	    0.38369	     111.77	     1.1715	-9.7531e+92	-9.7531e+92	    0.18952	   0.048118	     0.0000	 0.00062439	    0.31428	-0.00043646	
1	19	 2.3645e-13	 1.1981e-12	     226.57	    0.10968	-9.7531e+92	-9.7531e+92	 0.00047416	 5.0123e-05	     0.0000	-0.00012931	 0.00023139	 5.6956e-05	
1	20	 1.3316e-06	 6.7473e-06	     199.20	    0.17914	-9.7531e+92	-9.7531e+92	 0.00056303	 5.0789e-05	     0.0000	-7.8992e-05	 0.00023971	 4.7813e-05	
1	21	    0.10225	    0.51810	     57.297	     2.7081	-9.7531e+92	-9.7531e+92	    0.19753	   0.056724	     0.0000	     0.0000	    0.48292	     0.0000	
1	22	 4.1914e-13	 2.1238e-12	     312.59	   0.031097	-9.7531e+92	-9.7531e+92	  0.0010080	 5.0489e-05	     0.0000	-0.00082036	 0.00022309	 0.00023625	
1	23	 0.00088718	  0.0044955	     132.72	    0.73117	-9.7531e+92	-9.7531e+92	  0.0031650	 0.00063816	     0.0000	-7.7783e-06	  0.0042351	 1.7503e-05	
1	24	 0.00035339	  0.0017906	     142.19	    0.58963	-9.7531e+92	-9.7531e+92	  0.0013207	 0.00028027	     0.0000	-3.9739e-06	  0.0019287	 6.1375e-06	
2	0	 0.00067587	  0.0029221	     211.35	    0.14318	-9.7531e+92	-9.7531e+92	   0.083556	  0.0011866	     0.0000	   -0.30221	   0.010351	   -0.83204	
2	1	  0.0018901	  0.0081716	     184.62	    0.23778	-9.7531e+92	-9.7531e+92	   0.082200	  0.0031114	     0.0000	   -0.31363	   0.025955	   -0.74062	
2	2	     0.0000	     0.0000	     0.0000	     3.0000	-9.7531e+92	-9.7531e+92	     2.2812	     0.0000	     1.8713	     0.0000	     0.0000	     0.0000	
2	3	   0.056534	    0.24442	     63.167	     2.5880	-9.7531e+92	-9.7531e+92	    0.10334	   0.028052	     0.0000	     0.0000	   -0.20915	     0.0000	
2	4	   0.029658	    0.12822	     91.235	     1.7721	-9.7531e+92	-9.7531e+92	   0.049260	   0.036590	     0.0000	    0.30414	    0.31289	    0.18377	
2	5	  0.0034819	   0.015054	     120.45	    0.96633	-9.7531e+92	-9.7531e+92	  0.0099642	  0.0054715	     0.0000	  -0.026310	   0.038420	  -0.040381	
2	6	  0.0030817	   0.013324	     118.53	     1.0087	-9.7531e+92	-9.7531e+92	   0.061621	  0.0045051	     0.0000	  -0.014511	   0.034338	   -0.59936	
2	7	 0.00024194	  0.0010460	     153.12	    0.46179	-9.7531e+92	-9.7531e+92	   0.029292	 0.00051684	     0.0000	 -0.0021617	  0.0031554	   -0.48114	
2	8	 2.1438e-06	 9.2684e-06	     174.51	    0.29198	-9.7531e+92	-9.7531e+92	 0.00043073	 0.00011659	     0.0000	 -0.0089493	 0.00068855	 -0.0045317	
2	9	    0.65341	     2.8250	     133.64	    0.71608	-9.7531e+92	-9.7531e+92	    0.79198	     1.0000	    0.20398	   0.089345	     6.8605	     5.5728	
2	10	 4.7644e-15	 2.0598e-14	     213.20	    0.13850	-9.7531e+92	-9.7531e+92	 0.00015293	 0.00011410	     0.0000	-0.00038610	 0.00065470	-0.00011793	
2	11	 4.6649e-14	 2.0168e-13	     197.83	    0.18388	-9.7531e+92	-9.7531e+92	 0.00015832	 0.00011412	     0.0000	-0.00058253	 0.00065015	-0.00028156	
2	12	 3.5290e-15	 1.5257e-14	     181.48	    0.25322	-9.7531e+92	-9.7531e+92	 0.00015747	 0.00010561	     0.0000	-0.00050056	 0.00073979	-0.00015505	
2	13	   0.047724	    0.20633	     127.66	    0.82064	-9.7531e+92	-9.7531e+92	    0.21023	   0.065213	     0.0000	   -0.32956	    0.59118	    -1.2662	
2	14	   0.037192	    0.16080	     97.273	     1.5829	-9.7531e+92	-9.7531e+92	    0.14546	   0.053793	     0.0000	     0.0000	    0.43323	   -0.49615	
2	15	    0.15865	    0.68590	     21.827	     2.9932	-9.7531e+92	-9.7531e+92	    0.33050	    0.20786	     0.0000	    0.10585	     1.7705	    0.70550	
2	16	 8.6583e-15	 3.7433e-14	     68.097	     2.4691	-9.7531e+92	-9.7531e+92	 0.00014408	 0.00011225	     0.0000	 1.3545e-07	 0.00067400	 4.7191e-08	
2	17	 2.8177e-07	 1.2182e-06	     160.64	    0.39167	-9.7531e+92	-9.7531e+92	  0.0010618	 8.6913e-05	     0.0000	  -0.013984	 0.00082690	 -0.0052502	
2	18	  0.0073158	   0.031629	     137.27	    0.65930	-9.7531e+92	-9.7531e+92	   0.093079	   0.010376	     0.0000	   -0.82534	   0.079453	   -0.68474	
2	19	 8.5740e-05	 0.00037069	     139.30	    0.62950	-9.7531e+92	-9.7531e+92	  0.0012008	 0.00024191	     0.0000	  -0.017175	  0.0016451	 -0.0071037	
2	20	 4.6719e-05	 0.00020199	     139.77	    0.62284	-9.7531e+92	-9.7531e+92	 0.00088674	 0.00016724	     0.0000	  -0.010994	  0.0013192	 -0.0062656	
2	21	 3.1917e-06	 1.3799e-05	     197.19	    0.18609	-9.7531e+92	-9.7531e+92	   0.039958	 0.00011595	     0.0000	  -0.062747	 0.00071223	   -0.63879	
2	22	 3.7793e-06	 1.6339e-05	     161.29	    0.38622	-9.7531e+92	-9.7531e+92	  0.0060499	 9.6386e-05	     0.0000	   -0.11782	 0.00082043	  -0.033274	
2	23	 4.2075e-07	 1.8191e-06	     168.40	    0.33177	-9.7531e+92	-9.7531e+92	 0.00075063	 0.00011543	     0.0000	 -0.0056778	 0.00065171	  -0.011912	
2	24	 1.2136e-14	 5.2467e-14	     210.29	    0.14595	-9.7531e+92	-9.7531e+92	 0.00036704	 0.00011563	     0.0000	 -0.0032235	 0.00064057	 -0.0046239	
3	0	 0.00010767	 0.00054951	     273.88	   0.052386	-9.7531e+92	-9.7531e+92	   0.049596	 7.6181e-05	     0.0000	  -0.038850	-0.00026353	    0.15261	
3	1	 0.00077463	  0.0039534	     244.14	   0.082134	-9.7531e+92	-9.7531e+92	   0.049176	 0.00035414	     0.0000	  -0.032183	 -0.0017305	    0.14221	
3	2	    0.91130	     4.6509	     63.167	     2.5880	-9.7531e+92	-9.7531e+92	     1.2413	    0.35005	    0.75751	     1.0000	    -2.6095	    -1.8160	
3	3	     0.0000	     0.0000	     0.0000	     3.0000	-9.7531e+92	-9.7531e+92	     2.6161	     0.0000	     2.4188	     0.0000	     0.0000	     0.0000	
3	4	   0.039922	    0.20375	     82.606	     2.0469	-9.7531e+92	-9.7531e+92	   0.081177	   0.013960	   0.015330	   0.040071	   -0.11790	  -0.069515	
3	5	  0.0011772	  0.0060077	     167.87	    0.33554	-9.7531e+92	-9.7531e+92	  0.0091186	 0.00057210	     0.0000	 -0.0054239	 -0.0034252	   0.015434	
3	6	 5.2408e-05	 0.00026747	     180.81	    0.25667	-9.7531e+92	-9.7531e+92	   0.038177	 4.4698e-05	     0.0000	 -0.0014190	-0.00024127	    0.13011	
3	7	 1.1178e-06	 5.7048e-06	     215.68	    0.13250	-9.7531e+92	-9.7531e+92	   0.018308	 3.1640e-05	     0.0000	-0.00027723	-0.00019653	    0.11550	
3	8	 5.3538e-14	 2.7324e-13	     221.29	    0.12010	-9.7531e+92	-9.7531e+92	 0.00044337	 3.2186e-05	     0.0000	 -0.0011473	-0.00020484	  0.0011172	
3	9	 0.00012194	 0.00062232	     191.41	    0.20802	-9.7531e+92	-9.7531e+92	    0.43748	 8.1608e-05	     0.0000	 -0.0025991	-0.00052705	    0.34952	
3	10	 9.9901e-14	 5.0985e-13	     258.79	   0.065432	-9.7531e+92	-9.7531e+92	 0.00018030	 3.2816e-05	     0.0000	-4.9251e-05	-0.00021575	 2.9444e-05	
3	11	 3.0452e-14	 1.5541e-13	     244.71	   0.081388	-9.7531e+92	-9.7531e+92	 0.00018284	 3.2513e-05	     0.0000	-7.4307e-05	-0.00021352	 7.0082e-05	
3	12	 1.1697e-14	 5.9695e-14	     227.10	    0.10870	-9.7531e+92	-9.7531e+92	 0.00018682	 3.2582e-05	     0.0000	-6.3851e-05	-0.00021141	 3.8698e-05	
3	13	   0.012331	   0.062933	     188.65	    0.21955	-9.7531e+92	-9.7531e+92	    0.14379	  0.0048391	     0.0000	  -0.055709	  -0.020545	    0.27932	
3	14	   0.013343	   0.068099	     161.01	    0.38854	-9.7531e+92	-9.7531e+92	    0.10542	  0.0053870	     0.0000	     0.0000	  -0.032770	    0.14634	
3	15	   0.018664	   0.095254	     84.108	     1.9994	-9.7531e+92	-9.7531e+92	    0.21035	  0.0070110	     0.0000	 -0.0087477	  -0.043662	    0.18190	
3	16	 8.5735e-14	 4.3756e-13	     111.94	     1.1671	-9.7531e+92	-9.7531e+92	 0.00017008	 3.2238e-05	     0.0000	 1.6926e-08	-0.00019293	-1.2000e-08	
3	17	 0.00046887	  0.0023929	     122.41	    0.92444	-9.7531e+92	-9.7531e+92	  0.0022537	 0.00019161	     0.0000	-4.3416e-05	 4.7050e-06	 1.4959e-05	
3	18	  0.0017139	  0.0087469	     199.21	    0.17912	-9.7531e+92	-9.7531e+92	   0.059840	 0.00078617	     0.0000	   -0.11488	 -0.0037162	    0.15390	
3	19	 1.0330e-06	 5.2720e-06	     184.07	    0.24039	-9.7531e+92	-9.7531e+92	  0.0016430	 3.2458e-05	     0.0000	 -0.0024698	-0.00020415	  0.0019720	
3	20	 3.4023e-06	 1.7364e-05	     185.64	    0.23299	-9.7531e+92	-9.7531e+92	  0.0010642	 3.3296e-05	     0.0000	 -0.0015060	-0.00020948	  0.0016532	
3	21	 3.9615e-15	 2.0218e-14	     259.71	   0.064522	-9.7531e+92	-9.7531e+92	   0.026294	 3.0593e-05	     0.0000	 -0.0080044	-0.00019376	    0.15227	
3	22	 2.0842e-05	 0.00010637	     164.94	    0.35711	-9.7531e+92	-9.7531e+92	  0.0099302	 3.4842e-05	     0.0000	  -0.010948	-0.00016290	  0.0073885	
3	23	 3.9853e-14	 2.0339e-13	     228.38	    0.10637	-9.7531e+92	-9.7531e+92	 0.00056125	 3.2248e-05	     0.0000	-0.00072453	-0.00021028	  0.0029505	
3	24	 2.5792e-14	 1.3163e-13	     270.69	   0.054855	-9.7531e+92	-9.7531e+92	 0.00030890	 3.2543e-05	     0.0000	-0.00041118	-0.00021339	  0.0011483	
4	0	  0.0018490	  0.0041930	     281.58	   0.046977	-9.7531e+92	-9.7531e+92	   0.020603	 0.00044310	     0.0000	  -0.060098	  -0.015011	    0.53732	
4	1	 0.00095333	  0.0021619	     272.02	   0.053810	-9.7531e+92	-9.7531e+92	   0.017916	 0.00023635	     0.0000	  -0.064303	 -0.0082173	    0.50652	
4	2	    0.19334	    0.43845	     91.235	     1.7721	-9.7531e+92	-9.7531e+92	    0.20491	   0.037969	     0.0000	    0.19108	    -1.7183	   -0.77266	
4	3	    0.14812	    0.33591	     82.606	     2.0469	-9.7531e+92	-9.7531e+92	    0.11675	   0.025377	   0.029071	    0.60147	    -1.3522	   -0.86132	
4	4	     0.0000	     0.0000	     0.0000	     3.0000	-9.7531e+92	-9.7531e+92	     1.1864	     0.0000	     1.1572	     0.0000	     0.0000	     0.0000	
4	5	   0.049006	    0.11113	     147.08	    0.52816	-9.7531e+92	-9.7531e+92	   0.038032	   0.011680	   0.021530	   0.059404	   -0.46064	   -0.36079	
4	6	  0.0019508	  0.0044240	     179.35	    0.26441	-9.7531e+92	-9.7531e+92	   0.018928	 0.00046291	     0.0000	  -0.048539	  -0.019011	    0.49113	
4	7	 8.5236e-05	 0.00019329	     209.16	    0.14897	-9.7531e+92	-9.7531e+92	  0.0096340	 3.6245e-05	     0.0000	-0.00043846	 -0.0014405	    0.38907	
4	8	 9.1227e-05	 0.00020688	     186.41	    0.22946	-9.7531e+92	-9.7531e+92	  0.0013443	 3.8563e-05	 0.00022941	 -0.0014284	 -0.0015228	  0.0029450	
4	9	 8.7798e-06	 1.9910e-05	     223.28	    0.11603	-9.7531e+92	-9.7531e+92	   0.090679	 1.6834e-05	     0.0000	 -0.0044117	-0.00071129	     1.1809	
4	10	 4.4899e-14	 1.0182e-13	     204.61	    0.16194	-9.7531e+92	-9.7531e+92	 9.2758e-05	 1.6417e-05	     0.0000	-7.8041e-05	-0.00065095	 9.8414e-05	
4	11	 1.5235e-13	 3.4549e-13	     218.09	    0.12699	-9.7531e+92	-9.7531e+92	 0.00010458	 1.6419e-05	     0.0000	-0.00011774	-0.00065124	 0.00023439	
4	12	 1.1204e-06	 2.5407e-06	     165.11	    0.35583	-9.7531e+92	-9.7531e+92	 0.00015201	 1.6344e-05	     0.0000	-9.3387e-05	-0.00064898	 0.00011940	
4	13	   0.036745	   0.083327	     217.30	    0.12878	-9.7531e+92	-9.7531e+92	   0.093580	  0.0077047	     0.0000	  -0.073332	   -0.27991	    0.85794	
4	14	    0.12117	    0.27478	     184.55	    0.23808	-9.7531e+92	-9.7531e+92	    0.10233	   0.027258	     0.0000	     0.0000	   -0.99404	   -0.30937	
4	15	   0.081121	    0.18396	     106.18	     1.3210	-9.7531e+92	-9.7531e+92	   0.091333	   0.016280	     0.0000	 -0.0038736	   -0.73919	    0.10406	
4	16	 9.0030e-14	 2.0416e-13	     75.439	     2.2661	-9.7531e+92	-9.7531e+92	 7.5573e-05	 1.5773e-05	     0.0000	 2.5278e-08	-0.00060951	-3.9008e-08	
4	17	   0.035866	   0.081333	     73.525	     2.3215	-9.7531e+92	-9.7531e+92	   0.021575	  0.0051138	   0.020309	   0.058178	   -0.17892	   -0.16070	
4	18	   0.062206	    0.14107	     186.18	    0.23049	-9.7531e+92	-9.7531e+92	   0.067005	   0.014182	     0.0000	  -0.017775	   -0.53539	   0.052495	
4	19	   0.020768	   0.047096	     119.82	    0.98008	-9.7531e+92	-9.7531e+92	   0.018798	  0.0048998	   0.016948	    0.10449	   -0.19571	   -0.17661	
4	20	  0.0081095	   0.018390	     135.08	    0.69295	-9.7531e+92	-9.7531e+92	  0.0095192	  0.0019002	  0.0079359	   0.028358	  -0.076330	  -0.065891	
4	21	 7.2563e-14	 1.6455e-13	     253.96	   0.070430	-9.7531e+92	-9.7531e+92	   0.015269	 1.5711e-05	     0.0000	  -0.012683	-0.00063259	    0.51407	
4	22	    0.23860	    0.54108	     82.638	     2.0459	-9.7531e+92	-9.7531e+92	    0.14194	   0.028716	    0.13474	    0.26898	    -1.1689	    -1.0424	
4	23	 8.4888e-14	 1.9250e-13	     212.30	    0.14074	-9.7531e+92	-9.7531e+92	 0.00034822	 1.6410e-05	     0.0000	 -0.0011481	-0.00064934	  0.0098794	
4	24	 5.0262e-14	 1.1398e-13	     253.16	   0.071301	-9.7531e+92	-9.7531e+92	 0.00014364	 1.6464e-05	     0.0000	-0.00065154	-0.00065097	  0.0038425	
5	0	   0.081702	    0.10692	     169.69	    0.32292	-9.7531e+92	-9.7531e+92	   0.047307	   0.016761	     0.0000	  0.0085449	    -1.1202	  -0.098403	
5	1	   0.010265	   0.013434	     161.91	    0.38106	-9.7531e+92	-9.7531e+92	   0.021421	  0.0021415	     0.0000	  -0.067665	   -0.14394	    0.68834	
5	2	    0.11273	    0.14753	     120.45	    0.96633	-9.7531e+92	-9.7531e+92	   0.068051	   0.023798	     0.0000	   0.042662	    -1.5987	   -0.22086	
5	3	   0.018873	   0.024698	     167.87	    0.33554	-9.7531e+92	-9.7531e+92	   0.017472	  0.0041188	     0.0000	   -0.15161	   -0.26112	    0.23929	
5	4	  0.0043493	  0.0056917	     147.08	    0.52816	-9.7531e+92	-9.7531e+92	  0.0042510	 0.00083062	     0.0000	  -0.033182	  -0.067002	    0.11238	
5	5	     0.0000	     0.0000	     0.0000	     3.0000	-9.7531e+92	-9.7531e+92	    0.65875	     0.0000	    0.64923	     0.0000	     0.0000	     0.0000	
5	6	   0.095556	    0.12505	     72.218	     2.3585	-9.7531e+92	-9.7531e+92	   0.045775	   0.020254	     0.0000	   0.040328	    -1.4764	   -0.49894	
5	7	   0.026490	   0.034666	     89.752	     1.8194	-9.7531e+92	-9.7531e+92	   0.021456	  0.0056989	     0.0000	     0.0000	   -0.41121	    0.25011	
5	8	   0.023140	   0.030282	     54.235	     2.7611	-9.7531e+92	-9.7531e+92	  0.0079204	  0.0040275	  0.0072770	   0.036312	   -0.31937	   -0.26975	
5	9	 0.00058975	 0.00077178	     134.70	    0.69890	-9.7531e+92	-9.7531e+92	   0.046159	 0.00013927	     0.0000	 -0.0058343	  -0.010238	     1.8400	
5	10	 1.8466e-05	 2.4165e-05	     93.726	     1.6933	-9.7531e+92	-9.7531e+92	 8.4070e-05	 1.6290e-05	     0.0000	 3.7364e-05	 -0.0011843	-8.8894e-05	
5	11	  0.0011588	  0.0015165	     77.490	     2.2050	-9.7531e+92	-9.7531e+92	 0.00044209	 0.00025370	 0.00032034	  0.0043219	  -0.018226	  -0.014719	
5	12	 6.0256e-05	 7.8855e-05	     80.590	     2.1100	-9.7531e+92	-9.7531e+92	 8.2228e-05	 2.3209e-05	     0.0000	 0.00019083	 -0.0016981	-0.00052543	
5	13	    0.12993	    0.17004	     125.66	    0.85869	-9.7531e+92	-9.7531e+92	    0.11806	   0.025978	     0.0000	  -0.020087	    -1.6904	    0.30341	
5	14	    0.14646	    0.19167	     108.09	     1.2686	-9.7531e+92	-9.7531e+92	   0.068584	   0.031168	     0.0000	     0.0000	    -2.0385	   -0.79693	
5	15	   0.013378	   0.017508	     104.94	     1.3557	-9.7531e+92	-9.7531e+92	   0.030260	  0.0028528	     0.0000	  -0.066295	   -0.20780	     1.0789	
5	16	 7.1292e-13	 9.3297e-13	     71.546	     2.3771	-9.7531e+92	-9.7531e+92	 4.3612e-05	 1.3749e-05	     0.0000	 2.2262e-08	-0.00093152	-5.3850e-08	
5	17	 1.8430e-13	 2.4119e-13	     219.60	    0.12368	-9.7531e+92	-9.7531e+92	 0.00012519	 1.4719e-05	     0.0000	 -0.0045593	 -0.0010558	  0.0068259	
5	18	    0.29820	    0.39024	     53.346	     2.7752	-9.7531e+92	-9.7531e+92	    0.11770	   0.063826	   0.027794	    0.76790	    -4.3178	    -2.8980	
5	19	   0.012202	   0.015969	     64.874	     2.5486	-9.7531e+92	-9.7531e+92	  0.0044975	  0.0020448	  0.0034300	   0.022113	   -0.16276	   -0.13036	
5	20	   0.020523	   0.026857	     39.691	     2.9273	-9.7531e+92	-9.7531e+92	  0.0073184	  0.0038167	  0.0064047	   0.038848	   -0.29151	   -0.24413	
5	21	  0.0013221	  0.0017301	     132.91	    0.72808	-9.7531e+92	-9.7531e+92	   0.020604	 0.00029927	     0.0000	  -0.015217	  -0.021638	    0.78651	
5	22	 2.8327e-06	 3.7070e-06	     151.89	    0.47454	-9.7531e+92	-9.7531e+92	 0.00057419	 1.3752e-05	     0.0000	  -0.023644	 -0.0010570	   0.041409	
5	23	  0.0028806	  0.0037697	     65.633	     2.5304	-9.7531e+92	-9.7531e+92	  0.0013595	 0.00063100	     0.0000	  0.0011792	  -0.045078	  -0.023669	
5	24	 0.00016344	 0.00021389	     106.34	     1.3165	-9.7531e+92	-9.7531e+92	 0.00023099	 5.0675e-05	     0.0000	-0.00043653	 -0.0035846	  0.0036990	
6	0	    0.24065	    0.29269	     105.31	     1.3454	-9.7531e+92	-9.7531e+92	   0.089291	    0.14387	 5.4709e-05	   0.084046	     1.5197	    0.22114	
6	1	   0.080813	   0.098289	     96.519	     1.6061	-9.7531e+92	-9.7531e+92	   0.043737	   0.038885	     0.0000	     0.0000	    0.32021	     0.0000	
6	2	   0.074523	   0.090638	     118.53	     1.0087	-9.7531e+92	-9.7531e+92	   0.069265	   0.055983	     0.0000	  -0.023672	    0.62363	  -0.026462	
6	3	    0.21774	    0.26482	     180.81	    0.25667	-9.7531e+92	-9.7531e+92	   0.073406	    0.17608	   0.026382	    0.66781	     1.9591	    0.23511	
6	4	 7.4607e-05	 9.0741e-05	     179.35	    0.26441	-9.7531e+92	-9.7531e+92	  0.0035418	 0.00011347	     0.0000	  -0.032034	  0.0011356	  -0.016128	
6	5	   0.027976	   0.034025	     72.218	     2.3585	-9.7531e+92	-9.7531e+92	   0.010356	   0.020930	  0.0015052	   0.017663	    0.22980	   0.025825	
6	6	     0.0000	     0.0000	     0.0000	     3.0000	-9.7531e+92	-9.7531e+92	    0.62533	     0.0000	    0.55401	     0.0000	     0.0000	     0.0000	
6	7	   0.060386	   0.073444	     34.871	     2.9563	-9.7531e+92	-9.7531e+92	   0.035336	   0.045160	     0.0000	 9.0592e-05	    0.48534	   0.019206	
6	8	 0.00038372	 0.00046670	     109.28	     1.2365	-9.7531e+92	-9.7531e+92	 0.00033860	 0.00036346	     0.0000	-0.00010733	  0.0035228	-5.1747e-05	
6	9	  0.0079735	  0.0096978	     62.827	     2.5956	-9.7531e+92	-9.7531e+92	   0.050650	  0.0057074	     0.0000	 -0.0026793	   0.064815	   -0.15919	
6	10	 9.1116e-09	 1.1082e-08	     153.37	    0.45919	-9.7531e+92	-9.7531e+92	 4.3800e-05	 5.5683e-05	     0.0000	-4.6679e-05	 0.00050336	-1.3572e-05	
6	11	 4.3713e-06	 5.3166e-06	     117.04	     1.0431	-9.7531e+92	-9.7531e+92	 5.3222e-05	 5.8224e-05	     0.0000	-5.8820e-05	 0.00054270	-2.7064e-05	
6	12	 7.2615e-08	 8.8318e-08	     152.49	    0.46823	-9.7531e+92	-9.7531e+92	 4.4169e-05	 5.6373e-05	     0.0000	-6.0264e-05	 0.00050135	-1.7769e-05	
6	13	   0.069049	   0.083981	     53.773	     2.7685	-9.7531e+92	-9.7531e+92	   0.067525	   0.040248	     0.0000	  -0.032063	    0.43285	   -0.11783	
6	14	    0.11133	    0.13540	     41.508	     2.9135	-9.7531e+92	-9.7531e+92	   0.053918	   0.078535	     0.0000	     0.0000	    0.89765	   0.039698	
6	15	  0.0043716	  0.0053170	     96.746	     1.5991	-9.7531e+92	-9.7531e+92	   0.023196	  0.0031532	     0.0000	  -0.037816	   0.036504	   -0.11086	
6	16	 4.3687e-15	 5.3134e-15	     111.89	     1.1685	-9.7531e+92	-9.7531e+92	 4.0532e-05	 5.6383e-05	     0.0000	 1.6388e-08	 0.00050830	 5.4338e-09	
6	17	 2.3596e-15	 2.8699e-15	     251.72	   0.072906	-9.7531e+92	-9.7531e+92	 0.00012230	 5.7839e-05	     0.0000	 -0.0023904	 0.00048865	-0.00060509	
6	18	   0.078310	   0.095245	     36.723	     2.9464	-9.7531e+92	-9.7531e+92	   0.043451	   0.056034	     0.0000	   0.015537	    0.63674	   0.012302	
6	19	 1.9643e-06	 2.3891e-06	     133.74	    0.71443	-9.7531e+92	-9.7531e+92	 0.00018769	 5.6517e-05	     0.0000	 -0.0023400	 0.00052791	-0.00092152	
6	20	 8.3185e-05	 0.00010117	     111.59	     1.1762	-9.7531e+92	-9.7531e+92	 0.00023852	 0.00012265	     0.0000	 -0.0012474	  0.0011625	-0.00067690	
6	21	   0.025533	   0.031054	     78.899	     2.1621	-9.7531e+92	-9.7531e+92	   0.024646	   0.018168	     0.0000	-0.00073284	    0.20604	  -0.041919	
6	22	 2.9762e-15	 3.6198e-15	     216.08	    0.13159	-9.7531e+92	-9.7531e+92	 0.00046785	 5.5883e-05	     0.0000	  -0.014885	 0.00049529	 -0.0038379	
6	23	 0.00070753	 0.00086054	     73.330	     2.3271	-9.7531e+92	-9.7531e+92	 0.00066932	 0.00060546	     0.0000	-0.00025172	  0.0061146	-0.00050278	
6	24	 0.00010184	 0.00012387	     108.13	     1.2674	-9.7531e+92	-9.7531e+92	 0.00027498	 0.00013209	     0.0000	-0.00029841	  0.0013339	-0.00040750	
7	0	   0.087609	   0.099748	     80.265	     2.1201	-9.7531e+92	-9.7531e+92	   0.048229	   0.032983	     0.0000	 9.1878e-05	    0.17446	  0.0057299	
7	1	    0.12939	    0.14732	     75.481	     2.2648	-9.7531e+92	-9.7531e+92	   0.058116	   0.058378	     0.0000	   0.033325	    0.47046	    0.10404	
7	2	  0.0074405	  0.0084715	     153.12	    0.46179	-9.7531e+92	-9.7531e+92	   0.022227	  0.0048351	     0.0000	   -0.15318	   0.049514	   -0.17958	
7	3	 0.00030705	 0.00034960	     215.68	    0.13250	-9.7531e+92	-9.7531e+92	  0.0079605	 0.00025650	     0.0000	   -0.21562	  0.0026325	  -0.079505	
7	4	 1.8007e-05	 2.0502e-05	     209.16	    0.14897	-9.7531e+92	-9.7531e+92	  0.0017156	 5.7155e-05	     0.0000	  -0.048503	 0.00051281	  -0.025703	
7	5	   0.024398	   0.027779	     89.752	     1.8194	-9.7531e+92	-9.7531e+92	  0.0085557	   0.015903	 0.00027070	   0.022035	    0.14539	   0.033971	
7	6	   0.032348	   0.036831	     34.871	     2.9563	-9.7531e+92	-9.7531e+92	   0.028166	   0.019241	     0.0000	  -0.022415	    0.20064	  -0.052002	
7	7	     0.0000	     0.0000	     0.0000	     3.0000	-9.7531e+92	-9.7531e+92	    0.58429	     0.0000	    0.53317	     0.0000	     0.0000	     0.0000	
7	8	 0.00072797	 0.00082885	     109.89	     1.2203	-9.7531e+92	-9.7531e+92	 0.00040185	 0.00053578	     0.0000	  0.0011649	  0.0045660	 0.00059291	
7	9	    0.33020	    0.37595	     64.406	     2.5596	-9.7531e+92	-9.7531e+92	    0.12465	    0.20001	     0.0000	  0.0061129	     1.9488	    0.38304	
7	10	 2.7794e-07	 3.1645e-07	     153.29	    0.46001	-9.7531e+92	-9.7531e+92	 4.1644e-05	 4.6494e-05	     0.0000	-6.8656e-05	 0.00037265	-2.1086e-05	
7	11	 8.1866e-05	 9.3210e-05	     112.26	     1.1591	-9.7531e+92	-9.7531e+92	 7.1349e-05	 0.00010000	     0.0000	 0.00022306	 0.00085568	 0.00010840	
7	12	 2.4239e-07	 2.7598e-07	     158.06	    0.41430	-9.7531e+92	-9.7531e+92	 4.1373e-05	 4.7264e-05	     0.0000	-8.9780e-05	 0.00036642	-2.7962e-05	
7	13	    0.11949	    0.13604	     57.312	     2.7078	-9.7531e+92	-9.7531e+92	   0.084000	   0.061929	     0.0000	  -0.020477	    0.65915	  -0.078578	
7	14	    0.15059	    0.17146	     65.464	     2.5345	-9.7531e+92	-9.7531e+92	   0.064964	   0.086812	     0.0000	     0.0000	    0.88212	    0.14388	
7	15	 0.00087802	 0.00099968	     131.62	    0.74982	-9.7531e+92	-9.7531e+92	   0.031041	 0.00061388	     0.0000	  -0.059243	  0.0054954	   -0.18310	
7	16	 3.4270e-14	 3.9018e-14	     137.28	    0.65913	-9.7531e+92	-9.7531e+92	 3.7943e-05	 4.4029e-05	     0.0000	 2.4705e-08	 0.00046737	 8.6581e-09	
7	17	 8.8277e-14	 1.0051e-13	     281.54	   0.047004	-9.7531e+92	-9.7531e+92	 7.1307e-05	 4.8211e-05	     0.0000	 -0.0036034	 0.00035778	-0.00096336	
7	18	   0.079818	   0.090878	     38.248	     2.9371	-9.7531e+92	-9.7531e+92	   0.044703	   0.049184	     0.0000	   0.027115	    0.49956	   0.022541	
7	19	 6.6302e-06	 7.5489e-06	     154.38	    0.44913	-9.7531e+92	-9.7531e+92	 0.00014867	 5.0936e-05	     0.0000	 -0.0035055	 0.00040925	 -0.0014575	
7	20	 0.00012457	 0.00014183	     126.68	    0.83907	-9.7531e+92	-9.7531e+92	 0.00021800	 0.00013281	     0.0000	 -0.0017387	  0.0010678	-0.00099611	
7	21	   0.033304	   0.037919	     44.967	     2.8822	-9.7531e+92	-9.7531e+92	   0.027095	   0.018133	     0.0000	 -0.0041708	    0.21543	  -0.051300	
7	22	 3.0745e-14	 3.5006e-14	     241.36	   0.085874	-9.7531e+92	-9.7531e+92	 0.00024565	 4.6572e-05	     0.0000	  -0.022438	 0.00036381	 -0.0061081	
7	23	  0.0025601	  0.0029148	     58.677	     2.6821	-9.7531e+92	-9.7531e+92	  0.0010894	  0.0016686	     0.0000	  0.0013396	   0.015866	  0.0028255	
7	24	 0.00071738	 0.00081678	     84.614	     1.9834	-9.7531e+92	-9.7531e+92	 0.00037181	 0.00048874	     0.0000	 0.00038496	  0.0049951	 0.00055518	
8	0	   0.051604	   0.033861	     172.11	    0.30693	-9.7531e+92	-9.7531e+92	   0.018460	  0.0022723	     0.0000	 -0.0074401	   -0.32021	    0.13250	
8	1	  0.0043686	  0.0028665	     184.58	    0.23797	-9.7531e+92	-9.7531e+92	  0.0086534	 0.00019639	     0.0000	  -0.024777	  -0.027918	    0.38712	
8	2	  0.0027750	  0.0018209	     174.51	    0.29198	-9.7531e+92	-9.7531e+92	   0.016288	 0.00012504	     0.0000	  -0.072643	  -0.018248	    0.57996	
8	3	 7.9520e-05	 5.2177e-05	     221.29	    0.12010	-9.7531e+92	-9.7531e+92	  0.0041850	 6.6381e-06	     0.0000	  -0.097645	-0.00091915	    0.23775	
8	4	 7.3830e-05	 4.8444e-05	     186.41	    0.22946	-9.7531e+92	-9.7531e+92	  0.0012297	 6.1129e-06	     0.0000	  -0.021015	-0.00095416	   0.084978	
8	5	    0.23543	    0.15448	     54.235	     2.7611	-9.7531e+92	-9.7531e+92	   0.042208	  0.0095970	   0.037433	   0.095433	    -1.6120	    -1.5314	
8	6	   0.019109	   0.012539	     109.28	     1.2365	-9.7531e+92	-9.7531e+92	   0.011380	 0.00086521	     0.0000	  -0.015095	   -0.13357	    0.27007	
8	7	  0.0085965	  0.0056407	     109.89	     1.2203	-9.7531e+92	-9.7531e+92	  0.0073981	 0.00039163	     0.0000	-0.00012743	  -0.060446	    0.24841	
8	8	     0.0000	     0.0000	     0.0000	     3.0000	-9.7531e+92	-9.7531e+92	    0.32913	     0.0000	    0.32880	     0.0000	     0.0000	     0.0000	
8	9	 3.4177e-06	 2.2426e-06	     171.65	    0.30991	-9.7531e+92	-9.7531e+92	   0.017740	 3.0728e-06	     0.0000	 -0.0019315	-0.00048983	    0.93082	
8	10	  0.0052547	  0.0034480	     44.054	     2.8911	-9.7531e+92	-9.7531e+92	 0.00090551	 0.00017272	 0.00085452	  0.0073287	  -0.028027	  -0.026931	
8	11	  0.0028891	  0.0018957	     32.525	     2.9668	-9.7531e+92	-9.7531e+92	 0.00053868	 0.00011028	 0.00047764	  0.0030397	  -0.017890	  -0.016950	
8	12	  0.0014973	 0.00098246	     55.069	     2.7473	-9.7531e+92	-9.7531e+92	 0.00031366	 5.0362e-05	 0.00026039	  0.0020170	 -0.0081931	 -0.0075730	
8	13	    0.10281	   0.067461	     162.59	    0.37553	-9.7531e+92	-9.7531e+92	   0.054845	  0.0043482	     0.0000	  -0.013365	   -0.61321	    0.31415	
8	14	    0.21675	    0.14222	     146.54	    0.53466	-9.7531e+92	-9.7531e+92	   0.046467	  0.0096438	     0.0000	     0.0000	    -1.3712	   -0.84155	
8	15	 5.2805e-05	 3.4648e-05	     159.01	    0.40580	-9.7531e+92	-9.7531e+92	   0.010662	 5.3089e-06	     0.0000	  -0.026865	-0.00082972	    0.63436	
8	16	 8.9050e-15	 5.8431e-15	     112.87	     1.1438	-9.7531e+92	-9.7531e+92	 2.1867e-05	 2.8880e-06	     0.0000	 8.2478e-09	-0.00039602	-2.5823e-08	
8	17	 5.8295e-15	 3.8251e-15	     258.50	   0.065716	-9.7531e+92	-9.7531e+92	 4.5432e-05	 3.0931e-06	     0.0000	 -0.0016148	-0.00047455	  0.0034315	
8	18	    0.20698	    0.13581	     75.421	     2.2666	-9.7531e+92	-9.7531e+92	   0.051196	  0.0092928	  0.0061166	    0.15249	    -1.3539	   -0.88569	
8	19	   0.057771	   0.037907	     80.536	     2.1117	-9.7531e+92	-9.7531e+92	   0.010038	  0.0021512	  0.0095026	   0.077496	   -0.37154	   -0.35877	
8	20	   0.066416	   0.043580	     51.987	     2.7958	-9.7531e+92	-9.7531e+92	   0.011863	  0.0029807	   0.011405	   0.089927	   -0.46494	   -0.45136	
8	21	 0.00017292	 0.00011346	     132.38	    0.73687	-9.7531e+92	-9.7531e+92	  0.0091487	 1.0675e-05	     0.0000	 -0.0051251	 -0.0016715	    0.40403	
8	22	 6.1299e-07	 4.0222e-07	     168.70	    0.32968	-9.7531e+92	-9.7531e+92	 0.00021276	 2.9571e-06	     0.0000	 -0.0096505	-0.00047406	   0.021504	
8	23	   0.015554	   0.010206	     54.810	     2.7517	-9.7531e+92	-9.7531e+92	  0.0027887	 0.00071105	  0.0020136	  0.0051531	   -0.10951	  -0.099312	
8	24	  0.0018138	  0.0011902	     77.960	     2.1908	-9.7531e+92	-9.7531e+92	 0.00038004	 8.5975e-05	 5.2318e-05	 0.00077478	  -0.013200	 -0.0095074	
9	0	    0.13318	    0.15482	     86.890	     1.9108	-9.7531e+92	-9.7531e+92	   0.055392	    0.21029	     0.0000	   0.066830	     2.8457	    0.15780	
9	1	    0.13339	    0.15507	     55.376	     2.7421	-9.7531e+92	-9.7531e+92	   0.054551	    0.20791	     0.0000	   0.085778	     2.7924	    0.17324	
9	2	   0.039223	   0.045599	     133.64	    0.71608	-9.7531e+92	-9.7531e+92	   0.039426	   0.036383	     0.0000	     0.0000	    0.58420	     0.0000	
9	3	 0.00050885	 0.00059156	     191.41	    0.20802	-9.7531e+92	-9.7531e+92	   0.014519	 0.00074914	     0.0000	 -0.0062811	   0.011257	  -0.099816	
9	4	 1.3536e-05	 1.5736e-05	     223.28	    0.11603	-9.7531e+92	-9.7531e+92	  0.0048833	 0.00013993	     0.0000	  -0.071630	  0.0017776	  -0.031886	
9	5	 0.00049704	 0.00057783	     134.70	    0.69890	-9.7531e+92	-9.7531e+92	  0.0022309	  0.0010623	     0.0000	  -0.012738	   0.012285	  -0.016393	
9	6	   0.030714	   0.035706	     62.827	     2.5956	-9.7531e+92	-9.7531e+92	   0.030684	   0.054762	     0.0000	  -0.035201	    0.67345	  -0.068022	
9	7	  0.0078977	  0.0091814	     64.406	     2.5596	-9.7531e+92	-9.7531e+92	   0.017074	   0.011975	     0.0000	-0.00048233	    0.18580	  -0.089928	
9	8	 3.1719e-06	 3.6874e-06	     171.65	    0.30991	-9.7531e+92	-9.7531e+92	 0.00012173	 0.00013816	     0.0000	 -0.0024039	  0.0014872	 -0.0010169	
9	9	     0.0000	     0.0000	     0.0000	     3.0000	-9.7531e+92	-9.7531e+92	    0.61712	     0.0000	    0.45901	     0.0000	     0.0000	     0.0000	
9	10	 1.7174e-15	 1.9965e-15	     215.04	    0.13402	-9.7531e+92	-9.7531e+92	 4.1096e-05	 0.00013615	     0.0000	-0.00010397	  0.0013916	-2.6479e-05	
9	11	 9.1178e-09	 1.0600e-08	     175.31	    0.28718	-9.7531e+92	-9.7531e+92	 4.3582e-05	 0.00013305	     0.0000	-0.00015681	  0.0014068	-6.3218e-05	
9	12	 1.3164e-15	 1.5304e-15	     214.99	    0.13415	-9.7531e+92	-9.7531e+92	 4.1824e-05	 0.00013296	     0.0000	-0.00013479	  0.0014115	-3.4814e-05	
9	13	    0.12358	    0.14367	     9.0540	     2.9998	-9.7531e+92	-9.7531e+92	   0.087570	    0.18743	     0.0000	  -0.026889	     2.7074	  -0.089163	
9	14	    0.10780	    0.12532	     38.749	     2.9339	-9.7531e+92	-9.7531e+92	   0.057302	    0.14175	     0.0000	     0.0000	     2.0019	   0.069838	
9	15	    0.31258	    0.36339	     117.55	     1.0311	-9.7531e+92	-9.7531e+92	    0.10942	    0.53667	 0.00098662	    0.20731	     6.8626	    0.53510	
9	16	 6.0082e-16	 6.9848e-16	     159.83	    0.39862	-9.7531e+92	-9.7531e+92	 3.8742e-05	 0.00013148	     0.0000	 3.6472e-08	  0.0014377	 1.0575e-08	
9	17	 1.5964e-15	 1.8559e-15	     293.28	   0.040011	-9.7531e+92	-9.7531e+92	 0.00013098	 0.00012605	     0.0000	 -0.0053197	  0.0014337	 -0.0011800	
9	18	    0.10460	    0.12160	     96.665	     1.6016	-9.7531e+92	-9.7531e+92	   0.050590	    0.18323	     0.0000	    0.12966	     2.3708	   0.091352	
9	19	 1.2448e-07	 1.4472e-07	     193.08	    0.20137	-9.7531e+92	-9.7531e+92	 0.00017193	 0.00013232	     0.0000	 -0.0052204	  0.0014207	 -0.0018031	
9	20	 1.1524e-05	 1.3397e-05	     174.09	    0.29453	-9.7531e+92	-9.7531e+92	 0.00017117	 0.00014911	     0.0000	 -0.0031381	  0.0016893	 -0.0014938	
9	21	  0.0058688	  0.0068228	     83.320	     2.0244	-9.7531e+92	-9.7531e+92	   0.019722	   0.010524	     0.0000	  -0.015224	    0.13020	   -0.12985	
9	22	 2.5220e-16	 2.9320e-16	     266.14	   0.058633	-9.7531e+92	-9.7531e+92	 0.00062557	 0.00012522	     0.0000	  -0.033125	  0.0014278	 -0.0074919	
9	23	 0.00012773	 0.00014850	     121.73	    0.93874	-9.7531e+92	-9.7531e+92	 0.00037800	 0.00038016	     0.0000	 -0.0013545	  0.0041365	 -0.0023717	
9	24	 6.7055e-06	 7.7955e-06	     149.07	    0.50520	-9.7531e+92	-9.7531e+92	 0.00017622	 0.00014619	     0.0000	-0.00085457	  0.0015508	 -0.0010227	
10	0	   0.020809	  0.0069737	     210.64	    0.14503	-9.7531e+92	-9.7531e+92	  0.0065132	 9.2588e-05	     0.0000	 -0.0015755	  -0.020348	   0.050653	
10	1	  0.0024625	 0.00082526	     228.04	    0.10699	-9.7531e+92	-9.7531e+92	  0.0035074	 1.1303e-05	     0.0000	 -0.0022408	 -0.0025011	   0.063150	
10	2	   0.012246	  0.0041041	     213.20	    0.13850	-9.7531e+92	-9.7531e+92	  0.0086062	 5.4609e-05	     0.0000	 -0.0057206	  -0.012404	   0.082228	
10	3	 0.00015522	 5.2020e-05	     258.79	   0.065432	-9.7531e+92	-9.7531e+92	  0.0016326	 1.0082e-06	     0.0000	 -0.0085544	-0.00021932	   0.037570	
10	4	 0.00058274	 0.00019530	     204.61	    0.16194	-9.7531e+92	-9.7531e+92	 0.00064501	 2.9221e-06	     0.0000	 -0.0018286	-0.00068775	   0.012833	
10	5	    0.16446	   0.055117	     93.726	     1.6933	-9.7531e+92	-9.7531e+92	   0.017729	 0.00076830	   0.015290	  0.0076984	   -0.17807	   -0.16810	
10	6	  0.0013474	 0.00045155	     153.37	    0.45919	-9.7531e+92	-9.7531e+92	  0.0037603	 6.5023e-06	     0.0000	 -0.0019320	 -0.0015345	   0.061415	
10	7	  0.0032886	  0.0011021	     153.29	    0.46001	-9.7531e+92	-9.7531e+92	  0.0026750	 1.5502e-05	     0.0000	-1.4518e-05	 -0.0036474	   0.044676	
10	8	    0.16860	   0.056503	     44.054	     2.8911	-9.7531e+92	-9.7531e+92	   0.015072	 0.00069913	   0.014907	   0.021036	   -0.17767	   -0.17504	
10	9	 4.9448e-07	 1.6572e-07	     215.04	    0.13402	-9.7531e+92	-9.7531e+92	  0.0071350	 2.9916e-07	     0.0000	-0.00016953	-7.3085e-05	    0.14607	
10	10	     0.0000	     0.0000	     0.0000	     3.0000	-9.7531e+92	-9.7531e+92	    0.16769	     0.0000	    0.16766	     0.0000	     0.0000	     0.0000	
10	11	   0.026609	  0.0089176	     46.926	     2.8613	-9.7531e+92	-9.7531e+92	  0.0022776	 7.0893e-05	  0.0022464	  0.0015328	  -0.020963	  -0.020561	
10	12	   0.055284	   0.018528	     46.012	     2.8713	-9.7531e+92	-9.7531e+92	  0.0046627	 0.00021188	  0.0046355	  0.0095607	  -0.052448	  -0.051690	
10	13	   0.072812	   0.024402	     205.99	    0.15786	-9.7531e+92	-9.7531e+92	   0.026181	 0.00030879	     0.0000	 -0.0018279	  -0.068616	   0.077883	
10	14	   0.081457	   0.027299	     190.48	    0.21181	-9.7531e+92	-9.7531e+92	   0.013420	 0.00036447	     0.0000	     0.0000	  -0.080985	-0.00044928	
10	15	 3.1047e-05	 1.0405e-05	     197.67	    0.18443	-9.7531e+92	-9.7531e+92	  0.0048324	 4.4122e-07	     0.0000	 -0.0023626	-0.00010574	   0.099614	
10	16	 8.1413e-15	 2.7284e-15	     147.94	    0.51817	-9.7531e+92	-9.7531e+92	 1.1169e-05	 3.0817e-07	     0.0000	 8.4020e-10	-3.6783e-05	-2.3981e-09	
10	17	 1.2497e-13	 4.1883e-14	     270.72	   0.054831	-9.7531e+92	-9.7531e+92	 2.3395e-05	 3.1685e-07	     0.0000	-0.00014237	-7.3803e-05	 0.00053765	
10	18	    0.26795	   0.089799	     118.82	     1.0023	-9.7531e+92	-9.7531e+92	   0.032015	  0.0012111	  0.0089906	   0.019288	   -0.27440	   -0.20139	
10	19	   0.054798	   0.018365	     85.643	     1.9506	-9.7531e+92	-9.7531e+92	  0.0054008	 0.00025533	  0.0051274	  0.0096336	  -0.060083	  -0.058514	
10	20	   0.038225	   0.012811	     74.457	     2.2947	-9.7531e+92	-9.7531e+92	  0.0043082	 0.00017679	  0.0040742	  0.0048981	  -0.041720	  -0.040488	
10	21	 0.00036742	 0.00012314	     171.26	    0.31241	-9.7531e+92	-9.7531e+92	  0.0041824	 1.9691e-06	     0.0000	-0.00044949	-0.00047166	   0.063193	
10	22	 2.1158e-06	 7.0907e-07	     176.66	    0.27933	-9.7531e+92	-9.7531e+92	 0.00011245	 3.1613e-07	     0.0000	-0.00088226	-7.5761e-05	  0.0033827	
10	23	   0.025299	  0.0084787	     95.614	     1.6342	-9.7531e+92	-9.7531e+92	  0.0023710	 0.00011995	  0.0019752	 0.00086661	  -0.027950	  -0.026343	
10	24	  0.0032189	  0.0010788	     102.71	     1.4197	-9.7531e+92	-9.7531e+92	 0.00034085	 1.5564e-05	 0.00017347	 0.00014592	 -0.0036253	 -0.0030380	
11	0	   0.070475	   0.027565	     167.10	    0.34103	-9.7531e+92	-9.7531e+92	   0.012904	 0.00025357	     0.0000	-6.2341e-05	  -0.032825	  0.0013259	
11	1	  0.0068065	  0.0026622	     185.20	    0.23505	-9.7531e+92	-9.7531e+92	  0.0057109	 2.5042e-05	     0.0000	 -0.0014791	 -0.0032449	   0.027496	
11	2	  0.0071458	  0.0027949	     197.83	    0.18388	-9.7531e+92	-9.7531e+92	  0.0089151	 2.6261e-05	     0.0000	 -0.0042977	 -0.0034712	   0.040795	
11	3	 0.00012426	 4.8601e-05	     244.71	   0.081388	-9.7531e+92	-9.7531e+92	  0.0020434	 7.1180e-07	     0.0000	 -0.0060580	-9.0023e-05	   0.017550	
11	4	 1.2995e-06	 5.0829e-07	     218.09	    0.12699	-9.7531e+92	-9.7531e+92	 0.00050990	 2.5116e-07	     0.0000	 -0.0013466	-3.4554e-05	  0.0062986	
11	5	   0.091745	   0.035884	     77.490	     2.2050	-9.7531e+92	-9.7531e+92	   0.011419	 0.00033100	  0.0085732	  0.0026991	  -0.047219	  -0.042019	
11	6	  0.0060747	  0.0023760	     117.04	     1.0431	-9.7531e+92	-9.7531e+92	  0.0051506	 2.3150e-05	     0.0000	 -0.0012487	 -0.0031988	   0.026443	
11	7	   0.012816	  0.0050125	     112.26	     1.1591	-9.7531e+92	-9.7531e+92	  0.0049548	 4.8678e-05	     0.0000	-7.2651e-06	 -0.0067170	   0.016168	
11	8	    0.10141	   0.039663	     32.525	     2.9668	-9.7531e+92	-9.7531e+92	   0.010413	 0.00035777	   0.010221	  0.0088616	  -0.050891	  -0.048960	
11	9	 1.7113e-05	 6.6933e-06	     175.31	    0.28718	-9.7531e+92	-9.7531e+92	   0.010160	 3.0659e-07	     0.0000	-0.00011995	-4.3761e-05	   0.068539	
11	10	   0.031416	   0.012288	     46.926	     2.8613	-9.7531e+92	-9.7531e+92	  0.0031128	 7.4203e-05	  0.0030824	  0.0019088	 -0.0078915	 -0.0073557	
11	11	     0.0000	     0.0000	     0.0000	     3.0000	-9.7531e+92	-9.7531e+92	    0.19564	     0.0000	    0.19561	     0.0000	     0.0000	     0.0000	
11	12	  0.0023758	 0.00092925	     77.218	     2.2132	-9.7531e+92	-9.7531e+92	 0.00034134	 9.1469e-06	 0.00030958	 0.00036497	 -0.0012480	 -0.0011677	
11	13	   0.095312	   0.037279	     166.60	    0.34470	-9.7531e+92	-9.7531e+92	   0.034528	 0.00032877	     0.0000	-0.00094594	  -0.042729	   0.026507	
11	14	    0.18029	   0.070515	     157.91	    0.41563	-9.7531e+92	-9.7531e+92	   0.024368	 0.00065905	     0.0000	     0.0000	  -0.085522	  -0.045478	
11	15	 1.8969e-05	 7.4194e-06	     182.32	    0.24896	-9.7531e+92	-9.7531e+92	  0.0062190	 3.1784e-07	     0.0000	 -0.0016720	-4.4487e-05	   0.046740	
11	16	 5.4417e-15	 2.1284e-15	     142.85	    0.58099	-9.7531e+92	-9.7531e+92	 1.3035e-05	 2.5717e-07	     0.0000	 6.0759e-10	-2.6978e-05	-1.7264e-09	
11	17	 2.3620e-15	 9.2386e-16	     290.18	   0.041722	-9.7531e+92	-9.7531e+92	 2.2902e-05	 2.6128e-07	     0.0000	-0.00010075	-3.5475e-05	 0.00025254	
11	18	    0.31391	    0.12278	     81.269	     2.0888	-9.7531e+92	-9.7531e+92	   0.039408	  0.0011583	   0.012537	   0.016798	   -0.15378	   -0.11593	
11	19	  0.0037437	  0.0014643	     108.78	     1.2499	-9.7531e+92	-9.7531e+92	 0.00089630	 1.4554e-05	 0.00057725	 0.00036630	 -0.0020016	 -0.0015226	
11	20	   0.017178	  0.0067189	     83.734	     2.0113	-9.7531e+92	-9.7531e+92	  0.0022733	 6.6597e-05	  0.0020002	  0.0015125	 -0.0090860	 -0.0084371	
11	21	  0.0035138	  0.0013743	     128.65	    0.80225	-9.7531e+92	-9.7531e+92	  0.0062646	 1.3269e-05	     0.0000	-0.00029776	 -0.0018658	   0.028071	
11	22	 2.8928e-08	 1.1315e-08	     200.45	    0.17499	-9.7531e+92	-9.7531e+92	 7.8514e-05	 2.5243e-07	     0.0000	-0.00062279	-3.5290e-05	  0.0015896	
11	23	   0.033156	   0.012968	     53.605	     2.7712	-9.7531e+92	-9.7531e+92	  0.0034811	 0.00012359	  0.0030191	 0.00072875	  -0.016951	  -0.015817	
11	24	   0.022472	  0.0087896	     56.094	     2.7297	-9.7531e+92	-9.7531e+92	  0.0022576	 8.1449e-05	  0.0020622	 0.00071440	  -0.011087	  -0.010477	
12	0	  0.0018848	 0.00064272	     226.76	    0.10933	-9.7531e+92	-9.7531e+92	  0.0045026	 9.1527e-06	     0.0000	 -0.0022712	 -0.0025507	   0.092690	
12	1	 0.00066197	 0.00022573	     231.78	    0.10046	-9.7531e+92	-9.7531e+92	  0.0028816	 3.4426e-06	     0.0000	 -0.0024420	-0.00096599	   0.087329	
12	2	    0.14575	   0.049703	     181.48	    0.25322	-9.7531e+92	-9.7531e+92	   0.020280	 0.00068301	     0.0000	  0.0037321	   -0.19685	  -0.068043	
12	3	  0.0020924	 0.00071354	     227.10	    0.10870	-9.7531e+92	-9.7531e+92	  0.0022438	 1.0355e-05	     0.0000	 -0.0086136	 -0.0028597	   0.048005	
12	4	   0.016054	  0.0054744	     165.11	    0.35583	-9.7531e+92	-9.7531e+92	  0.0022726	 7.5849e-05	     0.0000	 0.00049874	  -0.022848	 -0.0044888	
12	5	    0.21799	   0.074338	     80.590	     2.1100	-9.7531e+92	-9.7531e+92	   0.022491	  0.0010774	   0.020009	   0.011163	   -0.31577	   -0.30254	
12	6	 0.00018517	 6.3144e-05	     152.49	    0.46823	-9.7531e+92	-9.7531e+92	  0.0035019	 1.2237e-06	     0.0000	 -0.0020899	-0.00036572	   0.084125	
12	7	 0.00024673	 8.4138e-05	     158.06	    0.41430	-9.7531e+92	-9.7531e+92	  0.0019577	 1.5301e-06	     0.0000	-1.6518e-05	-0.00045588	   0.064360	
12	8	    0.17562	   0.059889	     55.069	     2.7473	-9.7531e+92	-9.7531e+92	   0.015615	 0.00084238	   0.015447	   0.026269	   -0.25561	   -0.25281	
12	9	 2.8521e-07	 9.7259e-08	     214.99	    0.13415	-9.7531e+92	-9.7531e+92	  0.0097189	 3.1499e-07	     0.0000	-0.00017975	-9.7460e-05	    0.19610	
12	10	   0.014790	  0.0050435	     46.012	     2.8713	-9.7531e+92	-9.7531e+92	  0.0013199	 2.8409e-05	  0.0012934	 0.00063711	  -0.013395	  -0.013152	
12	11	  0.0014194	 0.00048402	     77.218	     2.2132	-9.7531e+92	-9.7531e+92	 0.00018693	 7.0524e-06	 0.00015521	 0.00020405	 -0.0021472	 -0.0019963	
12	12	     0.0000	     0.0000	     0.0000	     3.0000	-9.7531e+92	-9.7531e+92	    0.17057	     0.0000	    0.17054	     0.0000	     0.0000	     0.0000	
12	13	  0.0086243	  0.0029409	     205.94	    0.15802	-9.7531e+92	-9.7531e+92	   0.020204	 3.8931e-05	     0.0000	 -0.0034234	  -0.010982	    0.18532	
12	14	   0.023124	  0.0078854	     188.63	    0.21964	-9.7531e+92	-9.7531e+92	  0.0089077	 0.00010959	     0.0000	     0.0000	  -0.030878	   0.076382	
12	15	 0.00034335	 0.00011709	     166.81	    0.34315	-9.7531e+92	-9.7531e+92	  0.0056529	 1.9529e-06	     0.0000	 -0.0024966	-0.00059309	    0.13330	
12	16	 1.6930e-15	 5.7731e-16	     115.95	     1.0685	-9.7531e+92	-9.7531e+92	 1.1364e-05	 3.2098e-07	     0.0000	 8.4453e-10	-4.5043e-05	-2.9517e-09	
12	17	 7.6522e-15	 2.6094e-15	     225.22	    0.11223	-9.7531e+92	-9.7531e+92	 5.3234e-05	 3.3346e-07	     0.0000	-0.00015062	-9.8663e-05	 0.00072154	
12	18	    0.25140	   0.085729	     120.73	    0.96010	-9.7531e+92	-9.7531e+92	   0.031052	  0.0012012	  0.0076239	   0.018752	   -0.34484	   -0.24824	
12	19	   0.072306	   0.024657	     44.530	     2.8865	-9.7531e+92	-9.7531e+92	  0.0069434	 0.00033829	  0.0066652	   0.012800	   -0.10440	   -0.10237	
12	20	   0.063029	   0.021493	     45.010	     2.8817	-9.7531e+92	-9.7531e+92	  0.0064828	 0.00031270	  0.0062447	  0.0087833	  -0.092563	  -0.090796	
12	21	 2.8464e-06	 9.7063e-07	     187.39	    0.22505	-9.7531e+92	-9.7531e+92	  0.0031592	 3.3359e-07	     0.0000	-0.00047953	-0.00010117	   0.085363	
12	22	 0.00022114	 7.5412e-05	     131.16	    0.75767	-9.7531e+92	-9.7531e+92	 0.00033189	 1.3717e-06	     0.0000	-0.00085206	-0.00042189	  0.0042074	
12	23	  0.0042089	  0.0014352	     109.85	     1.2215	-9.7531e+92	-9.7531e+92	 0.00058277	 2.1423e-05	 0.00017997	 0.00011969	 -0.0063078	 -0.0045210	
12	24	 3.2250e-05	 1.0998e-05	     132.31	    0.73810	-9.7531e+92	-9.7531e+92	 4.8198e-05	 4.9690e-07	     0.0000	-2.2718e-05	-0.00014626	 0.00058737	
13	0	   0.092499	    0.64391	     86.013	     1.9388	-9.7531e+92	-9.7531e+92	    0.30738	    0.13706	     0.0000	   0.025326	    0.50084	   0.058838	
13	1	   0.054101	    0.37662	     57.043	     2.7128	-9.7531e+92	-9.7531e+92	    0.23537	   0.086982	     0.0000	  -0.020020	    0.34992	  -0.039702	
13	2	   0.083788	    0.58328	     127.66	    0.82064	-9.7531e+92	-9.7531e+92	    0.28277	    0.14328	     0.0000	  -0.034102	    0.58013	  -0.033314	
13	3	  0.0039683	   0.027625	     188.65	    0.21955	-9.7531e+92	-9.7531e+92	   0.084776	  0.0076064	     0.0000	   -0.34184	   0.036474	   -0.10583	
13	4	 4.7881e-05	 0.00033332	     217.30	    0.12878	-9.7531e+92	-9.7531e+92	   0.023266	 0.00020732	     0.0000	  -0.084814	 0.00065103	  -0.036679	
13	5	  0.0021622	   0.015052	     125.66	    0.85869	-9.7531e+92	-9.7531e+92	   0.016515	  0.0035591	     0.0000	 -0.0043858	   0.012189	  -0.014170	
13	6	   0.084426	    0.58772	     53.773	     2.7685	-9.7531e+92	-9.7531e+92	    0.25039	    0.14844	     0.0000	   0.038500	    0.42379	   0.071963	
13	7	   0.033902	    0.23600	     57.312	     2.7078	-9.7531e+92	-9.7531e+92	    0.15356	   0.057076	     0.0000	-0.00017035	    0.17895	  -0.030711	
13	8	 3.1375e-05	 0.00021841	     162.59	    0.37553	-9.7531e+92	-9.7531e+92	 0.00093815	 0.00016434	     0.0000	 -0.0024244	 0.00054150	 -0.0010873	
13	9	   0.087552	    0.60948	     9.0540	     2.9998	-9.7531e+92	-9.7531e+92	    0.36843	    0.13938	     0.0000	 -0.0026847	    0.46373	   -0.13567	
13	10	 5.5998e-14	 3.8982e-13	     205.99	    0.15786	-9.7531e+92	-9.7531e+92	 0.00024699	 0.00011558	     0.0000	-0.00010411	 0.00035976	-3.0294e-05	
13	11	 1.0319e-07	 7.1836e-07	     166.60	    0.34470	-9.7531e+92	-9.7531e+92	 0.00028107	 0.00011067	     0.0000	-0.00013063	 0.00038301	-7.2084e-05	
13	12	 2.4326e-14	 1.6934e-13	     205.94	    0.15802	-9.7531e+92	-9.7531e+92	 0.00025033	 0.00012205	     0.0000	-0.00013885	 0.00031568	-3.9830e-05	
13	13	     0.0000	     0.0000	     0.0000	     3.0000	-9.7531e+92	-9.7531e+92	     3.7777	     0.0000	     2.6892	     0.0000	     0.0000	     0.0000	
13	14	   0.050622	    0.35240	     32.765	     2.9658	-9.7531e+92	-9.7531e+92	    0.24765	   0.064324	     0.0000	     0.0000	    0.10525	  -0.092223	
13	15	    0.20201	     1.4063	     111.52	     1.1779	-9.7531e+92	-9.7531e+92	    0.46664	    0.32401	     0.0000	    0.12198	     1.0779	    0.30476	
13	16	 4.4286e-15	 3.0829e-14	     153.85	    0.45440	-9.7531e+92	-9.7531e+92	 0.00023199	 0.00013162	     0.0000	 4.3301e-08	 0.00026010	 1.2081e-08	
13	17	 7.7308e-14	 5.3817e-13	     287.27	   0.043413	-9.7531e+92	-9.7531e+92	 0.00067568	 0.00013725	     0.0000	 -0.0063157	 0.00023697	 -0.0013504	
13	18	   0.050626	    0.35242	     87.611	     1.8878	-9.7531e+92	-9.7531e+92	    0.21771	   0.042919	     0.0000	     0.0000	  -0.065045	     0.0000	
13	19	 1.4403e-07	 1.0026e-06	     184.51	    0.23831	-9.7531e+92	-9.7531e+92	 0.00091022	 0.00011289	     0.0000	 -0.0054576	 0.00037643	 -0.0020651	
13	20	 2.7381e-05	 0.00019061	     165.04	    0.35635	-9.7531e+92	-9.7531e+92	 0.00096195	 0.00016040	     0.0000	 -0.0021706	 0.00050298	 -0.0016675	
13	21	    0.25401	     1.7682	     76.619	     2.2311	-9.7531e+92	-9.7531e+92	    0.51604	    0.39151	    0.10357	   0.065888	     1.4137	    0.54348	
13	22	 1.2418e-14	 8.6443e-14	     260.15	   0.064098	-9.7531e+92	-9.7531e+92	  0.0030306	 0.00013113	     0.0000	  -0.039327	 0.00026005	 -0.0085813	
13	23	 0.00020165	  0.0014038	     113.01	     1.1402	-9.7531e+92	-9.7531e+92	  0.0035469	 0.00043779	     0.0000	-0.00079836	  0.0015645	 -0.0025121	
13	24	 2.4590e-05	 0.00017118	     142.21	    0.58941	-9.7531e+92	-9.7531e+92	  0.0013596	 0.00015010	     0.0000	-0.00021529	 0.00053131	 -0.0011215	
14	0	   0.034138	    0.16679	     114.85	     1.0949	-9.7531e+92	-9.7531e+92	    0.13924	   0.026504	     0.0000	     0.0000	  -0.084661	     0.0000	
14	1	   0.051559	    0.25190	     88.839	     1.8485	-9.7531e+92	-9.7531e+92	    0.14922	   0.040239	     0.0000	     0.0000	   -0.14202	     0.0000	
14	2	   0.078574	    0.38389	     97.273	     1.5829	-9.7531e+92	-9.7531e+92	    0.20638	   0.065130	     0.0000	     0.0000	   -0.17097	     0.0000	
14	3	   0.041256	    0.20157	     161.01	    0.38854	-9.7531e+92	-9.7531e+92	   0.085125	   0.036844	     0.0000	     0.0000	  -0.043674	     0.0000	
14	4	 0.00031434	  0.0015358	     184.55	    0.23808	-9.7531e+92	-9.7531e+92	   0.012189	 0.00032005	     0.0000	     0.0000	-0.00098487	     0.0000	
14	5	  0.0030105	   0.014708	     108.09	     1.2686	-9.7531e+92	-9.7531e+92	   0.010484	  0.0026666	     0.0000	     0.0000	 -0.0072684	     0.0000	
14	6	   0.019809	   0.096782	     41.508	     2.9135	-9.7531e+92	-9.7531e+92	   0.098367	   0.017162	     0.0000	     0.0000	  -0.048972	     0.0000	
14	7	   0.039989	    0.19538	     65.464	     2.5345	-9.7531e+92	-9.7531e+92	   0.097196	   0.033630	     0.0000	     0.0000	  -0.089221	     0.0000	
14	8	 0.00012157	 0.00059394	     146.54	    0.53466	-9.7531e+92	-9.7531e+92	 0.00064812	 0.00016078	     0.0000	     0.0000	-0.00030564	     0.0000	
14	9	    0.29319	     1.4325	     38.749	     2.9339	-9.7531e+92	-9.7531e+92	    0.50314	    0.23961	     0.0000	     0.0000	   -0.69563	     0.0000	
14	10	 4.8219e-14	 2.3558e-13	     190.48	    0.21181	-9.7531e+92	-9.7531e+92	 0.00017304	 6.3111e-05	     0.0000	     0.0000	-0.00016883	     0.0000	
14	11	 5.7613e-07	 2.8148e-06	     157.91	    0.41563	-9.7531e+92	-9.7531e+92	 0.00018652	 5.9571e-05	     0.0000	     0.0000	-0.00011660	     0.0000	
14	12	 5.9967e-14	 2.9298e-13	     188.63	    0.21964	-9.7531e+92	-9.7531e+92	 0.00017528	 6.5384e-05	     0.0000	     0.0000	-0.00020327	     0.0000	
14	13	    0.33887	     1.6556	     32.765	     2.9658	-9.7531e+92	-9.7531e+92	    0.58143	    0.25073	     0.0000	     0.0000	   -0.68364	     0.0000	
14	14	     0.0000	     0.0000	     0.0000	     3.0000	-9.7531e+92	-9.7531e+92	     2.5414	     0.0000	     2.1460	     0.0000	     0.0000	     0.0000	
14	15	   0.021947	    0.10723	     78.991	     2.1593	-9.7531e+92	-9.7531e+92	    0.18336	   0.017188	     0.0000	     0.0000	  -0.048077	     0.0000	
14	16	 4.6676e-14	 2.2805e-13	     121.20	    0.94999	-9.7531e+92	-9.7531e+92	 0.00016282	 6.6126e-05	     0.0000	     0.0000	-0.00020823	     0.0000	
14	17	 2.6251e-13	 1.2825e-12	     254.84	   0.069479	-9.7531e+92	-9.7531e+92	 0.00040530	 6.5726e-05	     0.0000	     0.0000	-0.00021683	     0.0000	
14	18	   0.064783	    0.31651	     78.249	     2.1820	-9.7531e+92	-9.7531e+92	    0.16228	   0.056359	     0.0000	     0.0000	   -0.11435	     0.0000	
14	19	 4.4494e-06	 2.1738e-05	     166.55	    0.34505	-9.7531e+92	-9.7531e+92	 0.00053065	 6.8705e-05	     0.0000	     0.0000	-0.00021196	     0.0000	
14	20	 3.2185e-05	 0.00015725	     147.73	    0.52061	-9.7531e+92	-9.7531e+92	 0.00057072	 9.3864e-05	     0.0000	     0.0000	-0.00027620	     0.0000	
14	21	   0.011471	   0.056043	     101.18	     1.4647	-9.7531e+92	-9.7531e+92	    0.10795	  0.0097735	     0.0000	     0.0000	  -0.028692	     0.0000	
14	22	 2.2334e-18	 1.0912e-17	     227.39	    0.10817	-9.7531e+92	-9.7531e+92	  0.0016317	 6.3315e-05	     0.0000	     0.0000	-0.00020643	     0.0000	
14	23	 0.00091646	  0.0044776	     114.84	     1.0952	-9.7531e+92	-9.7531e+92	  0.0023632	 0.00087143	     0.0000	     0.0000	 -0.0020266	     0.0000	
14	24	 1.1806e-05	 5.7681e-05	     150.00	    0.49487	-9.7531e+92	-9.7531e+92	 0.00059752	 7.5405e-05	     0.0000	     0.0000	-0.00024256	     0.0000	
15	0	  0.0030018	  0.0041515	     189.51	    0.21584	-9.7531e+92	-9.7531e+92	   0.022166	  0.0030436	     0.0000	-0.00038103	   0.032885	 0.00097912	
15	1	   0.014570	   0.020151	     167.83	    0.33581	-9.7531e+92	-9.7531e+92	   0.021650	   0.014721	     0.0000	-0.00032909	    0.15399	 0.00075592	
15	2	    0.16186	    0.22386	     21.827	     2.9932	-9.7531e+92	-9.7531e+92	    0.10764	    0.12021	     0.0000	     0.0000	     1.1682	 -0.0010053	
15	3	    0.14598	    0.20190	     84.108	     1.9994	-9.7531e+92	-9.7531e+92	   0.066318	    0.12446	   0.012846	  0.0043082	     1.3075	 -0.0015403	
15	4	   0.068546	   0.094800	     106.18	     1.3210	-9.7531e+92	-9.7531e+92	   0.028861	   0.064519	   0.011017	  0.0015022	    0.66344	-0.00093305	
15	5	  0.0090701	   0.012544	     104.94	     1.3557	-9.7531e+92	-9.7531e+92	  0.0059895	  0.0095767	     0.0000	 1.6928e-05	   0.087632	-3.2461e-05	
15	6	    0.11534	    0.15952	     96.746	     1.5991	-9.7531e+92	-9.7531e+92	   0.053097	    0.12050	     0.0000	 0.00034514	     1.0958	 -0.0010000	
15	7	  0.0020367	  0.0028168	     131.62	    0.74982	-9.7531e+92	-9.7531e+92	   0.011349	  0.0021682	     0.0000	-2.7024e-06	   0.020295	 0.00075942	
15	8	 7.4458e-05	 0.00010298	     159.01	    0.40580	-9.7531e+92	-9.7531e+92	 0.00022227	 0.00015505	     0.0000	-9.6660e-06	  0.0013057	 6.3647e-06	
15	9	  0.0028994	  0.0040099	     117.55	     1.0311	-9.7531e+92	-9.7531e+92	   0.060373	  0.0023455	     0.0000	     0.0000	   0.032759	     0.0000	
15	10	 3.0644e-14	 4.2381e-14	     197.67	    0.18443	-9.7531e+92	-9.7531e+92	 4.9525e-05	 7.4764e-05	     0.0000	-5.0288e-07	 0.00060492	 2.0364e-07	
15	11	 1.3342e-14	 1.8453e-14	     182.32	    0.24896	-9.7531e+92	-9.7531e+92	 5.2919e-05	 7.3615e-05	     0.0000	-7.5872e-07	 0.00061027	 4.8455e-07	
15	12	 3.3937e-07	 4.6936e-07	     166.81	    0.34315	-9.7531e+92	-9.7531e+92	 5.1737e-05	 7.4754e-05	     0.0000	-6.3676e-07	 0.00061402	 2.6139e-07	
15	13	    0.16219	    0.22432	     111.52	     1.1779	-9.7531e+92	-9.7531e+92	    0.10983	    0.11125	     0.0000	 2.2208e-05	    0.88220	-7.1953e-05	
15	14	    0.21548	    0.29801	     78.991	     2.1593	-9.7531e+92	-9.7531e+92	   0.095449	    0.18957	     0.0000	     0.0000	     1.9957	 -0.0019549	
15	15	     0.0000	     0.0000	     0.0000	     3.0000	-9.7531e+92	-9.7531e+92	    0.72362	     0.0000	    0.59462	     0.0000	     0.0000	     0.0000	
15	16	 6.4260e-15	 8.8874e-15	     65.362	     2.5370	-9.7531e+92	-9.7531e+92	 4.6090e-05	 7.4062e-05	     0.0000	 1.7641e-10	 0.00064216	-8.3132e-11	
15	17	 6.8957e-08	 9.5369e-08	     175.81	    0.28425	-9.7531e+92	-9.7531e+92	 0.00058452	 7.0505e-05	     0.0000	-2.5727e-05	 0.00065001	 9.0298e-06	
15	18	   0.097232	    0.13447	     116.73	     1.0502	-9.7531e+92	-9.7531e+92	   0.052237	   0.085921	     0.0000	 0.00049832	    0.93685	-0.00044336	
15	19	 0.00056990	 0.00078819	     131.26	    0.75593	-9.7531e+92	-9.7531e+92	 0.00076164	 0.00068628	     0.0000	-6.0729e-06	  0.0060026	 3.2798e-06	
15	20	 0.00091983	  0.0012722	     124.66	    0.87845	-9.7531e+92	-9.7531e+92	 0.00069330	  0.0010525	     0.0000	 7.0202e-06	  0.0093205	-5.2122e-06	
15	21	 0.00013585	 0.00018789	     175.65	    0.28523	-9.7531e+92	-9.7531e+92	   0.017924	 0.00020955	     0.0000	-8.1543e-05	  0.0019188	  0.0010461	
15	22	 7.7803e-06	 1.0760e-05	     163.21	    0.37056	-9.7531e+92	-9.7531e+92	  0.0035046	 7.8486e-05	     0.0000	-0.00015982	 0.00070242	 5.6447e-05	
15	23	 7.8788e-05	 0.00010897	     149.47	    0.50076	-9.7531e+92	-9.7531e+92	 0.00030619	 0.00015934	     0.0000	-6.8758e-06	  0.0013389	 1.8951e-05	
15	24	 1.2906e-14	 1.7850e-14	     189.75	    0.21485	-9.7531e+92	-9.7531e+92	 0.00011646	 7.3780e-05	     0.0000	-4.1984e-06	 0.00060985	 7.9381e-06	
16	0	  0.0046191	     0.0000	     217.18	    0.12904	-9.7531e+92	-9.7531e+92	     0.0000	 4.2225e-06	     0.0000	     0.0000	-2.8503e-14	     0.0000	
16	1	  0.0022551	     0.0000	     207.46	    0.15366	-9.7531e+92	-9.7531e+92	     0.0000	 2.1359e-06	     0.0000	     0.0000	-1.5846e-14	     0.0000	
16	2	   0.048749	     0.0000	     68.097	     2.4691	-9.7531e+92	-9.7531e+92	     0.0000	 4.5545e-05	     0.0000	     0.0000	-9.3393e-14	     0.0000	
16	3	   0.024314	     0.0000	     111.94	     1.1671	-9.7531e+92	-9.7531e+92	     0.0000	 2.2625e-05	     0.0000	     0.0000	-6.2925e-14	     0.0000	
16	4	   0.038248	     0.0000	     75.439	     2.2661	-9.7531e+92	-9.7531e+92	     0.0000	 3.7363e-05	     0.0000	     0.0000	-1.4224e-13	     0.0000	
16	5	    0.13793	     0.0000	     71.546	     2.3771	-9.7531e+92	-9.7531e+92	     0.0000	 0.00014102	     0.0000	     0.0000	-1.0779e-13	     0.0000	
16	6	   0.014628	     0.0000	     111.89	     1.1685	-9.7531e+92	-9.7531e+92	     0.0000	 1.4642e-05	     0.0000	     0.0000	-6.0361e-14	     0.0000	
16	7	    0.12357	     0.0000	     137.28	    0.65913	-9.7531e+92	-9.7531e+92	     0.0000	 0.00012508	     0.0000	     0.0000	-5.0246e-13	     0.0000	
16	8	   0.083303	     0.0000	     112.87	     1.1438	-9.7531e+92	-9.7531e+92	     0.0000	 8.7414e-05	     0.0000	     0.0000	-3.3317e-13	     0.0000	
16	9	   0.051779	     0.0000	     159.83	    0.39862	-9.7531e+92	-9.7531e+92	     0.0000	 5.0218e-05	     0.0000	     0.0000	-2.2213e-13	     0.0000	
16	10	   0.042323	     0.0000	     147.94	    0.51817	-9.7531e+92	-9.7531e+92	     0.0000	 4.5250e-05	     0.0000	     0.0000	-1.8394e-13	     0.0000	
16	11	  0.0091619	     0.0000	     142.85	    0.58099	-9.7531e+92	-9.7531e+92	     0.0000	 9.7361e-06	     0.0000	     0.0000	-4.2418e-14	     0.0000	
16	12	   0.061176	     0.0000	     115.95	     1.0685	-9.7531e+92	-9.7531e+92	     0.0000	 6.5605e-05	     0.0000	     0.0000	-2.5988e-13	     0.0000	
16	13	   0.023431	     0.0000	     153.85	    0.45440	-9.7531e+92	-9.7531e+92	     0.0000	 1.9909e-05	     0.0000	     0.0000	-5.2169e-15	     0.0000	
16	14	   0.016722	     0.0000	     121.20	    0.94999	-9.7531e+92	-9.7531e+92	     0.0000	 1.5335e-05	     0.0000	     0.0000	-3.7943e-14	     0.0000	
16	15	   0.050395	     0.0000	     65.362	     2.5370	-9.7531e+92	-9.7531e+92	     0.0000	 4.9259e-05	     0.0000	     0.0000	-2.1105e-13	     0.0000	
16	16	     0.0000	     0.0000	     0.0000	     3.0000	-9.7531e+92	-9.7531e+92	     0.0000	     0.0000	     0.0000	     0.0000	     0.0000	     0.0000	
16	17	   0.019146	     0.0000	     148.25	    0.51453	-9.7531e+92	-9.7531e+92	     0.0000	 2.0328e-05	     0.0000	     0.0000	-6.2585e-14	     0.0000	
16	18	   0.010970	     0.0000	     110.59	     1.2021	-9.7531e+92	-9.7531e+92	     0.0000	 1.0219e-05	     0.0000	     0.0000	-2.6461e-14	     0.0000	
16	19	   0.023086	     0.0000	     73.024	     2.3358	-9.7531e+92	-9.7531e+92	     0.0000	 2.4413e-05	     0.0000	     0.0000	-9.0657e-14	     0.0000	
16	20	   0.013285	     0.0000	     74.477	     2.2942	-9.7531e+92	-9.7531e+92	     0.0000	 1.4004e-05	     0.0000	     0.0000	-5.7528e-14	     0.0000	
16	21	   0.023058	     0.0000	     180.81	    0.25669	-9.7531e+92	-9.7531e+92	     0.0000	 2.2722e-05	     0.0000	     0.0000	-9.5848e-14	     0.0000	
16	22	   0.043767	     0.0000	     106.73	     1.3057	-9.7531e+92	-9.7531e+92	     0.0000	 4.5071e-05	     0.0000	     0.0000	 2.5908e-14	     0.0000	
16	23	   0.041326	     0.0000	     136.77	    0.66684	-9.7531e+92	-9.7531e+92	     0.0000	 4.3166e-05	     0.0000	     0.0000	-1.6815e-13	     0.0000	
16	24	   0.043027	     0.0000	     177.80	    0.27291	-9.7531e+92	-9.7531e+92	     0.0000	 4.5171e-05	     0.0000	     0.0000	-1.9143e-13	     0.0000	
17	0	 1.8638e-06	 7.6145e-07	     353.56	   0.019078	-9.7531e+92	-9.7531e+92	  0.0023249	 1.2769e-06	     0.0000	 -0.0088943	-1.6339e-05	   0.016849	
17	1	 8.2327e-06	 3.3634e-06	     342.57	   0.021626	-9.7531e+92	-9.7531e+92	  0.0021565	 1.4004e-06	     0.0000	 -0.0094096	-1.8720e-05	   0.016037	
17	2	    0.12081	   0.049356	     160.64	    0.39167	-9.7531e+92	-9.7531e+92	   0.038636	  0.0021321	     0.0000	  0.0072562	  -0.033143	 -0.0065133	
17	3	    0.31585	    0.12904	     122.41	    0.92444	-9.7531e+92	-9.7531e+92	   0.039278	  0.0054144	   0.023483	    0.24459	  -0.087343	  -0.066062	
17	4	    0.45854	    0.18733	     73.525	     2.3215	-9.7531e+92	-9.7531e+92	   0.051747	  0.0022585	   0.046476	  0.0071197	   -0.16000	   -0.14593	
17	5	  0.0010984	 0.00044873	     219.60	    0.12368	-9.7531e+92	-9.7531e+92	  0.0021077	 2.2559e-05	     0.0000	 -0.0012561	-0.00037646	  0.0018475	
17	6	 3.1527e-13	 1.2880e-13	     251.72	   0.072906	-9.7531e+92	-9.7531e+92	  0.0021010	 1.2578e-06	     0.0000	 -0.0080000	-2.1685e-05	   0.017791	
17	7	 1.9989e-13	 8.1663e-14	     281.54	   0.047004	-9.7531e+92	-9.7531e+92	 0.00099256	 1.2768e-06	     0.0000	-6.3378e-05	-2.1839e-05	   0.013678	
17	8	 3.3005e-13	 1.3484e-13	     258.50	   0.065716	-9.7531e+92	-9.7531e+92	 8.8427e-05	 1.3076e-06	     0.0000	-0.00026229	-2.2458e-05	 0.00013307	
17	9	 1.6585e-13	 6.7755e-14	     293.28	   0.040011	-9.7531e+92	-9.7531e+92	   0.014734	 1.2176e-06	     0.0000	-0.00068589	-2.1734e-05	   0.041413	
17	10	 1.6569e-13	 6.7691e-14	     270.72	   0.054831	-9.7531e+92	-9.7531e+92	 1.5065e-05	 1.3135e-06	     0.0000	-1.1259e-05	-2.2876e-05	 3.5203e-06	
17	11	 2.4182e-13	 9.8793e-14	     290.18	   0.041722	-9.7531e+92	-9.7531e+92	 1.5530e-05	 1.3138e-06	     0.0000	-1.6987e-05	-2.2833e-05	 8.3734e-06	
17	12	 8.3186e-13	 3.3985e-13	     225.22	    0.11223	-9.7531e+92	-9.7531e+92	 1.9230e-05	 1.3015e-06	     0.0000	-1.4597e-05	-2.2629e-05	 4.6263e-06	
17	13	   0.012932	  0.0052834	     287.27	   0.043413	-9.7531e+92	-9.7531e+92	  0.0094417	 0.00022806	     0.0000	  -0.012682	 -0.0028129	   0.029775	
17	14	  0.0081032	  0.0033105	     254.84	   0.069479	-9.7531e+92	-9.7531e+92	  0.0080731	 0.00015149	     0.0000	     0.0000	 -0.0020802	   0.017638	
17	15	   0.035575	   0.014534	     175.81	    0.28425	-9.7531e+92	-9.7531e+92	   0.012574	 0.00063009	     0.0000	 -0.0034062	  -0.011273	   0.017363	
17	16	 1.2298e-13	 5.0242e-14	     148.25	    0.51453	-9.7531e+92	-9.7531e+92	 1.3615e-05	 1.2697e-06	     0.0000	 3.6914e-09	-5.6379e-06	-3.7000e-10	
17	17	     0.0000	     0.0000	     0.0000	     3.0000	-9.7531e+92	-9.7531e+92	    0.20523	     0.0000	    0.20500	     0.0000	     0.0000	     0.0000	
17	18	  0.0014660	 0.00059894	     258.46	   0.065759	-9.7531e+92	-9.7531e+92	  0.0048651	 2.8763e-05	     0.0000	  -0.026359	-0.00042570	   0.017648	
17	19	 0.00015252	 6.2311e-05	     187.53	    0.22442	-9.7531e+92	-9.7531e+92	  0.0010510	 4.2241e-06	 0.00071772	-0.00045045	-7.2893e-05	 0.00018755	
17	20	 1.7798e-13	 7.2714e-14	     207.02	    0.15490	-9.7531e+92	-9.7531e+92	 0.00055554	 1.2816e-06	 0.00027031	-0.00034614	-2.2096e-05	 0.00019805	
17	21	 5.0751e-13	 2.0734e-13	     326.31	   0.026229	-9.7531e+92	-9.7531e+92	  0.0015829	 1.2573e-06	     0.0000	 -0.0018299	-2.1809e-05	   0.018024	
17	22	   0.045460	   0.018572	     106.10	     1.3231	-9.7531e+92	-9.7531e+92	   0.010838	 0.00061011	  0.0095404	   0.013631	 -0.0098917	 -0.0089160	
17	23	 1.5577e-13	 6.3640e-14	     284.58	   0.045056	-9.7531e+92	-9.7531e+92	 3.8519e-05	 1.3126e-06	     0.0000	-0.00016563	-2.2714e-05	 0.00035214	
17	24	 1.7683e-13	 7.2243e-14	     325.25	   0.026569	-9.7531e+92	-9.7531e+92	 2.0973e-05	 1.3145e-06	     0.0000	-9.3999e-05	-2.2793e-05	 0.00013714	
18	0	   0.013475	   0.049438	     116.29	     1.0606	-9.7531e+92	-9.7531e+92	   0.085919	   0.010680	     0.0000	  -0.037056	   -0.21998	    0.34335	
18	1	   0.013538	   0.049671	     111.77	     1.1715	-9.7531e+92	-9.7531e+92	   0.070601	   0.011670	     0.0000	  -0.038474	   -0.21157	    0.31309	
18	2	    0.14423	    0.52916	     137.27	    0.65930	-9.7531e+92	-9.7531e+92	    0.20243	    0.13585	     0.0000	   0.070739	    -2.1559	   -0.29568	
18	3	 0.00017836	 0.00065440	     199.21	    0.17912	-9.7531e+92	-9.7531e+92	   0.026043	 0.00024831	     0.0000	   -0.17713	 -0.0033309	    0.22455	
18	4	 2.4590e-06	 9.0218e-06	     186.18	    0.23049	-9.7531e+92	-9.7531e+92	  0.0082419	 6.5842e-05	     0.0000	  -0.038335	 -0.0011499	   0.082434	
18	5	  0.0052458	   0.019247	     53.346	     2.7752	-9.7531e+92	-9.7531e+92	  0.0094200	  0.0043319	     0.0000	-0.00051118	  -0.086404	   0.012429	
18	6	  0.0033691	   0.012361	     36.723	     2.9464	-9.7531e+92	-9.7531e+92	   0.063757	  0.0032424	     0.0000	  -0.038105	  -0.058827	    0.36648	
18	7	  0.0023749	  0.0087136	     38.248	     2.9371	-9.7531e+92	-9.7531e+92	   0.040268	  0.0022962	     0.0000	-0.00023187	  -0.041724	    0.28257	
18	8	 0.00021187	 0.00077734	     75.421	     2.2666	-9.7531e+92	-9.7531e+92	 0.00057846	 0.00024469	     0.0000	-0.00045678	 -0.0044777	  0.0013803	
18	9	 0.00070393	  0.0025827	     96.665	     1.6016	-9.7531e+92	-9.7531e+92	    0.13413	 0.00068466	     0.0000	 -0.0034943	  -0.013102	    0.89920	
18	10	 2.3361e-07	 8.5711e-07	     118.82	     1.0023	-9.7531e+92	-9.7531e+92	 0.00013050	 5.7800e-05	     0.0000	-3.7450e-05	 -0.0010194	 6.2608e-05	
18	11	 7.7580e-06	 2.8464e-05	     81.269	     2.0888	-9.7531e+92	-9.7531e+92	 0.00014684	 6.2580e-05	     0.0000	-3.3028e-05	 -0.0011236	 0.00010461	
18	12	 2.8792e-08	 1.0564e-07	     120.73	    0.96010	-9.7531e+92	-9.7531e+92	 0.00013175	 5.8652e-05	     0.0000	-5.0416e-05	 -0.0010281	 8.6433e-05	
18	13	    0.79890	     2.9312	     87.611	     1.8878	-9.7531e+92	-9.7531e+92	    0.81586	    0.65358	    0.24217	    0.29046	    -11.229	    -3.5049	
18	14	   0.016154	   0.059267	     78.249	     2.1820	-9.7531e+92	-9.7531e+92	   0.079808	   0.014193	     0.0000	     0.0000	   -0.24862	    0.38125	
18	15	 0.00053218	  0.0019526	     116.73	     1.0502	-9.7531e+92	-9.7531e+92	    0.12164	 0.00055385	     0.0000	  -0.048686	  -0.010195	    0.61204	
18	16	 8.8015e-15	 3.2293e-14	     110.59	     1.2021	-9.7531e+92	-9.7531e+92	 0.00012227	 6.9061e-05	     0.0000	 1.7955e-08	 -0.0011892	-3.0601e-08	
18	17	 2.2883e-14	 8.3955e-14	     258.46	   0.065759	-9.7531e+92	-9.7531e+92	 0.00027900	 7.2023e-05	     0.0000	 -0.0029461	 -0.0012253	  0.0033461	
18	18	     0.0000	     0.0000	     0.0000	     3.0000	-9.7531e+92	-9.7531e+92	     1.8907	     0.0000	     1.6386	     0.0000	     0.0000	     0.0000	
18	19	 1.6588e-06	 6.0860e-06	     118.15	     1.0174	-9.7531e+92	-9.7531e+92	 0.00039176	 5.9777e-05	     0.0000	 -0.0018239	 -0.0010841	  0.0046902	
18	20	 5.5257e-05	 0.00020273	     90.275	     1.8027	-9.7531e+92	-9.7531e+92	 0.00045543	 0.00010005	     0.0000	-0.00056330	 -0.0018525	  0.0032230	
18	21	 0.00051235	  0.0018798	     79.511	     2.1434	-9.7531e+92	-9.7531e+92	    0.11462	 0.00052361	     0.0000	 -0.0092002	 -0.0098691	    0.39005	
18	22	 9.5443e-15	 3.5018e-14	     205.13	    0.16037	-9.7531e+92	-9.7531e+92	  0.0011158	 6.7691e-05	     0.0000	  -0.017612	 -0.0011904	   0.021035	
18	23	 0.00042850	  0.0015722	     36.898	     2.9454	-9.7531e+92	-9.7531e+92	  0.0013402	 0.00043182	     0.0000	-0.00020662	 -0.0078721	  0.0043842	
18	24	 7.7768e-05	 0.00028533	     74.739	     2.2865	-9.7531e+92	-9.7531e+92	 0.00048483	 0.00012124	     0.0000	-6.4641e-05	 -0.0022045	  0.0020495	
19	0	 0.00083798	 0.00049276	     234.49	   0.096052	-9.7531e+92	-9.7531e+92	  0.0085435	 4.1721e-05	     0.0000	  -0.024739	 -0.0029270	    0.22134	
19	1	 0.00058970	 0.00034677	     226.57	    0.10968	-9.7531e+92	-9.7531e+92	  0.0057017	 3.0401e-05	     0.0000	  -0.026245	 -0.0021650	    0.20673	
19	2	    0.10181	   0.059865	     139.30	    0.62950	-9.7531e+92	-9.7531e+92	   0.030226	  0.0045800	     0.0000	  0.0054438	   -0.34535	  -0.021991	
19	3	  0.0075708	  0.0044519	     184.07	    0.24039	-9.7531e+92	-9.7531e+92	  0.0052671	 0.00034969	     0.0000	  -0.078196	  -0.025284	   0.096481	
19	4	   0.026185	   0.015398	     119.82	    0.98008	-9.7531e+92	-9.7531e+92	  0.0057849	 0.00085881	     0.0000	   0.012101	  -0.095732	  -0.045690	
19	5	    0.28224	    0.16597	     64.874	     2.5486	-9.7531e+92	-9.7531e+92	   0.045035	   0.012674	   0.040756	    0.13274	    -1.0311	   -0.94668	
19	6	  0.0053486	  0.0031452	     133.74	    0.71443	-9.7531e+92	-9.7531e+92	  0.0079511	 0.00025427	     0.0000	  -0.020396	  -0.020156	    0.18658	
19	7	 0.00035139	 0.00020663	     154.38	    0.44913	-9.7531e+92	-9.7531e+92	  0.0039537	 1.9756e-05	     0.0000	-0.00016716	 -0.0015601	    0.15628	
19	8	   0.070096	   0.041219	     80.536	     2.1117	-9.7531e+92	-9.7531e+92	   0.010976	  0.0028187	   0.010687	   0.082461	   -0.22953	   -0.21369	
19	9	 2.6001e-06	 1.5289e-06	     193.08	    0.20137	-9.7531e+92	-9.7531e+92	   0.016144	 3.1486e-06	     0.0000	 -0.0019297	-0.00025862	    0.47722	
19	10	 0.00035784	 0.00021042	     85.643	     1.9506	-9.7531e+92	-9.7531e+92	 0.00011512	 1.8076e-05	 6.9424e-05	 0.00076007	 -0.0013401	 -0.0010245	
19	11	 0.00012667	 7.4489e-05	     108.78	     1.2499	-9.7531e+92	-9.7531e+92	 8.3481e-05	 9.1404e-06	 2.8777e-05	 0.00016661	-0.00072079	-0.00035332	
19	12	  0.0032241	  0.0018959	     44.530	     2.8865	-9.7531e+92	-9.7531e+92	 0.00051073	 0.00013511	 0.00046299	  0.0065039	 -0.0098141	 -0.0089246	
19	13	    0.13541	   0.079627	     184.51	    0.23831	-9.7531e+92	-9.7531e+92	   0.051073	  0.0059501	     0.0000	 -0.0052542	   -0.41905	   0.061628	
19	14	   0.024326	   0.014305	     166.55	    0.34505	-9.7531e+92	-9.7531e+92	   0.015112	  0.0011288	     0.0000	     0.0000	  -0.080959	    0.17712	
19	15	   0.014564	  0.0085642	     131.26	    0.75593	-9.7531e+92	-9.7531e+92	   0.013063	 0.00066166	     0.0000	  -0.019847	  -0.054094	    0.27440	
19	16	 8.6087e-15	 5.0622e-15	     73.024	     2.3358	-9.7531e+92	-9.7531e+92	 1.9597e-05	 3.0947e-06	     0.0000	 9.5595e-09	-0.00022847	-1.4346e-08	
19	17	 2.1556e-15	 1.2676e-15	     187.53	    0.22442	-9.7531e+92	-9.7531e+92	 0.00012781	 2.9236e-06	     0.0000	 -0.0012893	-0.00024799	  0.0017302	
19	18	    0.22933	    0.13485	     118.15	     1.0174	-9.7531e+92	-9.7531e+92	   0.049315	   0.010724	  0.0089163	    0.17699	   -0.79205	   -0.52176	
19	19	     0.0000	     0.0000	     0.0000	     3.0000	-9.7531e+92	-9.7531e+92	    0.29503	     0.0000	    0.29455	     0.0000	     0.0000	     0.0000	
19	20	   0.089067	   0.052374	     28.400	     2.9806	-9.7531e+92	-9.7531e+92	   0.014059	  0.0038585	   0.013648	    0.10896	   -0.30937	   -0.28889	
19	21	 1.8357e-06	 1.0794e-06	     197.71	    0.18427	-9.7531e+92	-9.7531e+92	  0.0075959	 3.1943e-06	     0.0000	 -0.0051482	-0.00025581	    0.20773	
19	22	  0.0084905	  0.0049927	     93.933	     1.6868	-9.7531e+92	-9.7531e+92	  0.0019625	 0.00027612	 9.4225e-05	  0.0085154	  -0.025401	  -0.014857	
19	23	 6.7342e-05	 3.9599e-05	     121.29	    0.94810	-9.7531e+92	-9.7531e+92	 0.00026254	 6.4902e-06	     0.0000	-0.00042202	-0.00050931	  0.0037489	
19	24	 1.0927e-06	 6.4252e-07	     150.08	    0.49393	-9.7531e+92	-9.7531e+92	 6.1667e-05	 3.2916e-06	     0.0000	-0.00026012	-0.00025825	  0.0015477	
20	0	  0.0051179	  0.0032057	     206.61	    0.15606	-9.7531e+92	-9.7531e+92	  0.0091956	 0.00022823	     0.0000	  -0.022506	  -0.017447	    0.21794	
20	1	  0.0043149	  0.0027027	     199.20	    0.17914	-9.7531e+92	-9.7531e+92	  0.0069241	 0.00019380	     0.0000	  -0.023951	  -0.015022	    0.20411	
20	2	    0.21711	    0.13599	     139.77	    0.62284	-9.7531e+92	-9.7531e+92	   0.049211	  0.0094065	     0.0000	   0.093084	   -0.76364	   -0.40660	
20	3	  0.0062551	  0.0039179	     185.64	    0.23299	-9.7531e+92	-9.7531e+92	  0.0059282	 0.00028069	     0.0000	  -0.079014	  -0.021692	    0.10518	
20	4	   0.034257	   0.021457	     135.08	    0.69295	-9.7531e+92	-9.7531e+92	  0.0071508	  0.0012741	     0.0000	   0.025738	   -0.12905	  -0.076139	
20	5	    0.19441	    0.12177	     39.691	     2.9273	-9.7531e+92	-9.7531e+92	   0.032362	  0.0079391	   0.027804	   0.075072	   -0.72880	   -0.66490	
20	6	   0.018957	   0.011874	     111.59	     1.1762	-9.7531e+92	-9.7531e+92	  0.0096694	 0.00085445	     0.0000	  -0.014644	  -0.073343	    0.14497	
20	7	 0.00082592	 0.00051732	     126.68	    0.83907	-9.7531e+92	-9.7531e+92	  0.0041172	 4.0278e-05	     0.0000	-0.00015118	 -0.0034492	    0.16129	
20	8	  0.0055507	  0.0034768	     51.987	     2.7958	-9.7531e+92	-9.7531e+92	  0.0015146	 0.00020448	  0.0012066	  0.0050052	  -0.018612	  -0.016002	
20	9	 3.7371e-07	 2.3408e-07	     174.09	    0.29453	-9.7531e+92	-9.7531e+92	   0.023044	 2.9180e-06	     0.0000	 -0.0018656	-0.00025934	    0.49782	
20	10	  0.0011531	 0.00072228	     74.457	     2.2947	-9.7531e+92	-9.7531e+92	 0.00020885	 5.0041e-05	 0.00016017	  0.0023957	 -0.0041808	 -0.0036985	
20	11	 4.3389e-05	 2.7177e-05	     83.734	     2.0113	-9.7531e+92	-9.7531e+92	 5.2940e-05	 4.8229e-06	     0.0000	 2.5090e-05	-0.00040984	-5.9943e-05	
20	12	 0.00033895	 0.00021231	     45.010	     2.8817	-9.7531e+92	-9.7531e+92	 9.2195e-05	 1.5807e-05	 4.1340e-05	 0.00060448	 -0.0012878	-0.00096843	
20	13	   0.063230	   0.039605	     165.04	    0.35635	-9.7531e+92	-9.7531e+92	   0.048327	  0.0026585	     0.0000	  -0.022415	   -0.20385	    0.28488	
20	14	   0.059188	   0.037073	     147.73	    0.52061	-9.7531e+92	-9.7531e+92	   0.019664	  0.0026224	     0.0000	     0.0000	   -0.20436	   0.071285	
20	15	  0.0055010	  0.0034456	     124.66	    0.87845	-9.7531e+92	-9.7531e+92	   0.014123	 0.00024252	     0.0000	  -0.022982	  -0.021336	    0.31921	
20	16	 3.7018e-16	 2.3186e-16	     74.477	     2.2942	-9.7531e+92	-9.7531e+92	 2.0874e-05	 2.9721e-06	     0.0000	 9.2299e-09	-0.00024579	-1.5554e-08	
20	17	 1.5043e-15	 9.4226e-16	     207.02	    0.15490	-9.7531e+92	-9.7531e+92	 0.00015197	 2.9325e-06	     0.0000	 -0.0014069	-0.00026024	  0.0018270	
20	18	    0.34888	    0.21852	     90.275	     1.8027	-9.7531e+92	-9.7531e+92	   0.066254	   0.015593	   0.023221	    0.29848	    -1.2508	   -0.95103	
20	19	   0.034685	   0.021725	     28.400	     2.9806	-9.7531e+92	-9.7531e+92	  0.0058236	  0.0011928	  0.0053127	   0.037930	   -0.10722	  -0.098234	
20	20	     0.0000	     0.0000	     0.0000	     3.0000	-9.7531e+92	-9.7531e+92	    0.31390	     0.0000	    0.31346	     0.0000	     0.0000	     0.0000	
20	21	 1.0341e-07	 6.4775e-08	     169.84	    0.32188	-9.7531e+92	-9.7531e+92	  0.0074099	 2.9762e-06	     0.0000	 -0.0049771	-0.00025831	    0.21670	
20	22	 9.3163e-06	 5.8354e-06	     116.48	     1.0560	-9.7531e+92	-9.7531e+92	 0.00090283	 2.7424e-06	     0.0000	 -0.0066205	-0.00026171	   0.010093	
20	23	 0.00016064	 0.00010062	     93.058	     1.7144	-9.7531e+92	-9.7531e+92	 0.00019443	 1.0490e-05	     0.0000	-0.00036169	-0.00089276	  0.0035616	
20	24	 1.1902e-05	 7.4548e-06	     121.85	    0.93617	-9.7531e+92	-9.7531e+92	 5.6800e-05	 3.6409e-06	     0.0000	-0.00024319	-0.00030958	  0.0015735	
21	0	    0.21204	    0.24802	     39.458	     2.9290	-9.7531e+92	-9.7531e+92	   0.083648	    0.12739	     0.0000	   0.078719	     1.6915	    0.24037	
21	1	    0.21323	    0.24942	     57.297	     2.7081	-9.7531e+92	-9.7531e+92	   0.083515	    0.13671	  0.0050515	   0.096033	     1.8122	    0.25214	
21	2	 0.00057832	 0.00067647	     197.19	    0.18609	-9.7531e+92	-9.7531e+92	   0.018440	 0.00050889	     0.0000	   -0.12383	  0.0067398	   -0.16173	
21	3	 7.7794e-05	 9.0996e-05	     259.71	   0.064522	-9.7531e+92	-9.7531e+92	  0.0070112	 0.00012241	     0.0000	   -0.16259	  0.0015848	  -0.066607	
21	4	 1.4126e-06	 1.6523e-06	     253.96	   0.070430	-9.7531e+92	-9.7531e+92	  0.0012826	 5.6159e-05	     0.0000	  -0.036403	 0.00067479	  -0.021651	
21	5	  0.0022159	  0.0025920	     132.91	    0.72808	-9.7531e+92	-9.7531e+92	  0.0028104	  0.0018029	     0.0000	 -0.0048145	   0.022218	 -0.0083603	
21	6	   0.022828	   0.026702	     78.899	     2.1621	-9.7531e+92	-9.7531e+92	   0.030213	   0.017713	     0.0000	  -0.022914	    0.22463	  -0.059806	
21	7	   0.095292	    0.11146	     44.967	     2.8822	-9.7531e+92	-9.7531e+92	   0.048168	   0.072536	     0.0000	 0.00033330	    0.94284	   0.084000	
21	8	 0.00059292	 0.00069354	     132.38	    0.73687	-9.7531e+92	-9.7531e+92	 0.00032044	 0.00053537	     0.0000	 0.00048303	  0.0063303	 0.00027761	
21	9	   0.050410	   0.058964	     83.320	     2.0244	-9.7531e+92	-9.7531e+92	   0.052452	   0.037539	     0.0000	 -0.0020253	    0.49172	   -0.14302	
21	10	 1.3719e-09	 1.6048e-09	     171.26	    0.31241	-9.7531e+92	-9.7531e+92	 4.2344e-05	 5.5339e-05	     0.0000	-5.2781e-05	 0.00063329	-1.8327e-05	
21	11	 7.0968e-05	 8.3011e-05	     128.65	    0.80225	-9.7531e+92	-9.7531e+92	 6.9687e-05	 0.00011098	     0.0000	 0.00013434	  0.0013271	 7.3794e-05	
21	12	 6.2568e-16	 7.3186e-16	     187.39	    0.22505	-9.7531e+92	-9.7531e+92	 4.2054e-05	 5.6842e-05	     0.0000	-6.8436e-05	 0.00062460	-2.4097e-05	
21	13	    0.20918	    0.24468	     76.619	     2.2311	-9.7531e+92	-9.7531e+92	    0.10914	   0.088767	     0.0000	     0.0000	    0.73718	     0.0000	
21	14	   0.094447	    0.11047	     101.18	     1.4647	-9.7531e+92	-9.7531e+92	   0.049949	   0.065075	     0.0000	     0.0000	    0.91926	   0.023171	
21	15	 0.00010307	 0.00012056	     175.65	    0.28523	-9.7531e+92	-9.7531e+92	   0.021621	 0.00013190	     0.0000	  -0.044779	  0.0016472	   -0.15584	
21	16	 3.6718e-16	 4.2950e-16	     180.81	    0.25669	-9.7531e+92	-9.7531e+92	 3.8981e-05	 5.7334e-05	     0.0000	 1.8518e-08	 0.00063784	 7.3466e-09	
21	17	 2.4644e-16	 2.8826e-16	     326.31	   0.026229	-9.7531e+92	-9.7531e+92	 6.4298e-05	 5.9669e-05	     0.0000	 -0.0027010	 0.00061176	-0.00081616	
21	18	   0.091121	    0.10658	     79.511	     2.1434	-9.7531e+92	-9.7531e+92	   0.048191	   0.056139	     0.0000	     0.0000	    0.85806	   0.038138	
21	19	 4.1752e-08	 4.8837e-08	     197.71	    0.18427	-9.7531e+92	-9.7531e+92	 9.9426e-05	 5.4838e-05	     0.0000	 -0.0026509	 0.00063802	 -0.0012449	
21	20	 7.9267e-06	 9.2719e-06	     169.84	    0.32188	-9.7531e+92	-9.7531e+92	 0.00011711	 6.1649e-05	     0.0000	 -0.0016025	 0.00071109	 -0.0010368	
21	21	     0.0000	     0.0000	     0.0000	     3.0000	-9.7531e+92	-9.7531e+92	    0.60916	     0.0000	    0.53985	     0.0000	     0.0000	     0.0000	
21	22	 7.3397e-17	 8.5853e-17	     284.69	   0.044983	-9.7531e+92	-9.7531e+92	 0.00019471	 5.7492e-05	     0.0000	  -0.016819	 0.00061827	 -0.0051708	
21	23	  0.0062210	  0.0072767	     78.648	     2.1698	-9.7531e+92	-9.7531e+92	  0.0022883	  0.0047565	 0.00090666	  0.0035505	   0.064209	  0.0084618	
21	24	  0.0015868	  0.0018560	     85.071	     1.9688	-9.7531e+92	-9.7531e+92	 0.00070876	  0.0012029	 0.00012455	  0.0011723	   0.017882	  0.0019108	
22	0	 1.2321e-05	 7.4908e-06	     321.47	   0.027830	-9.7531e+92	-9.7531e+92	  0.0039577	 9.0179e-06	     0.0000	  -0.058124	-7.5903e-05	   0.057645	
22	1	 5.9789e-05	 3.6351e-05	     312.59	   0.031097	-9.7531e+92	-9.7531e+92	  0.0032709	 1.4476e-05	     0.0000	  -0.061453	-0.00012984	   0.056208	
22	2	    0.12697	   0.077193	     161.29	    0.38622	-9.7531e+92	-9.7531e+92	   0.047644	   0.013647	     0.0000	   0.058693	   -0.14934	  -0.029104	
22	3	    0.11632	   0.070722	     164.94	    0.35711	-9.7531e+92	-9.7531e+92	   0.028351	   0.012374	  0.0048447	    0.44775	   -0.13372	  -0.064822	
22	4	    0.54469	    0.33116	     82.638	     2.0459	-9.7531e+92	-9.7531e+92	   0.088130	   0.011822	   0.080286	   0.045987	   -0.89788	   -0.73836	
22	5	   0.047399	   0.028818	     151.89	    0.47454	-9.7531e+92	-9.7531e+92	   0.012914	  0.0056085	  0.0084900	   0.053859	  -0.068815	  -0.047769	
22	6	 3.1218e-05	 1.8980e-05	     216.08	    0.13159	-9.7531e+92	-9.7531e+92	  0.0034998	 1.1293e-05	     0.0000	  -0.052259	-0.00014315	   0.070227	
22	7	 4.2568e-13	 2.5880e-13	     241.36	   0.085874	-9.7531e+92	-9.7531e+92	  0.0017450	 7.7940e-06	     0.0000	-0.00041423	-9.8366e-05	   0.054114	
22	8	 0.00039651	 0.00024107	     168.70	    0.32968	-9.7531e+92	-9.7531e+92	 0.00078418	 5.5312e-05	 0.00048527	-0.00011756	-0.00070615	 3.6491e-05	
22	9	 1.9159e-13	 1.1648e-13	     266.14	   0.058633	-9.7531e+92	-9.7531e+92	   0.019056	 7.4271e-06	     0.0000	 -0.0044829	-9.7719e-05	    0.16376	
22	10	 3.1469e-12	 1.9132e-12	     176.66	    0.27933	-9.7531e+92	-9.7531e+92	 3.1800e-05	 8.0025e-06	     0.0000	-7.3584e-05	-0.00010413	 1.4170e-05	
22	11	 1.3488e-13	 8.2005e-14	     200.45	    0.17499	-9.7531e+92	-9.7531e+92	 3.0960e-05	 8.0135e-06	     0.0000	-0.00011102	-0.00010407	 3.3667e-05	
22	12	 0.00051706	 0.00031436	     131.16	    0.75767	-9.7531e+92	-9.7531e+92	 0.00012861	 6.9186e-05	 7.9243e-05	  0.0032934	-0.00089466	-0.00064285	
22	13	  0.0020544	  0.0012490	     260.15	   0.064098	-9.7531e+92	-9.7531e+92	   0.016082	 0.00022800	     0.0000	  -0.089169	 -0.0017771	    0.10217	
22	14	   0.010119	  0.0061524	     227.39	    0.10817	-9.7531e+92	-9.7531e+92	   0.013199	  0.0011570	     0.0000	     0.0000	  -0.010754	   0.060603	
22	15	  0.0043628	  0.0026525	     163.21	    0.37056	-9.7531e+92	-9.7531e+92	   0.013319	 0.00047540	     0.0000	  -0.033904	 -0.0062347	    0.10520	
22	16	 5.3165e-13	 3.2323e-13	     106.73	     1.3057	-9.7531e+92	-9.7531e+92	 2.0261e-05	 7.5973e-06	     0.0000	 2.3218e-08	-6.2262e-05	-3.5067e-09	
22	17	  0.0032829	  0.0019960	     106.10	     1.3231	-9.7531e+92	-9.7531e+92	  0.0021203	 0.00027452	  0.0017807	  0.0060627	 -0.0017141	-0.00096604	
22	18	   0.013195	  0.0080221	     205.13	    0.16037	-9.7531e+92	-9.7531e+92	   0.013364	  0.0015232	     0.0000	   -0.14225	  -0.015771	   0.053813	
22	19	   0.083872	   0.050992	     93.933	     1.6868	-9.7531e+92	-9.7531e+92	   0.014365	  0.0097256	   0.013869	    0.40862	   -0.11963	   -0.10395	
22	20	   0.046715	   0.028402	     116.48	     1.0560	-9.7531e+92	-9.7531e+92	  0.0085231	  0.0054568	  0.0080986	    0.16480	  -0.069660	  -0.057726	
22	21	 2.3567e-13	 1.4328e-13	     284.69	   0.044983	-9.7531e+92	-9.7531e+92	  0.0026589	 7.6801e-06	     0.0000	  -0.011960	-9.8201e-05	   0.071259	
22	22	     0.0000	     0.0000	     0.0000	     3.0000	-9.7531e+92	-9.7531e+92	    0.31461	     0.0000	    0.31267	     0.0000	     0.0000	     0.0000	
22	23	 2.5442e-12	 1.5468e-12	     209.07	    0.14920	-9.7531e+92	-9.7531e+92	 8.2188e-05	 8.0115e-06	     0.0000	 -0.0010826	-0.00010342	  0.0014131	
22	24	 1.0242e-12	 6.2268e-13	     237.89	   0.090842	-9.7531e+92	-9.7531e+92	 3.4269e-05	 8.0220e-06	     0.0000	-0.00061437	-0.00010388	 0.00055094	
23	0	    0.19797	   0.096412	     119.13	    0.99543	-9.7531e+92	-9.7531e+92	   0.032244	  0.0033586	     0.0000	  0.0058257	   -0.25567	   -0.13821	
23	1	   0.092725	   0.045158	     132.72	    0.73117	-9.7531e+92	-9.7531e+92	   0.019468	  0.0018753	     0.0000	  0.0017173	   -0.11437	  -0.028112	
23	2	  0.0036347	  0.0017701	     168.40	    0.33177	-9.7531e+92	-9.7531e+92	  0.0095633	 8.1009e-05	     0.0000	  -0.012229	 -0.0045574	    0.10227	
23	3	 6.2363e-05	 3.0371e-05	     228.38	    0.10637	-9.7531e+92	-9.7531e+92	  0.0027456	 2.9565e-06	     0.0000	  -0.016601	-0.00015419	   0.042349	
23	4	 2.2808e-07	 1.1108e-07	     212.30	    0.14074	-9.7531e+92	-9.7531e+92	 0.00054832	 1.5046e-06	     0.0000	 -0.0037151	-8.8250e-05	   0.015202	
23	5	   0.065950	   0.032118	     65.633	     2.5304	-9.7531e+92	-9.7531e+92	  0.0089068	  0.0014559	  0.0053630	  0.0055759	  -0.088566	  -0.071131	
23	6	   0.014994	  0.0073022	     73.330	     2.3271	-9.7531e+92	-9.7531e+92	  0.0096795	 0.00032766	     0.0000	 -0.0028488	  -0.020385	   0.053023	
23	7	   0.019001	  0.0092535	     58.677	     2.6821	-9.7531e+92	-9.7531e+92	  0.0097071	 0.00041415	     0.0000	-1.7497e-05	  -0.025684	   0.031518	
23	8	  0.0083457	  0.0040644	     54.810	     2.7517	-9.7531e+92	-9.7531e+92	  0.0011782	 0.00017767	 0.00093877	  0.0018240	  -0.010486	 -0.0089247	
23	9	  0.0022681	  0.0011046	     121.73	    0.93874	-9.7531e+92	-9.7531e+92	   0.014511	 4.9798e-05	     0.0000	-0.00032274	 -0.0031758	    0.16277	
23	10	 9.6766e-05	 4.7125e-05	     95.614	     1.6342	-9.7531e+92	-9.7531e+92	 3.6156e-05	 3.4927e-06	     0.0000	 3.0148e-05	-0.00018172	-8.5307e-05	
23	11	  0.0020568	  0.0010017	     53.605	     2.7712	-9.7531e+92	-9.7531e+92	 0.00027550	 4.3279e-05	 0.00023020	 0.00037560	 -0.0022185	 -0.0018848	
23	12	 1.3519e-06	 6.5836e-07	     109.85	     1.2215	-9.7531e+92	-9.7531e+92	 1.9651e-05	 1.5644e-06	     0.0000	-5.8537e-06	-9.0893e-05	 1.6087e-05	
23	13	    0.14276	   0.069523	     113.01	     1.1402	-9.7531e+92	-9.7531e+92	   0.045018	  0.0027344	     0.0000	-0.00053332	   -0.16572	   0.014376	
23	14	    0.14898	   0.072555	     114.84	     1.0952	-9.7531e+92	-9.7531e+92	   0.026299	  0.0030984	     0.0000	     0.0000	   -0.18313	  -0.075032	
23	15	 0.00020420	 9.9448e-05	     149.47	    0.50076	-9.7531e+92	-9.7531e+92	  0.0080665	 5.9903e-06	     0.0000	 -0.0045654	-0.00036675	    0.11263	
23	16	 4.1593e-14	 2.0256e-14	     136.77	    0.66684	-9.7531e+92	-9.7531e+92	 1.6230e-05	 1.5331e-06	     0.0000	 1.6508e-09	-5.6457e-05	-3.2670e-09	
23	17	 5.3325e-15	 2.5970e-15	     284.58	   0.045056	-9.7531e+92	-9.7531e+92	 2.6989e-05	 1.5940e-06	     0.0000	-0.00027567	-9.3359e-05	 0.00061007	
23	18	    0.24813	    0.12084	     36.898	     2.9454	-9.7531e+92	-9.7531e+92	   0.039099	  0.0052855	  0.0056412	   0.033625	   -0.31420	   -0.20453	
23	19	 1.6734e-05	 8.1497e-06	     121.29	    0.94810	-9.7531e+92	-9.7531e+92	 0.00012462	 1.9299e-06	     0.0000	-0.00025722	-0.00011506	 0.00090442	
23	20	 0.00038693	 0.00018843	     93.058	     1.7144	-9.7531e+92	-9.7531e+92	 0.00021432	 1.0547e-05	     0.0000	-6.4035e-05	-0.00062662	 0.00030259	
23	21	   0.051495	   0.025078	     78.648	     2.1698	-9.7531e+92	-9.7531e+92	   0.015202	  0.0010397	     0.0000	-8.9393e-05	  -0.068304	  0.0093396	
23	22	 6.6803e-14	 3.2533e-14	     209.07	    0.14920	-9.7531e+92	-9.7531e+92	 8.3139e-05	 1.5396e-06	     0.0000	 -0.0017152	-9.2681e-05	  0.0038396	
23	23	     0.0000	     0.0000	     0.0000	     3.0000	-9.7531e+92	-9.7531e+92	    0.24371	     0.0000	    0.24313	     0.0000	     0.0000	     0.0000	
23	24	 0.00092540	 0.00045067	     40.708	     2.9198	-9.7531e+92	-9.7531e+92	 0.00021242	 2.1710e-05	     0.0000	 4.5487e-05	 -0.0012904	-0.00058220	
24	0	    0.18615	   0.080385	     123.34	    0.90511	-9.7531e+92	-9.7531e+92	   0.027930	  0.0010684	     0.0000	  0.0014528	   -0.13991	  -0.077889	
24	1	    0.10296	   0.044460	     142.19	    0.58963	-9.7531e+92	-9.7531e+92	   0.018887	 0.00085887	     0.0000	  0.0012225	  -0.071671	  -0.023505	
24	2	 0.00024635	 0.00010638	     210.29	    0.14595	-9.7531e+92	-9.7531e+92	  0.0077325	 2.8324e-06	     0.0000	 -0.0064504	-0.00021881	   0.063318	
24	3	 3.1856e-05	 1.3756e-05	     270.69	   0.054855	-9.7531e+92	-9.7531e+92	  0.0020954	 9.3233e-07	     0.0000	 -0.0084498	-6.7119e-05	   0.025316	
24	4	 3.6562e-07	 1.5789e-07	     253.16	   0.071301	-9.7531e+92	-9.7531e+92	 0.00043924	 6.2795e-07	     0.0000	 -0.0018898	-4.9832e-05	  0.0090621	
24	5	   0.036782	   0.015884	     106.34	     1.3165	-9.7531e+92	-9.7531e+92	  0.0048319	 0.00034502	  0.0016896	  0.0014693	  -0.028040	  -0.021330	
24	6	   0.016828	  0.0072668	     108.13	     1.2674	-9.7531e+92	-9.7531e+92	  0.0087634	 0.00015013	     0.0000	 -0.0013871	  -0.012868	   0.030261	
24	7	   0.052304	   0.022586	     84.614	     1.9834	-9.7531e+92	-9.7531e+92	   0.012272	 0.00047295	     0.0000	 2.5379e-06	  -0.039844	 -0.0053543	
24	8	  0.0082838	  0.0035772	     77.960	     2.1908	-9.7531e+92	-9.7531e+92	  0.0010185	 7.8272e-05	 0.00080623	  0.0011623	 -0.0063436	 -0.0057385	
24	9	 0.00054933	 0.00023722	     149.07	    0.50520	-9.7531e+92	-9.7531e+92	   0.011383	 5.4065e-06	     0.0000	-0.00016625	-0.00047086	   0.098207	
24	10	 5.1415e-05	 2.2203e-05	     102.71	     1.4197	-9.7531e+92	-9.7531e+92	 3.0244e-05	 1.1201e-06	     0.0000	 9.4580e-06	-8.7983e-05	-2.8927e-05	
24	11	  0.0039263	  0.0016955	     56.094	     2.7297	-9.7531e+92	-9.7531e+92	 0.00044509	 3.2057e-05	 0.00040492	 0.00035509	 -0.0022081	 -0.0020483	
24	12	 3.8412e-06	 1.6587e-06	     132.31	    0.73810	-9.7531e+92	-9.7531e+92	 1.7728e-05	 6.9101e-07	     0.0000	-2.6035e-06	-5.5133e-05	 7.9119e-06	
24	13	    0.12577	   0.054313	     142.21	    0.58941	-9.7531e+92	-9.7531e+92	   0.039449	  0.0010015	     0.0000	-0.00064634	  -0.082537	   0.019180	
24	14	   0.025294	   0.010923	     150.00	    0.49487	-9.7531e+92	-9.7531e+92	   0.010381	 0.00022424	     0.0000	     0.0000	  -0.017484	   0.036719	
24	15	 1.1295e-05	 4.8773e-06	     189.75	    0.21485	-9.7531e+92	-9.7531e+92	  0.0066322	 7.1896e-07	     0.0000	 -0.0023267	-5.9414e-05	   0.067241	
24	16	 1.7155e-14	 7.4082e-15	     177.80	    0.27291	-9.7531e+92	-9.7531e+92	 1.4391e-05	 6.4083e-07	     0.0000	 8.8033e-10	-1.5005e-05	-8.8759e-10	
24	17	 7.1950e-14	 3.1070e-14	     325.25	   0.026569	-9.7531e+92	-9.7531e+92	 2.3002e-05	 6.6227e-07	     0.0000	-0.00014021	-5.2284e-05	 0.00036325	
24	18	    0.31940	    0.13792	     74.739	     2.2865	-9.7531e+92	-9.7531e+92	   0.041949	  0.0028425	   0.012282	   0.023897	   -0.22824	   -0.17054	
24	19	 1.1929e-05	 5.1512e-06	     150.08	    0.49393	-9.7531e+92	-9.7531e+92	 8.9316e-05	 7.6352e-07	     0.0000	-0.00013521	-6.1164e-05	 0.00054210	
24	20	 0.00032529	 0.00014047	     121.85	    0.93617	-9.7531e+92	-9.7531e+92	 0.00015170	 3.8084e-06	     0.0000	-4.0911e-05	-0.00030458	 0.00022540	
24	21	    0.11277	   0.048699	     85.071	     1.9688	-9.7531e+92	-9.7531e+92	   0.020075	 0.00094833	     0.0000	 0.00038443	  -0.085115	  -0.038601	
24	22	 3.5579e-13	 1.5364e-13	     237.89	   0.090842	-9.7531e+92	-9.7531e+92	 6.8005e-05	 6.4100e-07	     0.0000	-0.00087302	-5.1980e-05	  0.0022865	
24	23	  0.0083012	  0.0035847	     40.708	     2.9198	-9.7531e+92	-9.7531e+92	  0.0011034	 7.6734e-05	 0.00059327	 0.00025734	 -0.0064155	 -0.0052874	
24	24	     0.0000	     0.0000	     0.0000	     3.0000	-9.7531e+92	-9.7531e+92	    0.21601	     0.0000	    0.21579	     0.0000	     0.0000	     0.0000	
