#source	Target	value	weight	distance	potential1	geneCorrelation	separation	influenceWeight	betweenness	influence'Weight	betweenness'	nbetweenness	nbetweenness'	
0	0	     0.0000	     0.0000	     0.0000	     3.0000	-9.7531e+92	-9.7531e+92	     5.5258	     0.0000	     3.9974	     0.0000	     0.0000	     0.0000	
0	1	   0.094124	    0.96153	     35.562	     2.9528	-9.7531e+92	-9.7531e+92	    0.74193	    0.10745	     0.0000	  -0.035277	    0.20631	   -0.27170	
0	2	  0.0043186	   0.044117	     211.35	    0.14318	-9.7531e+92	-9.7531e+92	   0.097367	  0.0078292	     0.0000	  -0.065486	   0.037634	  -0.066282	
0	3	 0.00017853	  0.0018238	     273.88	   0.052386	-9.7531e+92	-9.7531e+92	  0.0067630	 0.00045532	     0.0000	 -0.0056663	  0.0021444	 -0.0096667	
0	4	 3.0303e-07	 3.0957e-06	     281.58	   0.046977	-9.7531e+92	-9.7531e+92	  0.0037173	 0.00013277	     0.0000	  -0.010039	 0.00053402	 -0.0054413	
0	5	  0.0059565	   0.060848	     169.69	    0.32292	-9.7531e+92	-9.7531e+92	   0.059031	   0.011368	     0.0000	  -0.019579	   0.047211	  -0.021520	
0	6	   0.070866	    0.72394	     105.31	     1.3454	-9.7531e+92	-9.7531e+92	    0.39099	    0.11394	     0.0000	-0.00049537	    0.61631	  -0.014437	
0	7	   0.095922	    0.97989	     80.265	     2.1201	-9.7531e+92	-9.7531e+92	    0.34044	    0.16164	     0.0000	     0.0000	    0.83048	    0.10697	
0	8	 0.00056669	  0.0057891	     172.11	    0.30693	-9.7531e+92	-9.7531e+92	  0.0089715	  0.0011425	     0.0000	 -0.0012649	  0.0054379	 -0.0037037	
0	9	    0.12721	     1.2995	     86.890	     1.9108	-9.7531e+92	-9.7531e+92	    0.40356	    0.24437	     0.0000	    0.34974	     1.0084	    0.16786	
0	10	 3.8721e-14	 3.9555e-13	     210.64	    0.14503	-9.7531e+92	-9.7531e+92	 0.00043391	 0.00012552	     0.0000	-0.00010625	 0.00054956	-6.8218e-05	
0	11	 4.8576e-05	 0.00049623	     167.10	    0.34103	-9.7531e+92	-9.7531e+92	  0.0011148	 0.00019824	     0.0000	-1.1513e-05	  0.0010653	-0.00030339	
0	12	 5.4089e-14	 5.5255e-13	     226.76	    0.10933	-9.7531e+92	-9.7531e+92	 0.00036324	 0.00012796	     0.0000	-3.7808e-05	 0.00052384	-2.0884e-05	
0	13	    0.14230	     1.4537	     86.013	     1.9388	-9.7531e+92	-9.7531e+92	    0.64256	    0.18795	     0.0000	   0.061808	     1.8381	   0.090236	
0	14	    0.10126	     1.0344	     114.85	     1.0949	-9.7531e+92	-9.7531e+92	    0.43709	    0.17942	     0.0000	   0.045782	     1.0174	   0.062543	
0	15	  0.0018153	   0.018544	     189.51	    0.21584	-9.7531e+92	-9.7531e+92	   0.033437	  0.0036235	     0.0000	  -0.025961	   0.014006	  -0.026159	
0	16	 7.3824e-14	 7.5415e-13	     217.18	    0.12904	-9.7531e+92	-9.7531e+92	 0.00034044	 0.00013005	     0.0000	 1.6387e-08	 0.00057047	 8.5565e-09	
0	17	 1.1042e-13	 1.1280e-12	     353.56	   0.019078	-9.7531e+92	-9.7531e+92	 0.00037588	 0.00014296	     0.0000	-0.00030131	 0.00039988	-8.5513e-05	
0	18	    0.10694	     1.0924	     116.29	     1.0606	-9.7531e+92	-9.7531e+92	    0.47949	   0.092053	     0.0000	     0.0000	    0.35797	     0.0000	
0	19	 1.6366e-13	 1.6719e-12	     234.49	   0.096052	-9.7531e+92	-9.7531e+92	 0.00054896	 0.00012990	     0.0000	-0.00035716	 0.00049328	-0.00024701	
0	20	 3.4209e-13	 3.4946e-12	     206.61	    0.15606	-9.7531e+92	-9.7531e+92	 0.00092094	 0.00011786	     0.0000	-0.00031729	 0.00050577	-0.00051387	
0	21	    0.10053	     1.0269	     39.458	     2.9290	-9.7531e+92	-9.7531e+92	    0.50915	    0.15923	     0.0000	     0.0000	    0.91514	   0.051837	
0	22	 8.4968e-14	 8.6799e-13	     321.47	   0.027830	-9.7531e+92	-9.7531e+92	 0.00042108	 0.00014143	     0.0000	-0.00067867	 0.00041984	-0.00021205	
0	23	   0.025040	    0.25580	     119.13	    0.99543	-9.7531e+92	-9.7531e+92	   0.076561	   0.042043	  0.0086248	 0.00043083	    0.24979	   0.036222	
0	24	    0.12293	     1.2557	     123.34	    0.90511	-9.7531e+92	-9.7531e+92	    0.45316	    0.20167	     0.0000	  0.0073255	     1.1230	   0.095180	
1	0	    0.17483	     2.7963	     35.562	     2.9528	-9.7531e+92	-9.7531e+92	     1.2843	    0.45719	     0.0000	  0.0023944	     8.6584	    0.47456	
1	1	     0.0000	     0.0000	     0.0000	     3.0000	-9.7531e+92	-9.7531e+92	     8.7577	     0.0000	     5.8176	     0.0000	     0.0000	     0.0000	
1	2	   0.014834	    0.23725	     184.62	    0.23778	-9.7531e+92	-9.7531e+92	    0.16960	   0.040340	     0.0000	   -0.16586	    0.67635	   -0.37187	
1	3	 0.00022361	  0.0035763	     244.14	   0.082134	-9.7531e+92	-9.7531e+92	   0.010884	 0.00067621	     0.0000	  -0.021520	   0.012828	  -0.081362	
1	4	 3.2811e-06	 5.2478e-05	     272.02	   0.053810	-9.7531e+92	-9.7531e+92	  0.0062212	 0.00020204	     0.0000	  -0.038467	  0.0031830	  -0.047467	
1	5	  0.0026081	   0.041713	     161.91	    0.38106	-9.7531e+92	-9.7531e+92	   0.077982	  0.0082382	     0.0000	  -0.098648	    0.12042	   -0.25238	
1	6	   0.076805	     1.2284	     96.519	     1.6061	-9.7531e+92	-9.7531e+92	    0.61278	    0.22379	     0.0000	-0.00029097	     3.4846	  -0.019399	
1	7	   0.065640	     1.0498	     75.481	     2.2648	-9.7531e+92	-9.7531e+92	    0.43095	    0.19147	     0.0000	     0.0000	     2.9790	    0.40001	
1	8	 3.5461e-05	 0.00056716	     184.58	    0.23797	-9.7531e+92	-9.7531e+92	   0.021467	 0.00031348	     0.0000	 -0.0062140	  0.0046474	  -0.043256	
1	9	    0.10570	     1.6905	     55.376	     2.7421	-9.7531e+92	-9.7531e+92	    0.56171	    0.35786	     0.0000	     1.0000	     4.6612	     1.1305	
1	10	 6.2718e-15	 1.0031e-13	     228.04	    0.10699	-9.7531e+92	-9.7531e+92	 0.00078094	 0.00022355	     0.0000	-0.00041740	  0.0029237	-0.00062716	
1	11	 3.3484e-09	 5.3554e-08	     185.20	    0.23505	-9.7531e+92	-9.7531e+92	  0.0020414	 0.00019446	     0.0000	-5.7968e-05	  0.0030150	 -0.0036520	
1	12	 1.2419e-15	 1.9863e-14	     231.78	    0.10046	-9.7531e+92	-9.7531e+92	 0.00057862	 0.00022674	     0.0000	-0.00015529	  0.0029179	-0.00019197	
1	13	   0.081522	     1.3039	     57.043	     2.7128	-9.7531e+92	-9.7531e+92	    0.80594	   0.069732	     0.0000	     0.0000	   -0.17964	   0.035421	
1	14	   0.048786	    0.78028	     88.839	     1.8485	-9.7531e+92	-9.7531e+92	    0.50425	    0.13960	     0.0000	   -0.16827	     2.3234	   -0.47507	
1	15	 0.00087521	   0.013998	     167.83	    0.33581	-9.7531e+92	-9.7531e+92	   0.046665	  0.0026097	     0.0000	   -0.10681	   0.043319	   -0.25035	
1	16	 6.0169e-16	 9.6233e-15	     207.46	    0.15366	-9.7531e+92	-9.7531e+92	 0.00053300	 0.00023923	     0.0000	 6.2582e-08	  0.0028506	 7.9471e-08	
1	17	 6.7611e-16	 1.0814e-14	     342.57	   0.021626	-9.7531e+92	-9.7531e+92	 0.00059142	 0.00022338	     0.0000	 -0.0011559	  0.0029318	-0.00078583	
1	18	   0.069026	     1.1040	     111.77	     1.1715	-9.7531e+92	-9.7531e+92	    0.63262	    0.21418	     0.0000	   -0.10465	     3.2540	   -0.24553	
1	19	 1.7147e-15	 2.7425e-14	     226.57	    0.10968	-9.7531e+92	-9.7531e+92	 0.00087591	 0.00021155	     0.0000	 -0.0013524	  0.0029751	 -0.0022553	
1	20	 1.4166e-06	 2.2656e-05	     199.20	    0.17914	-9.7531e+92	-9.7531e+92	  0.0017948	 0.00013924	     0.0000	-2.4255e-05	  0.0034830	 -0.0051213	
1	21	   0.048913	    0.78230	     57.297	     2.7081	-9.7531e+92	-9.7531e+92	    0.59821	    0.14287	     0.0000	     0.0000	     2.2127	   -0.47003	
1	22	 9.3683e-16	 1.4983e-14	     312.59	   0.031097	-9.7531e+92	-9.7531e+92	 0.00066701	 0.00022370	     0.0000	 -0.0025995	  0.0029390	 -0.0019396	
1	23	  0.0078942	    0.12626	     132.72	    0.73117	-9.7531e+92	-9.7531e+92	   0.060108	   0.024331	     0.0000	 0.00011643	    0.35876	   0.023283	
1	24	    0.30230	     4.8349	     142.19	    0.58963	-9.7531e+92	-9.7531e+92	     1.4030	    0.83344	    0.21235	    0.13218	     13.817	     4.0827	
2	0	   0.061570	    0.19687	     211.35	    0.14318	-9.7531e+92	-9.7531e+92	    0.14365	   0.040586	     0.0000	 -0.0032212	   -0.44334	    0.20730	
2	1	    0.14345	    0.45868	     184.62	    0.23778	-9.7531e+92	-9.7531e+92	    0.30888	   0.089274	     0.0000	  -0.023323	   -0.72843	   0.050529	
2	2	     0.0000	     0.0000	     0.0000	     3.0000	-9.7531e+92	-9.7531e+92	     1.6486	     0.0000	     1.5358	     0.0000	     0.0000	     0.0000	
2	3	   0.054752	    0.17507	     63.167	     2.5880	-9.7531e+92	-9.7531e+92	   0.062031	   0.033168	   0.046833	   0.053385	   -0.56956	   -0.18820	
2	4	   0.052091	    0.16656	     91.235	     1.7721	-9.7531e+92	-9.7531e+92	   0.047023	   0.030639	   0.038423	    0.16563	   -0.49958	   -0.16499	
2	5	   0.056400	    0.18034	     120.45	    0.96633	-9.7531e+92	-9.7531e+92	   0.055767	   0.031162	  0.0024811	  0.0034718	   -0.43802	  -0.072308	
2	6	  0.0084564	   0.027039	     118.53	     1.0087	-9.7531e+92	-9.7531e+92	   0.063738	  0.0056409	     0.0000	 -0.0057148	  -0.086695	    0.27234	
2	7	  0.0011287	  0.0036091	     153.12	    0.46179	-9.7531e+92	-9.7531e+92	   0.027092	 0.00086830	     0.0000	     0.0000	  -0.012794	    0.16841	
2	8	 6.7548e-06	 2.1598e-05	     174.51	    0.29198	-9.7531e+92	-9.7531e+92	  0.0012014	 5.5667e-05	     0.0000	 -0.0020238	-0.00081494	   0.010197	
2	9	  0.0015276	  0.0048844	     133.64	    0.71608	-9.7531e+92	-9.7531e+92	   0.029186	  0.0012297	     0.0000	   -0.24975	  -0.017987	    0.16992	
2	10	 8.8334e-16	 2.8245e-15	     213.20	    0.13850	-9.7531e+92	-9.7531e+92	 0.00012186	 5.0758e-05	     0.0000	-0.00014316	-0.00073279	 0.00014854	
2	11	 1.3482e-15	 4.3110e-15	     197.83	    0.18388	-9.7531e+92	-9.7531e+92	 0.00018988	 5.0665e-05	     0.0000	-2.2121e-05	-0.00075885	 0.00086135	
2	12	 1.9536e-15	 6.2465e-15	     181.48	    0.25322	-9.7531e+92	-9.7531e+92	 0.00011527	 5.0518e-05	     0.0000	-5.4174e-05	-0.00072625	 4.5457e-05	
2	13	    0.21507	    0.68768	     127.66	    0.82064	-9.7531e+92	-9.7531e+92	    0.24870	    0.14547	     0.0000	    0.30587	   -0.87819	   -0.14818	
2	14	    0.10564	    0.33780	     97.273	     1.5829	-9.7531e+92	-9.7531e+92	    0.16091	   0.049029	     0.0000	   0.017493	    -1.3960	   -0.17134	
2	15	    0.21675	    0.69306	     21.827	     2.9932	-9.7531e+92	-9.7531e+92	    0.18816	    0.13888	    0.14076	    0.37853	    -2.1305	   -0.78421	
2	16	 9.5139e-16	 3.0421e-15	     68.097	     2.4691	-9.7531e+92	-9.7531e+92	 0.00010656	 5.1745e-05	     0.0000	 2.3659e-08	-0.00075406	-1.9158e-08	
2	17	 1.1297e-07	 3.6123e-07	     160.64	    0.39167	-9.7531e+92	-9.7531e+92	 0.00045888	 4.1628e-05	 0.00010555	-0.00029346	-0.00045698	 5.6208e-05	
2	18	   0.082754	    0.26461	     137.27	    0.65930	-9.7531e+92	-9.7531e+92	    0.11643	   0.059567	     0.0000	 0.00089513	   -0.81013	 -0.0010662	
2	19	 0.00015682	 0.00050145	     139.30	    0.62950	-9.7531e+92	-9.7531e+92	 0.00049076	 0.00016512	     0.0000	 0.00011984	 -0.0023389	-0.00012974	
2	20	 0.00013473	 0.00043081	     139.77	    0.62284	-9.7531e+92	-9.7531e+92	 0.00048706	 0.00015263	     0.0000	-0.00022543	 -0.0022844	 0.00053253	
2	21	 9.3325e-05	 0.00029841	     197.19	    0.18609	-9.7531e+92	-9.7531e+92	   0.033431	 0.00011591	     0.0000	     0.0000	 -0.0017350	    0.29988	
2	22	 4.1488e-06	 1.3266e-05	     161.29	    0.38622	-9.7531e+92	-9.7531e+92	  0.0010158	 4.9266e-05	 0.00045695	-0.00082226	-0.00066602	 0.00039376	
2	23	 1.5030e-05	 4.8058e-05	     168.40	    0.33177	-9.7531e+92	-9.7531e+92	  0.0037195	 6.1387e-05	     0.0000	-0.00022498	-0.00091735	   0.027558	
2	24	 2.1489e-15	 6.8711e-15	     210.29	    0.14595	-9.7531e+92	-9.7531e+92	   0.055696	 4.8542e-05	     0.0000	  -0.016499	-0.00075363	    0.31165	
3	0	  0.0071688	   0.022797	     273.88	   0.052386	-9.7531e+92	-9.7531e+92	    0.10113	  0.0013337	     0.0000	 -0.0034418	  -0.059633	     1.0598	
3	1	    0.49062	     1.5602	     244.14	   0.082134	-9.7531e+92	-9.7531e+92	    0.51647	   0.088367	     0.0000	    0.11632	    -3.3150	    -1.8813	
3	2	    0.13479	    0.42862	     63.167	     2.5880	-9.7531e+92	-9.7531e+92	    0.14792	   0.020575	   0.035752	   0.099050	    -1.3711	   -0.90460	
3	3	     0.0000	     0.0000	     0.0000	     3.0000	-9.7531e+92	-9.7531e+92	     1.6082	     0.0000	     1.5931	     0.0000	     0.0000	     0.0000	
3	4	   0.094130	    0.29934	     82.606	     2.0469	-9.7531e+92	-9.7531e+92	   0.080371	  0.0095123	   0.071819	   0.067392	   -0.86107	   -0.74379	
3	5	  0.0017953	  0.0057090	     167.87	    0.33554	-9.7531e+92	-9.7531e+92	   0.015225	 0.00035396	     0.0000	  -0.021625	  -0.019359	    0.13952	
3	6	  0.0034236	   0.010887	     180.81	    0.25667	-9.7531e+92	-9.7531e+92	   0.065841	 0.00066360	     0.0000	 -0.0050895	  -0.036027	    0.69019	
3	7	 9.2530e-05	 0.00029425	     215.68	    0.13250	-9.7531e+92	-9.7531e+92	   0.030666	 3.1601e-05	     0.0000	     0.0000	 -0.0016624	    0.40485	
3	8	 7.6618e-15	 2.4365e-14	     221.29	    0.12010	-9.7531e+92	-9.7531e+92	  0.0014396	 1.3596e-05	     0.0000	 -0.0015924	-0.00071465	   0.023422	
3	9	 0.00010889	 0.00034626	     191.41	    0.20802	-9.7531e+92	-9.7531e+92	   0.036152	 3.5529e-05	     0.0000	   -0.17076	 -0.0018697	    0.40514	
3	10	 1.4214e-14	 4.5201e-14	     258.79	   0.065432	-9.7531e+92	-9.7531e+92	 0.00012515	 1.3631e-05	     0.0000	-0.00010538	-0.00071984	 0.00033784	
3	11	 3.1374e-16	 9.9770e-16	     244.71	   0.081388	-9.7531e+92	-9.7531e+92	 0.00020766	 1.3610e-05	     0.0000	-1.4621e-05	-0.00071941	  0.0019626	
3	12	 1.2049e-14	 3.8315e-14	     227.10	    0.10870	-9.7531e+92	-9.7531e+92	 0.00011449	 1.3607e-05	     0.0000	-3.9287e-05	-0.00071912	 0.00010340	
3	13	   0.067415	    0.21438	     188.65	    0.21955	-9.7531e+92	-9.7531e+92	    0.14329	   0.012847	     0.0000	  -0.086719	   -0.46763	    0.28188	
3	14	    0.13634	    0.43358	     161.01	    0.38854	-9.7531e+92	-9.7531e+92	    0.16735	   0.024264	     0.0000	   0.090751	    -1.3032	   -0.51822	
3	15	   0.058120	    0.18482	     84.108	     1.9994	-9.7531e+92	-9.7531e+92	   0.072752	  0.0093418	   0.025618	   0.041430	   -0.54489	   -0.36412	
3	16	 5.1626e-14	 1.6417e-13	     111.94	     1.1671	-9.7531e+92	-9.7531e+92	 0.00010598	 1.3468e-05	     0.0000	 1.5223e-08	-0.00071104	-4.3247e-08	
3	17	 0.00048526	  0.0015431	     122.41	    0.92444	-9.7531e+92	-9.7531e+92	  0.0010705	 7.4910e-05	 0.00071906	  0.0010529	 -0.0031263	 -0.0021033	
3	18	  0.0054064	   0.017192	     199.21	    0.17912	-9.7531e+92	-9.7531e+92	   0.060345	  0.0010616	     0.0000	   -0.15145	  -0.053892	    0.67991	
3	19	 6.1422e-06	 1.9532e-05	     184.07	    0.24039	-9.7531e+92	-9.7531e+92	 0.00042962	 1.4499e-05	     0.0000	-0.00030800	-0.00077105	  0.0011476	
3	20	 1.5972e-06	 5.0791e-06	     185.64	    0.23299	-9.7531e+92	-9.7531e+92	 0.00032671	 1.3912e-05	     0.0000	-0.00030512	-0.00073356	  0.0024936	
3	21	 7.4762e-09	 2.3775e-08	     259.71	   0.064522	-9.7531e+92	-9.7531e+92	   0.039985	 1.3130e-05	     0.0000	     0.0000	-0.00069940	    0.70226	
3	22	 9.9740e-05	 0.00031718	     164.94	    0.35711	-9.7531e+92	-9.7531e+92	  0.0017329	 2.5358e-05	  0.0011771	-2.5133e-05	 -0.0013220	 6.0165e-05	
3	23	 9.1548e-15	 2.9112e-14	     228.38	    0.10637	-9.7531e+92	-9.7531e+92	  0.0040398	 1.3538e-05	     0.0000	-0.00014904	-0.00071599	   0.063180	
3	24	 6.3417e-16	 2.0167e-15	     270.69	   0.054855	-9.7531e+92	-9.7531e+92	   0.084406	 1.3056e-05	     0.0000	  -0.010905	-0.00071580	    0.71330	
4	0	 0.00060794	  0.0013193	     281.58	   0.046977	-9.7531e+92	-9.7531e+92	   0.054918	 9.1975e-05	     0.0000	 -0.0028025	 -0.0074337	     1.5545	
4	1	    0.13084	    0.28394	     272.02	   0.053810	-9.7531e+92	-9.7531e+92	    0.20634	   0.017459	     0.0000	  -0.015725	    -1.2390	    0.47876	
4	2	    0.20254	    0.43954	     91.235	     1.7721	-9.7531e+92	-9.7531e+92	    0.14146	   0.023170	   0.064914	    0.15940	    -2.6312	    -2.0428	
4	3	    0.23240	    0.50434	     82.606	     2.0469	-9.7531e+92	-9.7531e+92	    0.13944	   0.022237	    0.12913	   0.053935	    -3.0302	    -2.7919	
4	4	     0.0000	     0.0000	     0.0000	     3.0000	-9.7531e+92	-9.7531e+92	     1.1013	     0.0000	     1.0954	     0.0000	     0.0000	     0.0000	
4	5	  0.0089725	   0.019471	     147.08	    0.52816	-9.7531e+92	-9.7531e+92	   0.014313	  0.0012601	     0.0000	 -0.0083886	   -0.11992	   0.096064	
4	6	 0.00077425	  0.0016802	     179.35	    0.26441	-9.7531e+92	-9.7531e+92	   0.031901	 0.00011876	     0.0000	 -0.0040681	  -0.011119	    0.95984	
4	7	 8.3190e-05	 0.00018053	     209.16	    0.14897	-9.7531e+92	-9.7531e+92	   0.014155	 2.1925e-05	     0.0000	     0.0000	 -0.0019965	    0.54312	
4	8	 8.6708e-06	 1.8817e-05	     186.41	    0.22946	-9.7531e+92	-9.7531e+92	 0.00069658	 1.1299e-05	     0.0000	 -0.0012240	 -0.0010249	   0.031169	
4	9	 1.5319e-07	 3.3243e-07	     223.28	    0.11603	-9.7531e+92	-9.7531e+92	   0.015824	 9.9584e-06	     0.0000	   -0.13327	-0.00090536	    0.54305	
4	10	 2.5484e-16	 5.5304e-16	     204.61	    0.16194	-9.7531e+92	-9.7531e+92	 8.4249e-05	 1.0010e-05	     0.0000	-8.1641e-05	-0.00091201	 0.00045060	
4	11	 9.6154e-15	 2.0867e-14	     218.09	    0.12699	-9.7531e+92	-9.7531e+92	 0.00012098	 1.0022e-05	     0.0000	-1.1382e-05	-0.00091224	  0.0026184	
4	12	 2.2187e-06	 4.8149e-06	     165.11	    0.35583	-9.7531e+92	-9.7531e+92	 0.00011147	 1.0304e-05	     0.0000	-2.4091e-05	-0.00093943	 0.00010939	
4	13	    0.14500	    0.31467	     217.30	    0.12878	-9.7531e+92	-9.7531e+92	    0.13499	   0.020411	     0.0000	   0.050657	    -1.4054	   -0.30728	
4	14	   0.065187	    0.14146	     184.55	    0.23808	-9.7531e+92	-9.7531e+92	   0.085581	  0.0087036	     0.0000	  -0.010686	   -0.80181	    0.10627	
4	15	    0.11729	    0.25454	     106.18	     1.3210	-9.7531e+92	-9.7531e+92	   0.086673	   0.016167	   0.054508	    0.12549	    -1.5543	    -1.2843	
4	16	 3.6359e-15	 7.8904e-15	     75.439	     2.2661	-9.7531e+92	-9.7531e+92	 7.2321e-05	 9.8022e-06	     0.0000	 1.1334e-08	-0.00087240	-5.5168e-08	
4	17	   0.014142	   0.030690	     73.525	     2.3215	-9.7531e+92	-9.7531e+92	  0.0079507	  0.0013547	  0.0077108	   0.025653	   -0.11273	   -0.10223	
4	18	   0.040489	   0.087867	     186.18	    0.23049	-9.7531e+92	-9.7531e+92	   0.053616	  0.0057989	     0.0000	  -0.064211	   -0.51507	    0.50178	
4	19	  0.0030378	  0.0065925	     119.82	    0.98008	-9.7531e+92	-9.7531e+92	  0.0035943	 0.00043493	  0.0031769	  0.0052133	  -0.039687	  -0.035215	
4	20	 0.00056756	  0.0012317	     135.08	    0.69295	-9.7531e+92	-9.7531e+92	  0.0012686	 9.4864e-05	 0.00055680	 0.00027903	 -0.0086141	 -0.0039119	
4	21	 2.0790e-07	 4.5118e-07	     253.96	   0.070430	-9.7531e+92	-9.7531e+92	   0.017855	 9.7105e-06	     0.0000	     0.0000	-0.00089440	    0.94136	
4	22	   0.038060	   0.082596	     82.638	     2.0459	-9.7531e+92	-9.7531e+92	   0.021143	  0.0033601	   0.020764	   0.054601	   -0.28841	   -0.26097	
4	23	 3.4596e-15	 7.5079e-15	     212.30	    0.14074	-9.7531e+92	-9.7531e+92	  0.0018870	 9.9748e-06	     0.0000	-0.00011602	-0.00090894	   0.084353	
4	24	 4.5221e-15	 9.8136e-15	     253.16	   0.071301	-9.7531e+92	-9.7531e+92	   0.034663	 9.6180e-06	     0.0000	 -0.0084893	-0.00090862	    0.95245	
5	0	   0.024026	   0.033125	     169.69	    0.32292	-9.7531e+92	-9.7531e+92	   0.059936	  0.0063644	     0.0000	-0.00095451	   -0.28392	    0.95956	
5	1	    0.11253	    0.15514	     161.91	    0.38106	-9.7531e+92	-9.7531e+92	    0.10695	   0.028625	     0.0000	 -0.0085381	    -1.1260	    0.48239	
5	2	    0.33502	    0.46189	     120.45	    0.96633	-9.7531e+92	-9.7531e+92	    0.13042	   0.090383	   0.081794	    0.18524	    -4.5776	    -2.6105	
5	3	 0.00024864	 0.00034279	     167.87	    0.33554	-9.7531e+92	-9.7531e+92	  0.0055401	 9.4875e-05	     0.0000	 -0.0016841	 -0.0042931	   0.038714	
5	4	  0.0046020	  0.0063447	     147.08	    0.52816	-9.7531e+92	-9.7531e+92	  0.0054605	  0.0014209	  0.0017524	  0.0022764	  -0.064716	  -0.017501	
5	5	     0.0000	     0.0000	     0.0000	     3.0000	-9.7531e+92	-9.7531e+92	    0.69810	     0.0000	    0.67512	     0.0000	     0.0000	     0.0000	
5	6	   0.036382	   0.050159	     72.218	     2.3585	-9.7531e+92	-9.7531e+92	   0.038760	  0.0099899	     0.0000	     0.0000	   -0.49563	    0.36647	
5	7	   0.031572	   0.043529	     89.752	     1.8194	-9.7531e+92	-9.7531e+92	   0.021642	  0.0091256	     0.0000	     0.0000	   -0.43364	    0.10625	
5	8	  0.0066154	  0.0091206	     54.235	     2.7611	-9.7531e+92	-9.7531e+92	  0.0027091	  0.0019096	     0.0000	 0.00015030	  -0.084638	  -0.033767	
5	9	 5.0817e-05	 7.0060e-05	     134.70	    0.69890	-9.7531e+92	-9.7531e+92	   0.010866	 3.7572e-05	     0.0000	  -0.053777	 -0.0016860	    0.38635	
5	10	 9.8362e-06	 1.3561e-05	     93.726	     1.6933	-9.7531e+92	-9.7531e+92	 5.9432e-05	 2.0408e-05	     0.0000	-8.2120e-06	-0.00078819	 0.00014564	
5	11	 0.00021476	 0.00029609	     77.490	     2.2050	-9.7531e+92	-9.7531e+92	 0.00016057	 8.7025e-05	     0.0000	 2.0769e-07	 -0.0039514	-9.8066e-05	
5	12	 6.6005e-06	 9.0999e-06	     80.590	     2.1100	-9.7531e+92	-9.7531e+92	 6.0931e-05	 1.9350e-05	     0.0000	-1.7951e-06	-0.00074130	 2.3078e-05	
5	13	    0.12669	    0.17467	     125.66	    0.85869	-9.7531e+92	-9.7531e+92	   0.085449	   0.034925	     0.0000	  0.0092016	    -1.2238	   -0.10311	
5	14	    0.16822	    0.23193	     108.09	     1.2686	-9.7531e+92	-9.7531e+92	   0.082193	   0.039961	     0.0000	   0.037583	    -2.3259	   -0.79111	
5	15	  0.0033855	  0.0046675	     104.94	     1.3557	-9.7531e+92	-9.7531e+92	   0.018466	  0.0010307	     0.0000	 -0.0063496	  -0.048590	    0.10236	
5	16	 2.9038e-14	 4.0034e-14	     71.546	     2.3771	-9.7531e+92	-9.7531e+92	 4.5945e-05	 2.1111e-05	     0.0000	 4.6770e-09	-0.00091053	-4.0847e-08	
5	17	 3.1157e-15	 4.2956e-15	     219.60	    0.12368	-9.7531e+92	-9.7531e+92	 8.7180e-05	 2.1440e-05	     0.0000	-9.1071e-05	-0.00096307	 0.00040143	
5	18	    0.14169	    0.19535	     53.346	     2.7752	-9.7531e+92	-9.7531e+92	   0.072862	   0.040204	     0.0000	   0.036622	    -1.9055	   -0.50858	
5	19	  0.0028883	  0.0039820	     64.874	     2.5486	-9.7531e+92	-9.7531e+92	  0.0011003	 0.00084522	 0.00083512	  0.0015218	  -0.036543	  -0.021593	
5	20	  0.0043229	  0.0059599	     39.691	     2.9273	-9.7531e+92	-9.7531e+92	  0.0017177	  0.0013560	  0.0012655	  0.0014920	  -0.062270	  -0.036977	
5	21	 0.00025576	 0.00035262	     132.91	    0.72808	-9.7531e+92	-9.7531e+92	   0.013890	 9.6622e-05	     0.0000	     0.0000	 -0.0045325	    0.66928	
5	22	 1.3822e-07	 1.9056e-07	     151.89	    0.47454	-9.7531e+92	-9.7531e+92	 0.00015416	 2.0958e-05	     0.0000	-0.00019946	-0.00092756	 0.00098596	
5	23	  0.0012490	  0.0017220	     65.633	     2.5304	-9.7531e+92	-9.7531e+92	  0.0019490	 0.00040727	     0.0000	-3.7996e-05	  -0.018681	   0.048663	
5	24	 1.1080e-05	 1.5276e-05	     106.34	     1.3165	-9.7531e+92	-9.7531e+92	   0.019961	 2.3160e-05	     0.0000	 -0.0029711	 -0.0011022	    0.67779	
6	0	    0.17296	    0.34446	     105.31	     1.3454	-9.7531e+92	-9.7531e+92	    0.16155	    0.16156	     0.0000	 0.00021972	     1.4060	   0.030661	
6	1	    0.15823	    0.31514	     96.519	     1.6061	-9.7531e+92	-9.7531e+92	    0.16762	    0.13312	     0.0000	 -0.0038566	     1.1089	  -0.036813	
6	2	   0.084691	    0.16867	     118.53	     1.0087	-9.7531e+92	-9.7531e+92	   0.063730	   0.099545	     0.0000	   0.039802	    0.81050	   0.059439	
6	3	  0.0025209	  0.0050206	     180.81	    0.25667	-9.7531e+92	-9.7531e+92	  0.0050347	  0.0030314	     0.0000	 -0.0010379	   0.024724	 -0.0026132	
6	4	 0.00026027	 0.00051835	     179.35	    0.26441	-9.7531e+92	-9.7531e+92	  0.0023317	 0.00040836	     0.0000	 -0.0034425	  0.0030105	 -0.0028045	
6	5	   0.059638	    0.11877	     72.218	     2.3585	-9.7531e+92	-9.7531e+92	   0.037953	   0.071591	  0.0047634	   0.030036	    0.56292	   0.050369	
6	6	     0.0000	     0.0000	     0.0000	     3.0000	-9.7531e+92	-9.7531e+92	     1.0365	     0.0000	    0.88152	     0.0000	     0.0000	     0.0000	
6	7	   0.055882	    0.11129	     34.871	     2.9563	-9.7531e+92	-9.7531e+92	   0.048185	   0.060039	     0.0000	     0.0000	    0.57414	   0.014611	
6	8	 0.00062043	  0.0012356	     109.28	     1.2365	-9.7531e+92	-9.7531e+92	  0.0011212	 0.00081528	     0.0000	-0.00046763	  0.0069295	 -0.0021182	
6	9	   0.017434	   0.034721	     62.827	     2.5956	-9.7531e+92	-9.7531e+92	   0.029767	   0.021518	     0.0000	  -0.039867	    0.16510	  -0.029440	
6	10	 1.6002e-07	 3.1869e-07	     153.37	    0.45919	-9.7531e+92	-9.7531e+92	 7.6655e-05	 8.6474e-05	     0.0000	-4.1259e-05	 0.00058536	-4.0238e-05	
6	11	 1.1600e-05	 2.3102e-05	     117.04	     1.0431	-9.7531e+92	-9.7531e+92	 0.00013509	 9.6370e-05	     0.0000	-5.4238e-06	 0.00069869	-0.00022217	
6	12	 1.9966e-07	 3.9764e-07	     152.49	    0.46823	-9.7531e+92	-9.7531e+92	 7.0753e-05	 8.7109e-05	     0.0000	-1.5165e-05	 0.00057927	-1.2143e-05	
6	13	    0.10146	    0.20207	     53.773	     2.7685	-9.7531e+92	-9.7531e+92	    0.10743	   0.097140	     0.0000	 -0.0079104	     1.2355	  -0.014467	
6	14	    0.10000	    0.19916	     41.508	     2.9135	-9.7531e+92	-9.7531e+92	   0.088647	   0.077341	     0.0000	     0.0000	    0.48411	     0.0000	
6	15	   0.032520	   0.064766	     96.746	     1.5991	-9.7531e+92	-9.7531e+92	   0.026439	   0.037064	     0.0000	  0.0065670	    0.31185	   0.020777	
6	16	 2.0916e-16	 4.1656e-16	     111.89	     1.1685	-9.7531e+92	-9.7531e+92	 6.6371e-05	 8.7566e-05	     0.0000	 6.2362e-09	 0.00057665	 5.1061e-09	
6	17	 2.7610e-15	 5.4989e-15	     251.72	   0.072906	-9.7531e+92	-9.7531e+92	 8.5629e-05	 8.9139e-05	     0.0000	-0.00011467	 0.00054968	-5.0656e-05	
6	18	    0.12343	    0.24582	     36.723	     2.9464	-9.7531e+92	-9.7531e+92	    0.10059	    0.13359	     0.0000	   0.031678	     1.1738	   0.049833	
6	19	 3.0919e-05	 6.1578e-05	     133.74	    0.71443	-9.7531e+92	-9.7531e+92	 0.00016579	 0.00012426	     0.0000	-0.00010254	 0.00087632	-0.00010989	
6	20	 0.00020613	 0.00041053	     111.59	     1.1762	-9.7531e+92	-9.7531e+92	 0.00031564	 0.00032458	     0.0000	-2.5678e-05	  0.0024561	-6.4435e-05	
6	21	   0.087824	    0.17491	     78.899	     2.1621	-9.7531e+92	-9.7531e+92	   0.073531	   0.093323	     0.0000	     0.0000	    0.90439	   0.015070	
6	22	 3.9831e-15	 7.9327e-15	     216.08	    0.13159	-9.7531e+92	-9.7531e+92	 0.00011323	 8.9051e-05	     0.0000	-0.00025828	 0.00055559	-0.00012521	
6	23	  0.0018143	  0.0036134	     73.330	     2.3271	-9.7531e+92	-9.7531e+92	  0.0041761	  0.0022082	     0.0000	-4.2493e-05	   0.018578	 -0.0055340	
6	24	 0.00046712	 0.00093031	     108.13	     1.2674	-9.7531e+92	-9.7531e+92	   0.035762	 0.00059638	     0.0000	 -0.0042624	  0.0053272	  -0.085740	
7	0	    0.13400	    0.22830	     80.265	     2.1201	-9.7531e+92	-9.7531e+92	    0.12500	   0.063841	     0.0000	     0.0000	    0.34336	     0.0000	
7	1	    0.16212	    0.27621	     75.481	     2.2648	-9.7531e+92	-9.7531e+92	    0.15130	   0.071593	     0.0000	     0.0000	    0.37011	     0.0000	
7	2	  0.0071747	   0.012224	     153.12	    0.46179	-9.7531e+92	-9.7531e+92	   0.022195	  0.0049188	     0.0000	     0.0000	   0.039302	     0.0000	
7	3	 1.2418e-05	 2.1157e-05	     215.68	    0.13250	-9.7531e+92	-9.7531e+92	  0.0013316	 5.3299e-05	     0.0000	     0.0000	 0.00042913	     0.0000	
7	4	 1.1428e-05	 1.9471e-05	     209.16	    0.14897	-9.7531e+92	-9.7531e+92	 0.00083388	 5.5902e-05	     0.0000	     0.0000	 0.00040503	     0.0000	
7	5	   0.042901	   0.073091	     89.752	     1.8194	-9.7531e+92	-9.7531e+92	   0.025729	   0.029876	     0.0000	     0.0000	    0.22939	     0.0000	
7	6	    0.14043	    0.23926	     34.871	     2.9563	-9.7531e+92	-9.7531e+92	   0.092968	   0.088857	     0.0000	     0.0000	    0.78166	     0.0000	
7	7	     0.0000	     0.0000	     0.0000	     3.0000	-9.7531e+92	-9.7531e+92	    0.87050	     0.0000	    0.79646	     0.0000	     0.0000	     0.0000	
7	8	 0.00051369	 0.00087519	     109.89	     1.2203	-9.7531e+92	-9.7531e+92	 0.00091170	 0.00037434	     0.0000	     0.0000	  0.0039805	     0.0000	
7	9	   0.028992	   0.049395	     64.406	     2.5596	-9.7531e+92	-9.7531e+92	   0.030183	   0.020829	     0.0000	     0.0000	    0.15006	     0.0000	
7	10	 3.8489e-08	 6.5575e-08	     153.29	    0.46001	-9.7531e+92	-9.7531e+92	 6.5512e-05	 4.8540e-05	     0.0000	     0.0000	 0.00033783	     0.0000	
7	11	 8.6199e-05	 0.00014686	     112.26	     1.1591	-9.7531e+92	-9.7531e+92	 0.00014696	 0.00010597	     0.0000	     0.0000	 0.00078859	     0.0000	
7	12	 2.9574e-08	 5.0386e-08	     158.06	    0.41430	-9.7531e+92	-9.7531e+92	 6.0133e-05	 4.9102e-05	     0.0000	     0.0000	 0.00032926	     0.0000	
7	13	    0.16083	    0.27401	     57.312	     2.7078	-9.7531e+92	-9.7531e+92	    0.11337	   0.080958	     0.0000	     0.0000	    0.99151	     0.0000	
7	14	    0.11755	    0.20027	     65.464	     2.5345	-9.7531e+92	-9.7531e+92	   0.078952	   0.074756	     0.0000	     0.0000	    0.63694	     0.0000	
7	15	 0.00037836	 0.00064462	     131.62	    0.74982	-9.7531e+92	-9.7531e+92	  0.0062926	 0.00030844	     0.0000	     0.0000	  0.0022719	     0.0000	
7	16	 5.7851e-15	 9.8561e-15	     137.28	    0.65913	-9.7531e+92	-9.7531e+92	 5.6777e-05	 4.8702e-05	     0.0000	     0.0000	 0.00037479	     0.0000	
7	17	 3.2149e-15	 5.4774e-15	     281.54	   0.047004	-9.7531e+92	-9.7531e+92	 6.4261e-05	 5.0723e-05	     0.0000	     0.0000	 0.00030668	     0.0000	
7	18	    0.12345	    0.21033	     38.248	     2.9371	-9.7531e+92	-9.7531e+92	   0.086345	   0.073592	     0.0000	     0.0000	    0.66111	     0.0000	
7	19	 9.8718e-07	 1.6819e-06	     154.38	    0.44913	-9.7531e+92	-9.7531e+92	 0.00011365	 4.9481e-05	     0.0000	     0.0000	 0.00033001	     0.0000	
7	20	 5.7070e-05	 9.7231e-05	     126.68	    0.83907	-9.7531e+92	-9.7531e+92	 0.00019125	 8.1534e-05	     0.0000	     0.0000	 0.00063806	     0.0000	
7	21	   0.076888	    0.13100	     44.967	     2.8822	-9.7531e+92	-9.7531e+92	   0.061459	   0.049091	     0.0000	     0.0000	    0.43378	     0.0000	
7	22	 1.4105e-15	 2.4031e-15	     241.36	   0.085874	-9.7531e+92	-9.7531e+92	 7.4383e-05	 5.0517e-05	     0.0000	     0.0000	 0.00031113	     0.0000	
7	23	  0.0031536	  0.0053729	     58.677	     2.6821	-9.7531e+92	-9.7531e+92	  0.0040227	  0.0020797	     0.0000	     0.0000	   0.021115	     0.0000	
7	24	  0.0014430	  0.0024585	     84.614	     1.9834	-9.7531e+92	-9.7531e+92	   0.031386	 0.00097259	     0.0000	     0.0000	  0.0085181	     0.0000	
8	0	   0.082562	   0.055219	     172.11	    0.30693	-9.7531e+92	-9.7531e+92	   0.043783	  0.0030204	     0.0000	-0.00013614	   -0.31392	    0.22075	
8	1	    0.21031	    0.14066	     184.58	    0.23797	-9.7531e+92	-9.7531e+92	   0.063535	  0.0064058	     0.0000	 0.00072078	   -0.74696	  -0.076992	
8	2	 0.00040424	 0.00027036	     174.51	    0.29198	-9.7531e+92	-9.7531e+92	  0.0083573	 1.9789e-05	     0.0000	 -0.0059889	 -0.0020132	    0.12919	
8	3	 1.6340e-05	 1.0929e-05	     221.29	    0.12010	-9.7531e+92	-9.7531e+92	 0.00048178	 3.4668e-06	     0.0000	-0.00047654	-0.00035538	   0.017342	
8	4	 6.1632e-05	 4.1220e-05	     186.41	    0.22946	-9.7531e+92	-9.7531e+92	 0.00038544	 5.5792e-06	     0.0000	-0.00079569	-0.00055953	  0.0096674	
8	5	    0.11861	   0.079326	     54.235	     2.7611	-9.7531e+92	-9.7531e+92	   0.022907	  0.0050401	   0.011761	   0.015187	   -0.51696	   -0.38912	
8	6	   0.087347	   0.058419	     109.28	     1.2365	-9.7531e+92	-9.7531e+92	   0.027114	  0.0036499	     0.0000	 5.4311e-05	   -0.38164	  -0.035781	
8	7	    0.13222	   0.088428	     109.89	     1.2203	-9.7531e+92	-9.7531e+92	   0.028910	  0.0056353	     0.0000	     0.0000	   -0.58053	   -0.33690	
8	8	     0.0000	     0.0000	     0.0000	     3.0000	-9.7531e+92	-9.7531e+92	    0.33478	     0.0000	    0.33310	     0.0000	     0.0000	     0.0000	
8	9	 2.7714e-06	 1.8535e-06	     171.65	    0.30991	-9.7531e+92	-9.7531e+92	  0.0070277	 3.1097e-06	     0.0000	  -0.014364	-0.00031015	    0.16417	
8	10	  0.0028906	  0.0019333	     44.054	     2.8911	-9.7531e+92	-9.7531e+92	 0.00051129	 0.00010690	 0.00044330	 0.00028311	 -0.0074276	 -0.0057834	
8	11	  0.0063209	  0.0042275	     32.525	     2.9668	-9.7531e+92	-9.7531e+92	  0.0011119	 0.00026891	 0.00093110	 2.1824e-07	  -0.026868	  -0.022739	
8	12	 0.00047535	 0.00031792	     55.069	     2.7473	-9.7531e+92	-9.7531e+92	 0.00011596	 2.0707e-05	 6.4209e-05	 7.3754e-05	 -0.0016291	 -0.0011702	
8	13	   0.091946	   0.061495	     162.59	    0.37553	-9.7531e+92	-9.7531e+92	   0.033586	  0.0030833	     0.0000	 -0.0032492	   -0.31381	   0.059266	
8	14	   0.053151	   0.035548	     146.54	    0.53466	-9.7531e+92	-9.7531e+92	   0.021254	  0.0022208	     0.0000	 -0.0029557	   -0.21545	   0.075374	
8	15	 4.9978e-05	 3.3426e-05	     159.01	    0.40580	-9.7531e+92	-9.7531e+92	  0.0020345	 5.0127e-06	     0.0000	 -0.0023946	-0.00051596	   0.056195	
8	16	 8.3207e-14	 5.5650e-14	     112.87	     1.1438	-9.7531e+92	-9.7531e+92	 2.2288e-05	 2.9977e-06	     0.0000	 1.1785e-09	-0.00028186	-1.6674e-08	
8	17	 1.8140e-13	 1.2132e-13	     258.50	   0.065716	-9.7531e+92	-9.7531e+92	 2.5638e-05	 3.0372e-06	     0.0000	-2.4458e-05	-0.00030119	 0.00017027	
8	18	    0.17026	    0.11387	     75.421	     2.2666	-9.7531e+92	-9.7531e+92	   0.042190	  0.0069171	     0.0000	   0.014482	   -0.71807	   -0.32126	
8	19	  0.0070913	  0.0047428	     80.536	     2.1117	-9.7531e+92	-9.7531e+92	  0.0012517	 0.00030786	  0.0011231	  0.0015034	  -0.030634	  -0.026371	
8	20	  0.0052841	  0.0035340	     51.987	     2.7958	-9.7531e+92	-9.7531e+92	  0.0011159	 0.00021674	 0.00089656	 0.00049201	  -0.023359	  -0.019401	
8	21	  0.0066573	  0.0044525	     132.38	    0.73687	-9.7531e+92	-9.7531e+92	   0.010720	 0.00028413	     0.0000	     0.0000	  -0.029602	    0.25995	
8	22	 3.8646e-07	 2.5847e-07	     168.70	    0.32968	-9.7531e+92	-9.7531e+92	 3.2713e-05	 3.0269e-06	     0.0000	-5.4479e-05	-0.00030042	 0.00041732	
8	23	   0.019868	   0.013288	     54.810	     2.7517	-9.7531e+92	-9.7531e+92	  0.0043649	 0.00086417	     0.0000	 2.3965e-05	  -0.088173	  -0.051265	
8	24	  0.0044734	  0.0029918	     77.960	     2.1908	-9.7531e+92	-9.7531e+92	   0.013125	 0.00017622	     0.0000	-3.9820e-05	  -0.018508	    0.25080	
9	0	   0.032030	   0.030242	     86.890	     1.9108	-9.7531e+92	-9.7531e+92	   0.047220	   0.015883	     0.0000	     0.0000	    0.31852	     0.0000	
9	1	   0.050099	   0.047304	     55.376	     2.7421	-9.7531e+92	-9.7531e+92	   0.052483	   0.021646	     0.0000	     0.0000	    0.38436	     0.0000	
9	2	 0.00062293	 0.00058817	     133.64	    0.71608	-9.7531e+92	-9.7531e+92	  0.0059657	 0.00050641	     0.0000	     0.0000	  0.0099610	     0.0000	
9	3	 0.00015116	 0.00014273	     191.41	    0.20802	-9.7531e+92	-9.7531e+92	 0.00044290	 0.00015669	     0.0000	     0.0000	  0.0031454	     0.0000	
9	4	 3.0190e-06	 2.8505e-06	     223.28	    0.11603	-9.7531e+92	-9.7531e+92	 0.00024381	 5.3943e-05	     0.0000	     0.0000	 0.00099809	     0.0000	
9	5	 8.1283e-05	 7.6748e-05	     134.70	    0.69890	-9.7531e+92	-9.7531e+92	  0.0027791	 0.00011505	     0.0000	     0.0000	  0.0021038	     0.0000	
9	6	   0.011937	   0.011271	     62.827	     2.5956	-9.7531e+92	-9.7531e+92	   0.027090	  0.0085579	     0.0000	     0.0000	    0.17365	     0.0000	
9	7	  0.0018636	  0.0017596	     64.406	     2.5596	-9.7531e+92	-9.7531e+92	   0.011735	  0.0013921	     0.0000	     0.0000	   0.028117	     0.0000	
9	8	 8.2371e-07	 7.7775e-07	     171.65	    0.30991	-9.7531e+92	-9.7531e+92	 0.00025584	 5.2011e-05	     0.0000	     0.0000	 0.00096433	     0.0000	
9	9	     0.0000	     0.0000	     0.0000	     3.0000	-9.7531e+92	-9.7531e+92	    0.47899	     0.0000	    0.43864	     0.0000	     0.0000	     0.0000	
9	10	 1.0887e-14	 1.0280e-14	     215.04	    0.13402	-9.7531e+92	-9.7531e+92	 3.5016e-05	 5.3436e-05	     0.0000	     0.0000	 0.00093864	     0.0000	
9	11	 5.0702e-08	 4.7874e-08	     175.31	    0.28718	-9.7531e+92	-9.7531e+92	 5.3571e-05	 5.0438e-05	     0.0000	     0.0000	 0.00095220	     0.0000	
9	12	 2.3784e-15	 2.2457e-15	     214.99	    0.13415	-9.7531e+92	-9.7531e+92	 3.2927e-05	 5.3906e-05	     0.0000	     0.0000	 0.00093612	     0.0000	
9	13	   0.040618	   0.038351	     9.0540	     2.9998	-9.7531e+92	-9.7531e+92	   0.040905	   0.020371	     0.0000	     0.0000	    0.52876	     0.0000	
9	14	   0.032903	   0.031067	     38.749	     2.9339	-9.7531e+92	-9.7531e+92	   0.030616	   0.024028	     0.0000	     0.0000	    0.48449	     0.0000	
9	15	 0.00033932	 0.00032039	     117.55	     1.0311	-9.7531e+92	-9.7531e+92	  0.0020254	 0.00030661	     0.0000	     0.0000	  0.0057922	     0.0000	
9	16	 2.1172e-15	 1.9991e-15	     159.83	    0.39862	-9.7531e+92	-9.7531e+92	 3.1466e-05	 5.3339e-05	     0.0000	     0.0000	 0.00098914	     0.0000	
9	17	 8.4884e-15	 8.0148e-15	     293.28	   0.040011	-9.7531e+92	-9.7531e+92	 3.3987e-05	 5.5125e-05	     0.0000	     0.0000	 0.00092743	     0.0000	
9	18	  0.0043667	  0.0041230	     96.665	     1.6016	-9.7531e+92	-9.7531e+92	   0.027386	  0.0028808	     0.0000	     0.0000	   0.063542	     0.0000	
9	19	 6.1757e-09	 5.8312e-09	     193.08	    0.20137	-9.7531e+92	-9.7531e+92	 4.3126e-05	 5.3098e-05	     0.0000	     0.0000	 0.00093947	     0.0000	
9	20	 1.2984e-06	 1.2260e-06	     174.09	    0.29453	-9.7531e+92	-9.7531e+92	 5.8234e-05	 4.7276e-05	     0.0000	     0.0000	 0.00098992	     0.0000	
9	21	    0.82496	    0.77894	     83.320	     2.0244	-9.7531e+92	-9.7531e+92	    0.20309	    0.59687	    0.13234	     0.0000	     11.874	     0.0000	
9	22	 1.2089e-15	 1.1414e-15	     266.14	   0.058633	-9.7531e+92	-9.7531e+92	 3.6981e-05	 5.4924e-05	     0.0000	     0.0000	 0.00093003	     0.0000	
9	23	 1.7658e-05	 1.6673e-05	     121.73	    0.93874	-9.7531e+92	-9.7531e+92	  0.0012359	 6.3649e-05	     0.0000	     0.0000	  0.0012111	     0.0000	
9	24	 2.4374e-06	 2.3014e-06	     149.07	    0.50520	-9.7531e+92	-9.7531e+92	   0.011324	 4.9687e-05	     0.0000	     0.0000	 0.00099064	     0.0000	
10	0	   0.039810	   0.013824	     210.64	    0.14503	-9.7531e+92	-9.7531e+92	   0.020285	 0.00014374	     0.0000	-4.2988e-05	  -0.061870	    0.16829	
10	1	   0.050096	   0.017395	     228.04	    0.10699	-9.7531e+92	-9.7531e+92	   0.021198	 0.00017090	     0.0000	-0.00082175	  -0.070344	    0.18505	
10	2	 0.00022739	 7.8960e-05	     213.20	    0.13850	-9.7531e+92	-9.7531e+92	  0.0055830	 1.1569e-06	     0.0000	 -0.0011619	-0.00051042	   0.059939	
10	3	 4.7816e-06	 1.6604e-06	     258.79	   0.065432	-9.7531e+92	-9.7531e+92	 0.00027737	 2.8521e-07	     0.0000	-9.2213e-05	-0.00012419	  0.0080245	
10	4	 0.00011258	 3.9092e-05	     204.61	    0.16194	-9.7531e+92	-9.7531e+92	 0.00026650	 7.2426e-07	     0.0000	-0.00015054	-0.00031604	  0.0043685	
10	5	    0.25608	   0.088922	     93.726	     1.6933	-9.7531e+92	-9.7531e+92	   0.024059	  0.0010405	   0.018273	  0.0068827	   -0.45664	   -0.42085	
10	6	  0.0095027	  0.0032997	     153.37	    0.45919	-9.7531e+92	-9.7531e+92	  0.0063114	 3.7566e-05	     0.0000	-7.5701e-05	  -0.016907	    0.11909	
10	7	  0.0029213	  0.0010144	     153.29	    0.46001	-9.7531e+92	-9.7531e+92	  0.0040832	 1.1965e-05	     0.0000	     0.0000	 -0.0053019	   0.070917	
10	8	    0.12182	   0.042301	     44.054	     2.8911	-9.7531e+92	-9.7531e+92	   0.010814	 0.00046836	  0.0099424	  0.0010862	   -0.21451	   -0.20745	
10	9	 3.9122e-08	 1.3585e-08	     215.04	    0.13402	-9.7531e+92	-9.7531e+92	  0.0026414	 2.7461e-07	     0.0000	 -0.0027728	-0.00011989	   0.075588	
10	10	     0.0000	     0.0000	     0.0000	     3.0000	-9.7531e+92	-9.7531e+92	    0.17366	     0.0000	    0.17362	     0.0000	     0.0000	     0.0000	
10	11	   0.015842	  0.0055008	     46.926	     2.8613	-9.7531e+92	-9.7531e+92	  0.0014456	 6.4798e-05	  0.0013517	 1.6031e-05	  -0.028666	  -0.027837	
10	12	  0.0088692	  0.0030797	     46.012	     2.8713	-9.7531e+92	-9.7531e+92	 0.00079001	 1.8037e-05	 0.00076314	 6.1403e-05	  -0.010131	 -0.0098498	
10	13	    0.13020	   0.045212	     205.99	    0.15786	-9.7531e+92	-9.7531e+92	   0.020318	 0.00045706	     0.0000	 0.00058516	   -0.18578	  -0.025978	
10	14	   0.016277	  0.0056518	     190.48	    0.21181	-9.7531e+92	-9.7531e+92	  0.0079768	 6.3065e-05	     0.0000	 -0.0015578	  -0.027155	   0.095340	
10	15	 3.9640e-06	 1.3764e-06	     197.67	    0.18443	-9.7531e+92	-9.7531e+92	  0.0010108	 2.8478e-07	     0.0000	-0.00046367	-0.00012610	   0.025966	
10	16	 9.7043e-14	 3.3697e-14	     147.94	    0.51817	-9.7531e+92	-9.7531e+92	 1.1572e-05	 2.6880e-07	     0.0000	 2.0629e-10	-5.0527e-05	-3.2729e-09	
10	17	 1.1645e-14	 4.0436e-15	     270.72	   0.054831	-9.7531e+92	-9.7531e+92	 1.3790e-05	 2.7870e-07	     0.0000	-4.7211e-06	-0.00012084	 7.8337e-05	
10	18	    0.25470	   0.088442	     118.82	     1.0023	-9.7531e+92	-9.7531e+92	   0.029498	 0.00097999	 0.00089277	  0.0054838	   -0.43681	   -0.29119	
10	19	  0.0059511	  0.0020664	     85.643	     1.9506	-9.7531e+92	-9.7531e+92	 0.00062417	 2.4151e-05	 0.00055738	 0.00023866	  -0.010743	  -0.010271	
10	20	   0.017345	  0.0060227	     74.457	     2.2947	-9.7531e+92	-9.7531e+92	  0.0016965	 6.9636e-05	  0.0015826	 0.00031851	  -0.031277	  -0.030311	
10	21	 6.9454e-05	 2.4117e-05	     171.26	    0.31241	-9.7531e+92	-9.7531e+92	  0.0034694	 5.3962e-07	     0.0000	     0.0000	-0.00024220	    0.13131	
10	22	 3.0595e-07	 1.0624e-07	     176.66	    0.27933	-9.7531e+92	-9.7531e+92	 1.8222e-05	 2.7786e-07	     0.0000	-1.0508e-05	-0.00012098	 0.00019218	
10	23	   0.056719	   0.019695	     95.614	     1.6342	-9.7531e+92	-9.7531e+92	  0.0054703	 0.00023254	  0.0031611	 1.8293e-05	   -0.10235	  -0.089093	
10	24	   0.013436	  0.0046654	     102.71	     1.4197	-9.7531e+92	-9.7531e+92	  0.0056806	 5.2723e-05	     0.0000	-0.00012998	  -0.024278	    0.10845	
11	0	    0.12899	   0.055394	     167.10	    0.34103	-9.7531e+92	-9.7531e+92	   0.033162	 0.00064762	     0.0000	-6.7852e-06	   -0.36747	   0.058017	
11	1	    0.11225	   0.048205	     185.20	    0.23505	-9.7531e+92	-9.7531e+92	   0.037983	 0.00051027	     0.0000	-0.00040176	   -0.29040	    0.18127	
11	2	 3.3071e-05	 1.4202e-05	     197.83	    0.18388	-9.7531e+92	-9.7531e+92	  0.0039633	 5.7015e-07	     0.0000	 -0.0011047	-0.00031671	    0.10949	
11	3	 1.3418e-06	 5.7621e-07	     244.71	   0.081388	-9.7531e+92	-9.7531e+92	 0.00023929	 3.9063e-07	     0.0000	-8.7256e-05	-0.00021612	   0.014587	
11	4	 4.6369e-06	 1.9913e-06	     218.09	    0.12699	-9.7531e+92	-9.7531e+92	 0.00015549	 4.2089e-07	     0.0000	-0.00014851	-0.00023001	  0.0082731	
11	5	   0.026815	   0.011516	     77.490	     2.2050	-9.7531e+92	-9.7531e+92	  0.0045289	 0.00015832	     0.0000	 0.00027700	  -0.087531	  -0.032508	
11	6	  0.0044506	  0.0019113	     117.04	     1.0431	-9.7531e+92	-9.7531e+92	  0.0088245	 2.5700e-05	     0.0000	-7.6868e-05	  -0.014587	    0.23221	
11	7	   0.012246	  0.0052591	     112.26	     1.1591	-9.7531e+92	-9.7531e+92	  0.0056649	 7.1246e-05	     0.0000	     0.0000	  -0.039921	   0.099138	
11	8	   0.018360	  0.0078845	     32.525	     2.9668	-9.7531e+92	-9.7531e+92	  0.0021425	 9.8761e-05	  0.0010641	 0.00011282	  -0.058972	  -0.050012	
11	9	 9.5839e-07	 4.1157e-07	     175.31	    0.28718	-9.7531e+92	-9.7531e+92	  0.0045105	 4.0812e-07	     0.0000	 -0.0026217	-0.00022211	    0.13719	
11	10	 0.00034300	 0.00014730	     46.926	     2.8613	-9.7531e+92	-9.7531e+92	 5.6308e-05	 2.1199e-06	 1.2654e-05	 7.9874e-06	 -0.0012461	-0.00091912	
11	11	     0.0000	     0.0000	     0.0000	     3.0000	-9.7531e+92	-9.7531e+92	    0.21475	     0.0000	    0.21463	     0.0000	     0.0000	     0.0000	
11	12	 8.2543e-05	 3.5447e-05	     77.218	     2.2132	-9.7531e+92	-9.7531e+92	 2.4989e-05	 7.9790e-07	     0.0000	 2.5966e-06	-0.00046151	-0.00021793	
11	13	    0.30945	    0.13289	     166.60	    0.34470	-9.7531e+92	-9.7531e+92	   0.043327	  0.0014850	     0.0000	  0.0059239	   -0.81015	   -0.50795	
11	14	    0.13772	   0.059141	     157.91	    0.41563	-9.7531e+92	-9.7531e+92	   0.020667	 0.00077607	     0.0000	  0.0016014	   -0.41871	   -0.18850	
11	15	 8.8533e-06	 3.8019e-06	     182.32	    0.24896	-9.7531e+92	-9.7531e+92	  0.0011469	 4.4245e-07	     0.0000	-0.00043828	-0.00024639	   0.047120	
11	16	 1.7076e-14	 7.3331e-15	     142.85	    0.58099	-9.7531e+92	-9.7531e+92	 1.4311e-05	 3.7697e-07	     0.0000	 1.5421e-10	-4.4011e-05	-2.6886e-09	
11	17	 9.4407e-15	 4.0542e-15	     290.18	   0.041722	-9.7531e+92	-9.7531e+92	 1.5785e-05	 4.0996e-07	     0.0000	-4.4646e-06	-0.00022084	 0.00014216	
11	18	    0.23471	    0.10079	     81.269	     2.0888	-9.7531e+92	-9.7531e+92	   0.032525	  0.0012877	     0.0000	  0.0045833	   -0.73612	   -0.46768	
11	19	 0.00028325	 0.00012164	     108.78	     1.2499	-9.7531e+92	-9.7531e+92	 6.2983e-05	 2.0937e-06	     0.0000	 6.4728e-06	 -0.0011509	-0.00050779	
11	20	 0.00084037	 0.00036089	     83.734	     2.0113	-9.7531e+92	-9.7531e+92	 0.00013635	 5.1318e-06	     0.0000	 1.0225e-05	 -0.0029745	 -0.0018641	
11	21	  0.0026466	  0.0011365	     128.65	    0.80225	-9.7531e+92	-9.7531e+92	  0.0058002	 1.5554e-05	     0.0000	     0.0000	 -0.0088154	    0.23019	
11	22	 5.8550e-15	 2.5144e-15	     200.45	    0.17499	-9.7531e+92	-9.7531e+92	 1.7762e-05	 4.0791e-07	     0.0000	-1.0043e-05	-0.00022026	 0.00034975	
11	23	  0.0069686	  0.0029926	     53.605	     2.7712	-9.7531e+92	-9.7531e+92	  0.0014514	 3.9362e-05	     0.0000	     0.0000	  -0.022768	 -0.0011882	
11	24	  0.0038022	  0.0016328	     56.094	     2.7297	-9.7531e+92	-9.7531e+92	  0.0082278	 2.1390e-05	     0.0000	-0.00011097	  -0.012643	    0.22699	
12	0	   0.011313	  0.0039838	     226.76	    0.10933	-9.7531e+92	-9.7531e+92	   0.018106	 3.5060e-05	     0.0000	-4.6409e-05	  -0.012229	    0.14663	
12	1	   0.044640	   0.015720	     231.78	    0.10046	-9.7531e+92	-9.7531e+92	   0.020845	 0.00013187	     0.0000	-0.00073477	  -0.043300	    0.13306	
12	2	  0.0018529	 0.00065247	     181.48	    0.25322	-9.7531e+92	-9.7531e+92	  0.0062101	 6.4334e-06	     0.0000	-0.00094992	 -0.0023108	   0.039615	
12	3	 1.6608e-05	 5.8484e-06	     227.10	    0.10870	-9.7531e+92	-9.7531e+92	 0.00033516	 2.8389e-07	     0.0000	-7.8825e-05	-0.00010040	  0.0055476	
12	4	  0.0012305	 0.00043330	     165.11	    0.35583	-9.7531e+92	-9.7531e+92	 0.00049607	 4.4342e-06	     0.0000	-7.0864e-05	 -0.0015856	  0.0016822	
12	5	    0.26254	   0.092453	     80.590	     2.1100	-9.7531e+92	-9.7531e+92	   0.025456	 0.00090813	   0.019587	  0.0060193	   -0.32482	   -0.29966	
12	6	  0.0047113	  0.0016590	     152.49	    0.46823	-9.7531e+92	-9.7531e+92	  0.0058574	 1.5999e-05	     0.0000	-6.9457e-05	 -0.0058577	   0.088345	
12	7	  0.0011892	 0.00041876	     158.06	    0.41430	-9.7531e+92	-9.7531e+92	  0.0034298	 4.2910e-06	     0.0000	     0.0000	 -0.0015464	   0.051265	
12	8	   0.089147	   0.031393	     55.069	     2.7473	-9.7531e+92	-9.7531e+92	  0.0082940	 0.00030890	  0.0074097	 0.00072101	   -0.11084	   -0.10628	
12	9	 1.8617e-07	 6.5558e-08	     214.99	    0.13415	-9.7531e+92	-9.7531e+92	  0.0024684	 2.3462e-07	     0.0000	 -0.0023775	-8.3382e-05	   0.052411	
12	10	   0.041564	   0.014637	     46.012	     2.8713	-9.7531e+92	-9.7531e+92	  0.0036823	 0.00012839	  0.0036465	  0.0013152	  -0.046236	  -0.045445	
12	11	   0.012679	  0.0044648	     77.218	     2.2132	-9.7531e+92	-9.7531e+92	  0.0011962	 4.4518e-05	  0.0011010	 1.2171e-05	  -0.015974	  -0.015415	
12	12	     0.0000	     0.0000	     0.0000	     3.0000	-9.7531e+92	-9.7531e+92	    0.17614	     0.0000	    0.17611	     0.0000	     0.0000	     0.0000	
12	13	    0.10012	   0.035256	     205.94	    0.15802	-9.7531e+92	-9.7531e+92	   0.018061	 0.00030208	     0.0000	-0.00031569	  -0.098841	   0.011297	
12	14	   0.035836	   0.012619	     188.63	    0.21964	-9.7531e+92	-9.7531e+92	  0.0093602	 0.00011782	     0.0000	-0.00088669	  -0.041369	   0.043839	
12	15	 0.00026789	 9.4337e-05	     166.81	    0.34315	-9.7531e+92	-9.7531e+92	  0.0011611	 1.1500e-06	     0.0000	-0.00039047	-0.00041400	   0.017681	
12	16	 2.3701e-14	 8.3463e-15	     115.95	     1.0685	-9.7531e+92	-9.7531e+92	 1.1735e-05	 2.3080e-07	     0.0000	 1.8167e-10	-3.0792e-05	-1.9811e-09	
12	17	 1.4935e-14	 5.2593e-15	     225.22	    0.11223	-9.7531e+92	-9.7531e+92	 1.5644e-05	 2.3685e-07	     0.0000	-4.0274e-06	-8.3817e-05	 5.4323e-05	
12	18	    0.27840	   0.098037	     120.73	    0.96010	-9.7531e+92	-9.7531e+92	   0.032116	 0.00091294	  0.0031066	  0.0053489	   -0.33119	   -0.22954	
12	19	   0.047351	   0.016674	     44.530	     2.8865	-9.7531e+92	-9.7531e+92	  0.0042621	 0.00010095	  0.0041944	 0.00053856	  -0.047778	  -0.046806	
12	20	   0.063579	   0.022389	     45.010	     2.8817	-9.7531e+92	-9.7531e+92	  0.0061849	 0.00021064	  0.0060694	 0.00094800	  -0.077956	  -0.076509	
12	21	 0.00022235	 7.8299e-05	     187.39	    0.22505	-9.7531e+92	-9.7531e+92	  0.0031599	 9.7711e-07	     0.0000	     0.0000	-0.00035671	   0.090851	
12	22	 4.9049e-05	 1.7272e-05	     131.16	    0.75767	-9.7531e+92	-9.7531e+92	 3.4097e-05	 3.7962e-07	     0.0000	-3.9918e-06	-0.00014172	 7.1524e-05	
12	23	  0.0028618	  0.0010078	     109.85	     1.2215	-9.7531e+92	-9.7531e+92	 0.00085187	 1.0246e-05	     0.0000	-1.1716e-06	 -0.0036644	  0.0046010	
12	24	 0.00042477	 0.00014958	     132.31	    0.73810	-9.7531e+92	-9.7531e+92	  0.0043763	 1.6499e-06	     0.0000	-0.00014794	-0.00061468	   0.091266	
13	0	   0.010164	    0.15246	     86.013	     1.9388	-9.7531e+92	-9.7531e+92	    0.68443	   0.011623	     0.0000	     0.0000	 -0.0083006	     0.0000	
13	1	    0.91306	     13.695	     57.043	     2.7128	-9.7531e+92	-9.7531e+92	     3.7841	     1.0000	     1.0268	     0.0000	     2.3777	     0.0000	
13	2	  0.0011131	   0.016696	     127.66	    0.82064	-9.7531e+92	-9.7531e+92	   0.086883	  0.0015350	     0.0000	     0.0000	-0.00034827	     0.0000	
13	3	 1.7766e-05	 0.00026648	     188.65	    0.21955	-9.7531e+92	-9.7531e+92	  0.0059288	 0.00012277	     0.0000	     0.0000	 2.4110e-05	     0.0000	
13	4	 5.6087e-07	 8.4127e-06	     217.30	    0.12878	-9.7531e+92	-9.7531e+92	  0.0035329	 9.7375e-05	     0.0000	     0.0000	 5.4646e-06	     0.0000	
13	5	 0.00017212	  0.0025817	     125.66	    0.85869	-9.7531e+92	-9.7531e+92	   0.040438	 0.00034952	     0.0000	     0.0000	 3.5936e-05	     0.0000	
13	6	  0.0077562	    0.11634	     53.773	     2.7685	-9.7531e+92	-9.7531e+92	    0.31543	   0.011100	     0.0000	     0.0000	 5.7217e-05	     0.0000	
13	7	  0.0044268	   0.066398	     57.312	     2.7078	-9.7531e+92	-9.7531e+92	    0.21406	  0.0063269	     0.0000	     0.0000	 0.00091207	     0.0000	
13	8	 3.4038e-07	 5.1055e-06	     162.59	    0.37553	-9.7531e+92	-9.7531e+92	  0.0098397	 0.00010411	     0.0000	     0.0000	-1.9334e-05	     0.0000	
13	9	  0.0059838	   0.089753	     9.0540	     2.9998	-9.7531e+92	-9.7531e+92	    0.27481	  0.0096181	     0.0000	     0.0000	 -0.0029281	     0.0000	
13	10	 5.1787e-16	 7.7677e-15	     205.99	    0.15786	-9.7531e+92	-9.7531e+92	 0.00062281	 0.00010451	     0.0000	     0.0000	 4.5459e-06	     0.0000	
13	11	 5.3793e-09	 8.0686e-08	     166.60	    0.34470	-9.7531e+92	-9.7531e+92	  0.0012019	 9.0112e-05	     0.0000	     0.0000	 0.00014154	     0.0000	
13	12	 1.3559e-16	 2.0337e-15	     205.94	    0.15802	-9.7531e+92	-9.7531e+92	 0.00053003	 0.00010668	     0.0000	     0.0000	-1.9705e-05	     0.0000	
13	13	     0.0000	     0.0000	     0.0000	     3.0000	-9.7531e+92	-9.7531e+92	     7.8793	     0.0000	     6.2052	     0.0000	     0.0000	     0.0000	
13	14	  0.0064790	   0.097181	     32.765	     2.9658	-9.7531e+92	-9.7531e+92	    0.26156	  0.0081413	     0.0000	     0.0000	 -0.0076003	     0.0000	
13	15	 0.00016657	  0.0024984	     111.52	     1.1779	-9.7531e+92	-9.7531e+92	   0.024655	 0.00034714	     0.0000	     0.0000	-5.2864e-05	     0.0000	
13	16	 5.6018e-16	 8.4023e-15	     153.85	    0.45440	-9.7531e+92	-9.7531e+92	 0.00049986	 0.00011251	     0.0000	     0.0000	-9.2915e-05	     0.0000	
13	17	 2.8494e-15	 4.2739e-14	     287.27	   0.043413	-9.7531e+92	-9.7531e+92	 0.00053721	 0.00010806	     0.0000	     0.0000	-3.7628e-05	     0.0000	
13	18	   0.049332	    0.73994	     87.611	     1.8878	-9.7531e+92	-9.7531e+92	    0.47630	   0.066883	     0.0000	     0.0000	   0.022799	     0.0000	
13	19	 1.7649e-09	 2.6473e-08	     184.51	    0.23831	-9.7531e+92	-9.7531e+92	 0.00070507	 0.00010002	     0.0000	     0.0000	 4.6511e-05	     0.0000	
13	20	 1.2935e-07	 1.9402e-06	     165.04	    0.35635	-9.7531e+92	-9.7531e+92	  0.0011471	 0.00010084	     0.0000	     0.0000	-4.5648e-05	     0.0000	
13	21	  0.0012946	   0.019418	     76.619	     2.2311	-9.7531e+92	-9.7531e+92	    0.28766	  0.0018709	     0.0000	     0.0000	 0.00039859	     0.0000	
13	22	 3.0651e-16	 4.5974e-15	     260.15	   0.064098	-9.7531e+92	-9.7531e+92	 0.00058092	 0.00010780	     0.0000	     0.0000	-3.0184e-05	     0.0000	
13	23	 3.2340e-05	 0.00048508	     113.01	     1.1402	-9.7531e+92	-9.7531e+92	   0.028415	 0.00014647	     0.0000	     0.0000	 2.6560e-05	     0.0000	
13	24	 3.3166e-06	 4.9747e-05	     142.21	    0.58941	-9.7531e+92	-9.7531e+92	    0.61463	 9.6309e-05	     0.0000	     0.0000	 4.6724e-05	     0.0000	
14	0	   0.026309	    0.15776	     114.85	     1.0949	-9.7531e+92	-9.7531e+92	    0.24078	   0.022465	     0.0000	-0.00054477	   -0.20290	    0.11016	
14	1	   0.048784	    0.29253	     88.839	     1.8485	-9.7531e+92	-9.7531e+92	    0.41780	   0.040882	     0.0000	 -0.0093850	   -0.21992	   0.093470	
14	2	    0.22234	     1.3333	     97.273	     1.5829	-9.7531e+92	-9.7531e+92	    0.40305	    0.21909	    0.19153	   0.026992	    -1.6281	   -0.21256	
14	3	 0.00074389	  0.0044608	     161.01	    0.38854	-9.7531e+92	-9.7531e+92	   0.022213	 0.00079656	     0.0000	-0.00071051	 -0.0059467	  0.0044911	
14	4	 0.00019552	  0.0011725	     184.55	    0.23808	-9.7531e+92	-9.7531e+92	   0.012989	 0.00028209	     0.0000	 -0.0013247	 -0.0018994	  0.0028501	
14	5	   0.050598	    0.30341	     108.09	     1.2686	-9.7531e+92	-9.7531e+92	    0.11349	   0.052334	   0.013556	   0.011026	   -0.33214	  -0.040749	
14	6	    0.33230	     1.9927	     41.508	     2.9135	-9.7531e+92	-9.7531e+92	    0.57083	    0.33972	    0.10422	  0.0031794	    -2.3741	   -0.29976	
14	7	   0.031530	    0.18907	     65.464	     2.5345	-9.7531e+92	-9.7531e+92	   0.099434	   0.033089	     0.0000	     0.0000	   -0.22320	   0.014181	
14	8	 3.7682e-05	 0.00022596	     146.54	    0.53466	-9.7531e+92	-9.7531e+92	  0.0020998	 0.00011968	     0.0000	-0.00028664	-0.00080049	  0.0029514	
14	9	  0.0073267	   0.043935	     38.749	     2.9339	-9.7531e+92	-9.7531e+92	   0.057237	  0.0084869	     0.0000	  -0.025932	  -0.056035	   0.043010	
14	10	 1.1577e-14	 6.9420e-14	     190.48	    0.21181	-9.7531e+92	-9.7531e+92	 0.00022461	 7.9908e-05	     0.0000	-1.9265e-05	-0.00055095	 4.3306e-05	
14	11	 1.2478e-06	 7.4826e-06	     157.91	    0.41563	-9.7531e+92	-9.7531e+92	 0.00033909	 7.4290e-05	     0.0000	-2.6565e-06	-0.00046072	 0.00024993	
14	12	 1.5394e-14	 9.2312e-14	     188.63	    0.21964	-9.7531e+92	-9.7531e+92	 0.00021178	 7.9591e-05	     0.0000	-7.1821e-06	-0.00053654	 1.3254e-05	
14	13	    0.18187	     1.0906	     32.765	     2.9658	-9.7531e+92	-9.7531e+92	    0.43506	    0.17077	     0.0000	   0.025085	   -0.10876	  -0.050882	
14	14	     0.0000	     0.0000	     0.0000	     3.0000	-9.7531e+92	-9.7531e+92	     3.1276	     0.0000	     2.6814	     0.0000	     0.0000	     0.0000	
14	15	   0.045607	    0.27349	     78.991	     2.1593	-9.7531e+92	-9.7531e+92	    0.12641	   0.039442	   0.037534	     0.0000	   -0.22166	     0.0000	
14	16	 1.6190e-14	 9.7086e-14	     121.20	    0.94999	-9.7531e+92	-9.7531e+92	 0.00019984	 7.9725e-05	     0.0000	 2.8986e-09	-0.00051832	-5.5530e-09	
14	17	 1.3282e-14	 7.9649e-14	     254.84	   0.069479	-9.7531e+92	-9.7531e+92	 0.00030205	 7.9151e-05	     0.0000	-5.2018e-05	-0.00053612	 5.4235e-05	
14	18	   0.046168	    0.27685	     78.249	     2.1820	-9.7531e+92	-9.7531e+92	    0.19150	   0.047057	     0.0000	  -0.013039	   -0.31751	   0.040237	
14	19	 1.4670e-06	 8.7969e-06	     166.55	    0.34505	-9.7531e+92	-9.7531e+92	 0.00048905	 7.9789e-05	     0.0000	-6.2439e-05	-0.00052932	 0.00015267	
14	20	 1.8202e-05	 0.00010915	     147.73	    0.52061	-9.7531e+92	-9.7531e+92	 0.00070564	 9.6688e-05	     0.0000	-5.2221e-05	-0.00071358	 0.00029888	
14	21	  0.0059610	   0.035746	     101.18	     1.4647	-9.7531e+92	-9.7531e+92	   0.087430	  0.0061125	     0.0000	     0.0000	  -0.041361	   0.082348	
14	22	 7.0128e-15	 4.2053e-14	     227.39	    0.10817	-9.7531e+92	-9.7531e+92	 0.00045582	 8.0272e-05	     0.0000	-0.00012004	-0.00054923	 0.00013314	
14	23	 0.00017100	  0.0010254	     114.84	     1.0952	-9.7531e+92	-9.7531e+92	  0.0065825	 0.00025257	     0.0000	-2.6540e-05	 -0.0015151	  0.0078786	
14	24	 2.9047e-05	 0.00017418	     150.00	    0.49487	-9.7531e+92	-9.7531e+92	   0.078554	 0.00010064	     0.0000	 -0.0019928	-0.00067945	   0.091269	
15	0	  0.0071523	  0.0099390	     189.51	    0.21584	-9.7531e+92	-9.7531e+92	   0.041960	  0.0022924	     0.0000	 -0.0033833	 -0.0063700	  -0.064531	
15	1	    0.28980	    0.40272	     167.83	    0.33581	-9.7531e+92	-9.7531e+92	    0.16273	   0.089528	     0.0000	   0.039433	   0.071737	    0.10213	
15	2	   0.084000	    0.11673	     21.827	     2.9932	-9.7531e+92	-9.7531e+92	   0.054817	   0.018151	  0.0058013	   0.011957	   -0.19844	  -0.017622	
15	3	    0.11801	    0.16399	     84.108	     1.9994	-9.7531e+92	-9.7531e+92	   0.044060	   0.034476	   0.037455	   0.064404	   -0.25977	  -0.023161	
15	4	  0.0073930	   0.010274	     106.18	     1.3210	-9.7531e+92	-9.7531e+92	  0.0062435	  0.0020165	  0.0025060	  0.0080844	  -0.011618	  0.0011776	
15	5	 0.00085639	  0.0011901	     104.94	     1.3557	-9.7531e+92	-9.7531e+92	  0.0082528	 0.00029665	     0.0000	  -0.013197	 -0.0018868	  0.0052525	
15	6	   0.018944	   0.026325	     96.746	     1.5991	-9.7531e+92	-9.7531e+92	   0.044165	  0.0061082	     0.0000	 -0.0039597	  -0.039682	   0.016419	
15	7	  0.0021392	  0.0029726	     131.62	    0.74982	-9.7531e+92	-9.7531e+92	   0.013369	 0.00076966	     0.0000	     0.0000	 -0.0052296	   0.012570	
15	8	 1.9115e-06	 2.6563e-06	     159.01	    0.40580	-9.7531e+92	-9.7531e+92	 0.00050573	 2.4868e-05	     0.0000	 -0.0015640	-0.00017717	 0.00096924	
15	9	 0.00021289	 0.00029583	     117.55	     1.0311	-9.7531e+92	-9.7531e+92	   0.012788	 0.00010129	     0.0000	   -0.16743	-0.00071982	   0.015805	
15	10	 6.1989e-18	 8.6141e-18	     197.67	    0.18443	-9.7531e+92	-9.7531e+92	 5.3171e-05	 2.4391e-05	     0.0000	-0.00010358	-0.00017671	 1.4889e-05	
15	11	 3.9746e-10	 5.5232e-10	     182.32	    0.24896	-9.7531e+92	-9.7531e+92	 8.2058e-05	 2.4125e-05	     0.0000	-1.4371e-05	-0.00017669	 8.5167e-05	
15	12	 1.0582e-08	 1.4705e-08	     166.81	    0.34315	-9.7531e+92	-9.7531e+92	 4.9011e-05	 2.4336e-05	     0.0000	-3.8577e-05	-0.00017503	 4.5482e-06	
15	13	   0.071201	   0.098943	     111.52	     1.1779	-9.7531e+92	-9.7531e+92	   0.065566	   0.023592	     0.0000	  -0.077955	   0.030599	  -0.035573	
15	14	    0.37522	    0.52142	     78.991	     2.1593	-9.7531e+92	-9.7531e+92	    0.15183	   0.097800	   0.048440	    0.22714	    -1.0876	   -0.11113	
15	15	     0.0000	     0.0000	     0.0000	     3.0000	-9.7531e+92	-9.7531e+92	    0.70673	     0.0000	    0.68613	     0.0000	     0.0000	     0.0000	
15	16	 2.2567e-18	 3.1359e-18	     65.362	     2.5370	-9.7531e+92	-9.7531e+92	 4.6310e-05	 2.4408e-05	     0.0000	 1.5376e-08	-0.00017475	-2.0280e-09	
15	17	 2.7627e-12	 3.8392e-12	     175.81	    0.28425	-9.7531e+92	-9.7531e+92	 0.00010245	 2.1464e-05	     0.0000	-0.00021311	-0.00010227	 3.0400e-06	
15	18	   0.024923	   0.034634	     116.73	     1.0502	-9.7531e+92	-9.7531e+92	   0.031757	  0.0085352	     0.0000	   -0.11115	  -0.049029	  0.0058509	
15	19	 2.3160e-05	 3.2183e-05	     131.26	    0.75593	-9.7531e+92	-9.7531e+92	 0.00010076	 3.2021e-05	     0.0000	-0.00026980	-0.00021197	 4.1468e-05	
15	20	 6.4208e-05	 8.9225e-05	     124.66	    0.87845	-9.7531e+92	-9.7531e+92	 0.00013441	 4.7395e-05	     0.0000	-0.00022774	-0.00034553	 7.9645e-05	
15	21	 3.6998e-05	 5.1413e-05	     175.65	    0.28523	-9.7531e+92	-9.7531e+92	   0.015245	 3.5855e-05	     0.0000	     0.0000	-0.00024923	   0.023701	
15	22	 2.2749e-07	 3.1612e-07	     163.21	    0.37056	-9.7531e+92	-9.7531e+92	 0.00016952	 2.2478e-05	     0.0000	-0.00055495	-0.00012957	 4.4233e-05	
15	23	 1.1739e-05	 1.6312e-05	     149.47	    0.50076	-9.7531e+92	-9.7531e+92	  0.0014766	 2.8092e-05	     0.0000	-0.00014623	-0.00020234	  0.0026455	
15	24	 1.5546e-08	 2.1603e-08	     189.75	    0.21485	-9.7531e+92	-9.7531e+92	   0.027249	 2.3114e-05	     0.0000	  -0.010719	-0.00017358	   0.029760	
16	0	    0.12246	     0.0000	     217.18	    0.12904	-9.7531e+92	-9.7531e+92	     0.0000	 0.00012824	     0.0000	     0.0000	-2.2706e-11	     0.0000	
16	1	  0.0050826	     0.0000	     207.46	    0.15366	-9.7531e+92	-9.7531e+92	     0.0000	 4.8947e-06	     0.0000	     0.0000	-8.3571e-13	     0.0000	
16	2	  0.0074754	     0.0000	     68.097	     2.4691	-9.7531e+92	-9.7531e+92	     0.0000	 9.0845e-06	     0.0000	     0.0000	-1.5572e-12	     0.0000	
16	3	  0.0020906	     0.0000	     111.94	     1.1671	-9.7531e+92	-9.7531e+92	     0.0000	 2.6196e-06	     0.0000	     0.0000	-4.4519e-13	     0.0000	
16	4	   0.027647	     0.0000	     75.439	     2.2661	-9.7531e+92	-9.7531e+92	     0.0000	 3.4918e-05	     0.0000	     0.0000	-5.8042e-12	     0.0000	
16	5	   0.034228	     0.0000	     71.546	     2.3771	-9.7531e+92	-9.7531e+92	     0.0000	 4.3796e-05	     0.0000	     0.0000	-7.2898e-12	     0.0000	
16	6	  0.0060633	     0.0000	     111.89	     1.1685	-9.7531e+92	-9.7531e+92	     0.0000	 7.4826e-06	     0.0000	     0.0000	-1.2911e-12	     0.0000	
16	7	   0.042799	     0.0000	     137.28	    0.65913	-9.7531e+92	-9.7531e+92	     0.0000	 5.3444e-05	     0.0000	     0.0000	-9.0734e-12	     0.0000	
16	8	  0.0089168	     0.0000	     112.87	     1.1438	-9.7531e+92	-9.7531e+92	     0.0000	 1.1731e-05	     0.0000	     0.0000	-1.9224e-12	     0.0000	
16	9	   0.043378	     0.0000	     159.83	    0.39862	-9.7531e+92	-9.7531e+92	     0.0000	 5.7170e-05	     0.0000	     0.0000	-9.3141e-12	     0.0000	
16	10	   0.054472	     0.0000	     147.94	    0.51817	-9.7531e+92	-9.7531e+92	     0.0000	 7.2695e-05	     0.0000	     0.0000	-1.1707e-11	     0.0000	
16	11	    0.13826	     0.0000	     142.85	    0.58099	-9.7531e+92	-9.7531e+92	     0.0000	 0.00017723	     0.0000	     0.0000	-2.9857e-11	     0.0000	
16	12	   0.041175	     0.0000	     115.95	     1.0685	-9.7531e+92	-9.7531e+92	     0.0000	 5.5220e-05	     0.0000	     0.0000	-8.9032e-12	     0.0000	
16	13	  0.0044792	     0.0000	     153.85	    0.45440	-9.7531e+92	-9.7531e+92	     0.0000	 4.1585e-06	     0.0000	     0.0000	-7.5081e-13	     0.0000	
16	14	   0.050515	     0.0000	     121.20	    0.94999	-9.7531e+92	-9.7531e+92	     0.0000	 5.8656e-05	     0.0000	     0.0000	-9.9664e-12	     0.0000	
16	15	  0.0029876	     0.0000	     65.362	     2.5370	-9.7531e+92	-9.7531e+92	     0.0000	 3.8337e-06	     0.0000	     0.0000	-6.4942e-13	     0.0000	
16	16	     0.0000	     0.0000	     0.0000	     3.0000	-9.7531e+92	-9.7531e+92	     0.0000	     0.0000	     0.0000	     0.0000	     0.0000	     0.0000	
16	17	   0.034650	     0.0000	     148.25	    0.51453	-9.7531e+92	-9.7531e+92	     0.0000	 4.6607e-05	     0.0000	     0.0000	-1.2043e-12	     0.0000	
16	18	   0.034739	     0.0000	     110.59	     1.2021	-9.7531e+92	-9.7531e+92	     0.0000	 4.0439e-05	     0.0000	     0.0000	-7.0987e-12	     0.0000	
16	19	   0.033864	     0.0000	     73.024	     2.3358	-9.7531e+92	-9.7531e+92	     0.0000	 4.4707e-05	     0.0000	     0.0000	-7.3068e-12	     0.0000	
16	20	   0.089185	     0.0000	     74.477	     2.2942	-9.7531e+92	-9.7531e+92	     0.0000	 0.00011174	     0.0000	     0.0000	-1.9200e-11	     0.0000	
16	21	   0.083818	     0.0000	     180.81	    0.25669	-9.7531e+92	-9.7531e+92	     0.0000	 0.00010326	     0.0000	     0.0000	-1.7798e-11	     0.0000	
16	22	   0.011259	     0.0000	     106.73	     1.3057	-9.7531e+92	-9.7531e+92	     0.0000	 1.5176e-05	     0.0000	     0.0000	-2.0868e-12	     0.0000	
16	23	   0.044621	     0.0000	     136.77	    0.66684	-9.7531e+92	-9.7531e+92	     0.0000	 5.7627e-05	     0.0000	     0.0000	-9.6167e-12	     0.0000	
16	24	   0.030638	     0.0000	     177.80	    0.27291	-9.7531e+92	-9.7531e+92	     0.0000	 3.7793e-05	     0.0000	     0.0000	-6.6074e-12	     0.0000	
17	0	 0.00075282	 0.00027257	     353.56	   0.019078	-9.7531e+92	-9.7531e+92	  0.0063380	 5.4569e-06	     0.0000	-0.00013255	-0.00061562	    0.10990	
17	1	  0.0078883	  0.0028561	     342.57	   0.021626	-9.7531e+92	-9.7531e+92	   0.022906	 5.1513e-05	     0.0000	 -0.0024638	 -0.0052517	    0.11443	
17	2	    0.24831	   0.089905	     160.64	    0.39167	-9.7531e+92	-9.7531e+92	   0.030058	  0.0016871	   0.017288	   0.013519	   -0.21410	   -0.17985	
17	3	    0.27447	   0.099376	     122.41	    0.92444	-9.7531e+92	-9.7531e+92	   0.030229	  0.0017795	   0.028508	  0.0060070	   -0.23687	   -0.22796	
17	4	    0.33427	    0.12103	     73.525	     2.3215	-9.7531e+92	-9.7531e+92	   0.033234	 0.00091786	   0.032261	  0.0071864	   -0.26764	   -0.25999	
17	5	 0.00040918	 0.00014815	     219.60	    0.12368	-9.7531e+92	-9.7531e+92	  0.0016685	 3.4404e-06	     0.0000	 -0.0010330	-0.00042324	   0.014137	
17	6	 4.8613e-05	 1.7601e-05	     251.72	   0.072906	-9.7531e+92	-9.7531e+92	  0.0036067	 8.1516e-07	     0.0000	-0.00019606	-0.00010160	   0.067121	
17	7	 2.4798e-12	 8.9785e-13	     281.54	   0.047004	-9.7531e+92	-9.7531e+92	  0.0015953	 4.8265e-07	     0.0000	     0.0000	-5.9104e-05	   0.037675	
17	8	 2.5268e-12	 9.1485e-13	     258.50	   0.065716	-9.7531e+92	-9.7531e+92	 8.2071e-05	 4.9524e-07	     0.0000	-5.8677e-05	-6.0189e-05	  0.0021609	
17	9	 1.8318e-11	 6.6322e-12	     293.28	   0.040011	-9.7531e+92	-9.7531e+92	  0.0017938	 4.9102e-07	     0.0000	 -0.0063091	-5.9908e-05	   0.037537	
17	10	 1.4006e-12	 5.0712e-13	     270.72	   0.054831	-9.7531e+92	-9.7531e+92	 1.3605e-05	 4.9727e-07	     0.0000	-3.8834e-06	-6.0520e-05	 3.1108e-05	
17	11	 8.2619e-12	 2.9913e-12	     290.18	   0.041722	-9.7531e+92	-9.7531e+92	 1.7857e-05	 4.9421e-07	     0.0000	-5.3882e-07	-6.0447e-05	 0.00018080	
17	12	 4.6744e-13	 1.6924e-13	     225.22	    0.11223	-9.7531e+92	-9.7531e+92	 1.6711e-05	 4.9704e-07	     0.0000	-1.4476e-06	-6.0495e-05	 9.5209e-06	
17	13	   0.067095	   0.024293	     287.27	   0.043413	-9.7531e+92	-9.7531e+92	   0.016616	 0.00045139	     0.0000	 -0.0032189	  -0.045368	   0.029669	
17	14	   0.018454	  0.0066814	     254.84	   0.069479	-9.7531e+92	-9.7531e+92	  0.0096426	 0.00012829	     0.0000	 -0.0033916	  -0.015159	   0.044890	
17	15	   0.010874	  0.0039370	     175.81	    0.28425	-9.7531e+92	-9.7531e+92	  0.0073822	 7.8259e-05	  0.0020157	-0.00026472	 -0.0097222	  0.0034049	
17	16	 1.0640e-11	 3.8523e-12	     148.25	    0.51453	-9.7531e+92	-9.7531e+92	 1.2066e-05	 4.8425e-07	     0.0000	 5.1283e-10	-1.6155e-05	-1.0175e-09	
17	17	     0.0000	     0.0000	     0.0000	     3.0000	-9.7531e+92	-9.7531e+92	    0.18129	     0.0000	    0.18125	     0.0000	     0.0000	     0.0000	
17	18	  0.0032601	  0.0011804	     258.46	   0.065759	-9.7531e+92	-9.7531e+92	  0.0051484	 2.3299e-05	     0.0000	 -0.0057367	 -0.0028254	   0.065900	
17	19	 6.1248e-05	 2.2176e-05	     187.53	    0.22442	-9.7531e+92	-9.7531e+92	 0.00039347	 9.2908e-07	 0.00032384	-5.8574e-06	-0.00011476	 5.6991e-05	
17	20	 2.1280e-12	 7.7045e-13	     207.02	    0.15490	-9.7531e+92	-9.7531e+92	 0.00014743	 4.9168e-07	 2.8667e-05	-1.1313e-05	-6.0258e-05	 0.00023136	
17	21	 7.5633e-13	 2.7384e-13	     326.31	   0.026229	-9.7531e+92	-9.7531e+92	  0.0020178	 4.7780e-07	     0.0000	     0.0000	-5.9248e-05	   0.065156	
17	22	   0.034100	   0.012346	     106.10	     1.3231	-9.7531e+92	-9.7531e+92	  0.0037315	 0.00019498	  0.0036682	  0.0036170	  -0.025900	  -0.025273	
17	23	 3.6110e-12	 1.3074e-12	     284.58	   0.045056	-9.7531e+92	-9.7531e+92	 0.00021628	 4.9321e-07	     0.0000	-5.4925e-06	-6.0261e-05	  0.0058266	
17	24	 2.4986e-12	 9.0465e-13	     325.25	   0.026569	-9.7531e+92	-9.7531e+92	  0.0038667	 4.7450e-07	     0.0000	-0.00040189	-6.0234e-05	   0.065793	
18	0	    0.78434	     3.1231	     116.29	     1.0606	-9.7531e+92	-9.7531e+92	    0.86960	    0.73020	    0.27385	 0.00023110	    -8.8935	   -0.37194	
18	1	   0.030541	    0.12161	     111.77	     1.1715	-9.7531e+92	-9.7531e+92	    0.20010	   0.026900	     0.0000	-0.00087934	   -0.28158	   0.079905	
18	2	  0.0021916	  0.0087264	     137.27	    0.65930	-9.7531e+92	-9.7531e+92	   0.028858	  0.0026258	     0.0000	 -0.0010221	  -0.024956	   0.022027	
18	3	 8.3508e-06	 3.3251e-05	     199.21	    0.17912	-9.7531e+92	-9.7531e+92	  0.0019663	 9.3652e-05	     0.0000	-8.5869e-05	-0.00082195	  0.0031218	
18	4	 1.0016e-05	 3.9881e-05	     186.18	    0.23049	-9.7531e+92	-9.7531e+92	  0.0011803	 9.7449e-05	     0.0000	-0.00014607	-0.00088196	  0.0017737	
18	5	   0.015798	   0.062906	     53.346	     2.7752	-9.7531e+92	-9.7531e+92	   0.029114	   0.018643	     0.0000	-2.2190e-05	   -0.17215	 0.00056860	
18	6	   0.046517	    0.18522	     36.723	     2.9464	-9.7531e+92	-9.7531e+92	    0.12170	   0.051938	     0.0000	-3.2356e-05	   -0.51279	   0.021316	
18	7	   0.013539	   0.053911	     38.248	     2.9371	-9.7531e+92	-9.7531e+92	   0.073643	   0.015549	     0.0000	     0.0000	   -0.14925	   0.020438	
18	8	 0.00048879	  0.0019462	     75.421	     2.2666	-9.7531e+92	-9.7531e+92	  0.0022788	 0.00064916	     0.0000	-1.9049e-05	 -0.0056551	  0.0013615	
18	9	 0.00030058	  0.0011969	     96.665	     1.6016	-9.7531e+92	-9.7531e+92	   0.069550	 0.00047295	     0.0000	 -0.0025658	 -0.0043710	   0.029350	
18	10	 1.8473e-07	 7.3556e-07	     118.82	     1.0023	-9.7531e+92	-9.7531e+92	 0.00015496	 7.6086e-05	     0.0000	-1.1733e-06	-0.00058270	 1.8850e-05	
18	11	 6.8834e-05	 0.00027408	     81.269	     2.0888	-9.7531e+92	-9.7531e+92	 0.00035416	 0.00015073	     0.0000	-1.4584e-07	 -0.0012648	 9.4291e-05	
18	12	 4.4332e-07	 1.7652e-06	     120.73	    0.96010	-9.7531e+92	-9.7531e+92	 0.00014088	 7.5552e-05	     0.0000	-1.0791e-07	-0.00055952	 1.6234e-06	
18	13	   0.068979	    0.27466	     87.611	     1.8878	-9.7531e+92	-9.7531e+92	    0.18778	   0.062467	     0.0000	 -0.0012627	   -0.48924	   0.022737	
18	14	   0.027030	    0.10763	     78.249	     2.1820	-9.7531e+92	-9.7531e+92	    0.10787	   0.030902	     0.0000	 -0.0011834	   -0.27365	   0.030078	
18	15	 0.00075235	  0.0029957	     116.73	     1.0502	-9.7531e+92	-9.7531e+92	  0.0095715	  0.0010335	     0.0000	-0.00041022	 -0.0097843	  0.0096310	
18	16	 4.2262e-15	 1.6828e-14	     110.59	     1.2021	-9.7531e+92	-9.7531e+92	 0.00013270	 8.8177e-05	     0.0000	 2.1689e-10	-0.00079026	-3.1264e-09	
18	17	 6.4034e-14	 2.5497e-13	     258.46	   0.065759	-9.7531e+92	-9.7531e+92	 0.00014443	 9.2127e-05	     0.0000	-4.4003e-06	-0.00087028	 3.0666e-05	
18	18	     0.0000	     0.0000	     0.0000	     3.0000	-9.7531e+92	-9.7531e+92	     2.0817	     0.0000	     1.7537	     0.0000	     0.0000	     0.0000	
18	19	 4.2151e-05	 0.00016783	     118.15	     1.0174	-9.7531e+92	-9.7531e+92	 0.00025441	 0.00012801	     0.0000	-3.3531e-06	 -0.0010774	 5.8250e-05	
18	20	 7.2889e-05	 0.00029023	     90.275	     1.8027	-9.7531e+92	-9.7531e+92	 0.00038540	 0.00016419	     0.0000	-3.3164e-06	 -0.0015802	 0.00013142	
18	21	  0.0061674	   0.024557	     79.511	     2.1434	-9.7531e+92	-9.7531e+92	   0.094912	  0.0068265	     0.0000	     0.0000	  -0.066500	   0.047111	
18	22	 6.4421e-15	 2.5651e-14	     205.13	    0.16037	-9.7531e+92	-9.7531e+92	 0.00015901	 8.9752e-05	     0.0000	-9.8952e-06	-0.00082440	 7.5422e-05	
18	23	  0.0023630	  0.0094091	     36.898	     2.9454	-9.7531e+92	-9.7531e+92	   0.015016	  0.0029192	     0.0000	-1.4435e-06	  -0.026768	  0.0029432	
18	24	 0.00078348	  0.0031197	     74.739	     2.2865	-9.7531e+92	-9.7531e+92	   0.084824	 0.00095189	     0.0000	-0.00016277	 -0.0090467	   0.051248	
19	0	  0.0057251	  0.0033429	     234.49	   0.096052	-9.7531e+92	-9.7531e+92	   0.023997	 0.00011376	     0.0000	-0.00043022	  -0.021811	    0.53342	
19	1	   0.018034	   0.010530	     226.57	    0.10968	-9.7531e+92	-9.7531e+92	   0.043400	 0.00034801	     0.0000	 -0.0077966	  -0.060602	    0.54687	
19	2	   0.040665	   0.023744	     139.30	    0.62950	-9.7531e+92	-9.7531e+92	   0.014047	 0.00084004	     0.0000	  0.0013434	   -0.17409	  -0.022667	
19	3	  0.0014792	 0.00086371	     184.07	    0.24039	-9.7531e+92	-9.7531e+92	  0.0019701	 3.2483e-05	     0.0000	-0.00045525	 -0.0066093	   0.013503	
19	4	   0.054492	   0.031818	     119.82	    0.98008	-9.7531e+92	-9.7531e+92	  0.0087017	  0.0010358	  0.0071313	   0.019983	   -0.23538	   -0.21992	
19	5	    0.13702	   0.080005	     64.874	     2.5486	-9.7531e+92	-9.7531e+92	   0.022642	  0.0028379	   0.012911	   0.025471	   -0.59981	   -0.51802	
19	6	   0.026088	   0.015233	     133.74	    0.71443	-9.7531e+92	-9.7531e+92	   0.012194	 0.00054029	     0.0000	-0.00042693	   -0.11404	    0.22185	
19	7	  0.0015765	 0.00092055	     154.38	    0.44913	-9.7531e+92	-9.7531e+92	  0.0046941	 3.4680e-05	     0.0000	     0.0000	 -0.0071999	    0.18029	
19	8	   0.012137	  0.0070870	     80.536	     2.1117	-9.7531e+92	-9.7531e+92	  0.0022330	 0.00025413	 0.00076683	 0.00068109	  -0.053123	  -0.041482	
19	9	 4.0679e-07	 2.3753e-07	     193.08	    0.20137	-9.7531e+92	-9.7531e+92	  0.0042293	 1.4372e-06	     0.0000	  -0.021185	-0.00029809	    0.18624	
19	10	 0.00084769	 0.00049497	     85.643	     1.9506	-9.7531e+92	-9.7531e+92	 0.00020529	 1.9331e-05	 0.00014593	 0.00028508	 -0.0039934	 -0.0034911	
19	11	 0.00027699	 0.00016174	     108.78	     1.2499	-9.7531e+92	-9.7531e+92	 0.00011478	 7.4170e-06	     0.0000	 6.2504e-07	 -0.0015360	-0.00032063	
19	12	   0.016275	  0.0095029	     44.530	     2.8865	-9.7531e+92	-9.7531e+92	  0.0024241	 0.00030527	  0.0023789	  0.0056907	  -0.060470	  -0.059030	
19	13	    0.19503	    0.11388	     184.51	    0.23831	-9.7531e+92	-9.7531e+92	   0.042392	  0.0039236	     0.0000	   0.020166	   -0.66679	   -0.28018	
19	14	   0.060457	   0.035301	     166.55	    0.34505	-9.7531e+92	-9.7531e+92	   0.017729	  0.0012375	     0.0000	 -0.0028617	   -0.24652	   0.056021	
19	15	  0.0091227	  0.0053268	     131.26	    0.75593	-9.7531e+92	-9.7531e+92	  0.0041593	 0.00019455	     0.0000	 -0.0013529	  -0.040468	   0.024477	
19	16	 8.3551e-15	 4.8786e-15	     73.024	     2.3358	-9.7531e+92	-9.7531e+92	 1.9459e-05	 1.4094e-06	     0.0000	 1.7383e-09	-0.00025442	-1.6647e-08	
19	17	 1.0228e-14	 5.9720e-15	     187.53	    0.22442	-9.7531e+92	-9.7531e+92	 8.4196e-05	 1.3857e-06	 1.9672e-05	-3.3166e-05	-0.00029462	 0.00019067	
19	18	    0.19672	    0.11487	     118.15	     1.0174	-9.7531e+92	-9.7531e+92	   0.039479	  0.0040369	     0.0000	   0.027794	   -0.82987	   -0.47340	
19	19	     0.0000	     0.0000	     0.0000	     3.0000	-9.7531e+92	-9.7531e+92	    0.29217	     0.0000	    0.29206	     0.0000	     0.0000	     0.0000	
19	20	    0.22010	    0.12852	     28.400	     2.9806	-9.7531e+92	-9.7531e+92	   0.032276	  0.0047092	   0.032085	   0.031459	   -0.97680	   -0.95966	
19	21	 1.0488e-05	 6.1243e-06	     197.71	    0.18427	-9.7531e+92	-9.7531e+92	  0.0051928	 1.6160e-06	     0.0000	     0.0000	-0.00033931	    0.32344	
19	22	  0.0038783	  0.0022646	     93.933	     1.6868	-9.7531e+92	-9.7531e+92	 0.00075211	 3.0145e-05	 0.00065006	 0.00058241	 -0.0073067	 -0.0067140	
19	23	 7.1458e-05	 4.1725e-05	     121.29	    0.94810	-9.7531e+92	-9.7531e+92	 0.00065990	 2.9781e-06	     0.0000	-1.8243e-05	-0.00061660	   0.028584	
19	24	 2.9104e-06	 1.6994e-06	     150.08	    0.49393	-9.7531e+92	-9.7531e+92	  0.0080831	 1.4441e-06	     0.0000	 -0.0013058	-0.00031061	    0.32630	
20	0	  0.0019038	  0.0011252	     206.61	    0.15606	-9.7531e+92	-9.7531e+92	   0.026490	 5.9248e-05	     0.0000	-0.00067298	  -0.012646	    0.93151	
20	1	    0.76871	    0.45433	     199.20	    0.17914	-9.7531e+92	-9.7531e+92	    0.13240	   0.022494	   0.023753	   0.041811	    -4.4015	    -3.2828	
20	2	  0.0084532	  0.0049961	     139.77	    0.62284	-9.7531e+92	-9.7531e+92	  0.0050169	 0.00027121	     0.0000	  -0.010327	  -0.061914	    0.19111	
20	3	 3.8993e-05	 2.3046e-05	     185.64	    0.23299	-9.7531e+92	-9.7531e+92	 0.00035697	 3.4378e-06	     0.0000	 -0.0010581	-0.00076881	   0.033191	
20	4	  0.0027364	  0.0016173	     135.08	    0.69295	-9.7531e+92	-9.7531e+92	 0.00060784	 8.9207e-05	     0.0000	 7.3643e-05	  -0.020689	-0.00078989	
20	5	   0.018411	   0.010881	     39.691	     2.9273	-9.7531e+92	-9.7531e+92	  0.0044641	 0.00058599	     0.0000	 0.00056981	   -0.13748	  -0.013036	
20	6	   0.012722	  0.0075190	     111.59	     1.1762	-9.7531e+92	-9.7531e+92	   0.012630	 0.00040456	     0.0000	-0.00081861	  -0.094776	    0.47369	
20	7	  0.0020758	  0.0012269	     126.68	    0.83907	-9.7531e+92	-9.7531e+92	  0.0076168	 6.9271e-05	     0.0000	     0.0000	  -0.015955	    0.30231	
20	8	  0.0068932	  0.0040741	     51.987	     2.7958	-9.7531e+92	-9.7531e+92	  0.0013988	 0.00022491	     0.0000	 0.00046651	  -0.052079	  -0.032668	
20	9	 1.2347e-07	 7.2975e-08	     174.09	    0.29453	-9.7531e+92	-9.7531e+92	  0.0090538	 2.1950e-06	     0.0000	  -0.032283	-0.00050446	    0.31599	
20	10	 0.00042905	 0.00025358	     74.457	     2.2947	-9.7531e+92	-9.7531e+92	 9.4679e-05	 1.5748e-05	 3.4597e-05	 0.00020023	 -0.0036200	 -0.0028246	
20	11	  0.0010350	 0.00061171	     83.734	     2.0113	-9.7531e+92	-9.7531e+92	 0.00020378	 3.6394e-05	 4.4000e-05	 1.1026e-05	 -0.0083595	 -0.0061946	
20	12	  0.0018029	  0.0010656	     45.010	     2.8817	-9.7531e+92	-9.7531e+92	 0.00028950	 5.2533e-05	 0.00024378	 0.00084656	  -0.012118	  -0.011379	
20	13	   0.068244	   0.040334	     165.04	    0.35635	-9.7531e+92	-9.7531e+92	   0.024649	  0.0020971	     0.0000	  -0.016047	   -0.39858	    0.24934	
20	14	   0.011240	  0.0066434	     147.73	    0.52061	-9.7531e+92	-9.7531e+92	   0.010852	 0.00035495	     0.0000	  -0.019688	  -0.078359	    0.42969	
20	15	  0.0012197	 0.00072088	     124.66	    0.87845	-9.7531e+92	-9.7531e+92	  0.0013468	 4.1800e-05	     0.0000	 -0.0049529	 -0.0096295	   0.099551	
20	16	 3.4252e-14	 2.0244e-14	     74.477	     2.2942	-9.7531e+92	-9.7531e+92	 1.9697e-05	 2.0797e-06	     0.0000	 2.1960e-09	-0.00038940	-2.5376e-08	
20	17	 1.0955e-14	 6.4747e-15	     207.02	    0.15490	-9.7531e+92	-9.7531e+92	 2.4538e-05	 2.1971e-06	     0.0000	-5.4196e-05	-0.00050677	 0.00032752	
20	18	   0.092134	   0.054454	     90.275	     1.8027	-9.7531e+92	-9.7531e+92	   0.024858	  0.0028992	     0.0000	  0.0035884	   -0.66126	  -0.068103	
20	19	  0.0016577	 0.00097973	     28.400	     2.9806	-9.7531e+92	-9.7531e+92	 0.00028838	 2.2502e-05	 0.00017471	 0.00010999	 -0.0074518	 -0.0064163	
20	20	     0.0000	     0.0000	     0.0000	     3.0000	-9.7531e+92	-9.7531e+92	    0.29560	     0.0000	    0.29540	     0.0000	     0.0000	     0.0000	
20	21	 5.7475e-06	 3.3970e-06	     169.84	    0.32188	-9.7531e+92	-9.7531e+92	  0.0099173	 2.3247e-06	     0.0000	     0.0000	-0.00054132	    0.54890	
20	22	 1.9215e-06	 1.1357e-06	     116.48	     1.0560	-9.7531e+92	-9.7531e+92	 3.2655e-05	 1.8046e-06	     0.0000	-7.9994e-05	-0.00046086	 0.00069957	
20	23	 0.00028441	 0.00016810	     93.058	     1.7144	-9.7531e+92	-9.7531e+92	  0.0010935	 1.1592e-05	     0.0000	-2.6893e-05	 -0.0026614	   0.046912	
20	24	 6.4108e-06	 3.7890e-06	     121.85	    0.93617	-9.7531e+92	-9.7531e+92	   0.021671	 2.3171e-06	     0.0000	 -0.0020037	-0.00055335	    0.55339	
21	0	    0.19052	    0.29881	     39.458	     2.9290	-9.7531e+92	-9.7531e+92	    0.13960	    0.12408	     0.0000	 0.00049062	   -0.16486	   -0.22959	
21	1	    0.12895	    0.20225	     57.297	     2.7081	-9.7531e+92	-9.7531e+92	    0.12805	   0.081154	     0.0000	  -0.010447	  -0.013189	    0.26631	
21	2	 0.00044449	 0.00069715	     197.19	    0.18609	-9.7531e+92	-9.7531e+92	   0.016178	 0.00050527	     0.0000	  -0.035609	  0.0015776	    0.23058	
21	3	 9.6883e-06	 1.5195e-05	     259.71	   0.064522	-9.7531e+92	-9.7531e+92	  0.0010662	 7.4703e-05	     0.0000	 -0.0028407	 0.00023473	   0.031033	
21	4	 3.8088e-06	 5.9737e-06	     253.96	   0.070430	-9.7531e+92	-9.7531e+92	 0.00060887	 7.3301e-05	     0.0000	 -0.0048451	 0.00018519	   0.017750	
21	5	  0.0018250	  0.0028624	     132.91	    0.72808	-9.7531e+92	-9.7531e+92	  0.0082364	  0.0019591	     0.0000	  -0.013125	  0.0044122	    0.10178	
21	6	    0.13087	    0.20526	     78.899	     2.1621	-9.7531e+92	-9.7531e+92	   0.083250	    0.11628	     0.0000	  0.0018092	    0.42446	   -0.35985	
21	7	   0.053295	   0.083589	     44.967	     2.8822	-9.7531e+92	-9.7531e+92	   0.037953	   0.048708	     0.0000	     0.0000	    0.17507	  -0.067153	
21	8	 0.00017973	 0.00028189	     132.38	    0.73687	-9.7531e+92	-9.7531e+92	 0.00068190	 0.00025071	     0.0000	-0.00073698	 0.00058459	   0.015826	
21	9	  0.0044346	  0.0069553	     83.320	     2.0244	-9.7531e+92	-9.7531e+92	   0.019396	  0.0023046	     0.0000	     0.0000	   0.055364	     0.0000	
21	10	 4.2933e-08	 6.7336e-08	     171.26	    0.31241	-9.7531e+92	-9.7531e+92	 6.0100e-05	 7.1039e-05	     0.0000	-5.2568e-05	 0.00012687	 0.00024581	
21	11	 3.4156e-05	 5.3571e-05	     128.65	    0.80225	-9.7531e+92	-9.7531e+92	 0.00011506	 0.00010188	     0.0000	-6.0800e-06	 0.00021704	  0.0011906	
21	12	 1.3962e-17	 2.1898e-17	     187.39	    0.22505	-9.7531e+92	-9.7531e+92	 5.5024e-05	 7.1630e-05	     0.0000	-1.9622e-05	 0.00012259	 7.5323e-05	
21	13	    0.17309	    0.27148	     76.619	     2.2311	-9.7531e+92	-9.7531e+92	    0.10904	    0.12716	     0.0000	   0.059953	    0.93015	   -0.30494	
21	14	    0.14628	    0.22943	     101.18	     1.4647	-9.7531e+92	-9.7531e+92	   0.082179	    0.13995	     0.0000	   0.059298	    0.57470	   -0.44745	
21	15	 0.00016382	 0.00025694	     175.65	    0.28523	-9.7531e+92	-9.7531e+92	  0.0054097	 0.00023337	     0.0000	  -0.014144	 0.00054688	    0.10049	
21	16	 2.2664e-16	 3.5546e-16	     180.81	    0.25669	-9.7531e+92	-9.7531e+92	 5.2268e-05	 6.7968e-05	     0.0000	 7.9191e-09	 0.00024492	-3.1468e-08	
21	17	 3.4600e-16	 5.4268e-16	     326.31	   0.026229	-9.7531e+92	-9.7531e+92	 5.7988e-05	 7.3583e-05	     0.0000	-0.00014561	 0.00010848	 0.00030825	
21	18	    0.16283	    0.25538	     79.511	     2.1434	-9.7531e+92	-9.7531e+92	   0.093457	    0.13900	     0.0000	   0.078907	    0.50374	   -0.52340	
21	19	 4.5366e-09	 7.1153e-09	     197.71	    0.18427	-9.7531e+92	-9.7531e+92	 8.0798e-05	 7.0896e-05	     0.0000	-0.00017260	 0.00012912	 0.00087956	
21	20	 3.8611e-06	 6.0558e-06	     169.84	    0.32188	-9.7531e+92	-9.7531e+92	 0.00011981	 6.7106e-05	     0.0000	-0.00015107	 0.00016909	  0.0018022	
21	21	     0.0000	     0.0000	     0.0000	     3.0000	-9.7531e+92	-9.7531e+92	    0.80896	     0.0000	    0.69144	     0.0000	     0.0000	     0.0000	
21	22	 2.9215e-15	 4.5821e-15	     284.69	   0.044983	-9.7531e+92	-9.7531e+92	 6.5375e-05	 7.3285e-05	     0.0000	-0.00032797	 0.00011490	 0.00075770	
21	23	  0.0026737	  0.0041935	     78.648	     2.1698	-9.7531e+92	-9.7531e+92	  0.0037757	  0.0027013	     0.0000	-4.4260e-05	  0.0073279	   0.027388	
21	24	  0.0044003	  0.0069015	     85.071	     1.9688	-9.7531e+92	-9.7531e+92	   0.029811	  0.0041139	     0.0000	 -0.0051251	   0.013787	    0.48938	
22	0	 0.00017957	 9.3548e-05	     321.47	   0.027830	-9.7531e+92	-9.7531e+92	   0.010482	 3.9595e-06	     0.0000	-0.00036403	-0.00023603	    0.13902	
22	1	   0.024269	   0.012643	     312.59	   0.031097	-9.7531e+92	-9.7531e+92	   0.032838	 0.00038309	     0.0000	 -0.0061140	  -0.019728	    0.12589	
22	2	   0.084947	   0.044254	     161.29	    0.38622	-9.7531e+92	-9.7531e+92	   0.022179	  0.0013776	  0.0038035	  0.0086303	  -0.096779	  -0.054710	
22	3	    0.13800	   0.071894	     164.94	    0.35711	-9.7531e+92	-9.7531e+92	   0.025525	  0.0021888	   0.023049	  0.0086347	   -0.15732	   -0.14694	
22	4	    0.39141	    0.20391	     82.638	     2.0459	-9.7531e+92	-9.7531e+92	   0.053776	  0.0020724	   0.052375	   0.025807	   -0.37517	   -0.35899	
22	5	   0.027458	   0.014304	     151.89	    0.47454	-9.7531e+92	-9.7531e+92	  0.0068831	 0.00047410	     0.0000	  0.0018759	  -0.032508	  -0.012404	
22	6	 0.00021415	 0.00011157	     216.08	    0.13159	-9.7531e+92	-9.7531e+92	  0.0052884	 4.7414e-06	     0.0000	-0.00053528	-0.00032808	   0.087779	
22	7	 9.5573e-06	 4.9791e-06	     241.36	   0.085874	-9.7531e+92	-9.7531e+92	  0.0024601	 1.3182e-06	     0.0000	     0.0000	-8.9729e-05	   0.049421	
22	8	 0.00015174	 7.9053e-05	     168.70	    0.32968	-9.7531e+92	-9.7531e+92	 0.00032538	 3.8618e-06	     0.0000	-0.00015034	-0.00026257	  0.0026702	
22	9	 2.4222e-13	 1.2619e-13	     266.14	   0.058633	-9.7531e+92	-9.7531e+92	  0.0026419	 1.1679e-06	     0.0000	  -0.017261	-7.9802e-05	   0.049397	
22	10	 9.5833e-13	 4.9926e-13	     176.66	    0.27933	-9.7531e+92	-9.7531e+92	 3.5882e-05	 1.1826e-06	     0.0000	-1.0621e-05	-8.0765e-05	 4.1029e-05	
22	11	 1.0241e-13	 5.3352e-14	     200.45	    0.17499	-9.7531e+92	-9.7531e+92	 3.5714e-05	 1.1802e-06	     0.0000	-1.4742e-06	-8.0673e-05	 0.00023839	
22	12	 0.00047648	 0.00024823	     131.16	    0.75767	-9.7531e+92	-9.7531e+92	 0.00027000	 9.6036e-06	 0.00022970	 0.00017156	-0.00065545	-0.00054508	
22	13	   0.071763	   0.037386	     260.15	   0.064098	-9.7531e+92	-9.7531e+92	   0.024635	  0.0011819	     0.0000	 -0.0078859	  -0.059994	   0.032463	
22	14	   0.011966	  0.0062338	     227.39	    0.10817	-9.7531e+92	-9.7531e+92	   0.011536	 0.00019994	     0.0000	  -0.010318	  -0.012855	   0.064511	
22	15	  0.0048275	  0.0025150	     163.21	    0.37056	-9.7531e+92	-9.7531e+92	  0.0074419	 8.3695e-05	     0.0000	 -0.0018679	 -0.0057773	   0.011396	
22	16	 1.9139e-12	 9.9707e-13	     106.73	     1.3057	-9.7531e+92	-9.7531e+92	 1.7361e-05	 1.1593e-06	     0.0000	 1.4635e-09	-6.5252e-05	-4.2163e-09	
22	17	  0.0066169	  0.0034472	     106.10	     1.3231	-9.7531e+92	-9.7531e+92	  0.0012674	 8.6004e-05	  0.0012098	  0.0022364	 -0.0036620	 -0.0033964	
22	18	   0.027326	   0.014236	     205.13	    0.16037	-9.7531e+92	-9.7531e+92	   0.012574	 0.00046037	     0.0000	  -0.010926	  -0.030608	   0.059623	
22	19	    0.17140	   0.089293	     93.933	     1.6868	-9.7531e+92	-9.7531e+92	   0.022504	  0.0028942	   0.022404	   0.041032	   -0.19383	   -0.18819	
22	20	   0.038989	   0.020312	     116.48	     1.0560	-9.7531e+92	-9.7531e+92	  0.0076267	 0.00068818	  0.0074558	  0.0045779	  -0.046992	  -0.045097	
22	21	 4.4728e-12	 2.3302e-12	     284.69	   0.044983	-9.7531e+92	-9.7531e+92	  0.0030165	 1.1419e-06	     0.0000	     0.0000	-7.8729e-05	   0.085534	
22	22	     0.0000	     0.0000	     0.0000	     3.0000	-9.7531e+92	-9.7531e+92	    0.26158	     0.0000	    0.26149	     0.0000	     0.0000	     0.0000	
22	23	 1.3733e-12	 7.1544e-13	     209.07	    0.14920	-9.7531e+92	-9.7531e+92	 0.00034180	 1.1767e-06	     0.0000	-1.5027e-05	-8.0372e-05	  0.0076774	
22	24	 2.5262e-16	 1.3161e-16	     237.89	   0.090842	-9.7531e+92	-9.7531e+92	  0.0056323	 1.1331e-06	     0.0000	 -0.0010995	-8.0328e-05	   0.086684	
23	0	    0.22423	    0.13558	     119.13	    0.99543	-9.7531e+92	-9.7531e+92	   0.056338	   0.015690	     0.0000	     0.0000	   -0.25607	  -0.069328	
23	1	    0.15564	   0.094106	     132.72	    0.73117	-9.7531e+92	-9.7531e+92	   0.051938	   0.011897	     0.0000	-0.00047994	  -0.085575	   0.019607	
23	2	 0.00087954	 0.00053181	     168.40	    0.33177	-9.7531e+92	-9.7531e+92	  0.0063888	 0.00010407	     0.0000	 -0.0031315	-0.00040771	   0.031096	
23	3	 9.0545e-07	 5.4748e-07	     228.38	    0.10637	-9.7531e+92	-9.7531e+92	 0.00039764	 7.4582e-06	     0.0000	-0.00025345	-2.9245e-05	  0.0042457	
23	4	 3.8815e-06	 2.3469e-06	     212.30	    0.14074	-9.7531e+92	-9.7531e+92	 0.00023980	 8.1553e-06	     0.0000	-0.00043147	-3.4771e-05	  0.0024177	
23	5	   0.010409	  0.0062938	     65.633	     2.5304	-9.7531e+92	-9.7531e+92	  0.0044089	  0.0012007	     0.0000	-0.00049100	 -0.0054300	  0.0058122	
23	6	   0.056850	   0.034374	     73.330	     2.3271	-9.7531e+92	-9.7531e+92	   0.022154	  0.0060587	     0.0000	-6.3936e-05	  -0.026855	   0.019441	
23	7	    0.10543	   0.063745	     58.677	     2.6821	-9.7531e+92	-9.7531e+92	   0.022548	   0.011478	     0.0000	     0.0000	  -0.049824	  -0.057585	
23	8	  0.0038557	  0.0023313	     54.810	     2.7517	-9.7531e+92	-9.7531e+92	 0.00083179	 0.00043468	     0.0000	 4.0391e-05	 -0.0010215	 -0.0013323	
23	9	 0.00052051	 0.00031473	     121.73	    0.93874	-9.7531e+92	-9.7531e+92	  0.0072143	 6.8430e-05	     0.0000	 -0.0075221	-0.00031966	   0.039773	
23	10	 5.3050e-05	 3.2076e-05	     95.614	     1.6342	-9.7531e+92	-9.7531e+92	 3.2209e-05	 1.3223e-05	     0.0000	 1.6085e-06	 4.3284e-05	-6.5253e-06	
23	11	  0.0039796	  0.0024063	     53.605	     2.7712	-9.7531e+92	-9.7531e+92	 0.00064157	 0.00044973	 0.00047812	 1.1997e-05	 -0.0017807	 -0.0035898	
23	12	 1.4781e-05	 8.9373e-06	     109.85	     1.2215	-9.7531e+92	-9.7531e+92	 2.3743e-05	 9.5557e-06	     0.0000	 6.4555e-07	-4.0958e-05	-3.8574e-06	
23	13	    0.14127	   0.085421	     113.01	     1.1402	-9.7531e+92	-9.7531e+92	   0.038136	   0.012179	     0.0000	  0.0025704	 -0.0010486	  -0.020859	
23	14	    0.15894	   0.096100	     114.84	     1.0952	-9.7531e+92	-9.7531e+92	   0.034034	   0.017372	     0.0000	  0.0062115	  -0.043908	  -0.072425	
23	15	 8.2597e-05	 4.9942e-05	     149.47	    0.50076	-9.7531e+92	-9.7531e+92	  0.0019860	 1.6965e-05	     0.0000	 -0.0012666	-7.9432e-05	   0.013737	
23	16	 1.8363e-14	 1.1103e-14	     136.77	    0.66684	-9.7531e+92	-9.7531e+92	 2.0150e-05	 7.7419e-06	     0.0000	 6.4451e-10	 2.0054e-05	-2.0314e-09	
23	17	 1.1570e-13	 6.9959e-14	     284.58	   0.045056	-9.7531e+92	-9.7531e+92	 2.2388e-05	 8.1197e-06	     0.0000	-1.2967e-05	-4.1354e-05	 4.1806e-05	
23	18	    0.11036	   0.066728	     36.898	     2.9454	-9.7531e+92	-9.7531e+92	   0.028679	   0.010071	     0.0000	 0.00065438	  -0.049363	  -0.024868	
23	19	 3.2116e-05	 1.9419e-05	     121.29	    0.94810	-9.7531e+92	-9.7531e+92	 3.9709e-05	 1.1592e-05	     0.0000	-1.1441e-05	-5.6658e-05	 8.8902e-05	
23	20	 0.00016699	 0.00010097	     93.058	     1.7144	-9.7531e+92	-9.7531e+92	 7.5503e-05	 2.5230e-05	     0.0000	-4.9434e-06	-0.00012392	 8.9889e-05	
23	21	   0.023547	   0.014237	     78.648	     2.1698	-9.7531e+92	-9.7531e+92	   0.013048	  0.0025173	     0.0000	     0.0000	  -0.011193	   0.047928	
23	22	 3.4879e-13	 2.1089e-13	     209.07	    0.14920	-9.7531e+92	-9.7531e+92	 2.5317e-05	 8.0797e-06	     0.0000	-2.9208e-05	-4.0404e-05	 0.00010280	
23	23	     0.0000	     0.0000	     0.0000	     3.0000	-9.7531e+92	-9.7531e+92	    0.30342	     0.0000	    0.29940	     0.0000	     0.0000	     0.0000	
23	24	  0.0037349	  0.0022583	     40.708	     2.9198	-9.7531e+92	-9.7531e+92	   0.011945	 0.00040189	     0.0000	-0.00046042	 -0.0015748	   0.067043	
24	0	    0.14196	   0.089701	     123.34	    0.90511	-9.7531e+92	-9.7531e+92	   0.048459	    0.14933	     0.0000	-0.00015171	     3.9678	  -0.031709	
24	1	    0.20138	    0.12724	     142.19	    0.58963	-9.7531e+92	-9.7531e+92	   0.063530	    0.11978	     0.0000	     0.0000	     2.3174	     0.0000	
24	2	 0.00011597	 7.3275e-05	     210.29	    0.14595	-9.7531e+92	-9.7531e+92	  0.0057268	 0.00024589	     0.0000	  -0.057674	  0.0057848	   -0.13879	
24	3	 2.1594e-07	 1.3644e-07	     270.69	   0.054855	-9.7531e+92	-9.7531e+92	 0.00036739	 8.4304e-05	     0.0000	 -0.0045672	  0.0021185	  -0.018534	
24	4	 8.5335e-07	 5.3920e-07	     253.16	   0.071301	-9.7531e+92	-9.7531e+92	 0.00022283	 9.5251e-05	     0.0000	 -0.0077828	  0.0021297	  -0.010335	
24	5	   0.013835	  0.0087417	     106.34	     1.3165	-9.7531e+92	-9.7531e+92	  0.0049804	   0.020067	     0.0000	 -0.0039722	    0.43516	  -0.010956	
24	6	   0.073885	   0.046686	     108.13	     1.2674	-9.7531e+92	-9.7531e+92	   0.024335	    0.10024	     0.0000	-0.00021873	     2.3305	  -0.015703	
24	7	   0.040694	   0.025713	     84.614	     1.9834	-9.7531e+92	-9.7531e+92	   0.013544	   0.056122	     0.0000	     0.0000	     1.2838	  -0.010885	
24	8	   0.027729	   0.017521	     77.960	     2.1908	-9.7531e+92	-9.7531e+92	  0.0046362	   0.039565	  0.0030496	   0.013176	    0.87431	   0.098976	
24	9	 0.00027022	 0.00017074	     149.07	    0.50520	-9.7531e+92	-9.7531e+92	  0.0071883	 0.00050646	     0.0000	   -0.13633	   0.010477	   -0.16642	
24	10	 0.00026644	 0.00016835	     102.71	     1.4197	-9.7531e+92	-9.7531e+92	 7.2835e-05	 0.00049705	 8.6028e-06	 0.00055744	   0.010403	 0.00090491	
24	11	  0.0016822	  0.0010629	     56.094	     2.7297	-9.7531e+92	-9.7531e+92	 0.00032271	  0.0024458	 0.00015190	 8.4891e-05	   0.054929	  0.0057824	
24	12	 2.2423e-05	 1.4169e-05	     132.31	    0.73810	-9.7531e+92	-9.7531e+92	 2.7337e-05	 0.00013525	     0.0000	 3.4314e-05	  0.0027620	 4.5734e-05	
24	13	    0.18586	    0.11744	     142.21	    0.58941	-9.7531e+92	-9.7531e+92	   0.045680	    0.14276	     0.0000	     0.0000	     4.9150	    0.30427	
24	14	    0.10697	   0.067593	     150.00	    0.49487	-9.7531e+92	-9.7531e+92	   0.027055	    0.14743	     0.0000	   0.043073	     3.4598	    0.12959	
24	15	 1.8758e-05	 1.1852e-05	     189.75	    0.21485	-9.7531e+92	-9.7531e+92	  0.0017812	 0.00011700	     0.0000	  -0.022920	  0.0026950	  -0.057934	
24	16	 1.4003e-14	 8.8482e-15	     177.80	    0.27291	-9.7531e+92	-9.7531e+92	 2.1057e-05	 0.00010182	     0.0000	 1.2706e-08	  0.0020955	 1.7388e-08	
24	17	 3.9659e-14	 2.5060e-14	     325.25	   0.026569	-9.7531e+92	-9.7531e+92	 2.3187e-05	 0.00010216	     0.0000	-0.00023363	  0.0020603	-0.00017177	
24	18	    0.13879	   0.087697	     74.739	     2.2865	-9.7531e+92	-9.7531e+92	   0.034345	    0.18144	     0.0000	   0.088745	     4.3976	    0.22304	
24	19	 3.2299e-05	 2.0409e-05	     150.08	    0.49393	-9.7531e+92	-9.7531e+92	 5.5610e-05	 0.00014621	     0.0000	-0.00020588	  0.0030818	-0.00036627	
24	20	  0.0010661	 0.00067364	     121.85	    0.93617	-9.7531e+92	-9.7531e+92	 0.00023329	  0.0013342	 2.6029e-05	 1.5494e-05	   0.036765	  0.0031481	
24	21	   0.057037	   0.036040	     85.071	     1.9688	-9.7531e+92	-9.7531e+92	   0.018166	   0.077651	     0.0000	     0.0000	     1.7988	  -0.070508	
24	22	 7.9988e-14	 5.0542e-14	     237.89	   0.090842	-9.7531e+92	-9.7531e+92	 2.5949e-05	 0.00010189	     0.0000	-0.00052624	  0.0020639	-0.00042378	
24	23	  0.0083846	  0.0052980	     40.708	     2.9198	-9.7531e+92	-9.7531e+92	  0.0024163	   0.011924	     0.0000	 3.2415e-05	    0.26586	  0.0070057	
24	24	     0.0000	     0.0000	     0.0000	     3.0000	-9.7531e+92	-9.7531e+92	    0.32859	     0.0000	    0.28155	     0.0000	     0.0000	     0.0000	
