#source	Target	value	weight	distance	potential1	geneCorrelation	separation	influenceWeight	betweenness	influence'Weight	betweenness'	nbetweenness	nbetweenness'	
0	0	     0.0000	     0.0000	     0.0000	     3.0000	-9.7531e+92	-9.7531e+92	     4.1492	     0.0000	     3.2635	     0.0000	     0.0000	     0.0000	
0	1	   0.087053	    0.67266	     35.562	     2.9528	-9.7531e+92	-9.7531e+92	    0.48288	   0.084331	     0.0000	     0.0000	    0.31564	   0.014846	
0	2	  0.0022661	   0.017510	     211.35	    0.14318	-9.7531e+92	-9.7531e+92	   0.064010	  0.0032744	     0.0000	  -0.019024	   0.017774	   0.020544	
0	3	 7.1319e-05	 0.00055109	     273.88	   0.052386	-9.7531e+92	-9.7531e+92	   0.012266	 0.00020542	     0.0000	  -0.013968	  0.0011375	  0.0078952	
0	4	 1.4064e-06	 1.0867e-05	     281.58	   0.046977	-9.7531e+92	-9.7531e+92	  0.0092363	 0.00010116	     0.0000	  -0.016655	 0.00050922	  0.0087790	
0	5	  0.0012795	  0.0098868	     169.69	    0.32292	-9.7531e+92	-9.7531e+92	   0.012569	  0.0019642	     0.0000	-0.00035538	  0.0091594	  0.0029903	
0	6	    0.10993	    0.84943	     105.31	     1.3454	-9.7531e+92	-9.7531e+92	    0.49167	    0.12870	     0.0000	-0.00034431	    0.76249	   0.023059	
0	7	   0.072749	    0.56213	     80.265	     2.1201	-9.7531e+92	-9.7531e+92	    0.27714	   0.092556	     0.0000	     0.0000	    0.52063	 -0.0025093	
0	8	 6.2854e-05	 0.00048568	     172.11	    0.30693	-9.7531e+92	-9.7531e+92	 0.00088329	 0.00017923	     0.0000	-9.9925e-05	  0.0010065	 0.00019259	
0	9	    0.16092	     1.2435	     86.890	     1.9108	-9.7531e+92	-9.7531e+92	    0.43040	    0.18572	     0.0000	   0.022569	     1.1768	  -0.061114	
0	10	 4.0448e-14	 3.1254e-13	     210.64	    0.14503	-9.7531e+92	-9.7531e+92	 0.00026454	 0.00010376	     0.0000	-3.3295e-06	 0.00043006	 2.6994e-06	
0	11	 2.7821e-06	 2.1497e-05	     167.10	    0.34103	-9.7531e+92	-9.7531e+92	 0.00031769	 0.00010207	     0.0000	-4.8851e-06	 0.00047205	 1.6347e-05	
0	12	 1.8757e-13	 1.4494e-12	     226.76	    0.10933	-9.7531e+92	-9.7531e+92	 0.00026692	 0.00010732	     0.0000	-7.3614e-06	 0.00039883	 5.6209e-06	
0	13	    0.15654	     1.2096	     86.013	     1.9388	-9.7531e+92	-9.7531e+92	    0.52594	    0.15955	     0.0000	     0.0000	    0.69244	  -0.014012	
0	14	    0.17360	     1.3414	     114.85	     1.0949	-9.7531e+92	-9.7531e+92	    0.52156	    0.19121	     0.0000	  0.0028687	    0.94162	  -0.026717	
0	15	 0.00045787	  0.0035380	     189.51	    0.21584	-9.7531e+92	-9.7531e+92	   0.030293	 0.00078345	     0.0000	 -0.0097453	  0.0034605	   0.011099	
0	16	 1.4515e-13	 1.1216e-12	     217.18	    0.12904	-9.7531e+92	-9.7531e+92	 0.00025751	 0.00010217	     0.0000	 2.8390e-09	 0.00044192	-3.1730e-09	
0	17	 4.3961e-13	 3.3969e-12	     353.56	   0.019078	-9.7531e+92	-9.7531e+92	  0.0014194	 0.00010749	     0.0000	 -0.0056944	 0.00037459	  0.0026016	
0	18	   0.096282	    0.74398	     116.29	     1.0606	-9.7531e+92	-9.7531e+92	    0.36811	    0.12947	     0.0000	-0.00072506	    0.71117	 0.00071191	
0	19	 2.2315e-13	 1.7243e-12	     234.49	   0.096052	-9.7531e+92	-9.7531e+92	 0.00039096	 0.00010665	     0.0000	-0.00018126	 0.00040393	 0.00020492	
0	20	 2.5499e-13	 1.9703e-12	     206.61	    0.15606	-9.7531e+92	-9.7531e+92	 0.00057132	 0.00010392	     0.0000	-0.00012765	 0.00041499	 0.00020753	
0	21	    0.13459	     1.0400	     39.458	     2.9290	-9.7531e+92	-9.7531e+92	    0.33541	    0.12021	     0.0000	     0.0000	     1.1552	     0.0000	
0	22	 4.4198e-13	 3.4152e-12	     321.47	   0.027830	-9.7531e+92	-9.7531e+92	 0.00063120	 0.00010988	     0.0000	 -0.0018511	 0.00038413	 0.00090140	
0	23	  0.0029868	   0.023079	     119.13	    0.99543	-9.7531e+92	-9.7531e+92	  0.0075939	  0.0043817	     0.0000	 0.00011634	   0.021368	 -0.0014116	
0	24	  0.0012049	  0.0093104	     123.34	    0.90511	-9.7531e+92	-9.7531e+92	  0.0029963	  0.0016860	 0.00073131	 1.3408e-05	   0.010466	-0.00067642	
1	0	    0.14067	     1.1139	     35.562	     2.9528	-9.7531e+92	-9.7531e+92	    0.53810	    0.17007	     0.0000	 1.2738e-05	     1.3318	 -0.0070446	
1	1	     0.0000	     0.0000	     0.0000	     3.0000	-9.7531e+92	-9.7531e+92	     4.2806	     0.0000	     3.2481	     0.0000	     0.0000	     0.0000	
1	2	  0.0076215	   0.060356	     184.62	    0.23778	-9.7531e+92	-9.7531e+92	   0.074974	   0.011732	     0.0000	  -0.015244	   0.089257	   0.014512	
1	3	 0.00020372	  0.0016133	     244.14	   0.082134	-9.7531e+92	-9.7531e+92	   0.013314	 0.00044328	     0.0000	  -0.012965	  0.0033180	  0.0064316	
1	4	 2.6926e-06	 2.1323e-05	     272.02	   0.053810	-9.7531e+92	-9.7531e+92	   0.010466	 0.00011637	     0.0000	  -0.015596	 0.00082391	  0.0072898	
1	5	  0.0015351	   0.012156	     161.91	    0.38106	-9.7531e+92	-9.7531e+92	   0.013774	  0.0026402	     0.0000	-0.00031424	   0.018159	  0.0023678	
1	6	    0.13083	     1.0361	     96.519	     1.6061	-9.7531e+92	-9.7531e+92	    0.55077	    0.17871	     0.0000	-0.00014334	     1.4868	  0.0085468	
1	7	    0.10172	    0.80551	     75.481	     2.2648	-9.7531e+92	-9.7531e+92	    0.33352	    0.14959	     0.0000	     0.0000	     1.1754	  -0.017611	
1	8	 5.5237e-06	 4.3743e-05	     184.58	    0.23797	-9.7531e+92	-9.7531e+92	 0.00080866	 0.00012665	     0.0000	-0.00011255	 0.00078228	 0.00019493	
1	9	    0.15528	     1.2296	     55.376	     2.7421	-9.7531e+92	-9.7531e+92	    0.43131	    0.15104	     0.0000	     0.0000	     2.0119	     0.0000	
1	10	 1.3269e-14	 1.0508e-13	     228.04	    0.10699	-9.7531e+92	-9.7531e+92	 0.00027023	 0.00012180	     0.0000	-3.1181e-06	 0.00069729	 2.2762e-06	
1	11	 8.3260e-15	 6.5935e-14	     185.20	    0.23505	-9.7531e+92	-9.7531e+92	 0.00031251	 0.00011092	     0.0000	-5.1157e-06	 0.00076351	 1.5408e-05	
1	12	 4.2096e-15	 3.3336e-14	     231.78	    0.10046	-9.7531e+92	-9.7531e+92	 0.00027350	 0.00012405	     0.0000	-6.8940e-06	 0.00068671	 4.7393e-06	
1	13	    0.12626	    0.99984	     57.043	     2.7128	-9.7531e+92	-9.7531e+92	    0.48857	    0.13459	     0.0000	     0.0000	    0.76810	 -0.0022785	
1	14	    0.13598	     1.0769	     88.839	     1.8485	-9.7531e+92	-9.7531e+92	    0.47281	    0.16343	     0.0000	  0.0010158	     1.1661	 -0.0081200	
1	15	 0.00081891	  0.0064850	     167.83	    0.33581	-9.7531e+92	-9.7531e+92	   0.029216	  0.0014835	     0.0000	 -0.0089336	  0.0098203	  0.0091069	
1	16	 3.2901e-15	 2.6055e-14	     207.46	    0.15366	-9.7531e+92	-9.7531e+92	 0.00026391	 0.00011624	     0.0000	 2.6587e-09	 0.00074490	-2.6802e-09	
1	17	 1.1526e-15	 9.1275e-15	     342.57	   0.021626	-9.7531e+92	-9.7531e+92	  0.0015790	 0.00012211	     0.0000	 -0.0053328	 0.00067188	  0.0021923	
1	18	    0.10128	    0.80208	     111.77	     1.1715	-9.7531e+92	-9.7531e+92	    0.39454	    0.15928	     0.0000	  0.0019620	     1.2112	 -0.0016981	
1	19	 1.6443e-15	 1.3021e-14	     226.57	    0.10968	-9.7531e+92	-9.7531e+92	 0.00040881	 0.00012194	     0.0000	-0.00016975	 0.00070073	 0.00017256	
1	20	 4.4217e-08	 3.5016e-07	     199.20	    0.17914	-9.7531e+92	-9.7531e+92	 0.00060239	 0.00011780	     0.0000	-0.00011953	 0.00072223	 0.00017472	
1	21	   0.097472	    0.77189	     57.297	     2.7081	-9.7531e+92	-9.7531e+92	    0.27745	    0.14159	     0.0000	   0.013168	     1.1244	  -0.029120	
1	22	 3.0661e-15	 2.4281e-14	     312.59	   0.031097	-9.7531e+92	-9.7531e+92	 0.00068588	 0.00012517	     0.0000	 -0.0017335	 0.00068015	 0.00075906	
1	23	 0.00027762	  0.0021985	     132.72	    0.73117	-9.7531e+92	-9.7531e+92	  0.0027905	 0.00056131	     0.0000	-3.5058e-05	  0.0039862	 0.00038260	
1	24	 4.8733e-05	 0.00038592	     142.19	    0.58963	-9.7531e+92	-9.7531e+92	 0.00090877	 0.00017946	     0.0000	-2.2869e-06	  0.0014366	 0.00010381	
2	0	   0.011125	   0.037722	     211.35	    0.14318	-9.7531e+92	-9.7531e+92	   0.082815	  0.0090090	     0.0000	-0.00029091	 -0.0037570	   0.071526	
2	1	   0.051827	    0.17573	     184.62	    0.23778	-9.7531e+92	-9.7531e+92	    0.14102	   0.041072	     0.0000	     0.0000	  -0.021121	   0.051299	
2	2	     0.0000	     0.0000	     0.0000	     3.0000	-9.7531e+92	-9.7531e+92	     1.7713	     0.0000	     1.6378	     0.0000	     0.0000	     0.0000	
2	3	    0.17174	    0.58231	     63.167	     2.5880	-9.7531e+92	-9.7531e+92	    0.18173	   0.093207	    0.13097	    0.21688	   -0.83803	   -0.46159	
2	4	    0.18698	    0.63402	     91.235	     1.7721	-9.7531e+92	-9.7531e+92	    0.20205	    0.10378	    0.15121	    0.39943	   -0.66853	   -0.37883	
2	5	  0.0022290	  0.0075581	     120.45	    0.96633	-9.7531e+92	-9.7531e+92	  0.0060756	  0.0020298	     0.0000	 -0.0015066	 -0.0074917	  0.0072035	
2	6	   0.018894	   0.064066	     118.53	     1.0087	-9.7531e+92	-9.7531e+92	   0.094304	   0.013995	     0.0000	 -0.0062974	  -0.055789	    0.23318	
2	7	  0.0020622	  0.0069924	     153.12	    0.46179	-9.7531e+92	-9.7531e+92	   0.060952	  0.0018430	     0.0000	     0.0000	 -0.0068997	    0.12867	
2	8	 8.1160e-06	 2.7519e-05	     174.51	    0.29198	-9.7531e+92	-9.7531e+92	 0.00032016	 6.8413e-05	     0.0000	-0.00063795	-0.00027432	 0.00071016	
2	9	   0.012689	   0.043027	     133.64	    0.71608	-9.7531e+92	-9.7531e+92	   0.056528	   0.010969	     0.0000	  -0.067529	  -0.042277	    0.10322	
2	10	 2.9541e-16	 1.0017e-15	     213.20	    0.13850	-9.7531e+92	-9.7531e+92	 0.00011589	 6.1937e-05	     0.0000	-1.7810e-05	-0.00025801	 8.4154e-06	
2	11	 5.5498e-16	 1.8818e-15	     197.83	    0.18388	-9.7531e+92	-9.7531e+92	 0.00012976	 6.0974e-05	     0.0000	-2.9220e-05	-0.00025493	 5.6897e-05	
2	12	 4.6819e-15	 1.5875e-14	     181.48	    0.25322	-9.7531e+92	-9.7531e+92	 0.00012262	 6.1004e-05	     0.0000	-3.9377e-05	-0.00024156	 1.7517e-05	
2	13	    0.15482	    0.52496	     127.66	    0.82064	-9.7531e+92	-9.7531e+92	    0.20891	    0.11941	     0.0000	     0.0000	   -0.22340	  -0.027702	
2	14	    0.34505	     1.1700	     97.273	     1.5829	-9.7531e+92	-9.7531e+92	    0.38121	    0.25041	     0.0000	   0.047878	   -0.97983	   -0.25064	
2	15	   0.032807	    0.11124	     21.827	     2.9932	-9.7531e+92	-9.7531e+92	   0.075161	   0.020947	   0.015576	   0.010265	  -0.054752	  -0.014126	
2	16	 2.6715e-17	 9.0586e-17	     68.097	     2.4691	-9.7531e+92	-9.7531e+92	 0.00011300	 6.0595e-05	     0.0000	 1.5107e-08	-0.00024254	-9.9715e-09	
2	17	 3.3710e-06	 1.1430e-05	     160.64	    0.39167	-9.7531e+92	-9.7531e+92	   0.025286	 4.7254e-05	   0.012330	  -0.017102	-7.0326e-05	  0.0025711	
2	18	  0.0095852	   0.032501	     137.27	    0.65930	-9.7531e+92	-9.7531e+92	   0.067441	  0.0077348	     0.0000	   -0.26534	  -0.024818	    0.13718	
2	19	 0.00010974	 0.00037210	     139.30	    0.62950	-9.7531e+92	-9.7531e+92	  0.0013863	 0.00014956	 0.00014874	-0.00056049	-0.00048876	 0.00040170	
2	20	 4.5692e-05	 0.00015493	     139.77	    0.62284	-9.7531e+92	-9.7531e+92	 0.00061418	 9.5713e-05	     0.0000	-0.00057981	-0.00030573	 0.00054576	
2	21	 1.8213e-05	 6.1758e-05	     197.19	    0.18609	-9.7531e+92	-9.7531e+92	   0.024164	 7.4580e-05	     0.0000	  -0.060737	-0.00028408	   0.084864	
2	22	 1.0480e-05	 3.5534e-05	     161.29	    0.38622	-9.7531e+92	-9.7531e+92	  0.0079989	 5.4586e-05	  0.0033246	 -0.0057857	-8.9628e-05	  0.0010206	
2	23	 6.7571e-07	 2.2912e-06	     168.40	    0.33177	-9.7531e+92	-9.7531e+92	 0.00049747	 6.1259e-05	     0.0000	-0.00028433	-0.00025224	  0.0020012	
2	24	 4.3644e-16	 1.4799e-15	     210.29	    0.14595	-9.7531e+92	-9.7531e+92	 0.00020005	 6.1256e-05	     0.0000	-1.6636e-05	-0.00025609	 0.00048761	
3	0	 0.00074147	  0.0028673	     273.88	   0.052386	-9.7531e+92	-9.7531e+92	   0.060186	 0.00032940	     0.0000	-0.00033932	 -0.0025172	    0.27126	
3	1	   0.030271	    0.11706	     244.14	   0.082134	-9.7531e+92	-9.7531e+92	    0.11039	   0.012249	     0.0000	     0.0000	  -0.092811	    0.23372	
3	2	    0.19688	    0.76136	     63.167	     2.5880	-9.7531e+92	-9.7531e+92	    0.29577	   0.049597	    0.14355	   0.090734	    -1.2124	   -0.72267	
3	3	     0.0000	     0.0000	     0.0000	     3.0000	-9.7531e+92	-9.7531e+92	     2.0199	     0.0000	     1.9620	     0.0000	     0.0000	     0.0000	
3	4	    0.30853	     1.1931	     82.606	     2.0469	-9.7531e+92	-9.7531e+92	    0.35600	   0.069369	    0.29802	    0.64549	    -1.7540	    -1.2539	
3	5	  0.0046388	   0.017938	     167.87	    0.33554	-9.7531e+92	-9.7531e+92	  0.0092951	  0.0020743	     0.0000	-0.00053626	  -0.025316	  0.0048783	
3	6	  0.0095790	   0.037043	     180.81	    0.25667	-9.7531e+92	-9.7531e+92	   0.080920	  0.0037616	     0.0000	 -0.0071597	  -0.049146	    0.52264	
3	7	 0.00030084	  0.0011634	     215.68	    0.13250	-9.7531e+92	-9.7531e+92	   0.047407	 0.00015812	     0.0000	     0.0000	 -0.0019491	    0.26945	
3	8	 2.3991e-14	 9.2775e-14	     221.29	    0.12010	-9.7531e+92	-9.7531e+92	 0.00038644	 2.9958e-05	     0.0000	-0.00069259	-0.00037497	  0.0014359	
3	9	  0.0013118	  0.0050728	     191.41	    0.20802	-9.7531e+92	-9.7531e+92	   0.039306	 0.00058602	     0.0000	  -0.086911	 -0.0073498	    0.25495	
3	10	 1.1082e-13	 4.2853e-13	     258.79	   0.065432	-9.7531e+92	-9.7531e+92	 0.00013237	 3.0166e-05	     0.0000	-1.8882e-05	-0.00038353	 1.6420e-05	
3	11	 5.1736e-13	 2.0007e-12	     244.71	   0.081388	-9.7531e+92	-9.7531e+92	 0.00014754	 2.9992e-05	     0.0000	-3.0978e-05	-0.00038198	 0.00011124	
3	12	 2.7286e-13	 1.0552e-12	     227.10	    0.10870	-9.7531e+92	-9.7531e+92	 0.00014337	 2.9885e-05	     0.0000	-4.1747e-05	-0.00037972	 3.4195e-05	
3	13	   0.086945	    0.33622	     188.65	    0.21955	-9.7531e+92	-9.7531e+92	    0.17839	   0.035228	     0.0000	     0.0000	   -0.29290	   0.077292	
3	14	    0.14521	    0.56153	     161.01	    0.38854	-9.7531e+92	-9.7531e+92	    0.27903	   0.055602	     0.0000	  0.0073639	   -0.62281	  -0.092098	
3	15	    0.20282	    0.78430	     84.108	     1.9994	-9.7531e+92	-9.7531e+92	    0.23956	   0.063160	    0.17161	    0.18000	   -0.86302	   -0.58034	
3	16	 1.9239e-13	 7.4399e-13	     111.94	     1.1671	-9.7531e+92	-9.7531e+92	 0.00012887	 2.8966e-05	     0.0000	 1.5976e-08	-0.00034279	-1.9160e-08	
3	17	  0.0036421	   0.014084	     122.41	    0.92444	-9.7531e+92	-9.7531e+92	   0.047567	  0.0010123	   0.032791	-0.00043716	 -0.0070829	 0.00011657	
3	18	  0.0089628	   0.034660	     199.21	    0.17912	-9.7531e+92	-9.7531e+92	   0.064747	  0.0037082	     0.0000	   -0.28330	  -0.042128	    0.30746	
3	19	 1.4574e-05	 5.6358e-05	     184.07	    0.24039	-9.7531e+92	-9.7531e+92	  0.0022266	 3.4200e-05	 0.00081517	-0.00088202	-0.00043303	  0.0011881	
3	20	 1.6974e-05	 6.5641e-05	     185.64	    0.23299	-9.7531e+92	-9.7531e+92	 0.00092806	 3.6315e-05	     0.0000	-0.00068334	-0.00046054	  0.0011941	
3	21	 4.0467e-12	 1.5649e-11	     259.71	   0.064522	-9.7531e+92	-9.7531e+92	   0.019230	 2.8893e-05	     0.0000	  -0.064419	-0.00035708	    0.17246	
3	22	 0.00013874	 0.00053650	     164.94	    0.35711	-9.7531e+92	-9.7531e+92	   0.014233	 6.6094e-05	  0.0089020	 -0.0052068	-0.00073225	  0.0030664	
3	23	 1.1658e-12	 4.5084e-12	     228.38	    0.10637	-9.7531e+92	-9.7531e+92	 0.00044613	 2.9913e-05	     0.0000	-0.00030166	-0.00037877	  0.0039315	
3	24	 2.9511e-12	 1.1412e-11	     270.69	   0.054855	-9.7531e+92	-9.7531e+92	 0.00019557	 3.0071e-05	     0.0000	-1.7637e-05	-0.00038124	 0.00095528	
4	0	  0.0011855	  0.0031743	     281.58	   0.046977	-9.7531e+92	-9.7531e+92	   0.033125	 0.00070088	     0.0000	-0.00053156	 -0.0078072	    0.55960	
4	1	  0.0018810	  0.0050365	     272.02	   0.053810	-9.7531e+92	-9.7531e+92	   0.049158	  0.0010796	     0.0000	     0.0000	  -0.011977	    0.62381	
4	2	    0.22505	    0.60259	     91.235	     1.7721	-9.7531e+92	-9.7531e+92	    0.22316	   0.081409	    0.11776	    0.15124	    -2.2884	    -1.4760	
4	3	    0.17267	    0.46232	     82.606	     2.0469	-9.7531e+92	-9.7531e+92	    0.18064	   0.043088	    0.14056	    0.27972	    -2.0466	    -1.5036	
4	4	     0.0000	     0.0000	     0.0000	     3.0000	-9.7531e+92	-9.7531e+92	     1.4417	     0.0000	     1.4015	     0.0000	     0.0000	     0.0000	
4	5	  0.0083931	   0.022473	     147.08	    0.52816	-9.7531e+92	-9.7531e+92	  0.0098083	  0.0050814	     0.0000	  0.0017524	  -0.081604	  -0.019241	
4	6	  0.0073750	   0.019747	     179.35	    0.26441	-9.7531e+92	-9.7531e+92	   0.046945	  0.0039783	     0.0000	  -0.011440	  -0.068544	     1.0135	
4	7	 8.2129e-05	 0.00021990	     209.16	    0.14897	-9.7531e+92	-9.7531e+92	   0.025592	 8.7297e-05	     0.0000	     0.0000	 -0.0014178	    0.51322	
4	8	 1.0591e-05	 2.8359e-05	     186.41	    0.22946	-9.7531e+92	-9.7531e+92	 0.00043923	 4.7153e-05	     0.0000	 -0.0010553	-0.00077226	  0.0026231	
4	9	 0.00013651	 0.00036552	     223.28	    0.11603	-9.7531e+92	-9.7531e+92	   0.019858	 0.00011781	     0.0000	   -0.13917	 -0.0019443	    0.49257	
4	10	 6.1961e-15	 1.6590e-14	     204.61	    0.16194	-9.7531e+92	-9.7531e+92	 9.3742e-05	 4.0756e-05	     0.0000	-2.9620e-05	-0.00067540	 3.0859e-05	
4	11	 3.4749e-15	 9.3044e-15	     218.09	    0.12699	-9.7531e+92	-9.7531e+92	 0.00010622	 4.0796e-05	     0.0000	-4.8718e-05	-0.00067743	 0.00020916	
4	12	 1.4886e-06	 3.9858e-06	     165.11	    0.35583	-9.7531e+92	-9.7531e+92	 0.00013189	 4.0872e-05	     0.0000	-5.3356e-05	-0.00067125	 5.2415e-05	
4	13	   0.022923	   0.061377	     217.30	    0.12878	-9.7531e+92	-9.7531e+92	   0.075372	   0.012824	     0.0000	     0.0000	   -0.15010	    0.48335	
4	14	    0.13767	    0.36861	     184.55	    0.23808	-9.7531e+92	-9.7531e+92	    0.17992	   0.074985	     0.0000	   0.010158	    -1.0377	   -0.14067	
4	15	   0.087997	    0.23562	     106.18	     1.3210	-9.7531e+92	-9.7531e+92	   0.097920	   0.043298	   0.050868	    0.20056	   -0.80415	   -0.51738	
4	16	 2.6140e-15	 6.9991e-15	     75.439	     2.2661	-9.7531e+92	-9.7531e+92	 8.9231e-05	 3.9506e-05	     0.0000	 2.5128e-08	-0.00065995	-3.6089e-08	
4	17	    0.24567	    0.65779	     73.525	     2.3215	-9.7531e+92	-9.7531e+92	    0.17764	   0.078023	    0.16741	     1.0000	    -1.0140	   -0.61066	
4	18	  0.0099584	   0.026664	     186.18	    0.23049	-9.7531e+92	-9.7531e+92	   0.039060	  0.0056166	     0.0000	   -0.44052	  -0.085863	    0.58789	
4	19	  0.0077657	   0.020793	     119.82	    0.98008	-9.7531e+92	-9.7531e+92	  0.0082530	  0.0041487	  0.0072757	   0.028826	  -0.065461	  -0.050242	
4	20	  0.0023060	  0.0061746	     135.08	    0.69295	-9.7531e+92	-9.7531e+92	  0.0026142	  0.0013743	  0.0016262	  0.0075181	  -0.022614	  -0.015756	
4	21	 1.7197e-08	 4.6046e-08	     253.96	   0.070430	-9.7531e+92	-9.7531e+92	  0.0091767	 3.9375e-05	     0.0000	   -0.10131	-0.00064031	    0.32714	
4	22	   0.068934	    0.18457	     82.638	     2.0459	-9.7531e+92	-9.7531e+92	   0.056103	   0.023613	   0.052412	    0.27520	   -0.31048	   -0.19418	
4	23	 2.4371e-15	 6.5254e-15	     212.30	    0.14074	-9.7531e+92	-9.7531e+92	 0.00027781	 4.0736e-05	     0.0000	-0.00047440	-0.00067300	  0.0073995	
4	24	 1.1688e-14	 3.1296e-14	     253.16	   0.071301	-9.7531e+92	-9.7531e+92	 0.00012549	 4.0872e-05	     0.0000	-2.7737e-05	-0.00067592	  0.0017971	
5	0	   0.034582	   0.043869	     169.69	    0.32292	-9.7531e+92	-9.7531e+92	   0.044557	  0.0060364	     0.0000	-8.9078e-05	   -0.39213	    0.80484	
5	1	   0.068116	   0.086410	     161.91	    0.38106	-9.7531e+92	-9.7531e+92	   0.058158	   0.011731	     0.0000	     0.0000	   -0.76833	    0.62331	
5	2	   0.015221	   0.019309	     120.45	    0.96633	-9.7531e+92	-9.7531e+92	   0.017595	  0.0028113	     0.0000	  -0.026205	   -0.19516	    0.27194	
5	3	  0.0015414	  0.0019554	     167.87	    0.33554	-9.7531e+92	-9.7531e+92	  0.0034417	 0.00029354	     0.0000	  -0.026634	  -0.020315	    0.14898	
5	4	  0.0015800	  0.0020043	     147.08	    0.52816	-9.7531e+92	-9.7531e+92	  0.0032794	 0.00029020	     0.0000	  -0.031377	  -0.021437	    0.15330	
5	5	     0.0000	     0.0000	     0.0000	     3.0000	-9.7531e+92	-9.7531e+92	    0.63862	     0.0000	    0.63112	     0.0000	     0.0000	     0.0000	
5	6	    0.22848	    0.28984	     72.218	     2.3585	-9.7531e+92	-9.7531e+92	    0.13233	   0.037658	     0.0000	     0.0000	    -3.0072	   -0.93969	
5	7	    0.11747	    0.14902	     89.752	     1.8194	-9.7531e+92	-9.7531e+92	   0.058741	   0.021829	     0.0000	     0.0000	    -1.5705	   -0.57308	
5	8	   0.026291	   0.033351	     54.235	     2.7611	-9.7531e+92	-9.7531e+92	  0.0088487	  0.0038305	  0.0083263	  0.0015668	   -0.29967	   -0.25685	
5	9	 0.00078132	 0.00099116	     134.70	    0.69890	-9.7531e+92	-9.7531e+92	   0.017719	 0.00015672	     0.0000	  -0.032713	  -0.011369	    0.76798	
5	10	 2.4366e-06	 3.0910e-06	     93.726	     1.6933	-9.7531e+92	-9.7531e+92	 5.1572e-05	 1.1964e-05	     0.0000	-1.6103e-06	-0.00085682	 1.5675e-05	
5	11	 0.00012039	 0.00015273	     77.490	     2.2050	-9.7531e+92	-9.7531e+92	 0.00011800	 3.3318e-05	 1.0481e-07	 1.3767e-05	 -0.0023584	 -0.0010486	
5	12	 8.8568e-05	 0.00011236	     80.590	     2.1100	-9.7531e+92	-9.7531e+92	 9.6134e-05	 2.4460e-05	 1.3529e-06	 7.5506e-05	 -0.0017276	-0.00077838	
5	13	    0.13341	    0.16923	     125.66	    0.85869	-9.7531e+92	-9.7531e+92	   0.078857	   0.023251	     0.0000	     0.0000	    -1.5329	   -0.15310	
5	14	    0.14318	    0.18164	     108.09	     1.2686	-9.7531e+92	-9.7531e+92	   0.078989	   0.025408	     0.0000	  0.0030195	    -1.7162	   -0.31844	
5	15	  0.0062736	  0.0079584	     104.94	     1.3557	-9.7531e+92	-9.7531e+92	  0.0069675	  0.0012087	     0.0000	  -0.013606	  -0.085243	    0.13337	
5	16	 1.1913e-14	 1.5112e-14	     71.546	     2.3771	-9.7531e+92	-9.7531e+92	 4.2276e-05	 1.2781e-05	     0.0000	 5.0650e-09	-0.00088146	-5.2375e-08	
5	17	 3.1730e-15	 4.0252e-15	     219.60	    0.12368	-9.7531e+92	-9.7531e+92	 0.00045241	 1.2714e-05	     0.0000	  -0.012029	-0.00091712	   0.045484	
5	18	    0.18829	    0.23886	     53.346	     2.7752	-9.7531e+92	-9.7531e+92	   0.096082	   0.032253	     0.0000	    0.10565	    -2.4148	    -1.0218	
5	19	  0.0055980	  0.0071014	     64.874	     2.5486	-9.7531e+92	-9.7531e+92	  0.0019474	 0.00083002	  0.0014844	  0.0021330	  -0.062722	  -0.050914	
5	20	   0.024489	   0.031066	     39.691	     2.9273	-9.7531e+92	-9.7531e+92	  0.0079962	  0.0037790	  0.0075281	  0.0045434	   -0.28440	   -0.24469	
5	21	 0.00028939	 0.00036711	     132.91	    0.72808	-9.7531e+92	-9.7531e+92	   0.011574	 6.6858e-05	     0.0000	  -0.023889	 -0.0047776	    0.51104	
5	22	 5.0967e-08	 6.4655e-08	     151.89	    0.47454	-9.7531e+92	-9.7531e+92	 0.00017873	 1.2559e-05	     0.0000	 -0.0037192	-0.00089477	   0.015671	
5	23	  0.0041815	  0.0053045	     65.633	     2.5304	-9.7531e+92	-9.7531e+92	  0.0016928	 0.00078858	 0.00042140	 6.3449e-05	  -0.056030	  -0.038050	
5	24	 9.2600e-06	 1.1747e-05	     106.34	     1.3165	-9.7531e+92	-9.7531e+92	 0.00010710	 1.4735e-05	     0.0000	-6.0217e-06	 -0.0010375	  0.0026315	
6	0	    0.13259	    0.28283	     105.31	     1.3454	-9.7531e+92	-9.7531e+92	    0.12434	    0.21009	     0.0000	 4.7443e-05	    0.61234	   0.057353	
6	1	    0.10657	    0.22732	     96.519	     1.6061	-9.7531e+92	-9.7531e+92	    0.12165	    0.16144	     0.0000	     0.0000	    0.40571	  -0.077514	
6	2	   0.089686	    0.19130	     118.53	     1.0087	-9.7531e+92	-9.7531e+92	   0.064727	    0.18679	     0.0000	    0.13073	    0.51777	    0.13959	
6	3	 0.00060790	  0.0012967	     180.81	    0.25667	-9.7531e+92	-9.7531e+92	  0.0085914	  0.0014626	     0.0000	  -0.068206	  0.0043339	  -0.040414	
6	4	 0.00032038	 0.00068339	     179.35	    0.26441	-9.7531e+92	-9.7531e+92	  0.0081769	 0.00083240	     0.0000	  -0.082569	  0.0020480	  -0.039526	
6	5	   0.025478	   0.054346	     72.218	     2.3585	-9.7531e+92	-9.7531e+92	   0.016133	   0.043925	  0.0035195	  0.0077175	    0.14934	   0.050202	
6	6	     0.0000	     0.0000	     0.0000	     3.0000	-9.7531e+92	-9.7531e+92	     1.1704	     0.0000	    0.85604	     0.0000	     0.0000	     0.0000	
6	7	   0.055157	    0.11765	     34.871	     2.9563	-9.7531e+92	-9.7531e+92	   0.068963	   0.097536	     0.0000	     0.0000	    0.27724	  -0.035378	
6	8	 0.00018399	 0.00039246	     109.28	     1.2365	-9.7531e+92	-9.7531e+92	 0.00048391	 0.00046454	     0.0000	-0.00028449	  0.0014216	-0.00040412	
6	9	   0.014211	   0.030313	     62.827	     2.5956	-9.7531e+92	-9.7531e+92	   0.044148	   0.027492	     0.0000	  -0.062123	   0.063298	   -0.13332	
6	10	 3.0902e-07	 6.5915e-07	     153.37	    0.45919	-9.7531e+92	-9.7531e+92	 7.3363e-05	 0.00013675	     0.0000	-1.5520e-05	 0.00032064	-8.7738e-06	
6	11	 1.2980e-05	 2.7687e-05	     117.04	     1.0431	-9.7531e+92	-9.7531e+92	 9.3113e-05	 0.00015570	     0.0000	-1.3770e-05	 0.00040149	-3.2942e-05	
6	12	 4.3181e-07	 9.2108e-07	     152.49	    0.46823	-9.7531e+92	-9.7531e+92	 7.5370e-05	 0.00013077	     0.0000	-2.9264e-05	 0.00036364	-1.8824e-05	
6	13	    0.20018	    0.42698	     53.773	     2.7685	-9.7531e+92	-9.7531e+92	    0.16283	    0.34077	     0.0000	     0.0000	     1.2076	    0.26033	
6	14	    0.15071	    0.32147	     41.508	     2.9135	-9.7531e+92	-9.7531e+92	    0.13966	    0.25252	     0.0000	  0.0090333	    0.72419	    0.11342	
6	15	  0.0041334	  0.0088167	     96.746	     1.5991	-9.7531e+92	-9.7531e+92	   0.011669	  0.0089204	     0.0000	  -0.038743	   0.017844	  -0.034390	
6	16	 1.6668e-14	 3.5554e-14	     111.89	     1.1685	-9.7531e+92	-9.7531e+92	 7.1085e-05	 0.00014978	     0.0000	 1.4382e-08	 0.00022123	 1.0816e-08	
6	17	 2.6526e-14	 5.6582e-14	     251.72	   0.072906	-9.7531e+92	-9.7531e+92	  0.0010931	 0.00015627	     0.0000	  -0.028847	 0.00017611	 -0.0093086	
6	18	    0.20533	    0.43799	     36.723	     2.9464	-9.7531e+92	-9.7531e+92	    0.15648	    0.15359	     0.0000	     0.0000	  -0.054341	     0.0000	
6	19	 4.8857e-06	 1.0421e-05	     133.74	    0.71443	-9.7531e+92	-9.7531e+92	 0.00018344	 0.00014293	     0.0000	-0.00090323	 0.00036847	-0.00073145	
6	20	 0.00025310	 0.00053987	     111.59	     1.1762	-9.7531e+92	-9.7531e+92	 0.00045843	 0.00063828	     0.0000	-0.00010625	  0.0015777	-0.00012388	
6	21	   0.012168	   0.025955	     78.899	     2.1621	-9.7531e+92	-9.7531e+92	   0.030158	   0.023897	     0.0000	  -0.041469	   0.054810	  -0.080888	
6	22	 1.6519e-14	 3.5237e-14	     216.08	    0.13159	-9.7531e+92	-9.7531e+92	 0.00039387	 0.00015666	     0.0000	 -0.0093772	 0.00020574	 -0.0032694	
6	23	  0.0023905	  0.0050991	     73.330	     2.3271	-9.7531e+92	-9.7531e+92	  0.0017993	  0.0046594	     0.0000	 0.00041791	   0.013212	  0.0036073	
6	24	 1.0272e-05	 2.1911e-05	     108.13	     1.2674	-9.7531e+92	-9.7531e+92	 0.00019302	 0.00014613	     0.0000	-6.1799e-06	 0.00040723	-0.00053619	
7	0	    0.13143	    0.20502	     80.265	     2.1201	-9.7531e+92	-9.7531e+92	   0.094497	    0.11222	     0.0000	     0.0000	     1.3000	     0.0000	
7	1	    0.13512	    0.21077	     75.481	     2.2648	-9.7531e+92	-9.7531e+92	   0.099220	    0.10905	     0.0000	     0.0000	     1.2153	     0.0000	
7	2	  0.0046430	  0.0072425	     153.12	    0.46179	-9.7531e+92	-9.7531e+92	   0.013920	  0.0049984	     0.0000	     0.0000	   0.054280	     0.0000	
7	3	 5.5510e-05	 8.6589e-05	     215.68	    0.13250	-9.7531e+92	-9.7531e+92	  0.0024252	 0.00013672	     0.0000	     0.0000	  0.0014452	     0.0000	
7	4	 1.6307e-05	 2.5437e-05	     209.16	    0.14897	-9.7531e+92	-9.7531e+92	  0.0019474	 9.2770e-05	     0.0000	     0.0000	 0.00095463	     0.0000	
7	5	  0.0029405	  0.0045867	     89.752	     1.8194	-9.7531e+92	-9.7531e+92	  0.0033887	  0.0031432	     0.0000	     0.0000	   0.035699	     0.0000	
7	6	   0.070572	    0.11008	     34.871	     2.9563	-9.7531e+92	-9.7531e+92	    0.11320	   0.066441	     0.0000	     0.0000	    0.80342	     0.0000	
7	7	     0.0000	     0.0000	     0.0000	     3.0000	-9.7531e+92	-9.7531e+92	    0.80905	     0.0000	    0.70177	     0.0000	     0.0000	     0.0000	
7	8	 0.00061719	 0.00096274	     109.89	     1.2203	-9.7531e+92	-9.7531e+92	 0.00040166	 0.00079442	     0.0000	     0.0000	  0.0076345	     0.0000	
7	9	   0.016785	   0.026182	     64.406	     2.5596	-9.7531e+92	-9.7531e+92	   0.033884	   0.016956	     0.0000	     0.0000	    0.19086	     0.0000	
7	10	 3.1155e-07	 4.8597e-07	     153.29	    0.46001	-9.7531e+92	-9.7531e+92	 5.3520e-05	 8.1141e-05	     0.0000	     0.0000	 0.00072723	     0.0000	
7	11	 3.0325e-05	 4.7302e-05	     112.26	     1.1591	-9.7531e+92	-9.7531e+92	 7.3644e-05	 0.00010968	     0.0000	     0.0000	  0.0011058	     0.0000	
7	12	 1.5481e-07	 2.4149e-07	     158.06	    0.41430	-9.7531e+92	-9.7531e+92	 5.4285e-05	 8.1840e-05	     0.0000	     0.0000	 0.00072352	     0.0000	
7	13	    0.20847	    0.32519	     57.312	     2.7078	-9.7531e+92	-9.7531e+92	    0.12168	    0.15050	     0.0000	     0.0000	     1.4545	     0.0000	
7	14	    0.11221	    0.17503	     65.464	     2.5345	-9.7531e+92	-9.7531e+92	   0.083764	   0.093143	     0.0000	     0.0000	     1.0333	     0.0000	
7	15	 0.00075890	  0.0011838	     131.62	    0.74982	-9.7531e+92	-9.7531e+92	  0.0053037	 0.00092978	     0.0000	     0.0000	  0.0092085	     0.0000	
7	16	 5.8137e-15	 9.0686e-15	     137.28	    0.65913	-9.7531e+92	-9.7531e+92	 5.1984e-05	 7.7700e-05	     0.0000	     0.0000	 0.00077358	     0.0000	
7	17	 4.1119e-15	 6.4140e-15	     281.54	   0.047004	-9.7531e+92	-9.7531e+92	 0.00029663	 8.0871e-05	     0.0000	     0.0000	 0.00070396	     0.0000	
7	18	    0.27206	    0.42439	     38.248	     2.9371	-9.7531e+92	-9.7531e+92	    0.14047	    0.28735	     0.0000	     0.0000	     3.1381	     0.0000	
7	19	 1.5174e-06	 2.3670e-06	     154.38	    0.44913	-9.7531e+92	-9.7531e+92	 8.3081e-05	 8.2065e-05	     0.0000	     0.0000	 0.00074785	     0.0000	
7	20	 2.4960e-05	 3.8935e-05	     126.68	    0.83907	-9.7531e+92	-9.7531e+92	 0.00014045	 0.00010673	     0.0000	     0.0000	  0.0010293	     0.0000	
7	21	   0.043137	   0.067288	     44.967	     2.8822	-9.7531e+92	-9.7531e+92	   0.034684	   0.045096	     0.0000	     0.0000	    0.48773	     0.0000	
7	22	 1.0579e-14	 1.6503e-14	     241.36	   0.085874	-9.7531e+92	-9.7531e+92	 0.00013065	 8.2701e-05	     0.0000	     0.0000	 0.00071006	     0.0000	
7	23	 0.00066440	  0.0010364	     58.677	     2.6821	-9.7531e+92	-9.7531e+92	 0.00067789	 0.00081975	     0.0000	     0.0000	  0.0083181	     0.0000	
7	24	 0.00045673	 0.00071243	     84.614	     1.9834	-9.7531e+92	-9.7531e+92	 0.00031766	 0.00058503	     0.0000	     0.0000	  0.0060390	     0.0000	
8	0	    0.19402	    0.13211	     172.11	    0.30693	-9.7531e+92	-9.7531e+92	   0.046992	  0.0087370	     0.0000	 3.6501e-05	    -1.0845	   -0.43442	
8	1	   0.022648	   0.015421	     184.58	    0.23797	-9.7531e+92	-9.7531e+92	   0.021021	  0.0010156	     0.0000	     0.0000	   -0.12625	    0.58828	
8	2	  0.0014210	 0.00096757	     174.51	    0.29198	-9.7531e+92	-9.7531e+92	  0.0056999	 6.9628e-05	     0.0000	  -0.017112	 -0.0092573	    0.23149	
8	3	 2.2338e-05	 1.5210e-05	     221.29	    0.12010	-9.7531e+92	-9.7531e+92	  0.0010342	 4.1716e-06	     0.0000	  -0.012324	-0.00054825	   0.089919	
8	4	 7.8112e-05	 5.3187e-05	     186.41	    0.22946	-9.7531e+92	-9.7531e+92	 0.00098729	 6.5491e-06	     0.0000	  -0.014553	-0.00091678	   0.092259	
8	5	    0.23529	    0.16021	     54.235	     2.7611	-9.7531e+92	-9.7531e+92	   0.041565	  0.0098374	   0.037539	  0.0056528	    -1.4971	    -1.4316	
8	6	   0.086280	   0.058748	     109.28	     1.2365	-9.7531e+92	-9.7531e+92	   0.057061	  0.0037978	     0.0000	-0.00042460	   -0.55317	    0.38490	
8	7	   0.010489	  0.0071417	     109.89	     1.2203	-9.7531e+92	-9.7531e+92	   0.013525	 0.00049649	     0.0000	     0.0000	  -0.068486	    0.37121	
8	8	     0.0000	     0.0000	     0.0000	     3.0000	-9.7531e+92	-9.7531e+92	    0.34122	     0.0000	    0.34094	     0.0000	     0.0000	     0.0000	
8	9	 4.8785e-06	 3.3218e-06	     171.65	    0.30991	-9.7531e+92	-9.7531e+92	  0.0088250	 3.3369e-06	     0.0000	  -0.013751	-0.00046586	    0.41972	
8	10	 0.00068189	 0.00046430	     44.054	     2.8911	-9.7531e+92	-9.7531e+92	 0.00014645	 2.0134e-05	 9.8431e-05	 0.00014170	 -0.0024822	 -0.0021682	
8	11	  0.0038575	  0.0026266	     32.525	     2.9668	-9.7531e+92	-9.7531e+92	 0.00069676	 0.00017693	 0.00063348	 0.00041852	  -0.024383	  -0.023353	
8	12	  0.0022893	  0.0015588	     55.069	     2.7473	-9.7531e+92	-9.7531e+92	 0.00042388	 9.2558e-05	 0.00037301	  0.0011480	  -0.012939	  -0.012259	
8	13	   0.032453	   0.022097	     162.59	    0.37553	-9.7531e+92	-9.7531e+92	   0.025007	  0.0014777	     0.0000	     0.0000	   -0.18334	    0.47463	
8	14	   0.097552	   0.066424	     146.54	    0.53466	-9.7531e+92	-9.7531e+92	   0.035243	  0.0044560	     0.0000	-0.00064894	   -0.57334	   0.089599	
8	15	 4.1836e-05	 2.8486e-05	     159.01	    0.40580	-9.7531e+92	-9.7531e+92	  0.0022307	 5.2052e-06	     0.0000	 -0.0087794	-0.00070849	    0.11186	
8	16	 5.8936e-14	 4.0129e-14	     112.87	     1.1438	-9.7531e+92	-9.7531e+92	 2.2692e-05	 3.1915e-06	     0.0000	 2.1580e-09	-0.00043031	-2.8168e-08	
8	17	 2.5117e-14	 1.7103e-14	     258.50	   0.065716	-9.7531e+92	-9.7531e+92	 0.00014633	 3.1740e-06	     0.0000	 -0.0050060	-0.00044432	   0.024528	
8	18	    0.28557	    0.19445	     75.421	     2.2666	-9.7531e+92	-9.7531e+92	   0.067106	   0.012938	 0.00073873	   0.093218	    -1.7778	    -1.1469	
8	19	  0.0048478	  0.0033009	     80.536	     2.1117	-9.7531e+92	-9.7531e+92	  0.0010205	 0.00022579	 0.00077198	  0.0020029	  -0.031745	  -0.028844	
8	20	   0.014234	  0.0096918	     51.987	     2.7958	-9.7531e+92	-9.7531e+92	  0.0030238	 0.00052828	  0.0027726	  0.0023669	  -0.081407	  -0.077651	
8	21	  0.0024199	  0.0016477	     132.38	    0.73687	-9.7531e+92	-9.7531e+92	  0.0064401	 0.00011755	     0.0000	 -0.0094350	  -0.016180	    0.26240	
8	22	 2.0336e-07	 1.3847e-07	     168.70	    0.32968	-9.7531e+92	-9.7531e+92	 6.5612e-05	 3.2293e-06	     0.0000	 -0.0016085	-0.00044313	  0.0085373	
8	23	  0.0038767	  0.0026397	     54.810	     2.7517	-9.7531e+92	-9.7531e+92	 0.00094167	 0.00019030	 0.00025927	 0.00011141	  -0.025947	  -0.018994	
8	24	  0.0019203	  0.0013075	     77.960	     2.1908	-9.7531e+92	-9.7531e+92	 0.00039059	 9.7046e-05	 0.00019100	 1.7438e-05	  -0.013165	  -0.011020	
9	0	    0.16147	    0.24068	     86.890	     1.9108	-9.7531e+92	-9.7531e+92	    0.10577	    0.11193	     0.0000	     0.0000	     1.7402	     0.0000	
9	1	    0.58654	    0.87427	     55.376	     2.7421	-9.7531e+92	-9.7531e+92	    0.25816	    0.40453	   0.063816	     0.0000	     6.3216	     0.0000	
9	2	  0.0019017	  0.0028346	     133.64	    0.71608	-9.7531e+92	-9.7531e+92	  0.0096682	  0.0020466	     0.0000	     0.0000	   0.030494	     0.0000	
9	3	 0.00016067	 0.00023948	     191.41	    0.20802	-9.7531e+92	-9.7531e+92	  0.0018743	 0.00024942	     0.0000	     0.0000	  0.0035888	     0.0000	
9	4	 1.8124e-05	 2.7014e-05	     223.28	    0.11603	-9.7531e+92	-9.7531e+92	  0.0014150	 9.2896e-05	     0.0000	     0.0000	  0.0013174	     0.0000	
9	5	 0.00026636	 0.00039702	     134.70	    0.69890	-9.7531e+92	-9.7531e+92	  0.0015825	 0.00037298	     0.0000	     0.0000	  0.0050779	     0.0000	
9	6	   0.022225	   0.033128	     62.827	     2.5956	-9.7531e+92	-9.7531e+92	   0.059050	   0.021080	     0.0000	     0.0000	    0.34324	     0.0000	
9	7	  0.0081406	   0.012134	     64.406	     2.5596	-9.7531e+92	-9.7531e+92	   0.035135	  0.0083733	     0.0000	     0.0000	    0.12657	     0.0000	
9	8	 2.4142e-06	 3.5984e-06	     171.65	    0.30991	-9.7531e+92	-9.7531e+92	 0.00011844	 7.8835e-05	     0.0000	     0.0000	  0.0010458	     0.0000	
9	9	     0.0000	     0.0000	     0.0000	     3.0000	-9.7531e+92	-9.7531e+92	    0.78293	     0.0000	    0.68482	     0.0000	     0.0000	     0.0000	
9	10	 3.5325e-16	 5.2654e-16	     215.04	    0.13402	-9.7531e+92	-9.7531e+92	 5.0801e-05	 7.9108e-05	     0.0000	     0.0000	 0.00099359	     0.0000	
9	11	 6.9366e-10	 1.0339e-09	     175.31	    0.28718	-9.7531e+92	-9.7531e+92	 5.7340e-05	 7.5060e-05	     0.0000	     0.0000	  0.0010117	     0.0000	
9	12	 2.1583e-16	 3.2170e-16	     214.99	    0.13415	-9.7531e+92	-9.7531e+92	 5.1332e-05	 8.0517e-05	     0.0000	     0.0000	 0.00098715	     0.0000	
9	13	    0.12661	    0.18872	     9.0540	     2.9998	-9.7531e+92	-9.7531e+92	   0.090831	   0.093234	     0.0000	     0.0000	     1.4956	     0.0000	
9	14	   0.072697	    0.10836	     38.749	     2.9339	-9.7531e+92	-9.7531e+92	   0.069961	   0.063725	     0.0000	     0.0000	     1.0429	     0.0000	
9	15	 0.00055160	 0.00082219	     117.55	     1.0311	-9.7531e+92	-9.7531e+92	  0.0043219	 0.00068245	     0.0000	     0.0000	  0.0094343	     0.0000	
9	16	 2.1251e-16	 3.1676e-16	     159.83	    0.39862	-9.7531e+92	-9.7531e+92	 4.9673e-05	 7.2531e-05	     0.0000	     0.0000	  0.0011088	     0.0000	
9	17	 2.6178e-16	 3.9020e-16	     293.28	   0.040011	-9.7531e+92	-9.7531e+92	 0.00022782	 7.8688e-05	     0.0000	     0.0000	 0.00098391	     0.0000	
9	18	   0.015970	   0.023805	     96.665	     1.6016	-9.7531e+92	-9.7531e+92	   0.042259	   0.016890	     0.0000	     0.0000	    0.25067	     0.0000	
9	19	 2.1684e-08	 3.2321e-08	     193.08	    0.20137	-9.7531e+92	-9.7531e+92	 7.0246e-05	 7.9520e-05	     0.0000	     0.0000	 0.00099568	     0.0000	
9	20	 5.0074e-07	 7.4638e-07	     174.09	    0.29453	-9.7531e+92	-9.7531e+92	 9.2410e-05	 7.8371e-05	     0.0000	     0.0000	  0.0010093	     0.0000	
9	21	  0.0033488	  0.0049915	     83.320	     2.0244	-9.7531e+92	-9.7531e+92	   0.026078	  0.0032628	     0.0000	     0.0000	   0.053069	     0.0000	
9	22	 3.8358e-16	 5.7174e-16	     266.14	   0.058633	-9.7531e+92	-9.7531e+92	 0.00010743	 8.0645e-05	     0.0000	     0.0000	 0.00098743	     0.0000	
9	23	 8.5140e-05	 0.00012691	     121.73	    0.93874	-9.7531e+92	-9.7531e+92	 0.00040355	 0.00016868	     0.0000	     0.0000	  0.0023132	     0.0000	
9	24	 3.6604e-06	 5.4560e-06	     149.07	    0.50520	-9.7531e+92	-9.7531e+92	 0.00014377	 7.7142e-05	     0.0000	     0.0000	  0.0010764	     0.0000	
10	0	   0.031861	   0.010505	     210.64	    0.14503	-9.7531e+92	-9.7531e+92	   0.010303	 8.5252e-05	     0.0000	-1.4765e-06	  -0.013525	   0.034164	
10	1	   0.017608	  0.0058054	     228.04	    0.10699	-9.7531e+92	-9.7531e+92	  0.0083030	 4.6784e-05	     0.0000	     0.0000	 -0.0074527	   0.046337	
10	2	  0.0012643	 0.00041685	     213.20	    0.13850	-9.7531e+92	-9.7531e+92	  0.0024988	 3.7883e-06	     0.0000	-0.00066510	-0.00062128	   0.017297	
10	3	 8.9224e-06	 2.9419e-06	     258.79	   0.065432	-9.7531e+92	-9.7531e+92	 0.00047836	 2.1598e-07	     0.0000	-0.00047750	-3.4973e-05	  0.0067045	
10	4	 0.00017667	 5.8250e-05	     204.61	    0.16194	-9.7531e+92	-9.7531e+92	 0.00085649	 6.7970e-07	     0.0000	-0.00056013	-0.00011536	  0.0068094	
10	5	   0.068136	   0.022465	     93.726	     1.6933	-9.7531e+92	-9.7531e+92	   0.010358	 0.00020543	  0.0084082	 0.00015760	  -0.033264	  -0.029551	
10	6	   0.010239	  0.0033758	     153.37	    0.45919	-9.7531e+92	-9.7531e+92	   0.019963	 2.7876e-05	     0.0000	-4.2772e-05	 -0.0049392	   0.064011	
10	7	  0.0014949	 0.00049291	     153.29	    0.46001	-9.7531e+92	-9.7531e+92	  0.0045654	 4.5325e-06	     0.0000	     0.0000	-0.00075742	   0.031758	
10	8	    0.27516	   0.090725	     44.054	     2.8911	-9.7531e+92	-9.7531e+92	   0.023272	 0.00081439	   0.023136	  0.0031154	   -0.13392	   -0.13038	
10	9	 8.5092e-06	 2.8056e-06	     215.04	    0.13402	-9.7531e+92	-9.7531e+92	  0.0030444	 2.1370e-07	     0.0000	-0.00053224	-3.6563e-05	   0.031106	
10	10	     0.0000	     0.0000	     0.0000	     3.0000	-9.7531e+92	-9.7531e+92	    0.16492	     0.0000	    0.16490	     0.0000	     0.0000	     0.0000	
10	11	   0.065793	   0.021693	     46.926	     2.8613	-9.7531e+92	-9.7531e+92	  0.0054964	 0.00017031	  0.0054658	 0.00031828	  -0.027748	  -0.026921	
10	12	   0.042651	   0.014063	     46.012	     2.8713	-9.7531e+92	-9.7531e+92	  0.0035661	 8.5714e-05	  0.0035415	 0.00046309	  -0.012696	  -0.012164	
10	13	   0.086906	   0.028654	     205.99	    0.15786	-9.7531e+92	-9.7531e+92	   0.014843	 0.00023475	     0.0000	     0.0000	  -0.037135	   0.013043	
10	14	   0.038428	   0.012670	     190.48	    0.21181	-9.7531e+92	-9.7531e+92	   0.011478	 0.00010546	     0.0000	-0.00012057	  -0.017052	   0.032184	
10	15	 9.2140e-06	 3.0380e-06	     197.67	    0.18443	-9.7531e+92	-9.7531e+92	 0.00083688	 2.2467e-07	     0.0000	-0.00034046	-3.7018e-05	  0.0083038	
10	16	 8.3772e-15	 2.7621e-15	     147.94	    0.51817	-9.7531e+92	-9.7531e+92	 1.0988e-05	 2.0245e-07	     0.0000	 8.4941e-11	-2.0283e-05	-1.2998e-09	
10	17	 1.3685e-14	 4.5120e-15	     270.72	   0.054831	-9.7531e+92	-9.7531e+92	 0.00011743	 1.9843e-07	     0.0000	-0.00019383	-3.3122e-05	  0.0018142	
10	18	    0.23722	   0.078214	     118.82	     1.0023	-9.7531e+92	-9.7531e+92	   0.031360	 0.00066194	     0.0000	  0.0026802	   -0.11074	  -0.063395	
10	19	   0.055110	   0.018170	     85.643	     1.9506	-9.7531e+92	-9.7531e+92	  0.0048226	 0.00016737	  0.0047023	  0.0011044	  -0.027111	  -0.026269	
10	20	   0.041121	   0.013558	     74.457	     2.2947	-9.7531e+92	-9.7531e+92	  0.0040423	 0.00012165	  0.0039206	 0.00054206	  -0.019966	  -0.019293	
10	21	 0.00042390	 0.00013976	     171.26	    0.31241	-9.7531e+92	-9.7531e+92	  0.0020901	 1.4187e-06	     0.0000	-0.00038292	-0.00023850	   0.020390	
10	22	 3.5302e-07	 1.1639e-07	     176.66	    0.27933	-9.7531e+92	-9.7531e+92	 5.9406e-05	 2.0414e-07	     0.0000	-6.2838e-05	-3.3194e-05	 0.00063218	
10	23	   0.025036	  0.0082546	     95.614	     1.6342	-9.7531e+92	-9.7531e+92	  0.0022189	 7.5870e-05	  0.0018884	 4.5195e-05	  -0.012365	  -0.011580	
10	24	  0.0013459	 0.00044377	     102.71	     1.4197	-9.7531e+92	-9.7531e+92	 0.00017558	 4.2788e-06	 7.8933e-05	 4.9415e-07	-0.00069743	-0.00053902	
11	0	   0.058042	   0.022676	     167.10	    0.34103	-9.7531e+92	-9.7531e+92	   0.015475	 0.00038108	     0.0000	-3.3050e-06	   -0.13796	    0.13363	
11	1	   0.086933	   0.033963	     185.20	    0.23505	-9.7531e+92	-9.7531e+92	   0.019450	 0.00056650	     0.0000	     0.0000	   -0.20565	    0.10232	
11	2	 0.00063359	 0.00024753	     197.83	    0.18388	-9.7531e+92	-9.7531e+92	  0.0031067	 4.8214e-06	     0.0000	 -0.0022524	 -0.0018239	    0.10010	
11	3	 2.6438e-06	 1.0329e-06	     244.71	   0.081388	-9.7531e+92	-9.7531e+92	 0.00057962	 4.7858e-07	     0.0000	 -0.0015914	-0.00017902	   0.038200	
11	4	 2.5103e-05	 9.8072e-06	     218.09	    0.12699	-9.7531e+92	-9.7531e+92	 0.00047602	 6.1558e-07	     0.0000	 -0.0018853	-0.00024275	   0.039137	
11	5	   0.097306	   0.038016	     77.490	     2.2050	-9.7531e+92	-9.7531e+92	   0.010581	 0.00069740	  0.0082703	 0.00075572	   -0.26443	   -0.24656	
11	6	   0.024360	  0.0095171	     117.04	     1.0431	-9.7531e+92	-9.7531e+92	   0.025861	 0.00015907	     0.0000	-0.00012784	  -0.065246	    0.32657	
11	7	   0.027187	   0.010622	     112.26	     1.1591	-9.7531e+92	-9.7531e+92	  0.0099990	 0.00018977	     0.0000	     0.0000	  -0.073624	    0.11163	
11	8	   0.036430	   0.014233	     32.525	     2.9668	-9.7531e+92	-9.7531e+92	  0.0038427	 0.00024698	  0.0036818	  0.0012989	  -0.098883	  -0.097079	
11	9	 4.2970e-05	 1.6788e-05	     175.31	    0.28718	-9.7531e+92	-9.7531e+92	  0.0057990	 7.5175e-07	     0.0000	 -0.0017722	-0.00029688	    0.17669	
11	10	  0.0064591	  0.0025235	     46.926	     2.8613	-9.7531e+92	-9.7531e+92	 0.00064599	 2.0462e-05	 0.00061843	 0.00013345	  -0.012857	  -0.012597	
11	11	     0.0000	     0.0000	     0.0000	     3.0000	-9.7531e+92	-9.7531e+92	    0.19538	     0.0000	    0.19535	     0.0000	     0.0000	     0.0000	
11	12	  0.0010882	 0.00042513	     77.218	     2.2132	-9.7531e+92	-9.7531e+92	 0.00013886	 7.6982e-06	 0.00010967	 9.5220e-05	 -0.0030743	 -0.0028549	
11	13	    0.21340	   0.083374	     166.60	    0.34470	-9.7531e+92	-9.7531e+92	   0.030423	  0.0014154	     0.0000	     0.0000	   -0.51065	   -0.22581	
11	14	    0.12904	   0.050412	     157.91	    0.41563	-9.7531e+92	-9.7531e+92	   0.022297	 0.00086315	     0.0000	 8.5647e-05	   -0.31984	  -0.039156	
11	15	 6.7827e-06	 2.6499e-06	     182.32	    0.24896	-9.7531e+92	-9.7531e+92	  0.0013296	 5.2116e-07	     0.0000	 -0.0011344	-0.00019957	   0.047194	
11	16	 8.9907e-16	 3.5125e-16	     142.85	    0.58099	-9.7531e+92	-9.7531e+92	 1.3020e-05	 4.5409e-07	     0.0000	 2.1899e-10	-6.8816e-05	-4.5051e-09	
11	17	 1.4215e-15	 5.5537e-16	     290.18	   0.041722	-9.7531e+92	-9.7531e+92	 7.2802e-05	 4.7170e-07	     0.0000	-0.00064575	-0.00018434	   0.010302	
11	18	    0.29220	    0.11416	     81.269	     2.0888	-9.7531e+92	-9.7531e+92	   0.038346	  0.0019609	 0.00026648	   0.012445	   -0.76111	   -0.50300	
11	19	 0.00044976	 0.00017571	     108.78	     1.2499	-9.7531e+92	-9.7531e+92	 0.00012856	 3.7390e-06	     0.0000	 1.0229e-05	 -0.0014200	-0.00041206	
11	20	  0.0043720	  0.0017081	     83.734	     2.0113	-9.7531e+92	-9.7531e+92	 0.00062799	 3.0806e-05	 0.00048383	 0.00017760	  -0.012086	  -0.011002	
11	21	  0.0062399	  0.0024378	     128.65	    0.80225	-9.7531e+92	-9.7531e+92	  0.0043397	 4.3894e-05	     0.0000	 -0.0011036	  -0.017074	    0.10025	
11	22	 9.9481e-09	 3.8866e-09	     200.45	    0.17499	-9.7531e+92	-9.7531e+92	 3.2654e-05	 4.8281e-07	     0.0000	-0.00020960	-0.00018389	  0.0035911	
11	23	  0.0085561	  0.0033427	     53.605	     2.7712	-9.7531e+92	-9.7531e+92	 0.00095989	 6.0601e-05	 0.00056835	 4.3854e-05	  -0.023535	  -0.020651	
11	24	  0.0072208	  0.0028211	     56.094	     2.7297	-9.7531e+92	-9.7531e+92	 0.00073785	 5.2002e-05	 0.00062333	 8.8992e-06	  -0.019983	  -0.019046	
12	0	  0.0075750	  0.0026152	     226.76	    0.10933	-9.7531e+92	-9.7531e+92	  0.0067323	 3.5018e-05	     0.0000	-4.1642e-06	 -0.0042649	   0.058544	
12	1	   0.010938	  0.0037763	     231.78	    0.10046	-9.7531e+92	-9.7531e+92	  0.0072531	 5.0007e-05	     0.0000	     0.0000	 -0.0061121	   0.065017	
12	2	   0.013052	  0.0045062	     181.48	    0.25322	-9.7531e+92	-9.7531e+92	  0.0044670	 6.3115e-05	     0.0000	-0.00099865	 -0.0081242	   0.015939	
12	3	 6.0241e-05	 2.0797e-05	     227.10	    0.10870	-9.7531e+92	-9.7531e+92	 0.00090366	 6.1137e-07	     0.0000	 -0.0010345	-7.7810e-05	  0.0089093	
12	4	   0.017618	  0.0060823	     165.11	    0.35583	-9.7531e+92	-9.7531e+92	  0.0029834	 8.2515e-05	     0.0000	 0.00021910	  -0.011131	 -0.0016415	
12	5	    0.19323	   0.066709	     80.590	     2.1100	-9.7531e+92	-9.7531e+92	   0.020201	 0.00097146	   0.018159	 0.00099433	   -0.12527	   -0.11896	
12	6	   0.012235	  0.0042239	     152.49	    0.46823	-9.7531e+92	-9.7531e+92	   0.025658	 5.6193e-05	     0.0000	-9.1644e-05	 -0.0078354	   0.084317	
12	7	 0.00057932	 0.00020000	     158.06	    0.41430	-9.7531e+92	-9.7531e+92	  0.0045266	 3.1600e-06	     0.0000	     0.0000	-0.00041675	   0.043060	
12	8	   0.088298	   0.030484	     55.069	     2.7473	-9.7531e+92	-9.7531e+92	  0.0086424	 0.00042502	  0.0085002	  0.0020912	  -0.056039	  -0.054649	
12	9	 2.5736e-07	 8.8850e-08	     214.99	    0.13415	-9.7531e+92	-9.7531e+92	  0.0024402	 3.2177e-07	     0.0000	 -0.0011576	-4.3303e-05	   0.041618	
12	10	   0.016689	  0.0057618	     46.012	     2.8713	-9.7531e+92	-9.7531e+92	  0.0014615	 4.1076e-05	  0.0014372	 0.00024029	 -0.0024361	 -0.0022153	
12	11	  0.0078316	  0.0027038	     77.218	     2.2132	-9.7531e+92	-9.7531e+92	 0.00076991	 3.9587e-05	 0.00073782	 0.00011032	 -0.0051070	 -0.0049481	
12	12	     0.0000	     0.0000	     0.0000	     3.0000	-9.7531e+92	-9.7531e+92	    0.17270	     0.0000	    0.17267	     0.0000	     0.0000	     0.0000	
12	13	   0.030786	   0.010629	     205.94	    0.15802	-9.7531e+92	-9.7531e+92	   0.010994	 0.00014280	     0.0000	     0.0000	  -0.017368	   0.048214	
12	14	   0.013896	  0.0047974	     188.63	    0.21964	-9.7531e+92	-9.7531e+92	   0.010201	 6.5252e-05	     0.0000	-0.00034835	 -0.0081758	   0.056848	
12	15	 2.9876e-05	 1.0314e-05	     166.81	    0.34315	-9.7531e+92	-9.7531e+92	  0.0010274	 4.8013e-07	     0.0000	-0.00073955	-6.2638e-05	   0.011098	
12	16	 1.7745e-15	 6.1264e-16	     115.95	     1.0685	-9.7531e+92	-9.7531e+92	 1.1505e-05	 3.4096e-07	     0.0000	 1.9858e-10	-4.2790e-05	-2.7972e-09	
12	17	 3.6442e-14	 1.2581e-14	     225.22	    0.11223	-9.7531e+92	-9.7531e+92	 0.00038032	 3.3031e-07	     0.0000	-0.00042062	-4.4082e-05	  0.0024302	
12	18	    0.38093	    0.13151	     120.73	    0.96010	-9.7531e+92	-9.7531e+92	   0.043358	  0.0017939	  0.0097076	   0.011827	   -0.23590	   -0.17164	
12	19	   0.082186	   0.028374	     44.530	     2.8865	-9.7531e+92	-9.7531e+92	  0.0073321	 0.00038830	  0.0072061	  0.0032297	  -0.050980	  -0.049708	
12	20	    0.12343	   0.042615	     45.010	     2.8817	-9.7531e+92	-9.7531e+92	   0.011178	 0.00059174	   0.011051	  0.0033941	  -0.077675	  -0.075870	
12	21	 9.5339e-06	 3.2915e-06	     187.39	    0.22505	-9.7531e+92	-9.7531e+92	  0.0015917	 3.7274e-07	     0.0000	-0.00084078	-4.9339e-05	   0.027541	
12	22	 9.1991e-05	 3.1759e-05	     131.16	    0.75767	-9.7531e+92	-9.7531e+92	 0.00015843	 7.8784e-07	     0.0000	-0.00012321	-0.00010307	 0.00077779	
12	23	 0.00052770	 0.00018218	     109.85	     1.2215	-9.7531e+92	-9.7531e+92	 0.00020563	 3.0370e-06	     0.0000	-1.6997e-06	-0.00039206	 0.00026420	
12	24	 4.0100e-06	 1.3844e-06	     132.31	    0.73810	-9.7531e+92	-9.7531e+92	 3.1606e-05	 3.6175e-07	     0.0000	-2.2229e-07	-4.6751e-05	 0.00014399	
13	0	    0.12581	    0.92931	     86.013	     1.9388	-9.7531e+92	-9.7531e+92	    0.47340	    0.14873	     0.0000	     0.0000	    0.28748	     0.0000	
13	1	    0.21846	     1.6136	     57.043	     2.7128	-9.7531e+92	-9.7531e+92	    0.66230	    0.26364	     0.0000	     0.0000	    0.68056	     0.0000	
13	2	   0.038161	    0.28187	     127.66	    0.82064	-9.7531e+92	-9.7531e+92	    0.11744	   0.054544	     0.0000	     0.0000	    0.15326	     0.0000	
13	3	  0.0016098	   0.011890	     188.65	    0.21955	-9.7531e+92	-9.7531e+92	   0.019489	  0.0025564	     0.0000	     0.0000	  0.0077037	     0.0000	
13	4	 6.2765e-05	 0.00046362	     217.30	    0.12878	-9.7531e+92	-9.7531e+92	   0.015609	 0.00020774	     0.0000	     0.0000	 0.00060384	     0.0000	
13	5	  0.0037124	   0.027422	     125.66	    0.85869	-9.7531e+92	-9.7531e+92	   0.015277	  0.0059407	     0.0000	     0.0000	   0.016754	     0.0000	
13	6	   0.068502	    0.50599	     53.773	     2.7685	-9.7531e+92	-9.7531e+92	    0.38585	   0.088057	     0.0000	     0.0000	    0.28942	     0.0000	
13	7	    0.18084	     1.3358	     57.312	     2.7078	-9.7531e+92	-9.7531e+92	    0.44620	    0.25471	     0.0000	     0.0000	    0.82383	     0.0000	
13	8	 3.3570e-05	 0.00024797	     162.59	    0.37553	-9.7531e+92	-9.7531e+92	 0.00085511	 0.00017136	     0.0000	     0.0000	 0.00037416	     0.0000	
13	9	    0.13048	    0.96377	     9.0540	     2.9998	-9.7531e+92	-9.7531e+92	    0.36648	    0.18354	     0.0000	     0.0000	    0.57060	     0.0000	
13	10	 9.7658e-15	 7.2136e-14	     205.99	    0.15786	-9.7531e+92	-9.7531e+92	 0.00025211	 0.00011570	     0.0000	     0.0000	 0.00026223	     0.0000	
13	11	 2.5863e-07	 1.9104e-06	     166.60	    0.34470	-9.7531e+92	-9.7531e+92	 0.00029290	 0.00010428	     0.0000	     0.0000	 0.00035098	     0.0000	
13	12	 9.1869e-15	 6.7859e-14	     205.94	    0.15802	-9.7531e+92	-9.7531e+92	 0.00025551	 0.00011950	     0.0000	     0.0000	 0.00022677	     0.0000	
13	13	     0.0000	     0.0000	     0.0000	     3.0000	-9.7531e+92	-9.7531e+92	     3.9345	     0.0000	     3.0616	     0.0000	     0.0000	     0.0000	
13	14	   0.086801	    0.64116	     32.765	     2.9658	-9.7531e+92	-9.7531e+92	    0.36702	    0.11668	     0.0000	     0.0000	    0.36939	     0.0000	
13	15	  0.0033308	   0.024603	     111.52	     1.1779	-9.7531e+92	-9.7531e+92	   0.029815	  0.0051260	     0.0000	     0.0000	   0.015362	     0.0000	
13	16	 1.4236e-14	 1.0515e-13	     153.85	    0.45440	-9.7531e+92	-9.7531e+92	 0.00024616	 0.00011338	     0.0000	     0.0000	 0.00028575	     0.0000	
13	17	 1.0031e-14	 7.4098e-14	     287.27	   0.043413	-9.7531e+92	-9.7531e+92	  0.0022044	 0.00011769	     0.0000	     0.0000	 0.00020347	     0.0000	
13	18	   0.059632	    0.44047	     87.611	     1.8878	-9.7531e+92	-9.7531e+92	    0.30362	   0.088896	     0.0000	     0.0000	    0.27550	     0.0000	
13	19	 2.4057e-07	 1.7770e-06	     184.51	    0.23831	-9.7531e+92	-9.7531e+92	 0.00042410	 0.00011654	     0.0000	     0.0000	 0.00025373	     0.0000	
13	20	 2.8032e-06	 2.0706e-05	     165.04	    0.35635	-9.7531e+92	-9.7531e+92	 0.00059115	 0.00011556	     0.0000	     0.0000	 0.00030085	     0.0000	
13	21	   0.082192	    0.60711	     76.619	     2.2311	-9.7531e+92	-9.7531e+92	    0.23941	    0.11480	     0.0000	     0.0000	    0.37230	     0.0000	
13	22	 4.2344e-14	 3.1277e-13	     260.15	   0.064098	-9.7531e+92	-9.7531e+92	 0.00086803	 0.00012108	     0.0000	     0.0000	 0.00020897	     0.0000	
13	23	 0.00034442	  0.0025440	     113.01	     1.1402	-9.7531e+92	-9.7531e+92	  0.0025730	 0.00063385	     0.0000	     0.0000	  0.0021127	     0.0000	
13	24	 3.0404e-05	 0.00022458	     142.21	    0.58941	-9.7531e+92	-9.7531e+92	 0.00082281	 0.00016057	     0.0000	     0.0000	 0.00038353	     0.0000	
14	0	    0.14388	    0.83173	     114.85	     1.0949	-9.7531e+92	-9.7531e+92	    0.35521	    0.19887	     0.0000	     0.0000	    0.89238	     0.0000	
14	1	    0.19906	     1.1507	     88.839	     1.8485	-9.7531e+92	-9.7531e+92	    0.46033	    0.28247	     0.0000	     0.0000	     1.4396	     0.0000	
14	2	   0.065041	    0.37598	     97.273	     1.5829	-9.7531e+92	-9.7531e+92	    0.15469	   0.086460	     0.0000	     0.0000	    0.39512	     0.0000	
14	3	  0.0073448	   0.042458	     161.01	    0.38854	-9.7531e+92	-9.7531e+92	   0.041539	   0.011426	     0.0000	     0.0000	   0.052763	     0.0000	
14	4	 0.00038768	  0.0022410	     184.55	    0.23808	-9.7531e+92	-9.7531e+92	   0.024723	 0.00071245	     0.0000	     0.0000	  0.0034828	     0.0000	
14	5	  0.0019672	   0.011371	     108.09	     1.2686	-9.7531e+92	-9.7531e+92	   0.010421	  0.0036275	     0.0000	     0.0000	   0.016195	     0.0000	
14	6	    0.10408	    0.60165	     41.508	     2.9135	-9.7531e+92	-9.7531e+92	    0.36052	    0.15758	     0.0000	     0.0000	    0.81429	     0.0000	
14	7	    0.13922	    0.80476	     65.464	     2.5345	-9.7531e+92	-9.7531e+92	    0.29034	    0.23985	     0.0000	     0.0000	     1.0868	     0.0000	
14	8	 7.7085e-05	 0.00044560	     146.54	    0.53466	-9.7531e+92	-9.7531e+92	 0.00069512	 0.00026858	     0.0000	     0.0000	  0.0011078	     0.0000	
14	9	   0.064417	    0.37237	     38.749	     2.9339	-9.7531e+92	-9.7531e+92	    0.19049	    0.10829	     0.0000	     0.0000	    0.49656	     0.0000	
14	10	 7.3704e-15	 4.2605e-14	     190.48	    0.21181	-9.7531e+92	-9.7531e+92	 0.00019730	 0.00013335	     0.0000	     0.0000	 0.00046399	     0.0000	
14	11	 2.0931e-06	 1.2100e-05	     157.91	    0.41563	-9.7531e+92	-9.7531e+92	 0.00022966	 0.00012738	     0.0000	     0.0000	 0.00054356	     0.0000	
14	12	 7.8094e-16	 4.5143e-15	     188.63	    0.21964	-9.7531e+92	-9.7531e+92	 0.00020034	 0.00013523	     0.0000	     0.0000	 0.00044969	     0.0000	
14	13	   0.089641	    0.51818	     32.765	     2.9658	-9.7531e+92	-9.7531e+92	    0.31044	    0.13690	     0.0000	     0.0000	    0.76716	     0.0000	
14	14	     0.0000	     0.0000	     0.0000	     3.0000	-9.7531e+92	-9.7531e+92	     3.0727	     0.0000	     2.4195	     0.0000	     0.0000	     0.0000	
14	15	   0.092049	    0.53210	     78.991	     2.1593	-9.7531e+92	-9.7531e+92	    0.15102	    0.14856	   0.049438	     0.0000	    0.76578	     0.0000	
14	16	 3.0555e-15	 1.7663e-14	     121.20	    0.94999	-9.7531e+92	-9.7531e+92	 0.00019264	 0.00013431	     0.0000	     0.0000	 0.00043457	     0.0000	
14	17	 5.2833e-16	 3.0541e-15	     254.84	   0.069479	-9.7531e+92	-9.7531e+92	  0.0033106	 0.00012342	     0.0000	     0.0000	 0.00048413	     0.0000	
14	18	   0.087283	    0.50455	     78.249	     2.1820	-9.7531e+92	-9.7531e+92	    0.27216	    0.14744	     0.0000	     0.0000	    0.71172	     0.0000	
14	19	 7.3238e-06	 4.2336e-05	     166.55	    0.34505	-9.7531e+92	-9.7531e+92	 0.00041554	 0.00014170	     0.0000	     0.0000	 0.00055912	     0.0000	
14	20	 1.5369e-05	 8.8841e-05	     147.73	    0.52061	-9.7531e+92	-9.7531e+92	 0.00051001	 0.00015343	     0.0000	     0.0000	 0.00064098	     0.0000	
14	21	  0.0053568	   0.030966	     101.18	     1.4647	-9.7531e+92	-9.7531e+92	   0.076316	  0.0093209	     0.0000	     0.0000	   0.041668	     0.0000	
14	22	 4.2822e-15	 2.4754e-14	     227.39	    0.10817	-9.7531e+92	-9.7531e+92	  0.0011690	 0.00012667	     0.0000	     0.0000	 0.00049297	     0.0000	
14	23	 0.00015974	 0.00092342	     114.84	     1.0952	-9.7531e+92	-9.7531e+92	  0.0017137	 0.00040787	     0.0000	     0.0000	  0.0018538	     0.0000	
14	24	 1.2154e-05	 7.0259e-05	     150.00	    0.49487	-9.7531e+92	-9.7531e+92	 0.00055140	 0.00014797	     0.0000	     0.0000	 0.00058677	     0.0000	
15	0	  0.0079773	   0.010702	     189.51	    0.21584	-9.7531e+92	-9.7531e+92	   0.028773	  0.0036110	     0.0000	-0.00024248	   0.023979	   -0.25652	
15	1	   0.010890	   0.014609	     167.83	    0.33581	-9.7531e+92	-9.7531e+92	   0.040495	  0.0049033	     0.0000	     0.0000	   0.033409	   -0.28959	
15	2	    0.29483	    0.39552	     21.827	     2.9932	-9.7531e+92	-9.7531e+92	    0.12071	    0.11254	   0.067901	    0.32489	    0.49136	    0.48032	
15	3	    0.18194	    0.24407	     84.108	     1.9994	-9.7531e+92	-9.7531e+92	   0.076874	   0.047355	   0.056793	    0.14793	  0.0083011	   0.061441	
15	4	   0.026209	   0.035160	     106.18	     1.3210	-9.7531e+92	-9.7531e+92	   0.033465	  0.0090519	   0.013353	   0.031456	   0.044853	   0.019800	
15	5	  0.0016094	  0.0021590	     104.94	     1.3557	-9.7531e+92	-9.7531e+92	  0.0021460	 0.00083321	     0.0000	 -0.0014270	  0.0029808	 -0.0076664	
15	6	   0.027923	   0.037459	     96.746	     1.5991	-9.7531e+92	-9.7531e+92	   0.046709	   0.012382	     0.0000	 -0.0047368	   0.053511	   -0.22552	
15	7	  0.0021225	  0.0028473	     131.62	    0.74982	-9.7531e+92	-9.7531e+92	   0.021540	  0.0010623	     0.0000	     0.0000	  0.0039117	   -0.12220	
15	8	 3.0086e-05	 4.0360e-05	     159.01	    0.40580	-9.7531e+92	-9.7531e+92	 0.00012951	 4.9265e-05	     0.0000	-0.00048249	 0.00015518	-0.00055255	
15	9	  0.0072345	  0.0097053	     117.55	     1.0311	-9.7531e+92	-9.7531e+92	   0.018887	  0.0034938	     0.0000	  -0.060232	   0.012872	   -0.10703	
15	10	 4.7394e-16	 6.3579e-16	     197.67	    0.18443	-9.7531e+92	-9.7531e+92	 4.5811e-05	 3.4523e-05	     0.0000	-1.4408e-05	 9.9797e-05	-6.6509e-06	
15	11	 7.5115e-15	 1.0077e-14	     182.32	    0.24896	-9.7531e+92	-9.7531e+92	 5.1326e-05	 3.3951e-05	     0.0000	-2.3638e-05	 0.00010334	-4.5370e-05	
15	12	 6.9229e-08	 9.2872e-08	     166.81	    0.34315	-9.7531e+92	-9.7531e+92	 4.7356e-05	 3.4491e-05	     0.0000	-3.1581e-05	 0.00010150	-1.3756e-05	
15	13	    0.17271	    0.23170	     111.52	     1.1779	-9.7531e+92	-9.7531e+92	   0.091707	   0.078670	     0.0000	     0.0000	    0.50131	    0.12902	
15	14	    0.18948	    0.25419	     78.991	     2.1593	-9.7531e+92	-9.7531e+92	    0.11015	   0.068582	     0.0000	     0.0000	    0.14206	    0.11509	
15	15	     0.0000	     0.0000	     0.0000	     3.0000	-9.7531e+92	-9.7531e+92	    0.68746	     0.0000	    0.66389	     0.0000	     0.0000	     0.0000	
15	16	 3.9962e-15	 5.3610e-15	     65.362	     2.5370	-9.7531e+92	-9.7531e+92	 4.4707e-05	 3.3056e-05	     0.0000	 1.2159e-08	 0.00015316	 7.7290e-09	
15	17	 4.1931e-08	 5.6251e-08	     175.81	    0.28425	-9.7531e+92	-9.7531e+92	  0.0042992	 2.7237e-05	     0.0000	  -0.017038	 0.00017816	 -0.0083149	
15	18	   0.076667	    0.10285	     116.73	     1.0502	-9.7531e+92	-9.7531e+92	   0.046878	   0.035847	     0.0000	  -0.050990	    0.16610	  -0.041838	
15	19	 5.6076e-05	 7.5227e-05	     131.26	    0.75593	-9.7531e+92	-9.7531e+92	 0.00027370	 6.0052e-05	     0.0000	-0.00060803	 0.00023705	-0.00042266	
15	20	 0.00028846	 0.00038697	     124.66	    0.87845	-9.7531e+92	-9.7531e+92	 0.00024667	 0.00017789	     0.0000	-2.6262e-05	 0.00059410	-2.5084e-05	
15	21	 2.2008e-05	 2.9524e-05	     175.65	    0.28523	-9.7531e+92	-9.7531e+92	  0.0088175	 4.3279e-05	     0.0000	  -0.049129	 0.00015545	  -0.079313	
15	22	 7.7612e-07	 1.0412e-06	     163.21	    0.37056	-9.7531e+92	-9.7531e+92	  0.0013578	 2.9669e-05	     0.0000	 -0.0063062	 0.00015846	 -0.0025201	
15	23	 2.3812e-06	 3.1944e-06	     149.47	    0.50076	-9.7531e+92	-9.7531e+92	 0.00019801	 3.4945e-05	     0.0000	-0.00022959	 0.00010988	 -0.0016220	
15	24	 4.9945e-15	 6.7002e-15	     189.75	    0.21485	-9.7531e+92	-9.7531e+92	 7.5899e-05	 3.4104e-05	     0.0000	-1.3458e-05	 0.00010217	-0.00039235	
16	0	   0.056582	     0.0000	     217.18	    0.12904	-9.7531e+92	-9.7531e+92	     0.0000	 5.6463e-05	     0.0000	     0.0000	-1.2344e-12	     0.0000	
16	1	   0.046042	     0.0000	     207.46	    0.15366	-9.7531e+92	-9.7531e+92	     0.0000	 4.5467e-05	     0.0000	     0.0000	-7.9953e-13	     0.0000	
16	2	   0.013550	     0.0000	     68.097	     2.4691	-9.7531e+92	-9.7531e+92	     0.0000	 1.5220e-05	     0.0000	     0.0000	-2.9029e-13	     0.0000	
16	3	   0.041092	     0.0000	     111.94	     1.1671	-9.7531e+92	-9.7531e+92	     0.0000	 4.6293e-05	     0.0000	     0.0000	-9.3627e-13	     0.0000	
16	4	   0.011400	     0.0000	     75.439	     2.2661	-9.7531e+92	-9.7531e+92	     0.0000	 1.2873e-05	     0.0000	     0.0000	-2.5447e-13	     0.0000	
16	5	   0.029429	     0.0000	     71.546	     2.3771	-9.7531e+92	-9.7531e+92	     0.0000	 3.6048e-05	     0.0000	     0.0000	-6.7602e-13	     0.0000	
16	6	   0.017240	     0.0000	     111.89	     1.1685	-9.7531e+92	-9.7531e+92	     0.0000	 1.8547e-05	     0.0000	     0.0000	-3.8413e-13	     0.0000	
16	7	   0.061166	     0.0000	     137.28	    0.65913	-9.7531e+92	-9.7531e+92	     0.0000	 7.1007e-05	     0.0000	     0.0000	-1.3894e-12	     0.0000	
16	8	  0.0096845	     0.0000	     112.87	     1.1438	-9.7531e+92	-9.7531e+92	     0.0000	 1.2149e-05	     0.0000	     0.0000	-2.2290e-13	     0.0000	
16	9	    0.12308	     0.0000	     159.83	    0.39862	-9.7531e+92	-9.7531e+92	     0.0000	 0.00013793	     0.0000	     0.0000	-2.8040e-12	     0.0000	
16	10	   0.013596	     0.0000	     147.94	    0.51817	-9.7531e+92	-9.7531e+92	     0.0000	 1.7452e-05	     0.0000	     0.0000	-3.2326e-13	     0.0000	
16	11	    0.12491	     0.0000	     142.85	    0.58099	-9.7531e+92	-9.7531e+92	     0.0000	 0.00015577	     0.0000	     0.0000	-2.9712e-12	     0.0000	
16	12	  0.0013102	     0.0000	     115.95	     1.0685	-9.7531e+92	-9.7531e+92	     0.0000	 1.7633e-06	     0.0000	     0.0000	-3.2720e-14	     0.0000	
16	13	   0.093985	     0.0000	     153.85	    0.45440	-9.7531e+92	-9.7531e+92	     0.0000	 9.4949e-05	     0.0000	     0.0000	-1.7002e-12	     0.0000	
16	14	  0.0013655	     0.0000	     121.20	    0.94999	-9.7531e+92	-9.7531e+92	     0.0000	 1.4968e-06	     0.0000	     0.0000	-2.7442e-14	     0.0000	
16	15	   0.057467	     0.0000	     65.362	     2.5370	-9.7531e+92	-9.7531e+92	     0.0000	 6.8524e-05	     0.0000	     0.0000	-1.3104e-12	     0.0000	
16	16	     0.0000	     0.0000	     0.0000	     3.0000	-9.7531e+92	-9.7531e+92	     0.0000	     0.0000	     0.0000	     0.0000	     0.0000	     0.0000	
16	17	   0.014854	     0.0000	     148.25	    0.51453	-9.7531e+92	-9.7531e+92	     0.0000	 1.8273e-05	     0.0000	     0.0000	-1.1291e-13	     0.0000	
16	18	  0.0091280	     0.0000	     110.59	     1.2021	-9.7531e+92	-9.7531e+92	     0.0000	 1.0187e-05	     0.0000	     0.0000	-1.9405e-13	     0.0000	
16	19	  0.0048104	     0.0000	     73.024	     2.3358	-9.7531e+92	-9.7531e+92	     0.0000	 6.1688e-06	     0.0000	     0.0000	-1.1360e-13	     0.0000	
16	20	    0.11088	     0.0000	     74.477	     2.2942	-9.7531e+92	-9.7531e+92	     0.0000	 0.00013929	     0.0000	     0.0000	-2.5365e-12	     0.0000	
16	21	   0.011746	     0.0000	     180.81	    0.25669	-9.7531e+92	-9.7531e+92	     0.0000	 1.3526e-05	     0.0000	     0.0000	-2.6758e-13	     0.0000	
16	22	   0.020098	     0.0000	     106.73	     1.3057	-9.7531e+92	-9.7531e+92	     0.0000	 2.5339e-05	     0.0000	     0.0000	-2.4723e-13	     0.0000	
16	23	    0.10133	     0.0000	     136.77	    0.66684	-9.7531e+92	-9.7531e+92	     0.0000	 0.00012552	     0.0000	     0.0000	-2.2989e-12	     0.0000	
16	24	   0.023615	     0.0000	     177.80	    0.27291	-9.7531e+92	-9.7531e+92	     0.0000	 2.9266e-05	     0.0000	     0.0000	-5.5318e-13	     0.0000	
17	0	 0.00014488	 6.4922e-05	     353.56	   0.019078	-9.7531e+92	-9.7531e+92	  0.0037030	 3.9852e-05	     0.0000	-0.00019730	 7.2777e-05	  -0.065078	
17	1	 0.00043069	 0.00019299	     342.57	   0.021626	-9.7531e+92	-9.7531e+92	  0.0059563	 9.2866e-05	     0.0000	     0.0000	 0.00018180	  -0.076252	
17	2	    0.15708	   0.070389	     160.64	    0.39167	-9.7531e+92	-9.7531e+92	   0.033251	   0.024577	   0.015612	   0.095992	  -0.059221	  0.0074987	
17	3	    0.27005	    0.12101	     122.41	    0.92444	-9.7531e+92	-9.7531e+92	   0.041492	   0.035675	   0.034784	    0.36000	   -0.15662	  -0.028415	
17	4	    0.44098	    0.19760	     73.525	     2.3215	-9.7531e+92	-9.7531e+92	   0.063259	   0.022980	   0.056541	    0.18380	   -0.36858	   -0.18615	
17	5	 0.00039164	 0.00017549	     219.60	    0.12368	-9.7531e+92	-9.7531e+92	 0.00079718	 9.2573e-05	     0.0000	 -0.0013914	-0.00020580	 0.00024559	
17	6	 0.00011459	 5.1350e-05	     251.72	   0.072906	-9.7531e+92	-9.7531e+92	  0.0049364	 3.2980e-05	     0.0000	 -0.0044254	-6.2590e-05	 -0.0054680	
17	7	 3.4634e-12	 1.5519e-12	     281.54	   0.047004	-9.7531e+92	-9.7531e+92	  0.0028500	 1.3116e-05	     0.0000	     0.0000	-2.7861e-05	  0.0011906	
17	8	 2.3331e-12	 1.0454e-12	     258.50	   0.065716	-9.7531e+92	-9.7531e+92	 4.6521e-05	 1.3611e-05	     0.0000	-0.00040058	-3.5031e-05	 3.4812e-05	
17	9	 6.9961e-13	 3.1349e-13	     293.28	   0.040011	-9.7531e+92	-9.7531e+92	  0.0023407	 1.2948e-05	     0.0000	  -0.051293	-2.8482e-05	  0.0015726	
17	10	 4.6375e-12	 2.0781e-12	     270.72	   0.054831	-9.7531e+92	-9.7531e+92	 1.5481e-05	 1.3624e-05	     0.0000	-1.0917e-05	-3.7457e-05	 5.1877e-07	
17	11	 5.5500e-12	 2.4869e-12	     290.18	   0.041722	-9.7531e+92	-9.7531e+92	 1.7182e-05	 1.3643e-05	     0.0000	-1.7918e-05	-3.7497e-05	 3.3750e-06	
17	12	 2.6154e-12	 1.1720e-12	     225.22	    0.11223	-9.7531e+92	-9.7531e+92	 2.0818e-05	 1.3466e-05	     0.0000	-2.4134e-05	-3.4970e-05	 1.0695e-06	
17	13	  0.0056461	  0.0025300	     287.27	   0.043413	-9.7531e+92	-9.7531e+92	  0.0095363	  0.0010798	     0.0000	     0.0000	  0.0016447	  -0.060330	
17	14	   0.016237	  0.0072757	     254.84	   0.069479	-9.7531e+92	-9.7531e+92	   0.018344	  0.0030534	     0.0000	  -0.015071	  0.0011641	  -0.037119	
17	15	   0.036433	   0.016325	     175.81	    0.28425	-9.7531e+92	-9.7531e+92	   0.012769	  0.0066488	  0.0048945	   0.029715	  -0.013615	-0.00071840	
17	16	 1.3100e-12	 5.8699e-13	     148.25	    0.51453	-9.7531e+92	-9.7531e+92	 1.4933e-05	 1.3290e-05	     0.0000	 9.1954e-09	-2.2630e-05	-4.3228e-10	
17	17	     0.0000	     0.0000	     0.0000	     3.0000	-9.7531e+92	-9.7531e+92	    0.23197	     0.0000	    0.23026	     0.0000	     0.0000	     0.0000	
17	18	 0.00061231	 0.00027438	     258.46	   0.065759	-9.7531e+92	-9.7531e+92	  0.0041151	 0.00012820	     0.0000	   -0.17931	-0.00013119	  -0.015207	
17	19	 2.5978e-05	 1.1641e-05	     187.53	    0.22442	-9.7531e+92	-9.7531e+92	 0.00073919	 1.7379e-05	 0.00057564	-0.00042530	-2.9517e-05	 1.1619e-05	
17	20	 1.3242e-12	 5.9337e-13	     207.02	    0.15490	-9.7531e+92	-9.7531e+92	 0.00021551	 1.3229e-05	 5.0159e-05	-0.00041862	-3.1429e-05	 3.3165e-05	
17	21	 8.8748e-14	 3.9768e-14	     326.31	   0.026229	-9.7531e+92	-9.7531e+92	  0.0010922	 1.3163e-05	     0.0000	  -0.037261	-2.8825e-05	  0.0012052	
17	22	   0.071852	   0.032197	     106.10	     1.3231	-9.7531e+92	-9.7531e+92	   0.010516	   0.010293	  0.0098985	    0.15879	   0.025246	   0.044189	
17	23	 1.8140e-12	 8.1286e-13	     284.58	   0.045056	-9.7531e+92	-9.7531e+92	 3.5370e-05	 1.3632e-05	     0.0000	-0.00017448	-3.6474e-05	 0.00010916	
17	24	 2.0975e-12	 9.3988e-13	     325.25	   0.026569	-9.7531e+92	-9.7531e+92	 1.9101e-05	 1.3654e-05	     0.0000	-1.0202e-05	-3.7079e-05	 2.7764e-05	
18	0	  0.0098993	   0.033611	     116.29	     1.0606	-9.7531e+92	-9.7531e+92	    0.10770	   0.011210	     0.0000	-8.6512e-06	   -0.14444	    0.12081	
18	1	  0.0071488	   0.024272	     111.77	     1.1715	-9.7531e+92	-9.7531e+92	    0.10626	  0.0079029	     0.0000	     0.0000	   -0.10634	    0.14143	
18	2	 0.00083102	  0.0028216	     137.27	    0.65930	-9.7531e+92	-9.7531e+92	   0.050503	  0.0012968	     0.0000	 -0.0032976	  -0.013385	   0.049625	
18	3	 2.8491e-06	 9.6736e-06	     199.21	    0.17912	-9.7531e+92	-9.7531e+92	  0.0071504	 0.00010362	     0.0000	 -0.0023418	-0.00099800	   0.018998	
18	4	 3.3370e-06	 1.1330e-05	     186.18	    0.23049	-9.7531e+92	-9.7531e+92	  0.0065790	 0.00010341	     0.0000	 -0.0027790	 -0.0010882	   0.019584	
18	5	  0.0015343	  0.0052095	     53.346	     2.7752	-9.7531e+92	-9.7531e+92	   0.013259	  0.0020735	     0.0000	-5.4296e-05	  -0.025070	  0.0058537	
18	6	    0.89774	     3.0481	     36.723	     2.9464	-9.7531e+92	-9.7531e+92	    0.84558	     1.0000	    0.34520	  0.0011455	    -14.369	   -0.99565	
18	7	  0.0029506	   0.010018	     38.248	     2.9371	-9.7531e+92	-9.7531e+92	   0.060289	  0.0034966	     0.0000	     0.0000	  -0.046928	   0.088613	
18	8	 0.00020107	 0.00068270	     75.421	     2.2666	-9.7531e+92	-9.7531e+92	 0.00063137	 0.00033509	     0.0000	-7.7696e-06	 -0.0039088	 0.00019282	
18	9	 0.00049611	  0.0016844	     96.665	     1.6016	-9.7531e+92	-9.7531e+92	   0.038900	 0.00076161	     0.0000	 -0.0025898	 -0.0093191	   0.088071	
18	10	 2.8752e-07	 9.7623e-07	     118.82	     1.0023	-9.7531e+92	-9.7531e+92	 0.00011646	 8.8159e-05	     0.0000	-4.6750e-07	-0.00096683	 4.9582e-06	
18	11	 7.6286e-06	 2.5901e-05	     81.269	     2.0888	-9.7531e+92	-9.7531e+92	 0.00014326	 9.4041e-05	     0.0000	-6.0434e-07	 -0.0010667	 2.5272e-05	
18	12	 4.4604e-08	 1.5145e-07	     120.73	    0.96010	-9.7531e+92	-9.7531e+92	 0.00011850	 8.1172e-05	     0.0000	-1.3596e-07	-0.00087353	 1.0504e-06	
18	13	   0.024287	   0.082461	     87.611	     1.8878	-9.7531e+92	-9.7531e+92	    0.14589	   0.028798	     0.0000	     0.0000	   -0.33549	    0.10932	
18	14	   0.053622	    0.18206	     78.249	     2.1820	-9.7531e+92	-9.7531e+92	    0.15279	   0.063839	     0.0000	-0.00047082	   -0.80458	   0.072165	
18	15	 0.00013051	 0.00044314	     116.73	     1.0502	-9.7531e+92	-9.7531e+92	   0.011250	 0.00028623	     0.0000	 -0.0016575	 -0.0032612	   0.023532	
18	16	 1.3402e-15	 4.5503e-15	     110.59	     1.2021	-9.7531e+92	-9.7531e+92	 0.00011315	 0.00010279	     0.0000	 4.6659e-10	 -0.0011606	-6.2049e-09	
18	17	 4.9265e-15	 1.6727e-14	     258.46	   0.065759	-9.7531e+92	-9.7531e+92	 0.00093676	 0.00010702	     0.0000	-0.00095028	 -0.0012109	  0.0051896	
18	18	     0.0000	     0.0000	     0.0000	     3.0000	-9.7531e+92	-9.7531e+92	     1.8176	     0.0000	     1.4867	     0.0000	     0.0000	     0.0000	
18	19	 3.7406e-07	 1.2700e-06	     118.15	     1.0174	-9.7531e+92	-9.7531e+92	 0.00021288	 9.0583e-05	     0.0000	-2.9931e-05	 -0.0010151	 0.00041065	
18	20	 6.7866e-05	 0.00023043	     90.275	     1.8027	-9.7531e+92	-9.7531e+92	 0.00048584	 0.00017720	     0.0000	-1.6084e-05	 -0.0020139	 0.00032325	
18	21	 0.00092439	  0.0031386	     79.511	     2.1434	-9.7531e+92	-9.7531e+92	   0.026270	  0.0013388	     0.0000	 -0.0018553	  -0.016271	   0.057492	
18	22	 1.8087e-15	 6.1411e-15	     205.13	    0.16037	-9.7531e+92	-9.7531e+92	 0.00037569	 0.00010650	     0.0000	-0.00030869	 -0.0011695	  0.0018083	
18	23	 0.00010967	 0.00037237	     36.898	     2.9454	-9.7531e+92	-9.7531e+92	  0.0015081	 0.00022254	     0.0000	-7.7568e-06	 -0.0025733	  0.0011401	
18	24	 4.6808e-05	 0.00015893	     74.739	     2.2865	-9.7531e+92	-9.7531e+92	 0.00025871	 0.00014116	     0.0000	-1.5453e-07	 -0.0016313	 0.00023743	
19	0	  0.0013406	 0.00077391	     234.49	   0.096052	-9.7531e+92	-9.7531e+92	   0.010233	 4.3445e-05	     0.0000	-3.3778e-05	 -0.0036147	    0.28260	
19	1	  0.0060790	  0.0035093	     226.57	    0.10968	-9.7531e+92	-9.7531e+92	   0.013088	 0.00018817	     0.0000	     0.0000	  -0.015698	    0.30845	
19	2	   0.069839	   0.040317	     139.30	    0.62950	-9.7531e+92	-9.7531e+92	   0.018795	  0.0021130	     0.0000	  0.0079111	   -0.20276	  -0.085284	
19	3	  0.0047342	  0.0027329	     184.07	    0.24039	-9.7531e+92	-9.7531e+92	  0.0058136	 0.00014051	     0.0000	 -0.0048191	  -0.013804	   0.028251	
19	4	    0.14691	   0.084809	     119.82	    0.98008	-9.7531e+92	-9.7531e+92	   0.025257	  0.0036101	   0.016602	   0.063135	   -0.43657	   -0.37882	
19	5	    0.24890	    0.14368	     64.874	     2.5486	-9.7531e+92	-9.7531e+92	   0.037827	  0.0079224	   0.034413	  0.0090291	   -0.74986	   -0.70901	
19	6	   0.067023	   0.038691	     133.74	    0.71443	-9.7531e+92	-9.7531e+92	   0.040035	  0.0020190	     0.0000	-0.00040214	   -0.20025	    0.23242	
19	7	 0.00049499	 0.00028575	     154.38	    0.44913	-9.7531e+92	-9.7531e+92	  0.0086472	 1.8129e-05	     0.0000	     0.0000	 -0.0017008	    0.19995	
19	8	   0.011080	  0.0063962	     80.536	     2.1117	-9.7531e+92	-9.7531e+92	  0.0024938	 0.00036253	  0.0022561	  0.0019867	  -0.033844	  -0.031597	
19	9	 2.5557e-06	 1.4754e-06	     193.08	    0.20137	-9.7531e+92	-9.7531e+92	  0.0047802	 2.2060e-06	     0.0000	 -0.0088737	-0.00021027	    0.19305	
19	10	 0.00026408	 0.00015245	     85.643	     1.9506	-9.7531e+92	-9.7531e+92	 6.6642e-05	 9.5609e-06	 2.5930e-05	 9.7066e-05	-0.00080190	-0.00060690	
19	11	 0.00030418	 0.00017560	     108.78	     1.2499	-9.7531e+92	-9.7531e+92	 8.6778e-05	 1.2385e-05	 3.3128e-05	 3.1565e-05	 -0.0011506	-0.00083597	
19	12	  0.0036102	  0.0020841	     44.530	     2.8865	-9.7531e+92	-9.7531e+92	 0.00055685	 9.8030e-05	 0.00051372	  0.0012661	 -0.0077766	 -0.0072889	
19	13	   0.057491	   0.033188	     184.51	    0.23831	-9.7531e+92	-9.7531e+92	   0.022835	  0.0017905	     0.0000	     0.0000	   -0.14934	    0.15299	
19	14	   0.072238	   0.041701	     166.55	    0.34505	-9.7531e+92	-9.7531e+92	   0.027584	  0.0022501	     0.0000	 -0.0011001	   -0.19631	    0.10745	
19	15	   0.021942	   0.012667	     131.26	    0.75593	-9.7531e+92	-9.7531e+92	  0.0068022	 0.00070337	     0.0000	  0.0013859	  -0.066914	  -0.012961	
19	16	 1.3553e-14	 7.8238e-15	     73.024	     2.3358	-9.7531e+92	-9.7531e+92	 1.9238e-05	 2.2080e-06	     0.0000	 1.5292e-09	-0.00020285	-1.3121e-08	
19	17	 4.7516e-09	 2.7430e-09	     187.53	    0.22442	-9.7531e+92	-9.7531e+92	  0.0031414	 1.9601e-06	 0.00093569	 -0.0027782	-0.00020292	   0.011082	
19	18	    0.23368	    0.13490	     118.15	     1.0174	-9.7531e+92	-9.7531e+92	   0.047678	  0.0072630	     0.0000	   0.043549	   -0.67582	   -0.38069	
19	19	     0.0000	     0.0000	     0.0000	     3.0000	-9.7531e+92	-9.7531e+92	    0.28903	     0.0000	    0.28882	     0.0000	     0.0000	     0.0000	
19	20	   0.048171	   0.027808	     28.400	     2.9806	-9.7531e+92	-9.7531e+92	  0.0075397	  0.0014858	  0.0073267	  0.0096830	   -0.13998	   -0.13449	
19	21	 1.7090e-05	 9.8655e-06	     197.71	    0.18427	-9.7531e+92	-9.7531e+92	  0.0028273	 2.7125e-06	     0.0000	 -0.0064439	-0.00025460	    0.12774	
19	22	  0.0057638	  0.0033273	     93.933	     1.6868	-9.7531e+92	-9.7531e+92	  0.0018341	 0.00012035	  0.0010383	  0.0017879	  -0.012434	 -0.0090791	
19	23	 0.00011688	 6.7471e-05	     121.29	    0.94810	-9.7531e+92	-9.7531e+92	 0.00021255	 6.1515e-06	     0.0000	-2.5541e-05	-0.00056980	  0.0024607	
19	24	 2.8753e-06	 1.6599e-06	     150.08	    0.49393	-9.7531e+92	-9.7531e+92	 3.4422e-05	 2.3382e-06	     0.0000	-1.7367e-06	-0.00021658	 0.00067290	
20	0	  0.0021703	  0.0012762	     206.61	    0.15606	-9.7531e+92	-9.7531e+92	   0.013140	 6.7598e-05	     0.0000	-3.2642e-05	 -0.0091478	    0.44990	
20	1	   0.029704	   0.017467	     199.20	    0.17914	-9.7531e+92	-9.7531e+92	   0.018632	 0.00089200	     0.0000	     0.0000	   -0.12114	    0.40100	
20	2	   0.096765	   0.056903	     139.77	    0.62284	-9.7531e+92	-9.7531e+92	   0.019931	  0.0029883	     0.0000	   0.015908	   -0.44043	   -0.25461	
20	3	 0.00066609	 0.00039169	     185.64	    0.23299	-9.7531e+92	-9.7531e+92	  0.0031917	 2.2398e-05	     0.0000	 -0.0072526	 -0.0032991	   0.062570	
20	4	   0.036262	   0.021324	     135.08	    0.69295	-9.7531e+92	-9.7531e+92	  0.0083191	  0.0010352	     0.0000	   0.012374	   -0.16815	  -0.096179	
20	5	    0.19461	    0.11444	     39.691	     2.9273	-9.7531e+92	-9.7531e+92	   0.031380	  0.0051870	   0.027903	  0.0033206	   -0.89785	   -0.84959	
20	6	   0.033740	   0.019841	     111.59	     1.1762	-9.7531e+92	-9.7531e+92	   0.037725	 0.00099357	     0.0000	-0.00046030	   -0.15813	    0.51937	
20	7	   0.020257	   0.011912	     126.68	    0.83907	-9.7531e+92	-9.7531e+92	   0.012682	 0.00064318	     0.0000	     0.0000	  -0.096296	    0.22444	
20	8	   0.087752	   0.051603	     51.987	     2.7958	-9.7531e+92	-9.7531e+92	   0.013419	  0.0026157	   0.013177	   0.011731	   -0.40917	   -0.39772	
20	9	 3.0086e-05	 1.7692e-05	     174.09	    0.29453	-9.7531e+92	-9.7531e+92	  0.0062272	 3.0259e-06	     0.0000	 -0.0086348	-0.00045969	    0.30469	
20	10	 0.00088147	 0.00051835	     74.457	     2.2947	-9.7531e+92	-9.7531e+92	 0.00015956	 2.6933e-05	 0.00011809	 0.00030084	 -0.0040646	 -0.0036670	
20	11	  0.0026754	  0.0015733	     83.734	     2.0113	-9.7531e+92	-9.7531e+92	 0.00045101	 8.8028e-05	 0.00039636	 0.00024792	  -0.013136	  -0.012404	
20	12	  0.0026831	  0.0015778	     45.010	     2.8817	-9.7531e+92	-9.7531e+92	 0.00043983	 6.1257e-05	 0.00039589	 0.00062904	 -0.0091763	 -0.0086375	
20	13	    0.12001	   0.070570	     165.04	    0.35635	-9.7531e+92	-9.7531e+92	   0.032307	  0.0036593	     0.0000	     0.0000	   -0.49540	 -0.0068766	
20	14	    0.10541	   0.061988	     147.73	    0.52061	-9.7531e+92	-9.7531e+92	   0.032235	  0.0032247	     0.0000	-0.00020169	   -0.45306	   0.032281	
20	15	  0.0027007	  0.0015882	     124.66	    0.87845	-9.7531e+92	-9.7531e+92	  0.0032188	 8.8161e-05	     0.0000	 -0.0046572	  -0.013170	   0.068883	
20	16	 6.8003e-14	 3.9989e-14	     74.477	     2.2942	-9.7531e+92	-9.7531e+92	 1.9597e-05	 2.0639e-06	     0.0000	 1.1400e-09	-0.00022270	-1.4370e-08	
20	17	 1.3425e-12	 7.8948e-13	     207.02	    0.15490	-9.7531e+92	-9.7531e+92	  0.0010487	 2.0728e-06	     0.0000	 -0.0030553	-0.00032299	   0.017783	
20	18	    0.24236	    0.14252	     90.275	     1.8027	-9.7531e+92	-9.7531e+92	   0.051093	  0.0073471	     0.0000	   0.045100	    -1.1023	   -0.64220	
20	19	   0.017840	   0.010491	     28.400	     2.9806	-9.7531e+92	-9.7531e+92	  0.0028369	 0.00046355	  0.0026223	  0.0034400	  -0.076983	  -0.073504	
20	20	     0.0000	     0.0000	     0.0000	     3.0000	-9.7531e+92	-9.7531e+92	    0.29464	     0.0000	    0.29442	     0.0000	     0.0000	     0.0000	
20	21	 8.9051e-06	 5.2367e-06	     169.84	    0.32188	-9.7531e+92	-9.7531e+92	  0.0037871	 2.4028e-06	     0.0000	 -0.0062742	-0.00035947	    0.20172	
20	22	 0.00025299	 0.00014877	     116.48	     1.0560	-9.7531e+92	-9.7531e+92	 0.00038936	 9.3622e-06	     0.0000	-0.00071303	 -0.0014771	  0.0047864	
20	23	  0.0032120	  0.0018888	     93.058	     1.7144	-9.7531e+92	-9.7531e+92	 0.00067336	 0.00010712	 8.4015e-05	 5.9169e-05	  -0.015853	  -0.010752	
20	24	 2.7044e-06	 1.5903e-06	     121.85	    0.93617	-9.7531e+92	-9.7531e+92	 5.0437e-05	 2.2865e-06	     0.0000	-1.6770e-06	-0.00033706	  0.0010610	
21	0	    0.55264	    0.80163	     39.458	     2.9290	-9.7531e+92	-9.7531e+92	    0.23441	    0.24121	   0.068142	     0.0000	     3.5334	     0.0000	
21	1	    0.10655	    0.15456	     57.297	     2.7081	-9.7531e+92	-9.7531e+92	   0.085854	   0.050368	     0.0000	     0.0000	    0.78713	     0.0000	
21	2	 0.00029962	 0.00043461	     197.19	    0.18609	-9.7531e+92	-9.7531e+92	  0.0087830	 0.00025891	     0.0000	     0.0000	  0.0038565	     0.0000	
21	3	 2.2979e-05	 3.3333e-05	     259.71	   0.064522	-9.7531e+92	-9.7531e+92	  0.0016874	 6.5689e-05	     0.0000	     0.0000	 0.00095793	     0.0000	
21	4	 1.0485e-06	 1.5209e-06	     253.96	   0.070430	-9.7531e+92	-9.7531e+92	  0.0012863	 4.9287e-05	     0.0000	     0.0000	 0.00070955	     0.0000	
21	5	  0.0010430	  0.0015130	     132.91	    0.72808	-9.7531e+92	-9.7531e+92	  0.0019005	 0.00081793	     0.0000	     0.0000	   0.011410	     0.0000	
21	6	   0.028069	   0.040715	     78.899	     2.1621	-9.7531e+92	-9.7531e+92	   0.062573	   0.017578	     0.0000	     0.0000	    0.29198	     0.0000	
21	7	  0.0067654	  0.0098137	     44.967	     2.8822	-9.7531e+92	-9.7531e+92	   0.031596	  0.0044642	     0.0000	     0.0000	   0.071980	     0.0000	
21	8	 0.00015549	 0.00022554	     132.38	    0.73687	-9.7531e+92	-9.7531e+92	 0.00018268	 0.00016540	     0.0000	     0.0000	  0.0022762	     0.0000	
21	9	   0.011808	   0.017128	     83.320	     2.0244	-9.7531e+92	-9.7531e+92	   0.039663	  0.0073279	     0.0000	     0.0000	    0.12422	     0.0000	
21	10	 4.9607e-09	 7.1957e-09	     171.26	    0.31241	-9.7531e+92	-9.7531e+92	 4.9605e-05	 5.1749e-05	     0.0000	     0.0000	 0.00067221	     0.0000	
21	11	 2.3455e-05	 3.4023e-05	     128.65	    0.80225	-9.7531e+92	-9.7531e+92	 6.5672e-05	 6.6527e-05	     0.0000	     0.0000	 0.00092866	     0.0000	
21	12	 5.1269e-15	 7.4368e-15	     187.39	    0.22505	-9.7531e+92	-9.7531e+92	 5.0069e-05	 5.2669e-05	     0.0000	     0.0000	 0.00066696	     0.0000	
21	13	    0.16753	    0.24301	     76.619	     2.2311	-9.7531e+92	-9.7531e+92	    0.10364	   0.083510	     0.0000	     0.0000	     1.3384	     0.0000	
21	14	   0.066113	   0.095901	     101.18	     1.4647	-9.7531e+92	-9.7531e+92	   0.067187	   0.041371	     0.0000	     0.0000	    0.68473	     0.0000	
21	15	 6.0082e-05	 8.7153e-05	     175.65	    0.28523	-9.7531e+92	-9.7531e+92	  0.0039587	 9.3686e-05	     0.0000	     0.0000	  0.0012978	     0.0000	
21	16	 2.3482e-15	 3.4062e-15	     180.81	    0.25669	-9.7531e+92	-9.7531e+92	 4.8341e-05	 5.0541e-05	     0.0000	     0.0000	 0.00068648	     0.0000	
21	17	 9.6758e-16	 1.4035e-15	     326.31	   0.026229	-9.7531e+92	-9.7531e+92	 0.00021030	 5.1865e-05	     0.0000	     0.0000	 0.00066194	     0.0000	
21	18	   0.057042	   0.082742	     79.511	     2.1434	-9.7531e+92	-9.7531e+92	   0.054730	   0.039440	     0.0000	     0.0000	    0.60021	     0.0000	
21	19	 3.4286e-08	 4.9734e-08	     197.71	    0.18427	-9.7531e+92	-9.7531e+92	 6.9093e-05	 5.2287e-05	     0.0000	     0.0000	 0.00067116	     0.0000	
21	20	 1.3320e-06	 1.9321e-06	     169.84	    0.32188	-9.7531e+92	-9.7531e+92	 9.6250e-05	 5.2239e-05	     0.0000	     0.0000	 0.00068861	     0.0000	
21	21	     0.0000	     0.0000	     0.0000	     3.0000	-9.7531e+92	-9.7531e+92	    0.75083	     0.0000	    0.68766	     0.0000	     0.0000	     0.0000	
21	22	 5.0530e-16	 7.3297e-16	     284.69	   0.044983	-9.7531e+92	-9.7531e+92	 0.00010100	 5.3124e-05	     0.0000	     0.0000	 0.00066445	     0.0000	
21	23	  0.0010868	  0.0015764	     78.648	     2.1698	-9.7531e+92	-9.7531e+92	 0.00093885	 0.00083512	     0.0000	     0.0000	   0.012053	     0.0000	
21	24	 0.00079496	  0.0011531	     85.071	     1.9688	-9.7531e+92	-9.7531e+92	 0.00050209	 0.00060772	 7.6883e-05	     0.0000	  0.0091559	     0.0000	
22	0	 0.00021100	 0.00012091	     321.47	   0.027830	-9.7531e+92	-9.7531e+92	  0.0053135	 1.7931e-05	     0.0000	-6.6670e-05	-0.00022009	   0.080875	
22	1	 0.00025828	 0.00014800	     312.59	   0.031097	-9.7531e+92	-9.7531e+92	  0.0079259	 2.0805e-05	     0.0000	     0.0000	-0.00025395	   0.090718	
22	2	    0.17294	   0.099101	     161.29	    0.38622	-9.7531e+92	-9.7531e+92	   0.042239	  0.0095655	   0.019682	   0.042323	   -0.19291	   -0.12714	
22	3	    0.12713	   0.072848	     164.94	    0.35711	-9.7531e+92	-9.7531e+92	   0.031906	  0.0061518	   0.023328	   0.063044	   -0.14767	   -0.11082	
22	4	    0.46888	    0.26868	     82.638	     2.0459	-9.7531e+92	-9.7531e+92	   0.080594	   0.010701	   0.072003	    0.10952	   -0.59944	   -0.51295	
22	5	   0.017563	   0.010064	     151.89	    0.47454	-9.7531e+92	-9.7531e+92	  0.0052434	  0.0012226	  0.0018548	  0.0010069	  -0.020885	  -0.012113	
22	6	 0.00098825	 0.00056630	     216.08	    0.13159	-9.7531e+92	-9.7531e+92	   0.010453	 6.5929e-05	     0.0000	 -0.0014874	 -0.0011953	    0.14521	
22	7	 5.6313e-06	 3.2269e-06	     241.36	   0.085874	-9.7531e+92	-9.7531e+92	  0.0041565	 4.8808e-06	     0.0000	     0.0000	-8.4591e-05	   0.070188	
22	8	 0.00010780	 6.1774e-05	     168.70	    0.32968	-9.7531e+92	-9.7531e+92	 0.00032884	 1.2216e-05	 9.2877e-05	-9.3191e-05	-0.00021322	 0.00025328	
22	9	 2.6727e-12	 1.5315e-12	     266.14	   0.058633	-9.7531e+92	-9.7531e+92	  0.0031018	 4.4419e-06	     0.0000	  -0.017343	-7.8309e-05	   0.067404	
22	10	 1.0216e-12	 5.8542e-13	     176.66	    0.27933	-9.7531e+92	-9.7531e+92	 2.3834e-05	 4.6774e-06	     0.0000	-3.6881e-06	-8.2709e-05	 4.1901e-06	
22	11	 1.0272e-13	 5.8861e-14	     200.45	    0.17499	-9.7531e+92	-9.7531e+92	 2.9093e-05	 4.6833e-06	     0.0000	-6.0584e-06	-8.2769e-05	 2.8408e-05	
22	12	 0.00071971	 0.00041242	     131.16	    0.75767	-9.7531e+92	-9.7531e+92	 0.00015247	 5.4527e-05	 0.00010965	 0.00071881	-0.00096307	-0.00076975	
22	13	  0.0024542	  0.0014063	     260.15	   0.064098	-9.7531e+92	-9.7531e+92	   0.011968	 0.00016347	     0.0000	     0.0000	 -0.0020607	   0.083805	
22	14	   0.030095	   0.017246	     227.39	    0.10817	-9.7531e+92	-9.7531e+92	   0.024848	  0.0019415	     0.0000	 -0.0043665	  -0.027779	   0.066838	
22	15	   0.024142	   0.013834	     163.21	    0.37056	-9.7531e+92	-9.7531e+92	   0.012553	  0.0015326	  0.0024828	  0.0036077	  -0.028078	 -0.0068113	
22	16	 9.9546e-13	 5.7043e-13	     106.73	     1.3057	-9.7531e+92	-9.7531e+92	 1.9097e-05	 4.5620e-06	     0.0000	 3.0277e-09	-6.3895e-05	-3.8504e-09	
22	17	   0.015802	  0.0090548	     106.10	     1.3231	-9.7531e+92	-9.7531e+92	   0.012245	 0.00069011	   0.010056	  0.0088788	 -0.0029566	 -0.0010215	
22	18	   0.031746	   0.018192	     205.13	    0.16037	-9.7531e+92	-9.7531e+92	   0.012150	  0.0020618	     0.0000	  -0.041158	  -0.033632	   0.060983	
22	19	   0.089141	   0.051081	     93.933	     1.6868	-9.7531e+92	-9.7531e+92	   0.013278	  0.0057447	   0.013069	   0.046963	  -0.098029	  -0.088370	
22	20	   0.017820	   0.010211	     116.48	     1.0560	-9.7531e+92	-9.7531e+92	  0.0030910	  0.0012209	  0.0028796	  0.0081820	  -0.021526	  -0.018731	
22	21	 2.2721e-13	 1.3020e-13	     284.69	   0.044983	-9.7531e+92	-9.7531e+92	  0.0014858	 4.5160e-06	     0.0000	  -0.012598	-7.8476e-05	   0.044664	
22	22	     0.0000	     0.0000	     0.0000	     3.0000	-9.7531e+92	-9.7531e+92	    0.28978	     0.0000	    0.28899	     0.0000	     0.0000	     0.0000	
22	23	 6.2231e-13	 3.5660e-13	     209.07	    0.14920	-9.7531e+92	-9.7531e+92	 6.6430e-05	 4.6795e-06	     0.0000	-5.8995e-05	-8.2266e-05	  0.0010056	
22	24	 7.7633e-13	 4.4486e-13	     237.89	   0.090842	-9.7531e+92	-9.7531e+92	 2.5469e-05	 4.6864e-06	     0.0000	-3.4493e-06	-8.2549e-05	 0.00024415	
23	0	   0.075176	   0.038681	     119.13	    0.99543	-9.7531e+92	-9.7531e+92	   0.023186	  0.0010007	     0.0000	-9.8190e-07	   -0.12704	   0.059833	
23	1	   0.098218	   0.050538	     132.72	    0.73117	-9.7531e+92	-9.7531e+92	   0.027679	  0.0015670	     0.0000	     0.0000	   -0.15720	   0.048662	
23	2	 0.00033479	 0.00017227	     168.40	    0.33177	-9.7531e+92	-9.7531e+92	  0.0043271	 7.4762e-06	     0.0000	-0.00098885	-0.00070914	   0.064607	
23	3	 9.9313e-06	 5.1101e-06	     228.38	    0.10637	-9.7531e+92	-9.7531e+92	 0.00081286	 1.4540e-06	     0.0000	-0.00069298	-0.00013380	   0.024459	
23	4	 1.4663e-06	 7.5447e-07	     212.30	    0.14074	-9.7531e+92	-9.7531e+92	 0.00063127	 1.2667e-06	     0.0000	-0.00082277	-0.00012257	   0.025100	
23	5	   0.049627	   0.025535	     65.633	     2.5304	-9.7531e+92	-9.7531e+92	  0.0072428	 0.00090295	  0.0042001	 0.00013556	  -0.090782	  -0.075160	
23	6	   0.068149	   0.035066	     73.330	     2.3271	-9.7531e+92	-9.7531e+92	   0.038438	  0.0011068	     0.0000	-3.1405e-05	   -0.12392	    0.13476	
23	7	   0.025320	   0.013028	     58.677	     2.6821	-9.7531e+92	-9.7531e+92	   0.013059	 0.00045720	     0.0000	     0.0000	  -0.046689	   0.074653	
23	8	  0.0052257	  0.0026889	     54.810	     2.7517	-9.7531e+92	-9.7531e+92	 0.00082308	 9.7936e-05	 0.00061120	 6.8448e-05	 -0.0097031	 -0.0084424	
23	9	  0.0016483	 0.00084812	     121.73	    0.93874	-9.7531e+92	-9.7531e+92	  0.0083726	 3.0319e-05	     0.0000	-0.00075323	 -0.0031641	    0.11033	
23	10	 0.00024904	 0.00012814	     95.614	     1.6342	-9.7531e+92	-9.7531e+92	 5.0985e-05	 5.6474e-06	 1.4697e-05	 3.6197e-06	-0.00049978	-0.00036357	
23	11	  0.0025297	  0.0013016	     53.605	     2.7712	-9.7531e+92	-9.7531e+92	 0.00034831	 4.8496e-05	 0.00030049	 1.7515e-05	 -0.0046411	 -0.0042237	
23	12	 6.2666e-06	 3.2245e-06	     109.85	     1.2215	-9.7531e+92	-9.7531e+92	 2.0899e-05	 1.4365e-06	     0.0000	-7.5320e-08	-0.00013696	 3.1648e-06	
23	13	    0.20692	    0.10647	     113.01	     1.1402	-9.7531e+92	-9.7531e+92	   0.039707	  0.0033891	     0.0000	     0.0000	   -0.33516	   -0.13499	
23	14	    0.16045	   0.082560	     114.84	     1.0952	-9.7531e+92	-9.7531e+92	   0.033360	  0.0027263	     0.0000	 0.00011093	   -0.26902	  -0.074626	
23	15	 0.00011267	 5.7973e-05	     149.47	    0.50076	-9.7531e+92	-9.7531e+92	  0.0019442	 3.4592e-06	     0.0000	-0.00049121	-0.00033263	   0.030022	
23	16	 9.1276e-14	 4.6966e-14	     136.77	    0.66684	-9.7531e+92	-9.7531e+92	 1.7147e-05	 1.2518e-06	     0.0000	 9.8355e-11	-3.2333e-05	-1.7278e-09	
23	17	 1.4686e-13	 7.5565e-14	     284.58	   0.045056	-9.7531e+92	-9.7531e+92	 9.6504e-05	 1.3179e-06	     0.0000	-0.00028134	-0.00012654	  0.0065913	
23	18	    0.28519	    0.14674	     36.898	     2.9454	-9.7531e+92	-9.7531e+92	   0.048837	  0.0048778	     0.0000	  0.0052262	   -0.50587	   -0.31055	
23	19	 9.5885e-05	 4.9337e-05	     121.29	    0.94810	-9.7531e+92	-9.7531e+92	 6.0719e-05	 3.2063e-06	     0.0000	-5.6308e-06	-0.00030535	 0.00035484	
23	20	 0.00055516	 0.00028565	     93.058	     1.7144	-9.7531e+92	-9.7531e+92	 0.00019687	 1.1937e-05	 6.9986e-06	 4.5677e-06	 -0.0011472	-0.00043954	
23	21	   0.018290	  0.0094112	     78.648	     2.1698	-9.7531e+92	-9.7531e+92	  0.0075476	 0.00031224	     0.0000	-0.00032553	  -0.033751	   0.043446	
23	22	 9.1681e-16	 4.7174e-16	     209.07	    0.14920	-9.7531e+92	-9.7531e+92	 4.2781e-05	 1.3456e-06	     0.0000	-9.1258e-05	-0.00012607	  0.0022978	
23	23	     0.0000	     0.0000	     0.0000	     3.0000	-9.7531e+92	-9.7531e+92	    0.25741	     0.0000	    0.25689	     0.0000	     0.0000	     0.0000	
23	24	  0.0018826	 0.00096867	     40.708	     2.9198	-9.7531e+92	-9.7531e+92	 0.00028409	 3.6365e-05	 0.00013326	 8.9138e-07	 -0.0035850	 -0.0028779	
24	0	    0.20947	   0.094745	     123.34	    0.90511	-9.7531e+92	-9.7531e+92	   0.035175	 0.00079986	     0.0000	     0.0000	  -0.085346	  -0.035145	
24	1	    0.20447	   0.092482	     142.19	    0.58963	-9.7531e+92	-9.7531e+92	   0.034654	  0.0010191	     0.0000	     0.0000	  -0.075727	  -0.026407	
24	2	 0.00016302	 7.3732e-05	     210.29	    0.14595	-9.7531e+92	-9.7531e+92	  0.0030905	 1.3379e-06	     0.0000	-0.00054126	-9.4157e-05	   0.015481	
24	3	 1.8471e-06	 8.3546e-07	     270.69	   0.054855	-9.7531e+92	-9.7531e+92	 0.00055105	 4.0649e-07	     0.0000	-0.00037785	-2.7757e-05	  0.0058352	
24	4	 1.5463e-06	 6.9939e-07	     253.16	   0.071301	-9.7531e+92	-9.7531e+92	 0.00044311	 3.9727e-07	     0.0000	-0.00044841	-2.8493e-05	  0.0059928	
24	5	  0.0090406	  0.0040891	     106.34	     1.3165	-9.7531e+92	-9.7531e+92	  0.0017018	 5.5417e-05	     0.0000	 6.3197e-06	 -0.0039264	 -0.0013137	
24	6	   0.050148	   0.022682	     108.13	     1.2674	-9.7531e+92	-9.7531e+92	   0.032636	 0.00026754	     0.0000	-2.3998e-05	  -0.021223	   0.039491	
24	7	   0.050107	   0.022663	     84.614	     1.9834	-9.7531e+92	-9.7531e+92	   0.013115	 0.00028146	     0.0000	     0.0000	  -0.021379	  0.0076784	
24	8	  0.0023598	  0.0010673	     77.960	     2.1908	-9.7531e+92	-9.7531e+92	 0.00033303	 1.4121e-05	 0.00014678	 1.6982e-05	 -0.0010133	-0.00081862	
24	9	 0.00049873	 0.00022558	     149.07	    0.50520	-9.7531e+92	-9.7531e+92	  0.0079953	 3.1177e-06	     0.0000	-0.00041783	-0.00024244	   0.026849	
24	10	 0.00020002	 9.0471e-05	     102.71	     1.4197	-9.7531e+92	-9.7531e+92	 3.8793e-05	 1.6331e-06	 6.8951e-06	 3.9495e-06	-0.00011175	-8.0222e-05	
24	11	  0.0016200	 0.00073273	     56.094	     2.7297	-9.7531e+92	-9.7531e+92	 0.00020260	 9.4719e-06	 0.00016057	 5.3546e-06	-0.00060052	-0.00055129	
24	12	 5.6258e-06	 2.5446e-06	     132.31	    0.73810	-9.7531e+92	-9.7531e+92	 1.7279e-05	 4.5819e-07	     0.0000	-5.8745e-08	-3.1842e-05	 1.0268e-06	
24	13	   0.066148	   0.029919	     142.21	    0.58941	-9.7531e+92	-9.7531e+92	   0.020299	 0.00033873	     0.0000	     0.0000	  -0.024807	   0.018860	
24	14	   0.074629	   0.033755	     150.00	    0.49487	-9.7531e+92	-9.7531e+92	   0.020600	 0.00039770	     0.0000	-4.9138e-05	  -0.028980	   0.014431	
24	15	 3.6495e-06	 1.6507e-06	     189.75	    0.21485	-9.7531e+92	-9.7531e+92	  0.0012293	 4.2674e-07	     0.0000	-0.00026937	-3.0357e-05	  0.0072232	
24	16	 2.4432e-14	 1.1051e-14	     177.80	    0.27291	-9.7531e+92	-9.7531e+92	 1.5073e-05	 4.0998e-07	     0.0000	 6.3865e-11	-7.1558e-06	-4.3828e-10	
24	17	 3.8236e-14	 1.7294e-14	     325.25	   0.026569	-9.7531e+92	-9.7531e+92	 7.0788e-05	 4.1365e-07	     0.0000	-0.00015332	-2.9449e-05	  0.0015774	
24	18	    0.30068	    0.13600	     74.739	     2.2865	-9.7531e+92	-9.7531e+92	   0.044744	  0.0016965	 0.00065876	  0.0030833	   -0.12335	  -0.080206	
24	19	 1.7089e-05	 7.7292e-06	     150.08	    0.49393	-9.7531e+92	-9.7531e+92	 2.8654e-05	 5.3000e-07	     0.0000	-4.5833e-06	-3.6809e-05	 0.00011787	
24	20	 0.00018670	 8.4447e-05	     121.85	    0.93617	-9.7531e+92	-9.7531e+92	 7.0367e-05	 1.5819e-06	     0.0000	-1.2734e-06	-0.00011095	 4.8585e-05	
24	21	   0.026138	   0.011822	     85.071	     1.9688	-9.7531e+92	-9.7531e+92	  0.0084242	 0.00013380	     0.0000	-6.8355e-05	  -0.011107	  0.0071412	
24	22	 3.9664e-14	 1.7940e-14	     237.89	   0.090842	-9.7531e+92	-9.7531e+92	 3.3156e-05	 4.2363e-07	     0.0000	-4.9836e-05	-2.9354e-05	 0.00054983	
24	23	  0.0041092	  0.0018586	     40.708	     2.9198	-9.7531e+92	-9.7531e+92	 0.00059846	 2.4755e-05	 0.00014516	 4.2289e-06	 -0.0017464	 -0.0012931	
24	24	     0.0000	     0.0000	     0.0000	     3.0000	-9.7531e+92	-9.7531e+92	    0.22619	     0.0000	    0.22606	     0.0000	     0.0000	     0.0000	
