#source	Target	value	weight	distance	potential1	geneCorrelation	separation	influenceWeight	betweenness	influence'Weight	betweenness'	nbetweenness	nbetweenness'	
0	0	     0.0000	     0.0000	     0.0000	     3.0000	-9.7531e+92	-9.7531e+92	     2.9517	     0.0000	     2.6352	     0.0000	     0.0000	     0.0000	
0	1	    0.16356	    0.93334	     35.562	     2.9528	-9.7531e+92	-9.7531e+92	    0.30962	   0.050214	     0.0000	     0.0000	   -0.60095	   -0.21729	
0	2	  0.0095157	   0.054301	     211.35	    0.14318	-9.7531e+92	-9.7531e+92	   0.023286	  0.0054519	     0.0000	-0.00024876	  0.0066715	 0.00035697	
0	3	 5.8786e-05	 0.00033546	     273.88	   0.052386	-9.7531e+92	-9.7531e+92	  0.0023633	 7.0693e-05	     0.0000	 -0.0017692	 0.00010793	  0.0033183	
0	4	 6.6816e-06	 3.8129e-05	     281.58	   0.046977	-9.7531e+92	-9.7531e+92	  0.0087625	 3.9470e-05	     0.0000	 -0.0082190	 5.9942e-05	   0.010533	
0	5	  0.0023615	   0.013476	     169.69	    0.32292	-9.7531e+92	-9.7531e+92	   0.088951	  0.0012709	     0.0000	  -0.010881	 0.00054144	   0.080939	
0	6	    0.12369	    0.70583	     105.31	     1.3454	-9.7531e+92	-9.7531e+92	    0.31777	   0.065674	     0.0000	 0.00069689	   0.019171	  -0.016357	
0	7	   0.080863	    0.46145	     80.265	     2.1201	-9.7531e+92	-9.7531e+92	    0.21260	   0.036082	     0.0000	 0.00028073	   0.031106	  -0.022957	
0	8	 0.00014744	 0.00084138	     172.11	    0.30693	-9.7531e+92	-9.7531e+92	  0.0011603	 0.00011996	     0.0000	-8.3336e-05	 2.5193e-05	  0.0011649	
0	9	    0.23153	     1.3212	     86.890	     1.9108	-9.7531e+92	-9.7531e+92	    0.45304	    0.12393	     0.0000	   0.024249	   0.015882	   -0.14468	
0	10	 7.0502e-14	 4.0232e-13	     210.64	    0.14503	-9.7531e+92	-9.7531e+92	 0.00019911	 4.0143e-05	     0.0000	-4.0927e-06	-2.0859e-05	 1.5560e-05	
0	11	 1.3491e-05	 7.6987e-05	     167.10	    0.34103	-9.7531e+92	-9.7531e+92	 0.00030180	 4.5511e-05	     0.0000	-1.7175e-05	 1.5353e-05	 0.00014683	
0	12	 9.3444e-13	 5.3324e-12	     226.76	    0.10933	-9.7531e+92	-9.7531e+92	 0.00021504	 4.0565e-05	     0.0000	-2.1899e-05	-2.7446e-05	 7.1052e-05	
0	13	    0.11360	    0.64828	     86.013	     1.9388	-9.7531e+92	-9.7531e+92	    0.42280	   0.055040	     0.0000	 -0.0072826	   0.057388	   0.020769	
0	14	   0.084313	    0.48113	     114.85	     1.0949	-9.7531e+92	-9.7531e+92	    0.22285	   0.038457	     0.0000	  0.0053391	  -0.016318	  -0.016917	
0	15	 0.00036664	  0.0020922	     189.51	    0.21584	-9.7531e+92	-9.7531e+92	  0.0037320	 0.00024561	     0.0000	 -0.0012006	-2.7098e-06	  0.0033526	
0	16	 2.5123e-14	 1.4337e-13	     217.18	    0.12904	-9.7531e+92	-9.7531e+92	 0.00019017	 3.7057e-05	     0.0000	 1.9883e-09	 3.7599e-05	-5.6527e-09	
0	17	 5.7522e-14	 3.2825e-13	     353.56	   0.019078	-9.7531e+92	-9.7531e+92	 0.00039128	 4.1093e-05	     0.0000	-0.00055114	-3.3781e-05	 0.00071394	
0	18	   0.086341	    0.49271	     116.29	     1.0606	-9.7531e+92	-9.7531e+92	    0.29157	   0.045010	     0.0000	  -0.011751	   0.061828	   0.050446	
0	19	 8.6875e-15	 4.9576e-14	     234.49	   0.096052	-9.7531e+92	-9.7531e+92	 0.00049620	 4.0418e-05	     0.0000	-0.00030121	-2.1718e-05	  0.0011177	
0	20	 6.6851e-13	 3.8149e-12	     206.61	    0.15606	-9.7531e+92	-9.7531e+92	 0.00060168	 3.9589e-05	     0.0000	-0.00022183	-1.4458e-05	 0.00097052	
0	21	   0.099326	    0.56681	     39.458	     2.9290	-9.7531e+92	-9.7531e+92	    0.38236	   0.047533	     0.0000	 -0.0061163	   0.029910	   0.063409	
0	22	 2.7324e-13	 1.5593e-12	     321.47	   0.027830	-9.7531e+92	-9.7531e+92	  0.0026437	 3.7976e-05	     0.0000	 -0.0045054	-2.2232e-05	  0.0072374	
0	23	  0.0020453	   0.011671	     119.13	    0.99543	-9.7531e+92	-9.7531e+92	  0.0046250	  0.0010512	     0.0000	 3.6028e-06	  0.0027094	-0.00071808	
0	24	  0.0022673	   0.012938	     123.34	    0.90511	-9.7531e+92	-9.7531e+92	  0.0037582	 0.00094843	  0.0017944	 7.7358e-06	  0.0069821	  0.0016648	
1	0	    0.22696	     1.2090	     35.562	     2.9528	-9.7531e+92	-9.7531e+92	    0.37192	   0.072495	   0.076482	 2.1214e-05	   -0.12446	 -0.0068925	
1	1	     0.0000	     0.0000	     0.0000	     3.0000	-9.7531e+92	-9.7531e+92	     2.7561	     0.0000	     2.4646	     0.0000	     0.0000	     0.0000	
1	2	  0.0072089	   0.038402	     184.62	    0.23778	-9.7531e+92	-9.7531e+92	   0.020721	  0.0038252	     0.0000	-0.00027736	   0.021585	 0.00022453	
1	3	 0.00016722	 0.00089078	     244.14	   0.082134	-9.7531e+92	-9.7531e+92	  0.0023527	 0.00011822	     0.0000	-0.00025801	 0.00065938	 0.00026358	
1	4	 4.7575e-06	 2.5343e-05	     272.02	   0.053810	-9.7531e+92	-9.7531e+92	  0.0079693	 3.5520e-05	     0.0000	 -0.0012366	 0.00021979	 0.00089013	
1	5	  0.0040725	   0.021694	     161.91	    0.38106	-9.7531e+92	-9.7531e+92	    0.10223	  0.0019443	     0.0000	 -0.0015991	   0.010758	  0.0070350	
1	6	   0.090445	    0.48180	     96.519	     1.6061	-9.7531e+92	-9.7531e+92	    0.26504	   0.044025	     0.0000	-0.00013871	    0.24229	  0.0019698	
1	7	   0.067393	    0.35900	     75.481	     2.2648	-9.7531e+92	-9.7531e+92	    0.20942	   0.027237	     0.0000	     0.0000	    0.19803	     0.0000	
1	8	 4.1206e-05	 0.00021951	     184.58	    0.23797	-9.7531e+92	-9.7531e+92	  0.0010605	 5.6563e-05	     0.0000	-1.4303e-05	 0.00028265	 0.00012011	
1	9	   0.055989	    0.29825	     55.376	     2.7421	-9.7531e+92	-9.7531e+92	    0.24385	   0.027981	     0.0000	 -0.0014319	    0.14507	  0.0051781	
1	10	 1.1786e-14	 6.2783e-14	     228.04	    0.10699	-9.7531e+92	-9.7531e+92	 0.00018538	 3.7482e-05	     0.0000	-6.2087e-07	 0.00014702	 1.4625e-06	
1	11	 4.8255e-15	 2.5706e-14	     185.20	    0.23505	-9.7531e+92	-9.7531e+92	 0.00026897	 3.5964e-05	     0.0000	-2.8957e-06	 0.00016327	 1.5331e-05	
1	12	 9.7828e-15	 5.2113e-14	     231.78	    0.10046	-9.7531e+92	-9.7531e+92	 0.00020117	 3.7606e-05	     0.0000	-3.2943e-06	 0.00014651	 6.6746e-06	
1	13	    0.10705	    0.57025	     57.043	     2.7128	-9.7531e+92	-9.7531e+92	    0.32239	   0.050209	     0.0000	 -0.0013632	    0.31591	  0.0018541	
1	14	    0.15206	    0.81004	     88.839	     1.8485	-9.7531e+92	-9.7531e+92	    0.28507	   0.063088	     0.0000	 2.3512e-05	    0.28782	 -0.0060310	
1	15	 0.00092504	  0.0049277	     167.83	    0.33581	-9.7531e+92	-9.7531e+92	  0.0044400	 0.00051511	     0.0000	-0.00014590	  0.0025101	 0.00024749	
1	16	 3.1451e-15	 1.6754e-14	     207.46	    0.15366	-9.7531e+92	-9.7531e+92	 0.00017752	 3.4348e-05	     0.0000	 3.0088e-10	 0.00022825	-5.3730e-10	
1	17	 1.1791e-14	 6.2809e-14	     342.57	   0.021626	-9.7531e+92	-9.7531e+92	 0.00036165	 3.8055e-05	     0.0000	-8.2905e-05	 0.00013989	 6.6963e-05	
1	18	    0.15387	    0.81968	     111.77	     1.1715	-9.7531e+92	-9.7531e+92	    0.35775	   0.073564	     0.0000	 0.00050878	    0.44607	 -0.0012108	
1	19	 5.4152e-15	 2.8847e-14	     226.57	    0.10968	-9.7531e+92	-9.7531e+92	 0.00048184	 3.7370e-05	     0.0000	-4.5310e-05	 0.00015091	 0.00010411	
1	20	 3.4443e-08	 1.8348e-07	     199.20	    0.17914	-9.7531e+92	-9.7531e+92	 0.00062714	 3.6821e-05	     0.0000	-3.3371e-05	 0.00015597	 9.0444e-05	
1	21	    0.13299	    0.70843	     57.297	     2.7081	-9.7531e+92	-9.7531e+92	    0.36764	   0.061376	     0.0000	-0.00036315	    0.35577	  0.0022752	
1	22	 2.3475e-15	 1.2505e-14	     312.59	   0.031097	-9.7531e+92	-9.7531e+92	  0.0024097	 3.5165e-05	     0.0000	-0.00067773	 0.00014827	 0.00067161	
1	23	 0.00060130	  0.0032031	     132.72	    0.73117	-9.7531e+92	-9.7531e+92	  0.0026982	 0.00034015	     0.0000	-3.7709e-06	  0.0017967	 6.9015e-05	
1	24	 0.00021319	  0.0011357	     142.19	    0.58963	-9.7531e+92	-9.7531e+92	  0.0010770	 0.00013111	     0.0000	-1.9954e-06	 0.00087325	 7.4294e-06	
2	0	  0.0030792	  0.0079669	     211.35	    0.14318	-9.7531e+92	-9.7531e+92	   0.015816	  0.0010918	     0.0000	-0.00014508	 -0.0019811	   0.024791	
2	1	  0.0044653	   0.011553	     184.62	    0.23778	-9.7531e+92	-9.7531e+92	   0.019272	  0.0015740	     0.0000	 -0.0063558	 -0.0033203	   0.029100	
2	2	     0.0000	     0.0000	     0.0000	     3.0000	-9.7531e+92	-9.7531e+92	     1.3585	     0.0000	     1.3328	     0.0000	     0.0000	     0.0000	
2	3	   0.076720	    0.19850	     63.167	     2.5880	-9.7531e+92	-9.7531e+92	   0.093527	   0.017055	   0.084023	   0.043709	   -0.23078	   -0.18653	
2	4	    0.61535	     1.5921	     91.235	     1.7721	-9.7531e+92	-9.7531e+92	    0.45966	    0.10817	    0.43184	    0.59854	    -1.9061	    -1.6279	
2	5	   0.018474	   0.047797	     120.45	    0.96633	-9.7531e+92	-9.7531e+92	   0.044340	  0.0061406	     0.0000	  -0.028680	  -0.035118	   0.092664	
2	6	   0.010916	   0.028243	     118.53	     1.0087	-9.7531e+92	-9.7531e+92	   0.024742	  0.0039461	     0.0000	  -0.016141	  -0.022649	    0.17063	
2	7	 0.00099681	  0.0025791	     153.12	    0.46179	-9.7531e+92	-9.7531e+92	   0.047456	 0.00037972	     0.0000	 -0.0092933	 -0.0021723	    0.10132	
2	8	 7.1400e-06	 1.8474e-05	     174.51	    0.29198	-9.7531e+92	-9.7531e+92	 0.00058178	 2.7570e-05	     0.0000	-0.00032927	-0.00016741	  0.0020897	
2	9	  0.0013702	  0.0035452	     133.64	    0.71608	-9.7531e+92	-9.7531e+92	   0.028375	 0.00052440	     0.0000	  -0.067406	 -0.0030196	    0.18165	
2	10	 4.6132e-15	 1.1936e-14	     213.20	    0.13850	-9.7531e+92	-9.7531e+92	 9.6308e-05	 2.5001e-05	     0.0000	-1.3844e-05	-0.00015779	 2.4824e-05	
2	11	 4.3617e-15	 1.1285e-14	     197.83	    0.18388	-9.7531e+92	-9.7531e+92	 0.00017676	 2.5008e-05	     0.0000	-6.4735e-05	-0.00015790	 0.00025998	
2	12	 1.2057e-15	 3.1197e-15	     181.48	    0.25322	-9.7531e+92	-9.7531e+92	 0.00029037	 2.4587e-05	     0.0000	-7.3183e-05	-0.00015052	 0.00011326	
2	13	   0.045709	    0.11826	     127.66	    0.82064	-9.7531e+92	-9.7531e+92	   0.067042	   0.016223	     0.0000	  -0.086566	  -0.035364	   0.073510	
2	14	    0.15500	    0.40104	     97.273	     1.5829	-9.7531e+92	-9.7531e+92	    0.13667	   0.051517	     0.0000	   0.085657	   -0.24606	  -0.097144	
2	15	   0.044036	    0.11394	     21.827	     2.9932	-9.7531e+92	-9.7531e+92	   0.051366	   0.012477	   0.042740	   0.029024	  -0.061556	  -0.047037	
2	16	 7.5325e-15	 1.9489e-14	     68.097	     2.4691	-9.7531e+92	-9.7531e+92	 8.6224e-05	 2.3663e-05	     0.0000	 5.9651e-09	-0.00013434	-8.3784e-09	
2	17	 2.4667e-07	 6.3820e-07	     160.64	    0.39167	-9.7531e+92	-9.7531e+92	  0.0094514	 1.7155e-05	  0.0077767	 -0.0010189	-2.4488e-05	 0.00011333	
2	18	   0.023310	   0.060310	     137.27	    0.65930	-9.7531e+92	-9.7531e+92	   0.054094	  0.0078488	     0.0000	  -0.087098	  -0.034335	    0.14583	
2	19	 0.00037776	 0.00097738	     139.30	    0.62950	-9.7531e+92	-9.7531e+92	  0.0079467	 0.00015248	  0.0053816	-0.00048119	-0.00081614	 0.00090259	
2	20	 0.00012971	 0.00033560	     139.77	    0.62284	-9.7531e+92	-9.7531e+92	  0.0021410	 6.7535e-05	     0.0000	-0.00049930	-0.00034131	  0.0010426	
2	21	 2.6844e-05	 6.9453e-05	     197.19	    0.18609	-9.7531e+92	-9.7531e+92	   0.036843	 3.2739e-05	     0.0000	  -0.057344	-0.00019375	    0.26726	
2	22	 3.3805e-05	 8.7465e-05	     161.29	    0.38622	-9.7531e+92	-9.7531e+92	    0.12807	 2.3703e-05	    0.11227	 -0.0075243	-7.9708e-05	  0.0035598	
2	23	 6.3685e-07	 1.6477e-06	     168.40	    0.33177	-9.7531e+92	-9.7531e+92	 0.00040972	 2.5199e-05	     0.0000	-0.00016840	-0.00015808	  0.0023328	
2	24	 1.2386e-14	 3.2047e-14	     210.29	    0.14595	-9.7531e+92	-9.7531e+92	 0.00014065	 2.4908e-05	     0.0000	-0.00019165	-0.00015780	 0.00054034	
3	0	  0.0051075	   0.016003	     273.88	   0.052386	-9.7531e+92	-9.7531e+92	   0.028609	  0.0010990	     0.0000	-0.00010830	  -0.010119	   0.085955	
3	1	   0.035713	    0.11190	     244.14	   0.082134	-9.7531e+92	-9.7531e+92	   0.052241	  0.0075935	     0.0000	 -0.0018685	  -0.073949	   0.034349	
3	2	    0.12914	    0.40464	     63.167	     2.5880	-9.7531e+92	-9.7531e+92	    0.15381	   0.014322	    0.12271	   0.077623	   -0.47081	   -0.38595	
3	3	     0.0000	     0.0000	     0.0000	     3.0000	-9.7531e+92	-9.7531e+92	     1.6062	     0.0000	     1.5947	     0.0000	     0.0000	     0.0000	
3	4	    0.23798	    0.74567	     82.606	     2.0469	-9.7531e+92	-9.7531e+92	    0.26292	   0.021545	    0.22923	    0.17560	   -0.96134	   -0.82433	
3	5	   0.025658	   0.080393	     167.87	    0.33554	-9.7531e+92	-9.7531e+92	   0.057996	  0.0051356	     0.0000	  -0.019533	  -0.079879	    0.14024	
3	6	  0.0032853	   0.010294	     180.81	    0.25667	-9.7531e+92	-9.7531e+92	   0.041456	 0.00071726	     0.0000	  -0.013506	  -0.010894	    0.30531	
3	7	 9.4197e-05	 0.00029515	     215.68	    0.13250	-9.7531e+92	-9.7531e+92	   0.062110	 3.4283e-05	     0.0000	 -0.0073267	-0.00051978	    0.17183	
3	8	 8.2993e-13	 2.6004e-12	     221.29	    0.12010	-9.7531e+92	-9.7531e+92	 0.00061953	 1.4757e-05	     0.0000	-0.00025777	-0.00022734	  0.0033714	
3	9	 0.00068427	  0.0021440	     191.41	    0.20802	-9.7531e+92	-9.7531e+92	   0.042662	 0.00016216	     0.0000	  -0.052690	 -0.0024533	    0.30272	
3	10	 2.5958e-12	 8.1333e-12	     258.79	   0.065432	-9.7531e+92	-9.7531e+92	 0.00011246	 1.4759e-05	     0.0000	-1.0779e-05	-0.00023295	 3.9052e-05	
3	11	 2.0437e-12	 6.4036e-12	     244.71	   0.081388	-9.7531e+92	-9.7531e+92	 0.00018043	 1.4791e-05	     0.0000	-5.0314e-05	-0.00023256	 0.00041017	
3	12	 2.8236e-12	 8.8472e-12	     227.10	    0.10870	-9.7531e+92	-9.7531e+92	 0.00022704	 1.4566e-05	     0.0000	-5.7128e-05	-0.00023058	 0.00017833	
3	13	    0.16421	    0.51451	     188.65	    0.21955	-9.7531e+92	-9.7531e+92	    0.18547	   0.034489	     0.0000	   0.016881	   -0.36988	  -0.047284	
3	14	    0.12789	    0.40070	     161.01	    0.38854	-9.7531e+92	-9.7531e+92	    0.17477	   0.026758	     0.0000	   0.046969	   -0.32998	   -0.14075	
3	15	    0.22311	    0.69907	     84.108	     1.9994	-9.7531e+92	-9.7531e+92	    0.18925	   0.037876	    0.17880	    0.13578	   -0.62877	   -0.54643	
3	16	 9.7995e-14	 3.0705e-13	     111.94	     1.1671	-9.7531e+92	-9.7531e+92	 0.00010442	 1.3731e-05	     0.0000	 4.3943e-09	-0.00019697	-1.1898e-08	
3	17	  0.0070201	   0.021996	     122.41	    0.92444	-9.7531e+92	-9.7531e+92	   0.010928	 0.00088781	  0.0088998	  0.0072358	 -0.0051876	 -0.0028017	
3	18	   0.039023	    0.12227	     199.21	    0.17912	-9.7531e+92	-9.7531e+92	   0.084297	  0.0078049	     0.0000	  -0.058432	   -0.10809	    0.24347	
3	19	 1.9124e-05	 5.9921e-05	     184.07	    0.24039	-9.7531e+92	-9.7531e+92	  0.0046190	 1.7627e-05	  0.0015126	-0.00064591	-0.00027661	  0.0026432	
3	20	 3.6254e-05	 0.00011359	     185.64	    0.23299	-9.7531e+92	-9.7531e+92	  0.0014272	 2.1748e-05	     0.0000	-0.00050008	-0.00034374	  0.0023242	
3	21	 5.9665e-13	 1.8695e-12	     259.71	   0.064522	-9.7531e+92	-9.7531e+92	   0.097823	 1.3867e-05	     0.0000	  -0.044539	-0.00021668	    0.44476	
3	22	  0.0010277	  0.0032201	     164.94	    0.35711	-9.7531e+92	-9.7531e+92	   0.074349	 0.00014580	   0.055210	 -0.0050093	 -0.0025016	  0.0099166	
3	23	 1.1976e-12	 3.7524e-12	     228.38	    0.10637	-9.7531e+92	-9.7531e+92	 0.00058515	 1.4791e-05	     0.0000	-0.00013084	-0.00023146	  0.0036957	
3	24	 3.7799e-12	 1.1844e-11	     270.69	   0.054855	-9.7531e+92	-9.7531e+92	 0.00019681	 1.4798e-05	     0.0000	-0.00014882	-0.00023200	 0.00085441	
4	0	 0.00016810	 0.00044701	     281.58	   0.046977	-9.7531e+92	-9.7531e+92	  0.0079071	 0.00014163	     0.0000	-0.00033139	-0.00039042	   0.046773	
4	1	 0.00041935	  0.0011151	     272.02	   0.053810	-9.7531e+92	-9.7531e+92	   0.011667	 0.00029311	     0.0000	  -0.014860	-0.00093245	   0.058280	
4	2	    0.17296	    0.45992	     91.235	     1.7721	-9.7531e+92	-9.7531e+92	    0.18207	   0.032332	    0.15568	    0.10801	    -1.3196	    -1.0348	
4	3	    0.12648	    0.33633	     82.606	     2.0469	-9.7531e+92	-9.7531e+92	    0.13538	   0.043624	    0.12561	    0.14610	   -0.79613	   -0.60639	
4	4	     0.0000	     0.0000	     0.0000	     3.0000	-9.7531e+92	-9.7531e+92	     1.4989	     0.0000	     1.4703	     0.0000	     0.0000	     0.0000	
4	5	   0.034441	   0.091583	     147.08	    0.52816	-9.7531e+92	-9.7531e+92	   0.066570	   0.019454	     0.0000	  -0.045066	   -0.15199	    0.13738	
4	6	  0.0010917	  0.0029029	     179.35	    0.26441	-9.7531e+92	-9.7531e+92	   0.012749	 0.00070517	     0.0000	  -0.038413	 -0.0055066	    0.38488	
4	7	 5.0811e-05	 0.00013511	     209.16	    0.14897	-9.7531e+92	-9.7531e+92	   0.020909	 7.1270e-05	     0.0000	  -0.020431	-0.00055290	    0.21099	
4	8	 1.3457e-05	 3.5784e-05	     186.41	    0.22946	-9.7531e+92	-9.7531e+92	  0.0011004	 5.0417e-05	     0.0000	-0.00070844	-0.00041033	  0.0042778	
4	9	 3.1204e-06	 8.2976e-06	     223.28	    0.11603	-9.7531e+92	-9.7531e+92	   0.019953	 4.3014e-05	     0.0000	   -0.14778	-0.00033514	    0.37758	
4	10	 1.3836e-13	 3.6792e-13	     204.61	    0.16194	-9.7531e+92	-9.7531e+92	 0.00011344	 4.1891e-05	     0.0000	-2.9974e-05	-0.00035310	 5.1208e-05	
4	11	 9.5550e-14	 2.5408e-13	     218.09	    0.12699	-9.7531e+92	-9.7531e+92	 0.00031271	 4.2087e-05	     0.0000	-0.00014014	-0.00035428	 0.00053612	
4	12	 8.2134e-07	 2.1841e-06	     165.11	    0.35583	-9.7531e+92	-9.7531e+92	 0.00071615	 4.1349e-05	 0.00038582	-0.00015625	-0.00034006	 0.00023029	
4	13	  0.0053942	   0.014344	     217.30	    0.12878	-9.7531e+92	-9.7531e+92	   0.038812	  0.0032687	     0.0000	   -0.26706	  -0.012760	    0.20216	
4	14	   0.017266	   0.045912	     184.55	    0.23808	-9.7531e+92	-9.7531e+92	   0.056244	   0.010237	     0.0000	  -0.099466	  -0.055177	   0.099510	
4	15	   0.043261	    0.11504	     106.18	     1.3210	-9.7531e+92	-9.7531e+92	   0.053093	   0.021995	   0.044227	   0.071859	   -0.18515	   -0.12783	
4	16	 2.1397e-15	 5.6898e-15	     75.439	     2.2661	-9.7531e+92	-9.7531e+92	 8.8618e-05	 3.8947e-05	     0.0000	 1.2538e-08	-0.00030964	-1.6506e-08	
4	17	   0.028541	   0.075896	     73.525	     2.3215	-9.7531e+92	-9.7531e+92	   0.030008	  0.0095636	   0.028287	   0.078995	  -0.018881	  0.0090270	
4	18	  0.0095013	   0.025265	     186.18	    0.23049	-9.7531e+92	-9.7531e+92	   0.052640	  0.0054312	     0.0000	   -0.21101	  -0.034373	    0.32885	
4	19	  0.0041867	   0.011133	     119.82	    0.98008	-9.7531e+92	-9.7531e+92	   0.024749	  0.0023542	   0.022113	  0.0054582	  -0.017871	  -0.010408	
4	20	 0.00081965	  0.0021796	     135.08	    0.69295	-9.7531e+92	-9.7531e+92	  0.0061203	 0.00050955	  0.0038109	 2.5866e-05	 -0.0040126	-5.7910e-05	
4	21	 1.5191e-14	 4.0395e-14	     253.96	   0.070430	-9.7531e+92	-9.7531e+92	   0.021064	 3.9497e-05	     0.0000	   -0.12411	-0.00031668	    0.54813	
4	22	    0.55541	     1.4769	     82.638	     2.0459	-9.7531e+92	-9.7531e+92	    0.41723	    0.17073	    0.40098	     1.0000	   -0.95782	   -0.38529	
4	23	 1.1654e-14	 3.0990e-14	     212.30	    0.14074	-9.7531e+92	-9.7531e+92	 0.00035273	 4.2107e-05	     0.0000	-0.00036461	-0.00035198	  0.0048116	
4	24	 3.5953e-14	 9.5605e-14	     253.16	   0.071301	-9.7531e+92	-9.7531e+92	 0.00012179	 4.2144e-05	     0.0000	-0.00041471	-0.00035356	  0.0011140	
5	0	  0.0090396	   0.015319	     169.69	    0.32292	-9.7531e+92	-9.7531e+92	   0.019878	  0.0061878	     0.0000	-6.1929e-05	   -0.10510	   0.090577	
5	1	   0.051076	   0.086557	     161.91	    0.38106	-9.7531e+92	-9.7531e+92	   0.037711	   0.033706	     0.0000	-0.00022361	   -0.62114	  0.0074128	
5	2	   0.018648	   0.031602	     120.45	    0.96633	-9.7531e+92	-9.7531e+92	   0.011475	   0.013085	     0.0000	  0.0098276	   -0.26151	  -0.022010	
5	3	 0.00036305	 0.00061525	     167.87	    0.33554	-9.7531e+92	-9.7531e+92	  0.0015332	 0.00030467	     0.0000	 -0.0026220	 -0.0058544	  0.0078352	
5	4	  0.0060618	   0.010273	     147.08	    0.52816	-9.7531e+92	-9.7531e+92	  0.0073457	  0.0038195	     0.0000	 -0.0057666	  -0.086406	   0.011589	
5	5	     0.0000	     0.0000	     0.0000	     3.0000	-9.7531e+92	-9.7531e+92	    0.92311	     0.0000	    0.79316	     0.0000	     0.0000	     0.0000	
5	6	   0.061494	    0.10421	     72.218	     2.3585	-9.7531e+92	-9.7531e+92	   0.046310	   0.035635	     0.0000	 -0.0012921	   -0.88737	    0.13220	
5	7	   0.044162	   0.074840	     89.752	     1.8194	-9.7531e+92	-9.7531e+92	   0.039971	   0.030805	     0.0000	 -0.0012152	   -0.65930	   0.044175	
5	8	   0.010957	   0.018569	     54.235	     2.7611	-9.7531e+92	-9.7531e+92	  0.0053083	  0.0063724	  0.0033040	 0.00060120	   -0.14782	  -0.023599	
5	9	 2.4043e-05	 4.0744e-05	     134.70	    0.69890	-9.7531e+92	-9.7531e+92	   0.093138	 6.8445e-05	     0.0000	  -0.032885	 -0.0013776	    0.29193	
5	10	 6.2642e-06	 1.0616e-05	     93.726	     1.6933	-9.7531e+92	-9.7531e+92	 7.5585e-05	 4.3044e-05	     0.0000	-2.7394e-06	-0.00096204	 1.5460e-05	
5	11	 0.00050194	 0.00085063	     77.490	     2.2050	-9.7531e+92	-9.7531e+92	 0.00041781	 0.00034400	 7.9831e-05	 7.3602e-05	 -0.0076894	 -0.0010114	
5	12	 4.7092e-06	 7.9806e-06	     80.590	     2.1100	-9.7531e+92	-9.7531e+92	 9.9221e-05	 3.9018e-05	     0.0000	-1.9846e-05	-0.00087907	 8.1992e-05	
5	13	   0.058308	   0.098812	     125.66	    0.85869	-9.7531e+92	-9.7531e+92	   0.078213	   0.040907	     0.0000	  -0.036147	   -0.70702	    0.17615	
5	14	   0.065859	    0.11161	     108.09	     1.2686	-9.7531e+92	-9.7531e+92	   0.049252	   0.046898	     0.0000	 0.00036635	   -0.85761	 -0.0018296	
5	15	  0.0054016	  0.0091539	     104.94	     1.3557	-9.7531e+92	-9.7531e+92	  0.0034973	  0.0039747	     0.0000	  0.0014255	  -0.081840	 -0.0059140	
5	16	 6.6145e-14	 1.1209e-13	     71.546	     2.3771	-9.7531e+92	-9.7531e+92	 5.6476e-05	 4.9811e-05	     0.0000	 3.1734e-09	 -0.0010387	-1.3232e-08	
5	17	 1.5949e-13	 2.7028e-13	     219.60	    0.12368	-9.7531e+92	-9.7531e+92	 0.00021250	 5.1122e-05	     0.0000	-0.00089288	 -0.0010492	  0.0016877	
5	18	    0.65544	     1.1108	     53.346	     2.7752	-9.7531e+92	-9.7531e+92	    0.32443	    0.25768	   0.089529	   0.031091	    -10.898	    -1.8991	
5	19	  0.0021591	  0.0036590	     64.874	     2.5486	-9.7531e+92	-9.7531e+92	  0.0013160	  0.0012450	     0.0000	 0.00045188	  -0.029198	 -0.0026621	
5	20	  0.0068151	   0.011549	     39.691	     2.9273	-9.7531e+92	-9.7531e+92	  0.0033320	  0.0038959	  0.0018602	  0.0016904	  -0.089334	  -0.012246	
5	21	 8.8325e-05	 0.00014968	     132.91	    0.72808	-9.7531e+92	-9.7531e+92	   0.043538	 0.00010370	     0.0000	  -0.027608	 -0.0023123	    0.42675	
5	22	 1.1633e-06	 1.9714e-06	     151.89	    0.47454	-9.7531e+92	-9.7531e+92	  0.0021174	 4.3678e-05	     0.0000	 -0.0072320	 -0.0010045	   0.017238	
5	23	  0.0035794	  0.0060659	     65.633	     2.5304	-9.7531e+92	-9.7531e+92	  0.0020151	  0.0023430	     0.0000	 0.00015957	  -0.051218	 -0.0068697	
5	24	 4.5298e-06	 7.6766e-06	     106.34	     1.3165	-9.7531e+92	-9.7531e+92	 0.00014805	 5.0962e-05	     0.0000	-9.0734e-05	 -0.0010902	 0.00079199	
6	0	   0.062109	   0.073398	     105.31	     1.3454	-9.7531e+92	-9.7531e+92	   0.030351	   0.036757	     0.0000	 2.3318e-06	    0.33593	 -0.0022924	
6	1	   0.082656	   0.097679	     96.519	     1.6061	-9.7531e+92	-9.7531e+92	   0.036664	   0.051538	     0.0000	 0.00044880	    0.50882	  -0.010108	
6	2	  0.0059877	  0.0070761	     118.53	     1.0087	-9.7531e+92	-9.7531e+92	  0.0040996	  0.0052532	     0.0000	 -0.0011513	   0.050226	  0.0018553	
6	3	 0.00053701	 0.00063462	     180.81	    0.25667	-9.7531e+92	-9.7531e+92	 0.00065929	 0.00051468	     0.0000	-0.00065573	  0.0050923	  0.0013973	
6	4	 0.00013299	 0.00015716	     179.35	    0.26441	-9.7531e+92	-9.7531e+92	  0.0018641	 0.00016396	     0.0000	 -0.0034784	  0.0016850	  0.0050131	
6	5	    0.10844	    0.12816	     72.218	     2.3585	-9.7531e+92	-9.7531e+92	   0.074237	   0.082604	     0.0000	  0.0019855	    0.85600	  -0.016314	
6	6	     0.0000	     0.0000	     0.0000	     3.0000	-9.7531e+92	-9.7531e+92	    0.60943	     0.0000	    0.48031	     0.0000	     0.0000	     0.0000	
6	7	   0.021174	   0.025023	     34.871	     2.9563	-9.7531e+92	-9.7531e+92	   0.024269	   0.014904	     0.0000	-0.00077978	    0.17371	   0.020817	
6	8	 0.00013477	 0.00015926	     109.28	     1.2365	-9.7531e+92	-9.7531e+92	 0.00053866	 0.00017224	     0.0000	-3.7183e-05	  0.0015522	 0.00054920	
6	9	   0.015149	   0.017902	     62.827	     2.5956	-9.7531e+92	-9.7531e+92	   0.061372	   0.011148	     0.0000	 -0.0074413	    0.12096	   0.048596	
6	10	 4.5256e-08	 5.3481e-08	     153.37	    0.45919	-9.7531e+92	-9.7531e+92	 4.2123e-05	 6.1285e-05	     0.0000	-1.7613e-06	 0.00048597	 7.1839e-06	
6	11	 5.6132e-06	 6.6334e-06	     117.04	     1.0431	-9.7531e+92	-9.7531e+92	 7.9508e-05	 6.4092e-05	     0.0000	-7.8963e-06	 0.00054536	 7.2567e-05	
6	12	 4.4391e-08	 5.2460e-08	     152.49	    0.46823	-9.7531e+92	-9.7531e+92	 4.6702e-05	 6.1473e-05	     0.0000	-9.3719e-06	 0.00048504	 3.2904e-05	
6	13	    0.10807	    0.12771	     53.773	     2.7685	-9.7531e+92	-9.7531e+92	   0.068559	   0.057763	     0.0000	     0.0000	    0.51931	   0.012682	
6	14	   0.083035	   0.098127	     41.508	     2.9135	-9.7531e+92	-9.7531e+92	   0.040249	   0.063612	     0.0000	  0.0022047	    0.66893	 -0.0077778	
6	15	  0.0037977	  0.0044880	     96.746	     1.5991	-9.7531e+92	-9.7531e+92	  0.0018135	  0.0033568	     0.0000	 9.2845e-05	   0.029618	-0.00028355	
6	16	 7.3360e-16	 8.6694e-16	     111.89	     1.1685	-9.7531e+92	-9.7531e+92	 3.9383e-05	 5.9756e-05	     0.0000	 8.5662e-10	 0.00048867	-2.6077e-09	
6	17	 4.7962e-15	 5.6679e-15	     251.72	   0.072906	-9.7531e+92	-9.7531e+92	 8.2614e-05	 6.2882e-05	     0.0000	-0.00023603	 0.00047292	 0.00033108	
6	18	    0.50373	    0.59529	     36.723	     2.9464	-9.7531e+92	-9.7531e+92	    0.18581	    0.38704	   0.022005	   0.035026	     4.1566	   -0.16984	
6	19	 7.2967e-06	 8.6230e-06	     133.74	    0.71443	-9.7531e+92	-9.7531e+92	 0.00017365	 6.7722e-05	     0.0000	-0.00012798	 0.00054661	 0.00051564	
6	20	 8.0033e-05	 9.4580e-05	     111.59	     1.1762	-9.7531e+92	-9.7531e+92	 0.00034181	 0.00013053	     0.0000	-8.5544e-05	  0.0011035	 0.00040622	
6	21	  0.0046370	  0.0054798	     78.899	     2.1621	-9.7531e+92	-9.7531e+92	   0.039810	  0.0023009	     0.0000	     0.0000	   0.044408	     0.0000	
6	22	 1.0164e-15	 1.2011e-15	     216.08	    0.13159	-9.7531e+92	-9.7531e+92	 0.00056214	 5.7950e-05	     0.0000	 -0.0019295	 0.00048582	  0.0033701	
6	23	 0.00029047	 0.00034327	     73.330	     2.3271	-9.7531e+92	-9.7531e+92	 0.00044100	 0.00029069	     0.0000	-1.6268e-05	  0.0028878	 0.00051835	
6	24	 1.7666e-05	 2.0877e-05	     108.13	     1.2674	-9.7531e+92	-9.7531e+92	 0.00010757	 6.9057e-05	     0.0000	-2.2834e-05	 0.00065709	 0.00014785	
7	0	    0.16672	    0.21074	     80.265	     2.1201	-9.7531e+92	-9.7531e+92	   0.073893	    0.11032	  0.0037891	 0.00030545	     1.2631	    0.57766	
7	1	    0.22044	    0.27864	     75.481	     2.2648	-9.7531e+92	-9.7531e+92	   0.087033	    0.14229	   0.017863	   0.020775	     1.6509	    0.85362	
7	2	  0.0035020	  0.0044266	     153.12	    0.46179	-9.7531e+92	-9.7531e+92	  0.0034663	  0.0027663	     0.0000	  -0.014715	   0.031077	  -0.030937	
7	3	 9.3761e-06	 1.1852e-05	     215.68	    0.13250	-9.7531e+92	-9.7531e+92	 0.00039696	 5.9226e-05	     0.0000	 -0.0059894	 0.00066817	  -0.017705	
7	4	 9.6217e-06	 1.2162e-05	     209.16	    0.14897	-9.7531e+92	-9.7531e+92	  0.0013906	 5.8338e-05	     0.0000	  -0.027435	 0.00068409	  -0.051999	
7	5	   0.015412	   0.019481	     89.752	     1.8194	-9.7531e+92	-9.7531e+92	   0.025825	   0.011530	     0.0000	  -0.029956	    0.13193	   -0.29179	
7	6	    0.11521	    0.14563	     34.871	     2.9563	-9.7531e+92	-9.7531e+92	   0.069082	   0.092380	     0.0000	 0.00094848	    0.97269	   0.027421	
7	7	     0.0000	     0.0000	     0.0000	     3.0000	-9.7531e+92	-9.7531e+92	    0.65577	     0.0000	    0.57966	     0.0000	     0.0000	     0.0000	
7	8	 0.00021428	 0.00027085	     109.89	     1.2203	-9.7531e+92	-9.7531e+92	 0.00031640	 0.00023201	     0.0000	-0.00026645	  0.0023900	 -0.0041964	
7	9	   0.047891	   0.060534	     64.406	     2.5596	-9.7531e+92	-9.7531e+92	   0.050700	   0.038708	     0.0000	  -0.036985	    0.40241	   -0.27044	
7	10	 4.6524e-07	 5.8807e-07	     153.29	    0.46001	-9.7531e+92	-9.7531e+92	 4.4466e-05	 5.9134e-05	     0.0000	-1.3273e-05	 0.00053991	-5.5980e-05	
7	11	 3.1573e-05	 3.9909e-05	     112.26	     1.1591	-9.7531e+92	-9.7531e+92	 7.5976e-05	 8.0425e-05	     0.0000	-4.9017e-05	 0.00086263	-0.00046807	
7	12	 5.2127e-08	 6.5889e-08	     158.06	    0.41430	-9.7531e+92	-9.7531e+92	 4.7839e-05	 5.9182e-05	     0.0000	-7.3058e-05	 0.00053211	-0.00026564	
7	13	    0.15844	    0.20027	     57.312	     2.7078	-9.7531e+92	-9.7531e+92	   0.090232	    0.12531	     0.0000	   0.016330	     1.5060	   0.091409	
7	14	   0.080691	    0.10199	     65.464	     2.5345	-9.7531e+92	-9.7531e+92	   0.047788	   0.025650	     0.0000	     0.0000	    0.16576	     0.0000	
7	15	 0.00038726	 0.00048951	     131.62	    0.74982	-9.7531e+92	-9.7531e+92	 0.00078263	 0.00032668	     0.0000	 -0.0027006	  0.0039575	  -0.013536	
7	16	 1.7435e-14	 2.2038e-14	     137.28	    0.65913	-9.7531e+92	-9.7531e+92	 4.2124e-05	 5.6051e-05	     0.0000	 6.6786e-09	 0.00056809	 2.0355e-08	
7	17	 4.0719e-14	 5.1470e-14	     281.54	   0.047004	-9.7531e+92	-9.7531e+92	 7.5422e-05	 5.8813e-05	     0.0000	 -0.0018402	 0.00052725	 -0.0026845	
7	18	    0.10528	    0.13308	     38.248	     2.9371	-9.7531e+92	-9.7531e+92	   0.074103	   0.081238	     0.0000	  -0.025064	    0.94302	   -0.16363	
7	19	 1.6678e-05	 2.1081e-05	     154.38	    0.44913	-9.7531e+92	-9.7531e+92	 0.00011361	 7.2433e-05	     0.0000	-0.00098763	 0.00067743	 -0.0042181	
7	20	 2.9078e-05	 3.6756e-05	     126.68	    0.83907	-9.7531e+92	-9.7531e+92	 0.00016225	 8.2025e-05	     0.0000	-0.00071393	 0.00078713	 -0.0035883	
7	21	   0.078200	   0.098846	     44.967	     2.8822	-9.7531e+92	-9.7531e+92	   0.079213	   0.059271	     0.0000	  -0.028180	    0.66441	   -0.36102	
7	22	 5.9415e-15	 7.5102e-15	     241.36	   0.085874	-9.7531e+92	-9.7531e+92	 0.00043251	 5.4462e-05	     0.0000	  -0.015043	 0.00053588	  -0.028128	
7	23	  0.0066513	  0.0084074	     58.677	     2.6821	-9.7531e+92	-9.7531e+92	  0.0024641	  0.0054825	 0.00085988	 0.00075582	   0.058099	   0.025172	
7	24	 0.00086377	  0.0010918	     84.614	     1.9834	-9.7531e+92	-9.7531e+92	 0.00044314	 0.00075336	 8.1577e-06	 0.00040070	  0.0079207	  0.0027059	
8	0	   0.053845	   0.034968	     172.11	    0.30693	-9.7531e+92	-9.7531e+92	   0.016193	  0.0023038	     0.0000	-6.4064e-07	   -0.22131	  0.0063939	
8	1	   0.046047	   0.029904	     184.58	    0.23797	-9.7531e+92	-9.7531e+92	   0.015202	  0.0019688	     0.0000	-0.00015583	   -0.19195	   0.034328	
8	2	 0.00013957	 9.0639e-05	     174.51	    0.29198	-9.7531e+92	-9.7531e+92	  0.0015375	 8.7230e-06	     0.0000	 -0.0032081	-0.00094527	   0.042188	
8	3	 3.2555e-05	 2.1141e-05	     221.29	    0.12010	-9.7531e+92	-9.7531e+92	 0.00025628	 4.3140e-06	     0.0000	-0.00084970	-0.00044670	   0.015237	
8	4	 0.00028743	 0.00018666	     186.41	    0.22946	-9.7531e+92	-9.7531e+92	  0.0010862	 1.3644e-05	     0.0000	 -0.0038038	 -0.0016202	   0.045035	
8	5	    0.27078	    0.17585	     54.235	     2.7611	-9.7531e+92	-9.7531e+92	   0.061398	   0.010144	   0.011598	   0.012256	    -1.2762	   -0.86477	
8	6	   0.016374	   0.010633	     109.28	     1.2365	-9.7531e+92	-9.7531e+92	   0.014459	 0.00070199	     0.0000	 -0.0021600	  -0.078774	    0.42156	
8	7	   0.044467	   0.028877	     109.89	     1.2203	-9.7531e+92	-9.7531e+92	   0.017106	  0.0019135	     0.0000	-0.00035061	   -0.21295	   0.071349	
8	8	     0.0000	     0.0000	     0.0000	     3.0000	-9.7531e+92	-9.7531e+92	    0.32530	     0.0000	    0.32453	     0.0000	     0.0000	     0.0000	
8	9	 1.0957e-06	 7.1157e-07	     171.65	    0.30991	-9.7531e+92	-9.7531e+92	   0.022541	 2.9679e-06	     0.0000	 -0.0096753	-0.00032596	    0.47871	
8	10	  0.0017143	  0.0011133	     44.054	     2.8911	-9.7531e+92	-9.7531e+92	 0.00031755	 5.7731e-05	 0.00026609	 0.00011825	 -0.0063835	 -0.0056944	
8	11	  0.0058844	  0.0038214	     32.525	     2.9668	-9.7531e+92	-9.7531e+92	  0.0010665	 0.00019087	 0.00093701	 7.8154e-05	  -0.021635	  -0.019538	
8	12	 0.00089894	 0.00058378	     55.069	     2.7473	-9.7531e+92	-9.7531e+92	 0.00025127	 3.2280e-05	 0.00017060	 8.1272e-05	 -0.0036450	 -0.0029751	
8	13	    0.17837	    0.11584	     162.59	    0.37553	-9.7531e+92	-9.7531e+92	   0.045884	  0.0075281	     0.0000	  0.0049140	   -0.76189	   -0.15352	
8	14	   0.072146	   0.046853	     146.54	    0.53466	-9.7531e+92	-9.7531e+92	   0.020404	  0.0031001	     0.0000	 0.00096686	   -0.31907	  -0.029602	
8	15	 2.6124e-05	 1.6965e-05	     159.01	    0.40580	-9.7531e+92	-9.7531e+92	 0.00042028	 4.1058e-06	     0.0000	-0.00063960	-0.00044679	   0.014762	
8	16	 5.0026e-14	 3.2487e-14	     112.87	     1.1438	-9.7531e+92	-9.7531e+92	 2.1642e-05	 2.9081e-06	     0.0000	 8.6399e-10	-0.00031249	-1.9792e-08	
8	17	 3.1717e-14	 2.0597e-14	     258.50	   0.065716	-9.7531e+92	-9.7531e+92	 4.6695e-05	 2.9740e-06	     0.0000	-0.00026263	-0.00032817	  0.0027011	
8	18	    0.24453	    0.15880	     75.421	     2.2666	-9.7531e+92	-9.7531e+92	   0.069116	  0.0094930	     0.0000	   0.010961	    -1.1135	   -0.45400	
8	19	   0.018983	   0.012328	     80.536	     2.1117	-9.7531e+92	-9.7531e+92	  0.0032567	 0.00074948	  0.0026129	  0.0021989	  -0.088096	  -0.079151	
8	20	  0.0080587	  0.0052334	     51.987	     2.7958	-9.7531e+92	-9.7531e+92	  0.0017576	 0.00029743	  0.0011936	 0.00062411	  -0.035922	  -0.030328	
8	21	  0.0012995	 0.00084392	     132.38	    0.73687	-9.7531e+92	-9.7531e+92	   0.025181	 5.7115e-05	     0.0000	 -0.0080574	 -0.0065432	    0.69580	
8	22	 1.8337e-07	 1.1908e-07	     168.70	    0.32968	-9.7531e+92	-9.7531e+92	 0.00034952	 2.7058e-06	     0.0000	 -0.0021228	-0.00032480	   0.027852	
8	23	   0.025701	   0.016691	     54.810	     2.7517	-9.7531e+92	-9.7531e+92	  0.0044359	  0.0011299	  0.0036117	 0.00046026	   -0.12513	   -0.11310	
8	24	   0.010407	  0.0067586	     77.960	     2.1908	-9.7531e+92	-9.7531e+92	  0.0017584	 0.00046119	  0.0015349	 0.00097163	  -0.050837	  -0.046744	
9	0	   0.016259	   0.018513	     86.890	     1.9108	-9.7531e+92	-9.7531e+92	   0.019516	   0.010698	     0.0000	-3.2377e-05	   0.055337	  -0.048619	
9	1	   0.044625	   0.050812	     55.376	     2.7421	-9.7531e+92	-9.7531e+92	   0.024514	   0.035581	     0.0000	-0.00038154	    0.29747	  -0.012389	
9	2	 0.00096004	  0.0010931	     133.64	    0.71608	-9.7531e+92	-9.7531e+92	  0.0017696	  0.0010672	     0.0000	 -0.0061864	  0.0081033	 -0.0098962	
9	3	 4.1269e-05	 4.6990e-05	     191.41	    0.20802	-9.7531e+92	-9.7531e+92	 0.00024777	 0.00011261	     0.0000	 -0.0017841	 0.00088087	 -0.0040451	
9	4	 5.1766e-06	 5.8943e-06	     223.28	    0.11603	-9.7531e+92	-9.7531e+92	 0.00073474	 7.0106e-05	     0.0000	 -0.0082490	 0.00057659	  -0.011908	
9	5	 0.00019483	 0.00022184	     134.70	    0.69890	-9.7531e+92	-9.7531e+92	  0.0084734	 0.00020168	     0.0000	-0.00062175	  0.0019281	  -0.082143	
9	6	  0.0025212	  0.0028708	     62.827	     2.5956	-9.7531e+92	-9.7531e+92	   0.038262	  0.0022266	     0.0000	     0.0000	   0.019519	   -0.11239	
9	7	  0.0052452	  0.0059724	     64.406	     2.5596	-9.7531e+92	-9.7531e+92	   0.020217	  0.0048152	     0.0000	 -0.0025720	   0.039193	  -0.058037	
9	8	 1.4344e-06	 1.6333e-06	     171.65	    0.30991	-9.7531e+92	-9.7531e+92	 0.00013784	 6.6768e-05	     0.0000	-9.8942e-05	 0.00049605	 -0.0011497	
9	9	     0.0000	     0.0000	     0.0000	     3.0000	-9.7531e+92	-9.7531e+92	    0.58456	     0.0000	    0.46460	     0.0000	     0.0000	     0.0000	
9	10	 1.5887e-15	 1.8089e-15	     215.04	    0.13402	-9.7531e+92	-9.7531e+92	 3.9304e-05	 6.5342e-05	     0.0000	-4.1419e-06	 0.00049481	-1.2820e-05	
9	11	 2.7065e-09	 3.0817e-09	     175.31	    0.28718	-9.7531e+92	-9.7531e+92	 5.2334e-05	 6.4172e-05	     0.0000	-1.9317e-05	 0.00049849	-0.00013549	
9	12	 6.9136e-16	 7.8721e-16	     214.99	    0.13415	-9.7531e+92	-9.7531e+92	 4.2057e-05	 6.6730e-05	     0.0000	-2.1977e-05	 0.00048303	-5.8659e-05	
9	13	    0.79062	    0.90024	     9.0540	     2.9998	-9.7531e+92	-9.7531e+92	    0.24344	    0.76996	   0.083747	    0.17717	     6.9175	    0.77647	
9	14	    0.11626	    0.13238	     38.749	     2.9339	-9.7531e+92	-9.7531e+92	   0.046440	   0.097120	     0.0000	   0.014720	    0.77061	   0.059059	
9	15	 0.00036377	 0.00041420	     117.55	     1.0311	-9.7531e+92	-9.7531e+92	 0.00053808	 0.00044625	     0.0000	 -0.0012060	  0.0030459	 -0.0030479	
9	16	 9.8821e-16	 1.1252e-15	     159.83	    0.39862	-9.7531e+92	-9.7531e+92	 3.7946e-05	 7.0429e-05	     0.0000	 2.0072e-09	 0.00044758	 4.4634e-09	
9	17	 3.9244e-15	 4.4685e-15	     293.28	   0.040011	-9.7531e+92	-9.7531e+92	 5.7378e-05	 7.5446e-05	     0.0000	-0.00055307	 0.00042196	-0.00059272	
9	18	   0.020173	   0.022970	     96.665	     1.6016	-9.7531e+92	-9.7531e+92	   0.026179	   0.010556	     0.0000	     0.0000	   0.089075	     0.0000	
9	19	 4.4802e-09	 5.1014e-09	     193.08	    0.20137	-9.7531e+92	-9.7531e+92	 6.9801e-05	 6.6193e-05	     0.0000	-0.00030227	 0.00048470	-0.00095152	
9	20	 1.5236e-07	 1.7349e-07	     174.09	    0.29453	-9.7531e+92	-9.7531e+92	 8.1528e-05	 6.8402e-05	     0.0000	-0.00022259	 0.00047193	-0.00082437	
9	21	  0.0027119	  0.0030879	     83.320	     2.0244	-9.7531e+92	-9.7531e+92	    0.12249	  0.0025314	     0.0000	  -0.016800	   0.020282	   -0.16028	
9	22	 4.8589e-16	 5.5326e-16	     266.14	   0.058633	-9.7531e+92	-9.7531e+92	 0.00024515	 6.8093e-05	     0.0000	 -0.0045212	 0.00044467	 -0.0062414	
9	23	 1.5915e-05	 1.8122e-05	     121.73	    0.93874	-9.7531e+92	-9.7531e+92	 0.00027877	 7.9741e-05	     0.0000	-4.9570e-05	 0.00060665	 -0.0012138	
9	24	 4.1295e-07	 4.7021e-07	     149.07	    0.50520	-9.7531e+92	-9.7531e+92	 9.9081e-05	 6.1967e-05	     0.0000	-5.7052e-05	 0.00050335	-0.00028317	
10	0	  0.0076807	  0.0025768	     210.64	    0.14503	-9.7531e+92	-9.7531e+92	  0.0036249	 2.3774e-05	     0.0000	-1.2083e-06	 -0.0031581	   0.019033	
10	1	 0.00075670	 0.00025387	     228.04	    0.10699	-9.7531e+92	-9.7531e+92	  0.0030529	 2.5288e-06	     0.0000	-6.2700e-05	-0.00033988	   0.021763	
10	2	 0.00024725	 8.2950e-05	     213.20	    0.13850	-9.7531e+92	-9.7531e+92	 0.00093640	 9.6566e-07	     0.0000	-0.00020583	-0.00014121	  0.0042256	
10	3	 2.9399e-05	 9.8631e-06	     258.79	   0.065432	-9.7531e+92	-9.7531e+92	 0.00019555	 3.0271e-07	     0.0000	-5.5158e-05	-4.2538e-05	  0.0015470	
10	4	 0.00032488	 0.00010899	     204.61	    0.16194	-9.7531e+92	-9.7531e+92	 0.00097698	 1.1071e-06	     0.0000	-0.00024618	-0.00017578	  0.0045457	
10	5	    0.18084	   0.060672	     93.726	     1.6933	-9.7531e+92	-9.7531e+92	   0.030546	 0.00053498	  0.0048183	 0.00046797	  -0.083512	  -0.046899	
10	6	  0.0036429	  0.0012222	     153.37	    0.45919	-9.7531e+92	-9.7531e+92	  0.0037407	 1.1741e-05	     0.0000	-0.00015925	 -0.0017381	   0.048348	
10	7	  0.0048790	  0.0016369	     153.29	    0.46001	-9.7531e+92	-9.7531e+92	  0.0041688	 1.5517e-05	     0.0000	-7.9787e-05	 -0.0023118	   0.025258	
10	8	    0.14385	   0.048260	     44.054	     2.8911	-9.7531e+92	-9.7531e+92	   0.013212	 0.00044381	   0.012815	 0.00034183	  -0.066698	  -0.064678	
10	9	 8.9574e-08	 3.0052e-08	     215.04	    0.13402	-9.7531e+92	-9.7531e+92	   0.013239	 2.1228e-07	     0.0000	-0.00062744	-3.1367e-05	   0.048286	
10	10	     0.0000	     0.0000	     0.0000	     3.0000	-9.7531e+92	-9.7531e+92	    0.16784	     0.0000	    0.16782	     0.0000	     0.0000	     0.0000	
10	11	   0.048660	   0.016325	     46.926	     2.8613	-9.7531e+92	-9.7531e+92	  0.0043628	 9.1544e-05	  0.0042959	 6.6423e-05	  -0.014084	  -0.013535	
10	12	   0.079402	   0.026639	     46.012	     2.8713	-9.7531e+92	-9.7531e+92	  0.0067715	 0.00023089	  0.0067298	 0.00071967	  -0.034099	  -0.033244	
10	13	  0.0017276	 0.00057961	     205.99	    0.15786	-9.7531e+92	-9.7531e+92	  0.0096533	 5.4702e-06	     0.0000	 -0.0011646	-0.00075774	   0.057190	
10	14	   0.024620	  0.0082598	     190.48	    0.21181	-9.7531e+92	-9.7531e+92	  0.0062178	 7.6598e-05	     0.0000	-0.00035846	  -0.010749	   0.017196	
10	15	 1.1946e-05	 4.0077e-06	     197.67	    0.18443	-9.7531e+92	-9.7531e+92	 0.00022191	 2.5411e-07	     0.0000	-4.1658e-05	-3.6986e-05	  0.0014952	
10	16	 7.0981e-15	 2.3814e-15	     147.94	    0.51817	-9.7531e+92	-9.7531e+92	 1.1181e-05	 2.1459e-07	     0.0000	 5.5572e-11	-1.9953e-05	-1.2861e-09	
10	17	 9.5251e-15	 3.1956e-15	     270.72	   0.054831	-9.7531e+92	-9.7531e+92	 3.3023e-05	 2.1797e-07	     0.0000	-1.7039e-05	-3.1987e-05	 0.00027191	
10	18	    0.35377	    0.11869	     118.82	     1.0023	-9.7531e+92	-9.7531e+92	   0.046411	  0.0010356	     0.0000	  0.0014899	   -0.15776	  -0.093561	
10	19	   0.043888	   0.014724	     85.643	     1.9506	-9.7531e+92	-9.7531e+92	  0.0044205	 0.00013859	  0.0040879	 0.00039318	  -0.020646	  -0.019738	
10	20	   0.049792	   0.016705	     74.457	     2.2947	-9.7531e+92	-9.7531e+92	  0.0050055	 0.00014200	  0.0047141	 0.00030694	  -0.022256	  -0.021365	
10	21	 0.00033506	 0.00011241	     171.26	    0.31241	-9.7531e+92	-9.7531e+92	  0.0054308	 1.2327e-06	     0.0000	-0.00052579	-0.00018813	   0.070637	
10	22	 1.9744e-05	 6.6240e-06	     176.66	    0.27933	-9.7531e+92	-9.7531e+92	 0.00032273	 2.5942e-07	     0.0000	-0.00013795	-4.1056e-05	  0.0027969	
10	23	   0.049002	   0.016440	     95.614	     1.6342	-9.7531e+92	-9.7531e+92	  0.0044115	 0.00016042	  0.0039857	 6.0289e-05	  -0.023428	  -0.022315	
10	24	  0.0065192	  0.0021872	     102.71	     1.4197	-9.7531e+92	-9.7531e+92	 0.00065308	 2.1358e-05	 0.00053763	 3.9071e-05	 -0.0031321	 -0.0029048	
11	0	   0.069339	   0.026725	     167.10	    0.34103	-9.7531e+92	-9.7531e+92	   0.010836	 0.00084504	     0.0000	 1.6248e-06	   -0.10899	  -0.021300	
11	1	   0.016713	  0.0064415	     185.20	    0.23505	-9.7531e+92	-9.7531e+92	  0.0065993	 0.00020437	     0.0000	-0.00020654	  -0.026690	   0.059253	
11	2	 0.00053150	 0.00020486	     197.83	    0.18388	-9.7531e+92	-9.7531e+92	 0.00084094	 7.1811e-06	     0.0000	-0.00093363	 -0.0010406	   0.015898	
11	3	 1.1907e-05	 4.5894e-06	     244.71	   0.081388	-9.7531e+92	-9.7531e+92	 0.00012061	 9.7098e-07	     0.0000	-0.00025912	-0.00013451	  0.0060232	
11	4	 2.0217e-05	 7.7924e-06	     218.09	    0.12699	-9.7531e+92	-9.7531e+92	 0.00049952	 9.5292e-07	     0.0000	 -0.0011813	-0.00015105	   0.018138	
11	5	    0.17902	   0.068998	     77.490	     2.2050	-9.7531e+92	-9.7531e+92	   0.031513	  0.0020359	  0.0019563	  0.0021256	   -0.31999	   -0.17877	
11	6	   0.016257	  0.0062657	     117.04	     1.0431	-9.7531e+92	-9.7531e+92	  0.0071350	 0.00020085	     0.0000	-0.00065581	  -0.029622	    0.16530	
11	7	   0.080968	   0.031207	     112.26	     1.1591	-9.7531e+92	-9.7531e+92	   0.013403	 0.00099246	     0.0000	 0.00013955	   -0.14670	  -0.036689	
11	8	    0.15188	   0.058540	     32.525	     2.9668	-9.7531e+92	-9.7531e+92	   0.015038	  0.0018220	   0.014582	  0.0016640	   -0.27364	   -0.26596	
11	9	 1.5231e-05	 5.8703e-06	     175.31	    0.28718	-9.7531e+92	-9.7531e+92	   0.015884	 1.0173e-06	     0.0000	 -0.0029335	-0.00014903	    0.18743	
11	10	   0.022697	  0.0087480	     46.926	     2.8613	-9.7531e+92	-9.7531e+92	  0.0022140	 0.00021615	  0.0021835	 0.00061699	  -0.032196	  -0.031262	
11	11	     0.0000	     0.0000	     0.0000	     3.0000	-9.7531e+92	-9.7531e+92	    0.19287	     0.0000	    0.19280	     0.0000	     0.0000	     0.0000	
11	12	  0.0010625	 0.00040953	     77.218	     2.2132	-9.7531e+92	-9.7531e+92	 0.00022212	 1.2188e-05	 0.00017424	 3.9088e-05	 -0.0018588	 -0.0016176	
11	13	  0.0085244	  0.0032856	     166.60	    0.34470	-9.7531e+92	-9.7531e+92	   0.012857	 0.00010302	     0.0000	 -0.0051789	  -0.013998	    0.21037	
11	14	   0.060920	   0.023480	     157.91	    0.41563	-9.7531e+92	-9.7531e+92	   0.011158	 0.00074433	     0.0000	-0.00017198	   -0.10257	  0.0068320	
11	15	 1.4990e-05	 5.7777e-06	     182.32	    0.24896	-9.7531e+92	-9.7531e+92	 0.00021949	 1.0280e-06	     0.0000	-0.00019460	-0.00014882	  0.0057996	
11	16	 5.4871e-15	 2.1149e-15	     142.85	    0.58099	-9.7531e+92	-9.7531e+92	 1.2845e-05	 8.1432e-07	     0.0000	 2.4858e-10	-8.2543e-05	-5.3440e-09	
11	17	 4.4603e-14	 1.7191e-14	     290.18	   0.041722	-9.7531e+92	-9.7531e+92	 2.4567e-05	 8.4382e-07	     0.0000	-7.9631e-05	-0.00012399	  0.0010564	
11	18	    0.34833	    0.13425	     81.269	     2.0888	-9.7531e+92	-9.7531e+92	   0.050633	  0.0039626	     0.0000	  0.0067740	   -0.60087	   -0.35342	
11	19	  0.0018382	 0.00070849	     108.78	     1.2499	-9.7531e+92	-9.7531e+92	 0.00046937	 2.2622e-05	 8.7247e-05	 3.5487e-05	 -0.0034578	 -0.0016217	
11	20	   0.010656	  0.0041072	     83.734	     2.0113	-9.7531e+92	-9.7531e+92	  0.0013041	 7.4816e-05	 0.00096939	 0.00016024	  -0.015111	  -0.013524	
11	21	   0.015791	  0.0060862	     128.65	    0.80225	-9.7531e+92	-9.7531e+92	  0.0093770	 0.00018927	     0.0000	 -0.0022128	  -0.028752	    0.24680	
11	22	 4.8118e-08	 1.8546e-08	     200.45	    0.17499	-9.7531e+92	-9.7531e+92	 0.00015747	 7.6951e-07	     0.0000	-0.00064064	-0.00012269	   0.010888	
11	23	   0.011548	  0.0044511	     53.605	     2.7712	-9.7531e+92	-9.7531e+92	  0.0015025	 0.00014590	  0.0010133	 5.9738e-05	  -0.021338	  -0.018626	
11	24	  0.0038669	  0.0014904	     56.094	     2.7297	-9.7531e+92	-9.7531e+92	 0.00049531	 4.9317e-05	 0.00036268	 0.00010405	 -0.0072120	 -0.0064495	
12	0	  0.0029199	  0.0010251	     226.76	    0.10933	-9.7531e+92	-9.7531e+92	  0.0025146	 3.0321e-05	     0.0000	-5.3184e-06	 -0.0038657	   0.067297	
12	1	  0.0012617	 0.00044296	     231.78	    0.10046	-9.7531e+92	-9.7531e+92	  0.0030429	 1.3486e-05	     0.0000	-0.00024708	 -0.0017420	   0.069362	
12	2	  0.0046458	  0.0016311	     181.48	    0.25322	-9.7531e+92	-9.7531e+92	  0.0021195	 4.5947e-05	     0.0000	-0.00043380	 -0.0067641	  0.0074091	
12	3	 5.7911e-05	 2.0332e-05	     227.10	    0.10870	-9.7531e+92	-9.7531e+92	 0.00055317	 1.2644e-06	     0.0000	-0.00021465	-0.00017588	  0.0049512	
12	4	   0.018840	  0.0066144	     165.11	    0.35583	-9.7531e+92	-9.7531e+92	  0.0037487	 0.00016488	     0.0000	 0.00072723	  -0.027142	  -0.011525	
12	5	    0.30319	    0.10645	     80.590	     2.1100	-9.7531e+92	-9.7531e+92	   0.041501	  0.0029185	   0.014578	  0.0040690	   -0.44694	   -0.32966	
12	6	  0.0020351	 0.00071449	     152.49	    0.46823	-9.7531e+92	-9.7531e+92	  0.0036967	 2.1598e-05	     0.0000	-0.00064311	 -0.0031460	    0.15869	
12	7	  0.0016873	 0.00059238	     158.06	    0.41430	-9.7531e+92	-9.7531e+92	  0.0035960	 1.7901e-05	     0.0000	-0.00033569	 -0.0026190	   0.086360	
12	8	    0.12579	   0.044162	     55.069	     2.7473	-9.7531e+92	-9.7531e+92	   0.011979	  0.0013108	   0.011563	  0.0012497	   -0.19019	   -0.18632	
12	9	 1.2378e-08	 4.3456e-09	     214.99	    0.13415	-9.7531e+92	-9.7531e+92	   0.012003	 6.8952e-07	     0.0000	 -0.0024959	-0.00010009	    0.15612	
12	10	  0.0052814	  0.0018542	     46.012	     2.8713	-9.7531e+92	-9.7531e+92	 0.00053307	 3.2253e-05	 0.00050524	 8.5420e-05	 -0.0044908	 -0.0043381	
12	11	   0.020681	  0.0072608	     77.218	     2.2132	-9.7531e+92	-9.7531e+92	  0.0022211	 0.00021620	  0.0021510	 0.00033696	  -0.031422	  -0.030783	
12	12	     0.0000	     0.0000	     0.0000	     3.0000	-9.7531e+92	-9.7531e+92	    0.17584	     0.0000	    0.17579	     0.0000	     0.0000	     0.0000	
12	13	  0.0037526	  0.0013175	     205.94	    0.15802	-9.7531e+92	-9.7531e+92	  0.0095461	 3.8202e-05	     0.0000	 -0.0045652	 -0.0051294	    0.18148	
12	14	  0.0081597	  0.0028647	     188.63	    0.21964	-9.7531e+92	-9.7531e+92	  0.0054413	 8.3533e-05	     0.0000	 -0.0020062	  -0.011408	   0.078001	
12	15	 5.1646e-05	 1.8132e-05	     166.81	    0.34315	-9.7531e+92	-9.7531e+92	 0.00040753	 1.2328e-06	     0.0000	-0.00016274	-0.00017773	  0.0047757	
12	16	 1.8159e-14	 6.3754e-15	     115.95	     1.0685	-9.7531e+92	-9.7531e+92	 1.1700e-05	 6.8204e-07	     0.0000	 2.1700e-10	-7.2295e-05	-4.7483e-09	
12	17	 3.9553e-14	 1.3886e-14	     225.22	    0.11223	-9.7531e+92	-9.7531e+92	 9.0916e-05	 6.8949e-07	     0.0000	-6.6536e-05	-0.00010209	 0.00087966	
12	18	    0.25561	   0.089740	     120.73	    0.96010	-9.7531e+92	-9.7531e+92	   0.042462	  0.0024410	     0.0000	  0.0032206	   -0.36340	   -0.16407	
12	19	    0.12841	   0.045084	     44.530	     2.8865	-9.7531e+92	-9.7531e+92	   0.011780	 0.00084702	   0.011432	  0.0026476	   -0.15811	   -0.15477	
12	20	    0.11493	   0.040350	     45.010	     2.8817	-9.7531e+92	-9.7531e+92	   0.010988	  0.0011479	   0.010683	  0.0034315	   -0.17103	   -0.16784	
12	21	 2.2840e-07	 8.0189e-08	     187.39	    0.22505	-9.7531e+92	-9.7531e+92	  0.0051930	 6.6690e-07	     0.0000	 -0.0020961	-0.00010020	    0.22886	
12	22	 0.00034001	 0.00011937	     131.16	    0.75767	-9.7531e+92	-9.7531e+92	  0.0011789	 3.7108e-06	     0.0000	-0.00047886	-0.00061022	  0.0084727	
12	23	  0.0023451	 0.00082334	     109.85	     1.2215	-9.7531e+92	-9.7531e+92	 0.00051552	 2.5595e-05	 6.9952e-05	 5.8268e-06	 -0.0036880	 -0.0017229	
12	24	 1.3122e-05	 4.6071e-06	     132.31	    0.73810	-9.7531e+92	-9.7531e+92	 9.0021e-05	 8.4768e-07	     0.0000	-6.6700e-06	-0.00012227	 0.00040028	
13	0	  0.0046627	   0.021532	     86.013	     1.9388	-9.7531e+92	-9.7531e+92	    0.10518	  0.0039267	     0.0000	-2.9480e-05	   0.011770	   0.024041	
13	1	  0.0082208	   0.037964	     57.043	     2.7128	-9.7531e+92	-9.7531e+92	   0.081865	  0.0074667	     0.0000	 -0.0012323	   0.032306	   0.023305	
13	2	 0.00056695	  0.0026182	     127.66	    0.82064	-9.7531e+92	-9.7531e+92	  0.0057135	 0.00073055	     0.0000	 -0.0045394	  0.0033256	  0.0065351	
13	3	 5.7833e-06	 2.6707e-05	     188.65	    0.21955	-9.7531e+92	-9.7531e+92	 0.00088040	 7.4692e-05	     0.0000	 -0.0012663	 0.00031710	  0.0023876	
13	4	 1.1538e-06	 5.3284e-06	     217.30	    0.12878	-9.7531e+92	-9.7531e+92	  0.0025379	 7.5067e-05	     0.0000	 -0.0057995	 0.00037913	  0.0074580	
13	5	 0.00011426	 0.00052768	     125.66	    0.85869	-9.7531e+92	-9.7531e+92	   0.054211	 0.00018051	     0.0000	 -0.0079055	 0.00083867	   0.058825	
13	6	  0.0012898	  0.0059562	     53.773	     2.7685	-9.7531e+92	-9.7531e+92	    0.34312	  0.0014136	     0.0000	 -0.0037126	  0.0063393	   0.087041	
13	7	  0.0011556	  0.0053366	     57.312	     2.7078	-9.7531e+92	-9.7531e+92	   0.060547	  0.0011993	     0.0000	 -0.0019420	  0.0058295	   0.047229	
13	8	 1.7189e-06	 7.9380e-06	     162.59	    0.37553	-9.7531e+92	-9.7531e+92	 0.00085250	 7.3668e-05	     0.0000	-6.9518e-05	 0.00034458	 0.00094255	
13	9	 0.00064136	  0.0029618	     9.0540	     2.9998	-9.7531e+92	-9.7531e+92	   0.080351	 0.00044206	     0.0000	     0.0000	  0.0045258	     0.0000	
13	10	 8.8670e-18	 4.0948e-17	     205.99	    0.15786	-9.7531e+92	-9.7531e+92	 0.00016039	 8.1463e-05	     0.0000	-2.9109e-06	 0.00026051	 1.0938e-05	
13	11	 1.3940e-08	 6.4376e-08	     166.60	    0.34470	-9.7531e+92	-9.7531e+92	 0.00025393	 7.9494e-05	     0.0000	-1.3575e-05	 0.00027135	 0.00011487	
13	12	 2.8474e-17	 1.3149e-16	     205.94	    0.15802	-9.7531e+92	-9.7531e+92	 0.00017133	 8.2032e-05	     0.0000	-1.5445e-05	 0.00025795	 4.9950e-05	
13	13	     0.0000	     0.0000	     0.0000	     3.0000	-9.7531e+92	-9.7531e+92	     2.4315	     0.0000	     1.7838	     0.0000	     0.0000	     0.0000	
13	14	  0.0085159	   0.039327	     32.765	     2.9658	-9.7531e+92	-9.7531e+92	    0.10119	  0.0086090	     0.0000	  -0.011430	   0.040275	   0.035326	
13	15	 8.3233e-05	 0.00038437	     111.52	     1.1779	-9.7531e+92	-9.7531e+92	  0.0018484	 0.00016655	     0.0000	-0.00092930	 0.00069326	  0.0025914	
13	16	 6.0764e-17	 2.8061e-16	     153.85	    0.45440	-9.7531e+92	-9.7531e+92	 0.00015390	 8.2212e-05	     0.0000	 1.4107e-09	 0.00024067	-3.9707e-09	
13	17	 5.3776e-17	 2.4834e-16	     287.27	   0.043413	-9.7531e+92	-9.7531e+92	 0.00022360	 8.4884e-05	     0.0000	-0.00038869	 0.00023869	 0.00050195	
13	18	  0.0026403	   0.012193	     87.611	     1.8878	-9.7531e+92	-9.7531e+92	    0.14884	  0.0023919	     0.0000	  -0.011088	   0.011104	   0.092755	
13	19	 4.4554e-08	 2.0575e-07	     184.51	    0.23831	-9.7531e+92	-9.7531e+92	 0.00030202	 8.1474e-05	     0.0000	-0.00021242	 0.00026722	 0.00078618	
13	20	 3.0267e-07	 1.3977e-06	     165.04	    0.35635	-9.7531e+92	-9.7531e+92	 0.00040624	 7.7148e-05	     0.0000	-0.00015640	 0.00030882	 0.00068238	
13	21	    0.97209	     4.4891	     76.619	     2.2311	-9.7531e+92	-9.7531e+92	     1.1940	     1.0000	    0.47943	   0.063379	     4.4917	   -0.65636	
13	22	 1.4587e-17	 6.7363e-17	     260.15	   0.064098	-9.7531e+92	-9.7531e+92	 0.00087147	 7.8457e-05	     0.0000	 -0.0031775	 0.00025353	  0.0050920	
13	23	 9.1795e-06	 4.2391e-05	     113.01	     1.1402	-9.7531e+92	-9.7531e+92	  0.0017780	 8.2001e-05	     0.0000	-3.5035e-05	 0.00037949	  0.0010271	
13	24	 6.7925e-07	 3.1368e-06	     142.21	    0.58941	-9.7531e+92	-9.7531e+92	 0.00056766	 7.4297e-05	     0.0000	-4.0057e-05	 0.00030270	 0.00023871	
14	0	   0.047999	    0.17480	     114.85	     1.0949	-9.7531e+92	-9.7531e+92	    0.12597	   0.031986	     0.0000	-2.8557e-06	    0.15974	  0.0032918	
14	1	   0.042946	    0.15640	     88.839	     1.8485	-9.7531e+92	-9.7531e+92	    0.13381	   0.026272	     0.0000	-0.00020550	   0.089865	  0.0054151	
14	2	   0.034707	    0.12639	     97.273	     1.5829	-9.7531e+92	-9.7531e+92	   0.038647	   0.023878	  0.0025017	  0.0074633	    0.11735	  -0.014841	
14	3	 0.00056535	  0.0020588	     161.01	    0.38854	-9.7531e+92	-9.7531e+92	  0.0039494	 0.00042491	     0.0000	-0.00049245	  0.0019121	  0.0017369	
14	4	 0.00022152	 0.00080671	     184.55	    0.23808	-9.7531e+92	-9.7531e+92	   0.014132	 0.00020657	     0.0000	 -0.0035226	  0.0011871	  0.0062273	
14	5	  0.0039607	   0.014424	     108.09	     1.2686	-9.7531e+92	-9.7531e+92	   0.047159	  0.0029693	     0.0000	 -0.0049361	   0.015328	   0.046797	
14	6	  0.0075572	   0.027521	     41.508	     2.9135	-9.7531e+92	-9.7531e+92	   0.094776	  0.0059361	     0.0000	 -0.0022991	   0.028953	   0.068111	
14	7	    0.63726	     2.3207	     65.464	     2.5345	-9.7531e+92	-9.7531e+92	    0.61577	    0.47488	    0.39649	   0.012466	     2.4419	   -0.38357	
14	8	 6.5617e-05	 0.00023896	     146.54	    0.53466	-9.7531e+92	-9.7531e+92	 0.00062519	 0.00010917	     0.0000	-4.3084e-05	 0.00049430	 0.00073237	
14	9	    0.12946	    0.47146	     38.749	     2.9339	-9.7531e+92	-9.7531e+92	    0.19535	   0.098963	     0.0000	  0.0021395	    0.50232	  -0.016099	
14	10	 3.0203e-14	 1.0999e-13	     190.48	    0.21181	-9.7531e+92	-9.7531e+92	 0.00012666	 5.8160e-05	     0.0000	-1.9136e-06	 0.00022107	 8.9763e-06	
14	11	 6.2163e-07	 2.2638e-06	     157.91	    0.41563	-9.7531e+92	-9.7531e+92	 0.00017855	 5.6611e-05	     0.0000	-8.8832e-06	 0.00024547	 9.3897e-05	
14	12	 1.3944e-13	 5.0779e-13	     188.63	    0.21964	-9.7531e+92	-9.7531e+92	 0.00014066	 5.8491e-05	     0.0000	-1.0153e-05	 0.00021521	 4.0999e-05	
14	13	   0.031968	    0.11642	     32.765	     2.9658	-9.7531e+92	-9.7531e+92	    0.18551	   0.024274	     0.0000	  -0.013653	    0.14974	   0.053655	
14	14	     0.0000	     0.0000	     0.0000	     3.0000	-9.7531e+92	-9.7531e+92	     1.8911	     0.0000	     1.6543	     0.0000	     0.0000	     0.0000	
14	15	  0.0077993	   0.028403	     78.991	     2.1593	-9.7531e+92	-9.7531e+92	  0.0096611	  0.0047874	     0.0000	     0.0000	   0.038404	     0.0000	
14	16	 7.8536e-13	 2.8601e-12	     121.20	    0.94999	-9.7531e+92	-9.7531e+92	 0.00012136	 5.6488e-05	     0.0000	 8.1348e-10	 0.00022589	-3.2448e-09	
14	17	 2.6217e-13	 9.5476e-13	     254.84	   0.069479	-9.7531e+92	-9.7531e+92	 0.00042599	 5.5917e-05	     0.0000	-0.00024507	 0.00022801	 0.00041225	
14	18	   0.052928	    0.19275	     78.249	     2.1820	-9.7531e+92	-9.7531e+92	    0.14358	   0.039483	     0.0000	 -0.0089196	    0.22294	   0.050082	
14	19	 5.1437e-06	 1.8732e-05	     166.55	    0.34505	-9.7531e+92	-9.7531e+92	 0.00045816	 6.0601e-05	     0.0000	-0.00013880	 0.00025967	 0.00064385	
14	20	 3.5960e-05	 0.00013096	     147.73	    0.52061	-9.7531e+92	-9.7531e+92	 0.00041958	 8.5548e-05	     0.0000	-9.7953e-05	 0.00038116	 0.00053686	
14	21	  0.0024384	  0.0088799	     101.18	     1.4647	-9.7531e+92	-9.7531e+92	    0.13218	  0.0018444	     0.0000	 -0.0077757	  0.0096582	    0.10180	
14	22	 6.8207e-14	 2.4839e-13	     227.39	    0.10817	-9.7531e+92	-9.7531e+92	  0.0040652	 5.2149e-05	     0.0000	 -0.0020299	 0.00022912	  0.0041991	
14	23	 7.7292e-05	 0.00028148	     114.84	     1.0952	-9.7531e+92	-9.7531e+92	  0.0026531	 0.00012079	     0.0000	-2.1719e-05	 0.00049706	 0.00079606	
14	24	 5.0090e-06	 1.8241e-05	     150.00	    0.49487	-9.7531e+92	-9.7531e+92	 0.00058831	 5.9043e-05	     0.0000	-2.5922e-05	 0.00024686	 0.00019306	
15	0	  0.0029555	  0.0032043	     189.51	    0.21584	-9.7531e+92	-9.7531e+92	   0.012632	 0.00061342	     0.0000	-0.00010092	  0.0044687	  -0.079355	
15	1	   0.020841	   0.022596	     167.83	    0.33581	-9.7531e+92	-9.7531e+92	   0.018110	  0.0042280	     0.0000	 -0.0029744	   0.029323	  -0.049492	
15	2	    0.17032	    0.18466	     21.827	     2.9932	-9.7531e+92	-9.7531e+92	   0.056645	   0.024610	   0.045884	    0.15801	    0.10092	    0.12160	
15	3	    0.11284	    0.12234	     84.108	     1.9994	-9.7531e+92	-9.7531e+92	   0.036825	  0.0081516	   0.032843	   0.019521	   -0.10396	  -0.080176	
15	4	   0.067835	   0.073547	     106.18	     1.3210	-9.7531e+92	-9.7531e+92	   0.043307	  0.0090022	   0.031648	   0.066393	   0.038585	   0.042084	
15	5	   0.056352	   0.061097	     104.94	     1.3557	-9.7531e+92	-9.7531e+92	   0.026281	   0.010749	     0.0000	 -0.0069690	   0.047333	  -0.019816	
15	6	  0.0069351	  0.0075191	     96.746	     1.5991	-9.7531e+92	-9.7531e+92	   0.016359	  0.0014302	     0.0000	  -0.011655	  0.0053715	  -0.092467	
15	7	 0.00093224	  0.0010107	     131.62	    0.74982	-9.7531e+92	-9.7531e+92	   0.042654	 0.00020373	     0.0000	 -0.0064565	 0.00076727	  -0.054195	
15	8	 6.6405e-06	 7.1996e-06	     159.01	    0.40580	-9.7531e+92	-9.7531e+92	 0.00023882	 1.5555e-05	     0.0000	-0.00022923	 4.9187e-05	-0.00092363	
15	9	  0.0076624	  0.0083076	     117.55	     1.0311	-9.7531e+92	-9.7531e+92	   0.021888	  0.0015987	     0.0000	  -0.043952	  0.0057640	  -0.087717	
15	10	 3.4160e-14	 3.7037e-14	     197.67	    0.18443	-9.7531e+92	-9.7531e+92	 3.8519e-05	 1.4184e-05	     0.0000	-9.6405e-06	 4.1416e-05	-9.9482e-06	
15	11	 2.7503e-14	 2.9818e-14	     182.32	    0.24896	-9.7531e+92	-9.7531e+92	 6.1107e-05	 1.4186e-05	     0.0000	-4.4965e-05	 4.1749e-05	-0.00010582	
15	12	 1.1619e-07	 1.2597e-07	     166.81	    0.34315	-9.7531e+92	-9.7531e+92	 5.9741e-05	 1.4099e-05	     0.0000	-5.1045e-05	 4.2770e-05	-4.5518e-05	
15	13	    0.12325	    0.13363	     111.52	     1.1779	-9.7531e+92	-9.7531e+92	   0.057205	   0.024777	     0.0000	  -0.010891	    0.16304	  -0.023426	
15	14	    0.40143	    0.43524	     78.991	     2.1593	-9.7531e+92	-9.7531e+92	    0.12556	   0.079278	   0.055054	    0.22493	    0.42465	    0.41478	
15	15	     0.0000	     0.0000	     0.0000	     3.0000	-9.7531e+92	-9.7531e+92	    0.54906	     0.0000	    0.54544	     0.0000	     0.0000	     0.0000	
15	16	 1.3935e-14	 1.5108e-14	     65.362	     2.5370	-9.7531e+92	-9.7531e+92	 3.6132e-05	 1.3097e-05	     0.0000	 3.7659e-09	 0.00010426	 7.2413e-09	
15	17	 3.5446e-08	 3.8430e-08	     175.81	    0.28425	-9.7531e+92	-9.7531e+92	  0.0010201	 1.0960e-05	 0.00031836	-0.00089312	 7.9873e-05	-0.00074222	
15	18	   0.028090	   0.030456	     116.73	     1.0502	-9.7531e+92	-9.7531e+92	   0.030856	  0.0053769	     0.0000	  -0.057942	   0.028862	   -0.12501	
15	19	 0.00017847	 0.00019350	     131.26	    0.75593	-9.7531e+92	-9.7531e+92	 0.00084900	 4.9988e-05	     0.0000	-0.00052655	 0.00018064	-0.00061686	
15	20	 0.00029128	 0.00031580	     124.66	    0.87845	-9.7531e+92	-9.7531e+92	 0.00039360	 7.3648e-05	     0.0000	-0.00031466	 0.00026578	-0.00042487	
15	21	 5.0135e-05	 5.4357e-05	     175.65	    0.28523	-9.7531e+92	-9.7531e+92	   0.031538	 2.3231e-05	     0.0000	  -0.039790	 8.8862e-05	   -0.14038	
15	22	 1.7698e-05	 1.9189e-05	     163.21	    0.37056	-9.7531e+92	-9.7531e+92	   0.012119	 1.3710e-05	  0.0054966	 -0.0078435	 8.0027e-05	 -0.0062724	
15	23	 3.2636e-06	 3.5384e-06	     149.47	    0.50076	-9.7531e+92	-9.7531e+92	 0.00028814	 1.4874e-05	     0.0000	-0.00011661	 4.4463e-05	-0.00096551	
15	24	 4.7259e-14	 5.1239e-14	     189.75	    0.21485	-9.7531e+92	-9.7531e+92	 8.0360e-05	 1.4191e-05	     0.0000	-0.00013300	 4.1774e-05	-0.00022256	
16	0	   0.097353	     0.0000	     217.18	    0.12904	-9.7531e+92	-9.7531e+92	     0.0000	 7.0655e-05	     0.0000	     0.0000	 4.0690e-13	     0.0000	
16	1	    0.13030	     0.0000	     207.46	    0.15366	-9.7531e+92	-9.7531e+92	     0.0000	 9.4931e-05	     0.0000	     0.0000	 5.1527e-13	     0.0000	
16	2	   0.010178	     0.0000	     68.097	     2.4691	-9.7531e+92	-9.7531e+92	     0.0000	 7.9848e-06	     0.0000	     0.0000	 2.8779e-14	     0.0000	
16	3	   0.021584	     0.0000	     111.94	     1.1671	-9.7531e+92	-9.7531e+92	     0.0000	 1.7034e-05	     0.0000	     0.0000	 4.8378e-14	     0.0000	
16	4	   0.015672	     0.0000	     75.439	     2.2661	-9.7531e+92	-9.7531e+92	     0.0000	 1.1449e-05	     0.0000	     0.0000	 4.6387e-14	     0.0000	
16	5	   0.010216	     0.0000	     71.546	     2.3771	-9.7531e+92	-9.7531e+92	     0.0000	 7.8141e-06	     0.0000	     0.0000	 2.6631e-14	     0.0000	
16	6	  0.0076241	     0.0000	     111.89	     1.1685	-9.7531e+92	-9.7531e+92	     0.0000	 6.2736e-06	     0.0000	     0.0000	 1.7431e-14	     0.0000	
16	7	   0.053805	     0.0000	     137.28	    0.65913	-9.7531e+92	-9.7531e+92	     0.0000	 4.3177e-05	     0.0000	     0.0000	 1.2796e-13	     0.0000	
16	8	   0.016330	     0.0000	     112.87	     1.1438	-9.7531e+92	-9.7531e+92	     0.0000	 1.4050e-05	     0.0000	     0.0000	 3.8606e-14	     0.0000	
16	9	  0.0085737	     0.0000	     159.83	    0.39862	-9.7531e+92	-9.7531e+92	     0.0000	 7.0094e-06	     0.0000	     0.0000	 1.9464e-14	     0.0000	
16	10	   0.015912	     0.0000	     147.94	    0.51817	-9.7531e+92	-9.7531e+92	     0.0000	 1.4032e-05	     0.0000	     0.0000	 2.8646e-14	     0.0000	
16	11	   0.055868	     0.0000	     142.85	    0.58099	-9.7531e+92	-9.7531e+92	     0.0000	 4.8620e-05	     0.0000	     0.0000	 1.0424e-13	     0.0000	
16	12	   0.040253	     0.0000	     115.95	     1.0685	-9.7531e+92	-9.7531e+92	     0.0000	 3.5389e-05	     0.0000	     0.0000	 8.0878e-14	     0.0000	
16	13	  0.0075970	     0.0000	     153.85	    0.45440	-9.7531e+92	-9.7531e+92	     0.0000	 5.7421e-06	     0.0000	     0.0000	 3.5936e-14	     0.0000	
16	14	   0.015492	     0.0000	     121.20	    0.94999	-9.7531e+92	-9.7531e+92	     0.0000	 1.1962e-05	     0.0000	     0.0000	-7.9433e-14	     0.0000	
16	15	   0.081516	     0.0000	     65.362	     2.5370	-9.7531e+92	-9.7531e+92	     0.0000	 6.8035e-05	     0.0000	     0.0000	 2.3302e-13	     0.0000	
16	16	     0.0000	     0.0000	     0.0000	     3.0000	-9.7531e+92	-9.7531e+92	     0.0000	     0.0000	     0.0000	     0.0000	     0.0000	     0.0000	
16	17	    0.16987	     0.0000	     148.25	    0.51453	-9.7531e+92	-9.7531e+92	     0.0000	 0.00014661	     0.0000	     0.0000	 3.8460e-13	     0.0000	
16	18	   0.051723	     0.0000	     110.59	     1.2021	-9.7531e+92	-9.7531e+92	     0.0000	 3.8396e-05	     0.0000	     0.0000	 1.7231e-13	     0.0000	
16	19	   0.053501	     0.0000	     73.024	     2.3358	-9.7531e+92	-9.7531e+92	     0.0000	 4.6350e-05	     0.0000	     0.0000	 2.4134e-13	     0.0000	
16	20	   0.040005	     0.0000	     74.477	     2.2942	-9.7531e+92	-9.7531e+92	     0.0000	 3.4644e-05	     0.0000	     0.0000	 8.9052e-14	     0.0000	
16	21	   0.015603	     0.0000	     180.81	    0.25669	-9.7531e+92	-9.7531e+92	     0.0000	 1.2418e-05	     0.0000	     0.0000	 3.5990e-14	     0.0000	
16	22	  0.0090492	     0.0000	     106.73	     1.3057	-9.7531e+92	-9.7531e+92	     0.0000	 7.2326e-06	     0.0000	     0.0000	 2.5827e-14	     0.0000	
16	23	   0.021989	     0.0000	     136.77	    0.66684	-9.7531e+92	-9.7531e+92	     0.0000	 1.8881e-05	     0.0000	     0.0000	 3.8433e-14	     0.0000	
16	24	   0.011379	     0.0000	     177.80	    0.27291	-9.7531e+92	-9.7531e+92	     0.0000	 9.6808e-06	     0.0000	     0.0000	 5.3624e-14	     0.0000	
17	0	 4.6919e-05	 1.8528e-05	     353.56	   0.019078	-9.7531e+92	-9.7531e+92	  0.0011754	 4.2957e-06	     0.0000	-2.0639e-05	-0.00016846	   0.080897	
17	1	 8.5452e-05	 3.3745e-05	     342.57	   0.021626	-9.7531e+92	-9.7531e+92	  0.0018245	 5.7508e-06	     0.0000	-0.00092915	-0.00023005	   0.081279	
17	2	    0.16023	   0.063276	     160.64	    0.39167	-9.7531e+92	-9.7531e+92	   0.026418	  0.0038437	   0.022499	   0.021986	   -0.28767	   -0.26249	
17	3	    0.29311	    0.11575	     122.41	    0.92444	-9.7531e+92	-9.7531e+92	   0.035945	  0.0080850	   0.034495	   0.037429	   -0.52581	   -0.50365	
17	4	    0.42218	    0.16672	     73.525	     2.3215	-9.7531e+92	-9.7531e+92	   0.060052	  0.0060928	   0.055806	   0.045953	   -0.82638	   -0.78495	
17	5	  0.0045649	  0.0018027	     219.60	    0.12368	-9.7531e+92	-9.7531e+92	  0.0051000	 0.00016473	     0.0000	 -0.0047791	 -0.0083094	    0.12649	
17	6	 1.6799e-12	 6.6341e-13	     251.72	   0.072906	-9.7531e+92	-9.7531e+92	  0.0017496	 2.5424e-06	     0.0000	 -0.0024112	-0.00012247	    0.19577	
17	7	 2.5860e-13	 1.0212e-13	     281.54	   0.047004	-9.7531e+92	-9.7531e+92	  0.0030076	 2.5279e-06	     0.0000	 -0.0012708	-0.00012205	    0.10747	
17	8	 2.6198e-12	 1.0346e-12	     258.50	   0.065716	-9.7531e+92	-9.7531e+92	 8.3576e-05	 2.6227e-06	     0.0000	-4.4672e-05	-0.00012523	  0.0020445	
17	9	 6.2892e-13	 2.4836e-13	     293.28	   0.040011	-9.7531e+92	-9.7531e+92	  0.0022693	 2.5603e-06	     0.0000	 -0.0091838	-0.00012271	    0.18911	
17	10	 2.8035e-13	 1.1071e-13	     270.72	   0.054831	-9.7531e+92	-9.7531e+92	 1.4888e-05	 2.6235e-06	     0.0000	-1.8678e-06	-0.00012680	 2.3350e-05	
17	11	 2.5772e-12	 1.0177e-12	     290.18	   0.041722	-9.7531e+92	-9.7531e+92	 2.7949e-05	 2.6284e-06	     0.0000	-8.7132e-06	-0.00012662	 0.00024579	
17	12	 1.6159e-13	 6.3811e-14	     225.22	    0.11223	-9.7531e+92	-9.7531e+92	 5.2012e-05	 2.5916e-06	 2.9563e-06	-9.9071e-06	-0.00012635	 0.00010670	
17	13	  0.0035539	  0.0014034	     287.27	   0.043413	-9.7531e+92	-9.7531e+92	  0.0064219	 0.00013491	     0.0000	  -0.016822	 -0.0056669	    0.21060	
17	14	   0.010615	  0.0041918	     254.84	   0.069479	-9.7531e+92	-9.7531e+92	  0.0084008	 0.00039983	     0.0000	 -0.0070569	  -0.017568	   0.087676	
17	15	   0.011739	  0.0046356	     175.81	    0.28425	-9.7531e+92	-9.7531e+92	  0.0071699	 0.00042009	  0.0058533	  0.0012972	  -0.021572	  -0.015172	
17	16	 4.2864e-14	 1.6927e-14	     148.25	    0.51453	-9.7531e+92	-9.7531e+92	 1.3160e-05	 2.3031e-06	     0.0000	 6.1502e-10	-1.8098e-06	-8.0873e-12	
17	17	     0.0000	     0.0000	     0.0000	     3.0000	-9.7531e+92	-9.7531e+92	    0.19894	     0.0000	    0.19868	     0.0000	     0.0000	     0.0000	
17	18	  0.0029267	  0.0011558	     258.46	   0.065759	-9.7531e+92	-9.7531e+92	  0.0051239	 0.00010618	     0.0000	  -0.013780	 -0.0050964	    0.22639	
17	19	 0.00042414	 0.00016749	     187.53	    0.22442	-9.7531e+92	-9.7531e+92	  0.0015110	 1.8159e-05	  0.0011195	-6.2975e-05	-0.00091165	 0.00091721	
17	20	 1.3883e-12	 5.4824e-13	     207.02	    0.15490	-9.7531e+92	-9.7531e+92	 0.00037710	 2.5210e-06	 3.4131e-05	-9.0723e-05	-0.00012466	  0.0014733	
17	21	 1.6960e-12	 6.6975e-13	     326.31	   0.026229	-9.7531e+92	-9.7531e+92	  0.0034470	 2.4649e-06	     0.0000	 -0.0077128	-0.00012233	    0.27700	
17	22	   0.090525	   0.035748	     106.10	     1.3231	-9.7531e+92	-9.7531e+92	   0.025679	  0.0021393	   0.023267	   0.014522	   -0.13985	   -0.12774	
17	23	 2.2157e-12	 8.7499e-13	     284.58	   0.045056	-9.7531e+92	-9.7531e+92	 4.0972e-05	 2.6281e-06	     0.0000	-2.2658e-05	-0.00012631	  0.0022206	
17	24	 2.2127e-12	 8.7379e-13	     325.25	   0.026569	-9.7531e+92	-9.7531e+92	 1.7533e-05	 2.6291e-06	     0.0000	-2.5772e-05	-0.00012644	 0.00051287	
18	0	  0.0091096	   0.026142	     116.29	     1.0606	-9.7531e+92	-9.7531e+92	   0.028840	  0.0091579	     0.0000	-3.5827e-05	   -0.11526	 -0.0050435	
18	1	  0.0069887	   0.020055	     111.77	     1.1715	-9.7531e+92	-9.7531e+92	   0.037105	  0.0065097	     0.0000	 -0.0016846	  -0.099947	 -0.0039006	
18	2	 0.00058358	  0.0016747	     137.27	    0.65930	-9.7531e+92	-9.7531e+92	  0.0062190	 0.00079051	     0.0000	 -0.0060348	 -0.0087975	  0.0010571	
18	3	 7.9505e-07	 2.2816e-06	     199.21	    0.17912	-9.7531e+92	-9.7531e+92	 0.00087377	 8.1541e-05	     0.0000	 -0.0016888	-0.00088225	 0.00027025	
18	4	 1.1317e-06	 3.2477e-06	     186.18	    0.23049	-9.7531e+92	-9.7531e+92	  0.0035789	 7.6285e-05	     0.0000	 -0.0077238	-0.00091070	  0.0011629	
18	5	    0.43578	     1.2506	     53.346	     2.7752	-9.7531e+92	-9.7531e+92	    0.34677	    0.26326	    0.12671	 0.00053848	    -6.4242	  -0.074824	
18	6	  0.0016682	  0.0047871	     36.723	     2.9464	-9.7531e+92	-9.7531e+92	   0.046532	  0.0013618	     0.0000	     0.0000	  -0.023739	-0.00042051	
18	7	  0.0018179	  0.0052170	     38.248	     2.9371	-9.7531e+92	-9.7531e+92	   0.033239	  0.0020104	     0.0000	 -0.0025574	  -0.027911	   0.012163	
18	8	 0.00010272	 0.00029477	     75.421	     2.2666	-9.7531e+92	-9.7531e+92	  0.0021966	 0.00016892	     0.0000	-4.8451e-05	 -0.0023475	 0.00025586	
18	9	    0.52250	     1.4994	     96.665	     1.6016	-9.7531e+92	-9.7531e+92	    0.42151	    0.63903	    0.11916	   0.075351	    -7.9983	  -0.090542	
18	10	 5.3017e-08	 1.5214e-07	     118.82	     1.0023	-9.7531e+92	-9.7531e+92	 0.00010530	 6.2962e-05	     0.0000	-3.5048e-06	-0.00084052	 3.4457e-06	
18	11	 2.3785e-05	 6.8255e-05	     81.269	     2.0888	-9.7531e+92	-9.7531e+92	 0.00026226	 8.6023e-05	     0.0000	-1.3754e-05	 -0.0011655	 2.9581e-05	
18	12	 8.5641e-08	 2.4576e-07	     120.73	    0.96010	-9.7531e+92	-9.7531e+92	 0.00011897	 6.5652e-05	     0.0000	-1.5825e-05	-0.00087932	 1.5735e-05	
18	13	  0.0097476	   0.027973	     87.611	     1.8878	-9.7531e+92	-9.7531e+92	    0.19913	   0.010885	     0.0000	  -0.033328	   -0.11578	 -0.0040632	
18	14	   0.010721	   0.030766	     78.249	     2.1820	-9.7531e+92	-9.7531e+92	   0.058413	   0.011963	     0.0000	  -0.014628	   -0.14119	  0.0020952	
18	15	 0.00012600	 0.00036159	     116.73	     1.0502	-9.7531e+92	-9.7531e+92	  0.0018846	 0.00023855	     0.0000	 -0.0012210	 -0.0029483	 0.00069545	
18	16	 1.4956e-17	 4.2918e-17	     110.59	     1.2021	-9.7531e+92	-9.7531e+92	 9.5634e-05	 8.2023e-05	     0.0000	 1.8787e-09	 -0.0010558	-1.3280e-09	
18	17	 2.3621e-17	 6.7785e-17	     258.46	   0.065759	-9.7531e+92	-9.7531e+92	 0.00017949	 8.8944e-05	     0.0000	-0.00051766	 -0.0011019	 0.00015713	
18	18	     0.0000	     0.0000	     0.0000	     3.0000	-9.7531e+92	-9.7531e+92	     1.5748	     0.0000	     1.1770	     0.0000	     0.0000	     0.0000	
18	19	 1.2015e-06	 3.4481e-06	     118.15	     1.0174	-9.7531e+92	-9.7531e+92	 0.00060123	 6.6312e-05	     0.0000	-0.00023486	-0.00091582	 0.00023708	
18	20	 1.0938e-05	 3.1389e-05	     90.275	     1.8027	-9.7531e+92	-9.7531e+92	  0.0013553	 8.2978e-05	     0.0000	-0.00015812	 -0.0011128	 0.00020392	
18	21	 0.00070016	  0.0020093	     79.511	     2.1434	-9.7531e+92	-9.7531e+92	    0.10324	 0.00078537	     0.0000	  -0.012789	  -0.011332	   0.032708	
18	22	 6.0657e-10	 1.7407e-09	     205.13	    0.16037	-9.7531e+92	-9.7531e+92	  0.0011029	 7.7443e-05	     0.0000	 -0.0042318	 -0.0010447	  0.0015077	
18	23	 9.9037e-05	 0.00028421	     36.898	     2.9454	-9.7531e+92	-9.7531e+92	  0.0010888	 0.00017371	     0.0000	-4.3151e-05	 -0.0023426	 0.00029463	
18	24	 1.3814e-05	 3.9641e-05	     74.739	     2.2865	-9.7531e+92	-9.7531e+92	 0.00019552	 8.4911e-05	     0.0000	-5.0821e-05	 -0.0011467	 7.0821e-05	
19	0	 0.00032072	 0.00018915	     234.49	   0.096052	-9.7531e+92	-9.7531e+92	  0.0034662	 2.0932e-05	     0.0000	-2.8166e-05	 -0.0010410	    0.14128	
19	1	 0.00094167	 0.00055536	     226.57	    0.10968	-9.7531e+92	-9.7531e+92	  0.0047746	 5.4443e-05	     0.0000	 -0.0012543	 -0.0027584	    0.14017	
19	2	   0.045993	   0.027125	     139.30	    0.62950	-9.7531e+92	-9.7531e+92	   0.011542	  0.0019183	  0.0056887	   0.010636	   -0.14479	   -0.10705	
19	3	   0.015180	  0.0089524	     184.07	    0.24039	-9.7531e+92	-9.7531e+92	  0.0048701	 0.00073632	  0.0027038	  0.0029418	  -0.046661	  -0.033259	
19	4	    0.10614	   0.062596	     119.82	    0.98008	-9.7531e+92	-9.7531e+92	   0.022533	  0.0032036	   0.016191	   0.024176	   -0.34761	   -0.29514	
19	5	    0.26595	    0.15685	     64.874	     2.5486	-9.7531e+92	-9.7531e+92	   0.060644	   0.013349	   0.015418	   0.017128	   -0.85057	   -0.57260	
19	6	  0.0067785	  0.0039977	     133.74	    0.71443	-9.7531e+92	-9.7531e+92	  0.0064664	 0.00037138	     0.0000	 -0.0031020	  -0.022338	    0.31662	
19	7	 0.00065945	 0.00038892	     154.38	    0.44913	-9.7531e+92	-9.7531e+92	  0.0072798	 3.9258e-05	     0.0000	 -0.0017237	 -0.0023628	    0.18332	
19	8	   0.028976	   0.017089	     80.536	     2.1117	-9.7531e+92	-9.7531e+92	  0.0055921	  0.0015517	  0.0048945	  0.0012869	  -0.092945	  -0.084692	
19	9	 8.1455e-06	 4.8039e-06	     193.08	    0.20137	-9.7531e+92	-9.7531e+92	   0.020257	 4.1038e-06	     0.0000	  -0.012594	-0.00024499	    0.32598	
19	10	 0.00056473	 0.00033306	     85.643	     1.9506	-9.7531e+92	-9.7531e+92	 0.00016195	 3.2401e-05	 0.00011521	 9.0487e-05	 -0.0018463	 -0.0015276	
19	11	 0.00032086	 0.00018923	     108.78	     1.2499	-9.7531e+92	-9.7531e+92	 0.00069162	 2.1505e-05	 0.00057400	 1.6194e-05	 -0.0012902	-0.00059566	
19	12	   0.040797	   0.024061	     44.530	     2.8865	-9.7531e+92	-9.7531e+92	  0.0060982	  0.0018215	  0.0060249	  0.0060305	  -0.091379	  -0.084698	
19	13	  0.0086744	  0.0051159	     184.51	    0.23831	-9.7531e+92	-9.7531e+92	   0.015830	 0.00046509	     0.0000	  -0.022208	  -0.024685	    0.35404	
19	14	   0.053970	   0.031830	     166.55	    0.34505	-9.7531e+92	-9.7531e+92	   0.015736	  0.0029005	     0.0000	 -0.0019738	   -0.15951	   0.031088	
19	15	  0.0025243	  0.0014887	     131.26	    0.75593	-9.7531e+92	-9.7531e+92	  0.0020037	 0.00013686	 3.7410e-05	-0.00017526	 -0.0084604	  0.0023187	
19	16	 3.4368e-13	 2.0269e-13	     73.024	     2.3358	-9.7531e+92	-9.7531e+92	 1.9654e-05	 3.5323e-06	     0.0000	 1.0634e-09	-0.00018375	-1.1566e-08	
19	17	 2.1841e-13	 1.2881e-13	     187.53	    0.22442	-9.7531e+92	-9.7531e+92	 0.00052071	 3.1527e-06	 0.00013897	-0.00027454	-0.00021646	  0.0017937	
19	18	    0.29557	    0.17431	     118.15	     1.0174	-9.7531e+92	-9.7531e+92	   0.070271	   0.014880	     0.0000	   0.021811	   -0.90224	   -0.45313	
19	19	     0.0000	     0.0000	     0.0000	     3.0000	-9.7531e+92	-9.7531e+92	    0.29629	     0.0000	    0.29570	     0.0000	     0.0000	     0.0000	
19	20	    0.11248	   0.066338	     28.400	     2.9806	-9.7531e+92	-9.7531e+92	   0.017327	  0.0055049	   0.016815	   0.014267	   -0.33579	   -0.31539	
19	21	 1.0355e-05	 6.1069e-06	     197.71	    0.18427	-9.7531e+92	-9.7531e+92	  0.0085799	 4.0635e-06	     0.0000	  -0.010577	-0.00025148	    0.47761	
19	22	   0.013572	  0.0080046	     93.933	     1.6868	-9.7531e+92	-9.7531e+92	  0.0083226	 0.00044691	  0.0047202	  0.0017926	  -0.035535	  -0.018387	
19	23	 0.00057228	 0.00033751	     121.29	    0.94810	-9.7531e+92	-9.7531e+92	 0.00036958	 3.5839e-05	     0.0000	-1.6287e-05	 -0.0021443	  0.0020050	
19	24	 4.4978e-06	 2.6526e-06	     150.08	    0.49393	-9.7531e+92	-9.7531e+92	 6.4529e-05	 4.0034e-06	     0.0000	-3.4759e-05	-0.00023946	 0.00086790	
20	0	   0.011499	  0.0066012	     206.61	    0.15606	-9.7531e+92	-9.7531e+92	  0.0062356	 0.00040558	     0.0000	-1.3435e-05	  -0.030891	    0.11214	
20	1	  0.0082108	  0.0047138	     199.20	    0.17914	-9.7531e+92	-9.7531e+92	  0.0065756	 0.00028968	     0.0000	-0.00064898	  -0.022455	    0.12035	
20	2	   0.070690	   0.040583	     139.77	    0.62284	-9.7531e+92	-9.7531e+92	   0.013354	  0.0022575	  0.0076563	   0.014484	   -0.21365	   -0.17345	
20	3	  0.0015179	 0.00087141	     185.64	    0.23299	-9.7531e+92	-9.7531e+92	  0.0022099	 5.3909e-05	 0.00010119	-0.00037074	 -0.0046878	  0.0058635	
20	4	   0.060942	   0.034986	     135.08	    0.69295	-9.7531e+92	-9.7531e+92	   0.014816	  0.0016637	  0.0086427	   0.012203	   -0.18574	   -0.14447	
20	5	    0.32057	    0.18404	     39.691	     2.9273	-9.7531e+92	-9.7531e+92	   0.061448	   0.010004	   0.017424	   0.012423	   -0.99324	   -0.71610	
20	6	  0.0098067	  0.0056299	     111.59	     1.1762	-9.7531e+92	-9.7531e+92	  0.0092566	 0.00034552	     0.0000	 -0.0018008	  -0.031133	    0.29759	
20	7	  0.0047933	  0.0027518	     126.68	    0.83907	-9.7531e+92	-9.7531e+92	  0.0091442	 0.00017084	     0.0000	-0.00095960	  -0.015294	    0.16529	
20	8	   0.057721	   0.033137	     51.987	     2.7958	-9.7531e+92	-9.7531e+92	  0.0095243	  0.0020144	  0.0088453	  0.0015741	   -0.18164	   -0.16931	
20	9	 1.6489e-05	 9.4662e-06	     174.09	    0.29453	-9.7531e+92	-9.7531e+92	   0.015504	 2.9744e-06	     0.0000	 -0.0075334	-0.00026319	    0.31561	
20	10	  0.0034346	  0.0019718	     74.457	     2.2947	-9.7531e+92	-9.7531e+92	 0.00062479	 0.00011034	 0.00057929	 0.00029178	 -0.0095894	 -0.0088604	
20	11	   0.060541	   0.034756	     83.734	     2.0113	-9.7531e+92	-9.7531e+92	  0.0087885	  0.0021293	  0.0086740	  0.0029114	   -0.18987	   -0.18019	
20	12	  0.0038433	  0.0022064	     45.010	     2.8817	-9.7531e+92	-9.7531e+92	 0.00075449	 0.00010383	 0.00068317	 0.00026338	 -0.0085531	 -0.0077144	
20	13	    0.11891	   0.068263	     165.04	    0.35635	-9.7531e+92	-9.7531e+92	   0.029796	  0.0041157	     0.0000	 -0.0021696	   -0.33152	   0.057126	
20	14	   0.065962	   0.037868	     147.73	    0.52061	-9.7531e+92	-9.7531e+92	   0.017619	  0.0023131	     0.0000	 9.4838e-05	   -0.19100	 -0.0024506	
20	15	  0.0064882	  0.0037248	     124.66	    0.87845	-9.7531e+92	-9.7531e+92	  0.0020980	 0.00023229	 0.00018393	 0.00048392	  -0.020727	 -0.0096397	
20	16	 2.7334e-14	 1.5692e-14	     74.477	     2.2942	-9.7531e+92	-9.7531e+92	 1.9132e-05	 2.3325e-06	     0.0000	 6.4587e-10	-0.00018456	-1.1650e-08	
20	17	 9.3754e-14	 5.3823e-14	     207.02	    0.15490	-9.7531e+92	-9.7531e+92	 0.00032785	 2.2961e-06	     0.0000	-0.00019392	-0.00021449	  0.0017810	
20	18	    0.14205	   0.081551	     90.275	     1.8027	-9.7531e+92	-9.7531e+92	   0.049518	  0.0045500	     0.0000	 0.00026649	   -0.42418	 -0.0092468	
20	19	   0.046929	   0.026942	     28.400	     2.9806	-9.7531e+92	-9.7531e+92	  0.0072545	  0.0010932	  0.0066854	  0.0023383	   -0.11252	   -0.10317	
20	20	     0.0000	     0.0000	     0.0000	     3.0000	-9.7531e+92	-9.7531e+92	    0.28786	     0.0000	    0.28737	     0.0000	     0.0000	     0.0000	
20	21	 0.00013544	 7.7754e-05	     169.84	    0.32188	-9.7531e+92	-9.7531e+92	   0.015771	 6.9219e-06	     0.0000	 -0.0063221	-0.00063747	    0.46224	
20	22	  0.0025118	  0.0014420	     116.48	     1.0560	-9.7531e+92	-9.7531e+92	  0.0045529	 7.3990e-05	  0.0010463	-0.00079578	 -0.0078353	   0.010217	
20	23	  0.0031673	  0.0018183	     93.058	     1.7144	-9.7531e+92	-9.7531e+92	 0.00083371	 0.00011720	 0.00010513	 3.0241e-05	  -0.010421	 -0.0060063	
20	24	 0.00025914	 0.00014877	     121.85	    0.93617	-9.7531e+92	-9.7531e+92	 0.00014243	 1.1893e-05	     0.0000	-1.4295e-06	 -0.0010539	 5.7574e-05	
21	0	    0.11750	    0.14211	     39.458	     2.9290	-9.7531e+92	-9.7531e+92	   0.052418	    0.12596	     0.0000	 0.00020589	     2.3232	    0.45102	
21	1	   0.060948	   0.073716	     57.297	     2.7081	-9.7531e+92	-9.7531e+92	   0.037886	   0.066207	     0.0000	 0.00093982	     1.2083	   0.044845	
21	2	 0.00010154	 0.00012281	     197.19	    0.18609	-9.7531e+92	-9.7531e+92	  0.0024351	 0.00025271	     0.0000	  -0.027286	  0.0038044	  -0.067933	
21	3	 4.2936e-06	 5.1930e-06	     259.71	   0.064522	-9.7531e+92	-9.7531e+92	 0.00035413	 9.9271e-05	     0.0000	 -0.0072524	  0.0015931	  -0.025284	
21	4	 5.2055e-07	 6.2960e-07	     253.96	   0.070430	-9.7531e+92	-9.7531e+92	  0.0010576	 9.5890e-05	     0.0000	  -0.033202	  0.0015338	  -0.074478	
21	5	  0.0022907	  0.0027706	     132.91	    0.72808	-9.7531e+92	-9.7531e+92	   0.028072	  0.0031497	     0.0000	  -0.043971	   0.051848	   -0.51063	
21	6	    0.54591	    0.66027	     78.899	     2.1621	-9.7531e+92	-9.7531e+92	    0.18300	    0.75568	   0.050855	   0.085836	     11.948	     2.9705	
21	7	   0.024366	   0.029470	     44.967	     2.8822	-9.7531e+92	-9.7531e+92	   0.029323	   0.029725	     0.0000	 -0.0067507	    0.54319	   -0.24448	
21	8	 0.00047728	 0.00057726	     132.38	    0.73687	-9.7531e+92	-9.7531e+92	 0.00039499	 0.00077068	     0.0000	-0.00022843	   0.011911	 -0.0043246	
21	9	   0.026107	   0.031576	     83.320	     2.0244	-9.7531e+92	-9.7531e+92	   0.040706	   0.023622	     0.0000	     0.0000	    0.60034	   -0.53970	
21	10	 5.4903e-10	 6.6405e-10	     171.26	    0.31241	-9.7531e+92	-9.7531e+92	 4.2598e-05	 0.00010560	     0.0000	-1.6663e-05	  0.0014089	-8.4699e-05	
21	11	 9.1285e-05	 0.00011041	     128.65	    0.80225	-9.7531e+92	-9.7531e+92	 8.8902e-05	 0.00024174	     0.0000	-2.4378e-05	  0.0033817	-0.00028043	
21	12	 5.2808e-17	 6.3870e-17	     187.39	    0.22505	-9.7531e+92	-9.7531e+92	 4.5681e-05	 0.00010622	     0.0000	-8.8420e-05	  0.0014064	-0.00038740	
21	13	   0.088188	    0.10666	     76.619	     2.2311	-9.7531e+92	-9.7531e+92	   0.063786	   0.034197	     0.0000	     0.0000	    0.63243	     0.0000	
21	14	   0.092581	    0.11197	     101.18	     1.4647	-9.7531e+92	-9.7531e+92	   0.047973	    0.12249	     0.0000	   0.031828	     2.0691	    0.19422	
21	15	 3.4041e-05	 4.1172e-05	     175.65	    0.28523	-9.7531e+92	-9.7531e+92	 0.00082752	 0.00014694	     0.0000	 -0.0054020	  0.0021966	  -0.022007	
21	16	 3.1470e-17	 3.8063e-17	     180.81	    0.25669	-9.7531e+92	-9.7531e+92	 4.0307e-05	 0.00010351	     0.0000	 8.0756e-09	  0.0014130	 2.9744e-08	
21	17	 1.1359e-17	 1.3738e-17	     326.31	   0.026229	-9.7531e+92	-9.7531e+92	 6.6716e-05	 0.00010884	     0.0000	 -0.0022252	  0.0013954	 -0.0039102	
21	18	   0.039146	   0.047346	     79.511	     2.1434	-9.7531e+92	-9.7531e+92	   0.076546	   0.048405	     0.0000	  -0.090145	    0.87096	   -0.69542	
21	19	 1.4269e-08	 1.7259e-08	     197.71	    0.18427	-9.7531e+92	-9.7531e+92	 0.00010420	 0.00010575	     0.0000	 -0.0012161	  0.0014172	 -0.0062465	
21	20	 2.2009e-06	 2.6619e-06	     169.84	    0.32188	-9.7531e+92	-9.7531e+92	 0.00016209	 0.00010354	     0.0000	-0.00089325	  0.0014877	 -0.0054001	
21	21	     0.0000	     0.0000	     0.0000	     3.0000	-9.7531e+92	-9.7531e+92	    0.64255	     0.0000	    0.45539	     0.0000	     0.0000	     0.0000	
21	22	 5.8488e-18	 7.0740e-18	     284.69	   0.044983	-9.7531e+92	-9.7531e+92	 0.00033787	 0.00010071	     0.0000	  -0.018190	  0.0014104	  -0.040872	
21	23	  0.0018469	  0.0022338	     78.648	     2.1698	-9.7531e+92	-9.7531e+92	 0.00088602	  0.0026523	     0.0000	 0.00010778	   0.042253	  0.0043222	
21	24	 0.00040966	 0.00049547	     85.071	     1.9688	-9.7531e+92	-9.7531e+92	 0.00025470	 0.00066796	     0.0000	 0.00010894	   0.010433	 0.00088593	
22	0	 8.0231e-06	 5.5329e-06	     321.47	   0.027830	-9.7531e+92	-9.7531e+92	  0.0020826	 3.0726e-05	     0.0000	-0.00023170	 0.00021981	   -0.17924	
22	1	 2.5930e-05	 1.7881e-05	     312.59	   0.031097	-9.7531e+92	-9.7531e+92	  0.0031559	 3.8076e-05	     0.0000	  -0.010435	 0.00026059	   -0.17076	
22	2	    0.16505	    0.11382	     161.29	    0.38622	-9.7531e+92	-9.7531e+92	   0.043921	   0.033120	   0.037076	    0.13518	    0.15031	    0.22745	
22	3	    0.12524	   0.086369	     164.94	    0.35711	-9.7531e+92	-9.7531e+92	   0.033144	   0.037865	   0.030611	    0.16206	    0.16307	    0.23159	
22	4	    0.41999	    0.28963	     82.638	     2.0459	-9.7531e+92	-9.7531e+92	   0.098974	   0.032616	   0.091558	    0.17413	   -0.61369	   -0.36808	
22	5	   0.089676	   0.061842	     151.89	    0.47454	-9.7531e+92	-9.7531e+92	   0.027968	   0.034547	     0.0000	  0.0096015	    0.14177	   0.026704	
22	6	 1.3918e-05	 9.5983e-06	     216.08	    0.13159	-9.7531e+92	-9.7531e+92	  0.0034967	 3.3346e-05	     0.0000	  -0.027047	 0.00011336	   -0.20962	
22	7	 6.6479e-07	 4.5845e-07	     241.36	   0.085874	-9.7531e+92	-9.7531e+92	  0.0050003	 2.7726e-05	     0.0000	  -0.014256	 9.6510e-05	   -0.11692	
22	8	 4.8506e-05	 3.3451e-05	     168.70	    0.32968	-9.7531e+92	-9.7531e+92	 0.00065288	 4.9121e-05	     0.0000	-0.00047907	 0.00014135	 -0.0018846	
22	9	 1.0824e-14	 7.4645e-15	     266.14	   0.058633	-9.7531e+92	-9.7531e+92	  0.0070953	 2.7821e-05	     0.0000	   -0.10303	 9.2569e-05	   -0.20084	
22	10	 1.0705e-13	 7.3827e-14	     176.66	    0.27933	-9.7531e+92	-9.7531e+92	 4.0644e-05	 2.8416e-05	     0.0000	-2.0939e-05	 7.5770e-05	-2.1071e-05	
22	11	 3.3541e-14	 2.3130e-14	     200.45	    0.17499	-9.7531e+92	-9.7531e+92	 0.00018232	 2.8518e-05	 4.4790e-05	-9.7741e-05	 7.5643e-05	-0.00022417	
22	12	 0.00049951	 0.00034447	     131.16	    0.75767	-9.7531e+92	-9.7531e+92	 0.00052176	 0.00023644	 0.00043610	 0.00085036	 0.00069130	 0.00074033	
22	13	  0.0010201	 0.00070349	     260.15	   0.064098	-9.7531e+92	-9.7531e+92	   0.010154	 0.00044053	     0.0000	   -0.19221	  0.0028135	   -0.40630	
22	14	  0.0068667	  0.0047353	     227.39	    0.10817	-9.7531e+92	-9.7531e+92	   0.012410	  0.0028111	     0.0000	  -0.084596	   0.015318	   -0.15314	
22	15	  0.0042618	  0.0029390	     163.21	    0.37056	-9.7531e+92	-9.7531e+92	  0.0078376	  0.0016191	  0.0055384	  0.0015945	  0.0066891	  0.0019487	
22	16	 1.1341e-13	 7.8206e-14	     106.73	     1.3057	-9.7531e+92	-9.7531e+92	 2.2982e-05	 2.6760e-05	     0.0000	 9.0686e-09	 9.7666e-05	 7.9860e-09	
22	17	   0.038819	   0.026770	     106.10	     1.3231	-9.7531e+92	-9.7531e+92	  0.0087745	   0.010022	  0.0083281	   0.090877	    0.12643	    0.13830	
22	18	   0.028773	   0.019842	     205.13	    0.16037	-9.7531e+92	-9.7531e+92	   0.021657	   0.011110	     0.0000	   -0.12518	   0.057075	   -0.26477	
22	19	    0.10182	   0.070217	     93.933	     1.6868	-9.7531e+92	-9.7531e+92	   0.019367	   0.039308	   0.018684	    0.12714	    0.16169	    0.19871	
22	20	   0.017894	   0.012340	     116.48	     1.0560	-9.7531e+92	-9.7531e+92	  0.0046159	  0.0071924	  0.0040170	   0.020655	   0.025342	   0.030629	
22	21	 6.2784e-15	 4.3297e-15	     284.69	   0.044983	-9.7531e+92	-9.7531e+92	  0.0055045	 2.6768e-05	     0.0000	  -0.086527	 9.4258e-05	   -0.29823	
22	22	     0.0000	     0.0000	     0.0000	     3.0000	-9.7531e+92	-9.7531e+92	    0.37281	     0.0000	    0.36860	     0.0000	     0.0000	     0.0000	
22	23	 4.3566e-14	 3.0043e-14	     209.07	    0.14920	-9.7531e+92	-9.7531e+92	 0.00012411	 2.8531e-05	     0.0000	-0.00025419	 7.6852e-05	 -0.0020514	
22	24	 3.1338e-14	 2.1611e-14	     237.89	   0.090842	-9.7531e+92	-9.7531e+92	 3.4176e-05	 2.8554e-05	     0.0000	-0.00028912	 7.6175e-05	-0.00047154	
23	0	    0.23190	    0.10344	     119.13	    0.99543	-9.7531e+92	-9.7531e+92	   0.030932	  0.0038601	  0.0061940	 1.1785e-05	   -0.21363	   -0.13374	
23	1	   0.040968	   0.018274	     132.72	    0.73117	-9.7531e+92	-9.7531e+92	   0.011560	 0.00071998	     0.0000	-4.3316e-05	  -0.037111	   0.010588	
23	2	 0.00088709	 0.00039568	     168.40	    0.33177	-9.7531e+92	-9.7531e+92	 0.00094126	 1.8269e-05	     0.0000	-0.00052022	-0.00093924	  0.0075658	
23	3	 7.5367e-06	 3.3617e-06	     228.38	    0.10637	-9.7531e+92	-9.7531e+92	 0.00012408	 1.4434e-06	     0.0000	-0.00015022	-7.1612e-05	  0.0029818	
23	4	 5.5509e-06	 2.4760e-06	     212.30	    0.14074	-9.7531e+92	-9.7531e+92	 0.00046696	 1.2854e-06	     0.0000	-0.00068798	-7.0968e-05	  0.0089853	
23	5	    0.17338	   0.077334	     65.633	     2.5304	-9.7531e+92	-9.7531e+92	   0.029495	  0.0029808	     0.0000	  0.0011677	   -0.17667	  -0.083648	
23	6	   0.054900	   0.024488	     73.330	     2.3271	-9.7531e+92	-9.7531e+92	   0.015931	  0.0010494	     0.0000	-0.00022208	  -0.057058	   0.047909	
23	7	   0.071073	   0.031702	     58.677	     2.6821	-9.7531e+92	-9.7531e+92	   0.013894	  0.0012502	     0.0000	 3.7094e-05	  -0.072279	 -0.0094060	
23	8	  0.0052941	  0.0023614	     54.810	     2.7517	-9.7531e+92	-9.7531e+92	 0.00081218	 9.0799e-05	 0.00028462	 1.6045e-05	 -0.0047342	 -0.0031078	
23	9	  0.0063219	  0.0028199	     121.73	    0.93874	-9.7531e+92	-9.7531e+92	   0.016610	 0.00012302	     0.0000	 -0.0015965	 -0.0066539	   0.087308	
23	10	 9.0654e-05	 4.0436e-05	     95.614	     1.6342	-9.7531e+92	-9.7531e+92	 2.9519e-05	 2.6419e-06	     0.0000	 8.9393e-07	-9.8886e-05	-3.8507e-05	
23	11	  0.0021131	 0.00094256	     53.605	     2.7712	-9.7531e+92	-9.7531e+92	 0.00027087	 4.0816e-05	 0.00018191	 1.3550e-05	 -0.0020684	 -0.0016108	
23	12	 5.7660e-05	 2.5719e-05	     109.85	     1.2215	-9.7531e+92	-9.7531e+92	 2.5364e-05	 2.4426e-06	     0.0000	-4.0472e-11	-0.00012815	 1.2677e-09	
23	13	    0.14689	   0.065518	     113.01	     1.1402	-9.7531e+92	-9.7531e+92	   0.029523	  0.0026641	     0.0000	 0.00014688	   -0.13499	 -0.0050879	
23	14	   0.026745	   0.011930	     114.84	     1.0952	-9.7531e+92	-9.7531e+92	  0.0097976	 0.00046824	     0.0000	-0.00084023	  -0.025951	   0.031177	
23	15	 0.00018967	 8.4601e-05	     149.47	    0.50076	-9.7531e+92	-9.7531e+92	 0.00025120	 5.0264e-06	     0.0000	-0.00010661	-0.00026753	  0.0027195	
23	16	 2.8972e-15	 1.2923e-15	     136.77	    0.66684	-9.7531e+92	-9.7531e+92	 1.4865e-05	 1.3250e-06	     0.0000	 1.5695e-10	-5.5314e-05	-3.1074e-09	
23	17	 5.9509e-15	 2.6544e-15	     284.58	   0.045056	-9.7531e+92	-9.7531e+92	 2.6101e-05	 1.3637e-06	     0.0000	-4.6131e-05	-7.1746e-05	 0.00052373	
23	18	    0.20652	   0.092118	     36.898	     2.9454	-9.7531e+92	-9.7531e+92	   0.040763	  0.0036307	     0.0000	  0.0012706	   -0.20228	  -0.056507	
23	19	 4.1819e-05	 1.8653e-05	     121.29	    0.94810	-9.7531e+92	-9.7531e+92	 7.6002e-05	 2.1542e-06	     0.0000	-2.3383e-05	-0.00011419	 0.00079189	
23	20	 0.00082893	 0.00036974	     93.058	     1.7144	-9.7531e+92	-9.7531e+92	 0.00022195	 1.7396e-05	     0.0000	 5.4505e-07	-0.00092111	-2.2913e-05	
23	21	   0.027182	   0.012124	     78.648	     2.1698	-9.7531e+92	-9.7531e+92	   0.020307	 0.00049697	     0.0000	 -0.0011760	  -0.028127	    0.11226	
23	22	 1.0117e-08	 4.5126e-09	     209.07	    0.14920	-9.7531e+92	-9.7531e+92	 0.00014646	 1.2535e-06	     0.0000	-0.00037701	-7.0809e-05	  0.0054018	
23	23	     0.0000	     0.0000	     0.0000	     3.0000	-9.7531e+92	-9.7531e+92	    0.22320	     0.0000	    0.22264	     0.0000	     0.0000	     0.0000	
23	24	  0.0046106	  0.0020565	     40.708	     2.9198	-9.7531e+92	-9.7531e+92	 0.00058038	 8.8789e-05	 0.00042688	 7.1109e-05	 -0.0047394	 -0.0038012	
24	0	    0.47978	    0.20318	     123.34	    0.90511	-9.7531e+92	-9.7531e+92	   0.055769	  0.0021618	   0.032282	     0.0000	   -0.13776	   -0.10736	
24	1	   0.091484	   0.038742	     142.19	    0.58963	-9.7531e+92	-9.7531e+92	   0.017585	 0.00053726	     0.0000	 3.3344e-05	  -0.022641	 -0.0083317	
24	2	 4.3761e-05	 1.8532e-05	     210.29	    0.14595	-9.7531e+92	-9.7531e+92	 0.00075146	 7.3518e-07	     0.0000	-0.00026705	-2.9593e-05	  0.0024716	
24	3	 5.9844e-07	 2.5343e-07	     270.69	   0.054855	-9.7531e+92	-9.7531e+92	 9.4812e-05	 4.5448e-07	     0.0000	-7.0636e-05	-1.7612e-05	 0.00089036	
24	4	 2.6210e-07	 1.1099e-07	     253.16	   0.071301	-9.7531e+92	-9.7531e+92	 0.00033002	 4.1364e-07	     0.0000	-0.00032305	-1.7877e-05	  0.0026842	
24	5	   0.016499	  0.0069871	     106.34	     1.3165	-9.7531e+92	-9.7531e+92	   0.010926	 0.00010434	     0.0000	-0.00034219	 -0.0046123	   0.015629	
24	6	   0.010131	  0.0042904	     108.13	     1.2674	-9.7531e+92	-9.7531e+92	   0.011030	 6.7896e-05	     0.0000	-0.00018988	 -0.0028977	   0.026203	
24	7	   0.045586	   0.019305	     84.614	     1.9834	-9.7531e+92	-9.7531e+92	   0.011330	 0.00028389	     0.0000	-2.4952e-05	  -0.012786	  0.0038592	
24	8	  0.0067742	  0.0028688	     77.960	     2.1908	-9.7531e+92	-9.7531e+92	 0.00083779	 3.9747e-05	 0.00033691	 1.1854e-05	 -0.0015029	 -0.0011607	
24	9	 0.00038927	 0.00016485	     149.07	    0.50520	-9.7531e+92	-9.7531e+92	   0.017854	 3.0365e-06	     0.0000	-0.00079408	-0.00012983	   0.027784	
24	10	 0.00035491	 0.00015030	     102.71	     1.4197	-9.7531e+92	-9.7531e+92	 5.6361e-05	 2.7603e-06	 2.2800e-05	 3.3287e-06	-9.6870e-05	-7.4089e-05	
24	11	  0.0027446	  0.0011623	     56.094	     2.7297	-9.7531e+92	-9.7531e+92	 0.00031691	 1.8420e-05	 0.00023245	 9.8809e-06	-0.00071230	-0.00062650	
24	12	 1.6575e-05	 7.0191e-06	     132.31	    0.73810	-9.7531e+92	-9.7531e+92	 2.0221e-05	 5.7959e-07	     0.0000	-5.6446e-07	-2.3987e-05	 1.1154e-05	
24	13	   0.057133	   0.024195	     142.21	    0.58941	-9.7531e+92	-9.7531e+92	   0.020258	 0.00035917	     0.0000	-0.00088842	  -0.014182	   0.019421	
24	14	   0.019034	  0.0080608	     150.00	    0.49487	-9.7531e+92	-9.7531e+92	  0.0092352	 0.00011932	     0.0000	-0.00051732	 -0.0049629	   0.011138	
24	15	 5.6658e-06	 2.3994e-06	     189.75	    0.21485	-9.7531e+92	-9.7531e+92	 0.00016386	 4.9596e-07	     0.0000	-5.3020e-05	-2.0682e-05	 0.00086546	
24	16	 3.5429e-13	 1.5004e-13	     177.80	    0.27291	-9.7531e+92	-9.7531e+92	 1.4113e-05	 4.5725e-07	     0.0000	 7.5421e-11	-1.1184e-05	-6.9230e-10	
24	17	 1.6834e-13	 7.1288e-14	     325.25	   0.026569	-9.7531e+92	-9.7531e+92	 2.2469e-05	 4.7221e-07	     0.0000	-2.1650e-05	-1.9663e-05	 0.00015766	
24	18	    0.23974	    0.10152	     74.739	     2.2865	-9.7531e+92	-9.7531e+92	   0.037123	  0.0014988	     0.0000	 0.00088871	  -0.063472	  -0.025124	
24	19	 4.6513e-05	 1.9698e-05	     150.08	    0.49393	-9.7531e+92	-9.7531e+92	 5.0583e-05	 7.9330e-07	     0.0000	-1.0983e-05	-3.2880e-05	 0.00023696	
24	20	 0.00024846	 0.00010522	     121.85	    0.93617	-9.7531e+92	-9.7531e+92	 9.0805e-05	 2.1753e-06	     0.0000	-5.6555e-06	-9.0291e-05	 0.00014948	
24	21	   0.023714	   0.010043	     85.071	     1.9688	-9.7531e+92	-9.7531e+92	   0.016814	 0.00014943	     0.0000	-0.00056691	 -0.0067115	   0.034613	
24	22	 1.2348e-13	 5.2294e-14	     237.89	   0.090842	-9.7531e+92	-9.7531e+92	 0.00010721	 4.3617e-07	     0.0000	-0.00017698	-1.9412e-05	  0.0016245	
24	23	  0.0062775	  0.0026584	     40.708	     2.9198	-9.7531e+92	-9.7531e+92	 0.00083101	 4.0419e-05	 0.00029356	 4.1606e-06	 -0.0016109	 -0.0012186	
24	24	     0.0000	     0.0000	     0.0000	     3.0000	-9.7531e+92	-9.7531e+92	    0.21183	     0.0000	    0.21168	     0.0000	     0.0000	     0.0000	
