#source	Target	value	weight	distance	potential1	geneCorrelation	separation	influenceWeight	betweenness	influence'Weight	betweenness'	nbetweenness	nbetweenness'	
0	0	     0.0000	     0.0000	     0.0000	     3.0000	-9.7531e+92	-9.7531e+92	     2.8238	     0.0000	     2.2238	     0.0000	     0.0000	     0.0000	
0	1	   0.018810	   0.099236	     35.562	     2.9528	-9.7531e+92	-9.7531e+92	    0.14336	   0.037598	     0.0000	     0.0000	   0.095005	     0.0000	
0	2	 0.00014745	 0.00077788	     211.35	    0.14318	-9.7531e+92	-9.7531e+92	   0.058919	 0.00034880	     0.0000	     0.0000	 0.00066605	     0.0000	
0	3	 8.8925e-06	 4.6914e-05	     273.88	   0.052386	-9.7531e+92	-9.7531e+92	   0.030220	 0.00016505	     0.0000	     0.0000	 0.00042965	     0.0000	
0	4	 2.1243e-07	 1.1207e-06	     281.58	   0.046977	-9.7531e+92	-9.7531e+92	  0.0085060	 0.00014094	     0.0000	     0.0000	 0.00034232	     0.0000	
0	5	 0.00014614	 0.00077102	     169.69	    0.32292	-9.7531e+92	-9.7531e+92	   0.024978	 0.00048195	     0.0000	     0.0000	 0.00099561	     0.0000	
0	6	  0.0050686	   0.026740	     105.31	     1.3454	-9.7531e+92	-9.7531e+92	   0.072741	  0.0094799	     0.0000	     0.0000	   0.026684	     0.0000	
0	7	  0.0066804	   0.035244	     80.265	     2.1201	-9.7531e+92	-9.7531e+92	    0.13801	   0.013589	     0.0000	     0.0000	   0.032267	     0.0000	
0	8	 3.1332e-06	 1.6530e-05	     172.11	    0.30693	-9.7531e+92	-9.7531e+92	  0.0023652	 0.00017351	     0.0000	     0.0000	 0.00029423	     0.0000	
0	9	  0.0024288	   0.012813	     86.890	     1.9108	-9.7531e+92	-9.7531e+92	   0.054303	  0.0051296	     0.0000	     0.0000	   0.012864	     0.0000	
0	10	 1.5365e-14	 8.1064e-14	     210.64	    0.14503	-9.7531e+92	-9.7531e+92	 0.00020328	 0.00016768	     0.0000	     0.0000	 0.00027223	     0.0000	
0	11	 1.8647e-08	 9.8373e-08	     167.10	    0.34103	-9.7531e+92	-9.7531e+92	 0.00058006	 0.00015432	     0.0000	     0.0000	 0.00033136	     0.0000	
0	12	 3.6063e-15	 1.9026e-14	     226.76	    0.10933	-9.7531e+92	-9.7531e+92	 0.00020395	 0.00016861	     0.0000	     0.0000	 0.00026906	     0.0000	
0	13	   0.022239	    0.11733	     86.013	     1.9388	-9.7531e+92	-9.7531e+92	    0.16905	   0.043016	     0.0000	     0.0000	    0.10724	     0.0000	
0	14	    0.61803	     3.2605	     114.85	     1.0949	-9.7531e+92	-9.7531e+92	    0.98138	    0.97063	   0.044656	     0.0000	     1.5758	     0.0000	
0	15	 2.1079e-05	 0.00011120	     189.51	    0.21584	-9.7531e+92	-9.7531e+92	   0.010500	 0.00020320	     0.0000	     0.0000	 0.00039787	     0.0000	
0	16	 5.6794e-15	 2.9963e-14	     217.18	    0.12904	-9.7531e+92	-9.7531e+92	 0.00017582	 0.00016677	     0.0000	     0.0000	 0.00026361	     0.0000	
0	17	 6.9747e-15	 3.6797e-14	     353.56	   0.019078	-9.7531e+92	-9.7531e+92	 0.00066105	 0.00016379	     0.0000	     0.0000	 0.00026873	     0.0000	
0	18	   0.014059	   0.074170	     116.29	     1.0606	-9.7531e+92	-9.7531e+92	    0.10058	   0.028306	     0.0000	     0.0000	   0.063761	     0.0000	
0	19	 6.3589e-15	 3.3548e-14	     234.49	   0.096052	-9.7531e+92	-9.7531e+92	  0.0014511	 0.00016242	     0.0000	     0.0000	 0.00028267	     0.0000	
0	20	 2.0854e-14	 1.1002e-13	     206.61	    0.15606	-9.7531e+92	-9.7531e+92	  0.0013504	 0.00016034	     0.0000	     0.0000	 0.00028773	     0.0000	
0	21	    0.31204	     1.6462	     39.458	     2.9290	-9.7531e+92	-9.7531e+92	    0.52717	    0.57431	     0.0000	     0.0000	     1.5297	     0.0000	
0	22	 3.8491e-14	 2.0307e-13	     321.47	   0.027830	-9.7531e+92	-9.7531e+92	 0.00052962	 0.00016285	     0.0000	     0.0000	 0.00027771	     0.0000	
0	23	 0.00021572	  0.0011381	     119.13	    0.99543	-9.7531e+92	-9.7531e+92	    0.12219	 0.00060693	     0.0000	     0.0000	  0.0014702	     0.0000	
0	24	 0.00010498	 0.00055386	     123.34	    0.90511	-9.7531e+92	-9.7531e+92	  0.0019060	 0.00034885	     0.0000	     0.0000	  0.0010493	     0.0000	
1	0	   0.058884	    0.26055	     35.562	     2.9528	-9.7531e+92	-9.7531e+92	    0.17985	   0.071938	     0.0000	     0.0000	    0.11472	     0.0000	
1	1	     0.0000	     0.0000	     0.0000	     3.0000	-9.7531e+92	-9.7531e+92	     2.3465	     0.0000	     1.9722	     0.0000	     0.0000	     0.0000	
1	2	  0.0017147	  0.0075872	     184.62	    0.23778	-9.7531e+92	-9.7531e+92	   0.034158	  0.0025094	     0.0000	     0.0000	  0.0039297	     0.0000	
1	3	 8.2552e-05	 0.00036527	     244.14	   0.082134	-9.7531e+92	-9.7531e+92	   0.010267	 0.00021862	     0.0000	     0.0000	 0.00035895	     0.0000	
1	4	 1.0272e-06	 4.5450e-06	     272.02	   0.053810	-9.7531e+92	-9.7531e+92	  0.0040954	 0.00010332	     0.0000	     0.0000	 0.00015492	     0.0000	
1	5	  0.0014823	  0.0065588	     161.91	    0.38106	-9.7531e+92	-9.7531e+92	   0.022089	  0.0023184	     0.0000	     0.0000	  0.0025841	     0.0000	
1	6	  0.0098685	   0.043666	     96.519	     1.6061	-9.7531e+92	-9.7531e+92	   0.065044	   0.013902	     0.0000	     0.0000	   0.017650	     0.0000	
1	7	    0.61698	     2.7300	     75.481	     2.2648	-9.7531e+92	-9.7531e+92	    0.76530	    0.71333	    0.32883	     0.0000	     1.2312	     0.0000	
1	8	 1.0039e-06	 4.4419e-06	     184.58	    0.23797	-9.7531e+92	-9.7531e+92	  0.0031410	 0.00010912	     0.0000	     0.0000	 9.2550e-05	     0.0000	
1	9	   0.020630	   0.091283	     55.376	     2.7421	-9.7531e+92	-9.7531e+92	   0.052670	   0.027636	     0.0000	     0.0000	   0.047025	     0.0000	
1	10	 2.5917e-15	 1.1468e-14	     228.04	    0.10699	-9.7531e+92	-9.7531e+92	 0.00017325	 0.00010818	     0.0000	     0.0000	 8.7514e-05	     0.0000	
1	11	 3.8955e-17	 1.7237e-16	     185.20	    0.23505	-9.7531e+92	-9.7531e+92	 0.00040148	 0.00010465	     0.0000	     0.0000	 0.00010052	     0.0000	
1	12	 9.5125e-16	 4.2091e-15	     231.78	    0.10046	-9.7531e+92	-9.7531e+92	 0.00017226	 0.00010907	     0.0000	     0.0000	 8.4301e-05	     0.0000	
1	13	   0.086251	    0.38164	     57.043	     2.7128	-9.7531e+92	-9.7531e+92	    0.21575	   0.098057	     0.0000	     0.0000	   0.062795	     0.0000	
1	14	   0.067546	    0.29888	     88.839	     1.8485	-9.7531e+92	-9.7531e+92	    0.27398	   0.079334	     0.0000	     0.0000	   0.099239	     0.0000	
1	15	 8.4242e-05	 0.00037275	     167.83	    0.33581	-9.7531e+92	-9.7531e+92	  0.0074928	 0.00020856	     0.0000	     0.0000	 0.00029536	     0.0000	
1	16	 4.3642e-15	 1.9311e-14	     207.46	    0.15366	-9.7531e+92	-9.7531e+92	 0.00014746	 0.00010867	     0.0000	     0.0000	 8.6531e-05	     0.0000	
1	17	 3.6670e-15	 1.6226e-14	     342.57	   0.021626	-9.7531e+92	-9.7531e+92	 0.00035634	 0.00011048	     0.0000	     0.0000	 7.3616e-05	     0.0000	
1	18	   0.070747	    0.31304	     111.77	     1.1715	-9.7531e+92	-9.7531e+92	    0.18559	   0.087996	     0.0000	     0.0000	   0.091292	     0.0000	
1	19	 2.3405e-16	 1.0356e-15	     226.57	    0.10968	-9.7531e+92	-9.7531e+92	  0.0016053	 0.00010722	     0.0000	     0.0000	 8.9955e-05	     0.0000	
1	20	 2.4659e-09	 1.0911e-08	     199.20	    0.17914	-9.7531e+92	-9.7531e+92	  0.0012085	 0.00010456	     0.0000	     0.0000	 9.6836e-05	     0.0000	
1	21	   0.065550	    0.29005	     57.297	     2.7081	-9.7531e+92	-9.7531e+92	    0.21556	   0.074236	     0.0000	     0.0000	    0.13131	     0.0000	
1	22	 2.0554e-15	 9.0946e-15	     312.59	   0.031097	-9.7531e+92	-9.7531e+92	 0.00032279	 0.00011019	     0.0000	     0.0000	 8.0083e-05	     0.0000	
1	23	 0.00016279	 0.00072029	     132.72	    0.73117	-9.7531e+92	-9.7531e+92	   0.037188	 0.00032500	     0.0000	     0.0000	 0.00048779	     0.0000	
1	24	 1.4510e-05	 6.4201e-05	     142.19	    0.58963	-9.7531e+92	-9.7531e+92	  0.0012297	 0.00011674	     0.0000	     0.0000	 0.00017833	     0.0000	
2	0	    0.23462	    0.75368	     211.35	    0.14318	-9.7531e+92	-9.7531e+92	    0.27598	    0.42679	     0.0000	   0.064404	    0.88554	    0.37794	
2	1	   0.010872	   0.034925	     184.62	    0.23778	-9.7531e+92	-9.7531e+92	   0.056926	   0.021061	     0.0000	   -0.34566	   0.038292	   -0.21368	
2	2	     0.0000	     0.0000	     0.0000	     3.0000	-9.7531e+92	-9.7531e+92	     1.6688	     0.0000	     1.5328	     0.0000	     0.0000	     0.0000	
2	3	   0.058253	    0.18712	     63.167	     2.5880	-9.7531e+92	-9.7531e+92	   0.075684	   0.072529	   0.018555	    0.13485	  -0.018748	   0.039958	
2	4	   0.075045	    0.24107	     91.235	     1.7721	-9.7531e+92	-9.7531e+92	   0.077305	   0.062541	   0.039489	   0.076759	   -0.13954	  -0.056191	
2	5	  0.0050677	   0.016279	     120.45	    0.96633	-9.7531e+92	-9.7531e+92	   0.018740	  0.0097378	     0.0000	  -0.037201	  0.0078978	  -0.031351	
2	6	  0.0040368	   0.012967	     118.53	     1.0087	-9.7531e+92	-9.7531e+92	   0.034552	  0.0079700	     0.0000	  -0.043129	  0.0059401	  -0.078192	
2	7	 0.00095957	  0.0030824	     153.12	    0.46179	-9.7531e+92	-9.7531e+92	   0.057414	  0.0019441	     0.0000	     0.0000	  0.0014747	   -0.19941	
2	8	 3.2614e-06	 1.0477e-05	     174.51	    0.29198	-9.7531e+92	-9.7531e+92	  0.0012484	 0.00013992	     0.0000	  -0.028238	 8.0784e-05	 -0.0048319	
2	9	 0.00021224	 0.00068176	     133.64	    0.71608	-9.7531e+92	-9.7531e+92	   0.027226	 0.00055947	     0.0000	  -0.031023	 0.00032181	  -0.050336	
2	10	 1.0075e-13	 3.2364e-13	     213.20	    0.13850	-9.7531e+92	-9.7531e+92	 0.00012863	 0.00013902	     0.0000	-0.00074894	 5.6548e-05	-0.00010056	
2	11	 4.8368e-14	 1.5537e-13	     197.83	    0.18388	-9.7531e+92	-9.7531e+92	 0.00032588	 0.00013966	     0.0000	 -0.0023691	 5.3096e-05	-0.00063380	
2	12	 3.1985e-14	 1.0274e-13	     181.48	    0.25322	-9.7531e+92	-9.7531e+92	 0.00012861	 0.00013553	     0.0000	-0.00062117	 7.3059e-05	-8.4211e-05	
2	13	   0.050381	    0.16184	     127.66	    0.82064	-9.7531e+92	-9.7531e+92	   0.099317	   0.085967	     0.0000	   -0.18363	    0.10201	   -0.14970	
2	14	    0.51874	     1.6663	     97.273	     1.5829	-9.7531e+92	-9.7531e+92	    0.55996	    0.83502	     0.0000	    0.47726	     1.1057	     1.0192	
2	15	   0.030374	   0.097570	     21.827	     2.9932	-9.7531e+92	-9.7531e+92	   0.039501	   0.048508	  0.0055207	   0.087223	   0.059125	   0.043982	
2	16	 5.2316e-14	 1.6805e-13	     68.097	     2.4691	-9.7531e+92	-9.7531e+92	 0.00010705	 0.00012604	     0.0000	 4.0514e-08	 0.00012539	 7.4845e-09	
2	17	 5.3793e-07	 1.7280e-06	     160.64	    0.39167	-9.7531e+92	-9.7531e+92	  0.0031854	 9.8310e-05	     0.0000	 -0.0088127	 0.00020275	 -0.0030919	
2	18	   0.010772	   0.034602	     137.27	    0.65930	-9.7531e+92	-9.7531e+92	   0.048040	   0.020641	     0.0000	  -0.060344	   0.021442	   -0.12614	
2	19	 0.00052433	  0.0016843	     139.30	    0.62950	-9.7531e+92	-9.7531e+92	  0.0016354	  0.0010328	     0.0000	  -0.013800	  0.0011198	 -0.0040470	
2	20	 9.4886e-05	 0.00030480	     139.77	    0.62284	-9.7531e+92	-9.7531e+92	  0.0011027	 0.00030567	     0.0000	 -0.0088723	 0.00026208	 -0.0032361	
2	21	 2.0503e-05	 6.5861e-05	     197.19	    0.18609	-9.7531e+92	-9.7531e+92	   0.091859	 0.00016263	     0.0000	 -0.0027197	 0.00012353	   -0.26306	
2	22	 2.0616e-05	 6.6226e-05	     161.29	    0.38622	-9.7531e+92	-9.7531e+92	  0.0030450	 0.00012754	     0.0000	 -0.0069312	 0.00025692	 -0.0028618	
2	23	 1.0043e-06	 3.2262e-06	     168.40	    0.33177	-9.7531e+92	-9.7531e+92	   0.069202	 0.00013722	     0.0000	  -0.070318	 6.1170e-05	  -0.082461	
2	24	 1.3278e-14	 4.2654e-14	     210.29	    0.14595	-9.7531e+92	-9.7531e+92	 0.00051919	 0.00013927	     0.0000	-0.00086551	 5.2520e-05	 -0.0017444	
3	0	  0.0033916	   0.011819	     273.88	   0.052386	-9.7531e+92	-9.7531e+92	   0.086650	  0.0024388	     0.0000	  -0.026898	 -0.0081968	    0.30367	
3	1	  0.0053893	   0.018781	     244.14	   0.082134	-9.7531e+92	-9.7531e+92	   0.052468	  0.0042116	     0.0000	   -0.16950	  -0.013144	    0.23494	
3	2	    0.16777	    0.58465	     63.167	     2.5880	-9.7531e+92	-9.7531e+92	    0.27688	    0.10512	    0.12927	   0.030850	   -0.62114	   -0.43746	
3	3	     0.0000	     0.0000	     0.0000	     3.0000	-9.7531e+92	-9.7531e+92	     1.8199	     0.0000	     1.7579	     0.0000	     0.0000	     0.0000	
3	4	    0.28256	    0.98468	     82.606	     2.0469	-9.7531e+92	-9.7531e+92	    0.28593	    0.14537	    0.24490	    0.80769	    -1.1956	    -1.1192	
3	5	   0.027723	   0.096611	     167.87	    0.33554	-9.7531e+92	-9.7531e+92	   0.037775	   0.021953	     0.0000	  0.0076032	   -0.10137	  -0.026428	
3	6	  0.0057390	   0.019999	     180.81	    0.25667	-9.7531e+92	-9.7531e+92	   0.028589	  0.0046669	     0.0000	  -0.018829	  -0.021356	    0.14088	
3	7	 0.00011960	 0.00041677	     215.68	    0.13250	-9.7531e+92	-9.7531e+92	   0.042645	 0.00014163	     0.0000	     0.0000	-0.00067642	    0.36902	
3	8	 6.3568e-14	 2.2152e-13	     221.29	    0.12010	-9.7531e+92	-9.7531e+92	  0.0013496	 5.4234e-05	     0.0000	  -0.013263	-0.00025795	   0.010382	
3	9	 5.7762e-05	 0.00020129	     191.41	    0.20802	-9.7531e+92	-9.7531e+92	   0.017242	 9.9707e-05	     0.0000	  -0.014244	-0.00047411	    0.10329	
3	10	 5.1512e-13	 1.7951e-12	     258.79	   0.065432	-9.7531e+92	-9.7531e+92	 0.00014680	 5.5781e-05	     0.0000	-0.00034209	-0.00026785	 0.00022797	
3	11	 7.5021e-14	 2.6143e-13	     244.71	   0.081388	-9.7531e+92	-9.7531e+92	 0.00026451	 5.5813e-05	     0.0000	 -0.0010817	-0.00026810	  0.0014257	
3	12	 5.8307e-13	 2.0319e-12	     227.10	    0.10870	-9.7531e+92	-9.7531e+92	 0.00015387	 5.5309e-05	     0.0000	-0.00028643	-0.00026536	 0.00019070	
3	13	   0.063385	    0.22089	     188.65	    0.21955	-9.7531e+92	-9.7531e+92	    0.11393	   0.048164	     0.0000	  -0.062664	   -0.15437	    0.11371	
3	14	    0.17952	    0.62561	     161.01	    0.38854	-9.7531e+92	-9.7531e+92	    0.30747	    0.11208	     0.0000	  0.0011080	   -0.60184	 -0.0049883	
3	15	    0.22926	    0.79895	     84.108	     1.9994	-9.7531e+92	-9.7531e+92	    0.22380	    0.11349	    0.18694	    0.13367	   -0.57455	   -0.60622	
3	16	 2.9145e-13	 1.0157e-12	     111.94	     1.1671	-9.7531e+92	-9.7531e+92	 0.00011613	 5.2421e-05	     0.0000	 1.9416e-08	-0.00023316	-1.7822e-08	
3	17	   0.012781	   0.044540	     122.41	    0.92444	-9.7531e+92	-9.7531e+92	   0.021322	  0.0070443	   0.017496	   0.044311	  -0.016240	  -0.019764	
3	18	   0.021602	   0.075280	     199.21	    0.17912	-9.7531e+92	-9.7531e+92	   0.050746	   0.016748	     0.0000	  -0.021336	  -0.070319	    0.14809	
3	19	 8.1954e-06	 2.8559e-05	     184.07	    0.24039	-9.7531e+92	-9.7531e+92	  0.0026333	 5.6604e-05	     0.0000	  -0.010135	-0.00027250	   0.010113	
3	20	 4.6317e-07	 1.6141e-06	     185.64	    0.23299	-9.7531e+92	-9.7531e+92	  0.0019443	 5.3814e-05	     0.0000	 -0.0045575	-0.00025721	  0.0073373	
3	21	 8.6792e-14	 3.0245e-13	     259.71	   0.064522	-9.7531e+92	-9.7531e+92	   0.061686	 4.9971e-05	     0.0000	 -0.0012417	-0.00024300	    0.48432	
3	22	 0.00067936	  0.0023675	     164.94	    0.35711	-9.7531e+92	-9.7531e+92	   0.011928	 0.00044121	  0.0082928	 -0.0011683	 -0.0016080	 0.00075885	
3	23	 1.3512e-13	 4.7088e-13	     228.38	    0.10637	-9.7531e+92	-9.7531e+92	   0.038537	 5.4146e-05	     0.0000	  -0.032099	-0.00026441	    0.18118	
3	24	 1.1005e-12	 3.8349e-12	     270.69	   0.054855	-9.7531e+92	-9.7531e+92	 0.00039935	 5.5525e-05	     0.0000	-0.00039508	-0.00026747	  0.0038924	
4	0	 0.00032926	 0.00088987	     281.58	   0.046977	-9.7531e+92	-9.7531e+92	   0.086513	 0.00037202	     0.0000	  -0.055878	 -0.0026450	    0.64929	
4	1	 0.00026171	 0.00070730	     272.02	   0.053810	-9.7531e+92	-9.7531e+92	   0.025634	 0.00031750	     0.0000	   -0.36479	 -0.0023519	    0.51882	
4	2	    0.60751	     1.6419	     91.235	     1.7721	-9.7531e+92	-9.7531e+92	    0.46219	    0.49560	    0.34772	    0.13060	    -5.3442	    -4.0766	
4	3	    0.11356	    0.30692	     82.606	     2.0469	-9.7531e+92	-9.7531e+92	    0.12472	   0.051625	   0.076654	    0.23967	    -1.2864	   -0.92980	
4	4	     0.0000	     0.0000	     0.0000	     3.0000	-9.7531e+92	-9.7531e+92	     1.4131	     0.0000	     1.3813	     0.0000	     0.0000	     0.0000	
4	5	   0.010196	   0.027555	     147.08	    0.52816	-9.7531e+92	-9.7531e+92	   0.017448	  0.0099824	     0.0000	  -0.022451	  -0.093664	   0.081744	
4	6	  0.0023105	  0.0062446	     179.35	    0.26441	-9.7531e+92	-9.7531e+92	   0.016150	  0.0023915	     0.0000	  -0.041556	  -0.021876	    0.31641	
4	7	 0.00022859	 0.00061780	     209.16	    0.14897	-9.7531e+92	-9.7531e+92	   0.024119	 0.00028196	     0.0000	     0.0000	 -0.0026950	    0.75843	
4	8	 1.3643e-05	 3.6873e-05	     186.41	    0.22946	-9.7531e+92	-9.7531e+92	 0.00090261	 7.4967e-05	     0.0000	  -0.023182	-0.00072480	   0.020398	
4	9	 2.3355e-13	 6.3121e-13	     223.28	    0.11603	-9.7531e+92	-9.7531e+92	   0.010754	 6.7497e-05	     0.0000	  -0.028854	-0.00063068	    0.21276	
4	10	 1.2812e-15	 3.4626e-15	     204.61	    0.16194	-9.7531e+92	-9.7531e+92	 0.00014342	 6.7379e-05	     0.0000	-0.00068080	-0.00063899	 0.00046815	
4	11	 2.1924e-13	 5.9254e-13	     218.09	    0.12699	-9.7531e+92	-9.7531e+92	 0.00018545	 6.8512e-05	     0.0000	 -0.0021707	-0.00064686	  0.0029279	
4	12	 4.7271e-07	 1.2776e-06	     165.11	    0.35583	-9.7531e+92	-9.7531e+92	 0.00014404	 6.5652e-05	     0.0000	-0.00054522	-0.00062152	 0.00037939	
4	13	  0.0057180	   0.015454	     217.30	    0.12878	-9.7531e+92	-9.7531e+92	   0.045271	  0.0054838	     0.0000	   -0.31634	  -0.041622	    0.58912	
4	14	   0.050848	    0.13742	     184.55	    0.23808	-9.7531e+92	-9.7531e+92	    0.21242	   0.044517	     0.0000	   -0.16396	   -0.36646	    0.75830	
4	15	   0.061799	    0.16702	     106.18	     1.3210	-9.7531e+92	-9.7531e+92	   0.066497	   0.047437	   0.037908	    0.16018	   -0.54060	   -0.38059	
4	16	 1.1900e-14	 3.2162e-14	     75.439	     2.2661	-9.7531e+92	-9.7531e+92	 9.0068e-05	 6.0794e-05	     0.0000	 3.3179e-08	-0.00054867	-3.1333e-08	
4	17	   0.066444	    0.17958	     73.525	     2.3215	-9.7531e+92	-9.7531e+92	   0.048234	   0.037598	   0.045268	    0.36363	   -0.37127	   -0.28468	
4	18	  0.0034163	  0.0092331	     186.18	    0.23049	-9.7531e+92	-9.7531e+92	   0.023963	  0.0033898	     0.0000	  -0.062850	  -0.029430	    0.43518	
4	19	  0.0051470	   0.013911	     119.82	    0.98008	-9.7531e+92	-9.7531e+92	  0.0069378	  0.0039107	     0.0000	   0.011173	  -0.038538	  -0.015711	
4	20	  0.0017224	  0.0046552	     135.08	    0.69295	-9.7531e+92	-9.7531e+92	  0.0028278	  0.0016716	     0.0000	-0.00058112	  -0.015948	  0.0010960	
4	21	 6.5413e-14	 1.7679e-13	     253.96	   0.070430	-9.7531e+92	-9.7531e+92	   0.034989	 6.2691e-05	     0.0000	 -0.0025099	-0.00061008	    0.99647	
4	22	   0.070491	    0.19051	     82.638	     2.0459	-9.7531e+92	-9.7531e+92	   0.052416	   0.041679	   0.049597	    0.35985	   -0.44247	   -0.34909	
4	23	 1.1398e-15	 3.0804e-15	     212.30	    0.14074	-9.7531e+92	-9.7531e+92	   0.026454	 6.7259e-05	     0.0000	  -0.064877	-0.00064446	    0.37215	
4	24	 1.9241e-13	 5.2002e-13	     253.16	   0.071301	-9.7531e+92	-9.7531e+92	 0.00025665	 6.8907e-05	     0.0000	-0.00079852	-0.00064864	  0.0079942	
5	0	   0.015140	   0.018098	     169.69	    0.32292	-9.7531e+92	-9.7531e+92	   0.041079	  0.0088794	     0.0000	  -0.011966	   -0.13051	    0.58462	
5	1	  0.0087493	   0.010459	     161.91	    0.38106	-9.7531e+92	-9.7531e+92	   0.024645	  0.0053338	     0.0000	  -0.080804	  -0.078973	    0.46543	
5	2	   0.060652	   0.072502	     120.45	    0.96633	-9.7531e+92	-9.7531e+92	   0.034019	   0.036972	     0.0000	  0.0051824	   -0.57633	   -0.11752	
5	3	  0.0063555	  0.0075972	     167.87	    0.33554	-9.7531e+92	-9.7531e+92	  0.0077004	  0.0037597	     0.0000	  -0.027473	  -0.061631	   0.072440	
5	4	   0.015031	   0.017967	     147.08	    0.52816	-9.7531e+92	-9.7531e+92	   0.010417	  0.0093158	     0.0000	  0.0097554	   -0.14657	  -0.021646	
5	5	     0.0000	     0.0000	     0.0000	     3.0000	-9.7531e+92	-9.7531e+92	    0.60812	     0.0000	    0.58331	     0.0000	     0.0000	     0.0000	
5	6	    0.15200	    0.18170	     72.218	     2.3585	-9.7531e+92	-9.7531e+92	   0.057681	   0.099364	  0.0062093	   0.027354	    -1.5653	   -0.75348	
5	7	   0.031289	   0.037402	     89.752	     1.8194	-9.7531e+92	-9.7531e+92	   0.033042	   0.018769	     0.0000	     0.0000	   -0.32027	    0.46443	
5	8	   0.014784	   0.017672	     54.235	     2.7611	-9.7531e+92	-9.7531e+92	  0.0064917	  0.0085351	  0.0032600	   0.020204	   -0.14238	  -0.079283	
5	9	 8.7235e-05	 0.00010428	     134.70	    0.69890	-9.7531e+92	-9.7531e+92	  0.0086438	 0.00010143	     0.0000	 -0.0070826	 -0.0016144	    0.18686	
5	10	 0.00023293	 0.00027844	     93.726	     1.6933	-9.7531e+92	-9.7531e+92	 0.00022681	 0.00016311	 7.9015e-05	 0.00029902	 -0.0025607	-0.00097390	
5	11	 0.00036731	 0.00043907	     77.490	     2.2050	-9.7531e+92	-9.7531e+92	 0.00028824	 0.00025822	     0.0000	 9.4369e-06	 -0.0041329	-6.2262e-05	
5	12	 0.00095759	  0.0011447	     80.590	     2.1100	-9.7531e+92	-9.7531e+92	 0.00038675	 0.00055689	 0.00025007	  0.0015444	 -0.0087258	 -0.0050142	
5	13	    0.13365	    0.15976	     125.66	    0.85869	-9.7531e+92	-9.7531e+92	   0.071937	   0.082907	     0.0000	   0.025715	    -1.1789	   -0.19427	
5	14	    0.20977	    0.25075	     108.09	     1.2686	-9.7531e+92	-9.7531e+92	    0.10710	    0.11064	     0.0000	  0.0092738	    -1.9498	   -0.19330	
5	15	  0.0061547	  0.0073571	     104.94	     1.3557	-9.7531e+92	-9.7531e+92	  0.0060018	  0.0039659	     0.0000	 -0.0081988	  -0.064151	   0.030376	
5	16	 5.8327e-14	 6.9722e-14	     71.546	     2.3771	-9.7531e+92	-9.7531e+92	 3.9836e-05	 4.2247e-05	     0.0000	 9.0989e-09	-0.00063104	-2.8982e-08	
5	17	 3.0800e-13	 3.6818e-13	     219.60	    0.12368	-9.7531e+92	-9.7531e+92	 0.00044002	 4.4497e-05	     0.0000	 -0.0042527	-0.00071051	  0.0073417	
5	18	    0.22251	    0.26599	     53.346	     2.7752	-9.7531e+92	-9.7531e+92	   0.084945	    0.11346	  0.0079799	  0.0098985	    -2.2843	    -1.0776	
5	19	   0.033590	   0.040152	     64.874	     2.5486	-9.7531e+92	-9.7531e+92	   0.013019	   0.017878	  0.0098521	   0.040726	   -0.30402	   -0.18501	
5	20	   0.063197	   0.075543	     39.691	     2.9273	-9.7531e+92	-9.7531e+92	   0.019810	   0.037123	   0.017504	   0.050567	   -0.61268	   -0.40658	
5	21	   0.014511	   0.017346	     132.91	    0.72808	-9.7531e+92	-9.7531e+92	   0.040776	  0.0088007	     0.0000	-0.00054872	   -0.14946	    0.79078	
5	22	 9.8102e-07	 1.1727e-06	     151.89	    0.47454	-9.7531e+92	-9.7531e+92	 0.00047429	 4.3443e-05	     0.0000	 -0.0035633	-0.00069703	  0.0069100	
5	23	   0.010963	   0.013105	     65.633	     2.5304	-9.7531e+92	-9.7531e+92	   0.017697	  0.0063539	     0.0000	-0.00046496	   -0.10407	    0.22277	
5	24	 1.2783e-05	 1.5280e-05	     106.34	     1.3165	-9.7531e+92	-9.7531e+92	 0.00027545	 5.2342e-05	     0.0000	-0.00014962	-0.00083750	  0.0068721	
6	0	    0.29607	    0.35477	     105.31	     1.3454	-9.7531e+92	-9.7531e+92	    0.11627	    0.23545	     0.0000	  0.0038131	   0.046268	  -0.065721	
6	1	   0.053926	   0.064618	     96.519	     1.6061	-9.7531e+92	-9.7531e+92	   0.038822	   0.045241	     0.0000	 -0.0056525	 0.00049588	   0.011717	
6	2	   0.036010	   0.043150	     118.53	     1.0087	-9.7531e+92	-9.7531e+92	   0.023547	   0.031785	     0.0000	-0.00031073	  0.0018809	  0.0026017	
6	3	 0.00050872	 0.00060958	     180.81	    0.25667	-9.7531e+92	-9.7531e+92	  0.0039704	 0.00053256	     0.0000	 -0.0071788	 0.00011991	  0.0069507	
6	4	 0.00043132	 0.00051684	     179.35	    0.26441	-9.7531e+92	-9.7531e+92	  0.0020129	 0.00047194	     0.0000	 -0.0057568	 3.7742e-05	  0.0047632	
6	5	  0.0084447	   0.010119	     72.218	     2.3585	-9.7531e+92	-9.7531e+92	  0.0064269	  0.0069296	     0.0000	-0.00070074	  0.0013918	  0.0048243	
6	6	     0.0000	     0.0000	     0.0000	     3.0000	-9.7531e+92	-9.7531e+92	    0.60978	     0.0000	    0.55818	     0.0000	     0.0000	     0.0000	
6	7	   0.040363	   0.048366	     34.871	     2.9563	-9.7531e+92	-9.7531e+92	   0.037492	   0.033706	     0.0000	     0.0000	 -0.0061852	   0.026524	
6	8	 5.7100e-05	 6.8421e-05	     109.28	     1.2365	-9.7531e+92	-9.7531e+92	 0.00059206	 0.00012251	     0.0000	 -0.0011029	-4.5718e-05	  0.0012201	
6	9	  0.0040934	  0.0049050	     62.827	     2.5956	-9.7531e+92	-9.7531e+92	  0.0093949	  0.0032846	     0.0000	     0.0000	  0.0030232	  0.0015068	
6	10	 2.7373e-08	 3.2800e-08	     153.37	    0.45919	-9.7531e+92	-9.7531e+92	 4.6371e-05	 6.6124e-05	     0.0000	-2.7429e-05	-2.2835e-05	 2.7277e-05	
6	11	 2.0612e-06	 2.4699e-06	     117.04	     1.0431	-9.7531e+92	-9.7531e+92	 9.6179e-05	 6.6896e-05	     0.0000	-8.7602e-05	-1.5544e-05	 0.00016977	
6	12	 7.5663e-08	 9.0665e-08	     152.49	    0.46823	-9.7531e+92	-9.7531e+92	 4.6774e-05	 6.6627e-05	     0.0000	-2.3113e-05	-2.4886e-05	 2.2794e-05	
6	13	    0.40390	    0.48398	     53.773	     2.7685	-9.7531e+92	-9.7531e+92	    0.14299	    0.33388	   0.021014	   0.042241	  -0.030144	   -0.11475	
6	14	   0.090257	    0.10815	     41.508	     2.9135	-9.7531e+92	-9.7531e+92	   0.087640	   0.064583	     0.0000	 -0.0048080	  -0.069888	   0.032631	
6	15	  0.0044366	  0.0053162	     96.746	     1.5991	-9.7531e+92	-9.7531e+92	  0.0033520	  0.0043306	     0.0000	 -0.0019718	 -0.0015661	  0.0028027	
6	16	 1.0178e-15	 1.2196e-15	     111.89	     1.1685	-9.7531e+92	-9.7531e+92	 3.9933e-05	 6.8161e-05	     0.0000	 1.7921e-09	-3.7964e-05	-2.1625e-09	
6	17	 4.3450e-15	 5.2065e-15	     251.72	   0.072906	-9.7531e+92	-9.7531e+92	 0.00013438	 6.8629e-05	     0.0000	-0.00073438	-4.3983e-05	 0.00049163	
6	18	   0.053906	   0.064594	     36.723	     2.9464	-9.7531e+92	-9.7531e+92	   0.030801	   0.042794	     0.0000	-0.00037798	  -0.026783	  0.0044992	
6	19	 9.6485e-06	 1.1562e-05	     133.74	    0.71443	-9.7531e+92	-9.7531e+92	 0.00037453	 7.4750e-05	     0.0000	-0.00095301	-2.7752e-05	  0.0012147	
6	20	 0.00043279	 0.00051860	     111.59	     1.1762	-9.7531e+92	-9.7531e+92	 0.00044721	 0.00048160	     0.0000	-0.00030198	-0.00013794	 0.00067691	
6	21	  0.0066361	  0.0079518	     78.899	     2.1621	-9.7531e+92	-9.7531e+92	   0.072051	  0.0054930	     0.0000	-0.00010126	 -0.0010105	   0.055776	
6	22	 7.8775e-16	 9.4394e-16	     216.08	    0.13159	-9.7531e+92	-9.7531e+92	 0.00012158	 6.8157e-05	     0.0000	-0.00062788	-3.8211e-05	 0.00046209	
6	23	 0.00048484	 0.00058097	     73.330	     2.3271	-9.7531e+92	-9.7531e+92	   0.011418	 0.00051601	     0.0000	 -0.0019709	-0.00011964	   0.021500	
6	24	 2.8871e-05	 3.4595e-05	     108.13	     1.2674	-9.7531e+92	-9.7531e+92	 0.00028880	 9.2128e-05	     0.0000	-3.2960e-05	-2.6980e-05	 0.00045265	
7	0	   0.081061	    0.10764	     80.265	     2.1201	-9.7531e+92	-9.7531e+92	   0.064560	    0.16281	     0.0000	  -0.010588	    0.97707	   -0.16077	
7	1	    0.20085	    0.26672	     75.481	     2.2648	-9.7531e+92	-9.7531e+92	   0.093255	    0.16879	     0.0000	     0.0000	    0.47404	     0.0000	
7	2	  0.0073379	  0.0097443	     153.12	    0.46179	-9.7531e+92	-9.7531e+92	   0.014882	   0.016662	     0.0000	  -0.026421	   0.089053	   -0.16624	
7	3	 0.00014144	 0.00018783	     215.68	    0.13250	-9.7531e+92	-9.7531e+92	  0.0045316	 0.00049014	     0.0000	   -0.11304	  0.0025740	  -0.083929	
7	4	 0.00011531	 0.00015313	     209.16	    0.14897	-9.7531e+92	-9.7531e+92	  0.0018106	 0.00043877	     0.0000	  -0.091243	  0.0021961	  -0.054671	
7	5	  0.0095834	   0.012726	     89.752	     1.8194	-9.7531e+92	-9.7531e+92	   0.010968	   0.022300	     0.0000	  -0.016034	    0.11038	  -0.051207	
7	6	   0.052268	   0.069409	     34.871	     2.9563	-9.7531e+92	-9.7531e+92	   0.032400	    0.11688	     0.0000	  0.0061523	    0.60096	   0.042306	
7	7	     0.0000	     0.0000	     0.0000	     3.0000	-9.7531e+92	-9.7531e+92	    0.71022	     0.0000	    0.57923	     0.0000	     0.0000	     0.0000	
7	8	 0.00050673	 0.00067291	     109.89	     1.2203	-9.7531e+92	-9.7531e+92	  0.0014947	  0.0013753	     0.0000	  -0.014514	  0.0065839	 -0.0097145	
7	9	   0.019114	   0.025383	     64.406	     2.5596	-9.7531e+92	-9.7531e+92	   0.016653	   0.042482	     0.0000	 -0.0053958	    0.22010	  -0.034845	
7	10	 5.4346e-07	 7.2169e-07	     153.29	    0.46001	-9.7531e+92	-9.7531e+92	 5.5351e-05	 0.00016762	     0.0000	-0.00044908	 0.00074544	-0.00025623	
7	11	 4.4566e-05	 5.9181e-05	     112.26	     1.1591	-9.7531e+92	-9.7531e+92	 0.00016653	 0.00027078	     0.0000	 -0.0012550	  0.0012471	 -0.0014202	
7	12	 6.4336e-08	 8.5435e-08	     158.06	    0.41430	-9.7531e+92	-9.7531e+92	 5.4975e-05	 0.00016828	     0.0000	-0.00038225	 0.00073428	-0.00021618	
7	13	    0.13280	    0.17635	     57.312	     2.7078	-9.7531e+92	-9.7531e+92	   0.077097	    0.25638	     0.0000	   0.066644	     1.4779	    0.14956	
7	14	    0.21504	    0.28556	     65.464	     2.5345	-9.7531e+92	-9.7531e+92	    0.12176	    0.38965	     0.0000	   0.031544	     2.3099	    0.18110	
7	15	 0.00071382	 0.00094791	     131.62	    0.74982	-9.7531e+92	-9.7531e+92	  0.0034264	  0.0017858	     0.0000	  -0.048977	  0.0088727	  -0.045046	
7	16	 2.3570e-15	 3.1300e-15	     137.28	    0.65913	-9.7531e+92	-9.7531e+92	 4.4254e-05	 0.00016662	     0.0000	 2.8470e-08	 0.00074115	 2.0067e-08	
7	17	 2.3720e-15	 3.1499e-15	     281.54	   0.047004	-9.7531e+92	-9.7531e+92	 0.00013570	 0.00017297	     0.0000	  -0.011323	 0.00071216	 -0.0046884	
7	18	    0.19805	    0.26301	     38.248	     2.9371	-9.7531e+92	-9.7531e+92	   0.084536	    0.37981	     0.0000	   0.091247	     2.1884	    0.62678	
7	19	 7.3831e-06	 9.8043e-06	     154.38	    0.44913	-9.7531e+92	-9.7531e+92	 0.00073756	 0.00018488	     0.0000	  -0.015891	 0.00081710	  -0.011746	
7	20	 4.2126e-05	 5.5941e-05	     126.68	    0.83907	-9.7531e+92	-9.7531e+92	 0.00056174	 0.00026483	     0.0000	 -0.0062504	  0.0012167	 -0.0082961	
7	21	   0.079294	    0.10530	     44.967	     2.8822	-9.7531e+92	-9.7531e+92	   0.070890	    0.14529	     0.0000	-0.00063644	    0.92920	   -0.23030	
7	22	 2.4711e-15	 3.2815e-15	     241.36	   0.085874	-9.7531e+92	-9.7531e+92	 0.00012018	 0.00017229	     0.0000	 -0.0096808	 0.00072044	 -0.0044513	
7	23	  0.0022403	  0.0029749	     58.677	     2.6821	-9.7531e+92	-9.7531e+92	   0.016838	  0.0051485	     0.0000	  -0.040461	   0.026768	   -0.19777	
7	24	 0.00078480	  0.0010422	     84.614	     1.9834	-9.7531e+92	-9.7531e+92	 0.00060589	  0.0019334	     0.0000	-0.00010386	  0.0099114	-0.00088109	
8	0	   0.012635	  0.0072828	     172.11	    0.30693	-9.7531e+92	-9.7531e+92	   0.011961	  0.0015678	     0.0000	 -0.0056192	  -0.057295	    0.41065	
8	1	 0.00059905	 0.00034529	     184.58	    0.23797	-9.7531e+92	-9.7531e+92	  0.0077487	 8.2107e-05	     0.0000	  -0.040978	 -0.0031114	    0.35160	
8	2	 0.00035877	 0.00020679	     174.51	    0.29198	-9.7531e+92	-9.7531e+92	   0.010131	 5.5037e-05	     0.0000	 -0.0054503	 -0.0020688	    0.18310	
8	3	 2.0469e-06	 1.1798e-06	     221.29	    0.12010	-9.7531e+92	-9.7531e+92	  0.0029996	 8.9106e-06	     0.0000	  -0.019599	-0.00033132	   0.076649	
8	4	 2.4312e-05	 1.4013e-05	     186.41	    0.22946	-9.7531e+92	-9.7531e+92	   0.013788	 1.1862e-05	  0.0070026	  -0.015818	-0.00045069	   0.051884	
8	5	   0.080635	   0.046477	     54.235	     2.7611	-9.7531e+92	-9.7531e+92	   0.023367	  0.0097570	   0.011404	   0.011432	   -0.41507	   -0.27677	
8	6	  0.0077935	  0.0044921	     109.28	     1.2365	-9.7531e+92	-9.7531e+92	  0.0070937	  0.0010466	     0.0000	 -0.0040563	  -0.040930	    0.16419	
8	7	   0.073060	   0.042111	     109.89	     1.2203	-9.7531e+92	-9.7531e+92	   0.018373	  0.0089696	     0.0000	     0.0000	   -0.37872	    0.11906	
8	8	     0.0000	     0.0000	     0.0000	     3.0000	-9.7531e+92	-9.7531e+92	    0.29086	     0.0000	    0.28930	     0.0000	     0.0000	     0.0000	
8	9	 6.7918e-07	 3.9147e-07	     171.65	    0.30991	-9.7531e+92	-9.7531e+92	  0.0027271	 9.0455e-06	     0.0000	 -0.0032542	-0.00035579	    0.12598	
8	10	  0.0011750	 0.00067726	     44.054	     2.8911	-9.7531e+92	-9.7531e+92	 0.00065515	 0.00011674	 0.00058389	 0.00070676	 -0.0044793	 -0.0034763	
8	11	  0.0073561	  0.0042400	     32.525	     2.9668	-9.7531e+92	-9.7531e+92	  0.0011560	 0.00086381	 0.00091171	  0.0031221	  -0.034831	  -0.029349	
8	12	 0.00051621	 0.00029754	     55.069	     2.7473	-9.7531e+92	-9.7531e+92	 0.00025628	 6.5300e-05	 0.00019038	 0.00043679	 -0.0026358	 -0.0018848	
8	13	   0.041371	   0.023846	     162.59	    0.37553	-9.7531e+92	-9.7531e+92	   0.016299	  0.0051967	     0.0000	  -0.022452	   -0.19259	    0.25272	
8	14	   0.064022	   0.036902	     146.54	    0.53466	-9.7531e+92	-9.7531e+92	   0.028330	  0.0074869	     0.0000	  -0.016564	   -0.29637	    0.46998	
8	15	 2.9087e-05	 1.6765e-05	     159.01	    0.40580	-9.7531e+92	-9.7531e+92	  0.0021340	 1.2729e-05	     0.0000	 -0.0090123	-0.00050113	   0.049045	
8	16	 5.9861e-15	 3.4503e-15	     112.87	     1.1438	-9.7531e+92	-9.7531e+92	 1.9209e-05	 8.4915e-06	     0.0000	 3.8374e-09	-0.00027625	-1.6243e-08	
8	17	 1.2569e-14	 7.2446e-15	     258.50	   0.065716	-9.7531e+92	-9.7531e+92	 0.00050318	 9.1324e-06	     0.0000	 -0.0019477	-0.00035710	  0.0049266	
8	18	    0.15257	   0.087942	     75.421	     2.2666	-9.7531e+92	-9.7531e+92	   0.038573	   0.016143	  0.0014615	  0.0059774	   -0.77931	   -0.40056	
8	19	    0.50351	    0.29022	     80.536	     2.1117	-9.7531e+92	-9.7531e+92	   0.074126	   0.058932	   0.072599	    0.42078	    -2.4997	    -2.2330	
8	20	   0.049719	   0.028658	     51.987	     2.7958	-9.7531e+92	-9.7531e+92	  0.0096076	  0.0058240	  0.0084957	   0.019371	   -0.24530	   -0.21162	
8	21	  0.0022230	  0.0012813	     132.38	    0.73687	-9.7531e+92	-9.7531e+92	   0.010117	 0.00028086	     0.0000	-0.00027800	  -0.011875	    0.58939	
8	22	 1.0313e-08	 5.9441e-09	     168.70	    0.32968	-9.7531e+92	-9.7531e+92	 0.00076001	 8.9986e-06	 0.00015870	 -0.0016446	-0.00035371	  0.0046440	
8	23	  0.0018946	  0.0010920	     54.810	     2.7517	-9.7531e+92	-9.7531e+92	  0.0045530	 0.00025398	     0.0000	 -0.0065721	  -0.010320	    0.20886	
8	24	 0.00049685	 0.00028638	     77.960	     2.1908	-9.7531e+92	-9.7531e+92	 0.00019599	 7.4246e-05	     0.0000	-3.5753e-05	 -0.0029697	  0.0022993	
9	0	    0.14113	    0.11496	     86.890	     1.9108	-9.7531e+92	-9.7531e+92	   0.054646	   0.067019	     0.0000	     0.0000	    0.35801	     0.0000	
9	1	    0.16463	    0.13411	     55.376	     2.7421	-9.7531e+92	-9.7531e+92	   0.047192	   0.084137	     0.0000	     0.0000	    0.40702	     0.0000	
9	2	  0.0076525	  0.0062337	     133.64	    0.71608	-9.7531e+92	-9.7531e+92	  0.0099618	  0.0040889	     0.0000	     0.0000	   0.020814	     0.0000	
9	3	 9.2204e-05	 7.5110e-05	     191.41	    0.20802	-9.7531e+92	-9.7531e+92	  0.0033114	 9.1813e-05	     0.0000	     0.0000	 0.00045212	     0.0000	
9	4	 2.5525e-05	 2.0793e-05	     223.28	    0.11603	-9.7531e+92	-9.7531e+92	  0.0011151	 5.4269e-05	     0.0000	     0.0000	 0.00025869	     0.0000	
9	5	 0.00042736	 0.00034813	     134.70	    0.69890	-9.7531e+92	-9.7531e+92	  0.0031321	 0.00029350	     0.0000	     0.0000	  0.0013276	     0.0000	
9	6	    0.21165	    0.17241	     62.827	     2.5956	-9.7531e+92	-9.7531e+92	   0.050194	    0.12315	   0.015118	     0.0000	    0.57049	     0.0000	
9	7	  0.0078031	  0.0063564	     64.406	     2.5596	-9.7531e+92	-9.7531e+92	   0.025615	  0.0042004	     0.0000	     0.0000	   0.021574	     0.0000	
9	8	 2.2196e-06	 1.8081e-06	     171.65	    0.30991	-9.7531e+92	-9.7531e+92	 0.00031663	 4.3864e-05	     0.0000	     0.0000	 0.00017946	     0.0000	
9	9	     0.0000	     0.0000	     0.0000	     3.0000	-9.7531e+92	-9.7531e+92	    0.41347	     0.0000	    0.39167	     0.0000	     0.0000	     0.0000	
9	10	 3.6224e-16	 2.9508e-16	     215.04	    0.13402	-9.7531e+92	-9.7531e+92	 3.0864e-05	 4.2813e-05	     0.0000	     0.0000	 0.00017332	     0.0000	
9	11	 7.8360e-10	 6.3832e-10	     175.31	    0.28718	-9.7531e+92	-9.7531e+92	 7.1596e-05	 4.2072e-05	     0.0000	     0.0000	 0.00017498	     0.0000	
9	12	 7.9681e-17	 6.4909e-17	     214.99	    0.13415	-9.7531e+92	-9.7531e+92	 3.0933e-05	 4.3088e-05	     0.0000	     0.0000	 0.00017205	     0.0000	
9	13	    0.11482	   0.093532	     9.0540	     2.9998	-9.7531e+92	-9.7531e+92	   0.046581	   0.056889	     0.0000	     0.0000	    0.26598	     0.0000	
9	14	    0.32734	    0.26665	     38.749	     2.9339	-9.7531e+92	-9.7531e+92	   0.098986	    0.13258	     0.0000	     0.0000	    0.50780	     0.0000	
9	15	 0.00054716	 0.00044572	     117.55	     1.0311	-9.7531e+92	-9.7531e+92	  0.0015035	 0.00036862	     0.0000	     0.0000	  0.0016322	     0.0000	
9	16	 9.3795e-17	 7.6406e-17	     159.83	    0.39862	-9.7531e+92	-9.7531e+92	 2.7147e-05	 4.2804e-05	     0.0000	     0.0000	 0.00018262	     0.0000	
9	17	 3.0401e-16	 2.4765e-16	     293.28	   0.040011	-9.7531e+92	-9.7531e+92	 8.6775e-05	 4.2969e-05	     0.0000	     0.0000	 0.00016802	     0.0000	
9	18	   0.015837	   0.012901	     96.665	     1.6016	-9.7531e+92	-9.7531e+92	   0.014897	  0.0083027	     0.0000	     0.0000	   0.040224	     0.0000	
9	19	 9.9211e-08	 8.0818e-08	     193.08	    0.20137	-9.7531e+92	-9.7531e+92	 0.00019655	 4.2077e-05	     0.0000	     0.0000	 0.00017420	     0.0000	
9	20	 1.1384e-06	 9.2736e-07	     174.09	    0.29453	-9.7531e+92	-9.7531e+92	 0.00018351	 4.1920e-05	     0.0000	     0.0000	 0.00018003	     0.0000	
9	21	  0.0080116	  0.0065263	     83.320	     2.0244	-9.7531e+92	-9.7531e+92	   0.030377	  0.0042558	     0.0000	     0.0000	   0.022050	     0.0000	
9	22	 7.7989e-16	 6.3530e-16	     266.14	   0.058633	-9.7531e+92	-9.7531e+92	 7.3459e-05	 4.2825e-05	     0.0000	     0.0000	 0.00016998	     0.0000	
9	23	 2.9988e-05	 2.4428e-05	     121.73	    0.93874	-9.7531e+92	-9.7531e+92	   0.012373	 5.8141e-05	     0.0000	     0.0000	 0.00025674	     0.0000	
9	24	 2.0843e-06	 1.6979e-06	     149.07	    0.50520	-9.7531e+92	-9.7531e+92	 0.00014784	 4.2257e-05	     0.0000	     0.0000	 0.00018246	     0.0000	
10	0	  0.0026207	 0.00084941	     210.64	    0.14503	-9.7531e+92	-9.7531e+92	  0.0068614	 2.9421e-05	     0.0000	-0.00065666	 -0.0022498	   0.091224	
10	1	  0.0011284	 0.00036575	     228.04	    0.10699	-9.7531e+92	-9.7531e+92	  0.0048050	 1.3315e-05	     0.0000	 -0.0043303	 -0.0010280	   0.070371	
10	2	  0.0014475	 0.00046918	     213.20	    0.13850	-9.7531e+92	-9.7531e+92	  0.0036663	 1.7250e-05	     0.0000	-0.00056457	 -0.0013518	   0.035750	
10	3	 1.9194e-05	 6.2212e-06	     258.79	   0.065432	-9.7531e+92	-9.7531e+92	  0.0010013	 9.7456e-07	     0.0000	 -0.0020819	-7.6120e-05	   0.015365	
10	4	  0.0011908	 0.00038598	     204.61	    0.16194	-9.7531e+92	-9.7531e+92	  0.0022995	 1.4228e-05	     0.0000	 -0.0015135	 -0.0011402	  0.0093452	
10	5	    0.21236	   0.068831	     93.726	     1.6933	-9.7531e+92	-9.7531e+92	   0.022221	  0.0024318	   0.015494	  0.0044493	   -0.20071	   -0.17736	
10	6	  0.0013601	 0.00044083	     153.37	    0.45919	-9.7531e+92	-9.7531e+92	  0.0045946	 1.6804e-05	     0.0000	-0.00051003	 -0.0013509	   0.038633	
10	7	  0.0054902	  0.0017795	     153.29	    0.46001	-9.7531e+92	-9.7531e+92	  0.0063979	 6.1908e-05	     0.0000	     0.0000	 -0.0052417	   0.086066	
10	8	    0.19207	   0.062253	     44.054	     2.8911	-9.7531e+92	-9.7531e+92	   0.016865	  0.0019705	   0.015989	   0.015905	   -0.17919	   -0.17314	
10	9	 1.7183e-08	 5.5693e-09	     215.04	    0.13402	-9.7531e+92	-9.7531e+92	  0.0016917	 7.9095e-07	     0.0000	-0.00034607	-6.3927e-05	   0.025038	
10	10	     0.0000	     0.0000	     0.0000	     3.0000	-9.7531e+92	-9.7531e+92	    0.16223	     0.0000	    0.16219	     0.0000	     0.0000	     0.0000	
10	11	   0.058071	   0.018822	     46.926	     2.8613	-9.7531e+92	-9.7531e+92	  0.0048765	 0.00065622	  0.0047392	  0.0037437	  -0.054005	  -0.052553	
10	12	   0.062776	   0.020347	     46.012	     2.8713	-9.7531e+92	-9.7531e+92	  0.0051353	 0.00047219	  0.0050983	  0.0040286	  -0.043534	  -0.042308	
10	13	  0.0036951	  0.0011977	     205.99	    0.15786	-9.7531e+92	-9.7531e+92	  0.0074546	 4.1665e-05	     0.0000	 -0.0038738	 -0.0032310	   0.082600	
10	14	   0.045952	   0.014894	     190.48	    0.21181	-9.7531e+92	-9.7531e+92	   0.014658	 0.00048509	     0.0000	 -0.0020423	  -0.039169	    0.10985	
10	15	 6.7315e-06	 2.1818e-06	     197.67	    0.18443	-9.7531e+92	-9.7531e+92	  0.0010947	 8.5714e-07	     0.0000	-0.00096039	-6.9806e-05	  0.0097773	
10	16	 4.9581e-15	 1.6070e-15	     147.94	    0.51817	-9.7531e+92	-9.7531e+92	 1.0802e-05	 7.7522e-07	     0.0000	 4.5225e-10	-3.1420e-05	-2.0148e-09	
10	17	 6.0418e-15	 1.9583e-15	     270.72	   0.054831	-9.7531e+92	-9.7531e+92	 9.4940e-05	 7.9479e-07	     0.0000	-0.00020696	-6.4603e-05	 0.00097786	
10	18	    0.29065	   0.094204	     118.82	     1.0023	-9.7531e+92	-9.7531e+92	   0.032576	  0.0032994	   0.011707	  0.0027207	   -0.26556	   -0.20213	
10	19	   0.037570	   0.012177	     85.643	     1.9506	-9.7531e+92	-9.7531e+92	  0.0083940	 0.00033893	  0.0075353	  0.0026298	  -0.033082	  -0.030097	
10	20	   0.047693	   0.015458	     74.457	     2.2947	-9.7531e+92	-9.7531e+92	  0.0057518	 0.00052817	  0.0051266	  0.0023358	  -0.044878	  -0.042212	
10	21	 0.00028641	 9.2831e-05	     171.26	    0.31241	-9.7531e+92	-9.7531e+92	  0.0053768	 3.8637e-06	     0.0000	-3.0036e-05	-0.00033331	    0.11912	
10	22	 1.0176e-06	 3.2981e-07	     176.66	    0.27933	-9.7531e+92	-9.7531e+92	 0.00012560	 7.8914e-07	     0.0000	-0.00017076	-6.5027e-05	 0.00091922	
10	23	   0.010456	  0.0033891	     95.614	     1.6342	-9.7531e+92	-9.7531e+92	  0.0037222	 0.00012369	     0.0000	-0.00059102	  -0.010159	   0.033388	
10	24	   0.025162	  0.0081557	     102.71	     1.4197	-9.7531e+92	-9.7531e+92	  0.0021871	 0.00030313	  0.0018488	 0.00023635	  -0.024408	  -0.022907	
11	0	    0.10533	   0.037854	     167.10	    0.34103	-9.7531e+92	-9.7531e+92	   0.018549	  0.0019680	     0.0000	-6.8969e-05	  -0.080897	  0.0061166	
11	1	  0.0072843	  0.0026178	     185.20	    0.23505	-9.7531e+92	-9.7531e+92	  0.0075709	 0.00014256	     0.0000	 -0.0054880	 -0.0058029	   0.057060	
11	2	 0.00016515	 5.9351e-05	     197.83	    0.18388	-9.7531e+92	-9.7531e+92	  0.0032102	 4.5535e-06	     0.0000	-0.00079662	-0.00019093	   0.032367	
11	3	 1.9203e-05	 6.9012e-06	     244.71	   0.081388	-9.7531e+92	-9.7531e+92	 0.00090715	 1.7125e-06	     0.0000	 -0.0028487	-7.0047e-05	   0.013480	
11	4	 1.6455e-05	 5.9135e-06	     218.09	    0.12699	-9.7531e+92	-9.7531e+92	 0.00098048	 1.6646e-06	     0.0000	 -0.0023029	-6.9614e-05	  0.0091290	
11	5	    0.10647	   0.038264	     77.490	     2.2050	-9.7531e+92	-9.7531e+92	   0.014256	  0.0021589	  0.0067977	  0.0030554	  -0.093387	  -0.070043	
11	6	   0.019844	  0.0071314	     117.04	     1.0431	-9.7531e+92	-9.7531e+92	  0.0063422	 0.00041058	     0.0000	-0.00038854	  -0.017493	   0.018966	
11	7	   0.010299	  0.0037011	     112.26	     1.1591	-9.7531e+92	-9.7531e+92	  0.0083881	 0.00020023	     0.0000	     0.0000	 -0.0090649	   0.071954	
11	8	   0.072153	   0.025930	     32.525	     2.9668	-9.7531e+92	-9.7531e+92	  0.0073183	  0.0013883	  0.0063468	   0.010380	  -0.060796	  -0.054750	
11	9	 4.3502e-06	 1.5633e-06	     175.31	    0.28718	-9.7531e+92	-9.7531e+92	  0.0021188	 1.4689e-06	     0.0000	-0.00047339	-6.3237e-05	   0.022090	
11	10	  0.0045483	  0.0016345	     46.926	     2.8613	-9.7531e+92	-9.7531e+92	 0.00044986	 6.0605e-05	 0.00040543	 0.00031102	 -0.0018091	 -0.0015229	
11	11	     0.0000	     0.0000	     0.0000	     3.0000	-9.7531e+92	-9.7531e+92	    0.17982	     0.0000	    0.17966	     0.0000	     0.0000	     0.0000	
11	12	  0.0022502	 0.00080865	     77.218	     2.2132	-9.7531e+92	-9.7531e+92	 0.00024559	 4.0316e-05	 0.00020450	 0.00030428	 -0.0015629	 -0.0013691	
11	13	   0.055211	   0.019842	     166.60	    0.34470	-9.7531e+92	-9.7531e+92	   0.013813	  0.0010738	     0.0000	 -0.0025196	  -0.043514	   0.034369	
11	14	   0.028732	   0.010326	     157.91	    0.41563	-9.7531e+92	-9.7531e+92	   0.017596	 0.00050479	     0.0000	 -0.0029931	  -0.022751	    0.10862	
11	15	 1.2175e-05	 4.3755e-06	     182.32	    0.24896	-9.7531e+92	-9.7531e+92	  0.0010880	 1.6201e-06	     0.0000	 -0.0013133	-6.9614e-05	  0.0086182	
11	16	 1.8536e-13	 6.6614e-14	     142.85	    0.58099	-9.7531e+92	-9.7531e+92	 1.1976e-05	 1.4011e-06	     0.0000	 6.5742e-10	-5.6782e-05	-3.5570e-09	
11	17	 5.0983e-13	 1.8322e-13	     290.18	   0.041722	-9.7531e+92	-9.7531e+92	 5.1179e-05	 1.4100e-06	     0.0000	-0.00028337	-6.0174e-05	 0.00086354	
11	18	    0.32291	    0.11605	     81.269	     2.0888	-9.7531e+92	-9.7531e+92	   0.036118	  0.0060977	   0.012980	  0.0042851	   -0.27438	   -0.20314	
11	19	 0.00020149	 7.2409e-05	     108.78	     1.2499	-9.7531e+92	-9.7531e+92	  0.0023525	 5.5209e-06	  0.0014005	-0.00036068	-0.00023848	  0.0019827	
11	20	   0.030635	   0.011010	     83.734	     2.0113	-9.7531e+92	-9.7531e+92	  0.0035241	 0.00063554	  0.0028309	  0.0024150	  -0.027354	  -0.023949	
11	21	  0.0022933	 0.00082414	     128.65	    0.80225	-9.7531e+92	-9.7531e+92	   0.010942	 4.4999e-05	     0.0000	-4.0309e-05	 -0.0020655	    0.10337	
11	22	 1.9252e-13	 6.9185e-14	     200.45	    0.17499	-9.7531e+92	-9.7531e+92	 5.7217e-05	 1.4065e-06	     0.0000	-0.00024218	-5.9848e-05	 0.00081419	
11	23	    0.19835	   0.071281	     53.605	     2.7712	-9.7531e+92	-9.7531e+92	   0.020531	  0.0039133	  0.0040858	  0.0032336	   -0.17063	   -0.12303	
11	24	   0.033264	   0.011954	     56.094	     2.7297	-9.7531e+92	-9.7531e+92	  0.0031007	 0.00069154	  0.0027255	 0.00042679	  -0.029576	  -0.026929	
12	0	  0.0055944	  0.0018405	     226.76	    0.10933	-9.7531e+92	-9.7531e+92	  0.0063970	 6.7505e-05	     0.0000	-0.00071860	 -0.0044724	   0.083900	
12	1	  0.0014866	 0.00048909	     231.78	    0.10046	-9.7531e+92	-9.7531e+92	  0.0043303	 1.8847e-05	     0.0000	 -0.0048480	 -0.0012617	   0.066262	
12	2	   0.014882	  0.0048961	     181.48	    0.25322	-9.7531e+92	-9.7531e+92	  0.0063004	 0.00018539	     0.0000	-0.00042634	  -0.012614	   0.022728	
12	3	 0.00016502	 5.4289e-05	     227.10	    0.10870	-9.7531e+92	-9.7531e+92	  0.0013933	 2.8579e-06	     0.0000	 -0.0023213	-0.00019398	   0.014422	
12	4	   0.019460	  0.0064023	     165.11	    0.35583	-9.7531e+92	-9.7531e+92	  0.0057049	 0.00024056	  0.0018319	  0.0012482	  -0.016742	 -0.0064973	
12	5	    0.21222	   0.069817	     80.590	     2.1100	-9.7531e+92	-9.7531e+92	   0.022865	  0.0026106	   0.016037	  0.0051933	   -0.18946	   -0.16763	
12	6	 0.00095605	 0.00031453	     152.49	    0.46823	-9.7531e+92	-9.7531e+92	  0.0043574	 1.3104e-05	     0.0000	-0.00057902	-0.00091667	   0.036977	
12	7	  0.0055562	  0.0018279	     158.06	    0.41430	-9.7531e+92	-9.7531e+92	  0.0056077	 6.8167e-05	     0.0000	     0.0000	 -0.0050202	   0.081522	
12	8	   0.080554	   0.026501	     55.069	     2.7473	-9.7531e+92	-9.7531e+92	  0.0082744	 0.00099843	  0.0073850	  0.0098266	  -0.072638	  -0.068918	
12	9	 1.4001e-07	 4.6060e-08	     214.99	    0.13415	-9.7531e+92	-9.7531e+92	  0.0015264	 8.6177e-07	     0.0000	-0.00038911	-6.0639e-05	   0.023741	
12	10	   0.031016	   0.010204	     46.012	     2.8713	-9.7531e+92	-9.7531e+92	  0.0026922	 0.00015910	  0.0026515	 0.00099868	  -0.011776	  -0.011229	
12	11	   0.025328	  0.0083328	     77.218	     2.2132	-9.7531e+92	-9.7531e+92	  0.0022331	 0.00032206	  0.0020937	  0.0019306	  -0.022769	  -0.021984	
12	12	     0.0000	     0.0000	     0.0000	     3.0000	-9.7531e+92	-9.7531e+92	    0.16465	     0.0000	    0.16461	     0.0000	     0.0000	     0.0000	
12	13	  0.0079323	  0.0026097	     205.94	    0.15802	-9.7531e+92	-9.7531e+92	  0.0078778	 9.6465e-05	     0.0000	 -0.0041677	 -0.0064878	   0.074739	
12	14	   0.012639	  0.0041580	     188.63	    0.21964	-9.7531e+92	-9.7531e+92	   0.013035	 0.00014580	     0.0000	 -0.0028766	  -0.010210	    0.13010	
12	15	 0.00081660	 0.00026865	     166.81	    0.34315	-9.7531e+92	-9.7531e+92	  0.0013036	 1.1201e-05	     0.0000	-0.00099669	-0.00079416	  0.0085558	
12	16	 4.4436e-14	 1.4619e-14	     115.95	     1.0685	-9.7531e+92	-9.7531e+92	 1.0964e-05	 8.4904e-07	     0.0000	 5.1912e-10	-4.2700e-05	-2.7760e-09	
12	17	 2.0209e-15	 6.6485e-16	     225.22	    0.11223	-9.7531e+92	-9.7531e+92	 0.00021258	 8.6382e-07	     0.0000	-0.00023243	-6.1167e-05	 0.00092746	
12	18	    0.23262	   0.076531	     120.73	    0.96010	-9.7531e+92	-9.7531e+92	   0.028791	  0.0028829	  0.0076089	  0.0022863	   -0.20102	   -0.14234	
12	19	    0.15667	   0.051543	     44.530	     2.8865	-9.7531e+92	-9.7531e+92	   0.016286	  0.0018753	   0.015414	   0.017333	   -0.13886	   -0.13397	
12	20	    0.18701	   0.061523	     45.010	     2.8817	-9.7531e+92	-9.7531e+92	   0.016773	  0.0023038	   0.016139	   0.011729	   -0.16684	   -0.16208	
12	21	 2.1841e-05	 7.1855e-06	     187.39	    0.22505	-9.7531e+92	-9.7531e+92	  0.0050625	 1.0547e-06	     0.0000	-3.3841e-05	-7.9156e-05	    0.11315	
12	22	 0.00089386	 0.00029407	     131.16	    0.75767	-9.7531e+92	-9.7531e+92	 0.00034748	 1.2159e-05	 4.2713e-06	-1.6710e-05	-0.00086879	 7.4917e-05	
12	23	  0.0041536	  0.0013665	     109.85	     1.2215	-9.7531e+92	-9.7531e+92	  0.0027928	 5.3922e-05	     0.0000	-0.00076634	 -0.0038585	   0.037317	
12	24	 2.9548e-05	 9.7211e-06	     132.31	    0.73810	-9.7531e+92	-9.7531e+92	 0.00013388	 1.2603e-06	     0.0000	-1.0441e-05	-8.8297e-05	 0.00085297	
13	0	   0.041412	    0.18489	     86.013	     1.9388	-9.7531e+92	-9.7531e+92	    0.19609	   0.069310	     0.0000	 -0.0014943	   0.011730	  0.0063879	
13	1	   0.062129	    0.27739	     57.043	     2.7128	-9.7531e+92	-9.7531e+92	    0.19723	   0.099925	     0.0000	 -0.0040844	  -0.067160	  0.0023249	
13	2	   0.096211	    0.42956	     127.66	    0.82064	-9.7531e+92	-9.7531e+92	    0.13342	    0.17584	     0.0000	  0.0025961	  -0.020431	 -0.0066927	
13	3	 0.00025667	  0.0011459	     188.65	    0.21955	-9.7531e+92	-9.7531e+92	   0.012962	 0.00059640	     0.0000	 -0.0071769	-6.9469e-05	  0.0020905	
13	4	 1.6702e-05	 7.4568e-05	     217.30	    0.12878	-9.7531e+92	-9.7531e+92	  0.0081447	 0.00016632	     0.0000	 -0.0058806	 1.8986e-06	  0.0015597	
13	5	 0.00055983	  0.0024995	     125.66	    0.85869	-9.7531e+92	-9.7531e+92	   0.013851	  0.0011355	     0.0000	 -0.0015996	-0.00032911	  0.0032180	
13	6	   0.017518	   0.078213	     53.773	     2.7685	-9.7531e+92	-9.7531e+92	   0.071528	   0.025771	     0.0000	     0.0000	 0.00020566	     0.0000	
13	7	   0.043117	    0.19250	     57.312	     2.7078	-9.7531e+92	-9.7531e+92	    0.17063	   0.072373	     0.0000	     0.0000	  -0.025594	  0.0087488	
13	8	 6.3808e-06	 2.8489e-05	     162.59	    0.37553	-9.7531e+92	-9.7531e+92	  0.0018900	 0.00015368	     0.0000	 -0.0011450	-7.5730e-05	 0.00044908	
13	9	   0.034359	    0.15340	     9.0540	     2.9998	-9.7531e+92	-9.7531e+92	   0.063552	   0.062857	     0.0000	     0.0000	  -0.014555	 -0.0012666	
13	10	 1.9967e-15	 8.9146e-15	     205.99	    0.15786	-9.7531e+92	-9.7531e+92	 0.00016791	 0.00014343	     0.0000	-2.8975e-05	-8.5635e-05	 9.9800e-06	
13	11	 3.1919e-08	 1.4251e-07	     166.60	    0.34470	-9.7531e+92	-9.7531e+92	 0.00032943	 0.00013667	     0.0000	-9.1608e-05	-5.4436e-05	 6.2326e-05	
13	12	 1.0556e-14	 4.7128e-14	     205.94	    0.15802	-9.7531e+92	-9.7531e+92	 0.00016737	 0.00014348	     0.0000	-2.4461e-05	-8.3589e-05	 8.3466e-06	
13	13	     0.0000	     0.0000	     0.0000	     3.0000	-9.7531e+92	-9.7531e+92	     2.3829	     0.0000	     1.9284	     0.0000	     0.0000	     0.0000	
13	14	   0.025850	    0.11542	     32.765	     2.9658	-9.7531e+92	-9.7531e+92	    0.24035	   0.041031	     0.0000	 -0.0082232	  -0.012671	   0.014748	
13	15	  0.0018016	  0.0080436	     111.52	     1.1779	-9.7531e+92	-9.7531e+92	  0.0091111	  0.0035138	     0.0000	 -0.0027831	 -0.0012201	  0.0014091	
13	16	 7.3748e-15	 3.2926e-14	     153.85	    0.45440	-9.7531e+92	-9.7531e+92	 0.00014879	 0.00014088	     0.0000	 1.8194e-09	-6.4161e-05	-8.0355e-10	
13	17	 7.3521e-16	 3.2825e-15	     287.27	   0.043413	-9.7531e+92	-9.7531e+92	 0.00051062	 0.00014528	     0.0000	-0.00072360	-0.00010279	 0.00017895	
13	18	   0.022725	    0.10146	     87.611	     1.8878	-9.7531e+92	-9.7531e+92	   0.095329	   0.039911	     0.0000	 -0.0018199	  -0.018389	  0.0057351	
13	19	 2.4144e-07	 1.0780e-06	     184.51	    0.23831	-9.7531e+92	-9.7531e+92	  0.0010897	 0.00014161	     0.0000	 -0.0010183	-7.9477e-05	 0.00043924	
13	20	 3.6482e-06	 1.6288e-05	     165.04	    0.35635	-9.7531e+92	-9.7531e+92	 0.00083928	 0.00013709	     0.0000	-0.00040787	-3.0693e-05	 0.00031777	
13	21	    0.65394	     2.9196	     76.619	     2.2311	-9.7531e+92	-9.7531e+92	    0.82916	    0.99833	    0.25257	 0.00042673	   -0.29872	  -0.082661	
13	22	 4.6219e-16	 2.0635e-15	     260.15	   0.064098	-9.7531e+92	-9.7531e+92	 0.00047508	 0.00014483	     0.0000	-0.00061866	-9.3658e-05	 0.00016688	
13	23	 9.2191e-05	 0.00041161	     113.01	     1.1402	-9.7531e+92	-9.7531e+92	   0.032057	 0.00029569	     0.0000	 -0.0027133	-4.3072e-05	  0.0078727	
13	24	 4.8274e-06	 2.1553e-05	     142.21	    0.58941	-9.7531e+92	-9.7531e+92	  0.0023199	 0.00013786	     0.0000	-3.3299e-05	-2.6380e-05	 0.00016910	
14	0	    0.18247	    0.86984	     114.85	     1.0949	-9.7531e+92	-9.7531e+92	    0.34906	    0.37797	     0.0000	     0.0000	     1.3144	     0.0000	
14	1	   0.052680	    0.25113	     88.839	     1.8485	-9.7531e+92	-9.7531e+92	    0.15770	    0.20094	     0.0000	  -0.012315	    0.94601	  -0.023857	
14	2	   0.080497	    0.38373	     97.273	     1.5829	-9.7531e+92	-9.7531e+92	    0.13828	    0.19703	     0.0000	  0.0039068	     1.0533	   0.028033	
14	3	   0.052279	    0.24921	     161.01	    0.38854	-9.7531e+92	-9.7531e+92	   0.079178	    0.18494	     0.0000	   0.030108	    0.85818	   0.025463	
14	4	  0.0011846	  0.0056472	     184.55	    0.23808	-9.7531e+92	-9.7531e+92	   0.020702	  0.0045079	     0.0000	  -0.011250	   0.021119	 -0.0077033	
14	5	   0.012854	   0.061274	     108.09	     1.2686	-9.7531e+92	-9.7531e+92	   0.054866	   0.050785	     0.0000	 -0.0015382	    0.22025	 -0.0056503	
14	6	   0.062021	    0.29565	     41.508	     2.9135	-9.7531e+92	-9.7531e+92	    0.12291	    0.24477	     0.0000	  0.0017209	     1.0493	   0.013611	
14	7	   0.092755	    0.44216	     65.464	     2.5345	-9.7531e+92	-9.7531e+92	    0.20453	    0.33288	     0.0000	     0.0000	     1.5795	 -0.0043068	
14	8	 0.00014828	 0.00070683	     146.54	    0.53466	-9.7531e+92	-9.7531e+92	  0.0038942	 0.00098432	     0.0000	 -0.0023021	  0.0035012	 -0.0017771	
14	9	   0.077568	    0.36977	     38.749	     2.9339	-9.7531e+92	-9.7531e+92	    0.11512	    0.27581	     0.0000	  0.0048834	     1.3772	   0.036333	
14	10	 3.1040e-13	 1.4797e-12	     190.48	    0.21181	-9.7531e+92	-9.7531e+92	 0.00020489	 0.00031302	     0.0000	-6.1572e-05	  0.0010683	-4.0563e-05	
14	11	 1.1616e-06	 5.5373e-06	     157.91	    0.41563	-9.7531e+92	-9.7531e+92	  0.0010943	 0.00030917	     0.0000	-0.00019405	  0.0010960	-0.00025352	
14	12	 4.8330e-13	 2.3039e-12	     188.63	    0.21964	-9.7531e+92	-9.7531e+92	 0.00020837	 0.00031662	     0.0000	-5.1981e-05	  0.0010574	-3.3943e-05	
14	13	   0.058656	    0.27962	     32.765	     2.9658	-9.7531e+92	-9.7531e+92	    0.19260	    0.22696	     0.0000	  -0.012664	     1.0870	  -0.032244	
14	14	     0.0000	     0.0000	     0.0000	     3.0000	-9.7531e+92	-9.7531e+92	     2.6389	     0.0000	     1.7925	     0.0000	     0.0000	     0.0000	
14	15	  0.0063356	   0.030202	     78.991	     2.1593	-9.7531e+92	-9.7531e+92	   0.024056	   0.025726	     0.0000	 -0.0028419	    0.10798	 -0.0030078	
14	16	 3.7354e-13	 1.7807e-12	     121.20	    0.94999	-9.7531e+92	-9.7531e+92	 0.00015886	 0.00030844	     0.0000	 3.8667e-09	  0.0010602	 3.1514e-09	
14	17	 3.0194e-13	 1.4394e-12	     254.84	   0.069479	-9.7531e+92	-9.7531e+92	  0.0013647	 0.00029544	     0.0000	 -0.0015377	  0.0010767	-0.00073485	
14	18	   0.055716	    0.26560	     78.249	     2.1820	-9.7531e+92	-9.7531e+92	    0.14429	    0.21469	     0.0000	-0.00080791	    0.94712	 -0.0063486	
14	19	 9.7316e-06	 4.6391e-05	     166.55	    0.34505	-9.7531e+92	-9.7531e+92	  0.0025257	 0.00033715	     0.0000	 -0.0021561	  0.0012582	 -0.0018378	
14	20	 9.3027e-05	 0.00044346	     147.73	    0.52061	-9.7531e+92	-9.7531e+92	  0.0026538	 0.00067793	     0.0000	-0.00082513	  0.0026981	 -0.0012632	
14	21	   0.020853	   0.099405	     101.18	     1.4647	-9.7531e+92	-9.7531e+92	    0.18583	   0.074360	     0.0000	-0.00018744	    0.35490	  -0.077976	
14	22	 7.8179e-13	 3.7268e-12	     227.39	    0.10817	-9.7531e+92	-9.7531e+92	 0.00099910	 0.00029328	     0.0000	 -0.0013147	  0.0010889	-0.00069723	
14	23	    0.24387	     1.1625	     114.84	     1.0952	-9.7531e+92	-9.7531e+92	    0.32405	     1.0000	    0.10590	   0.025004	     4.1172	    0.14103	
14	24	 7.9628e-06	 3.7959e-05	     150.00	    0.49487	-9.7531e+92	-9.7531e+92	  0.0013401	 0.00032207	     0.0000	-7.0532e-05	  0.0012261	-0.00069068	
15	0	  0.0029709	  0.0032374	     189.51	    0.21584	-9.7531e+92	-9.7531e+92	   0.025308	  0.0018245	     0.0000	  -0.026145	  0.0085561	   -0.27985	
15	1	    0.14074	    0.15337	     167.83	    0.33581	-9.7531e+92	-9.7531e+92	   0.051231	   0.087211	     0.0000	    0.11601	    0.37985	    0.13747	
15	2	    0.13343	    0.14540	     21.827	     2.9932	-9.7531e+92	-9.7531e+92	   0.066599	   0.073592	   0.020443	   0.028459	    0.28202	    0.20856	
15	3	    0.36047	    0.39281	     84.108	     1.9994	-9.7531e+92	-9.7531e+92	    0.10793	   0.092381	   0.088553	    0.12821	  -0.038947	   0.035677	
15	4	   0.092720	    0.10104	     106.18	     1.3210	-9.7531e+92	-9.7531e+92	   0.044797	   0.043911	   0.031968	    0.30761	    0.17309	    0.16025	
15	5	   0.011586	   0.012625	     104.94	     1.3557	-9.7531e+92	-9.7531e+92	  0.0077770	  0.0074034	     0.0000	 -0.0095799	   0.025540	  -0.019954	
15	6	  0.0092927	   0.010127	     96.746	     1.5991	-9.7531e+92	-9.7531e+92	  0.0097778	  0.0060703	     0.0000	  -0.016497	   0.020257	  -0.073765	
15	7	  0.0086956	  0.0094758	     131.62	    0.74982	-9.7531e+92	-9.7531e+92	   0.025789	  0.0053610	     0.0000	     0.0000	   0.019109	   -0.19765	
15	8	 6.5931e-06	 7.1847e-06	     159.01	    0.40580	-9.7531e+92	-9.7531e+92	 0.00039148	 4.7706e-05	     0.0000	  -0.012945	 0.00015407	 -0.0056181	
15	9	  0.0026619	  0.0029007	     117.55	     1.0311	-9.7531e+92	-9.7531e+92	  0.0060788	  0.0017836	     0.0000	  -0.012446	  0.0056995	  -0.051823	
15	10	 1.1632e-14	 1.2675e-14	     197.67	    0.18443	-9.7531e+92	-9.7531e+92	 4.3604e-05	 4.4169e-05	     0.0000	-0.00033028	 0.00013746	-0.00012051	
15	11	 2.4750e-14	 2.6970e-14	     182.32	    0.24896	-9.7531e+92	-9.7531e+92	 7.7081e-05	 4.4259e-05	     0.0000	 -0.0010413	 0.00013700	-0.00075637	
15	12	 1.0679e-08	 1.1637e-08	     166.81	    0.34315	-9.7531e+92	-9.7531e+92	 4.4553e-05	 4.3940e-05	     0.0000	-0.00027790	 0.00013882	-0.00010083	
15	13	    0.11043	    0.12033	     111.52	     1.1779	-9.7531e+92	-9.7531e+92	   0.049613	   0.067622	     0.0000	   0.013437	    0.29630	   0.020946	
15	14	    0.10818	    0.11789	     78.991	     2.1593	-9.7531e+92	-9.7531e+92	   0.077153	   0.059900	     0.0000	  -0.043069	    0.27179	   -0.17270	
15	15	     0.0000	     0.0000	     0.0000	     3.0000	-9.7531e+92	-9.7531e+92	    0.56033	     0.0000	    0.54881	     0.0000	     0.0000	     0.0000	
15	16	 1.1998e-14	 1.3074e-14	     65.362	     2.5370	-9.7531e+92	-9.7531e+92	 3.6316e-05	 4.2930e-05	     0.0000	 1.9920e-08	 0.00014434	 9.2778e-09	
15	17	 1.2362e-07	 1.3472e-07	     175.81	    0.28425	-9.7531e+92	-9.7531e+92	  0.0022279	 3.5910e-05	  0.0010317	 -0.0055457	 0.00016967	 -0.0024373	
15	18	   0.018405	   0.020057	     116.73	     1.0502	-9.7531e+92	-9.7531e+92	   0.016867	   0.010837	     0.0000	  -0.020483	   0.040223	   -0.10399	
15	19	 0.00018903	 0.00020599	     131.26	    0.75593	-9.7531e+92	-9.7531e+92	 0.00057508	 0.00015777	     0.0000	 -0.0099596	 0.00056888	 -0.0051200	
15	20	 0.00011430	 0.00012456	     124.66	    0.87845	-9.7531e+92	-9.7531e+92	 0.00043498	 0.00011649	     0.0000	 -0.0042475	 0.00038787	 -0.0037320	
15	21	 9.1125e-05	 9.9301e-05	     175.65	    0.28523	-9.7531e+92	-9.7531e+92	   0.024864	 9.5634e-05	     0.0000	 -0.0012015	 0.00034257	   -0.28342	
15	22	 2.0550e-06	 2.2394e-06	     163.21	    0.37056	-9.7531e+92	-9.7531e+92	  0.0017701	 3.8351e-05	 0.00063328	 -0.0051512	 0.00016623	 -0.0022043	
15	23	 2.3142e-05	 2.5218e-05	     149.47	    0.50076	-9.7531e+92	-9.7531e+92	  0.0097563	 5.8599e-05	     0.0000	  -0.031067	 0.00018338	  -0.097141	
15	24	 3.3144e-14	 3.6118e-14	     189.75	    0.21485	-9.7531e+92	-9.7531e+92	 0.00014040	 4.4350e-05	     0.0000	-0.00037617	 0.00013604	 -0.0020729	
16	0	  0.0081323	     0.0000	     217.18	    0.12904	-9.7531e+92	-9.7531e+92	     0.0000	 1.2989e-05	     0.0000	     0.0000	-7.2710e-16	     0.0000	
16	1	   0.021812	     0.0000	     207.46	    0.15366	-9.7531e+92	-9.7531e+92	     0.0000	 3.6533e-05	     0.0000	     0.0000	 1.9941e-14	     0.0000	
16	2	   0.073380	     0.0000	     68.097	     2.4691	-9.7531e+92	-9.7531e+92	     0.0000	 0.00012555	     0.0000	     0.0000	-1.2251e-13	     0.0000	
16	3	   0.034565	     0.0000	     111.94	     1.1671	-9.7531e+92	-9.7531e+92	     0.0000	 5.9677e-05	     0.0000	     0.0000	-1.0884e-13	     0.0000	
16	4	    0.12129	     0.0000	     75.439	     2.2661	-9.7531e+92	-9.7531e+92	     0.0000	 0.00021255	     0.0000	     0.0000	-1.3822e-13	     0.0000	
16	5	    0.11546	     0.0000	     71.546	     2.3771	-9.7531e+92	-9.7531e+92	     0.0000	 0.00021783	     0.0000	     0.0000	-2.7216e-13	     0.0000	
16	6	  0.0018493	     0.0000	     111.89	     1.1685	-9.7531e+92	-9.7531e+92	     0.0000	 3.5410e-06	     0.0000	     0.0000	-5.6262e-15	     0.0000	
16	7	   0.036271	     0.0000	     137.28	    0.65913	-9.7531e+92	-9.7531e+92	     0.0000	 6.3846e-05	     0.0000	     0.0000	-9.1854e-14	     0.0000	
16	8	    0.11265	     0.0000	     112.87	     1.1438	-9.7531e+92	-9.7531e+92	     0.0000	 0.00022240	     0.0000	     0.0000	-3.6939e-13	     0.0000	
16	9	   0.021560	     0.0000	     159.83	    0.39862	-9.7531e+92	-9.7531e+92	     0.0000	 4.0707e-05	     0.0000	     0.0000	-6.9741e-14	     0.0000	
16	10	   0.047488	     0.0000	     147.94	    0.51817	-9.7531e+92	-9.7531e+92	     0.0000	 9.5374e-05	     0.0000	     0.0000	-1.3504e-13	     0.0000	
16	11	  0.0036267	     0.0000	     142.85	    0.58099	-9.7531e+92	-9.7531e+92	     0.0000	 7.3198e-06	     0.0000	     0.0000	-1.0572e-15	     0.0000	
16	12	   0.025607	     0.0000	     115.95	     1.0685	-9.7531e+92	-9.7531e+92	     0.0000	 5.1516e-05	     0.0000	     0.0000	-7.2629e-14	     0.0000	
16	13	   0.069742	     0.0000	     153.85	    0.45440	-9.7531e+92	-9.7531e+92	     0.0000	 0.00011565	     0.0000	     0.0000	 1.1508e-13	     0.0000	
16	14	   0.043057	     0.0000	     121.20	    0.94999	-9.7531e+92	-9.7531e+92	     0.0000	 6.7682e-05	     0.0000	     0.0000	-3.4804e-13	     0.0000	
16	15	  0.0065611	     0.0000	     65.362	     2.5370	-9.7531e+92	-9.7531e+92	     0.0000	 1.2251e-05	     0.0000	     0.0000	-1.9088e-14	     0.0000	
16	16	     0.0000	     0.0000	     0.0000	     3.0000	-9.7531e+92	-9.7531e+92	     0.0000	     0.0000	     0.0000	     0.0000	     0.0000	     0.0000	
16	17	   0.062209	     0.0000	     148.25	    0.51453	-9.7531e+92	-9.7531e+92	     0.0000	 0.00012055	     0.0000	     0.0000	-2.4723e-13	     0.0000	
16	18	  0.0042276	     0.0000	     110.59	     1.2021	-9.7531e+92	-9.7531e+92	     0.0000	 7.6626e-06	     0.0000	     0.0000	-2.2253e-14	     0.0000	
16	19	  0.0070426	     0.0000	     73.024	     2.3358	-9.7531e+92	-9.7531e+92	     0.0000	 1.3812e-05	     0.0000	     0.0000	-2.2028e-14	     0.0000	
16	20	   0.044027	     0.0000	     74.477	     2.2942	-9.7531e+92	-9.7531e+92	     0.0000	 8.6000e-05	     0.0000	     0.0000	-1.1358e-13	     0.0000	
16	21	   0.024776	     0.0000	     180.81	    0.25669	-9.7531e+92	-9.7531e+92	     0.0000	 4.2625e-05	     0.0000	     0.0000	-6.7846e-14	     0.0000	
16	22	   0.049114	     0.0000	     106.73	     1.3057	-9.7531e+92	-9.7531e+92	     0.0000	 9.5115e-05	     0.0000	     0.0000	-1.8419e-13	     0.0000	
16	23	  0.0016510	     0.0000	     136.77	    0.66684	-9.7531e+92	-9.7531e+92	     0.0000	 3.2769e-06	     0.0000	     0.0000	 1.2817e-14	     0.0000	
16	24	   0.059864	     0.0000	     177.80	    0.27291	-9.7531e+92	-9.7531e+92	     0.0000	 0.00011647	     0.0000	     0.0000	-1.3024e-13	     0.0000	
17	0	 4.6012e-07	 1.9105e-07	     353.56	   0.019078	-9.7531e+92	-9.7531e+92	  0.0072010	 8.0835e-06	     0.0000	 -0.0077945	-1.6548e-05	   0.023194	
17	1	 3.8486e-13	 1.5980e-13	     342.57	   0.021626	-9.7531e+92	-9.7531e+92	  0.0025845	 8.1919e-06	     0.0000	  -0.050895	-1.9569e-05	   0.020800	
17	2	    0.10596	   0.043997	     160.64	    0.39167	-9.7531e+92	-9.7531e+92	   0.034815	   0.012304	   0.017229	  0.0053160	  -0.042129	  -0.019420	
17	3	    0.31142	    0.12931	     122.41	    0.92444	-9.7531e+92	-9.7531e+92	   0.040341	   0.025158	   0.032957	    0.18013	   -0.18707	   -0.14714	
17	4	    0.45678	    0.18966	     73.525	     2.3215	-9.7531e+92	-9.7531e+92	   0.058218	   0.022512	   0.053330	    0.20846	   -0.36671	   -0.31782	
17	5	 0.00020237	 8.4029e-05	     219.60	    0.12368	-9.7531e+92	-9.7531e+92	  0.0018458	 3.4002e-05	     0.0000	 -0.0062414	-0.00012967	  0.0083050	
17	6	 1.6122e-14	 6.6940e-15	     251.72	   0.072906	-9.7531e+92	-9.7531e+92	  0.0015445	 8.5556e-06	     0.0000	 -0.0061075	-3.2384e-05	   0.017424	
17	7	 4.9946e-14	 2.0738e-14	     281.54	   0.047004	-9.7531e+92	-9.7531e+92	  0.0023539	 8.1082e-06	     0.0000	     0.0000	-3.1881e-05	   0.039318	
17	8	 1.5095e-13	 6.2678e-14	     258.50	   0.065716	-9.7531e+92	-9.7531e+92	 0.00010387	 8.3276e-06	     0.0000	 -0.0035933	-3.3403e-05	  0.0011495	
17	9	 1.0907e-13	 4.5287e-14	     293.28	   0.040011	-9.7531e+92	-9.7531e+92	  0.0010310	 8.5835e-06	     0.0000	 -0.0040132	-3.3900e-05	   0.011324	
17	10	 5.1391e-15	 2.1338e-15	     270.72	   0.054831	-9.7531e+92	-9.7531e+92	 2.0493e-05	 8.6575e-06	     0.0000	-9.5987e-05	-3.5408e-05	 2.5550e-05	
17	11	 1.4068e-13	 5.8415e-14	     290.18	   0.041722	-9.7531e+92	-9.7531e+92	 2.3422e-05	 8.7207e-06	     0.0000	-0.00030390	-3.5614e-05	 0.00015952	
17	12	 6.2677e-14	 2.6025e-14	     225.22	    0.11223	-9.7531e+92	-9.7531e+92	 2.3486e-05	 8.5238e-06	     0.0000	-7.9478e-05	-3.4589e-05	 2.1367e-05	
17	13	  0.0020345	 0.00084476	     287.27	   0.043413	-9.7531e+92	-9.7531e+92	  0.0050724	 0.00025482	     0.0000	  -0.045683	-0.00061543	   0.024331	
17	14	   0.012663	  0.0052579	     254.84	   0.069479	-9.7531e+92	-9.7531e+92	   0.019661	  0.0014477	     0.0000	  -0.029664	 -0.0036605	   0.037773	
17	15	  0.0046446	  0.0019285	     175.81	    0.28425	-9.7531e+92	-9.7531e+92	  0.0075969	 0.00052388	  0.0032046	 -0.0042144	 -0.0021718	  0.0023247	
17	16	 7.3092e-16	 3.0349e-16	     148.25	    0.51453	-9.7531e+92	-9.7531e+92	 1.3837e-05	 7.9106e-06	     0.0000	 4.6137e-09	 1.1179e-05	 9.7062e-10	
17	17	     0.0000	     0.0000	     0.0000	     3.0000	-9.7531e+92	-9.7531e+92	    0.20992	     0.0000	    0.20947	     0.0000	     0.0000	     0.0000	
17	18	 0.00092809	 0.00038536	     258.46	   0.065759	-9.7531e+92	-9.7531e+92	  0.0025811	 0.00012415	     0.0000	 -0.0091827	-0.00040974	   0.021755	
17	19	 7.4836e-05	 3.1073e-05	     187.53	    0.22442	-9.7531e+92	-9.7531e+92	 0.00085710	 1.5873e-05	     0.0000	 -0.0021622	-6.1992e-05	 0.00095087	
17	20	 1.3707e-14	 5.6915e-15	     207.02	    0.15490	-9.7531e+92	-9.7531e+92	 0.00032975	 8.3287e-06	     0.0000	 -0.0011925	-3.3181e-05	 0.00081315	
17	21	 7.6488e-15	 3.1759e-15	     326.31	   0.026229	-9.7531e+92	-9.7531e+92	  0.0034288	 7.9644e-06	     0.0000	-0.00034909	-3.1953e-05	   0.051587	
17	22	    0.10530	   0.043722	     106.10	     1.3231	-9.7531e+92	-9.7531e+92	   0.013112	   0.010076	   0.012679	    0.12108	  -0.027293	  -0.020909	
17	23	 2.1144e-15	 8.7792e-16	     284.58	   0.045056	-9.7531e+92	-9.7531e+92	  0.0024611	 8.5501e-06	     0.0000	 -0.0090246	-3.5256e-05	   0.020167	
17	24	 9.1656e-15	 3.8057e-15	     325.25	   0.026569	-9.7531e+92	-9.7531e+92	 3.0453e-05	 8.7390e-06	     0.0000	-0.00011108	-3.5589e-05	 0.00043474	
18	0	    0.11838	    0.29076	     116.29	     1.0606	-9.7531e+92	-9.7531e+92	    0.13731	    0.16078	     0.0000	 0.00027255	    -1.2147	  -0.015953	
18	1	    0.12779	    0.31389	     111.77	     1.1715	-9.7531e+92	-9.7531e+92	    0.12598	    0.15487	     0.0000	   0.022893	    -1.5698	   -0.15787	
18	2	   0.030555	   0.075049	     137.27	    0.65930	-9.7531e+92	-9.7531e+92	   0.043069	   0.045632	     0.0000	 -0.0016695	   -0.34704	   0.045288	
18	3	 0.00016130	 0.00039618	     199.21	    0.17912	-9.7531e+92	-9.7531e+92	   0.012491	 0.00034734	     0.0000	  -0.021167	 -0.0025377	   0.066779	
18	4	 0.00012778	 0.00031385	     186.18	    0.23049	-9.7531e+92	-9.7531e+92	  0.0071866	 0.00030697	     0.0000	  -0.017086	 -0.0022442	   0.045337	
18	5	    0.11261	    0.27659	     53.346	     2.7752	-9.7531e+92	-9.7531e+92	   0.079525	    0.14854	   0.028550	   0.015738	    -1.3643	   -0.37218	
18	6	   0.090821	    0.22307	     36.723	     2.9464	-9.7531e+92	-9.7531e+92	   0.083799	    0.13794	     0.0000	  0.0059849	    -1.1464	   -0.19697	
18	7	    0.12930	    0.31759	     38.248	     2.9371	-9.7531e+92	-9.7531e+92	    0.14199	    0.15983	     0.0000	     0.0000	    -1.5852	   -0.12548	
18	8	   0.025216	   0.061935	     75.421	     2.2666	-9.7531e+92	-9.7531e+92	   0.017243	   0.035927	   0.010603	   0.025410	   -0.29868	  -0.093633	
18	9	   0.049768	    0.12224	     96.665	     1.6016	-9.7531e+92	-9.7531e+92	   0.044761	   0.077826	     0.0000	  0.0030540	   -0.64446	  -0.096243	
18	10	 2.1612e-05	 5.3083e-05	     118.82	     1.0023	-9.7531e+92	-9.7531e+92	 0.00017158	 0.00011743	     0.0000	-3.1033e-05	-0.00093675	 0.00010966	
18	11	  0.0012489	  0.0030674	     81.269	     2.0888	-9.7531e+92	-9.7531e+92	  0.0010633	  0.0017341	 2.2414e-05	 0.00031251	  -0.014007	 -0.0027782	
18	12	 1.0270e-05	 2.5224e-05	     120.73	    0.96010	-9.7531e+92	-9.7531e+92	 0.00015592	 0.00010628	     0.0000	-3.8304e-05	-0.00084901	 0.00013160	
18	13	   0.087486	    0.21488	     87.611	     1.8878	-9.7531e+92	-9.7531e+92	    0.11991	    0.12173	     0.0000	 -0.0058260	   -0.95365	   0.052699	
18	14	    0.11663	    0.28646	     78.249	     2.1820	-9.7531e+92	-9.7531e+92	    0.18257	    0.14578	     0.0000	 -0.0097096	    -1.3294	    0.22100	
18	15	   0.041562	    0.10208	     116.73	     1.0502	-9.7531e+92	-9.7531e+92	   0.030053	   0.065501	  0.0040704	   0.029026	   -0.53289	   -0.12848	
18	16	 9.2148e-13	 2.2633e-12	     110.59	     1.2021	-9.7531e+92	-9.7531e+92	 8.1853e-05	 0.00010996	     0.0000	 5.0115e-09	-0.00088501	-1.9127e-08	
18	17	 4.7867e-13	 1.1757e-12	     258.46	   0.065759	-9.7531e+92	-9.7531e+92	 0.00040597	 0.00011345	     0.0000	 -0.0021226	-0.00090398	  0.0043760	
18	18	     0.0000	     0.0000	     0.0000	     3.0000	-9.7531e+92	-9.7531e+92	     1.2751	     0.0000	     1.1169	     0.0000	     0.0000	     0.0000	
18	19	  0.0019299	  0.0047402	     118.15	     1.0174	-9.7531e+92	-9.7531e+92	  0.0072564	  0.0027956	 0.00074979	-0.00063878	  -0.023410	  0.0026511	
18	20	  0.0014951	  0.0036722	     90.275	     1.8027	-9.7531e+92	-9.7531e+92	  0.0042324	  0.0021161	     0.0000	-0.00014683	  -0.017796	  0.0013840	
18	21	   0.039805	   0.097767	     79.511	     2.1434	-9.7531e+92	-9.7531e+92	    0.10151	   0.053886	     0.0000	-0.00019451	   -0.49861	    0.36767	
18	22	 1.1290e-12	 2.7730e-12	     205.13	    0.16037	-9.7531e+92	-9.7531e+92	 0.00038523	 0.00011163	     0.0000	 -0.0017971	-0.00088607	  0.0041232	
18	23	   0.023096	   0.056727	     36.898	     2.9454	-9.7531e+92	-9.7531e+92	   0.037947	   0.033519	     0.0000	 -0.0034281	   -0.28380	   0.095908	
18	24	  0.0019810	  0.0048658	     74.739	     2.2865	-9.7531e+92	-9.7531e+92	  0.0017268	  0.0028193	     0.0000	 1.0551e-06	  -0.023287	 -0.0038275	
19	0	 0.00027857	 0.00017045	     234.49	   0.096052	-9.7531e+92	-9.7531e+92	   0.012811	 8.2212e-05	     0.0000	  -0.015031	 -0.0024310	    0.75087	
19	1	 0.00015416	 9.4323e-05	     226.57	    0.10968	-9.7531e+92	-9.7531e+92	  0.0073838	 5.3126e-05	     0.0000	  -0.098206	 -0.0016120	    0.57794	
19	2	   0.043800	   0.026800	     139.30	    0.62950	-9.7531e+92	-9.7531e+92	   0.028945	   0.010755	  0.0030287	 0.00044509	   -0.33591	  -0.010301	
19	3	   0.014041	  0.0085910	     184.07	    0.24039	-9.7531e+92	-9.7531e+92	  0.0086775	  0.0034051	     0.0000	 -0.0097487	   -0.10706	   0.026276	
19	4	    0.32458	    0.19860	     119.82	    0.98008	-9.7531e+92	-9.7531e+92	   0.054396	   0.076183	   0.047193	     1.0000	    -2.5494	    -2.2824	
19	5	    0.21543	    0.13182	     64.874	     2.5486	-9.7531e+92	-9.7531e+92	   0.038008	   0.048931	   0.025309	   0.073666	    -1.7471	    -1.4777	
19	6	  0.0021498	  0.0013154	     133.74	    0.71443	-9.7531e+92	-9.7531e+92	  0.0075538	 0.00056148	     0.0000	  -0.011217	  -0.018274	    0.31489	
19	7	 0.00069616	 0.00042596	     154.38	    0.44913	-9.7531e+92	-9.7531e+92	  0.0087440	 0.00018175	     0.0000	     0.0000	 -0.0062587	    0.75118	
19	8	   0.043935	   0.026883	     80.536	     2.1117	-9.7531e+92	-9.7531e+92	  0.0080641	  0.0046066	  0.0064100	   0.013531	   -0.21363	   -0.17980	
19	9	 1.2286e-07	 7.5173e-08	     193.08	    0.20137	-9.7531e+92	-9.7531e+92	  0.0029120	 1.7017e-05	     0.0000	 -0.0077580	-0.00055916	    0.20853	
19	10	   0.011961	  0.0073187	     85.643	     1.9506	-9.7531e+92	-9.7531e+92	  0.0018979	  0.0026041	  0.0018223	   0.026205	  -0.091827	  -0.085005	
19	11	 0.00014120	 8.6394e-05	     108.78	     1.2499	-9.7531e+92	-9.7531e+92	 0.00018216	 5.0806e-05	     0.0000	-0.00029815	 -0.0017231	  0.0016870	
19	12	  0.0031343	  0.0019178	     44.530	     2.8865	-9.7531e+92	-9.7531e+92	 0.00059654	 0.00063737	 0.00052658	  0.0059333	  -0.021892	  -0.019584	
19	13	  0.0088270	  0.0054010	     184.51	    0.23831	-9.7531e+92	-9.7531e+92	   0.012988	  0.0021350	     0.0000	  -0.082304	  -0.064722	    0.63530	
19	14	   0.060440	   0.036982	     166.55	    0.34505	-9.7531e+92	-9.7531e+92	   0.033853	   0.013740	     0.0000	  -0.040753	   -0.43616	    0.79159	
19	15	  0.0045869	  0.0028066	     131.26	    0.75593	-9.7531e+92	-9.7531e+92	  0.0050232	  0.0011589	     0.0000	  -0.012154	  -0.038498	   0.045907	
19	16	 3.0094e-15	 1.8414e-15	     73.024	     2.3358	-9.7531e+92	-9.7531e+92	 2.0391e-05	 1.6147e-05	     0.0000	 9.5510e-09	-0.00054003	-3.3840e-08	
19	17	 6.2569e-15	 3.8284e-15	     187.53	    0.22442	-9.7531e+92	-9.7531e+92	  0.0019078	 1.6678e-05	  0.0012361	 -0.0045980	-0.00056218	  0.0081643	
19	18	    0.21865	    0.13379	     118.15	     1.0174	-9.7531e+92	-9.7531e+92	   0.043597	   0.051364	  0.0042009	   0.034562	    -1.7320	    -1.1361	
19	19	     0.0000	     0.0000	     0.0000	     3.0000	-9.7531e+92	-9.7531e+92	    0.30941	     0.0000	    0.30779	     0.0000	     0.0000	     0.0000	
19	20	   0.040999	   0.025086	     28.400	     2.9806	-9.7531e+92	-9.7531e+92	  0.0079841	  0.0087607	  0.0068039	   0.029776	   -0.31275	   -0.27845	
19	21	 2.6160e-06	 1.6007e-06	     197.71	    0.18427	-9.7531e+92	-9.7531e+92	  0.0087542	 1.6309e-05	     0.0000	-0.00067482	-0.00056970	    0.99114	
19	22	  0.0061425	  0.0037584	     93.933	     1.6868	-9.7531e+92	-9.7531e+92	  0.0029874	  0.0013697	  0.0023491	   0.017390	  -0.048149	  -0.037462	
19	23	 4.3100e-05	 2.6372e-05	     121.29	    0.94810	-9.7531e+92	-9.7531e+92	  0.0049868	 2.7357e-05	     0.0000	  -0.016172	-0.00092489	    0.36083	
19	24	 1.5013e-06	 9.1859e-07	     150.08	    0.49393	-9.7531e+92	-9.7531e+92	 0.00012550	 1.7468e-05	     0.0000	-0.00021232	-0.00057735	  0.0077313	
20	0	  0.0014378	 0.00080853	     206.61	    0.15606	-9.7531e+92	-9.7531e+92	   0.014259	 0.00017745	     0.0000	 -0.0066640	 -0.0056356	    0.38497	
20	1	  0.0035578	  0.0020007	     199.20	    0.17914	-9.7531e+92	-9.7531e+92	  0.0096370	 0.00043446	     0.0000	  -0.042218	  -0.014046	    0.28688	
20	2	   0.070027	   0.039379	     139.77	    0.62284	-9.7531e+92	-9.7531e+92	   0.020298	  0.0085471	     0.0000	  0.0038334	   -0.28461	   -0.10225	
20	3	  0.0027209	  0.0015301	     185.64	    0.23299	-9.7531e+92	-9.7531e+92	  0.0038638	 0.00033436	     0.0000	  -0.017707	  -0.011231	   0.054999	
20	4	   0.078262	   0.044010	     135.08	    0.69295	-9.7531e+92	-9.7531e+92	   0.015625	  0.0093015	  0.0090045	   0.095555	   -0.32526	   -0.25038	
20	5	    0.10363	   0.058278	     39.691	     2.9273	-9.7531e+92	-9.7531e+92	   0.020693	  0.0097433	  0.0090225	  0.0087327	   -0.43024	   -0.31261	
20	6	   0.015360	  0.0086378	     111.59	     1.1762	-9.7531e+92	-9.7531e+92	  0.0088549	  0.0019485	     0.0000	 -0.0034022	  -0.067263	    0.10975	
20	7	  0.0094484	  0.0053132	     126.68	    0.83907	-9.7531e+92	-9.7531e+92	   0.011634	  0.0011300	     0.0000	     0.0000	  -0.041299	    0.35220	
20	8	   0.048157	   0.027081	     51.987	     2.7958	-9.7531e+92	-9.7531e+92	  0.0080146	  0.0050562	  0.0064943	   0.038380	   -0.19279	   -0.16532	
20	9	 2.0457e-07	 1.1504e-07	     174.09	    0.29453	-9.7531e+92	-9.7531e+92	  0.0036862	 8.5074e-06	     0.0000	 -0.0034750	-0.00029606	    0.10728	
20	10	  0.0026085	  0.0014669	     74.457	     2.2947	-9.7531e+92	-9.7531e+92	 0.00050009	 0.00029253	 0.00043057	  0.0026425	  -0.010434	 -0.0090315	
20	11	 0.00019751	 0.00011107	     83.734	     2.0113	-9.7531e+92	-9.7531e+92	 0.00015082	 3.1264e-05	     0.0000	-9.4271e-05	 -0.0011026	 0.00061068	
20	12	  0.0025673	  0.0014437	     45.010	     2.8817	-9.7531e+92	-9.7531e+92	 0.00043515	 0.00023002	 0.00037086	  0.0016684	 -0.0073151	 -0.0060890	
20	13	    0.13183	   0.074131	     165.04	    0.35635	-9.7531e+92	-9.7531e+92	   0.029866	   0.015817	     0.0000	   0.011855	   -0.50960	   -0.10567	
20	14	    0.14978	   0.084230	     147.73	    0.52061	-9.7531e+92	-9.7531e+92	   0.041969	   0.016734	     0.0000	 -0.0043531	   -0.57607	   0.097769	
20	15	  0.0033009	  0.0018562	     124.66	    0.87845	-9.7531e+92	-9.7531e+92	  0.0029688	 0.00041890	     0.0000	 -0.0066233	  -0.014736	   0.028739	
20	16	 3.7660e-14	 2.1178e-14	     74.477	     2.2942	-9.7531e+92	-9.7531e+92	 1.8740e-05	 8.1439e-06	     0.0000	 4.4099e-09	-0.00026361	-1.5999e-08	
20	17	 9.4819e-14	 5.3321e-14	     207.02	    0.15490	-9.7531e+92	-9.7531e+92	 0.00056819	 8.4210e-06	     0.0000	 -0.0020671	-0.00029799	  0.0041982	
20	18	    0.26195	    0.14730	     90.275	     1.8027	-9.7531e+92	-9.7531e+92	   0.046420	   0.030503	   0.010213	   0.019226	    -1.0996	   -0.74969	
20	19	   0.098619	   0.055458	     28.400	     2.9806	-9.7531e+92	-9.7531e+92	   0.016450	   0.010694	   0.014961	   0.080267	   -0.40502	   -0.35896	
20	20	     0.0000	     0.0000	     0.0000	     3.0000	-9.7531e+92	-9.7531e+92	    0.28249	     0.0000	    0.28141	     0.0000	     0.0000	     0.0000	
20	21	 6.1787e-05	 3.4745e-05	     169.84	    0.32188	-9.7531e+92	-9.7531e+92	   0.014935	 1.5089e-05	     0.0000	-0.00030213	-0.00055851	    0.51001	
20	22	 4.9172e-05	 2.7651e-05	     116.48	     1.0560	-9.7531e+92	-9.7531e+92	 0.00065790	 1.3623e-05	 7.1254e-05	 -0.0015386	-0.00049147	  0.0035987	
20	23	   0.016424	  0.0092362	     93.058	     1.7144	-9.7531e+92	-9.7531e+92	  0.0081568	  0.0020174	     0.0000	 -0.0035881	  -0.072856	    0.11900	
20	24	 1.0003e-05	 5.6251e-06	     121.85	    0.93617	-9.7531e+92	-9.7531e+92	 0.00012982	 9.8354e-06	     0.0000	-9.5071e-05	-0.00034324	  0.0039408	
21	0	    0.17635	    0.23135	     39.458	     2.9290	-9.7531e+92	-9.7531e+92	   0.091463	    0.32513	     0.0000	   0.015484	     2.0353	    0.23620	
21	1	    0.19721	    0.25872	     57.297	     2.7081	-9.7531e+92	-9.7531e+92	   0.090141	    0.49334	     0.0000	    0.24484	     3.1693	    0.42000	
21	2	  0.0015446	  0.0020263	     197.19	    0.18609	-9.7531e+92	-9.7531e+92	   0.012650	  0.0045238	     0.0000	  -0.023650	   0.027404	   -0.14956	
21	3	 3.8549e-05	 5.0573e-05	     259.71	   0.064522	-9.7531e+92	-9.7531e+92	  0.0038038	 0.00031843	     0.0000	  -0.087334	  0.0018488	  -0.065164	
21	4	 2.6950e-05	 3.5356e-05	     253.96	   0.070430	-9.7531e+92	-9.7531e+92	  0.0014306	 0.00029130	     0.0000	  -0.070616	  0.0016144	  -0.042530	
21	5	  0.0034351	  0.0045065	     132.91	    0.72808	-9.7531e+92	-9.7531e+92	  0.0063345	   0.010292	     0.0000	  -0.019113	   0.057655	  -0.061376	
21	6	   0.058879	   0.077244	     78.899	     2.1621	-9.7531e+92	-9.7531e+92	   0.031983	    0.14709	     0.0000	     0.0000	    0.98929	   0.056144	
21	7	   0.091248	    0.11971	     44.967	     2.8822	-9.7531e+92	-9.7531e+92	   0.071733	    0.23260	     0.0000	     0.0000	     1.5216	  -0.026667	
21	8	 0.00041535	 0.00054490	     132.38	    0.73687	-9.7531e+92	-9.7531e+92	 0.00089004	  0.0015725	     0.0000	  -0.011625	  0.0076699	 -0.0078249	
21	9	   0.016391	   0.021504	     83.320	     2.0244	-9.7531e+92	-9.7531e+92	   0.014680	   0.047270	     0.0000	 -0.0056242	    0.27101	  -0.036522	
21	10	 2.7386e-09	 3.5928e-09	     171.26	    0.31241	-9.7531e+92	-9.7531e+92	 5.1161e-05	 0.00022108	     0.0000	-0.00034823	  0.0010506	-0.00019982	
21	11	 4.6817e-05	 6.1420e-05	     128.65	    0.80225	-9.7531e+92	-9.7531e+92	 0.00013327	 0.00035349	     0.0000	-0.00095702	  0.0018405	 -0.0010892	
21	12	 2.8709e-16	 3.7664e-16	     187.39	    0.22505	-9.7531e+92	-9.7531e+92	 5.0924e-05	 0.00022209	     0.0000	-0.00029400	  0.0010481	-0.00016722	
21	13	    0.22147	    0.29055	     76.619	     2.2311	-9.7531e+92	-9.7531e+92	    0.10294	    0.26075	     0.0000	     0.0000	     1.5537	     0.0000	
21	14	    0.15665	    0.20551	     101.18	     1.4647	-9.7531e+92	-9.7531e+92	    0.10784	    0.38271	     0.0000	  -0.013751	     2.6199	  -0.079316	
21	15	 6.6160e-05	 8.6796e-05	     175.65	    0.28523	-9.7531e+92	-9.7531e+92	  0.0021884	 0.00040524	     0.0000	  -0.040101	  0.0021639	  -0.037086	
21	16	 9.6981e-17	 1.2723e-16	     180.81	    0.25669	-9.7531e+92	-9.7531e+92	 4.3720e-05	 0.00021571	     0.0000	 2.1868e-08	  0.0010630	 1.5502e-08	
21	17	 3.0197e-16	 3.9616e-16	     326.31	   0.026229	-9.7531e+92	-9.7531e+92	 0.00011775	 0.00022493	     0.0000	 -0.0086968	  0.0010369	 -0.0036215	
21	18	   0.068971	   0.090484	     79.511	     2.1434	-9.7531e+92	-9.7531e+92	   0.042846	    0.18871	     0.0000	  0.0023829	     1.1426	   0.016453	
21	19	 2.2725e-07	 2.9813e-07	     197.71	    0.18427	-9.7531e+92	-9.7531e+92	 0.00045152	 0.00021975	     0.0000	  -0.012239	  0.0010615	 -0.0090978	
21	20	 7.4891e-06	 9.8250e-06	     169.84	    0.32188	-9.7531e+92	-9.7531e+92	 0.00034828	 0.00023124	     0.0000	 -0.0048920	  0.0011992	 -0.0065297	
21	21	     0.0000	     0.0000	     0.0000	     3.0000	-9.7531e+92	-9.7531e+92	    0.71299	     0.0000	    0.54356	     0.0000	     0.0000	     0.0000	
21	22	 1.1327e-16	 1.4859e-16	     284.69	   0.044983	-9.7531e+92	-9.7531e+92	 0.00010416	 0.00022411	     0.0000	 -0.0074356	  0.0010466	 -0.0034383	
21	23	  0.0025805	  0.0033854	     78.648	     2.1698	-9.7531e+92	-9.7531e+92	   0.014753	  0.0070051	     0.0000	  -0.030835	   0.046145	   -0.15157	
21	24	  0.0046677	  0.0061236	     85.071	     1.9688	-9.7531e+92	-9.7531e+92	  0.0018076	   0.012634	 0.00043800	  0.0015155	   0.083145	   0.012930	
22	0	 3.6409e-05	 2.0652e-05	     321.47	   0.027830	-9.7531e+92	-9.7531e+92	   0.010691	 1.2887e-05	     0.0000	 -0.0082425	-9.5406e-05	   0.097265	
22	1	 1.6897e-05	 9.5845e-06	     312.59	   0.031097	-9.7531e+92	-9.7531e+92	  0.0038215	 1.0630e-05	     0.0000	  -0.053826	-8.2905e-05	   0.077378	
22	2	    0.14552	   0.082541	     161.29	    0.38622	-9.7531e+92	-9.7531e+92	   0.049846	   0.017628	   0.025820	  0.0095839	   -0.16296	   -0.10300	
22	3	    0.22778	    0.12920	     164.94	    0.35711	-9.7531e+92	-9.7531e+92	   0.041469	   0.022309	   0.031381	    0.17753	   -0.27492	   -0.22662	
22	4	    0.43072	    0.24432	     82.638	     2.0459	-9.7531e+92	-9.7531e+92	   0.073459	   0.020894	   0.066781	    0.19848	   -0.67854	   -0.61060	
22	5	   0.032607	   0.018496	     151.89	    0.47454	-9.7531e+92	-9.7531e+92	  0.0084624	  0.0042734	     0.0000	  0.0038099	  -0.040737	  -0.013542	
22	6	 0.00010503	 5.9578e-05	     216.08	    0.13159	-9.7531e+92	-9.7531e+92	  0.0028133	 2.2802e-05	     0.0000	 -0.0064449	-0.00021483	   0.048942	
22	7	 1.2282e-06	 6.9670e-07	     241.36	   0.085874	-9.7531e+92	-9.7531e+92	  0.0037567	 8.5539e-06	     0.0000	     0.0000	-8.4332e-05	    0.11159	
22	8	 0.00022752	 0.00012906	     168.70	    0.32968	-9.7531e+92	-9.7531e+92	 0.00064396	 3.7693e-05	     0.0000	 -0.0034176	-0.00037261	  0.0028361	
22	9	 1.2447e-13	 7.0602e-14	     266.14	   0.058633	-9.7531e+92	-9.7531e+92	  0.0015700	 8.8947e-06	     0.0000	 -0.0042452	-8.5556e-05	   0.031180	
22	10	 7.1171e-14	 4.0371e-14	     176.66	    0.27933	-9.7531e+92	-9.7531e+92	 0.00011236	 8.9430e-06	 4.2225e-05	-0.00010132	-8.7507e-05	 6.8507e-05	
22	11	 2.2054e-14	 1.2510e-14	     200.45	    0.17499	-9.7531e+92	-9.7531e+92	 4.3211e-05	 9.0208e-06	     0.0000	-0.00032117	-8.7840e-05	 0.00042850	
22	12	 0.00092773	 0.00052624	     131.16	    0.75767	-9.7531e+92	-9.7531e+92	 0.00018717	 0.00013080	 0.00012232	  0.0015422	 -0.0012805	 -0.0010555	
22	13	  0.0012084	 0.00068543	     260.15	   0.064098	-9.7531e+92	-9.7531e+92	  0.0075102	 0.00016017	     0.0000	  -0.048724	 -0.0012622	   0.091735	
22	14	   0.018565	   0.010531	     227.39	    0.10817	-9.7531e+92	-9.7531e+92	   0.028637	  0.0022106	     0.0000	  -0.030258	  -0.018132	    0.14170	
22	15	  0.0035024	  0.0019867	     163.21	    0.37056	-9.7531e+92	-9.7531e+92	  0.0086022	 0.00042331	  0.0026018	 -0.0060216	 -0.0044091	  0.0079951	
22	16	 3.3847e-15	 1.9199e-15	     106.73	     1.3057	-9.7531e+92	-9.7531e+92	 1.8903e-05	 8.2120e-06	     0.0000	 4.8744e-09	-4.8687e-05	-2.8719e-09	
22	17	   0.018345	   0.010406	     106.10	     1.3231	-9.7531e+92	-9.7531e+92	  0.0053441	  0.0015009	  0.0047214	   0.017406	 -0.0057709	 -0.0038832	
22	18	  0.0021383	  0.0012129	     205.13	    0.16037	-9.7531e+92	-9.7531e+92	  0.0063520	 0.00028513	     0.0000	 -0.0095267	 -0.0025378	   0.065489	
22	19	   0.091295	   0.051786	     93.933	     1.6868	-9.7531e+92	-9.7531e+92	   0.013830	   0.010388	   0.012328	   0.076275	   -0.10671	  -0.095482	
22	20	   0.027010	   0.015321	     116.48	     1.0560	-9.7531e+92	-9.7531e+92	  0.0045452	  0.0034873	  0.0034510	   0.016794	  -0.034416	  -0.029672	
22	21	 2.8997e-14	 1.6448e-14	     284.69	   0.044983	-9.7531e+92	-9.7531e+92	  0.0051825	 8.2495e-06	     0.0000	-0.00036927	-8.2902e-05	    0.14627	
22	22	     0.0000	     0.0000	     0.0000	     3.0000	-9.7531e+92	-9.7531e+92	    0.28655	     0.0000	    0.28596	     0.0000	     0.0000	     0.0000	
22	23	 5.4502e-14	 3.0915e-14	     209.07	    0.14920	-9.7531e+92	-9.7531e+92	  0.0036814	 8.8518e-06	     0.0000	 -0.0095462	-8.7378e-05	   0.054481	
22	24	 5.8946e-14	 3.3436e-14	     237.89	   0.090842	-9.7531e+92	-9.7531e+92	 4.7735e-05	 9.0459e-06	     0.0000	-0.00011750	-8.7811e-05	  0.0011701	
23	0	    0.14503	   0.067814	     119.13	    0.99543	-9.7531e+92	-9.7531e+92	   0.028877	    0.10647	     0.0000	 0.00012494	    0.47889	   0.040467	
23	1	   0.093758	   0.043838	     132.72	    0.73117	-9.7531e+92	-9.7531e+92	   0.020341	   0.093255	     0.0000	  0.0085936	    0.41300	   0.011519	
23	2	  0.0028964	  0.0013543	     168.40	    0.33177	-9.7531e+92	-9.7531e+92	  0.0048062	  0.0024502	     0.0000	 -0.0099577	   0.011053	  -0.048520	
23	3	 8.4277e-05	 3.9406e-05	     228.38	    0.10637	-9.7531e+92	-9.7531e+92	  0.0013963	 0.00014723	     0.0000	  -0.037933	 0.00062362	  -0.021878	
23	4	 4.3784e-05	 2.0472e-05	     212.30	    0.14074	-9.7531e+92	-9.7531e+92	 0.00081190	 0.00010906	     0.0000	  -0.030707	 0.00045022	  -0.014163	
23	5	    0.15607	   0.072973	     65.633	     2.5304	-9.7531e+92	-9.7531e+92	   0.020592	    0.16044	   0.010888	   0.065162	    0.61323	    0.15725	
23	6	   0.020696	  0.0096768	     73.330	     2.3271	-9.7531e+92	-9.7531e+92	  0.0083730	   0.021671	     0.0000	 -0.0050023	   0.080115	  -0.025992	
23	7	   0.039534	   0.018485	     58.677	     2.6821	-9.7531e+92	-9.7531e+92	   0.016861	   0.038204	     0.0000	     0.0000	    0.15480	  -0.069054	
23	8	  0.0063286	  0.0029591	     54.810	     2.7517	-9.7531e+92	-9.7531e+92	  0.0012960	  0.0071720	 3.1969e-05	  0.0083834	   0.023805	  0.0042075	
23	9	 0.00052068	 0.00024345	     121.73	    0.93874	-9.7531e+92	-9.7531e+92	  0.0031669	 0.00058767	     0.0000	 -0.0062047	  0.0023079	  -0.030129	
23	10	 4.7431e-05	 2.2177e-05	     95.614	     1.6342	-9.7531e+92	-9.7531e+92	 3.2891e-05	 0.00012859	     0.0000	-2.5560e-05	 0.00043370	-1.0924e-05	
23	11	  0.0049482	  0.0023136	     53.605	     2.7712	-9.7531e+92	-9.7531e+92	 0.00063082	  0.0049029	 0.00043267	  0.0052835	   0.026660	  0.0069368	
23	12	 2.4758e-05	 1.1576e-05	     109.85	     1.2215	-9.7531e+92	-9.7531e+92	 3.3238e-05	 0.00010434	     0.0000	-6.1588e-05	 0.00033834	-2.6054e-05	
23	13	    0.13186	   0.061653	     113.01	     1.1402	-9.7531e+92	-9.7531e+92	   0.027325	    0.13200	     0.0000	   0.021610	    0.59214	   0.038092	
23	14	    0.12185	   0.056973	     114.84	     1.0952	-9.7531e+92	-9.7531e+92	   0.034863	   0.063097	     0.0000	     0.0000	   0.017858	   0.018310	
23	15	 8.1463e-05	 3.8090e-05	     149.47	    0.50076	-9.7531e+92	-9.7531e+92	 0.00099234	 0.00015557	     0.0000	  -0.017437	 0.00056830	  -0.012102	
23	16	 1.4079e-12	 6.5830e-13	     136.77	    0.66684	-9.7531e+92	-9.7531e+92	 1.5582e-05	 7.5923e-05	     0.0000	 9.5232e-09	 0.00023986	 4.9945e-09	
23	17	 4.4272e-13	 2.0700e-13	     284.58	   0.045056	-9.7531e+92	-9.7531e+92	 5.2364e-05	 7.4207e-05	     0.0000	 -0.0037872	 0.00024236	 -0.0011730	
23	18	    0.12634	   0.059073	     36.898	     2.9454	-9.7531e+92	-9.7531e+92	   0.023136	    0.12448	     0.0000	   0.014140	    0.49820	   0.074547	
23	19	 0.00016035	 7.4976e-05	     121.29	    0.94810	-9.7531e+92	-9.7531e+92	 0.00078403	 0.00025008	     0.0000	 -0.0049999	 0.00084845	 -0.0027716	
23	20	  0.0016669	 0.00077939	     93.058	     1.7144	-9.7531e+92	-9.7531e+92	 0.00094873	  0.0018585	 4.6821e-05	-0.00022764	  0.0067730	-0.00022645	
23	21	    0.14518	   0.067882	     78.648	     2.1698	-9.7531e+92	-9.7531e+92	   0.033100	    0.13849	     0.0000	 6.7609e-05	    0.56544	   0.018514	
23	22	 3.1661e-12	 1.4804e-12	     209.07	    0.14920	-9.7531e+92	-9.7531e+92	 5.0260e-05	 7.3902e-05	     0.0000	 -0.0032380	 0.00024578	 -0.0011159	
23	23	     0.0000	     0.0000	     0.0000	     3.0000	-9.7531e+92	-9.7531e+92	    0.23856	     0.0000	    0.21716	     0.0000	     0.0000	     0.0000	
23	24	  0.0028832	  0.0013481	     40.708	     2.9198	-9.7531e+92	-9.7531e+92	 0.00047929	  0.0032127	     0.0000	 0.00034061	   0.011132	  0.0021614	
24	0	    0.27499	    0.10901	     123.34	    0.90511	-9.7531e+92	-9.7531e+92	   0.037104	  0.0062057	     0.0000	 0.00079245	   -0.27048	   -0.14601	
24	1	   0.093418	   0.037032	     142.19	    0.58963	-9.7531e+92	-9.7531e+92	   0.017874	  0.0022391	     0.0000	 0.00037694	  -0.093773	 -0.0081177	
24	2	 0.00047344	 0.00018768	     210.29	    0.14595	-9.7531e+92	-9.7531e+92	  0.0031047	 1.3722e-05	     0.0000	-0.00048166	-0.00056029	   0.040370	
24	3	 2.9989e-06	 1.1888e-06	     270.69	   0.054855	-9.7531e+92	-9.7531e+92	 0.00093157	 1.8169e-06	     0.0000	 -0.0017366	-7.1578e-05	   0.016967	
24	4	 5.5777e-06	 2.2111e-06	     253.16	   0.071301	-9.7531e+92	-9.7531e+92	 0.00044241	 1.9018e-06	     0.0000	 -0.0014040	-7.6194e-05	   0.011462	
24	5	  0.0074893	  0.0029689	     106.34	     1.3165	-9.7531e+92	-9.7531e+92	  0.0032868	 0.00019956	     0.0000	-0.00029016	 -0.0083523	   0.013497	
24	6	   0.019716	  0.0078158	     108.13	     1.2674	-9.7531e+92	-9.7531e+92	  0.0062843	 0.00051049	     0.0000	-0.00023795	  -0.021863	   0.023814	
24	7	   0.039041	   0.015476	     84.614	     1.9834	-9.7531e+92	-9.7531e+92	   0.014674	 0.00094752	     0.0000	     0.0000	  -0.042971	   0.060673	
24	8	  0.0064142	  0.0025427	     77.960	     2.1908	-9.7531e+92	-9.7531e+92	  0.0011141	 0.00017696	 4.2423e-05	 0.00038834	 -0.0072748	 -0.0039132	
24	9	 0.00013494	 5.3492e-05	     149.07	    0.50520	-9.7531e+92	-9.7531e+92	  0.0026744	 5.3504e-06	     0.0000	-0.00028692	-0.00022569	   0.027419	
24	10	 7.7767e-05	 3.0828e-05	     102.71	     1.4197	-9.7531e+92	-9.7531e+92	 2.6289e-05	 3.4695e-06	     0.0000	 1.4423e-06	-0.00013175	-1.7580e-05	
24	11	  0.0014949	 0.00059260	     56.094	     2.7297	-9.7531e+92	-9.7531e+92	 0.00019765	 3.4817e-05	 2.9649e-05	 2.9130e-05	 -0.0013326	-0.00089949	
24	12	 2.9062e-05	 1.1520e-05	     132.31	    0.73810	-9.7531e+92	-9.7531e+92	 2.0363e-05	 2.6385e-06	     0.0000	-2.2142e-06	-0.00010807	 1.9521e-05	
24	13	    0.12024	   0.047663	     142.21	    0.58941	-9.7531e+92	-9.7531e+92	   0.021432	  0.0026456	     0.0000	 0.00055012	   -0.12242	  -0.017033	
24	14	   0.026100	   0.010346	     150.00	    0.49487	-9.7531e+92	-9.7531e+92	   0.022915	 0.00059452	     0.0000	 -0.0019581	  -0.025972	    0.13962	
24	15	 7.3470e-05	 2.9125e-05	     189.75	    0.21485	-9.7531e+92	-9.7531e+92	 0.00095672	 3.7401e-06	     0.0000	-0.00079525	-0.00015573	   0.010695	
24	16	 1.3353e-13	 5.2935e-14	     177.80	    0.27291	-9.7531e+92	-9.7531e+92	 1.3211e-05	 1.8028e-06	     0.0000	 3.8397e-10	-3.4209e-05	-2.0265e-09	
24	17	 1.6447e-13	 6.5199e-14	     325.25	   0.026569	-9.7531e+92	-9.7531e+92	 3.4537e-05	 1.8627e-06	     0.0000	-0.00017259	-7.5843e-05	  0.0010759	
24	18	    0.25982	    0.10300	     74.739	     2.2865	-9.7531e+92	-9.7531e+92	   0.031013	  0.0062052	  0.0054899	  0.0020332	   -0.27867	   -0.19243	
24	19	 0.00022825	 9.0483e-05	     150.08	    0.49393	-9.7531e+92	-9.7531e+92	 0.00041930	 8.0624e-06	     0.0000	-0.00021998	-0.00033193	  0.0024439	
24	20	 0.00061049	 0.00024201	     121.85	    0.93617	-9.7531e+92	-9.7531e+92	 0.00024990	 1.8370e-05	     0.0000	-6.5369e-05	-0.00076260	  0.0013021	
24	21	    0.14048	   0.055687	     85.071	     1.9688	-9.7531e+92	-9.7531e+92	   0.029073	  0.0031181	     0.0000	     0.0000	   -0.15314	  -0.011327	
24	22	 2.5795e-14	 1.0226e-14	     237.89	   0.090842	-9.7531e+92	-9.7531e+92	 3.2568e-05	 1.8591e-06	     0.0000	-0.00014755	-7.5453e-05	  0.0010149	
24	23	  0.0091693	  0.0036348	     40.708	     2.9198	-9.7531e+92	-9.7531e+92	  0.0041704	 0.00023793	     0.0000	-0.00050788	  -0.010203	   0.038076	
24	24	     0.0000	     0.0000	     0.0000	     3.0000	-9.7531e+92	-9.7531e+92	    0.19833	     0.0000	    0.19792	     0.0000	     0.0000	     0.0000	
