#source	Target	value	weight	distance	potential1	geneCorrelation	separation	influenceWeight	betweenness	influence'Weight	betweenness'	nbetweenness	nbetweenness'	
0	0	     0.0000	     0.0000	     0.0000	     3.0000	-9.7531e+92	-9.7531e+92	     3.6657	     0.0000	     2.8783	     0.0000	     0.0000	     0.0000	
0	1	    0.12424	    0.85664	     35.562	     2.9528	-9.7531e+92	-9.7531e+92	    0.37641	    0.15145	     0.0000	     0.0000	    0.33424	     0.0000	
0	2	  0.0024581	   0.016949	     211.35	    0.14318	-9.7531e+92	-9.7531e+92	   0.041089	  0.0044453	     0.0000	     0.0000	   0.017022	     0.0000	
0	3	 0.00012777	 0.00088100	     273.88	   0.052386	-9.7531e+92	-9.7531e+92	  0.0079841	 0.00036275	     0.0000	     0.0000	  0.0014202	     0.0000	
0	4	 1.1819e-06	 8.1492e-06	     281.58	   0.046977	-9.7531e+92	-9.7531e+92	   0.014915	 0.00012566	     0.0000	     0.0000	 0.00043918	     0.0000	
0	5	  0.0018796	   0.012960	     169.69	    0.32292	-9.7531e+92	-9.7531e+92	   0.023201	  0.0033992	     0.0000	     0.0000	   0.011388	     0.0000	
0	6	    0.24034	     1.6571	     105.31	     1.3454	-9.7531e+92	-9.7531e+92	    0.51818	    0.41289	   0.012479	     0.0000	     1.4156	     0.0000	
0	7	   0.067148	    0.46298	     80.265	     2.1201	-9.7531e+92	-9.7531e+92	    0.20110	   0.096284	     0.0000	     0.0000	    0.43729	     0.0000	
0	8	 4.2781e-05	 0.00029498	     172.11	    0.30693	-9.7531e+92	-9.7531e+92	  0.0012028	 0.00019672	     0.0000	     0.0000	 0.00064284	     0.0000	
0	9	   0.068271	    0.47073	     86.890	     1.9108	-9.7531e+92	-9.7531e+92	    0.16681	    0.10543	     0.0000	     0.0000	    0.43758	     0.0000	
0	10	 1.1192e-13	 7.7171e-13	     210.64	    0.14503	-9.7531e+92	-9.7531e+92	 0.00024034	 0.00012813	     0.0000	     0.0000	 0.00035407	     0.0000	
0	11	 1.7008e-06	 1.1727e-05	     167.10	    0.34103	-9.7531e+92	-9.7531e+92	 0.00039602	 0.00012144	     0.0000	     0.0000	 0.00042194	     0.0000	
0	12	 1.4260e-13	 9.8320e-13	     226.76	    0.10933	-9.7531e+92	-9.7531e+92	 0.00024629	 0.00012843	     0.0000	     0.0000	 0.00035011	     0.0000	
0	13	   0.098736	    0.68078	     86.013	     1.9388	-9.7531e+92	-9.7531e+92	    0.41657	    0.13055	     0.0000	     0.0000	    0.41652	     0.0000	
0	14	    0.11428	    0.78795	     114.85	     1.0949	-9.7531e+92	-9.7531e+92	    0.40369	    0.15299	     0.0000	     0.0000	    0.48399	     0.0000	
0	15	 0.00066812	  0.0046067	     189.51	    0.21584	-9.7531e+92	-9.7531e+92	   0.053409	  0.0013712	     0.0000	     0.0000	  0.0041307	     0.0000	
0	16	 6.3008e-13	 4.3444e-12	     217.18	    0.12904	-9.7531e+92	-9.7531e+92	 0.00022978	 0.00013017	     0.0000	     0.0000	 0.00034368	     0.0000	
0	17	 3.7415e-14	 2.5798e-13	     353.56	   0.019078	-9.7531e+92	-9.7531e+92	 0.00044914	 0.00013704	     0.0000	     0.0000	 0.00031343	     0.0000	
0	18	    0.15485	     1.0677	     116.29	     1.0606	-9.7531e+92	-9.7531e+92	    0.43525	    0.22128	     0.0000	     0.0000	    0.80901	     0.0000	
0	19	 4.4449e-14	 3.0648e-13	     234.49	   0.096052	-9.7531e+92	-9.7531e+92	 0.00041757	 0.00013034	     0.0000	     0.0000	 0.00034676	     0.0000	
0	20	 2.1983e-13	 1.5158e-12	     206.61	    0.15606	-9.7531e+92	-9.7531e+92	 0.00058567	 0.00012744	     0.0000	     0.0000	 0.00035626	     0.0000	
0	21	    0.11878	    0.81896	     39.458	     2.9290	-9.7531e+92	-9.7531e+92	    0.45424	    0.17285	     0.0000	     0.0000	    0.74929	     0.0000	
0	22	 1.0528e-13	 7.2593e-13	     321.47	   0.027830	-9.7531e+92	-9.7531e+92	 0.00047837	 0.00013554	     0.0000	     0.0000	 0.00032698	     0.0000	
0	23	  0.0063942	   0.044088	     119.13	    0.99543	-9.7531e+92	-9.7531e+92	    0.10749	  0.0096789	     0.0000	     0.0000	   0.045451	     0.0000	
0	24	  0.0017885	   0.012332	     123.34	    0.90511	-9.7531e+92	-9.7531e+92	  0.0040392	  0.0028006	 0.00020816	     0.0000	   0.014697	     0.0000	
1	0	    0.17351	     1.1707	     35.562	     2.9528	-9.7531e+92	-9.7531e+92	    0.48873	    0.19949	     0.0000	     0.0000	    0.67490	     0.0000	
1	1	     0.0000	     0.0000	     0.0000	     3.0000	-9.7531e+92	-9.7531e+92	     3.5520	     0.0000	     2.9238	     0.0000	     0.0000	     0.0000	
1	2	   0.018986	    0.12809	     184.62	    0.23778	-9.7531e+92	-9.7531e+92	   0.073696	   0.028247	     0.0000	     0.0000	    0.11987	     0.0000	
1	3	 0.00014777	 0.00099697	     244.14	   0.082134	-9.7531e+92	-9.7531e+92	   0.011522	 0.00033066	     0.0000	     0.0000	  0.0013971	     0.0000	
1	4	 1.4821e-05	 9.9995e-05	     272.02	   0.053810	-9.7531e+92	-9.7531e+92	   0.020555	 0.00012778	     0.0000	     0.0000	 0.00050760	     0.0000	
1	5	  0.0017314	   0.011682	     161.91	    0.38106	-9.7531e+92	-9.7531e+92	   0.023750	  0.0025762	     0.0000	     0.0000	   0.011072	     0.0000	
1	6	    0.10458	    0.70560	     96.519	     1.6061	-9.7531e+92	-9.7531e+92	    0.30777	    0.15857	     0.0000	     0.0000	    0.61388	     0.0000	
1	7	   0.055220	    0.37256	     75.481	     2.2648	-9.7531e+92	-9.7531e+92	    0.18772	   0.078274	     0.0000	     0.0000	    0.33215	     0.0000	
1	8	 1.8158e-05	 0.00012251	     184.58	    0.23797	-9.7531e+92	-9.7531e+92	  0.0011161	 0.00013385	     0.0000	     0.0000	 0.00049883	     0.0000	
1	9	   0.054306	    0.36639	     55.376	     2.7421	-9.7531e+92	-9.7531e+92	    0.14814	   0.069335	     0.0000	     0.0000	    0.37138	     0.0000	
1	10	 3.1889e-14	 2.1515e-13	     228.04	    0.10699	-9.7531e+92	-9.7531e+92	 0.00023483	 0.00011209	     0.0000	     0.0000	 0.00035998	     0.0000	
1	11	 5.1224e-15	 3.4560e-14	     185.20	    0.23505	-9.7531e+92	-9.7531e+92	 0.00037841	 0.00010781	     0.0000	     0.0000	 0.00037870	     0.0000	
1	12	 3.6935e-15	 2.4919e-14	     231.78	    0.10046	-9.7531e+92	-9.7531e+92	 0.00024120	 0.00011319	     0.0000	     0.0000	 0.00035028	     0.0000	
1	13	    0.14783	    0.99739	     57.043	     2.7128	-9.7531e+92	-9.7531e+92	    0.47293	    0.17983	     0.0000	     0.0000	    0.72768	     0.0000	
1	14	    0.17552	     1.1842	     88.839	     1.8485	-9.7531e+92	-9.7531e+92	    0.49120	    0.19481	     0.0000	     0.0000	    0.56786	     0.0000	
1	15	  0.0010981	  0.0074083	     167.83	    0.33581	-9.7531e+92	-9.7531e+92	   0.067118	  0.0018591	     0.0000	     0.0000	  0.0066066	     0.0000	
1	16	 1.5602e-14	 1.0526e-13	     207.46	    0.15366	-9.7531e+92	-9.7531e+92	 0.00022484	 0.00011241	     0.0000	     0.0000	 0.00036974	     0.0000	
1	17	 7.1677e-14	 4.8359e-13	     342.57	   0.021626	-9.7531e+92	-9.7531e+92	 0.00052699	 0.00011698	     0.0000	     0.0000	 0.00033219	     0.0000	
1	18	    0.14451	    0.97495	     111.77	     1.1715	-9.7531e+92	-9.7531e+92	    0.41754	    0.19813	     0.0000	     0.0000	    0.85496	     0.0000	
1	19	 2.6443e-15	 1.7841e-14	     226.57	    0.10968	-9.7531e+92	-9.7531e+92	 0.00043728	 0.00011291	     0.0000	     0.0000	 0.00035721	     0.0000	
1	20	 6.0395e-07	 4.0748e-06	     199.20	    0.17914	-9.7531e+92	-9.7531e+92	 0.00057959	 0.00011049	     0.0000	     0.0000	 0.00037774	     0.0000	
1	21	    0.11990	    0.80892	     57.297	     2.7081	-9.7531e+92	-9.7531e+92	    0.38038	    0.15887	     0.0000	     0.0000	    0.73868	     0.0000	
1	22	 1.1278e-14	 7.6092e-14	     312.59	   0.031097	-9.7531e+92	-9.7531e+92	 0.00056105	 0.00011629	     0.0000	     0.0000	 0.00034119	     0.0000	
1	23	  0.0021159	   0.014276	     132.72	    0.73117	-9.7531e+92	-9.7531e+92	   0.096780	  0.0031409	     0.0000	     0.0000	   0.013387	     0.0000	
1	24	 0.00051732	  0.0034903	     142.19	    0.58963	-9.7531e+92	-9.7531e+92	  0.0019831	 0.00085548	     0.0000	     0.0000	  0.0039179	     0.0000	
2	0	  0.0080375	   0.026428	     211.35	    0.14318	-9.7531e+92	-9.7531e+92	   0.071544	  0.0090956	     0.0000	 -0.0067119	  0.0049586	  -0.052405	
2	1	   0.029090	   0.095649	     184.62	    0.23778	-9.7531e+92	-9.7531e+92	   0.087361	   0.031730	     0.0000	     0.0000	 -0.0011611	  -0.029076	
2	2	     0.0000	     0.0000	     0.0000	     3.0000	-9.7531e+92	-9.7531e+92	     1.7296	     0.0000	     1.6099	     0.0000	     0.0000	     0.0000	
2	3	    0.14147	    0.46515	     63.167	     2.5880	-9.7531e+92	-9.7531e+92	    0.14640	   0.087500	    0.10206	    0.12234	   -0.74488	   -0.39999	
2	4	    0.15807	    0.51974	     91.235	     1.7721	-9.7531e+92	-9.7531e+92	    0.19345	    0.12074	    0.11156	    0.28210	   -0.48262	   -0.18719	
2	5	   0.018783	   0.061759	     120.45	    0.96633	-9.7531e+92	-9.7531e+92	   0.049770	   0.021371	     0.0000	 0.00023773	  -0.042833	 -0.0015192	
2	6	   0.072145	    0.23722	     118.53	     1.0087	-9.7531e+92	-9.7531e+92	   0.099829	   0.086646	     0.0000	 -0.0045016	   -0.19245	  0.0012871	
2	7	  0.0013109	  0.0043101	     153.12	    0.46179	-9.7531e+92	-9.7531e+92	   0.035810	  0.0016183	     0.0000	     0.0000	 -0.0034970	   0.051713	
2	8	 5.7692e-06	 1.8969e-05	     174.51	    0.29198	-9.7531e+92	-9.7531e+92	 0.00060509	 8.8033e-05	     0.0000	 -0.0013612	-0.00020694	 0.00072497	
2	9	  0.0031474	   0.010349	     133.64	    0.71608	-9.7531e+92	-9.7531e+92	   0.022200	  0.0037974	     0.0000	     0.0000	 -0.0085356	   0.030846	
2	10	 3.6113e-13	 1.1874e-12	     213.20	    0.13850	-9.7531e+92	-9.7531e+92	 0.00011557	 8.2309e-05	     0.0000	-4.1611e-05	-0.00020181	 9.9714e-06	
2	11	 3.1000e-12	 1.0193e-11	     197.83	    0.18388	-9.7531e+92	-9.7531e+92	 0.00015862	 8.2510e-05	     0.0000	-0.00018660	-0.00020702	 0.00012539	
2	12	 6.3998e-13	 2.1043e-12	     181.48	    0.25322	-9.7531e+92	-9.7531e+92	 0.00012930	 8.0121e-05	     0.0000	-8.2589e-05	-0.00017410	 2.1957e-05	
2	13	    0.12698	    0.41753	     127.66	    0.82064	-9.7531e+92	-9.7531e+92	    0.18078	    0.13533	     0.0000	 -0.0013065	  -0.057520	 -0.0014301	
2	14	    0.23256	    0.76466	     97.273	     1.5829	-9.7531e+92	-9.7531e+92	    0.27986	    0.21867	     0.0000	   0.077933	   -0.53043	   0.011516	
2	15	    0.16467	    0.54145	     21.827	     2.9932	-9.7531e+92	-9.7531e+92	    0.19678	    0.13613	   0.067471	    0.27983	   -0.23663	  -0.038933	
2	16	 1.2976e-12	 4.2666e-12	     68.097	     2.4691	-9.7531e+92	-9.7531e+92	 0.00010958	 7.7595e-05	     0.0000	 1.6122e-08	-0.00013276	-5.9985e-09	
2	17	 1.3786e-05	 4.5329e-05	     160.64	    0.39167	-9.7531e+92	-9.7531e+92	  0.0030388	 7.4045e-05	 0.00042998	 -0.0035850	-4.7056e-05	-9.4365e-05	
2	18	   0.042905	    0.14107	     137.27	    0.65930	-9.7531e+92	-9.7531e+92	    0.10563	   0.048164	     0.0000	   -0.14686	  -0.064987	   0.029773	
2	19	 0.00033697	  0.0011080	     139.30	    0.62950	-9.7531e+92	-9.7531e+92	  0.0012195	 0.00042002	     0.0000	-9.9672e-05	-0.00042603	 8.2903e-06	
2	20	 0.00035636	  0.0011717	     139.77	    0.62284	-9.7531e+92	-9.7531e+92	 0.00092210	 0.00050165	     0.0000	-3.9378e-07	 -0.0010728	 1.0986e-07	
2	21	 6.9196e-05	 0.00022752	     197.19	    0.18609	-9.7531e+92	-9.7531e+92	   0.055136	 0.00015651	     0.0000	  -0.035798	-0.00035128	   0.093272	
2	22	 2.3473e-05	 7.7181e-05	     161.29	    0.38622	-9.7531e+92	-9.7531e+92	  0.0031467	 8.4519e-05	 0.00027087	 -0.0037785	-5.0094e-05	-0.00017654	
2	23	 2.8100e-05	 9.2395e-05	     168.40	    0.33177	-9.7531e+92	-9.7531e+92	   0.023882	 0.00011199	     0.0000	-8.3621e-05	-0.00028201	   0.055495	
2	24	 5.3901e-13	 1.7723e-12	     210.29	    0.14595	-9.7531e+92	-9.7531e+92	 0.00029119	 8.2810e-05	     0.0000	-6.5282e-05	-0.00020858	 0.00060115	
3	0	  0.0030818	   0.011600	     273.88	   0.052386	-9.7531e+92	-9.7531e+92	   0.057985	  0.0013297	     0.0000	 -0.0038009	 -0.0069875	    0.20872	
3	1	   0.038788	    0.14600	     244.14	   0.082134	-9.7531e+92	-9.7531e+92	   0.092723	   0.016332	     0.0000	     0.0000	  -0.090393	    0.10371	
3	2	    0.30281	     1.1398	     63.167	     2.5880	-9.7531e+92	-9.7531e+92	    0.38214	   0.076382	    0.24511	    0.10406	    -1.4151	   -0.95436	
3	3	     0.0000	     0.0000	     0.0000	     3.0000	-9.7531e+92	-9.7531e+92	     1.9468	     0.0000	     1.8961	     0.0000	     0.0000	     0.0000	
3	4	    0.25378	    0.95522	     82.606	     2.0469	-9.7531e+92	-9.7531e+92	    0.33028	   0.070161	    0.23654	    0.29583	    -1.0501	   -0.72834	
3	5	  0.0026606	   0.010014	     167.87	    0.33554	-9.7531e+92	-9.7531e+92	   0.058005	  0.0011904	     0.0000	 -0.0012376	  -0.010428	   0.043572	
3	6	  0.0045705	   0.017203	     180.81	    0.25667	-9.7531e+92	-9.7531e+92	   0.050254	  0.0020612	     0.0000	   -0.13350	  -0.018164	    0.20722	
3	7	 8.5429e-05	 0.00032155	     215.68	    0.13250	-9.7531e+92	-9.7531e+92	   0.029400	 6.6883e-05	     0.0000	     0.0000	-0.00058864	    0.15967	
3	8	 1.1692e-14	 4.4010e-14	     221.29	    0.12010	-9.7531e+92	-9.7531e+92	 0.00063214	 3.0235e-05	     0.0000	-0.00074356	-0.00027075	  0.0019488	
3	9	  0.0010064	  0.0037881	     191.41	    0.20802	-9.7531e+92	-9.7531e+92	   0.018411	 0.00047605	     0.0000	     0.0000	 -0.0042334	   0.094715	
3	10	 6.8941e-14	 2.5949e-13	     258.79	   0.065432	-9.7531e+92	-9.7531e+92	 0.00013211	 3.0563e-05	     0.0000	-2.2551e-05	-0.00027740	 2.5232e-05	
3	11	 3.8044e-14	 1.4320e-13	     244.71	   0.081388	-9.7531e+92	-9.7531e+92	 0.00016981	 3.0593e-05	     0.0000	-0.00010096	-0.00027750	 0.00031964	
3	12	 5.8060e-15	 2.1854e-14	     227.10	    0.10870	-9.7531e+92	-9.7531e+92	 0.00014849	 3.0179e-05	     0.0000	-4.4909e-05	-0.00027370	 5.5642e-05	
3	13	   0.058115	    0.21875	     188.65	    0.21955	-9.7531e+92	-9.7531e+92	    0.14320	   0.023992	     0.0000	  -0.011915	   -0.14514	    0.14632	
3	14	    0.12129	    0.45653	     161.01	    0.38854	-9.7531e+92	-9.7531e+92	    0.23514	   0.045475	     0.0000	 1.5397e-05	   -0.38264	-9.0280e-05	
3	15	    0.19890	    0.74866	     84.108	     1.9994	-9.7531e+92	-9.7531e+92	    0.26524	   0.060764	    0.11722	    0.21396	   -0.65295	   -0.40990	
3	16	 8.0916e-14	 3.0457e-13	     111.94	     1.1671	-9.7531e+92	-9.7531e+92	 0.00012544	 2.9208e-05	     0.0000	 8.6676e-09	-0.00025028	-1.4473e-08	
3	17	  0.0063739	   0.023991	     122.41	    0.92444	-9.7531e+92	-9.7531e+92	   0.010508	  0.0018437	  0.0075217	   0.011335	 -0.0037689	-0.00035222	
3	18	  0.0083699	   0.031504	     199.21	    0.17912	-9.7531e+92	-9.7531e+92	   0.080868	  0.0035457	     0.0000	   -0.12336	  -0.027911	    0.25237	
3	19	 1.2052e-05	 4.5363e-05	     184.07	    0.24039	-9.7531e+92	-9.7531e+92	  0.0014949	 3.3160e-05	     0.0000	-0.00075181	-0.00030066	  0.0011162	
3	20	 3.2284e-05	 0.00012152	     185.64	    0.23299	-9.7531e+92	-9.7531e+92	 0.00093699	 4.4414e-05	     0.0000	-0.00074743	-0.00039818	  0.0010152	
3	21	 5.4578e-14	 2.0543e-13	     259.71	   0.064522	-9.7531e+92	-9.7531e+92	   0.034631	 2.8817e-05	     0.0000	  -0.019383	-0.00025949	    0.27890	
3	22	 0.00012023	 0.00045255	     164.94	    0.35711	-9.7531e+92	-9.7531e+92	  0.0055410	 6.5571e-05	  0.0022490	 -0.0018928	-0.00052127	  0.0015403	
3	23	 8.7406e-14	 3.2899e-13	     228.38	    0.10637	-9.7531e+92	-9.7531e+92	   0.018508	 2.9341e-05	     0.0000	-4.5271e-05	-0.00027261	    0.14755	
3	24	 9.0798e-14	 3.4176e-13	     270.69	   0.054855	-9.7531e+92	-9.7531e+92	 0.00027457	 3.0672e-05	     0.0000	-3.5322e-05	-0.00027700	  0.0015486	
4	0	 0.00048779	  0.0012697	     281.58	   0.046977	-9.7531e+92	-9.7531e+92	   0.042484	 0.00050012	     0.0000	 -0.0085177	 -0.0025380	    0.48795	
4	1	 0.00072483	  0.0018867	     272.02	   0.053810	-9.7531e+92	-9.7531e+92	   0.052450	 0.00071224	     0.0000	     0.0000	 -0.0037749	    0.40228	
4	2	    0.26472	    0.68904	     91.235	     1.7721	-9.7531e+92	-9.7531e+92	    0.22634	    0.16158	    0.13158	    0.23444	    -2.2629	    -1.5690	
4	3	    0.12474	    0.32468	     82.606	     2.0469	-9.7531e+92	-9.7531e+92	    0.11125	   0.057748	   0.076159	    0.18129	    -1.2621	   -0.92044	
4	4	     0.0000	     0.0000	     0.0000	     3.0000	-9.7531e+92	-9.7531e+92	     1.3629	     0.0000	     1.2981	     0.0000	     0.0000	     0.0000	
4	5	    0.28297	    0.73654	     147.08	    0.52816	-9.7531e+92	-9.7531e+92	    0.20052	    0.26412	    0.15552	   0.049152	    -2.2447	    -1.7730	
4	6	 0.00053316	  0.0013878	     179.35	    0.26441	-9.7531e+92	-9.7531e+92	   0.035643	 0.00056844	     0.0000	   -0.30950	 -0.0048629	    0.49004	
4	7	 0.00014227	 0.00037031	     209.16	    0.14897	-9.7531e+92	-9.7531e+92	   0.026071	 0.00019574	     0.0000	     0.0000	 -0.0016728	    0.35642	
4	8	 2.9306e-05	 7.6282e-05	     186.41	    0.22946	-9.7531e+92	-9.7531e+92	  0.0014423	 9.2656e-05	     0.0000	 -0.0015517	-0.00080625	  0.0041436	
4	9	 6.2368e-06	 1.6234e-05	     223.28	    0.11603	-9.7531e+92	-9.7531e+92	   0.011080	 6.9128e-05	     0.0000	     0.0000	-0.00059660	    0.21829	
4	10	 1.4744e-13	 3.8376e-13	     204.61	    0.16194	-9.7531e+92	-9.7531e+92	 9.8867e-05	 6.5067e-05	     0.0000	-4.9349e-05	-0.00057342	 5.6247e-05	
4	11	 6.7778e-13	 1.7642e-12	     218.09	    0.12699	-9.7531e+92	-9.7531e+92	 0.00015023	 6.5204e-05	     0.0000	-0.00022109	-0.00057449	 0.00071263	
4	12	 1.0763e-06	 2.8015e-06	     165.11	    0.35583	-9.7531e+92	-9.7531e+92	 0.00015366	 6.5052e-05	     0.0000	-9.2091e-05	-0.00057059	 0.00011640	
4	13	   0.031707	   0.082531	     217.30	    0.12878	-9.7531e+92	-9.7531e+92	   0.094799	   0.028095	     0.0000	  -0.035504	   -0.16167	    0.45321	
4	14	    0.10590	    0.27565	     184.55	    0.23808	-9.7531e+92	-9.7531e+92	    0.15028	   0.083779	     0.0000	  -0.011691	   -0.69491	   0.075377	
4	15	   0.078832	    0.20519	     106.18	     1.3210	-9.7531e+92	-9.7531e+92	    0.10327	   0.043869	 0.00090457	   0.067521	   -0.50157	   -0.21179	
4	16	 7.6633e-13	 1.9947e-12	     75.439	     2.2661	-9.7531e+92	-9.7531e+92	 8.6744e-05	 6.1888e-05	     0.0000	 1.8869e-08	-0.00053810	-3.2244e-08	
4	17	   0.025102	   0.065338	     73.525	     2.3215	-9.7531e+92	-9.7531e+92	   0.017698	   0.014018	   0.015633	   0.087841	  -0.077797	  -0.059405	
4	18	   0.046922	    0.12213	     186.18	    0.23049	-9.7531e+92	-9.7531e+92	   0.091216	   0.042110	     0.0000	   -0.16283	   -0.32149	    0.34181	
4	19	  0.0047678	   0.012410	     119.82	    0.98008	-9.7531e+92	-9.7531e+92	  0.0051140	  0.0041335	  0.0039844	   0.019172	  -0.034908	  -0.028631	
4	20	  0.0023341	  0.0060754	     135.08	    0.69295	-9.7531e+92	-9.7531e+92	  0.0027034	  0.0022806	  0.0016037	  0.0099790	  -0.019779	  -0.013815	
4	21	 3.1094e-13	 8.0934e-13	     253.96	   0.070430	-9.7531e+92	-9.7531e+92	   0.023897	 6.1503e-05	     0.0000	  -0.042447	-0.00053703	    0.62314	
4	22	   0.030088	   0.078316	     82.638	     2.0459	-9.7531e+92	-9.7531e+92	   0.021135	   0.017938	   0.018858	    0.10669	   -0.11406	  -0.090052	
4	23	 5.5671e-13	 1.4491e-12	     212.30	    0.14074	-9.7531e+92	-9.7531e+92	   0.021633	 6.2572e-05	     0.0000	-9.9140e-05	-0.00056423	    0.32915	
4	24	 4.7282e-13	 1.2307e-12	     253.16	   0.071301	-9.7531e+92	-9.7531e+92	 0.00021538	 6.5396e-05	     0.0000	-7.7352e-05	-0.00057331	  0.0034531	
5	0	   0.032352	   0.043023	     169.69	    0.32292	-9.7531e+92	-9.7531e+92	   0.050460	   0.021825	     0.0000	 -0.0036431	   -0.42067	    0.85051	
5	1	    0.15772	    0.20974	     161.91	    0.38106	-9.7531e+92	-9.7531e+92	   0.079586	    0.10686	     0.0000	     0.0000	    -2.0651	   -0.67344	
5	2	   0.068749	   0.091424	     120.45	    0.96633	-9.7531e+92	-9.7531e+92	   0.033654	   0.042192	     0.0000	   0.055001	    -1.0743	   -0.38587	
5	3	  0.0052514	  0.0069834	     167.87	    0.33554	-9.7531e+92	-9.7531e+92	  0.0062184	  0.0032184	     0.0000	  -0.026374	  -0.082190	   0.095987	
5	4	  0.0077726	   0.010336	     147.08	    0.52816	-9.7531e+92	-9.7531e+92	   0.010431	  0.0033521	     0.0000	  -0.021614	   -0.13055	    0.22235	
5	5	     0.0000	     0.0000	     0.0000	     3.0000	-9.7531e+92	-9.7531e+92	    0.67173	     0.0000	    0.64874	     0.0000	     0.0000	     0.0000	
5	6	   0.060489	   0.080440	     72.218	     2.3585	-9.7531e+92	-9.7531e+92	   0.044235	   0.043543	     0.0000	  -0.032574	    -1.0053	    0.16559	
5	7	   0.076881	    0.10224	     89.752	     1.8194	-9.7531e+92	-9.7531e+92	   0.045037	   0.054348	     0.0000	     0.0000	    -1.2675	   -0.29721	
5	8	   0.010642	   0.014152	     54.235	     2.7611	-9.7531e+92	-9.7531e+92	  0.0038517	  0.0063076	  0.0029339	  0.0016516	   -0.15642	   -0.11221	
5	9	 0.00024973	 0.00033209	     134.70	    0.69890	-9.7531e+92	-9.7531e+92	   0.011506	 0.00022686	     0.0000	     0.0000	 -0.0052776	    0.41140	
5	10	 2.4129e-05	 3.2087e-05	     93.726	     1.6933	-9.7531e+92	-9.7531e+92	 5.8548e-05	 5.3330e-05	     0.0000	 2.8099e-05	 -0.0012521	-0.00016874	
5	11	 0.00020808	 0.00027671	     77.490	     2.2050	-9.7531e+92	-9.7531e+92	 0.00016988	 0.00018274	     0.0000	 7.1036e-05	 -0.0042895	 -0.0013146	
5	12	 0.00035031	 0.00046585	     80.590	     2.1100	-9.7531e+92	-9.7531e+92	 0.00017879	 0.00026713	 6.6938e-05	 0.00074023	 -0.0063455	 -0.0039443	
5	13	    0.22166	    0.29476	     125.66	    0.85869	-9.7531e+92	-9.7531e+92	    0.10981	    0.14774	     0.0000	   0.019120	    -2.9739	   -0.96101	
5	14	    0.10378	    0.13801	     108.09	     1.2686	-9.7531e+92	-9.7531e+92	   0.077308	   0.066594	     0.0000	 -0.0098123	    -1.4782	    0.19218	
5	15	   0.026384	   0.035085	     104.94	     1.3557	-9.7531e+92	-9.7531e+92	   0.021819	   0.016205	     0.0000	  -0.038370	   -0.42917	    0.16473	
5	16	 2.2071e-13	 2.9350e-13	     71.546	     2.3771	-9.7531e+92	-9.7531e+92	 4.4317e-05	 4.7374e-05	     0.0000	 1.0746e-08	 -0.0011102	-5.9233e-08	
5	17	 4.5723e-13	 6.0803e-13	     219.60	    0.12368	-9.7531e+92	-9.7531e+92	 0.00019742	 4.2523e-05	     0.0000	 -0.0035546	 -0.0010900	  0.0094290	
5	18	    0.20025	    0.26630	     53.346	     2.7752	-9.7531e+92	-9.7531e+92	    0.10127	    0.12562	     0.0000	    0.15676	    -3.1323	    -1.1323	
5	19	  0.0066577	  0.0088536	     64.874	     2.5486	-9.7531e+92	-9.7531e+92	  0.0023578	  0.0038337	  0.0017807	  0.0079487	  -0.096786	  -0.069182	
5	20	  0.0047995	  0.0063825	     39.691	     2.9273	-9.7531e+92	-9.7531e+92	  0.0018547	  0.0023849	  0.0012929	  0.0011061	  -0.061495	  -0.041054	
5	21	 0.00025971	 0.00034536	     132.91	    0.72808	-9.7531e+92	-9.7531e+92	   0.030002	 0.00022829	     0.0000	  -0.025141	 -0.0054023	     1.1882	
5	22	 7.5125e-07	 9.9903e-07	     151.89	    0.47454	-9.7531e+92	-9.7531e+92	 0.00022057	 4.1550e-05	     0.0000	 -0.0030944	 -0.0010731	   0.010108	
5	23	   0.015497	   0.020608	     65.633	     2.5304	-9.7531e+92	-9.7531e+92	   0.027484	   0.010844	     0.0000	-3.8558e-05	   -0.26150	    0.41491	
5	24	 2.2033e-05	 2.9299e-05	     106.34	     1.3165	-9.7531e+92	-9.7531e+92	 0.00020713	 6.4159e-05	     0.0000	-4.1358e-05	 -0.0014950	  0.0061518	
6	0	   0.025779	   0.031129	     105.31	     1.3454	-9.7531e+92	-9.7531e+92	   0.050458	   0.023511	     0.0000	     0.0000	    0.19052	     0.0000	
6	1	   0.033065	   0.039926	     96.519	     1.6061	-9.7531e+92	-9.7531e+92	   0.043833	   0.037305	     0.0000	     0.0000	    0.35978	  -0.012574	
6	2	 0.00097733	  0.0011802	     118.53	     1.0087	-9.7531e+92	-9.7531e+92	  0.0058542	  0.0014589	     0.0000	 -0.0026317	   0.013548	 -0.0071843	
6	3	 3.6964e-05	 4.4635e-05	     180.81	    0.25667	-9.7531e+92	-9.7531e+92	  0.0011561	 0.00015991	     0.0000	 -0.0018786	  0.0014120	 -0.0027296	
6	4	 5.3670e-06	 6.4808e-06	     179.35	    0.26441	-9.7531e+92	-9.7531e+92	  0.0022009	 0.00011060	     0.0000	 -0.0033489	 0.00095733	 -0.0050142	
6	5	  0.0024821	  0.0029972	     72.218	     2.3585	-9.7531e+92	-9.7531e+92	  0.0031382	  0.0037229	     0.0000	-5.8483e-05	   0.033792	 -0.0029432	
6	6	     0.0000	     0.0000	     0.0000	     3.0000	-9.7531e+92	-9.7531e+92	    0.62291	     0.0000	    0.53435	     0.0000	     0.0000	     0.0000	
6	7	  0.0094390	   0.011398	     34.871	     2.9563	-9.7531e+92	-9.7531e+92	   0.019060	   0.012828	     0.0000	     0.0000	    0.12742	 -0.0088012	
6	8	 3.5602e-05	 4.2991e-05	     109.28	     1.2365	-9.7531e+92	-9.7531e+92	 0.00015333	 0.00016073	     0.0000	-3.2734e-05	  0.0013257	-0.00011666	
6	9	 0.00058774	 0.00070971	     62.827	     2.5956	-9.7531e+92	-9.7531e+92	  0.0099241	 0.00094604	     0.0000	     0.0000	  0.0085684	 -0.0062796	
6	10	 2.6513e-08	 3.2016e-08	     153.37	    0.45919	-9.7531e+92	-9.7531e+92	 4.1804e-05	 0.00010932	     0.0000	-1.0493e-06	 0.00084582	-1.5590e-06	
6	11	 1.0667e-06	 1.2880e-06	     117.04	     1.0431	-9.7531e+92	-9.7531e+92	 6.1378e-05	 0.00010700	     0.0000	-4.6634e-06	 0.00087177	-1.9675e-05	
6	12	 4.9953e-08	 6.0319e-08	     152.49	    0.46823	-9.7531e+92	-9.7531e+92	 4.2789e-05	 0.00010977	     0.0000	-2.0906e-06	 0.00084352	-3.4419e-06	
6	13	   0.050506	   0.060987	     53.773	     2.7685	-9.7531e+92	-9.7531e+92	   0.086921	   0.058060	     0.0000	-0.00061405	    0.56445	  -0.016829	
6	14	   0.078693	   0.095024	     41.508	     2.9135	-9.7531e+92	-9.7531e+92	   0.059869	   0.098756	     0.0000	-0.00086325	    0.98445	 -0.0087955	
6	15	 0.00041876	 0.00050566	     96.746	     1.5991	-9.7531e+92	-9.7531e+92	  0.0079372	 0.00075277	     0.0000	 -0.0055054	  0.0062707	 -0.0077562	
6	16	 4.4092e-16	 5.3243e-16	     111.89	     1.1685	-9.7531e+92	-9.7531e+92	 4.0241e-05	 0.00011016	     0.0000	 4.1103e-10	 0.00084070	 8.7629e-10	
6	17	 9.5090e-16	 1.1482e-15	     251.72	   0.072906	-9.7531e+92	-9.7531e+92	 7.2674e-05	 0.00011280	     0.0000	-0.00016652	 0.00082929	-0.00014386	
6	18	   0.061680	   0.074480	     36.723	     2.9464	-9.7531e+92	-9.7531e+92	   0.044393	   0.082713	     0.0000	 -0.0025955	    0.80510	 -0.0088684	
6	19	 1.6872e-06	 2.0373e-06	     133.74	    0.71443	-9.7531e+92	-9.7531e+92	 6.7521e-05	 0.00011170	     0.0000	-4.0776e-05	 0.00087328	-7.2483e-05	
6	20	 7.0086e-05	 8.4630e-05	     111.59	     1.1762	-9.7531e+92	-9.7531e+92	 0.00010306	 0.00021933	     0.0000	-3.0825e-05	  0.0017642	-5.6687e-05	
6	21	    0.73608	    0.88883	     78.899	     2.1621	-9.7531e+92	-9.7531e+92	    0.23853	     1.0000	    0.12613	  0.0062437	     9.7024	    0.12807	
6	22	 3.5849e-16	 4.3289e-16	     216.08	    0.13159	-9.7531e+92	-9.7531e+92	 7.7363e-05	 0.00011185	     0.0000	-0.00016511	 0.00083733	-0.00016015	
6	23	 0.00013859	 0.00016735	     73.330	     2.3271	-9.7531e+92	-9.7531e+92	   0.010357	 0.00029052	     0.0000	-2.1073e-06	  0.0027113	 -0.0093293	
6	24	 5.8251e-06	 7.0339e-06	     108.13	     1.2674	-9.7531e+92	-9.7531e+92	 0.00019423	 0.00010867	     0.0000	-1.6294e-06	 0.00094808	-9.5671e-05	
7	0	    0.26612	    0.35723	     80.265	     2.1201	-9.7531e+92	-9.7531e+92	    0.12575	    0.21971	     0.0000	 0.00088993	     1.5415	    0.11273	
7	1	   0.088533	    0.11884	     75.481	     2.2648	-9.7531e+92	-9.7531e+92	   0.064126	   0.073804	     0.0000	     0.0000	    0.52948	 -0.0034670	
7	2	  0.0041291	  0.0055427	     153.12	    0.46179	-9.7531e+92	-9.7531e+92	   0.010521	  0.0043152	     0.0000	 -0.0088129	   0.030041	  -0.023120	
7	3	 5.3170e-05	 7.1373e-05	     215.68	    0.13250	-9.7531e+92	-9.7531e+92	  0.0020678	 0.00012969	     0.0000	 -0.0068968	 0.00088565	 -0.0096359	
7	4	 1.1534e-05	 1.5483e-05	     209.16	    0.14897	-9.7531e+92	-9.7531e+92	  0.0040424	 8.3272e-05	     0.0000	  -0.012307	 0.00055042	  -0.017692	
7	5	  0.0075999	   0.010202	     89.752	     1.8194	-9.7531e+92	-9.7531e+92	  0.0067168	  0.0075197	     0.0000	-0.00014048	   0.054871	 -0.0067767	
7	6	   0.078842	    0.10583	     34.871	     2.9563	-9.7531e+92	-9.7531e+92	   0.056200	   0.081861	     0.0000	  0.0018111	    0.53884	  0.0038158	
7	7	     0.0000	     0.0000	     0.0000	     3.0000	-9.7531e+92	-9.7531e+92	    0.69049	     0.0000	    0.61858	     0.0000	     0.0000	     0.0000	
7	8	 0.00052132	 0.00069979	     109.89	     1.2203	-9.7531e+92	-9.7531e+92	 0.00039746	 0.00061705	     0.0000	-2.1102e-05	  0.0042780	-7.2023e-05	
7	9	   0.016783	   0.022529	     64.406	     2.5596	-9.7531e+92	-9.7531e+92	   0.017818	   0.016842	     0.0000	     0.0000	    0.11701	  -0.010778	
7	10	 1.6109e-07	 2.1624e-07	     153.29	    0.46001	-9.7531e+92	-9.7531e+92	 4.6846e-05	 7.4962e-05	     0.0000	-3.7911e-06	 0.00044861	-5.3920e-06	
7	11	 3.2023e-05	 4.2987e-05	     112.26	     1.1591	-9.7531e+92	-9.7531e+92	 8.6320e-05	 0.00010724	     0.0000	-1.1813e-05	 0.00067160	-4.7714e-05	
7	12	 5.2184e-08	 7.0049e-08	     158.06	    0.41430	-9.7531e+92	-9.7531e+92	 4.8643e-05	 7.5739e-05	     0.0000	-7.6834e-06	 0.00043993	-1.2110e-05	
7	13	    0.11894	    0.15966	     57.312	     2.7078	-9.7531e+92	-9.7531e+92	   0.080377	   0.075339	     0.0000	     0.0000	    0.32450	     0.0000	
7	14	    0.23323	    0.31307	     65.464	     2.5345	-9.7531e+92	-9.7531e+92	    0.11530	    0.20853	     0.0000	  0.0083499	     1.5401	   0.081974	
7	15	  0.0013435	  0.0018035	     131.62	    0.74982	-9.7531e+92	-9.7531e+92	   0.014963	  0.0015169	     0.0000	  -0.019756	  0.0094927	  -0.026680	
7	16	 6.3412e-16	 8.5121e-16	     137.28	    0.65913	-9.7531e+92	-9.7531e+92	 4.4735e-05	 7.5332e-05	     0.0000	 1.5109e-09	 0.00045851	 3.0820e-09	
7	17	 2.4520e-15	 3.2914e-15	     281.54	   0.047004	-9.7531e+92	-9.7531e+92	 0.00010351	 7.8521e-05	     0.0000	-0.00061208	 0.00042188	-0.00050626	
7	18	    0.13712	    0.18406	     38.248	     2.9371	-9.7531e+92	-9.7531e+92	   0.082253	    0.12920	     0.0000	  0.0069148	    0.94448	   0.022704	
7	19	 2.9501e-06	 3.9600e-06	     154.38	    0.44913	-9.7531e+92	-9.7531e+92	 9.4915e-05	 7.9119e-05	     0.0000	-0.00014937	 0.00045939	-0.00025425	
7	20	 0.00020450	 0.00027451	     126.68	    0.83907	-9.7531e+92	-9.7531e+92	 0.00018761	 0.00029960	     0.0000	-6.0123e-05	  0.0018293	-0.00010588	
7	21	   0.044119	   0.059223	     44.967	     2.8822	-9.7531e+92	-9.7531e+92	   0.050975	   0.040382	     0.0000	     0.0000	    0.30995	  -0.034431	
7	22	 1.2973e-15	 1.7414e-15	     241.36	   0.085874	-9.7531e+92	-9.7531e+92	 0.00011086	 7.7764e-05	     0.0000	-0.00060690	 0.00042884	-0.00056370	
7	23	  0.0022327	  0.0029971	     58.677	     2.6821	-9.7531e+92	-9.7531e+92	   0.019184	  0.0022414	     0.0000	-7.4015e-06	   0.016322	  -0.031381	
7	24	 0.00019279	 0.00025879	     84.614	     1.9834	-9.7531e+92	-9.7531e+92	 0.00031004	 0.00027550	     0.0000	-3.6755e-06	  0.0017920	-0.00020663	
8	0	   0.056049	   0.036910	     172.11	    0.30693	-9.7531e+92	-9.7531e+92	   0.027992	  0.0030799	     0.0000	-0.00035301	   -0.24461	    0.24599	
8	1	   0.046334	   0.030512	     184.58	    0.23797	-9.7531e+92	-9.7531e+92	   0.024610	  0.0025749	     0.0000	     0.0000	   -0.20310	    0.19869	
8	2	  0.0011901	 0.00078375	     174.51	    0.29198	-9.7531e+92	-9.7531e+92	  0.0061276	 7.0366e-05	     0.0000	 -0.0099369	 -0.0060630	    0.16419	
8	3	 1.5781e-05	 1.0392e-05	     221.29	    0.12010	-9.7531e+92	-9.7531e+92	  0.0012276	 4.7082e-06	     0.0000	 -0.0071473	-0.00039312	   0.061810	
8	4	 0.00015987	 0.00010528	     186.41	    0.22946	-9.7531e+92	-9.7531e+92	  0.0023948	 1.2496e-05	     0.0000	  -0.012326	 -0.0011142	    0.11735	
8	5	    0.26817	    0.17660	     54.235	     2.7611	-9.7531e+92	-9.7531e+92	   0.047781	   0.014726	   0.036395	  0.0016599	    -1.3481	    -1.2202	
8	6	   0.011526	  0.0075899	     109.28	     1.2365	-9.7531e+92	-9.7531e+92	   0.013448	 0.00067077	     0.0000	  -0.021283	  -0.059032	    0.30432	
8	7	   0.069841	   0.045992	     109.89	     1.2203	-9.7531e+92	-9.7531e+92	   0.020091	  0.0040179	     0.0000	     0.0000	   -0.35455	  -0.079603	
8	8	     0.0000	     0.0000	     0.0000	     3.0000	-9.7531e+92	-9.7531e+92	    0.32978	     0.0000	    0.32933	     0.0000	     0.0000	     0.0000	
8	9	 2.8203e-06	 1.8572e-06	     171.65	    0.30991	-9.7531e+92	-9.7531e+92	  0.0039436	 4.0447e-06	     0.0000	     0.0000	-0.00035559	    0.15879	
8	10	 0.00012480	 8.2181e-05	     44.054	     2.8911	-9.7531e+92	-9.7531e+92	 4.8699e-05	 7.8176e-06	     0.0000	 2.6418e-05	-0.00065808	-0.00038318	
8	11	   0.010500	  0.0069146	     32.525	     2.9668	-9.7531e+92	-9.7531e+92	  0.0017771	 0.00051760	  0.0016671	 0.00088900	  -0.045731	  -0.043375	
8	12	  0.0015063	 0.00099196	     55.069	     2.7473	-9.7531e+92	-9.7531e+92	 0.00028890	 6.5708e-05	 0.00023351	 0.00031806	 -0.0055979	 -0.0050648	
8	13	   0.032315	   0.021280	     162.59	    0.37553	-9.7531e+92	-9.7531e+92	   0.026220	  0.0017685	     0.0000	 -0.0028576	   -0.14373	    0.42535	
8	14	    0.21694	    0.14286	     146.54	    0.53466	-9.7531e+92	-9.7531e+92	   0.054660	   0.011893	     0.0000	  0.0073741	   -0.98690	   -0.42103	
8	15	 2.5605e-05	 1.6861e-05	     159.01	    0.40580	-9.7531e+92	-9.7531e+92	  0.0075551	 5.2263e-06	     0.0000	  -0.021112	-0.00046829	    0.19248	
8	16	 2.2380e-15	 1.4738e-15	     112.87	     1.1438	-9.7531e+92	-9.7531e+92	 2.1946e-05	 3.8847e-06	     0.0000	 1.3332e-09	-0.00033627	-2.1728e-08	
8	17	 1.1968e-14	 7.8813e-15	     258.50	   0.065716	-9.7531e+92	-9.7531e+92	 5.6703e-05	 3.9551e-06	     0.0000	-0.00063148	-0.00034672	  0.0036519	
8	18	    0.24581	    0.16188	     75.421	     2.2666	-9.7531e+92	-9.7531e+92	   0.059714	   0.013020	     0.0000	   0.031187	    -1.1916	   -0.65580	
8	19	  0.0025783	  0.0016979	     80.536	     2.1117	-9.7531e+92	-9.7531e+92	 0.00067143	 0.00014356	 0.00038565	 0.00078251	  -0.013057	  -0.010562	
8	20	   0.020637	   0.013590	     51.987	     2.7958	-9.7531e+92	-9.7531e+92	  0.0036065	  0.0010928	  0.0033283	  0.0065173	   -0.10094	  -0.095666	
8	21	 0.00066394	 0.00043722	     132.38	    0.73687	-9.7531e+92	-9.7531e+92	   0.010168	 4.1300e-05	     0.0000	 -0.0034129	 -0.0037127	    0.45402	
8	22	 2.1046e-07	 1.3859e-07	     168.70	    0.32968	-9.7531e+92	-9.7531e+92	 6.3953e-05	 3.9149e-06	     0.0000	-0.00061628	-0.00034504	  0.0040400	
8	23	   0.012861	  0.0084696	     54.810	     2.7517	-9.7531e+92	-9.7531e+92	   0.015638	 0.00073341	     0.0000	-4.8722e-06	  -0.066557	    0.17150	
8	24	  0.0027448	  0.0018076	     77.960	     2.1908	-9.7531e+92	-9.7531e+92	 0.00057443	 0.00016252	 0.00020854	 1.2714e-05	  -0.014301	  -0.011115	
9	0	    0.16061	    0.17129	     86.890	     1.9108	-9.7531e+92	-9.7531e+92	   0.075149	   0.075846	     0.0000	 5.4332e-05	    0.61554	  0.0023699	
9	1	    0.26710	    0.28486	     55.376	     2.7421	-9.7531e+92	-9.7531e+92	   0.094733	    0.12941	     0.0000	     0.0000	     1.1031	  0.0088081	
9	2	  0.0099907	   0.010655	     133.64	    0.71608	-9.7531e+92	-9.7531e+92	  0.0097378	  0.0063725	     0.0000	 -0.0014440	   0.055257	-0.00099753	
9	3	 0.00056441	 0.00060193	     191.41	    0.20802	-9.7531e+92	-9.7531e+92	  0.0017611	 0.00041875	     0.0000	 -0.0013282	  0.0035447	-0.00050909	
9	4	 2.4860e-05	 2.6513e-05	     223.28	    0.11603	-9.7531e+92	-9.7531e+92	  0.0030180	 6.0793e-05	     0.0000	 -0.0024627	 0.00050023	-0.00087539	
9	5	 0.00070434	 0.00075117	     134.70	    0.69890	-9.7531e+92	-9.7531e+92	  0.0036292	 0.00049996	     0.0000	-4.8223e-05	  0.0041156	-0.00050432	
9	6	  0.0076295	  0.0081368	     62.827	     2.5956	-9.7531e+92	-9.7531e+92	   0.025888	  0.0049524	     0.0000	 -0.0043830	   0.040959	 -0.0019746	
9	7	   0.020231	   0.021576	     64.406	     2.5596	-9.7531e+92	-9.7531e+92	   0.022568	   0.012476	     0.0000	     0.0000	    0.10999	 -0.0010186	
9	8	 9.9020e-06	 1.0560e-05	     171.65	    0.30991	-9.7531e+92	-9.7531e+92	 0.00018176	 5.2509e-05	     0.0000	-2.5143e-05	 0.00039964	-1.7198e-05	
9	9	     0.0000	     0.0000	     0.0000	     3.0000	-9.7531e+92	-9.7531e+92	    0.54413	     0.0000	    0.50981	     0.0000	     0.0000	     0.0000	
9	10	 1.2335e-16	 1.3155e-16	     215.04	    0.13402	-9.7531e+92	-9.7531e+92	 3.7146e-05	 4.6950e-05	     0.0000	-7.7481e-07	 0.00034189	-2.1196e-07	
9	11	 1.2137e-08	 1.2944e-08	     175.31	    0.28718	-9.7531e+92	-9.7531e+92	 6.1316e-05	 4.5331e-05	     0.0000	-3.4684e-06	 0.00034869	-2.7115e-06	
9	12	 3.9613e-16	 4.2247e-16	     214.99	    0.13415	-9.7531e+92	-9.7531e+92	 3.8137e-05	 4.7249e-05	     0.0000	-1.5430e-06	 0.00034031	-4.6834e-07	
9	13	    0.20343	    0.21696	     9.0540	     2.9998	-9.7531e+92	-9.7531e+92	   0.084115	   0.086759	     0.0000	     0.0000	    0.62558	 -0.0071015	
9	14	    0.15560	    0.16594	     38.749	     2.9339	-9.7531e+92	-9.7531e+92	   0.074232	   0.086719	     0.0000	 0.00051288	    0.80820	  0.0015722	
9	15	  0.0014070	  0.0015005	     117.55	     1.0311	-9.7531e+92	-9.7531e+92	   0.010206	 0.00096884	     0.0000	 -0.0039489	  0.0078412	 -0.0011620	
9	16	 2.7993e-16	 2.9854e-16	     159.83	    0.39862	-9.7531e+92	-9.7531e+92	 3.5541e-05	 4.4311e-05	     0.0000	 2.9607e-10	 0.00043740	 6.1530e-10	
9	17	 3.2580e-16	 3.4746e-16	     293.28	   0.040011	-9.7531e+92	-9.7531e+92	 8.0171e-05	 4.8214e-05	     0.0000	-0.00012255	 0.00033666	-1.9690e-05	
9	18	    0.16762	    0.17877	     96.665	     1.6016	-9.7531e+92	-9.7531e+92	   0.074535	    0.10078	     0.0000	  0.0027169	    0.91575	  0.0023438	
9	19	 2.8759e-07	 3.0672e-07	     193.08	    0.20137	-9.7531e+92	-9.7531e+92	 6.8012e-05	 4.7408e-05	     0.0000	-3.0125e-05	 0.00034410	-1.0173e-05	
9	20	 5.1153e-06	 5.4554e-06	     174.09	    0.29453	-9.7531e+92	-9.7531e+92	 9.3343e-05	 4.9964e-05	     0.0000	-2.7833e-05	 0.00037215	-9.7527e-06	
9	21	  0.0048312	  0.0051524	     83.320	     2.0244	-9.7531e+92	-9.7531e+92	   0.025178	  0.0027872	     0.0000	     0.0000	   0.026757	 -0.0026809	
9	22	 1.5009e-15	 1.6006e-15	     266.14	   0.058633	-9.7531e+92	-9.7531e+92	 8.5088e-05	 4.7928e-05	     0.0000	-0.00012152	 0.00033967	-2.2341e-05	
9	23	 0.00021244	 0.00022656	     121.73	    0.93874	-9.7531e+92	-9.7531e+92	   0.016622	 0.00017188	     0.0000	-1.5485e-06	  0.0014967	 -0.0013135	
9	24	 1.5173e-05	 1.6182e-05	     149.07	    0.50520	-9.7531e+92	-9.7531e+92	 0.00019045	 5.3818e-05	     0.0000	-1.1760e-06	 0.00043405	-1.2908e-05	
10	0	   0.012760	  0.0042275	     210.64	    0.14503	-9.7531e+92	-9.7531e+92	  0.0090442	 3.6133e-05	     0.0000	-1.9147e-05	 -0.0075557	   0.058759	
10	1	  0.0072334	  0.0023965	     228.04	    0.10699	-9.7531e+92	-9.7531e+92	  0.0080026	 2.0719e-05	     0.0000	     0.0000	 -0.0043157	   0.049916	
10	2	  0.0016596	 0.00054984	     213.20	    0.13850	-9.7531e+92	-9.7531e+92	  0.0030121	 5.1019e-06	     0.0000	-0.00030506	 -0.0011065	   0.021858	
10	3	 3.0636e-06	 1.0150e-06	     258.79	   0.065432	-9.7531e+92	-9.7531e+92	 0.00055348	 2.0973e-07	     0.0000	-0.00022260	-4.4282e-05	  0.0083634	
10	4	 0.00022859	 7.5734e-05	     204.61	    0.16194	-9.7531e+92	-9.7531e+92	  0.0011647	 8.8514e-07	     0.0000	-0.00039141	-0.00019222	   0.015747	
10	5	    0.27640	   0.091573	     93.726	     1.6933	-9.7531e+92	-9.7531e+92	   0.028014	 0.00086421	   0.022286	 0.00011176	   -0.18492	   -0.17017	
10	6	  0.0010349	 0.00034286	     153.37	    0.45919	-9.7531e+92	-9.7531e+92	  0.0047903	 3.4114e-06	     0.0000	-0.00077448	-0.00073900	   0.047643	
10	7	  0.0043921	  0.0014551	     153.29	    0.46001	-9.7531e+92	-9.7531e+92	  0.0048503	 1.3675e-05	     0.0000	     0.0000	 -0.0029824	   0.032304	
10	8	    0.16009	   0.053038	     44.054	     2.8911	-9.7531e+92	-9.7531e+92	   0.013957	 0.00050858	   0.013729	  0.0010335	   -0.10848	   -0.10621	
10	9	 8.0768e-08	 2.6759e-08	     215.04	    0.13402	-9.7531e+92	-9.7531e+92	  0.0015553	 2.0681e-07	     0.0000	     0.0000	-4.4982e-05	   0.021247	
10	10	     0.0000	     0.0000	     0.0000	     3.0000	-9.7531e+92	-9.7531e+92	    0.16569	     0.0000	    0.16566	     0.0000	     0.0000	     0.0000	
10	11	   0.041812	   0.013853	     46.926	     2.8613	-9.7531e+92	-9.7531e+92	  0.0035700	 0.00013052	  0.0035146	 0.00021588	  -0.028138	  -0.027563	
10	12	   0.039452	   0.013071	     46.012	     2.8713	-9.7531e+92	-9.7531e+92	  0.0033099	 8.7243e-05	  0.0032821	 0.00015337	  -0.022039	  -0.021556	
10	13	   0.049779	   0.016492	     205.99	    0.15786	-9.7531e+92	-9.7531e+92	   0.014007	 0.00014047	     0.0000	-7.3229e-05	  -0.029802	   0.047879	
10	14	   0.066350	   0.021982	     190.48	    0.21181	-9.7531e+92	-9.7531e+92	   0.015737	 0.00018860	     0.0000	-0.00013163	  -0.040517	   0.032883	
10	15	 3.3320e-05	 1.1039e-05	     197.67	    0.18443	-9.7531e+92	-9.7531e+92	  0.0025589	 3.0426e-07	     0.0000	-0.00065710	-6.6903e-05	   0.025777	
10	16	 1.1663e-14	 3.8642e-15	     147.94	    0.51817	-9.7531e+92	-9.7531e+92	 1.1041e-05	 2.1176e-07	     0.0000	 4.0682e-11	-1.1348e-05	-7.0816e-10	
10	17	 5.8775e-16	 1.9473e-16	     270.72	   0.054831	-9.7531e+92	-9.7531e+92	 2.7918e-05	 2.1485e-07	     0.0000	-1.9668e-05	-4.5556e-05	 0.00048746	
10	18	    0.21852	   0.072398	     118.82	     1.0023	-9.7531e+92	-9.7531e+92	   0.029820	 0.00063189	     0.0000	 0.00079331	   -0.14019	  -0.071199	
10	19	   0.028646	  0.0094906	     85.643	     1.9506	-9.7531e+92	-9.7531e+92	  0.0027006	 8.3606e-05	  0.0025569	 0.00029257	  -0.018965	  -0.018361	
10	20	   0.061011	   0.020213	     74.457	     2.2947	-9.7531e+92	-9.7531e+92	  0.0055140	 0.00018852	  0.0053740	 0.00070568	  -0.041035	  -0.040070	
10	21	 0.00014987	 4.9653e-05	     171.26	    0.31241	-9.7531e+92	-9.7531e+92	  0.0036992	 6.4740e-07	     0.0000	-0.00010678	-0.00014506	   0.061132	
10	22	 3.5815e-07	 1.1866e-07	     176.66	    0.27933	-9.7531e+92	-9.7531e+92	 4.3797e-05	 2.1381e-07	     0.0000	-1.9070e-05	-4.5586e-05	 0.00053998	
10	23	   0.028937	  0.0095870	     95.614	     1.6342	-9.7531e+92	-9.7531e+92	  0.0094059	 8.8488e-05	     0.0000	-9.1273e-08	  -0.019680	   0.012200	
10	24	  0.0015122	 0.00050101	     102.71	     1.4197	-9.7531e+92	-9.7531e+92	 0.00023731	 5.0025e-06	 5.3225e-05	 4.0386e-07	 -0.0010733	-0.00068362	
11	0	   0.087008	   0.033090	     167.10	    0.34103	-9.7531e+92	-9.7531e+92	   0.019558	 0.00073290	     0.0000	-2.1481e-05	   -0.17212	   0.053274	
11	1	   0.031584	   0.012012	     185.20	    0.23505	-9.7531e+92	-9.7531e+92	   0.012063	 0.00026913	     0.0000	     0.0000	  -0.062791	    0.12059	
11	2	 0.00020561	 7.8198e-05	     197.83	    0.18388	-9.7531e+92	-9.7531e+92	  0.0024415	 2.3841e-06	     0.0000	 -0.0013256	-0.00058650	   0.076842	
11	3	 1.0720e-05	 4.0772e-06	     244.71	   0.081388	-9.7531e+92	-9.7531e+92	 0.00047871	 6.9203e-07	     0.0000	-0.00092790	-0.00016503	   0.028201	
11	4	 6.0261e-06	 2.2918e-06	     218.09	    0.12699	-9.7531e+92	-9.7531e+92	 0.00090067	 6.4163e-07	     0.0000	 -0.0016509	-0.00015921	   0.053626	
11	5	    0.13359	   0.050806	     77.490	     2.2050	-9.7531e+92	-9.7531e+92	   0.015476	  0.0012100	  0.0089009	 0.00019698	   -0.30047	   -0.25791	
11	6	  0.0044372	  0.0016875	     117.04	     1.0431	-9.7531e+92	-9.7531e+92	  0.0071489	 4.0695e-05	     0.0000	 -0.0030784	  -0.010159	    0.15330	
11	7	  0.0073243	  0.0027855	     112.26	     1.1591	-9.7531e+92	-9.7531e+92	  0.0064157	 6.6247e-05	     0.0000	     0.0000	  -0.016620	    0.10257	
11	8	   0.083634	   0.031807	     32.525	     2.9668	-9.7531e+92	-9.7531e+92	  0.0081385	 0.00062936	  0.0078760	  0.0015905	   -0.18338	   -0.17943	
11	9	 2.2354e-05	 8.5015e-06	     175.31	    0.28718	-9.7531e+92	-9.7531e+92	  0.0026637	 8.0596e-07	     0.0000	     0.0000	-0.00020163	   0.071690	
11	10	  0.0010273	 0.00039071	     46.926	     2.8613	-9.7531e+92	-9.7531e+92	 0.00011274	 6.0701e-06	 8.4376e-05	 2.1186e-05	 -0.0020169	 -0.0018499	
11	11	     0.0000	     0.0000	     0.0000	     3.0000	-9.7531e+92	-9.7531e+92	    0.19023	     0.0000	    0.19016	     0.0000	     0.0000	     0.0000	
11	12	 0.00056818	 0.00021609	     77.218	     2.2132	-9.7531e+92	-9.7531e+92	 7.9664e-05	 5.2580e-06	 4.7676e-05	 2.4917e-05	 -0.0013931	 -0.0011924	
11	13	    0.13248	   0.050383	     166.60	    0.34470	-9.7531e+92	-9.7531e+92	   0.024221	  0.0011132	     0.0000	 4.3054e-06	   -0.26598	 -0.0022752	
11	14	   0.092437	   0.035155	     157.91	    0.41563	-9.7531e+92	-9.7531e+92	   0.020413	 0.00078344	     0.0000	-0.00028811	   -0.18944	   0.058193	
11	15	 1.2548e-05	 4.7721e-06	     182.32	    0.24896	-9.7531e+92	-9.7531e+92	  0.0028864	 7.0640e-07	     0.0000	 -0.0027424	-0.00017826	   0.087072	
11	16	 2.0437e-13	 7.7723e-14	     142.85	    0.58099	-9.7531e+92	-9.7531e+92	 1.2674e-05	 5.8117e-07	     0.0000	 1.2645e-10	-4.5285e-05	-2.8933e-09	
11	17	 2.8020e-13	 1.0657e-13	     290.18	   0.041722	-9.7531e+92	-9.7531e+92	 2.5889e-05	 6.2619e-07	     0.0000	-8.2089e-05	-0.00015325	  0.0016462	
11	18	    0.27405	    0.10423	     81.269	     2.0888	-9.7531e+92	-9.7531e+92	   0.037834	  0.0022364	     0.0000	  0.0048466	   -0.59163	   -0.35831	
11	19	 0.00039735	 0.00015112	     108.78	     1.2499	-9.7531e+92	-9.7531e+92	 0.00013075	 4.2818e-06	     0.0000	 1.5876e-06	 -0.0010595	-6.6291e-05	
11	20	  0.0055275	  0.0021022	     83.734	     2.0113	-9.7531e+92	-9.7531e+92	 0.00069106	 5.1416e-05	 0.00053037	 0.00026891	  -0.012759	  -0.011643	
11	21	   0.011530	  0.0043851	     128.65	    0.80225	-9.7531e+92	-9.7531e+92	  0.0070522	 0.00010181	     0.0000	-0.00039089	  -0.026107	    0.18115	
11	22	 7.8401e-13	 2.9817e-13	     200.45	    0.17499	-9.7531e+92	-9.7531e+92	 2.8152e-05	 6.2408e-07	     0.0000	-8.1374e-05	-0.00015273	  0.0018243	
11	23	    0.10652	   0.040511	     53.605	     2.7712	-9.7531e+92	-9.7531e+92	   0.018578	 0.00093748	 0.00061437	     0.0000	   -0.24273	   -0.13324	
11	24	   0.027630	   0.010508	     56.094	     2.7297	-9.7531e+92	-9.7531e+92	  0.0027013	 0.00025287	  0.0024900	 3.6292e-05	  -0.063235	  -0.061179	
12	0	  0.0052313	  0.0017840	     226.76	    0.10933	-9.7531e+92	-9.7531e+92	  0.0087039	 3.4666e-05	     0.0000	-7.4100e-05	 -0.0037368	   0.075669	
12	1	 0.00048013	 0.00016374	     231.78	    0.10046	-9.7531e+92	-9.7531e+92	  0.0068250	 3.6120e-06	     0.0000	     0.0000	-0.00038729	   0.064571	
12	2	   0.039710	   0.013542	     181.48	    0.25322	-9.7531e+92	-9.7531e+92	  0.0066581	 0.00026681	     0.0000	 0.00010468	  -0.030807	 -0.0025184	
12	3	  0.0013155	 0.00044864	     227.10	    0.10870	-9.7531e+92	-9.7531e+92	  0.0010314	 9.4262e-06	     0.0000	-0.00072358	 -0.0010581	  0.0091185	
12	4	  0.0098914	  0.0033733	     165.11	    0.35583	-9.7531e+92	-9.7531e+92	  0.0026677	 6.6873e-05	     0.0000	-0.00085248	 -0.0078450	   0.011600	
12	5	    0.12522	   0.042704	     80.590	     2.1100	-9.7531e+92	-9.7531e+92	   0.017036	 0.00087002	   0.011140	 0.00015919	   -0.10149	  -0.086024	
12	6	 0.00065906	 0.00022476	     152.49	    0.46823	-9.7531e+92	-9.7531e+92	  0.0045898	 5.0472e-06	     0.0000	 -0.0028047	-0.00059101	   0.058191	
12	7	 0.00079136	 0.00026988	     158.06	    0.41430	-9.7531e+92	-9.7531e+92	  0.0039997	 5.9490e-06	     0.0000	     0.0000	-0.00069651	   0.042112	
12	8	    0.15226	   0.051926	     55.069	     2.7473	-9.7531e+92	-9.7531e+92	   0.013434	  0.0010494	   0.013198	  0.0033371	   -0.12351	   -0.12100	
12	9	 7.0155e-08	 2.3925e-08	     214.99	    0.13415	-9.7531e+92	-9.7531e+92	  0.0013946	 4.6746e-07	     0.0000	     0.0000	-5.4608e-05	   0.025824	
12	10	   0.011762	  0.0040113	     46.012	     2.8713	-9.7531e+92	-9.7531e+92	  0.0010253	 4.5161e-05	 0.00099987	 0.00021217	 -0.0048281	 -0.0046492	
12	11	  0.0086902	  0.0029636	     77.218	     2.2132	-9.7531e+92	-9.7531e+92	 0.00085879	 6.2252e-05	 0.00080179	 0.00016465	 -0.0072062	 -0.0069597	
12	12	     0.0000	     0.0000	     0.0000	     3.0000	-9.7531e+92	-9.7531e+92	    0.17059	     0.0000	    0.17057	     0.0000	     0.0000	     0.0000	
12	13	   0.026250	  0.0089522	     205.94	    0.15802	-9.7531e+92	-9.7531e+92	   0.011571	 0.00017164	     0.0000	-0.00033994	  -0.018872	   0.074085	
12	14	   0.068750	   0.023446	     188.63	    0.21964	-9.7531e+92	-9.7531e+92	   0.016711	 0.00045050	     0.0000	-0.00045348	  -0.050467	   0.037845	
12	15	 0.00021327	 7.2731e-05	     166.81	    0.34315	-9.7531e+92	-9.7531e+92	  0.0029551	 1.9095e-06	     0.0000	 -0.0023560	-0.00022710	   0.031166	
12	16	 9.5796e-15	 3.2669e-15	     115.95	     1.0685	-9.7531e+92	-9.7531e+92	 1.1365e-05	 4.7162e-07	     0.0000	 1.5132e-10	-3.7544e-05	-2.4475e-09	
12	17	 6.6643e-15	 2.2727e-15	     225.22	    0.11223	-9.7531e+92	-9.7531e+92	 4.9540e-05	 4.7748e-07	     0.0000	-7.0771e-05	-5.5361e-05	 0.00059326	
12	18	    0.38142	    0.13008	     120.73	    0.96010	-9.7531e+92	-9.7531e+92	   0.042738	  0.0025108	  0.0068257	  0.0069738	   -0.29566	   -0.21018	
12	19	   0.085209	   0.029059	     44.530	     2.8865	-9.7531e+92	-9.7531e+92	  0.0074508	 0.00051419	  0.0073028	  0.0030565	  -0.064423	  -0.063009	
12	20	   0.077029	   0.026269	     45.010	     2.8817	-9.7531e+92	-9.7531e+92	  0.0070644	 0.00050849	  0.0069203	  0.0030634	  -0.061128	  -0.059810	
12	21	 8.5906e-06	 2.9297e-06	     187.39	    0.22505	-9.7531e+92	-9.7531e+92	  0.0034567	 5.1054e-07	     0.0000	-0.00038529	-6.1240e-05	   0.074379	
12	22	 0.00075623	 0.00025790	     131.16	    0.75767	-9.7531e+92	-9.7531e+92	 0.00015248	 5.7559e-06	     0.0000	-4.4295e-06	-0.00067479	 4.2863e-05	
12	23	  0.0042776	  0.0014588	     109.85	     1.2215	-9.7531e+92	-9.7531e+92	  0.0099303	 2.9905e-05	     0.0000	-8.1114e-07	 -0.0035837	   0.034827	
12	24	 7.2756e-05	 2.4812e-05	     132.31	    0.73810	-9.7531e+92	-9.7531e+92	 8.6875e-05	 9.9985e-07	     0.0000	-5.8261e-07	-0.00011561	 0.00033953	
13	0	    0.11488	    0.72159	     86.013	     1.9388	-9.7531e+92	-9.7531e+92	    0.38317	    0.18420	     0.0000	 1.0158e-06	    0.27336	-4.8384e-05	
13	1	   0.087387	    0.54891	     57.043	     2.7128	-9.7531e+92	-9.7531e+92	    0.29638	    0.13376	     0.0000	     0.0000	    0.11027	 0.00052352	
13	2	   0.028281	    0.17764	     127.66	    0.82064	-9.7531e+92	-9.7531e+92	   0.080914	   0.052553	     0.0000	-0.00070107	   0.084568	  0.0010445	
13	3	 0.00072152	  0.0045321	     188.65	    0.21955	-9.7531e+92	-9.7531e+92	   0.012891	  0.0015837	     0.0000	 -0.0020715	  0.0029671	  0.0015681	
13	4	 0.00015046	 0.00094509	     217.30	    0.12878	-9.7531e+92	-9.7531e+92	   0.021655	 0.00044044	     0.0000	 -0.0038690	 0.00071807	  0.0033706	
13	5	  0.0023776	   0.014935	     125.66	    0.85869	-9.7531e+92	-9.7531e+92	   0.024069	  0.0045082	     0.0000	-6.8444e-05	  0.0080760	  0.0022391	
13	6	    0.10617	    0.66691	     53.773	     2.7685	-9.7531e+92	-9.7531e+92	    0.28173	    0.19735	     0.0000	     0.0000	    0.34191	 -0.0049780	
13	7	    0.20226	     1.2705	     57.312	     2.7078	-9.7531e+92	-9.7531e+92	    0.38240	    0.38401	   0.045869	     0.0000	    0.61023	  -0.022357	
13	8	 2.6251e-05	 0.00016489	     162.59	    0.37553	-9.7531e+92	-9.7531e+92	  0.0011208	 0.00019980	     0.0000	-3.8644e-05	 0.00023356	 9.4567e-05	
13	9	    0.10776	    0.67689	     9.0540	     2.9998	-9.7531e+92	-9.7531e+92	    0.21137	    0.19562	  0.0091840	     0.0000	    0.36707	  -0.011601	
13	10	 2.4808e-14	 1.5583e-13	     205.99	    0.15786	-9.7531e+92	-9.7531e+92	 0.00021869	 0.00014640	     0.0000	-1.2234e-06	 0.00016541	 1.2809e-06	
13	11	 9.0306e-08	 5.6725e-07	     166.60	    0.34470	-9.7531e+92	-9.7531e+92	 0.00035748	 0.00013687	     0.0000	-5.4724e-06	 0.00021731	 1.6207e-05	
13	12	 2.3360e-14	 1.4673e-13	     205.94	    0.15802	-9.7531e+92	-9.7531e+92	 0.00022517	 0.00014897	     0.0000	-2.4364e-06	 0.00014537	 2.8245e-06	
13	13	     0.0000	     0.0000	     0.0000	     3.0000	-9.7531e+92	-9.7531e+92	     3.3560	     0.0000	     2.5321	     0.0000	     0.0000	     0.0000	
13	14	    0.11770	    0.73932	     32.765	     2.9658	-9.7531e+92	-9.7531e+92	    0.38873	    0.20545	     0.0000	-8.3607e-05	    0.41865	 0.00037101	
13	15	  0.0091736	   0.057623	     111.52	     1.1779	-9.7531e+92	-9.7531e+92	   0.068192	   0.018617	     0.0000	 -0.0049582	   0.026323	  0.0045238	
13	16	 3.6623e-14	 2.3005e-13	     153.85	    0.45440	-9.7531e+92	-9.7531e+92	 0.00020933	 0.00015002	     0.0000	 4.7766e-10	 0.00013699	-7.3625e-10	
13	17	 7.9280e-14	 4.9799e-13	     287.27	   0.043413	-9.7531e+92	-9.7531e+92	 0.00052948	 0.00015435	     0.0000	-0.00019351	 0.00011525	 0.00011709	
13	18	    0.14945	    0.93878	     87.611	     1.8878	-9.7531e+92	-9.7531e+92	    0.39919	    0.26300	     0.0000	  0.0030370	    0.42136	 -0.0056767	
13	19	 5.5266e-07	 3.4715e-06	     184.51	    0.23831	-9.7531e+92	-9.7531e+92	 0.00042616	 0.00014896	     0.0000	-4.7533e-05	 0.00015632	 5.8398e-05	
13	20	 9.7868e-06	 6.1474e-05	     165.04	    0.35635	-9.7531e+92	-9.7531e+92	 0.00058881	 0.00016287	     0.0000	-4.3363e-05	 0.00021148	 5.5015e-05	
13	21	   0.071950	    0.45194	     76.619	     2.2311	-9.7531e+92	-9.7531e+92	    0.27725	    0.10157	     0.0000	     0.0000	    0.29761	     0.0000	
13	22	 5.6120e-15	 3.5251e-14	     260.15	   0.064098	-9.7531e+92	-9.7531e+92	 0.00056173	 0.00015219	     0.0000	-0.00019187	 0.00013511	 0.00012882	
13	23	  0.0016369	   0.010282	     113.01	     1.1402	-9.7531e+92	-9.7531e+92	   0.091426	  0.0029788	     0.0000	-2.3710e-06	  0.0068852	  0.0072157	
13	24	 5.9800e-05	 0.00037563	     142.21	    0.58941	-9.7531e+92	-9.7531e+92	  0.0010985	 0.00026183	     0.0000	-1.6823e-06	 0.00034065	 6.8964e-05	
14	0	    0.16494	    0.89654	     114.85	     1.0949	-9.7531e+92	-9.7531e+92	    0.35106	    0.30780	     0.0000	     0.0000	     1.1107	     0.0000	
14	1	    0.20454	     1.1118	     88.839	     1.8485	-9.7531e+92	-9.7531e+92	    0.37442	    0.35635	     0.0000	     0.0000	     1.0385	     0.0000	
14	2	   0.070527	    0.38334	     97.273	     1.5829	-9.7531e+92	-9.7531e+92	    0.16744	    0.13133	     0.0000	     0.0000	    0.41793	     0.0000	
14	3	  0.0013442	  0.0073060	     161.01	    0.38854	-9.7531e+92	-9.7531e+92	   0.038881	  0.0028838	     0.0000	     0.0000	  0.0093440	     0.0000	
14	4	 0.00037593	  0.0020433	     184.55	    0.23808	-9.7531e+92	-9.7531e+92	   0.083085	 0.00093533	     0.0000	     0.0000	  0.0030270	     0.0000	
14	5	   0.011366	   0.061780	     108.09	     1.2686	-9.7531e+92	-9.7531e+92	   0.040597	   0.025368	     0.0000	     0.0000	   0.078266	     0.0000	
14	6	   0.057543	    0.31277	     41.508	     2.9135	-9.7531e+92	-9.7531e+92	    0.18014	    0.13049	     0.0000	     0.0000	    0.38638	     0.0000	
14	7	   0.047338	    0.25730	     65.464	     2.5345	-9.7531e+92	-9.7531e+92	    0.12666	   0.094345	     0.0000	     0.0000	    0.34184	     0.0000	
14	8	 6.0746e-05	 0.00033018	     146.54	    0.53466	-9.7531e+92	-9.7531e+92	 0.00099831	 0.00027694	     0.0000	     0.0000	 0.00096767	     0.0000	
14	9	   0.021067	    0.11451	     38.749	     2.9339	-9.7531e+92	-9.7531e+92	   0.071221	   0.044353	     0.0000	     0.0000	    0.14953	     0.0000	
14	10	 1.2614e-14	 6.8564e-14	     190.48	    0.21181	-9.7531e+92	-9.7531e+92	 0.00018951	 0.00016236	     0.0000	     0.0000	 0.00043133	     0.0000	
14	11	 1.2790e-07	 6.9519e-07	     157.91	    0.41563	-9.7531e+92	-9.7531e+92	 0.00029205	 0.00015745	     0.0000	     0.0000	 0.00044791	     0.0000	
14	12	 1.1002e-14	 5.9803e-14	     188.63	    0.21964	-9.7531e+92	-9.7531e+92	 0.00019972	 0.00016132	     0.0000	     0.0000	 0.00043522	     0.0000	
14	13	   0.077954	    0.42371	     32.765	     2.9658	-9.7531e+92	-9.7531e+92	    0.26454	    0.14400	     0.0000	     0.0000	    0.49880	     0.0000	
14	14	     0.0000	     0.0000	     0.0000	     3.0000	-9.7531e+92	-9.7531e+92	     2.8978	     0.0000	     2.2395	     0.0000	     0.0000	     0.0000	
14	15	    0.21951	     1.1931	     78.991	     2.1593	-9.7531e+92	-9.7531e+92	    0.34095	    0.46961	    0.12720	     0.0000	     1.5103	     0.0000	
14	16	 9.5861e-15	 5.2104e-14	     121.20	    0.94999	-9.7531e+92	-9.7531e+92	 0.00018114	 0.00016865	     0.0000	     0.0000	 0.00038355	     0.0000	
14	17	 3.9786e-14	 2.1625e-13	     254.84	   0.069479	-9.7531e+92	-9.7531e+92	  0.0013617	 0.00016568	     0.0000	     0.0000	 0.00039697	     0.0000	
14	18	    0.11720	    0.63703	     78.249	     2.1820	-9.7531e+92	-9.7531e+92	    0.29282	    0.22714	     0.0000	     0.0000	    0.75999	     0.0000	
14	19	 3.0205e-06	 1.6418e-05	     166.55	    0.34505	-9.7531e+92	-9.7531e+92	 0.00067913	 0.00016845	     0.0000	     0.0000	 0.00044910	     0.0000	
14	20	 2.6848e-05	 0.00014593	     147.73	    0.52061	-9.7531e+92	-9.7531e+92	 0.00066014	 0.00022147	     0.0000	     0.0000	 0.00062786	     0.0000	
14	21	  0.0058692	   0.031901	     101.18	     1.4647	-9.7531e+92	-9.7531e+92	    0.13236	   0.012212	     0.0000	     0.0000	   0.040876	     0.0000	
14	22	 3.1978e-14	 1.7381e-13	     227.39	    0.10817	-9.7531e+92	-9.7531e+92	  0.0014845	 0.00016482	     0.0000	     0.0000	 0.00040889	     0.0000	
14	23	 0.00032887	  0.0017876	     114.84	     1.0952	-9.7531e+92	-9.7531e+92	   0.066004	 0.00086078	     0.0000	     0.0000	  0.0026754	     0.0000	
14	24	 1.2257e-06	 6.6621e-06	     150.00	    0.49487	-9.7531e+92	-9.7531e+92	 0.00083942	 0.00016011	     0.0000	     0.0000	 0.00043245	     0.0000	
15	0	  0.0021479	  0.0029526	     189.51	    0.21584	-9.7531e+92	-9.7531e+92	   0.022268	  0.0022683	     0.0000	 -0.0044852	   0.017702	   -0.44621	
15	1	  0.0075695	   0.010405	     167.83	    0.33581	-9.7531e+92	-9.7531e+92	   0.024923	  0.0076809	     0.0000	     0.0000	   0.058831	   -0.33968	
15	2	    0.22016	    0.30263	     21.827	     2.9932	-9.7531e+92	-9.7531e+92	    0.11337	    0.16594	   0.063328	    0.15728	     1.1990	    0.57013	
15	3	    0.11270	    0.15492	     84.108	     1.9994	-9.7531e+92	-9.7531e+92	   0.058466	   0.077986	   0.039933	    0.14537	    0.51319	    0.24528	
15	4	    0.37185	    0.51116	     106.18	     1.3210	-9.7531e+92	-9.7531e+92	    0.15095	    0.32723	    0.11672	     1.0000	     2.3685	     1.2664	
15	5	  0.0033258	  0.0045717	     104.94	     1.3557	-9.7531e+92	-9.7531e+92	   0.025834	  0.0036618	  0.0020677	 -0.0013822	   0.022308	  -0.049556	
15	6	  0.0046716	  0.0064216	     96.746	     1.5991	-9.7531e+92	-9.7531e+92	   0.018068	  0.0052644	     0.0000	   -0.15599	   0.030162	   -0.24394	
15	7	  0.0012221	  0.0016799	     131.62	    0.74982	-9.7531e+92	-9.7531e+92	   0.012313	  0.0013750	     0.0000	     0.0000	  0.0083595	   -0.18644	
15	8	 4.2016e-06	 5.7757e-06	     159.01	    0.40580	-9.7531e+92	-9.7531e+92	 0.00028086	 7.8935e-05	     0.0000	-0.00086426	 0.00045139	 -0.0021764	
15	9	   0.011688	   0.016066	     117.55	     1.0311	-9.7531e+92	-9.7531e+92	   0.010334	   0.012813	     0.0000	     0.0000	   0.075148	  -0.072503	
15	10	 6.4562e-15	 8.8749e-15	     197.67	    0.18443	-9.7531e+92	-9.7531e+92	 4.8587e-05	 7.7067e-05	     0.0000	-2.6389e-05	 0.00041009	-2.7593e-05	
15	11	 8.4493e-15	 1.1615e-14	     182.32	    0.24896	-9.7531e+92	-9.7531e+92	 6.6866e-05	 7.6550e-05	     0.0000	-0.00011814	 0.00041065	-0.00035100	
15	12	 3.5289e-08	 4.8509e-08	     166.81	    0.34315	-9.7531e+92	-9.7531e+92	 5.5905e-05	 7.6543e-05	     0.0000	-5.2446e-05	 0.00041308	-6.0775e-05	
15	13	   0.094097	    0.12935	     111.52	     1.1779	-9.7531e+92	-9.7531e+92	   0.062771	   0.093610	     0.0000	 -0.0070902	    0.70676	   -0.14637	
15	14	    0.11827	    0.16258	     78.991	     2.1593	-9.7531e+92	-9.7531e+92	   0.083605	   0.080532	     0.0000	     0.0000	    0.37111	 -0.0058834	
15	15	     0.0000	     0.0000	     0.0000	     3.0000	-9.7531e+92	-9.7531e+92	    0.71827	     0.0000	    0.66421	     0.0000	     0.0000	     0.0000	
15	16	 4.0315e-15	 5.5417e-15	     65.362	     2.5370	-9.7531e+92	-9.7531e+92	 4.5810e-05	 7.5090e-05	     0.0000	 1.0303e-08	 0.00044097	 1.5394e-08	
15	17	 3.9275e-08	 5.3989e-08	     175.81	    0.28425	-9.7531e+92	-9.7531e+92	  0.0021446	 6.7572e-05	  0.0010539	 -0.0035491	 0.00046626	 -0.0025400	
15	18	   0.051987	   0.071462	     116.73	     1.0502	-9.7531e+92	-9.7531e+92	   0.044454	   0.053383	     0.0000	  -0.079479	    0.36066	   -0.19791	
15	19	 0.00016930	 0.00023273	     131.26	    0.75593	-9.7531e+92	-9.7531e+92	 0.00069694	 0.00025941	 0.00010041	-0.00052855	  0.0015350	-0.00069555	
15	20	 6.8309e-05	 9.3899e-05	     124.66	    0.87845	-9.7531e+92	-9.7531e+92	 0.00041078	 0.00015266	     0.0000	-0.00077744	 0.00085304	 -0.0010095	
15	21	 2.6499e-05	 3.6426e-05	     175.65	    0.28523	-9.7531e+92	-9.7531e+92	   0.012584	 9.9028e-05	     0.0000	  -0.022676	 0.00059915	   -0.33123	
15	22	 8.5303e-07	 1.1726e-06	     163.21	    0.37056	-9.7531e+92	-9.7531e+92	  0.0023886	 7.0734e-05	  0.0011863	 -0.0037932	 0.00045809	 -0.0028301	
15	23	 4.5091e-05	 6.1984e-05	     149.47	    0.50076	-9.7531e+92	-9.7531e+92	   0.010018	 0.00012206	     0.0000	-5.2926e-05	 0.00069571	   -0.16554	
15	24	 5.3574e-15	 7.3645e-15	     189.75	    0.21485	-9.7531e+92	-9.7531e+92	 0.00010876	 7.6925e-05	     0.0000	-4.1334e-05	 0.00040749	 -0.0017105	
16	0	  0.0090606	     0.0000	     217.18	    0.12904	-9.7531e+92	-9.7531e+92	     0.0000	 1.1637e-05	     0.0000	     0.0000	-2.1805e-13	     0.0000	
16	1	   0.036617	     0.0000	     207.46	    0.15366	-9.7531e+92	-9.7531e+92	     0.0000	 4.6926e-05	     0.0000	     0.0000	-3.0188e-13	     0.0000	
16	2	   0.087642	     0.0000	     68.097	     2.4691	-9.7531e+92	-9.7531e+92	     0.0000	 0.00012227	     0.0000	     0.0000	-2.2593e-12	     0.0000	
16	3	   0.022213	     0.0000	     111.94	     1.1671	-9.7531e+92	-9.7531e+92	     0.0000	 3.1491e-05	     0.0000	     0.0000	-4.1812e-13	     0.0000	
16	4	   0.018271	     0.0000	     75.439	     2.2661	-9.7531e+92	-9.7531e+92	     0.0000	 2.6326e-05	     0.0000	     0.0000	-3.7703e-13	     0.0000	
16	5	   0.016595	     0.0000	     71.546	     2.3771	-9.7531e+92	-9.7531e+92	     0.0000	 2.5104e-05	     0.0000	     0.0000	-3.2458e-13	     0.0000	
16	6	   0.011007	     0.0000	     111.89	     1.1685	-9.7531e+92	-9.7531e+92	     0.0000	 1.6579e-05	     0.0000	     0.0000	-2.3480e-13	     0.0000	
16	7	   0.039180	     0.0000	     137.28	    0.65913	-9.7531e+92	-9.7531e+92	     0.0000	 5.7484e-05	     0.0000	     0.0000	-8.0294e-13	     0.0000	
16	8	  0.0048754	     0.0000	     112.87	     1.1438	-9.7531e+92	-9.7531e+92	     0.0000	 7.6996e-06	     0.0000	     0.0000	-1.0965e-13	     0.0000	
16	9	    0.11732	     0.0000	     159.83	    0.39862	-9.7531e+92	-9.7531e+92	     0.0000	 0.00017344	     0.0000	     0.0000	-2.4921e-12	     0.0000	
16	10	   0.040105	     0.0000	     147.94	    0.51817	-9.7531e+92	-9.7531e+92	     0.0000	 6.4083e-05	     0.0000	     0.0000	-9.1975e-13	     0.0000	
16	11	    0.12646	     0.0000	     142.85	    0.58099	-9.7531e+92	-9.7531e+92	     0.0000	 0.00019866	     0.0000	     0.0000	-2.6376e-12	     0.0000	
16	12	   0.020410	     0.0000	     115.95	     1.0685	-9.7531e+92	-9.7531e+92	     0.0000	 3.2603e-05	     0.0000	     0.0000	-4.6213e-13	     0.0000	
16	13	   0.010776	     0.0000	     153.85	    0.45440	-9.7531e+92	-9.7531e+92	     0.0000	 1.3924e-05	     0.0000	     0.0000	-1.0359e-13	     0.0000	
16	14	   0.013806	     0.0000	     121.20	    0.94999	-9.7531e+92	-9.7531e+92	     0.0000	 1.8062e-05	     0.0000	     0.0000	-1.7133e-13	     0.0000	
16	15	   0.038702	     0.0000	     65.362	     2.5370	-9.7531e+92	-9.7531e+92	     0.0000	 5.6847e-05	     0.0000	     0.0000	-7.4091e-13	     0.0000	
16	16	     0.0000	     0.0000	     0.0000	     3.0000	-9.7531e+92	-9.7531e+92	     0.0000	     0.0000	     0.0000	     0.0000	     0.0000	     0.0000	
16	17	   0.023686	     0.0000	     148.25	    0.51453	-9.7531e+92	-9.7531e+92	     0.0000	 3.7470e-05	     0.0000	     0.0000	 2.0246e-13	     0.0000	
16	18	   0.048641	     0.0000	     110.59	     1.2021	-9.7531e+92	-9.7531e+92	     0.0000	 6.6658e-05	     0.0000	     0.0000	-7.9644e-13	     0.0000	
16	19	  0.0034696	     0.0000	     73.024	     2.3358	-9.7531e+92	-9.7531e+92	     0.0000	 5.5778e-06	     0.0000	     0.0000	-5.9520e-14	     0.0000	
16	20	   0.061039	     0.0000	     74.477	     2.2942	-9.7531e+92	-9.7531e+92	     0.0000	 9.6213e-05	     0.0000	     0.0000	-1.2567e-12	     0.0000	
16	21	    0.10822	     0.0000	     180.81	    0.25669	-9.7531e+92	-9.7531e+92	     0.0000	 0.00015368	     0.0000	     0.0000	-2.2425e-12	     0.0000	
16	22	   0.066407	     0.0000	     106.73	     1.3057	-9.7531e+92	-9.7531e+92	     0.0000	 0.00010483	     0.0000	     0.0000	-6.8235e-13	     0.0000	
16	23	   0.010852	     0.0000	     136.77	    0.66684	-9.7531e+92	-9.7531e+92	     0.0000	 1.6053e-05	     0.0000	     0.0000	-2.4144e-13	     0.0000	
16	24	   0.044203	     0.0000	     177.80	    0.27291	-9.7531e+92	-9.7531e+92	     0.0000	 6.8257e-05	     0.0000	     0.0000	-9.8935e-13	     0.0000	
17	0	 3.1848e-05	 1.3011e-05	     353.56	   0.019078	-9.7531e+92	-9.7531e+92	  0.0034679	 3.6523e-06	     0.0000	-0.00040346	-2.3014e-05	   0.026527	
17	1	 0.00018342	 7.4936e-05	     342.57	   0.021626	-9.7531e+92	-9.7531e+92	  0.0045950	 9.3184e-06	     0.0000	     0.0000	-5.9683e-05	   0.021864	
17	2	    0.12604	   0.051495	     160.64	    0.39167	-9.7531e+92	-9.7531e+92	   0.029729	  0.0040242	   0.014855	  0.0095936	  -0.044023	  -0.027571	
17	3	    0.32002	    0.13074	     122.41	    0.92444	-9.7531e+92	-9.7531e+92	   0.039626	  0.0079106	   0.034118	   0.046089	   -0.13483	   -0.11466	
17	4	    0.47025	    0.19212	     73.525	     2.3215	-9.7531e+92	-9.7531e+92	   0.059477	  0.0092963	   0.049302	   0.047191	   -0.19891	   -0.17355	
17	5	 0.00018592	 7.5960e-05	     219.60	    0.12368	-9.7531e+92	-9.7531e+92	  0.0093049	 9.8353e-06	  0.0022414	-0.00014955	-9.4177e-05	  0.0058504	
17	6	 3.0755e-14	 1.2565e-14	     251.72	   0.072906	-9.7531e+92	-9.7531e+92	  0.0032060	 2.5833e-06	     0.0000	  -0.014708	-2.5202e-05	   0.025342	
17	7	 5.8434e-12	 2.3873e-12	     281.54	   0.047004	-9.7531e+92	-9.7531e+92	  0.0019271	 2.5743e-06	     0.0000	     0.0000	-2.4953e-05	   0.018362	
17	8	 7.8022e-15	 3.1876e-15	     258.50	   0.065716	-9.7531e+92	-9.7531e+92	 8.8916e-05	 2.6511e-06	     0.0000	-7.6821e-05	-2.6075e-05	 0.00022247	
17	9	 7.6048e-12	 3.1069e-12	     293.28	   0.040011	-9.7531e+92	-9.7531e+92	  0.0010008	 2.5986e-06	     0.0000	     0.0000	-2.5417e-05	   0.011199	
17	10	 1.4623e-12	 5.9741e-13	     270.72	   0.054831	-9.7531e+92	-9.7531e+92	 1.4823e-05	 2.6656e-06	     0.0000	-2.3298e-06	-2.6622e-05	 2.8729e-06	
17	11	 4.6333e-12	 1.8929e-12	     290.18	   0.041722	-9.7531e+92	-9.7531e+92	 1.8178e-05	 2.6665e-06	     0.0000	-1.0431e-05	-2.6585e-05	 3.6408e-05	
17	12	 1.5970e-12	 6.5246e-13	     225.22	    0.11223	-9.7531e+92	-9.7531e+92	 1.9267e-05	 2.6467e-06	     0.0000	-4.6398e-06	-2.6434e-05	 6.3359e-06	
17	13	  0.0019128	 0.00078146	     287.27	   0.043413	-9.7531e+92	-9.7531e+92	  0.0081384	 7.2522e-05	     0.0000	 -0.0021759	-0.00049648	   0.031616	
17	14	  0.0075677	  0.0030918	     254.84	   0.069479	-9.7531e+92	-9.7531e+92	   0.013275	 0.00026882	     0.0000	 -0.0049087	 -0.0021767	   0.029685	
17	15	   0.011394	  0.0046552	     175.81	    0.28425	-9.7531e+92	-9.7531e+92	   0.011568	 0.00035610	     0.0000	 -0.0053306	 -0.0039777	  0.0091776	
17	16	 2.6412e-12	 1.0790e-12	     148.25	    0.51453	-9.7531e+92	-9.7531e+92	 1.3615e-05	 2.5680e-06	     0.0000	 8.4626e-10	-5.6452e-06	-3.6788e-10	
17	17	     0.0000	     0.0000	     0.0000	     3.0000	-9.7531e+92	-9.7531e+92	    0.20521	     0.0000	    0.20489	     0.0000	     0.0000	     0.0000	
17	18	 0.00083518	 0.00034121	     258.46	   0.065759	-9.7531e+92	-9.7531e+92	  0.0062562	 3.3245e-05	     0.0000	  -0.013735	-0.00029358	   0.031829	
17	19	 3.1424e-05	 1.2838e-05	     187.53	    0.22442	-9.7531e+92	-9.7531e+92	 0.00054977	 3.7090e-06	 0.00037248	-7.7296e-05	-3.6772e-05	 0.00012040	
17	20	 7.4729e-12	 3.0531e-12	     207.02	    0.15490	-9.7531e+92	-9.7531e+92	 0.00022406	 2.6346e-06	 5.1450e-05	-8.4911e-05	-2.5990e-05	 0.00012737	
17	21	 1.0304e-11	 4.2097e-12	     326.31	   0.026229	-9.7531e+92	-9.7531e+92	  0.0020904	 2.5238e-06	     0.0000	 -0.0020026	-2.5045e-05	   0.032008	
17	22	   0.061548	   0.025145	     106.10	     1.3231	-9.7531e+92	-9.7531e+92	  0.0072169	  0.0018556	  0.0068595	   0.015532	  -0.010452	 -0.0097771	
17	23	 9.0631e-12	 3.7027e-12	     284.58	   0.045056	-9.7531e+92	-9.7531e+92	  0.0014639	 2.5609e-06	     0.0000	-4.6772e-06	-2.6149e-05	   0.016842	
17	24	 6.9715e-12	 2.8482e-12	     325.25	   0.026569	-9.7531e+92	-9.7531e+92	 2.3588e-05	 2.6679e-06	     0.0000	-3.6493e-06	-2.6494e-05	 0.00017649	
18	0	    0.12926	    0.42181	     116.29	     1.0606	-9.7531e+92	-9.7531e+92	    0.21420	    0.20536	     0.0000	 1.4419e-05	    -1.0748	  -0.010544	
18	1	   0.048587	    0.15855	     111.77	     1.1715	-9.7531e+92	-9.7531e+92	    0.12216	   0.077821	     0.0000	     0.0000	   -0.39736	   0.031659	
18	2	  0.0053859	   0.017576	     137.27	    0.65930	-9.7531e+92	-9.7531e+92	   0.024216	   0.011004	     0.0000	 -0.0013975	  -0.039724	   0.024326	
18	3	 6.9764e-05	 0.00022766	     199.21	    0.17912	-9.7531e+92	-9.7531e+92	  0.0045493	 0.00029399	     0.0000	 -0.0011366	-0.00088540	   0.010348	
18	4	 0.00028162	 0.00091900	     186.18	    0.23049	-9.7531e+92	-9.7531e+92	  0.0087927	 0.00071514	     0.0000	 -0.0020086	 -0.0027268	   0.019659	
18	5	   0.050109	    0.16352	     53.346	     2.7752	-9.7531e+92	-9.7531e+92	   0.051268	   0.093833	     0.0000	 7.8124e-05	   -0.40246	  -0.027163	
18	6	   0.038255	    0.12484	     36.723	     2.9464	-9.7531e+92	-9.7531e+92	   0.092277	   0.080033	     0.0000	 -0.0019302	   -0.33387	   0.029148	
18	7	   0.023801	   0.077668	     38.248	     2.9371	-9.7531e+92	-9.7531e+92	   0.066125	   0.045016	     0.0000	     0.0000	   -0.19699	   0.024628	
18	8	  0.0023311	  0.0076070	     75.421	     2.2666	-9.7531e+92	-9.7531e+92	  0.0028228	  0.0045071	 0.00057047	 5.7205e-05	  -0.017602	 -0.0014355	
18	9	 0.00072529	  0.0023668	     96.665	     1.6016	-9.7531e+92	-9.7531e+92	   0.025562	  0.0014673	     0.0000	     0.0000	 -0.0063938	   0.026180	
18	10	 3.0152e-06	 9.8393e-06	     118.82	     1.0023	-9.7531e+92	-9.7531e+92	 0.00012391	 0.00013582	     0.0000	-3.7239e-07	-0.00049870	 4.1618e-06	
18	11	 0.00040891	  0.0013344	     81.269	     2.0888	-9.7531e+92	-9.7531e+92	 0.00061446	 0.00088241	 6.9019e-05	 8.6319e-06	 -0.0032416	-0.00026116	
18	12	 5.6518e-06	 1.8443e-05	     120.73	    0.96010	-9.7531e+92	-9.7531e+92	 0.00013324	 0.00012826	     0.0000	-7.2225e-08	-0.00041743	 7.2058e-07	
18	13	   0.094822	    0.30943	     87.611	     1.8878	-9.7531e+92	-9.7531e+92	    0.19538	    0.15172	     0.0000	-0.00016822	   -0.79185	   0.026268	
18	14	    0.16571	    0.54075	     78.249	     2.1820	-9.7531e+92	-9.7531e+92	    0.22368	    0.28343	     0.0000	 0.00054705	    -1.2471	  -0.032808	
18	15	 0.00074335	  0.0024258	     116.73	     1.0502	-9.7531e+92	-9.7531e+92	   0.029873	  0.0017029	     0.0000	 -0.0033113	 -0.0070269	   0.031859	
18	16	 6.3747e-14	 2.0802e-13	     110.59	     1.2021	-9.7531e+92	-9.7531e+92	 0.00010875	 0.00014820	     0.0000	 2.3530e-10	-0.00061131	-3.8079e-09	
18	17	 1.4368e-13	 4.6887e-13	     258.46	   0.065759	-9.7531e+92	-9.7531e+92	 0.00023701	 0.00015770	     0.0000	-0.00010099	-0.00066865	 0.00061636	
18	18	     0.0000	     0.0000	     0.0000	     3.0000	-9.7531e+92	-9.7531e+92	     1.7471	     0.0000	     1.4034	     0.0000	     0.0000	     0.0000	
18	19	 7.1982e-05	 0.00023490	     118.15	     1.0174	-9.7531e+92	-9.7531e+92	 0.00040781	 0.00027263	     0.0000	-1.9720e-05	 -0.0010421	 0.00024948	
18	20	 0.00060689	  0.0019804	     90.275	     1.8027	-9.7531e+92	-9.7531e+92	 0.00098030	  0.0013092	     0.0000	 1.6247e-05	 -0.0050721	-0.00021099	
18	21	  0.0077188	   0.025188	     79.511	     2.1434	-9.7531e+92	-9.7531e+92	   0.073759	   0.015069	     0.0000	-0.00050337	  -0.067163	   0.070713	
18	22	 1.7489e-14	 5.7072e-14	     205.13	    0.16037	-9.7531e+92	-9.7531e+92	 0.00025432	 0.00015215	     0.0000	-0.00010009	-0.00062691	 0.00068259	
18	23	    0.43015	     1.4037	     36.898	     2.9454	-9.7531e+92	-9.7531e+92	    0.37690	    0.75821	    0.22276	 1.0388e-05	    -3.2181	   -0.32222	
18	24	 0.00095564	  0.0031185	     74.739	     2.2865	-9.7531e+92	-9.7531e+92	  0.0014484	  0.0018059	     0.0000	 4.9263e-07	 -0.0067488	-0.00036569	
19	0	  0.0024254	  0.0013981	     234.49	   0.096052	-9.7531e+92	-9.7531e+92	   0.011655	 9.6604e-05	     0.0000	-0.00048042	 -0.0053527	    0.23255	
19	1	  0.0014073	 0.00081123	     226.57	    0.10968	-9.7531e+92	-9.7531e+92	   0.011574	 5.7663e-05	     0.0000	     0.0000	 -0.0031822	    0.19166	
19	2	    0.19857	    0.11446	     139.30	    0.62950	-9.7531e+92	-9.7531e+92	   0.036835	  0.0074769	   0.015849	   0.030868	   -0.47895	   -0.37543	
19	3	  0.0057358	  0.0033063	     184.07	    0.24039	-9.7531e+92	-9.7531e+92	  0.0056538	 0.00021890	     0.0000	 -0.0027657	  -0.013823	   0.017592	
19	4	    0.11416	   0.065804	     119.82	    0.98008	-9.7531e+92	-9.7531e+92	   0.022552	  0.0038891	  0.0081957	   0.026928	   -0.28257	   -0.21236	
19	5	    0.24759	    0.14272	     64.874	     2.5486	-9.7531e+92	-9.7531e+92	   0.043915	  0.0096013	   0.033949	  0.0015708	   -0.62139	   -0.55722	
19	6	  0.0059223	  0.0034138	     133.74	    0.71443	-9.7531e+92	-9.7531e+92	  0.0088079	 0.00024214	     0.0000	  -0.016445	  -0.015267	    0.16544	
19	7	 0.00029719	 0.00017131	     154.38	    0.44913	-9.7531e+92	-9.7531e+92	  0.0061350	 1.4702e-05	     0.0000	     0.0000	-0.00092424	    0.13021	
19	8	   0.022638	   0.013049	     80.536	     2.1117	-9.7531e+92	-9.7531e+92	  0.0038522	 0.00092114	  0.0034544	  0.0030445	  -0.058007	  -0.054322	
19	9	 3.8833e-06	 2.2385e-06	     193.08	    0.20137	-9.7531e+92	-9.7531e+92	  0.0023051	 2.8804e-06	     0.0000	     0.0000	-0.00018081	   0.079176	
19	10	  0.0020365	  0.0011739	     85.643	     1.9506	-9.7531e+92	-9.7531e+92	 0.00032494	 7.9534e-05	 0.00028195	 0.00059957	 -0.0047725	 -0.0044290	
19	11	 0.00012290	 7.0841e-05	     108.78	     1.2499	-9.7531e+92	-9.7531e+92	 8.9270e-05	 7.8513e-06	     0.0000	 2.7164e-06	-0.00049235	-5.5730e-05	
19	12	  0.0075093	  0.0043286	     44.530	     2.8865	-9.7531e+92	-9.7531e+92	  0.0011365	 0.00024558	  0.0010881	  0.0015220	  -0.012841	  -0.012055	
19	13	   0.020872	   0.012031	     184.51	    0.23831	-9.7531e+92	-9.7531e+92	   0.019984	 0.00080610	     0.0000	 -0.0022587	  -0.045895	    0.23399	
19	14	   0.050028	   0.028838	     166.55	    0.34505	-9.7531e+92	-9.7531e+92	   0.025834	  0.0019100	     0.0000	 -0.0038770	   -0.11301	    0.15483	
19	15	  0.0077907	  0.0044908	     131.26	    0.75593	-9.7531e+92	-9.7531e+92	  0.0091738	 0.00029700	     0.0000	  -0.011196	  -0.019876	   0.076931	
19	16	 4.1317e-13	 2.3816e-13	     73.024	     2.3358	-9.7531e+92	-9.7531e+92	 1.9210e-05	 2.7105e-06	     0.0000	 9.7633e-10	-0.00016788	-1.0816e-08	
19	17	 5.8191e-15	 3.3543e-15	     187.53	    0.22442	-9.7531e+92	-9.7531e+92	 0.00033457	 2.5806e-06	     0.0000	-0.00040523	-0.00017051	  0.0017963	
19	18	    0.23277	    0.13418	     118.15	     1.0174	-9.7531e+92	-9.7531e+92	   0.048412	  0.0089384	     0.0000	   0.020342	   -0.56018	   -0.29505	
19	19	     0.0000	     0.0000	     0.0000	     3.0000	-9.7531e+92	-9.7531e+92	    0.28869	     0.0000	    0.28844	     0.0000	     0.0000	     0.0000	
19	20	   0.069216	   0.039898	     28.400	     2.9806	-9.7531e+92	-9.7531e+92	   0.010266	  0.0025626	   0.010022	   0.016127	   -0.16457	   -0.15758	
19	21	 2.0142e-05	 1.1611e-05	     197.71	    0.18427	-9.7531e+92	-9.7531e+92	  0.0058853	 3.4400e-06	     0.0000	 -0.0024351	-0.00022103	    0.22786	
19	22	  0.0092226	  0.0053162	     93.933	     1.6868	-9.7531e+92	-9.7531e+92	  0.0016994	 0.00023022	  0.0011953	  0.0021543	  -0.015588	  -0.013388	
19	23	  0.0016594	 0.00095651	     121.29	    0.94810	-9.7531e+92	-9.7531e+92	   0.011169	 6.9137e-05	     0.0000	-5.4888e-06	 -0.0044673	    0.11346	
19	24	 2.9940e-06	 1.7258e-06	     150.08	    0.49393	-9.7531e+92	-9.7531e+92	 7.3660e-05	 2.9060e-06	     0.0000	-4.3831e-06	-0.00018150	  0.0012178	
20	0	  0.0034861	  0.0020913	     206.61	    0.15606	-9.7531e+92	-9.7531e+92	   0.014741	 0.00013565	     0.0000	-0.00046714	  -0.010681	    0.32462	
20	1	   0.012270	  0.0073607	     199.20	    0.17914	-9.7531e+92	-9.7531e+92	   0.017037	 0.00047568	     0.0000	     0.0000	  -0.037254	    0.23806	
20	2	   0.034633	   0.020776	     139.77	    0.62284	-9.7531e+92	-9.7531e+92	   0.011855	  0.0013156	     0.0000	-0.00034044	   -0.11572	  0.0057219	
20	3	  0.0016127	 0.00096746	     185.64	    0.23299	-9.7531e+92	-9.7531e+92	  0.0020668	 6.4555e-05	     0.0000	 -0.0042952	 -0.0055311	   0.037783	
20	4	   0.016967	   0.010178	     135.08	    0.69295	-9.7531e+92	-9.7531e+92	  0.0055100	 0.00061840	     0.0000	 -0.0026009	  -0.057956	   0.026123	
20	5	    0.48306	    0.28978	     39.691	     2.9273	-9.7531e+92	-9.7531e+92	   0.076197	   0.018754	   0.065825	  0.0030026	    -1.6816	    -1.5763	
20	6	   0.012570	  0.0075403	     111.59	     1.1762	-9.7531e+92	-9.7531e+92	   0.011365	 0.00050515	     0.0000	  -0.014554	  -0.044425	    0.20757	
20	7	  0.0011135	 0.00066797	     126.68	    0.83907	-9.7531e+92	-9.7531e+92	  0.0089489	 4.7041e-05	     0.0000	     0.0000	 -0.0041340	    0.17850	
20	8	   0.029622	   0.017770	     51.987	     2.7958	-9.7531e+92	-9.7531e+92	  0.0050411	  0.0010976	  0.0046271	  0.0033629	   -0.10033	  -0.095261	
20	9	 1.2934e-06	 7.7587e-07	     174.09	    0.29453	-9.7531e+92	-9.7531e+92	  0.0031086	 2.7410e-06	     0.0000	     0.0000	-0.00024016	    0.11017	
20	10	 0.00080010	 0.00047996	     74.457	     2.2947	-9.7531e+92	-9.7531e+92	 0.00014906	 2.9308e-05	 0.00010433	 0.00018749	 -0.0025096	 -0.0022196	
20	11	 0.00021704	 0.00013020	     83.734	     2.0113	-9.7531e+92	-9.7531e+92	 0.00010854	 1.1393e-05	 8.2733e-06	 1.2983e-05	-0.00099865	-0.00039866	
20	12	  0.0034448	  0.0020665	     45.010	     2.8817	-9.7531e+92	-9.7531e+92	 0.00057070	 0.00011211	 0.00052024	 0.00063651	 -0.0095764	 -0.0090273	
20	13	   0.061843	   0.037099	     165.04	    0.35635	-9.7531e+92	-9.7531e+92	   0.029336	  0.0023486	     0.0000	 -0.0013949	   -0.18958	    0.20712	
20	14	   0.094342	   0.056594	     147.73	    0.52061	-9.7531e+92	-9.7531e+92	   0.032011	  0.0035721	     0.0000	 -0.0014421	   -0.29644	   0.082136	
20	15	  0.0012296	 0.00073761	     124.66	    0.87845	-9.7531e+92	-9.7531e+92	  0.0063062	 4.9717e-05	     0.0000	  -0.013867	 -0.0045334	    0.12945	
20	16	 1.5414e-13	 9.2467e-14	     74.477	     2.2942	-9.7531e+92	-9.7531e+92	 1.9991e-05	 2.6324e-06	     0.0000	 8.5670e-10	-0.00018654	-1.2026e-08	
20	17	 1.0967e-13	 6.5790e-14	     207.02	    0.15490	-9.7531e+92	-9.7531e+92	 9.7080e-05	 2.6612e-06	     0.0000	-0.00042521	-0.00023828	  0.0025299	
20	18	    0.21051	    0.12628	     90.275	     1.8027	-9.7531e+92	-9.7531e+92	   0.050261	  0.0078919	     0.0000	   0.016474	   -0.70280	   -0.34022	
20	19	   0.022238	   0.013340	     28.400	     2.9806	-9.7531e+92	-9.7531e+92	  0.0036646	 0.00065662	  0.0034042	  0.0036553	  -0.065308	  -0.061980	
20	20	     0.0000	     0.0000	     0.0000	     3.0000	-9.7531e+92	-9.7531e+92	    0.30037	     0.0000	    0.30012	     0.0000	     0.0000	     0.0000	
20	21	 3.0647e-05	 1.8385e-05	     169.84	    0.32188	-9.7531e+92	-9.7531e+92	  0.0077847	 3.8106e-06	     0.0000	 -0.0023902	-0.00034176	    0.31715	
20	22	 8.7435e-05	 5.2451e-05	     116.48	     1.0560	-9.7531e+92	-9.7531e+92	 0.00013689	 5.4380e-06	     0.0000	-0.00031106	-0.00051010	  0.0023202	
20	23	  0.0099186	  0.0059500	     93.058	     1.7144	-9.7531e+92	-9.7531e+92	   0.013052	 0.00039375	     0.0000	-4.3410e-06	  -0.035542	    0.12917	
20	24	 1.1065e-05	 6.6375e-06	     121.85	    0.93617	-9.7531e+92	-9.7531e+92	 8.5017e-05	 3.1968e-06	     0.0000	-4.0230e-06	-0.00027867	  0.0016644	
21	0	    0.17844	    0.23097	     39.458	     2.9290	-9.7531e+92	-9.7531e+92	   0.095370	    0.17444	     0.0000	 1.6959e-05	    0.78714	  -0.099471	
21	1	    0.13736	    0.17780	     57.297	     2.7081	-9.7531e+92	-9.7531e+92	   0.075625	    0.14559	     0.0000	     0.0000	    0.76997	  -0.069191	
21	2	 0.00017429	 0.00022560	     197.19	    0.18609	-9.7531e+92	-9.7531e+92	  0.0085906	 0.00036354	     0.0000	  -0.027204	  0.0021564	   0.069835	
21	3	 3.7005e-06	 4.7899e-06	     259.71	   0.064522	-9.7531e+92	-9.7531e+92	  0.0016085	 0.00011333	     0.0000	  -0.019035	 0.00066282	   0.025232	
21	4	 1.4662e-07	 1.8979e-07	     253.96	   0.070430	-9.7531e+92	-9.7531e+92	  0.0030103	 0.00010688	     0.0000	  -0.033857	 0.00059057	   0.049740	
21	5	 0.00067110	 0.00086865	     132.91	    0.72808	-9.7531e+92	-9.7531e+92	  0.0032220	  0.0011299	     0.0000	-0.00066362	  0.0062155	   0.035349	
21	6	   0.020065	   0.025972	     78.899	     2.1621	-9.7531e+92	-9.7531e+92	   0.037166	   0.015935	     0.0000	     0.0000	    0.24147	     0.0000	
21	7	   0.017294	   0.022384	     44.967	     2.8822	-9.7531e+92	-9.7531e+92	   0.032982	   0.024162	     0.0000	     0.0000	    0.15090	   0.077357	
21	8	 2.8336e-05	 3.6677e-05	     132.38	    0.73687	-9.7531e+92	-9.7531e+92	 0.00016946	 0.00015441	     0.0000	-0.00033495	 0.00076688	  0.0013130	
21	9	   0.010497	   0.013588	     83.320	     2.0244	-9.7531e+92	-9.7531e+92	   0.020033	   0.015541	     0.0000	     0.0000	   0.088753	   0.046813	
21	10	 1.4964e-10	 1.9369e-10	     171.26	    0.31241	-9.7531e+92	-9.7531e+92	 4.4849e-05	 0.00011231	     0.0000	-1.0641e-05	 0.00051889	 1.7712e-05	
21	11	 2.7973e-05	 3.6207e-05	     128.65	    0.80225	-9.7531e+92	-9.7531e+92	 7.2651e-05	 0.00015255	     0.0000	-3.4402e-05	 0.00076658	 0.00016216	
21	12	 9.4879e-18	 1.2281e-17	     187.39	    0.22505	-9.7531e+92	-9.7531e+92	 4.5824e-05	 0.00011288	     0.0000	-2.1192e-05	 0.00051635	 3.9066e-05	
21	13	    0.47339	    0.61274	     76.619	     2.2311	-9.7531e+92	-9.7531e+92	    0.18429	    0.55394	   0.014501	   0.026268	     3.3772	   -0.55261	
21	14	    0.12463	    0.16132	     101.18	     1.4647	-9.7531e+92	-9.7531e+92	   0.078881	    0.16701	     0.0000	 0.00069441	     1.1244	 -0.0057700	
21	15	 4.8497e-05	 6.2774e-05	     175.65	    0.28523	-9.7531e+92	-9.7531e+92	   0.010711	 0.00018534	     0.0000	  -0.056177	 0.00094638	   0.083553	
21	16	 2.0346e-17	 2.6336e-17	     180.81	    0.25669	-9.7531e+92	-9.7531e+92	 4.3136e-05	 0.00010633	     0.0000	 4.1547e-09	 0.00060042	-1.0107e-08	
21	17	 2.2492e-17	 2.9114e-17	     326.31	   0.026229	-9.7531e+92	-9.7531e+92	 8.7335e-05	 0.00011622	     0.0000	 -0.0016831	 0.00050520	  0.0016220	
21	18	   0.033492	   0.043351	     79.511	     2.1434	-9.7531e+92	-9.7531e+92	   0.050115	   0.046940	     0.0000	  -0.043143	    0.29430	    0.13884	
21	19	 3.5843e-09	 4.6395e-09	     197.71	    0.18427	-9.7531e+92	-9.7531e+92	 7.3981e-05	 0.00011280	     0.0000	-0.00041405	 0.00052406	 0.00081330	
21	20	 1.6146e-06	 2.0900e-06	     169.84	    0.32188	-9.7531e+92	-9.7531e+92	 9.3149e-05	 0.00011347	     0.0000	-0.00038606	 0.00054410	 0.00078350	
21	21	     0.0000	     0.0000	     0.0000	     3.0000	-9.7531e+92	-9.7531e+92	    0.67900	     0.0000	    0.55851	     0.0000	     0.0000	     0.0000	
21	22	 3.7062e-18	 4.7973e-18	     284.69	   0.044983	-9.7531e+92	-9.7531e+92	 9.3052e-05	 0.00011537	     0.0000	 -0.0016689	 0.00051387	  0.0017906	
21	23	  0.0033534	  0.0043405	     78.648	     2.1698	-9.7531e+92	-9.7531e+92	   0.012565	  0.0049356	     0.0000	-1.9846e-05	   0.028980	   0.096718	
21	24	 0.00051715	 0.00066939	     85.071	     1.9688	-9.7531e+92	-9.7531e+92	 0.00036611	 0.00088714	     0.0000	 9.3110e-07	  0.0048986	-6.0845e-05	
22	0	 0.00010851	 6.0581e-05	     321.47	   0.027830	-9.7531e+92	-9.7531e+92	  0.0060632	 7.1985e-06	     0.0000	-0.00044703	-0.00021676	    0.13849	
22	1	 0.00012866	 7.1828e-05	     312.59	   0.031097	-9.7531e+92	-9.7531e+92	  0.0069810	 8.0735e-06	     0.0000	     0.0000	-0.00024344	    0.11347	
22	2	    0.18025	    0.10063	     161.29	    0.38622	-9.7531e+92	-9.7531e+92	   0.043622	  0.0064763	   0.023297	   0.018622	   -0.26058	   -0.19766	
22	3	   0.094744	   0.052895	     164.94	    0.35711	-9.7531e+92	-9.7531e+92	   0.022552	  0.0031301	   0.015025	   0.018735	   -0.13763	   -0.11176	
22	4	    0.47488	    0.26512	     82.638	     2.0459	-9.7531e+92	-9.7531e+92	   0.076949	  0.0099446	   0.063044	   0.050590	   -0.73734	   -0.67056	
22	5	   0.030557	   0.017060	     151.89	    0.47454	-9.7531e+92	-9.7531e+92	   0.019001	  0.0013220	  0.0093485	 0.00012780	  -0.046468	  -0.019402	
22	6	 8.9756e-06	 5.0110e-06	     216.08	    0.13159	-9.7531e+92	-9.7531e+92	  0.0052647	 3.2484e-06	     0.0000	  -0.016306	-0.00011555	    0.10742	
22	7	 1.1864e-06	 6.6234e-07	     241.36	   0.085874	-9.7531e+92	-9.7531e+92	  0.0034251	 2.9048e-06	     0.0000	     0.0000	-0.00010318	   0.078129	
22	8	 0.00059479	 0.00033207	     168.70	    0.32968	-9.7531e+92	-9.7531e+92	 0.00045929	 2.9114e-05	 7.3946e-05	-4.0659e-06	 -0.0010269	 4.4378e-05	
22	9	 2.7076e-13	 1.5117e-13	     266.14	   0.058633	-9.7531e+92	-9.7531e+92	  0.0015991	 2.8813e-06	     0.0000	     0.0000	-0.00010231	   0.047293	
22	10	 8.4881e-13	 4.7389e-13	     176.66	    0.27933	-9.7531e+92	-9.7531e+92	 3.5880e-05	 2.9519e-06	     0.0000	-2.5781e-06	-0.00010465	 1.1900e-05	
22	11	 1.0039e-12	 5.6049e-13	     200.45	    0.17499	-9.7531e+92	-9.7531e+92	 3.1292e-05	 2.9556e-06	     0.0000	-1.1565e-05	-0.00010464	 0.00015100	
22	12	 0.00028266	 0.00015781	     131.16	    0.75767	-9.7531e+92	-9.7531e+92	 0.00012213	 1.5292e-05	 7.5176e-05	 7.7577e-05	-0.00054284	-0.00039827	
22	13	   0.016873	  0.0094201	     260.15	   0.064098	-9.7531e+92	-9.7531e+92	   0.014162	 0.00068844	     0.0000	 -0.0021337	  -0.021510	    0.14188	
22	14	   0.018267	   0.010198	     227.39	    0.10817	-9.7531e+92	-9.7531e+92	   0.019682	 0.00071668	     0.0000	 -0.0049273	  -0.024329	    0.13150	
22	15	   0.012046	  0.0067253	     163.21	    0.37056	-9.7531e+92	-9.7531e+92	   0.013122	 0.00041922	     0.0000	 -0.0058646	  -0.018025	   0.039319	
22	16	 9.0147e-13	 5.0329e-13	     106.73	     1.3057	-9.7531e+92	-9.7531e+92	 1.8606e-05	 2.7890e-06	     0.0000	 8.3902e-10	-4.7699e-05	-3.0497e-09	
22	17	   0.016898	  0.0094339	     106.10	     1.3231	-9.7531e+92	-9.7531e+92	  0.0034206	 0.00048185	  0.0029777	  0.0038144	  -0.014502	  -0.013265	
22	18	   0.032663	   0.018236	     205.13	    0.16037	-9.7531e+92	-9.7531e+92	   0.016007	  0.0013375	     0.0000	  -0.010594	  -0.046516	   0.099879	
22	19	   0.097257	   0.054298	     93.933	     1.6868	-9.7531e+92	-9.7531e+92	   0.013942	  0.0039302	   0.013699	   0.023171	   -0.14138	   -0.13719	
22	20	   0.024441	   0.013645	     116.48	     1.0560	-9.7531e+92	-9.7531e+92	  0.0040839	  0.0010708	  0.0038480	  0.0063498	  -0.037999	  -0.035896	
22	21	 1.4944e-13	 8.3432e-14	     284.69	   0.044983	-9.7531e+92	-9.7531e+92	  0.0034804	 2.7982e-06	     0.0000	 -0.0022204	-0.00010156	    0.13601	
22	22	     0.0000	     0.0000	     0.0000	     3.0000	-9.7531e+92	-9.7531e+92	    0.28049	     0.0000	    0.28000	     0.0000	     0.0000	     0.0000	
22	23	 2.9795e-14	 1.6634e-14	     209.07	    0.14920	-9.7531e+92	-9.7531e+92	  0.0036927	 2.8388e-06	     0.0000	-5.1859e-06	-0.00010376	   0.070327	
22	24	 6.8660e-14	 3.8333e-14	     237.89	   0.090842	-9.7531e+92	-9.7531e+92	 3.9225e-05	 2.9572e-06	     0.0000	-4.0462e-06	-0.00010444	 0.00073326	
23	0	    0.21946	    0.14143	     119.13	    0.99543	-9.7531e+92	-9.7531e+92	   0.053860	    0.15601	     0.0000	  0.0030016	  -0.070937	    0.22166	
23	1	   0.092139	   0.059379	     132.72	    0.73117	-9.7531e+92	-9.7531e+92	   0.029953	   0.066812	     0.0000	     0.0000	  -0.018633	 -0.0022424	
23	2	 0.00024953	 0.00016081	     168.40	    0.33177	-9.7531e+92	-9.7531e+92	  0.0037268	 0.00026295	     0.0000	  -0.048077	-0.00016388	  -0.067127	
23	3	 2.9537e-06	 1.9035e-06	     228.38	    0.10637	-9.7531e+92	-9.7531e+92	 0.00071557	 6.0622e-05	     0.0000	  -0.033712	-1.8958e-05	  -0.025394	
23	4	 7.7425e-07	 4.9896e-07	     212.30	    0.14074	-9.7531e+92	-9.7531e+92	  0.0013555	 5.6681e-05	     0.0000	  -0.059957	-5.0661e-05	  -0.045008	
23	5	   0.015850	   0.010214	     65.633	     2.5304	-9.7531e+92	-9.7531e+92	  0.0048533	   0.012752	     0.0000	-9.9376e-05	  -0.014318	 -0.0024118	
23	6	   0.021221	   0.013676	     73.330	     2.3271	-9.7531e+92	-9.7531e+92	   0.017974	   0.018188	     0.0000	  -0.084576	  -0.024598	  -0.089315	
23	7	   0.033245	   0.021424	     58.677	     2.6821	-9.7531e+92	-9.7531e+92	   0.016247	   0.026885	     0.0000	     0.0000	  -0.033780	  -0.035034	
23	8	  0.0016014	  0.0010320	     54.810	     2.7517	-9.7531e+92	-9.7531e+92	 0.00040238	  0.0013502	     0.0000	 0.00097162	 -0.0013227	  0.0016345	
23	9	 0.00081801	 0.00052716	     121.73	    0.93874	-9.7531e+92	-9.7531e+92	  0.0066825	 0.00071210	     0.0000	     0.0000	-0.00090603	  -0.053366	
23	10	 3.9669e-05	 2.5565e-05	     95.614	     1.6342	-9.7531e+92	-9.7531e+92	 2.9086e-05	 8.6864e-05	     0.0000	 7.5516e-05	-6.0932e-05	 5.2401e-05	
23	11	 0.00061535	 0.00039656	     53.605	     2.7712	-9.7531e+92	-9.7531e+92	 0.00014097	 0.00051396	 3.3254e-05	 0.00041736	 0.00017552	 0.00088537	
23	12	 7.7972e-06	 5.0248e-06	     109.85	     1.2215	-9.7531e+92	-9.7531e+92	 2.5438e-05	 5.9029e-05	     0.0000	-1.7788e-05	-4.0544e-05	-1.5987e-05	
23	13	    0.26036	    0.16779	     113.01	     1.1402	-9.7531e+92	-9.7531e+92	   0.059739	    0.18749	     0.0000	   0.017548	  -0.076321	    0.26653	
23	14	   0.097639	   0.062923	     114.84	     1.0952	-9.7531e+92	-9.7531e+92	   0.035490	   0.073347	     0.0000	 -0.0085727	  -0.021740	  -0.047373	
23	15	 0.00011423	 7.3615e-05	     149.47	    0.50076	-9.7531e+92	-9.7531e+92	  0.0047731	 0.00015455	     0.0000	  -0.099321	-0.00020444	  -0.067575	
23	16	 3.7845e-15	 2.4389e-15	     136.77	    0.66684	-9.7531e+92	-9.7531e+92	 2.1476e-05	 5.9314e-05	     0.0000	 7.3516e-09	-8.0288e-05	 7.2439e-09	
23	17	 8.0476e-14	 5.1862e-14	     284.58	   0.045056	-9.7531e+92	-9.7531e+92	 4.1394e-05	 6.2044e-05	     0.0000	 -0.0029807	-0.00010598	 -0.0012055	
23	18	    0.23454	    0.15115	     36.898	     2.9454	-9.7531e+92	-9.7531e+92	   0.055437	   0.089382	     0.0000	 9.6339e-07	   -0.83638	 -0.0079523	
23	19	 1.6876e-05	 1.0876e-05	     121.29	    0.94810	-9.7531e+92	-9.7531e+92	 5.3009e-05	 7.0002e-05	     0.0000	-0.00069965	-7.9083e-05	-0.00058543	
23	20	 0.00068815	 0.00044348	     93.058	     1.7144	-9.7531e+92	-9.7531e+92	 0.00017975	 0.00062321	     0.0000	 0.00063912	-0.00064892	 0.00055370	
23	21	   0.020134	   0.012976	     78.648	     2.1698	-9.7531e+92	-9.7531e+92	   0.017815	   0.016367	     0.0000	  -0.012698	  -0.022401	   -0.12547	
23	22	 1.1382e-14	 7.3350e-15	     209.07	    0.14920	-9.7531e+92	-9.7531e+92	 4.4184e-05	 6.0748e-05	     0.0000	 -0.0029555	-9.4469e-05	 -0.0013487	
23	23	     0.0000	     0.0000	     0.0000	     3.0000	-9.7531e+92	-9.7531e+92	    0.33450	     0.0000	    0.30406	     0.0000	     0.0000	     0.0000	
23	24	  0.0012559	 0.00080933	     40.708	     2.9198	-9.7531e+92	-9.7531e+92	 0.00032454	  0.0010297	     0.0000	 2.6561e-05	-0.00071201	  0.0012707	
24	0	    0.30750	    0.13812	     123.34	    0.90511	-9.7531e+92	-9.7531e+92	   0.047114	  0.0030823	     0.0000	 6.6831e-05	   -0.23918	   -0.14133	
24	1	    0.16183	   0.072689	     142.19	    0.58963	-9.7531e+92	-9.7531e+92	   0.028102	  0.0018905	     0.0000	     0.0000	   -0.12089	  -0.050149	
24	2	 8.6699e-05	 3.8943e-05	     210.29	    0.14595	-9.7531e+92	-9.7531e+92	  0.0021253	 2.0983e-06	     0.0000	-0.00063994	-0.00012304	   0.028839	
24	3	 3.8112e-07	 1.7119e-07	     270.69	   0.054855	-9.7531e+92	-9.7531e+92	 0.00040701	 9.4590e-07	     0.0000	-0.00044681	-5.3076e-05	   0.010555	
24	4	 2.7197e-07	 1.2216e-07	     253.16	   0.071301	-9.7531e+92	-9.7531e+92	 0.00076736	 9.3382e-07	     0.0000	-0.00079451	-5.4778e-05	   0.020071	
24	5	   0.020554	  0.0092324	     106.34	     1.3165	-9.7531e+92	-9.7531e+92	  0.0042246	 0.00028867	     0.0000	 2.9960e-06	  -0.017415	 -0.0027408	
24	6	  0.0013443	 0.00060381	     108.13	     1.2674	-9.7531e+92	-9.7531e+92	   0.010735	 1.9502e-05	     0.0000	 -0.0015476	 -0.0011951	   0.059968	
24	7	   0.022990	   0.010327	     84.614	     1.9834	-9.7531e+92	-9.7531e+92	  0.0087590	 0.00030641	     0.0000	     0.0000	  -0.019434	   0.025400	
24	8	   0.010069	  0.0045230	     77.960	     2.1908	-9.7531e+92	-9.7531e+92	  0.0012497	 0.00013983	 0.00093967	 0.00011102	 -0.0084516	 -0.0078520	
24	9	 0.00025834	 0.00011604	     149.07	    0.50520	-9.7531e+92	-9.7531e+92	  0.0039462	 4.3980e-06	     0.0000	     0.0000	-0.00027617	   0.026646	
24	10	 0.00019521	 8.7684e-05	     102.71	     1.4197	-9.7531e+92	-9.7531e+92	 3.7882e-05	 3.7446e-06	 4.3874e-06	 5.3359e-06	-0.00022049	-0.00015760	
24	11	 0.00084466	 0.00037940	     56.094	     2.7297	-9.7531e+92	-9.7531e+92	 0.00013280	 1.0464e-05	 5.7720e-05	 9.2912e-07	-0.00052695	-0.00042977	
24	12	 2.2669e-06	 1.0182e-06	     132.31	    0.73810	-9.7531e+92	-9.7531e+92	 1.8317e-05	 9.9758e-07	     0.0000	-4.1793e-07	-5.9444e-05	 1.2901e-05	
24	13	   0.066379	   0.029816	     142.21	    0.58941	-9.7531e+92	-9.7531e+92	   0.021342	 0.00081964	     0.0000	-0.00011705	  -0.049367	   0.048021	
24	14	   0.047417	   0.021299	     150.00	    0.49487	-9.7531e+92	-9.7531e+92	   0.019664	 0.00059541	     0.0000	-0.00035526	  -0.036023	   0.055731	
24	15	 5.3314e-06	 2.3948e-06	     189.75	    0.21485	-9.7531e+92	-9.7531e+92	  0.0026304	 1.0126e-06	     0.0000	 -0.0013198	-6.0922e-05	   0.032604	
24	16	 9.9668e-16	 4.4769e-16	     177.80	    0.27291	-9.7531e+92	-9.7531e+92	 1.4969e-05	 9.5038e-07	     0.0000	 6.1846e-11	-1.9017e-05	-1.2773e-09	
24	17	 2.0271e-15	 9.1055e-16	     325.25	   0.026569	-9.7531e+92	-9.7531e+92	 2.6310e-05	 9.9849e-07	     0.0000	-3.9498e-05	-5.7942e-05	 0.00061652	
24	18	    0.31965	    0.14358	     74.739	     2.2865	-9.7531e+92	-9.7531e+92	   0.048043	  0.0038390	 0.00074275	  0.0030142	   -0.25965	   -0.17023	
24	19	 1.4716e-05	 6.6103e-06	     150.08	    0.49393	-9.7531e+92	-9.7531e+92	 4.0164e-05	 1.1913e-06	     0.0000	-9.2968e-06	-7.0185e-05	 0.00029803	
24	20	 0.00011227	 5.0430e-05	     121.85	    0.93617	-9.7531e+92	-9.7531e+92	 7.7159e-05	 2.5985e-06	     0.0000	-6.2065e-06	-0.00015403	 0.00020593	
24	21	   0.015938	  0.0071590	     85.071	     1.9688	-9.7531e+92	-9.7531e+92	   0.011570	 0.00020795	     0.0000	-0.00017793	  -0.013489	   0.064158	
24	22	 3.1330e-16	 1.4073e-16	     237.89	   0.090842	-9.7531e+92	-9.7531e+92	 2.8055e-05	 9.9326e-07	     0.0000	-3.9162e-05	-5.7678e-05	 0.00068318	
24	23	   0.024812	   0.011145	     40.708	     2.9198	-9.7531e+92	-9.7531e+92	   0.013392	 0.00032662	     0.0000	-3.7795e-08	  -0.021065	   0.018904	
24	24	     0.0000	     0.0000	     0.0000	     3.0000	-9.7531e+92	-9.7531e+92	    0.22469	     0.0000	    0.22444	     0.0000	     0.0000	     0.0000	
