#source	Target	value	weight	distance	potential1	geneCorrelation	separation	influenceWeight	betweenness	influence'Weight	betweenness'	nbetweenness	nbetweenness'	
0	0	     0.0000	     0.0000	     0.0000	     3.0000	-9.7531e+92	-9.7531e+92	     2.1065	     0.0000	     1.8021	     0.0000	     0.0000	     0.0000	
0	1	   0.022265	   0.089092	     35.562	     2.9528	-9.7531e+92	-9.7531e+92	    0.10578	   0.011885	     0.0000	 -0.0035117	 -0.0063436	   0.065957	
0	2	 7.3859e-05	 0.00029554	     211.35	    0.14318	-9.7531e+92	-9.7531e+92	   0.053230	 8.4295e-05	     0.0000	 -0.0046059	 0.00013185	    0.11636	
0	3	 8.7897e-07	 3.5172e-06	     273.88	   0.052386	-9.7531e+92	-9.7531e+92	   0.013497	 4.3971e-05	     0.0000	 -0.0046012	 8.0603e-05	   0.028175	
0	4	 1.3602e-09	 5.4426e-09	     281.58	   0.046977	-9.7531e+92	-9.7531e+92	  0.0039995	 4.3326e-05	     0.0000	 -0.0050309	 4.5372e-05	   0.020130	
0	5	 1.9696e-05	 7.8815e-05	     169.69	    0.32292	-9.7531e+92	-9.7531e+92	   0.047966	 5.6027e-05	     0.0000	 -0.0011406	 1.6085e-06	   0.019741	
0	6	 0.00039838	  0.0015941	     105.31	     1.3454	-9.7531e+92	-9.7531e+92	   0.034939	 0.00027258	     0.0000	 -0.0045716	 0.00012717	   0.050538	
0	7	  0.0016037	  0.0064172	     80.265	     2.1201	-9.7531e+92	-9.7531e+92	   0.049187	 0.00093798	     0.0000	-0.00014076	 0.00080667	   0.029520	
0	8	 2.8460e-06	 1.1388e-05	     172.11	    0.30693	-9.7531e+92	-9.7531e+92	   0.011670	 4.4917e-05	     0.0000	-0.00048049	-3.2171e-06	  0.0051822	
0	9	  0.0016224	  0.0064921	     86.890	     1.9108	-9.7531e+92	-9.7531e+92	   0.081941	 0.00092625	     0.0000	 -0.0020397	 0.00040119	    0.18379	
0	10	 7.5110e-16	 3.0055e-15	     210.64	    0.14503	-9.7531e+92	-9.7531e+92	 0.00019611	 4.5792e-05	     0.0000	-8.2656e-06	-2.1372e-05	 3.6002e-05	
0	11	 1.0162e-07	 4.0663e-07	     167.10	    0.34103	-9.7531e+92	-9.7531e+92	 0.00062225	 4.3694e-05	     0.0000	-3.0979e-05	-3.6842e-06	 0.00026385	
0	12	 4.8918e-16	 1.9574e-15	     226.76	    0.10933	-9.7531e+92	-9.7531e+92	 0.00018285	 4.5880e-05	     0.0000	-1.3632e-05	-2.3465e-05	 6.0281e-05	
0	13	   0.017923	   0.071719	     86.013	     1.9388	-9.7531e+92	-9.7531e+92	    0.17579	  0.0092077	     0.0000	  -0.016746	 0.00091369	    0.16403	
0	14	  0.0027810	   0.011128	     114.85	     1.0949	-9.7531e+92	-9.7531e+92	    0.15553	  0.0013756	     0.0000	 -0.0021356	 -0.0032352	   0.092010	
0	15	 3.9746e-05	 0.00015904	     189.51	    0.21584	-9.7531e+92	-9.7531e+92	   0.012561	 7.0520e-05	     0.0000	 -0.0054014	 9.7801e-06	   0.034780	
0	16	 1.6688e-16	 6.6775e-16	     217.18	    0.12904	-9.7531e+92	-9.7531e+92	 0.00013335	 4.6823e-05	     0.0000	 1.2874e-09	-2.6215e-05	-5.9018e-09	
0	17	 2.7124e-16	 1.0854e-15	     353.56	   0.019078	-9.7531e+92	-9.7531e+92	 0.00027248	 4.8092e-05	     0.0000	-0.00039970	-4.1146e-05	  0.0012862	
0	18	  0.0069791	   0.027927	     116.29	     1.0606	-9.7531e+92	-9.7531e+92	    0.12606	  0.0034579	     0.0000	-2.5986e-05	 -0.0049032	    0.10689	
0	19	 2.0777e-16	 8.3140e-16	     234.49	   0.096052	-9.7531e+92	-9.7531e+92	 0.00047464	 4.6243e-05	     0.0000	-0.00010245	-2.3754e-05	 0.00067740	
0	20	 6.9139e-16	 2.7666e-15	     206.61	    0.15606	-9.7531e+92	-9.7531e+92	  0.0028170	 4.4414e-05	     0.0000	-0.00026140	-1.1524e-05	  0.0019738	
0	21	  0.0049386	   0.019762	     39.458	     2.9290	-9.7531e+92	-9.7531e+92	   0.022679	  0.0028436	     0.0000	-0.00031304	  0.0039417	  0.0061086	
0	22	 1.0637e-16	 4.2565e-16	     321.47	   0.027830	-9.7531e+92	-9.7531e+92	 0.00076731	 4.5658e-05	     0.0000	 -0.0021009	-3.0303e-05	  0.0066096	
0	23	    0.94134	     3.7667	     119.13	    0.99543	-9.7531e+92	-9.7531e+92	    0.99244	    0.52618	    0.69269	   0.016794	    0.59949	    -1.1259	
0	24	 1.3578e-05	 5.4332e-05	     123.34	    0.90511	-9.7531e+92	-9.7531e+92	  0.0018706	 4.0056e-05	 8.7127e-06	     0.0000	 0.00021262	     0.0000	
1	0	   0.091470	    0.39275	     35.562	     2.9528	-9.7531e+92	-9.7531e+92	    0.16639	   0.051981	     0.0000	   0.016982	   0.068234	 -0.0093754	
1	1	     0.0000	     0.0000	     0.0000	     3.0000	-9.7531e+92	-9.7531e+92	     2.2174	     0.0000	     1.8698	     0.0000	     0.0000	     0.0000	
1	2	    0.46233	     1.9851	     184.62	    0.23778	-9.7531e+92	-9.7531e+92	    0.56541	    0.26061	    0.13535	   0.063671	    0.49908	   -0.23451	
1	3	 0.00027692	  0.0011890	     244.14	   0.082134	-9.7531e+92	-9.7531e+92	   0.038427	 0.00021606	     0.0000	  -0.017402	 0.00049596	   0.015386	
1	4	 1.9843e-06	 8.5198e-06	     272.02	   0.053810	-9.7531e+92	-9.7531e+92	   0.027527	 4.3214e-05	     0.0000	  -0.019242	 6.7567e-05	   0.011975	
1	5	  0.0013383	  0.0057460	     161.91	    0.38106	-9.7531e+92	-9.7531e+92	   0.014721	 0.00088414	     0.0000	 -0.0039923	 0.00048218	   0.011487	
1	6	   0.012500	   0.053672	     96.519	     1.6061	-9.7531e+92	-9.7531e+92	   0.047675	  0.0049441	     0.0000	     0.0000	   0.023323	     0.0000	
1	7	   0.040210	    0.17265	     75.481	     2.2648	-9.7531e+92	-9.7531e+92	   0.068532	   0.022594	     0.0000	 0.00036193	   0.027848	  -0.012697	
1	8	 1.0003e-05	 4.2950e-05	     184.58	    0.23797	-9.7531e+92	-9.7531e+92	  0.0022969	 4.8077e-05	     0.0000	 -0.0018347	 2.4329e-05	  0.0033604	
1	9	   0.071598	    0.30742	     55.376	     2.7421	-9.7531e+92	-9.7531e+92	    0.23134	   0.036158	     0.0000	     0.0000	   0.049074	   0.060221	
1	10	 1.1901e-14	 5.1097e-14	     228.04	    0.10699	-9.7531e+92	-9.7531e+92	 0.00015967	 4.4778e-05	     0.0000	-3.1881e-05	-7.8320e-07	 2.3752e-05	
1	11	 1.0643e-14	 4.5696e-14	     185.20	    0.23505	-9.7531e+92	-9.7531e+92	 0.00026582	 4.2893e-05	     0.0000	-0.00012974	 1.2835e-05	 0.00017365	
1	12	 1.9465e-14	 8.3576e-14	     231.78	    0.10046	-9.7531e+92	-9.7531e+92	 0.00016378	 4.4912e-05	     0.0000	-5.2145e-05	-3.2103e-06	 3.9748e-05	
1	13	   0.093681	    0.40224	     57.043	     2.7128	-9.7531e+92	-9.7531e+92	    0.36836	   0.043484	     0.0000	  -0.032174	  -0.037003	   0.040205	
1	14	    0.11080	    0.47574	     88.839	     1.8485	-9.7531e+92	-9.7531e+92	    0.19288	   0.057093	     0.0000	  0.0028687	 -0.0037930	  -0.017756	
1	15	  0.0028444	   0.012213	     167.83	    0.33581	-9.7531e+92	-9.7531e+92	   0.044958	  0.0018468	     0.0000	  -0.018568	  0.0012235	   0.019556	
1	16	 2.8335e-14	 1.2166e-13	     207.46	    0.15366	-9.7531e+92	-9.7531e+92	 0.00014309	 4.5232e-05	     0.0000	 5.5845e-09	 9.3115e-06	-3.9478e-09	
1	17	 6.9992e-16	 3.0052e-15	     342.57	   0.021626	-9.7531e+92	-9.7531e+92	 0.00094343	 4.6595e-05	     0.0000	 -0.0015289	-1.7141e-05	 0.00084568	
1	18	   0.062695	    0.26919	     111.77	     1.1715	-9.7531e+92	-9.7531e+92	    0.15748	   0.031466	     0.0000	-3.7863e-05	 -0.0018178	   0.023517	
1	19	 3.4385e-15	 1.4764e-14	     226.57	    0.10968	-9.7531e+92	-9.7531e+92	 0.00048912	 4.4739e-05	     0.0000	-0.00039190	-3.3047e-07	 0.00044250	
1	20	 6.7639e-08	 2.9042e-07	     199.20	    0.17914	-9.7531e+92	-9.7531e+92	  0.0010395	 4.3551e-05	     0.0000	-0.00099989	 8.9456e-06	  0.0012859	
1	21	   0.049537	    0.21269	     57.297	     2.7081	-9.7531e+92	-9.7531e+92	   0.059940	   0.028094	   0.018204	   0.010090	   0.047651	  -0.033340	
1	22	 1.0753e-14	 4.6171e-14	     312.59	   0.031097	-9.7531e+92	-9.7531e+92	  0.0043289	 4.4268e-05	     0.0000	 -0.0080362	-6.9724e-06	  0.0042935	
1	23	 0.00063097	  0.0027092	     132.72	    0.73117	-9.7531e+92	-9.7531e+92	   0.081855	 0.00039380	     0.0000	 -0.0057370	 0.00049398	   0.063081	
1	24	 7.3866e-05	 0.00031716	     142.19	    0.58963	-9.7531e+92	-9.7531e+92	 0.00051476	 8.6980e-05	     0.0000	-0.00010913	 8.9528e-05	 0.00027978	
2	0	 0.00023965	 0.00083054	     211.35	    0.14318	-9.7531e+92	-9.7531e+92	   0.051984	 0.00041016	     0.0000	   -0.43350	  0.0036750	   -0.22287	
2	1	  0.0047023	   0.016296	     184.62	    0.23778	-9.7531e+92	-9.7531e+92	   0.061966	  0.0037314	     0.0000	 -0.0067790	   0.021612	  -0.070540	
2	2	     0.0000	     0.0000	     0.0000	     3.0000	-9.7531e+92	-9.7531e+92	     1.8353	     0.0000	     1.4881	     0.0000	     0.0000	     0.0000	
2	3	   0.073271	    0.25393	     63.167	     2.5880	-9.7531e+92	-9.7531e+92	   0.087475	   0.061674	  0.0028092	   0.081109	    0.47505	   0.097334	
2	4	   0.078852	    0.27327	     91.235	     1.7721	-9.7531e+92	-9.7531e+92	   0.085141	   0.075746	   0.027435	    0.31502	    0.71256	    0.16631	
2	5	   0.012049	   0.041756	     120.45	    0.96633	-9.7531e+92	-9.7531e+92	   0.017597	   0.014511	     0.0000	 -0.0048165	    0.11858	 -0.0085718	
2	6	  0.0022014	  0.0076291	     118.53	     1.0087	-9.7531e+92	-9.7531e+92	   0.034668	  0.0027036	     0.0000	  -0.054704	   0.021744	  -0.092380	
2	7	 0.00010601	 0.00036738	     153.12	    0.46179	-9.7531e+92	-9.7531e+92	   0.013543	 0.00023143	     0.0000	 -0.0029612	  0.0015971	  -0.059939	
2	8	 1.8857e-06	 6.5350e-06	     174.51	    0.29198	-9.7531e+92	-9.7531e+92	  0.0018983	 9.4151e-05	     0.0000	 -0.0094946	 0.00061838	 -0.0095486	
2	9	 0.00042752	  0.0014816	     133.64	    0.71608	-9.7531e+92	-9.7531e+92	    0.25425	 0.00058612	     0.0000	  -0.040627	  0.0047147	   -0.35970	
2	10	 4.6719e-14	 1.6191e-13	     213.20	    0.13850	-9.7531e+92	-9.7531e+92	 0.00012829	 9.5666e-05	     0.0000	-0.00016465	 0.00057216	-6.3905e-05	
2	11	 4.3302e-15	 1.5007e-14	     197.83	    0.18388	-9.7531e+92	-9.7531e+92	 0.00019548	 9.4024e-05	     0.0000	-0.00067003	 0.00058024	-0.00047194	
2	12	 1.9439e-14	 6.7367e-14	     181.48	    0.25322	-9.7531e+92	-9.7531e+92	 0.00013804	 9.3178e-05	     0.0000	-0.00026930	 0.00059134	-0.00010714	
2	13	    0.63023	     2.1841	     127.66	    0.82064	-9.7531e+92	-9.7531e+92	    0.63884	    0.74987	   0.049997	     1.0000	     7.5287	     1.4453	
2	14	   0.059718	    0.20696	     97.273	     1.5829	-9.7531e+92	-9.7531e+92	    0.10954	   0.065127	     0.0000	  -0.010389	    0.55977	  -0.066371	
2	15	   0.091950	    0.31866	     21.827	     2.9932	-9.7531e+92	-9.7531e+92	    0.11125	   0.060669	   0.015129	     0.0000	    0.92649	    0.18077	
2	16	 5.0974e-15	 1.7666e-14	     68.097	     2.4691	-9.7531e+92	-9.7531e+92	 0.00011549	 9.2887e-05	     0.0000	 2.8689e-08	 0.00057795	 1.0116e-08	
2	17	 6.9222e-07	 2.3990e-06	     160.64	    0.39167	-9.7531e+92	-9.7531e+92	  0.0025014	 7.7867e-05	     0.0000	 -0.0071866	 0.00069247	 -0.0023007	
2	18	   0.045943	    0.15922	     137.27	    0.65930	-9.7531e+92	-9.7531e+92	    0.11283	   0.056305	     0.0000	-0.00029111	    0.47209	   -0.14064	
2	19	 0.00024141	 0.00083664	     139.30	    0.62950	-9.7531e+92	-9.7531e+92	 0.00095527	 0.00038394	     0.0000	 -0.0010863	  0.0030578	-0.00066103	
2	20	 4.4447e-05	 0.00015404	     139.77	    0.62284	-9.7531e+92	-9.7531e+92	 0.00096975	 0.00014667	     0.0000	 -0.0050133	  0.0010410	 -0.0035054	
2	21	 4.4975e-08	 1.5587e-07	     197.19	    0.18609	-9.7531e+92	-9.7531e+92	  0.0043987	 9.1286e-05	     0.0000	  -0.012639	 0.00060270	  -0.023154	
2	22	 9.6374e-06	 3.3399e-05	     161.29	    0.38622	-9.7531e+92	-9.7531e+92	   0.012988	 8.6208e-05	     0.0000	  -0.039948	 0.00074720	  -0.012154	
2	23	 7.3240e-06	 2.5382e-05	     168.40	    0.33177	-9.7531e+92	-9.7531e+92	   0.026391	 9.5683e-05	     0.0000	  -0.029877	 0.00066195	   -0.17728	
2	24	 6.4223e-16	 2.2257e-15	     210.29	    0.14595	-9.7531e+92	-9.7531e+92	 0.00023795	 9.4333e-05	     0.0000	-0.00069152	 0.00057677	-0.00093367	
3	0	 0.00020311	 0.00073340	     273.88	   0.052386	-9.7531e+92	-9.7531e+92	   0.040071	 9.9844e-05	     0.0000	   -0.25360	-5.7167e-05	   0.071573	
3	1	  0.0052972	   0.019127	     244.14	   0.082134	-9.7531e+92	-9.7531e+92	   0.041617	  0.0018401	     0.0000	  -0.051678	 -0.0025187	   0.067493	
3	2	    0.27389	    0.98899	     63.167	     2.5880	-9.7531e+92	-9.7531e+92	    0.42649	   0.082562	   0.064827	   0.074552	   -0.38599	   -0.18661	
3	3	     0.0000	     0.0000	     0.0000	     3.0000	-9.7531e+92	-9.7531e+92	     1.8631	     0.0000	     1.7748	     0.0000	     0.0000	     0.0000	
3	4	    0.14537	    0.52490	     82.606	     2.0469	-9.7531e+92	-9.7531e+92	    0.16738	   0.031048	    0.10725	    0.13790	   -0.31662	   -0.28001	
3	5	  0.0075345	   0.027206	     167.87	    0.33554	-9.7531e+92	-9.7531e+92	   0.015967	  0.0028096	     0.0000	 -0.0067937	 -0.0091069	   0.011617	
3	6	 0.00074466	  0.0026888	     180.81	    0.25667	-9.7531e+92	-9.7531e+92	   0.020437	 0.00030397	     0.0000	  -0.052347	 -0.0010327	   0.057601	
3	7	 5.7560e-05	 0.00020784	     215.68	    0.13250	-9.7531e+92	-9.7531e+92	   0.014783	 4.7289e-05	     0.0000	 -0.0017349	-0.00016102	   0.036343	
3	8	 7.3655e-13	 2.6596e-12	     221.29	    0.12010	-9.7531e+92	-9.7531e+92	  0.0017151	 2.5834e-05	     0.0000	 -0.0055544	-9.3954e-05	  0.0061435	
3	9	 0.00055520	  0.0020047	     191.41	    0.20802	-9.7531e+92	-9.7531e+92	    0.10050	 0.00022188	     0.0000	  -0.023735	-0.00076976	    0.21059	
3	10	 2.0430e-12	 7.3769e-12	     258.79	   0.065432	-9.7531e+92	-9.7531e+92	 0.00013342	 2.6727e-05	     0.0000	-9.6277e-05	-0.00010536	 4.3803e-05	
3	11	 1.7258e-12	 6.2317e-12	     244.71	   0.081388	-9.7531e+92	-9.7531e+92	 0.00019225	 2.6440e-05	     0.0000	-0.00039179	-0.00010255	 0.00031959	
3	12	 1.8929e-13	 6.8351e-13	     227.10	    0.10870	-9.7531e+92	-9.7531e+92	 0.00014690	 2.6324e-05	     0.0000	-0.00015747	-0.00010104	 7.3276e-05	
3	13	   0.052854	    0.19085	     188.65	    0.21955	-9.7531e+92	-9.7531e+92	    0.23401	   0.018696	     0.0000	   -0.14905	   0.011392	   0.085027	
3	14	    0.17463	    0.63056	     161.01	    0.38854	-9.7531e+92	-9.7531e+92	    0.21207	   0.047777	     0.0000	  0.0038576	   -0.36237	   -0.15358	
3	15	    0.29702	     1.0725	     84.108	     1.9994	-9.7531e+92	-9.7531e+92	    0.32016	   0.096865	    0.22001	    0.59928	   -0.32752	   -0.37528	
3	16	 1.7220e-12	 6.2180e-12	     111.94	     1.1671	-9.7531e+92	-9.7531e+92	 0.00012033	 2.4976e-05	     0.0000	 1.6007e-08	-4.5485e-05	-6.3739e-09	
3	17	  0.0055308	   0.019971	     122.41	    0.92444	-9.7531e+92	-9.7531e+92	  0.0094819	  0.0014478	  0.0056934	  0.0065554	  0.0070758	  0.0029062	
3	18	   0.032868	    0.11868	     199.21	    0.17912	-9.7531e+92	-9.7531e+92	   0.087647	   0.012044	     0.0000	-0.00021383	  -0.021444	   0.072833	
3	19	 2.0843e-05	 7.5262e-05	     184.07	    0.24039	-9.7531e+92	-9.7531e+92	  0.0013258	 3.2349e-05	     0.0000	-0.00097792	-0.00010512	 0.00077785	
3	20	 1.7397e-05	 6.2819e-05	     185.64	    0.23299	-9.7531e+92	-9.7531e+92	  0.0010580	 3.1848e-05	     0.0000	 -0.0027535	-0.00011088	  0.0023233	
3	21	 1.0553e-12	 3.8105e-12	     259.71	   0.064522	-9.7531e+92	-9.7531e+92	  0.0031202	 2.6054e-05	     0.0000	 -0.0073907	-9.4178e-05	   0.014716	
3	22	  0.0034081	   0.012306	     164.94	    0.35711	-9.7531e+92	-9.7531e+92	   0.028390	 0.00092409	  0.0097378	 -0.0030673	 -0.0011773	  0.0014942	
3	23	 6.1062e-13	 2.2048e-12	     228.38	    0.10637	-9.7531e+92	-9.7531e+92	   0.020396	 2.4189e-05	     0.0000	  -0.017472	-9.3774e-05	    0.11645	
3	24	 8.4001e-12	 3.0331e-11	     270.69	   0.054855	-9.7531e+92	-9.7531e+92	 0.00021833	 2.6472e-05	     0.0000	-0.00040435	-0.00010320	 0.00063165	
4	0	 0.00016919	 0.00040687	     281.58	   0.046977	-9.7531e+92	-9.7531e+92	   0.014772	 8.4100e-05	     0.0000	   -0.39573	 -0.0015196	    0.46671	
4	1	 0.00012619	 0.00030347	     272.02	   0.053810	-9.7531e+92	-9.7531e+92	   0.014862	 6.3977e-05	     0.0000	  -0.080868	 -0.0012782	    0.48775	
4	2	    0.13854	    0.33316	     91.235	     1.7721	-9.7531e+92	-9.7531e+92	    0.20258	   0.039407	     0.0000	   0.020451	    -1.0797	   -0.25691	
4	3	    0.21556	    0.51839	     82.606	     2.0469	-9.7531e+92	-9.7531e+92	    0.17126	   0.048341	    0.11251	    0.31093	    -1.9052	    -1.4771	
4	4	     0.0000	     0.0000	     0.0000	     3.0000	-9.7531e+92	-9.7531e+92	     1.3063	     0.0000	     1.2663	     0.0000	     0.0000	     0.0000	
4	5	   0.016313	   0.039231	     147.08	    0.52816	-9.7531e+92	-9.7531e+92	   0.017013	  0.0058414	     0.0000	  0.0010279	   -0.13103	 -0.0056903	
4	6	 0.00030656	 0.00073724	     179.35	    0.26441	-9.7531e+92	-9.7531e+92	  0.0082473	 0.00013481	     0.0000	  -0.082559	 -0.0030177	    0.29108	
4	7	 2.0285e-05	 4.8783e-05	     209.16	    0.14897	-9.7531e+92	-9.7531e+92	  0.0050380	 3.2014e-05	     0.0000	 -0.0027101	-0.00070702	    0.18140	
4	8	 1.3416e-05	 3.2264e-05	     186.41	    0.22946	-9.7531e+92	-9.7531e+92	  0.0018456	 2.9599e-05	     0.0000	 -0.0085687	-0.00066319	   0.029889	
4	9	 2.3037e-06	 5.5400e-06	     223.28	    0.11603	-9.7531e+92	-9.7531e+92	   0.041696	 2.3709e-05	     0.0000	  -0.037161	-0.00055397	     1.0655	
4	10	 1.5840e-15	 3.8092e-15	     204.61	    0.16194	-9.7531e+92	-9.7531e+92	 9.9773e-05	 2.5074e-05	     0.0000	-0.00014951	-0.00056398	 0.00020941	
4	11	 5.3951e-14	 1.2975e-13	     218.09	    0.12699	-9.7531e+92	-9.7531e+92	 0.00013570	 2.5094e-05	     0.0000	-0.00061044	-0.00056424	  0.0015338	
4	12	 2.0951e-07	 5.0384e-07	     165.11	    0.35583	-9.7531e+92	-9.7531e+92	 0.00017492	 2.4294e-05	     0.0000	-0.00023946	-0.00054719	 0.00034897	
4	13	   0.013003	   0.031269	     217.30	    0.12878	-9.7531e+92	-9.7531e+92	   0.099920	  0.0044481	     0.0000	   -0.31147	  -0.075784	    0.88796	
4	14	   0.030136	   0.072473	     184.55	    0.23808	-9.7531e+92	-9.7531e+92	   0.057465	   0.010055	     0.0000	  -0.018685	   -0.20707	    0.32982	
4	15	    0.20066	    0.48255	     106.18	     1.3210	-9.7531e+92	-9.7531e+92	    0.16992	   0.063651	    0.10322	    0.55877	    -1.5697	    -1.2395	
4	16	 1.1467e-14	 2.7577e-14	     75.439	     2.2661	-9.7531e+92	-9.7531e+92	 8.0143e-05	 2.3486e-05	     0.0000	 2.4682e-08	-0.00052171	-3.3294e-08	
4	17	   0.049940	    0.12010	     73.525	     2.3215	-9.7531e+92	-9.7531e+92	   0.033427	   0.010728	   0.030904	    0.10467	   -0.22893	   -0.20358	
4	18	   0.027573	   0.066308	     186.18	    0.23049	-9.7531e+92	-9.7531e+92	   0.044145	  0.0097343	     0.0000	-0.00035120	   -0.19589	    0.45691	
4	19	  0.0082470	   0.019833	     119.82	    0.98008	-9.7531e+92	-9.7531e+92	  0.0079163	  0.0026324	  0.0065049	   0.018485	  -0.060024	  -0.052297	
4	20	  0.0019283	  0.0046374	     135.08	    0.69295	-9.7531e+92	-9.7531e+92	  0.0033289	 0.00066927	     0.0000	  0.0010348	  -0.015175	 -0.0029055	
4	21	 2.3903e-15	 5.7483e-15	     253.96	   0.070430	-9.7531e+92	-9.7531e+92	  0.0011766	 2.4866e-05	     0.0000	  -0.011527	-0.00055223	   0.072121	
4	22	    0.29747	    0.71538	     82.638	     2.0459	-9.7531e+92	-9.7531e+92	    0.19524	   0.039109	    0.18282	    0.18796	    -1.0728	   -0.91459	
4	23	 2.5975e-14	 6.2467e-14	     212.30	    0.14074	-9.7531e+92	-9.7531e+92	  0.0078198	 2.3586e-05	     0.0000	  -0.027251	-0.00055800	    0.56450	
4	24	 5.5540e-14	 1.3356e-13	     253.16	   0.071301	-9.7531e+92	-9.7531e+92	 0.00012685	 2.5170e-05	     0.0000	-0.00063068	-0.00056508	  0.0030325	
5	0	   0.012057	   0.013576	     169.69	    0.32292	-9.7531e+92	-9.7531e+92	   0.023016	  0.0022065	     0.0000	  -0.086802	  -0.088260	    0.31505	
5	1	  0.0051358	  0.0057827	     161.91	    0.38106	-9.7531e+92	-9.7531e+92	   0.022247	  0.0010815	     0.0000	  -0.022532	  -0.034859	    0.36894	
5	2	    0.15760	    0.17745	     120.45	    0.96633	-9.7531e+92	-9.7531e+92	   0.074993	   0.031776	     0.0000	   0.013096	    -1.1122	   -0.28802	
5	3	   0.012696	   0.014296	     167.87	    0.33554	-9.7531e+92	-9.7531e+92	   0.011881	  0.0026653	     0.0000	  -0.010968	  -0.089083	   0.058481	
5	4	  0.0055920	  0.0062963	     147.08	    0.52816	-9.7531e+92	-9.7531e+92	  0.0067090	  0.0011121	     0.0000	  -0.016537	  -0.041927	   0.057658	
5	5	     0.0000	     0.0000	     0.0000	     3.0000	-9.7531e+92	-9.7531e+92	    0.57095	     0.0000	    0.55341	     0.0000	     0.0000	     0.0000	
5	6	   0.048016	   0.054064	     72.218	     2.3585	-9.7531e+92	-9.7531e+92	   0.022557	   0.010465	     0.0000	  0.0046082	   -0.37512	  -0.044178	
5	7	   0.039942	   0.044973	     89.752	     1.8194	-9.7531e+92	-9.7531e+92	   0.017960	  0.0084935	     0.0000	 0.00046198	   -0.30990	  -0.084017	
5	8	    0.14421	    0.16237	     54.235	     2.7611	-9.7531e+92	-9.7531e+92	   0.041786	   0.025875	   0.037206	   0.028339	   -0.98418	   -0.66562	
5	9	 0.00088909	  0.0010011	     134.70	    0.69890	-9.7531e+92	-9.7531e+92	   0.040334	 0.00019330	     0.0000	  -0.010185	 -0.0074117	    0.79606	
5	10	 6.9081e-05	 7.7782e-05	     93.726	     1.6933	-9.7531e+92	-9.7531e+92	 0.00010854	 2.6020e-05	 2.6100e-06	 3.6989e-05	-0.00089989	-0.00019145	
5	11	 0.00070418	 0.00079288	     77.490	     2.2050	-9.7531e+92	-9.7531e+92	 0.00057274	 0.00014665	 0.00027072	 0.00021711	 -0.0051633	 -0.0023428	
5	12	 0.00017579	 0.00019794	     80.590	     2.1100	-9.7531e+92	-9.7531e+92	 0.00021125	 4.6301e-05	 8.4468e-05	 0.00011311	 -0.0016125	-0.00059996	
5	13	    0.13562	    0.15270	     125.66	    0.85869	-9.7531e+92	-9.7531e+92	   0.093725	   0.027050	     0.0000	  -0.018865	   -0.85889	    0.16139	
5	14	    0.13043	    0.14686	     108.09	     1.2686	-9.7531e+92	-9.7531e+92	   0.057718	   0.026337	     0.0000	  0.0063320	   -0.91072	   -0.23758	
5	15	   0.099647	    0.11220	     104.94	     1.3557	-9.7531e+92	-9.7531e+92	   0.036450	   0.021429	  0.0052227	   0.069754	   -0.76460	   -0.38975	
5	16	 6.4654e-13	 7.2798e-13	     71.546	     2.3771	-9.7531e+92	-9.7531e+92	 3.7523e-05	 1.4503e-05	     0.0000	 6.3030e-09	-0.00050694	-2.5003e-08	
5	17	 3.7464e-13	 4.2183e-13	     219.60	    0.12368	-9.7531e+92	-9.7531e+92	 0.00023960	 1.4963e-05	     0.0000	 -0.0019852	-0.00053670	  0.0055372	
5	18	    0.16785	    0.18900	     53.346	     2.7752	-9.7531e+92	-9.7531e+92	   0.075250	   0.030782	     0.0000	 8.6387e-05	    -1.2629	   -0.36379	
5	19	  0.0073016	  0.0082213	     64.874	     2.5486	-9.7531e+92	-9.7531e+92	  0.0024455	  0.0013909	  0.0017847	  0.0034916	  -0.050226	  -0.032279	
5	20	   0.017018	   0.019161	     39.691	     2.9273	-9.7531e+92	-9.7531e+92	  0.0067679	  0.0032470	  0.0049826	  0.0078388	   -0.12067	  -0.077461	
5	21	 6.7781e-05	 7.6318e-05	     132.91	    0.72808	-9.7531e+92	-9.7531e+92	  0.0018298	 2.9540e-05	     0.0000	 -0.0031565	 -0.0010635	   0.053395	
5	22	 4.0206e-06	 4.5271e-06	     151.89	    0.47454	-9.7531e+92	-9.7531e+92	  0.0011010	 1.4608e-05	     0.0000	  -0.010363	-0.00055458	   0.028442	
5	23	   0.014745	   0.016603	     65.633	     2.5304	-9.7531e+92	-9.7531e+92	   0.016760	  0.0028564	     0.0000	-0.00093383	   -0.10960	    0.32174	
5	24	 0.00022233	 0.00025033	     106.34	     1.3165	-9.7531e+92	-9.7531e+92	 0.00019983	 6.1185e-05	     0.0000	-7.5797e-05	 -0.0022426	 0.00099593	
6	0	   0.093529	   0.097042	     105.31	     1.3454	-9.7531e+92	-9.7531e+92	   0.045252	   0.027364	     0.0000	  0.0026420	    0.10742	 -0.0013434	
6	1	    0.54843	    0.56903	     96.519	     1.6061	-9.7531e+92	-9.7531e+92	    0.15574	    0.15195	   0.071726	   0.014653	    0.56435	  -0.034915	
6	2	   0.015611	   0.016198	     118.53	     1.0087	-9.7531e+92	-9.7531e+92	   0.050287	  0.0041756	     0.0000	 -0.0020422	   0.016255	  0.0069146	
6	3	 0.00037690	 0.00039106	     180.81	    0.25667	-9.7531e+92	-9.7531e+92	  0.0061849	 0.00013430	     0.0000	 -0.0023773	 0.00055462	  0.0019333	
6	4	 0.00010746	 0.00011150	     179.35	    0.26441	-9.7531e+92	-9.7531e+92	  0.0027823	 5.2493e-05	     0.0000	 -0.0026229	 0.00018725	  0.0014957	
6	5	  0.0054443	  0.0056488	     72.218	     2.3585	-9.7531e+92	-9.7531e+92	  0.0041731	  0.0016171	     0.0000	-0.00038926	  0.0054734	  0.0010231	
6	6	     0.0000	     0.0000	     0.0000	     3.0000	-9.7531e+92	-9.7531e+92	    0.52646	     0.0000	    0.48497	     0.0000	     0.0000	     0.0000	
6	7	  0.0036366	  0.0037732	     34.871	     2.9563	-9.7531e+92	-9.7531e+92	  0.0091503	  0.0010779	     0.0000	-6.7362e-05	  0.0036305	  0.0021580	
6	8	 0.00011996	 0.00012447	     109.28	     1.2365	-9.7531e+92	-9.7531e+92	 0.00064037	 5.5516e-05	     0.0000	-0.00024477	 0.00021230	 0.00040912	
6	9	   0.028501	   0.029571	     62.827	     2.5956	-9.7531e+92	-9.7531e+92	   0.041002	  0.0067810	     0.0000	     0.0000	   0.037894	     0.0000	
6	10	 1.5263e-08	 1.5836e-08	     153.37	    0.45919	-9.7531e+92	-9.7531e+92	 3.8772e-05	 2.1734e-05	     0.0000	-4.3712e-06	 5.0661e-05	 2.9698e-06	
6	11	 9.5870e-06	 9.9472e-06	     117.04	     1.0431	-9.7531e+92	-9.7531e+92	 6.7354e-05	 2.3799e-05	     0.0000	-1.6953e-05	 7.2379e-05	 2.0696e-05	
6	12	 9.8107e-08	 1.0179e-07	     152.49	    0.46823	-9.7531e+92	-9.7531e+92	 3.9657e-05	 2.1799e-05	     0.0000	-7.1381e-06	 5.0499e-05	 4.9621e-06	
6	13	   0.097142	    0.10079	     53.773	     2.7685	-9.7531e+92	-9.7531e+92	   0.066424	   0.020857	     0.0000	     0.0000	 -0.0046027	  0.0048763	
6	14	    0.13537	    0.14046	     41.508	     2.9135	-9.7531e+92	-9.7531e+92	   0.055546	   0.035061	     0.0000	 0.00073804	   0.078994	 -0.0042025	
6	15	  0.0026098	  0.0027078	     96.746	     1.5991	-9.7531e+92	-9.7531e+92	  0.0063880	 0.00080717	     0.0000	 -0.0025712	  0.0023397	  0.0024755	
6	16	 9.5818e-16	 9.9418e-16	     111.89	     1.1685	-9.7531e+92	-9.7531e+92	 3.4577e-05	 2.2448e-05	     0.0000	 7.6609e-10	 4.0399e-05	-4.9358e-10	
6	17	 1.1007e-14	 1.1420e-14	     251.72	   0.072906	-9.7531e+92	-9.7531e+92	 0.00012200	 2.2371e-05	     0.0000	-0.00020974	 3.9258e-05	 0.00010581	
6	18	   0.065047	   0.067490	     36.723	     2.9464	-9.7531e+92	-9.7531e+92	   0.038286	   0.017129	     0.0000	-4.8379e-06	   0.052293	  0.0027573	
6	19	 3.8728e-06	 4.0183e-06	     133.74	    0.71443	-9.7531e+92	-9.7531e+92	 8.9155e-05	 2.2681e-05	     0.0000	-5.3363e-05	 5.3209e-05	 5.4971e-05	
6	20	 0.00012869	 0.00013352	     111.59	     1.1762	-9.7531e+92	-9.7531e+92	 0.00028505	 6.1888e-05	     0.0000	-0.00012557	 0.00016138	 0.00014735	
6	21	  0.0021167	  0.0021962	     78.899	     2.1621	-9.7531e+92	-9.7531e+92	  0.0054645	 0.00066634	     0.0000	-0.00026225	  0.0020160	 0.00079090	
6	22	 1.1406e-15	 1.1834e-15	     216.08	    0.13159	-9.7531e+92	-9.7531e+92	 0.00046299	 2.1240e-05	     0.0000	 -0.0011024	 4.3223e-05	 0.00053750	
6	23	  0.0018056	  0.0018735	     73.330	     2.3271	-9.7531e+92	-9.7531e+92	   0.022437	 0.00053832	     0.0000	-0.00077458	  0.0018970	  0.0077705	
6	24	 5.0602e-06	 5.2503e-06	     108.13	     1.2674	-9.7531e+92	-9.7531e+92	 0.00010763	 2.3109e-05	     0.0000	-1.8136e-05	 5.2826e-05	 4.2407e-05	
7	0	    0.15246	    0.15179	     80.265	     2.1201	-9.7531e+92	-9.7531e+92	   0.058499	   0.034700	     0.0000	   0.046355	  -0.051471	  -0.047381	
7	1	    0.11762	    0.11711	     75.481	     2.2648	-9.7531e+92	-9.7531e+92	   0.049577	   0.025553	     0.0000	  0.0041873	  -0.067166	  -0.022249	
7	2	  0.0028480	  0.0028356	     153.12	    0.46179	-9.7531e+92	-9.7531e+92	   0.023552	 0.00072527	     0.0000	 -0.0094036	 8.2184e-05	   0.062673	
7	3	 0.00016584	 0.00016512	     215.68	    0.13250	-9.7531e+92	-9.7531e+92	  0.0052385	 5.9982e-05	     0.0000	 -0.0095961	 1.1053e-05	   0.015446	
7	4	 4.0531e-05	 4.0355e-05	     209.16	    0.14897	-9.7531e+92	-9.7531e+92	  0.0015785	 2.7406e-05	     0.0000	  -0.010538	-1.5483e-05	   0.011406	
7	5	   0.020652	   0.020562	     89.752	     1.8194	-9.7531e+92	-9.7531e+92	  0.0083402	  0.0052060	     0.0000	 0.00079015	 -0.0055266	 -0.0037999	
7	6	   0.034981	   0.034829	     34.871	     2.9563	-9.7531e+92	-9.7531e+92	   0.017806	  0.0087871	     0.0000	 -0.0012134	  -0.012823	  0.0037339	
7	7	     0.0000	     0.0000	     0.0000	     3.0000	-9.7531e+92	-9.7531e+92	    0.50570	     0.0000	    0.48109	     0.0000	     0.0000	     0.0000	
7	8	  0.0011306	  0.0011257	     109.89	     1.2203	-9.7531e+92	-9.7531e+92	  0.0012760	 0.00030182	     0.0000	-0.00072477	-0.00017229	  0.0021913	
7	9	   0.034023	   0.033875	     64.406	     2.5596	-9.7531e+92	-9.7531e+92	   0.055620	  0.0081149	     0.0000	 -0.0033235	  -0.011646	   0.083148	
7	10	 1.0875e-07	 1.0828e-07	     153.29	    0.46001	-9.7531e+92	-9.7531e+92	 3.8536e-05	 1.8298e-05	     0.0000	-1.7431e-05	-3.1185e-05	 2.1245e-05	
7	11	 9.2290e-05	 9.1889e-05	     112.26	     1.1591	-9.7531e+92	-9.7531e+92	 9.8722e-05	 4.2222e-05	     0.0000	-3.8665e-05	-5.4966e-05	 8.4808e-05	
7	12	 3.2860e-08	 3.2718e-08	     158.06	    0.41430	-9.7531e+92	-9.7531e+92	 4.0269e-05	 1.8391e-05	     0.0000	-2.8603e-05	-3.5297e-05	 3.5679e-05	
7	13	    0.30948	    0.30813	     57.312	     2.7078	-9.7531e+92	-9.7531e+92	    0.11037	   0.071069	     0.0000	   0.032189	   0.030709	  -0.079232	
7	14	    0.16582	    0.16510	     65.464	     2.5345	-9.7531e+92	-9.7531e+92	   0.058977	   0.031823	     0.0000	  0.0028342	   -0.17777	  -0.063955	
7	15	  0.0028941	  0.0028815	     131.62	    0.74982	-9.7531e+92	-9.7531e+92	  0.0051956	 0.00078491	     0.0000	  -0.010172	 -0.0010754	   0.018079	
7	16	 3.5598e-15	 3.5443e-15	     137.28	    0.65913	-9.7531e+92	-9.7531e+92	 3.3181e-05	 1.8683e-05	     0.0000	 3.0654e-09	-3.8459e-05	-3.5169e-09	
7	17	 1.5467e-14	 1.5400e-14	     281.54	   0.047004	-9.7531e+92	-9.7531e+92	 8.7676e-05	 1.8822e-05	     0.0000	-0.00083927	-4.2174e-05	 0.00076093	
7	18	    0.10837	    0.10789	     38.248	     2.9371	-9.7531e+92	-9.7531e+92	   0.049475	   0.024975	     0.0000	 6.9062e-06	  -0.036992	 -0.0075961	
7	19	 3.5840e-06	 3.5685e-06	     154.38	    0.44913	-9.7531e+92	-9.7531e+92	 9.7170e-05	 1.9411e-05	     0.0000	-0.00021365	-3.6938e-05	 0.00039691	
7	20	 0.00027002	 0.00026885	     126.68	    0.83907	-9.7531e+92	-9.7531e+92	 0.00041474	 9.0802e-05	     0.0000	-0.00045148	-0.00015690	 0.00095680	
7	21	   0.043431	   0.043242	     44.967	     2.8822	-9.7531e+92	-9.7531e+92	   0.013312	  0.0089937	  0.0036338	     0.0000	   0.037127	  0.0043016	
7	22	 9.4344e-15	 9.3935e-15	     241.36	   0.085874	-9.7531e+92	-9.7531e+92	 0.00028057	 1.7843e-05	     0.0000	 -0.0044113	-3.8061e-05	  0.0038905	
7	23	  0.0049474	  0.0049259	     58.677	     2.6821	-9.7531e+92	-9.7531e+92	   0.029630	  0.0011627	     0.0000	 -0.0029663	 3.7375e-05	   0.053678	
7	24	 0.00078415	 0.00078074	     84.614	     1.9834	-9.7531e+92	-9.7531e+92	 0.00031868	 0.00022152	     0.0000	 7.0836e-05	-0.00025010	-0.00029763	
8	0	  0.0083867	  0.0056164	     172.11	    0.30693	-9.7531e+92	-9.7531e+92	   0.015787	 0.00066739	     0.0000	  -0.096419	  -0.044219	    0.30222	
8	1	   0.013000	  0.0087059	     184.58	    0.23797	-9.7531e+92	-9.7531e+92	   0.016490	  0.0011400	     0.0000	  -0.020256	  -0.065781	    0.29999	
8	2	  0.0070139	  0.0046971	     174.51	    0.29198	-9.7531e+92	-9.7531e+92	   0.015697	 0.00060406	     0.0000	  -0.021360	  -0.036939	    0.42516	
8	3	 7.0716e-06	 4.7357e-06	     221.29	    0.12010	-9.7531e+92	-9.7531e+92	  0.0033179	 6.5107e-06	     0.0000	  -0.022921	-0.00038264	    0.11060	
8	4	 5.8278e-05	 3.9028e-05	     186.41	    0.22946	-9.7531e+92	-9.7531e+92	  0.0019407	 1.0395e-05	     0.0000	  -0.024949	-0.00068198	   0.078670	
8	5	    0.17603	    0.11788	     54.235	     2.7611	-9.7531e+92	-9.7531e+92	   0.033685	   0.010467	   0.023256	  0.0078688	   -0.92353	   -0.72953	
8	6	   0.057263	   0.038348	     109.28	     1.2365	-9.7531e+92	-9.7531e+92	   0.015320	  0.0051416	     0.0000	  0.0099425	   -0.32958	  -0.086407	
8	7	   0.050080	   0.033538	     109.89	     1.2203	-9.7531e+92	-9.7531e+92	   0.012900	  0.0044440	     0.0000	 0.00077131	   -0.28820	   -0.12716	
8	8	     0.0000	     0.0000	     0.0000	     3.0000	-9.7531e+92	-9.7531e+92	    0.33825	     0.0000	    0.33552	     0.0000	     0.0000	     0.0000	
8	9	 2.7348e-06	 1.8315e-06	     171.65	    0.30991	-9.7531e+92	-9.7531e+92	   0.022249	 5.8389e-06	     0.0000	  -0.010277	-0.00039756	    0.72807	
8	10	  0.0019781	  0.0013247	     44.054	     2.8911	-9.7531e+92	-9.7531e+92	 0.00037347	 0.00013948	 0.00031046	  0.0013914	 -0.0085364	 -0.0068527	
8	11	   0.013839	  0.0092679	     32.525	     2.9668	-9.7531e+92	-9.7531e+92	  0.0024518	  0.0010504	  0.0022722	  0.0057533	  -0.068356	  -0.057972	
8	12	  0.0039827	  0.0026672	     55.069	     2.7473	-9.7531e+92	-9.7531e+92	 0.00075445	 0.00031056	 0.00067905	  0.0037601	  -0.020230	  -0.017060	
8	13	    0.11542	   0.077292	     162.59	    0.37553	-9.7531e+92	-9.7531e+92	   0.050731	  0.0095778	     0.0000	  -0.029996	   -0.55707	    0.23192	
8	14	    0.10816	   0.072435	     146.54	    0.53466	-9.7531e+92	-9.7531e+92	   0.031633	  0.0092520	     0.0000	  0.0033858	   -0.56058	   -0.11496	
8	15	 9.0230e-05	 6.0426e-05	     159.01	    0.40580	-9.7531e+92	-9.7531e+92	  0.0045513	 1.3944e-05	     0.0000	  -0.026865	-0.00088844	    0.13604	
8	16	 4.1136e-14	 2.7548e-14	     112.87	     1.1438	-9.7531e+92	-9.7531e+92	 2.2318e-05	 5.7917e-06	     0.0000	 6.2598e-09	-0.00036347	-2.1352e-08	
8	17	 8.7262e-15	 5.8438e-15	     258.50	   0.065716	-9.7531e+92	-9.7531e+92	 8.0581e-05	 6.1218e-06	     0.0000	 -0.0019913	-0.00039367	  0.0050359	
8	18	    0.34024	    0.22785	     75.421	     2.2666	-9.7531e+92	-9.7531e+92	   0.073932	   0.027942	  0.0090552	 0.00030692	    -1.8351	    -1.1337	
8	19	  0.0059323	  0.0039728	     80.536	     2.1117	-9.7531e+92	-9.7531e+92	  0.0014693	 0.00047791	  0.0010763	  0.0035437	  -0.032290	  -0.025490	
8	20	   0.069745	   0.046707	     51.987	     2.7958	-9.7531e+92	-9.7531e+92	   0.012514	  0.0053326	   0.011452	   0.035953	   -0.36748	   -0.31309	
8	21	 4.3534e-05	 2.9154e-05	     132.38	    0.73687	-9.7531e+92	-9.7531e+92	  0.0013197	 9.9198e-06	     0.0000	 -0.0031736	-0.00064045	   0.048673	
8	22	 1.7806e-07	 1.1924e-07	     168.70	    0.32968	-9.7531e+92	-9.7531e+92	 0.00035487	 5.7345e-06	     0.0000	  -0.010432	-0.00038953	   0.025883	
8	23	   0.028084	   0.018807	     54.810	     2.7517	-9.7531e+92	-9.7531e+92	   0.013548	  0.0023154	     0.0000	 -0.0023847	   -0.16063	    0.23601	
8	24	 0.00065095	 0.00043593	     77.960	     2.1908	-9.7531e+92	-9.7531e+92	 0.00024615	 6.2565e-05	     0.0000	 0.00010433	 -0.0041082	 -0.0012731	
9	0	   0.086261	    0.10056	     86.890	     1.9108	-9.7531e+92	-9.7531e+92	   0.050669	    0.11255	     0.0000	   0.053885	     1.7795	   0.056330	
9	1	    0.12172	    0.14190	     55.376	     2.7421	-9.7531e+92	-9.7531e+92	   0.067211	    0.12879	     0.0000	   0.044646	     2.2719	    0.22670	
9	2	   0.069374	   0.080872	     133.64	    0.71608	-9.7531e+92	-9.7531e+92	   0.048717	   0.059201	     0.0000	  -0.012412	     1.2535	   -0.17047	
9	3	  0.0015895	  0.0018529	     191.41	    0.20802	-9.7531e+92	-9.7531e+92	  0.0064297	  0.0020530	     0.0000	  -0.079029	   0.033240	   -0.12613	
9	4	 8.8219e-05	 0.00010284	     223.28	    0.11603	-9.7531e+92	-9.7531e+92	  0.0027661	 0.00019674	     0.0000	  -0.091935	  0.0030770	  -0.090040	
9	5	  0.0020992	  0.0024471	     134.70	    0.69890	-9.7531e+92	-9.7531e+92	  0.0052497	  0.0027257	     0.0000	  -0.018146	   0.041888	  -0.072074	
9	6	    0.16489	    0.19221	     62.827	     2.5956	-9.7531e+92	-9.7531e+92	   0.056450	    0.20598	  0.0098397	    0.26499	     3.1971	    0.66935	
9	7	   0.014218	   0.016575	     64.406	     2.5596	-9.7531e+92	-9.7531e+92	   0.011697	   0.016463	     0.0000	 -0.0011731	    0.28055	  -0.056094	
9	8	 3.7600e-05	 4.3831e-05	     171.65	    0.30991	-9.7531e+92	-9.7531e+92	 0.00085161	 0.00013543	     0.0000	 -0.0087507	  0.0020052	  -0.021178	
9	9	     0.0000	     0.0000	     0.0000	     3.0000	-9.7531e+92	-9.7531e+92	    0.62457	     0.0000	    0.45426	     0.0000	     0.0000	     0.0000	
9	10	 2.8214e-14	 3.2890e-14	     215.04	    0.13402	-9.7531e+92	-9.7531e+92	 4.3935e-05	 9.2936e-05	     0.0000	-0.00015312	  0.0012582	-0.00014592	
9	11	 9.2329e-08	 1.0763e-07	     175.31	    0.28718	-9.7531e+92	-9.7531e+92	 8.7881e-05	 8.7315e-05	     0.0000	-0.00062281	  0.0012842	 -0.0010730	
9	12	 1.8747e-14	 2.1855e-14	     214.99	    0.13415	-9.7531e+92	-9.7531e+92	 4.5303e-05	 9.3713e-05	     0.0000	-0.00025044	  0.0012531	-0.00024447	
9	13	    0.13180	    0.15364	     9.0540	     2.9998	-9.7531e+92	-9.7531e+92	   0.092384	   0.052252	     0.0000	     0.0000	    0.64081	     0.0000	
9	14	    0.10709	    0.12483	     38.749	     2.9339	-9.7531e+92	-9.7531e+92	   0.053954	    0.12282	     0.0000	   0.011956	     2.0690	    0.13479	
9	15	  0.0045492	  0.0053032	     117.55	     1.0311	-9.7531e+92	-9.7531e+92	  0.0071318	  0.0054298	     0.0000	  -0.083064	   0.089527	   -0.12478	
9	16	 1.1127e-13	 1.2971e-13	     159.83	    0.39862	-9.7531e+92	-9.7531e+92	 3.8849e-05	 9.6565e-05	     0.0000	 2.6821e-08	  0.0012349	 2.3551e-08	
9	17	 1.1282e-14	 1.3152e-14	     293.28	   0.040011	-9.7531e+92	-9.7531e+92	 0.00012658	 9.5473e-05	     0.0000	 -0.0073431	  0.0012418	 -0.0052332	
9	18	    0.28823	    0.33600	     96.665	     1.6016	-9.7531e+92	-9.7531e+92	    0.10517	    0.28743	     0.0000	  0.0010146	     5.4324	     1.0485	
9	19	 1.8945e-07	 2.2085e-07	     193.08	    0.20137	-9.7531e+92	-9.7531e+92	 0.00010279	 8.7593e-05	     0.0000	 -0.0018815	  0.0012853	 -0.0027747	
9	20	 4.8997e-06	 5.7118e-06	     174.09	    0.29453	-9.7531e+92	-9.7531e+92	 0.00046739	 9.6273e-05	     0.0000	 -0.0047870	  0.0013649	 -0.0080846	
9	21	  0.0076985	  0.0089744	     83.320	     2.0244	-9.7531e+92	-9.7531e+92	  0.0053077	  0.0096182	     0.0000	 -0.0023964	    0.15125	  -0.010526	
9	22	 3.2849e-14	 3.8294e-14	     266.14	   0.058633	-9.7531e+92	-9.7531e+92	 0.00046582	 9.1329e-05	     0.0000	  -0.038596	  0.0012490	  -0.027249	
9	23	 0.00034058	 0.00039702	     121.73	    0.93874	-9.7531e+92	-9.7531e+92	   0.025539	 0.00049488	     0.0000	  -0.027661	  0.0078497	   -0.39757	
9	24	 1.4428e-05	 1.6820e-05	     149.07	    0.50520	-9.7531e+92	-9.7531e+92	 0.00015073	 0.00011161	     0.0000	-0.00061984	  0.0015354	 -0.0020463	
10	0	  0.0014144	 0.00045641	     210.64	    0.14503	-9.7531e+92	-9.7531e+92	  0.0053890	 3.1216e-06	     0.0000	 -0.0022226	 -0.0017324	   0.086472	
10	1	  0.0036585	  0.0011805	     228.04	    0.10699	-9.7531e+92	-9.7531e+92	  0.0049020	 8.0011e-06	     0.0000	-0.00047565	 -0.0043184	   0.088836	
10	2	  0.0012299	 0.00039687	     213.20	    0.13850	-9.7531e+92	-9.7531e+92	  0.0055199	 2.7261e-06	     0.0000	-0.00046839	 -0.0015389	    0.11637	
10	3	 1.8484e-05	 5.9643e-06	     258.79	   0.065432	-9.7531e+92	-9.7531e+92	 0.00098864	 1.8514e-07	     0.0000	-0.00047303	-0.00010077	   0.028540	
10	4	 0.00014327	 4.6231e-05	     204.61	    0.16194	-9.7531e+92	-9.7531e+92	 0.00097076	 4.3608e-07	     0.0000	-0.00051171	-0.00025671	   0.019925	
10	5	    0.13032	   0.042053	     93.726	     1.6933	-9.7531e+92	-9.7531e+92	   0.015489	 0.00028802	   0.010464	 0.00075172	   -0.16479	   -0.14368	
10	6	 0.00034330	 0.00011078	     153.37	    0.45919	-9.7531e+92	-9.7531e+92	  0.0027717	 9.2430e-07	     0.0000	-0.00047098	-0.00051980	   0.049735	
10	7	  0.0031397	  0.0010131	     153.29	    0.46001	-9.7531e+92	-9.7531e+92	  0.0023782	 7.2310e-06	     0.0000	-1.3518e-05	 -0.0040688	   0.027069	
10	8	    0.18124	   0.058482	     44.054	     2.8911	-9.7531e+92	-9.7531e+92	   0.017354	 0.00037325	   0.016041	  0.0017593	   -0.22972	   -0.22248	
10	9	 8.2807e-07	 2.6720e-07	     215.04	    0.13402	-9.7531e+92	-9.7531e+92	  0.0077207	 1.4365e-07	     0.0000	-0.00021219	-8.5401e-05	    0.18290	
10	10	     0.0000	     0.0000	     0.0000	     3.0000	-9.7531e+92	-9.7531e+92	    0.16143	     0.0000	    0.16140	     0.0000	     0.0000	     0.0000	
10	11	    0.22106	   0.071332	     46.926	     2.8613	-9.7531e+92	-9.7531e+92	   0.018010	 0.00043959	   0.017924	  0.0026841	   -0.27648	   -0.27361	
10	12	   0.057234	   0.018468	     46.012	     2.8713	-9.7531e+92	-9.7531e+92	  0.0047078	 0.00010318	  0.0046715	 0.00092455	  -0.069796	  -0.069004	
10	13	   0.045583	   0.014709	     205.99	    0.15786	-9.7531e+92	-9.7531e+92	   0.018024	 9.3164e-05	     0.0000	 -0.0014097	  -0.051494	    0.13916	
10	14	  0.0079610	  0.0025688	     190.48	    0.21181	-9.7531e+92	-9.7531e+92	  0.0070579	 1.7159e-05	     0.0000	-0.00020547	 -0.0094684	   0.087314	
10	15	 2.2668e-05	 7.3144e-06	     197.67	    0.18443	-9.7531e+92	-9.7531e+92	  0.0017577	 1.9751e-07	     0.0000	-0.00055605	-0.00011212	   0.034363	
10	16	 1.8664e-13	 6.0223e-14	     147.94	    0.51817	-9.7531e+92	-9.7531e+92	 1.0753e-05	 1.4313e-07	     0.0000	 1.0891e-10	-1.0265e-05	-6.3459e-10	
10	17	 2.0934e-14	 6.7549e-15	     270.72	   0.054831	-9.7531e+92	-9.7531e+92	 3.8063e-05	 1.5378e-07	     0.0000	-4.1107e-05	-8.6055e-05	  0.0012554	
10	18	    0.23506	   0.075849	     118.82	     1.0023	-9.7531e+92	-9.7531e+92	   0.032214	 0.00050118	 0.00095455	 3.9619e-06	   -0.28342	   -0.16478	
10	19	   0.014046	  0.0045322	     85.643	     1.9506	-9.7531e+92	-9.7531e+92	  0.0017818	 2.8891e-05	  0.0015924	 0.00021091	  -0.017845	  -0.016945	
10	20	   0.066831	   0.021565	     74.457	     2.2947	-9.7531e+92	-9.7531e+92	  0.0069837	 0.00014862	  0.0064720	  0.0010526	  -0.085472	  -0.082680	
10	21	 5.2583e-05	 1.6967e-05	     171.26	    0.31241	-9.7531e+92	-9.7531e+92	 0.00042084	 2.7277e-07	     0.0000	-6.5465e-05	-0.00015250	   0.012162	
10	22	 2.0894e-06	 6.7421e-07	     176.66	    0.27933	-9.7531e+92	-9.7531e+92	 0.00019137	 1.4882e-07	     0.0000	-0.00021490	-8.8111e-05	  0.0064670	
10	23	   0.027327	  0.0088178	     95.614	     1.6342	-9.7531e+92	-9.7531e+92	  0.0058984	 5.9462e-05	     0.0000	-9.6061e-05	  -0.035143	   0.060526	
10	24	  0.0033057	  0.0010667	     102.71	     1.4197	-9.7531e+92	-9.7531e+92	 0.00063448	 7.7055e-06	 0.00048434	 2.5615e-05	 -0.0043396	 -0.0037064	
11	0	   0.011008	  0.0042833	     167.10	    0.34103	-9.7531e+92	-9.7531e+92	  0.0098801	 0.00018050	     0.0000	  -0.023731	  -0.039757	    0.23089	
11	1	  0.0081767	  0.0031817	     185.20	    0.23505	-9.7531e+92	-9.7531e+92	  0.0084489	 0.00013887	     0.0000	 -0.0054884	  -0.029277	    0.25601	
11	2	 0.00073924	 0.00028765	     197.83	    0.18388	-9.7531e+92	-9.7531e+92	  0.0075302	 1.3244e-05	     0.0000	 -0.0057682	 -0.0029384	    0.35887	
11	3	 4.0391e-06	 1.5717e-06	     244.71	   0.081388	-9.7531e+92	-9.7531e+92	  0.0014288	 1.1995e-06	     0.0000	 -0.0058000	-0.00025697	   0.087592	
11	4	 2.0781e-06	 8.0864e-07	     218.09	    0.12699	-9.7531e+92	-9.7531e+92	 0.00066480	 1.1041e-06	     0.0000	 -0.0063413	-0.00025932	   0.061863	
11	5	    0.15719	   0.061165	     77.490	     2.2050	-9.7531e+92	-9.7531e+92	   0.018360	  0.0026503	   0.012300	   0.011945	   -0.61424	   -0.54733	
11	6	   0.021715	  0.0084499	     117.04	     1.0431	-9.7531e+92	-9.7531e+92	  0.0056602	 0.00037609	     0.0000	 -0.0026599	  -0.085431	   0.070830	
11	7	   0.016079	  0.0062568	     112.26	     1.1591	-9.7531e+92	-9.7531e+92	  0.0043088	 0.00027795	     0.0000	-6.6194e-05	  -0.063394	   0.033428	
11	8	    0.11143	   0.043359	     32.525	     2.9668	-9.7531e+92	-9.7531e+92	   0.012493	  0.0017483	   0.010911	   0.013772	   -0.43213	   -0.41195	
11	9	 3.5333e-05	 1.3749e-05	     175.31	    0.28718	-9.7531e+92	-9.7531e+92	   0.013586	 1.6581e-06	     0.0000	 -0.0025996	-0.00039897	    0.56487	
11	10	  0.0048104	  0.0018718	     46.926	     2.8613	-9.7531e+92	-9.7531e+92	 0.00049708	 2.5354e-05	 0.00046047	 0.00024219	  -0.010601	  -0.010205	
11	11	     0.0000	     0.0000	     0.0000	     3.0000	-9.7531e+92	-9.7531e+92	    0.19475	     0.0000	    0.19465	     0.0000	     0.0000	     0.0000	
11	12	  0.0019902	 0.00077443	     77.218	     2.2132	-9.7531e+92	-9.7531e+92	 0.00025474	 3.3124e-05	 0.00021092	 0.00063583	 -0.0078897	 -0.0073795	
11	13	    0.13729	   0.053423	     166.60	    0.34470	-9.7531e+92	-9.7531e+92	   0.031850	  0.0021960	     0.0000	 -0.0045553	   -0.47319	    0.11195	
11	14	   0.051639	   0.020094	     157.91	    0.41563	-9.7531e+92	-9.7531e+92	   0.013117	 0.00086065	     0.0000	 -0.0010469	   -0.18723	    0.11133	
11	15	 2.2534e-05	 8.7684e-06	     182.32	    0.24896	-9.7531e+92	-9.7531e+92	  0.0021372	 1.5171e-06	     0.0000	 -0.0068139	-0.00034601	    0.10606	
11	16	 5.8424e-16	 2.2734e-16	     142.85	    0.58099	-9.7531e+92	-9.7531e+92	 1.2968e-05	 1.0207e-06	     0.0000	 1.1952e-09	-0.00014965	-9.8024e-09	
11	17	 2.3721e-15	 9.2304e-16	     290.18	   0.041722	-9.7531e+92	-9.7531e+92	 3.3771e-05	 1.1684e-06	     0.0000	-0.00050390	-0.00026676	  0.0038858	
11	18	    0.39197	    0.15252	     81.269	     2.0888	-9.7531e+92	-9.7531e+92	   0.048122	  0.0064303	   0.010426	 0.00010641	    -1.4555	    -1.0820	
11	19	  0.0010573	 0.00041140	     108.78	     1.2499	-9.7531e+92	-9.7531e+92	 0.00028959	 1.9402e-05	 6.1227e-05	 0.00012891	 -0.0044584	 -0.0021049	
11	20	   0.012219	  0.0047545	     83.734	     2.0113	-9.7531e+92	-9.7531e+92	  0.0020038	 0.00021044	  0.0013868	  0.0022358	  -0.048610	  -0.041890	
11	21	 0.00010358	 4.0306e-05	     128.65	    0.80225	-9.7531e+92	-9.7531e+92	 0.00071919	 2.9598e-06	     0.0000	-0.00079796	-0.00067387	   0.037414	
11	22	 1.2805e-08	 4.9827e-09	     200.45	    0.17499	-9.7531e+92	-9.7531e+92	 0.00012159	 1.1017e-06	     0.0000	 -0.0026480	-0.00026473	   0.020011	
11	23	   0.036621	   0.014250	     53.605	     2.7712	-9.7531e+92	-9.7531e+92	  0.0092544	 0.00060537	     0.0000	-0.00094741	   -0.14569	    0.15073	
11	24	   0.035904	   0.013971	     56.094	     2.7297	-9.7531e+92	-9.7531e+92	  0.0035516	 0.00059564	  0.0033705	  0.0034981	   -0.14011	   -0.13687	
12	0	 0.00026604	 8.9083e-05	     226.76	    0.10933	-9.7531e+92	-9.7531e+92	  0.0051764	 2.0866e-06	     0.0000	  -0.010068	-0.00034050	   0.076498	
12	1	 0.00074768	 0.00025036	     231.78	    0.10046	-9.7531e+92	-9.7531e+92	  0.0046067	 5.2019e-06	     0.0000	 -0.0022018	-0.00082493	   0.080208	
12	2	   0.015704	  0.0052585	     181.48	    0.25322	-9.7531e+92	-9.7531e+92	  0.0088734	 9.8108e-05	     0.0000	 -0.0017842	  -0.016414	   0.086769	
12	3	 0.00021878	 7.3257e-05	     227.10	    0.10870	-9.7531e+92	-9.7531e+92	  0.0017121	 1.8286e-06	     0.0000	 -0.0020928	-0.00029581	   0.024703	
12	4	   0.011866	  0.0039734	     165.11	    0.35583	-9.7531e+92	-9.7531e+92	  0.0039799	 7.1872e-05	     0.0000	-0.00065653	  -0.012851	  0.0050358	
12	5	    0.13477	   0.045127	     80.590	     2.1100	-9.7531e+92	-9.7531e+92	   0.015916	 0.00086816	   0.010701	  0.0036644	   -0.15064	   -0.13140	
12	6	  0.0052217	  0.0017485	     152.49	    0.46823	-9.7531e+92	-9.7531e+92	  0.0028272	 3.4774e-05	     0.0000	 -0.0018426	 -0.0059349	   0.038447	
12	7	 6.8588e-05	 2.2966e-05	     158.06	    0.41430	-9.7531e+92	-9.7531e+92	  0.0018026	 8.8948e-07	     0.0000	-6.8902e-05	-0.00015209	   0.027266	
12	8	   0.084113	   0.028165	     55.069	     2.7473	-9.7531e+92	-9.7531e+92	  0.0096181	 0.00051511	  0.0082562	  0.0038417	  -0.093261	  -0.087570	
12	9	 3.9938e-07	 1.3373e-07	     214.99	    0.13415	-9.7531e+92	-9.7531e+92	  0.0071492	 4.1621e-07	     0.0000	-0.00094665	-7.5095e-05	    0.16116	
12	10	  0.0085046	  0.0028477	     46.012	     2.8713	-9.7531e+92	-9.7531e+92	 0.00076132	 3.0066e-05	 0.00072982	 0.00044010	 -0.0057244	 -0.0055402	
12	11	   0.018392	  0.0061584	     77.218	     2.2132	-9.7531e+92	-9.7531e+92	  0.0017347	 0.00011974	  0.0016449	  0.0013112	  -0.020761	  -0.020197	
12	12	     0.0000	     0.0000	     0.0000	     3.0000	-9.7531e+92	-9.7531e+92	    0.16763	     0.0000	    0.16760	     0.0000	     0.0000	     0.0000	
12	13	  0.0088232	  0.0029544	     205.94	    0.15802	-9.7531e+92	-9.7531e+92	   0.016471	 5.3943e-05	     0.0000	 -0.0081454	 -0.0087241	    0.15616	
12	14	   0.018140	  0.0060740	     188.63	    0.21964	-9.7531e+92	-9.7531e+92	  0.0074756	 0.00011524	     0.0000	-0.00079187	  -0.018813	   0.065805	
12	15	  0.0016130	 0.00054010	     166.81	    0.34315	-9.7531e+92	-9.7531e+92	  0.0029599	 1.0831e-05	     0.0000	 -0.0023382	 -0.0018614	   0.028508	
12	16	 1.8090e-15	 6.0573e-16	     115.95	     1.0685	-9.7531e+92	-9.7531e+92	 1.1159e-05	 4.1598e-07	     0.0000	 5.2738e-10	-4.5695e-05	-2.9839e-09	
12	17	 4.5296e-15	 1.5167e-15	     225.22	    0.11223	-9.7531e+92	-9.7531e+92	 0.00011656	 4.4309e-07	     0.0000	-0.00018331	-7.6345e-05	  0.0011091	
12	18	    0.29790	   0.099751	     120.73	    0.96010	-9.7531e+92	-9.7531e+92	   0.036552	  0.0018769	  0.0041130	 2.4132e-05	   -0.31573	   -0.20985	
12	19	    0.16144	   0.054057	     44.530	     2.8865	-9.7531e+92	-9.7531e+92	   0.014037	 0.00083935	   0.013840	   0.010003	   -0.16626	   -0.16331	
12	20	    0.22918	   0.076742	     45.010	     2.8817	-9.7531e+92	-9.7531e+92	   0.020625	  0.0013873	   0.020094	   0.015328	   -0.25217	   -0.24710	
12	21	 8.6843e-07	 2.9079e-07	     187.39	    0.22505	-9.7531e+92	-9.7531e+92	 0.00036931	 4.4905e-07	     0.0000	-0.00029362	-7.6601e-05	   0.010791	
12	22	 0.00071832	 0.00024053	     131.16	    0.75767	-9.7531e+92	-9.7531e+92	 0.00086882	 4.8590e-06	     0.0000	-0.00082005	-0.00088866	  0.0049038	
12	23	  0.0022612	 0.00075716	     109.85	     1.2215	-9.7531e+92	-9.7531e+92	  0.0034597	 1.4716e-05	     0.0000	-0.00065906	 -0.0026491	   0.081567	
12	24	 4.8171e-05	 1.6130e-05	     132.31	    0.73810	-9.7531e+92	-9.7531e+92	 7.7605e-05	 7.6790e-07	     0.0000	-1.4065e-05	-0.00013141	 0.00039578	
13	0	   0.047285	    0.24734	     86.013	     1.9388	-9.7531e+92	-9.7531e+92	    0.17439	   0.070248	     0.0000	  -0.022234	    0.47630	  -0.019908	
13	1	   0.057057	    0.29845	     57.043	     2.7128	-9.7531e+92	-9.7531e+92	    0.21404	   0.067308	     0.0000	-0.00045301	    0.42620	  -0.016662	
13	2	   0.017247	   0.090215	     127.66	    0.82064	-9.7531e+92	-9.7531e+92	    0.14285	   0.013896	     0.0000	     0.0000	   0.052339	     0.0000	
13	3	 0.00032814	  0.0017164	     188.65	    0.21955	-9.7531e+92	-9.7531e+92	   0.019209	 0.00052427	     0.0000	  -0.010179	  0.0034408	  -0.016488	
13	4	 9.8947e-06	 5.1757e-05	     217.30	    0.12878	-9.7531e+92	-9.7531e+92	  0.0082267	 0.00010858	     0.0000	  -0.013406	 0.00068574	  -0.011081	
13	5	 0.00064036	  0.0033496	     125.66	    0.85869	-9.7531e+92	-9.7531e+92	   0.014810	 0.00098184	     0.0000	 -0.0029197	  0.0058699	 -0.0096658	
13	6	   0.016298	   0.085249	     53.773	     2.7685	-9.7531e+92	-9.7531e+92	    0.12671	   0.023680	     0.0000	 -0.0072938	    0.13273	  -0.015343	
13	7	  0.0058528	   0.030615	     57.312	     2.7078	-9.7531e+92	-9.7531e+92	   0.036940	  0.0076931	     0.0000	-0.00030625	   0.051239	  -0.012191	
13	8	 4.2646e-06	 2.2307e-05	     162.59	    0.37553	-9.7531e+92	-9.7531e+92	  0.0025277	 0.00010366	     0.0000	 -0.0012807	 0.00058606	 -0.0025716	
13	9	    0.77245	     4.0405	     9.0540	     2.9998	-9.7531e+92	-9.7531e+92	     1.1087	     1.0000	    0.34448	   0.023543	     6.3821	    0.40675	
13	10	 4.8968e-17	 2.5614e-16	     205.99	    0.15786	-9.7531e+92	-9.7531e+92	 0.00019348	 0.00010646	     0.0000	-2.2223e-05	 0.00051443	-1.7510e-05	
13	11	 2.5563e-08	 1.3372e-07	     166.60	    0.34470	-9.7531e+92	-9.7531e+92	 0.00032442	 9.7947e-05	     0.0000	-9.0422e-05	 0.00056243	-0.00012888	
13	12	 1.5955e-16	 8.3457e-16	     205.94	    0.15802	-9.7531e+92	-9.7531e+92	 0.00019685	 0.00010728	     0.0000	-3.6348e-05	 0.00050246	-2.9340e-05	
13	13	     0.0000	     0.0000	     0.0000	     3.0000	-9.7531e+92	-9.7531e+92	     2.8291	     0.0000	     1.9403	     0.0000	     0.0000	     0.0000	
13	14	   0.036875	    0.19288	     32.765	     2.9658	-9.7531e+92	-9.7531e+92	    0.16472	   0.048924	     0.0000	 -0.0032659	    0.32192	  -0.031448	
13	15	  0.0015416	  0.0080637	     111.52	     1.1779	-9.7531e+92	-9.7531e+92	   0.021381	  0.0019664	     0.0000	     0.0000	   0.013249	  -0.017111	
13	16	 2.5149e-16	 1.3155e-15	     153.85	    0.45440	-9.7531e+92	-9.7531e+92	 0.00017432	 0.00011289	     0.0000	 3.8927e-09	 0.00045824	 2.8166e-09	
13	17	 2.1857e-16	 1.1433e-15	     287.27	   0.043413	-9.7531e+92	-9.7531e+92	 0.00043599	 0.00010881	     0.0000	 -0.0010657	 0.00048080	-0.00062846	
13	18	   0.042941	    0.22462	     87.611	     1.8878	-9.7531e+92	-9.7531e+92	    0.26017	   0.044627	     0.0000	-4.1602e-05	    0.26074	  -0.036456	
13	19	 8.4971e-08	 4.4446e-07	     184.51	    0.23831	-9.7531e+92	-9.7531e+92	 0.00037085	 9.7286e-05	     0.0000	-0.00027313	 0.00056151	-0.00033379	
13	20	 7.5389e-06	 3.9434e-05	     165.04	    0.35635	-9.7531e+92	-9.7531e+92	  0.0013327	 0.00011218	     0.0000	-0.00069355	 0.00059238	-0.00097122	
13	21	  0.0014009	  0.0073277	     76.619	     2.2311	-9.7531e+92	-9.7531e+92	   0.015181	  0.0020604	     0.0000	 -0.0014588	   0.012545	 -0.0053198	
13	22	 1.9919e-17	 1.0419e-16	     260.15	   0.064098	-9.7531e+92	-9.7531e+92	  0.0014466	 0.00010468	     0.0000	 -0.0056017	 0.00048880	 -0.0032814	
13	23	 5.7148e-05	 0.00029893	     113.01	     1.1402	-9.7531e+92	-9.7531e+92	   0.086363	 0.00017027	     0.0000	 -0.0040298	  0.0010316	  -0.048002	
13	24	 2.9663e-06	 1.5516e-05	     142.21	    0.58941	-9.7531e+92	-9.7531e+92	 0.00050161	 0.00010968	     0.0000	-9.2640e-05	 0.00053871	-0.00025305	
14	0	    0.16096	    0.59334	     114.85	     1.0949	-9.7531e+92	-9.7531e+92	    0.21064	    0.11108	     0.0000	     0.0000	    0.30024	     0.0000	
14	1	   0.090595	    0.33396	     88.839	     1.8485	-9.7531e+92	-9.7531e+92	    0.15042	   0.059509	     0.0000	     0.0000	    0.13200	     0.0000	
14	2	    0.11700	    0.43130	     97.273	     1.5829	-9.7531e+92	-9.7531e+92	    0.21773	   0.081400	     0.0000	     0.0000	    0.25962	     0.0000	
14	3	    0.13094	    0.48268	     161.01	    0.38854	-9.7531e+92	-9.7531e+92	    0.13867	   0.082978	   0.048609	     0.0000	    0.11806	     0.0000	
14	4	 0.00026863	 0.00099024	     184.55	    0.23808	-9.7531e+92	-9.7531e+92	   0.021355	 0.00024446	     0.0000	     0.0000	 0.00074832	     0.0000	
14	5	  0.0044070	   0.016246	     108.09	     1.2686	-9.7531e+92	-9.7531e+92	   0.018048	  0.0033083	     0.0000	     0.0000	  0.0094086	     0.0000	
14	6	   0.050307	    0.18545	     41.508	     2.9135	-9.7531e+92	-9.7531e+92	   0.072651	   0.036068	     0.0000	     0.0000	    0.10885	     0.0000	
14	7	   0.091523	    0.33738	     65.464	     2.5345	-9.7531e+92	-9.7531e+92	    0.10145	   0.065379	   0.010338	     0.0000	    0.20641	     0.0000	
14	8	 0.00013275	 0.00048936	     146.54	    0.53466	-9.7531e+92	-9.7531e+92	  0.0028742	 0.00015263	     0.0000	     0.0000	 0.00043312	     0.0000	
14	9	   0.061674	    0.22735	     38.749	     2.9339	-9.7531e+92	-9.7531e+92	    0.16231	   0.042647	     0.0000	     0.0000	    0.12615	     0.0000	
14	10	 1.2628e-14	 4.6550e-14	     190.48	    0.21181	-9.7531e+92	-9.7531e+92	 0.00013978	 5.6481e-05	     0.0000	     0.0000	 0.00010048	     0.0000	
14	11	 3.2475e-07	 1.1971e-06	     157.91	    0.41563	-9.7531e+92	-9.7531e+92	 0.00026422	 5.4190e-05	     0.0000	     0.0000	 0.00012480	     0.0000	
14	12	 9.6777e-13	 3.5675e-12	     188.63	    0.21964	-9.7531e+92	-9.7531e+92	 0.00014400	 5.6315e-05	     0.0000	     0.0000	 0.00010166	     0.0000	
14	13	   0.072350	    0.26670	     32.765	     2.9658	-9.7531e+92	-9.7531e+92	    0.24001	   0.048312	     0.0000	     0.0000	    0.17864	     0.0000	
14	14	     0.0000	     0.0000	     0.0000	     3.0000	-9.7531e+92	-9.7531e+92	     1.9235	     0.0000	     1.6188	     0.0000	     0.0000	     0.0000	
14	15	   0.053293	    0.19645	     78.991	     2.1593	-9.7531e+92	-9.7531e+92	   0.086448	   0.039758	     0.0000	     0.0000	    0.10430	     0.0000	
14	16	 2.9218e-13	 1.0770e-12	     121.20	    0.94999	-9.7531e+92	-9.7531e+92	 0.00012285	 5.7537e-05	     0.0000	     0.0000	 8.1401e-05	     0.0000	
14	17	 3.2035e-14	 1.1809e-13	     254.84	   0.069479	-9.7531e+92	-9.7531e+92	  0.0010446	 5.5101e-05	     0.0000	     0.0000	 9.9250e-05	     0.0000	
14	18	    0.16147	    0.59522	     78.249	     2.1820	-9.7531e+92	-9.7531e+92	    0.21572	    0.11168	     0.0000	     0.0000	    0.30751	     0.0000	
14	19	 1.6030e-06	 5.9090e-06	     166.55	    0.34505	-9.7531e+92	-9.7531e+92	 0.00041191	 5.6947e-05	     0.0000	     0.0000	 0.00010783	     0.0000	
14	20	 3.1039e-05	 0.00011442	     147.73	    0.52061	-9.7531e+92	-9.7531e+92	  0.0012660	 7.9218e-05	     0.0000	     0.0000	 0.00017441	     0.0000	
14	21	  0.0048253	   0.017787	     101.18	     1.4647	-9.7531e+92	-9.7531e+92	   0.013877	  0.0037860	     0.0000	     0.0000	  0.0097451	     0.0000	
14	22	 3.3416e-14	 1.2318e-13	     227.39	    0.10817	-9.7531e+92	-9.7531e+92	  0.0035630	 5.3092e-05	     0.0000	     0.0000	 9.8647e-05	     0.0000	
14	23	 0.00021925	 0.00080821	     114.84	     1.0952	-9.7531e+92	-9.7531e+92	    0.10282	 0.00018890	     0.0000	     0.0000	 0.00084437	     0.0000	
14	24	 6.2002e-06	 2.2856e-05	     150.00	    0.49487	-9.7531e+92	-9.7531e+92	 0.00046908	 5.8251e-05	     0.0000	     0.0000	 0.00013657	     0.0000	
15	0	 0.00033610	 0.00048979	     189.51	    0.21584	-9.7531e+92	-9.7531e+92	   0.014415	 0.00021449	     0.0000	   -0.41520	  0.0018392	   -0.24979	
15	1	  0.0018068	  0.0026329	     167.83	    0.33581	-9.7531e+92	-9.7531e+92	   0.016349	 0.00092872	     0.0000	  -0.086320	  0.0078943	   -0.26434	
15	2	    0.79578	     1.1597	     21.827	     2.9932	-9.7531e+92	-9.7531e+92	    0.31622	    0.33900	    0.17026	    0.42629	     2.4641	     2.1093	
15	3	   0.042603	   0.062084	     84.108	     1.9994	-9.7531e+92	-9.7531e+92	   0.033694	   0.011364	     0.0000	  0.0059355	   0.016687	  0.0068566	
15	4	   0.013605	   0.019826	     106.18	     1.3210	-9.7531e+92	-9.7531e+92	   0.021522	  0.0043942	     0.0000	 -0.0064613	   0.037213	 -0.0069153	
15	5	  0.0030470	  0.0044402	     104.94	     1.3557	-9.7531e+92	-9.7531e+92	  0.0048345	  0.0015357	     0.0000	  -0.015331	   0.011883	  -0.036972	
15	6	  0.0062337	  0.0090841	     96.746	     1.5991	-9.7531e+92	-9.7531e+92	   0.010514	  0.0033998	     0.0000	  -0.073844	   0.021804	  -0.097566	
15	7	 0.00012627	 0.00018401	     131.62	    0.74982	-9.7531e+92	-9.7531e+92	  0.0044892	 0.00010573	     0.0000	 -0.0028375	 0.00066269	  -0.070870	
15	8	 4.5554e-06	 6.6385e-06	     159.01	    0.40580	-9.7531e+92	-9.7531e+92	 0.00054374	 3.9249e-05	     0.0000	 -0.0090345	 0.00023965	  -0.011370	
15	9	  0.0011250	  0.0016394	     117.55	     1.0311	-9.7531e+92	-9.7531e+92	   0.054637	 0.00060986	     0.0000	  -0.038775	  0.0041718	   -0.42213	
15	10	 1.8561e-16	 2.7049e-16	     197.67	    0.18443	-9.7531e+92	-9.7531e+92	 5.3176e-05	 3.7717e-05	     0.0000	-0.00015749	 0.00021453	-7.6725e-05	
15	11	 1.1212e-14	 1.6338e-14	     182.32	    0.24896	-9.7531e+92	-9.7531e+92	 7.4031e-05	 3.7491e-05	     0.0000	-0.00063959	 0.00021610	-0.00056578	
15	12	 1.3468e-08	 1.9627e-08	     166.81	    0.34315	-9.7531e+92	-9.7531e+92	 5.5726e-05	 3.7058e-05	     0.0000	-0.00025750	 0.00022197	-0.00012856	
15	13	   0.047685	   0.069490	     111.52	     1.1779	-9.7531e+92	-9.7531e+92	    0.13336	   0.024214	     0.0000	   -0.25522	    0.23685	   -0.42419	
15	14	   0.077241	    0.11256	     78.991	     2.1593	-9.7531e+92	-9.7531e+92	   0.051590	   0.034956	     0.0000	 -0.0013580	    0.26679	  -0.017840	
15	15	     0.0000	     0.0000	     0.0000	     3.0000	-9.7531e+92	-9.7531e+92	    0.75231	     0.0000	    0.71189	     0.0000	     0.0000	     0.0000	
15	16	 2.2926e-15	 3.3409e-15	     65.362	     2.5370	-9.7531e+92	-9.7531e+92	 4.8564e-05	 3.6157e-05	     0.0000	 2.6841e-08	 0.00023077	 1.2236e-08	
15	17	 9.2113e-09	 1.3423e-08	     175.81	    0.28425	-9.7531e+92	-9.7531e+92	 0.00068380	 2.8932e-05	     0.0000	 -0.0042891	 0.00029415	 -0.0032512	
15	18	   0.010313	   0.015029	     116.73	     1.0502	-9.7531e+92	-9.7531e+92	   0.029269	  0.0054242	     0.0000	-0.00047409	   0.042143	   -0.27271	
15	19	 2.9647e-05	 4.3203e-05	     131.26	    0.75593	-9.7531e+92	-9.7531e+92	 0.00026059	 4.9849e-05	     0.0000	 -0.0016859	 0.00035941	 -0.0013877	
15	20	 5.4274e-05	 7.9092e-05	     124.66	    0.87845	-9.7531e+92	-9.7531e+92	 0.00029485	 6.3701e-05	     0.0000	 -0.0045536	 0.00044329	 -0.0041547	
15	21	 4.1854e-07	 6.0993e-07	     175.65	    0.28523	-9.7531e+92	-9.7531e+92	  0.0011875	 3.7578e-05	     0.0000	  -0.012121	 0.00022208	  -0.027550	
15	22	 2.0878e-06	 3.0425e-06	     163.21	    0.37056	-9.7531e+92	-9.7531e+92	  0.0033239	 2.8654e-05	     0.0000	  -0.025859	 0.00027707	  -0.015387	
15	23	 3.4601e-06	 5.0423e-06	     149.47	    0.50076	-9.7531e+92	-9.7531e+92	  0.0073103	 3.6791e-05	     0.0000	  -0.028320	 0.00023230	   -0.21177	
15	24	 1.1499e-15	 1.6757e-15	     189.75	    0.21485	-9.7531e+92	-9.7531e+92	 8.2794e-05	 3.7810e-05	     0.0000	-0.00066317	 0.00021193	 -0.0011192	
16	0	   0.010278	     0.0000	     217.18	    0.12904	-9.7531e+92	-9.7531e+92	     0.0000	 7.5299e-06	     0.0000	     0.0000	-7.3904e-15	     0.0000	
16	1	   0.048566	     0.0000	     207.46	    0.15366	-9.7531e+92	-9.7531e+92	     0.0000	 3.4477e-05	     0.0000	     0.0000	-4.3502e-14	     0.0000	
16	2	  0.0034309	     0.0000	     68.097	     2.4691	-9.7531e+92	-9.7531e+92	     0.0000	 2.4473e-06	     0.0000	     0.0000	-9.1800e-15	     0.0000	
16	3	   0.092417	     0.0000	     111.94	     1.1671	-9.7531e+92	-9.7531e+92	     0.0000	 6.7309e-05	     0.0000	     0.0000	-2.0639e-12	     0.0000	
16	4	   0.050973	     0.0000	     75.439	     2.2661	-9.7531e+92	-9.7531e+92	     0.0000	 3.6697e-05	     0.0000	     0.0000	-2.6105e-13	     0.0000	
16	5	   0.010973	     0.0000	     71.546	     2.3771	-9.7531e+92	-9.7531e+92	     0.0000	 8.7805e-06	     0.0000	     0.0000	-4.2601e-14	     0.0000	
16	6	  0.0018364	     0.0000	     111.89	     1.1685	-9.7531e+92	-9.7531e+92	     0.0000	 1.4898e-06	     0.0000	     0.0000	-1.2147e-14	     0.0000	
16	7	  0.0028758	     0.0000	     137.28	    0.65913	-9.7531e+92	-9.7531e+92	     0.0000	 2.3189e-06	     0.0000	     0.0000	-1.8924e-14	     0.0000	
16	8	   0.018414	     0.0000	     112.87	     1.1438	-9.7531e+92	-9.7531e+92	     0.0000	 1.4996e-05	     0.0000	     0.0000	-1.2012e-13	     0.0000	
16	9	   0.010199	     0.0000	     159.83	    0.39862	-9.7531e+92	-9.7531e+92	     0.0000	 7.6009e-06	     0.0000	     0.0000	-5.9767e-14	     0.0000	
16	10	    0.10924	     0.0000	     147.94	    0.51817	-9.7531e+92	-9.7531e+92	     0.0000	 9.1901e-05	     0.0000	     0.0000	-6.4488e-13	     0.0000	
16	11	    0.15925	     0.0000	     142.85	    0.58099	-9.7531e+92	-9.7531e+92	     0.0000	 0.00013162	     0.0000	     0.0000	-1.1652e-12	     0.0000	
16	12	   0.040363	     0.0000	     115.95	     1.0685	-9.7531e+92	-9.7531e+92	     0.0000	 3.3879e-05	     0.0000	     0.0000	-2.9713e-13	     0.0000	
16	13	  0.0010890	     0.0000	     153.85	    0.45440	-9.7531e+92	-9.7531e+92	     0.0000	 7.7792e-07	     0.0000	     0.0000	 1.2606e-15	     0.0000	
16	14	  0.0014567	     0.0000	     121.20	    0.94999	-9.7531e+92	-9.7531e+92	     0.0000	 1.0906e-06	     0.0000	     0.0000	-9.3634e-15	     0.0000	
16	15	   0.013246	     0.0000	     65.362	     2.5370	-9.7531e+92	-9.7531e+92	     0.0000	 1.0135e-05	     0.0000	     0.0000	-7.3911e-14	     0.0000	
16	16	     0.0000	     0.0000	     0.0000	     3.0000	-9.7531e+92	-9.7531e+92	     0.0000	     0.0000	     0.0000	     0.0000	     0.0000	     0.0000	
16	17	   0.013680	     0.0000	     148.25	    0.51453	-9.7531e+92	-9.7531e+92	     0.0000	 1.1244e-05	     0.0000	     0.0000	 2.2953e-13	     0.0000	
16	18	   0.031997	     0.0000	     110.59	     1.2021	-9.7531e+92	-9.7531e+92	     0.0000	 2.3183e-05	     0.0000	     0.0000	-9.5070e-14	     0.0000	
16	19	    0.18111	     0.0000	     73.024	     2.3358	-9.7531e+92	-9.7531e+92	     0.0000	 0.00014894	     0.0000	     0.0000	-1.2245e-12	     0.0000	
16	20	   0.034027	     0.0000	     74.477	     2.2942	-9.7531e+92	-9.7531e+92	     0.0000	 2.7883e-05	     0.0000	     0.0000	-2.1750e-13	     0.0000	
16	21	   0.016565	     0.0000	     180.81	    0.25669	-9.7531e+92	-9.7531e+92	     0.0000	 1.3395e-05	     0.0000	     0.0000	-1.1764e-13	     0.0000	
16	22	  0.0034302	     0.0000	     106.73	     1.3057	-9.7531e+92	-9.7531e+92	     0.0000	 2.6885e-06	     0.0000	     0.0000	-2.0449e-14	     0.0000	
16	23	   0.028568	     0.0000	     136.77	    0.66684	-9.7531e+92	-9.7531e+92	     0.0000	 2.2046e-05	     0.0000	     0.0000	-1.9988e-13	     0.0000	
16	24	   0.088550	     0.0000	     177.80	    0.27291	-9.7531e+92	-9.7531e+92	     0.0000	 7.2705e-05	     0.0000	     0.0000	-6.4896e-13	     0.0000	
17	0	 2.1220e-12	 8.5006e-13	     353.56	   0.019078	-9.7531e+92	-9.7531e+92	  0.0019242	 2.2055e-06	     0.0000	  -0.047218	 5.3916e-06	 -0.0061874	
17	1	 6.7800e-12	 2.7160e-12	     342.57	   0.021626	-9.7531e+92	-9.7531e+92	  0.0020123	 2.1782e-06	     0.0000	  -0.010386	 5.3627e-06	 -0.0071328	
17	2	    0.11603	   0.046481	     160.64	    0.39167	-9.7531e+92	-9.7531e+92	   0.030234	  0.0034953	     0.0000	  0.0012045	  0.0042285	  0.0010871	
17	3	    0.33060	    0.13244	     122.41	    0.92444	-9.7531e+92	-9.7531e+92	   0.041847	  0.0084637	   0.032061	   0.079519	  -0.016177	-6.1398e-05	
17	4	    0.44534	    0.17840	     73.525	     2.3215	-9.7531e+92	-9.7531e+92	   0.054193	  0.0047832	   0.047523	   0.039565	  -0.091226	  -0.075014	
17	5	 0.00065828	 0.00026370	     219.60	    0.12368	-9.7531e+92	-9.7531e+92	  0.0012406	 2.4550e-05	     0.0000	 -0.0023457	-4.3872e-06	-0.00022491	
17	6	 3.5369e-12	 1.4169e-12	     251.72	   0.072906	-9.7531e+92	-9.7531e+92	  0.0010749	 2.2744e-06	     0.0000	 -0.0099047	-6.6544e-07	-0.00052322	
17	7	 5.8076e-12	 2.3265e-12	     281.54	   0.047004	-9.7531e+92	-9.7531e+92	 0.00065718	 2.2873e-06	     0.0000	-0.00032291	-7.8140e-07	-0.00029928	
17	8	 5.7448e-13	 2.3013e-13	     258.50	   0.065716	-9.7531e+92	-9.7531e+92	 0.00014367	 2.2992e-06	     0.0000	 -0.0010313	-1.3901e-06	-1.8515e-05	
17	9	 2.9170e-12	 1.1685e-12	     293.28	   0.040011	-9.7531e+92	-9.7531e+92	  0.0058759	 2.1494e-06	     0.0000	 -0.0044242	-4.1899e-07	 -0.0023455	
17	10	 1.4642e-12	 5.8657e-13	     270.72	   0.054831	-9.7531e+92	-9.7531e+92	 1.5051e-05	 2.3299e-06	     0.0000	-1.7876e-05	-2.0815e-06	 9.2421e-08	
17	11	 5.1774e-13	 2.0740e-13	     290.18	   0.041722	-9.7531e+92	-9.7531e+92	 1.9446e-05	 2.3299e-06	     0.0000	-7.2750e-05	-2.0148e-06	 3.7061e-07	
17	12	 6.7152e-12	 2.6901e-12	     225.22	    0.11223	-9.7531e+92	-9.7531e+92	 1.9175e-05	 2.2908e-06	     0.0000	-2.9221e-05	-1.5576e-06	 1.4193e-07	
17	13	  0.0053721	  0.0021520	     287.27	   0.043413	-9.7531e+92	-9.7531e+92	   0.014121	 0.00017312	     0.0000	  -0.038882	 0.00063851	  -0.018054	
17	14	  0.0077598	  0.0031085	     254.84	   0.069479	-9.7531e+92	-9.7531e+92	  0.0080795	 0.00025115	     0.0000	 -0.0037942	 0.00047529	 -0.0055500	
17	15	   0.043696	   0.017504	     175.81	    0.28425	-9.7531e+92	-9.7531e+92	   0.017808	  0.0014003	  0.0066978	  0.0066905	 0.00019558	 0.00036346	
17	16	 2.6880e-12	 1.0768e-12	     148.25	    0.51453	-9.7531e+92	-9.7531e+92	 1.3350e-05	 2.2287e-06	     0.0000	 2.9802e-09	 8.4050e-06	 5.2589e-10	
17	17	     0.0000	     0.0000	     0.0000	     3.0000	-9.7531e+92	-9.7531e+92	    0.20179	     0.0000	    0.20137	     0.0000	     0.0000	     0.0000	
17	18	  0.0022120	 0.00088611	     258.46	   0.065759	-9.7531e+92	-9.7531e+92	  0.0046988	 7.5222e-05	     0.0000	-5.8694e-05	 0.00010521	 -0.0053235	
17	19	 5.5007e-05	 2.2036e-05	     187.53	    0.22442	-9.7531e+92	-9.7531e+92	 0.00040956	 3.9075e-06	 0.00017446	-0.00015594	 8.3042e-07	-3.5316e-06	
17	20	 5.8165e-13	 2.3301e-13	     207.02	    0.15490	-9.7531e+92	-9.7531e+92	 0.00020076	 2.2002e-06	     0.0000	-0.00049636	-2.2249e-07	-4.7536e-06	
17	21	 6.3934e-12	 2.5612e-12	     326.31	   0.026229	-9.7531e+92	-9.7531e+92	 0.00015924	 2.3116e-06	     0.0000	 -0.0013724	-1.3302e-06	-5.8786e-05	
17	22	   0.048275	   0.019339	     106.10	     1.3231	-9.7531e+92	-9.7531e+92	   0.012999	 0.00098013	   0.010929	   0.010314	  0.0062814	  0.0057256	
17	23	 1.3929e-12	 5.5801e-13	     284.58	   0.045056	-9.7531e+92	-9.7531e+92	 0.00099884	 2.1993e-06	     0.0000	 -0.0032443	-1.6572e-06	-0.00014935	
17	24	 8.9312e-12	 3.5778e-12	     325.25	   0.026569	-9.7531e+92	-9.7531e+92	 1.8932e-05	 2.3333e-06	     0.0000	-7.5083e-05	-2.0344e-06	 6.8421e-07	
18	0	    0.16158	    0.47024	     116.29	     1.0606	-9.7531e+92	-9.7531e+92	    0.16814	    0.13654	     0.0000	   0.059013	    -1.6337	   -0.17107	
18	1	    0.10976	    0.31944	     111.77	     1.1715	-9.7531e+92	-9.7531e+92	    0.13379	   0.088698	     0.0000	  0.0040971	    -1.1262	  -0.056744	
18	2	   0.052568	    0.15299	     137.27	    0.65930	-9.7531e+92	-9.7531e+92	    0.10035	   0.042118	     0.0000	 -0.0052358	   -0.55256	   0.097746	
18	3	 0.00037128	  0.0010805	     199.21	    0.17912	-9.7531e+92	-9.7531e+92	   0.013120	 0.00038662	     0.0000	  -0.010820	 -0.0043835	   0.048944	
18	4	 7.1872e-05	 0.00020916	     186.18	    0.23049	-9.7531e+92	-9.7531e+92	  0.0060851	 0.00012235	     0.0000	  -0.011961	 -0.0015077	   0.035457	
18	5	   0.048193	    0.14025	     53.346	     2.7752	-9.7531e+92	-9.7531e+92	   0.043909	   0.039397	     0.0000	  0.0045943	   -0.55800	  -0.073721	
18	6	   0.029304	   0.085282	     36.723	     2.9464	-9.7531e+92	-9.7531e+92	   0.047903	   0.025964	     0.0000	 -0.0029453	   -0.35065	   0.024193	
18	7	   0.027463	   0.079926	     38.248	     2.9371	-9.7531e+92	-9.7531e+92	   0.036997	   0.023399	     0.0000	 4.0364e-05	   -0.32428	 -0.0062904	
18	8	  0.0033639	  0.0097898	     75.421	     2.2666	-9.7531e+92	-9.7531e+92	  0.0068951	  0.0025290	     0.0000	-9.7259e-05	  -0.036060	  0.0012871	
18	9	   0.016410	   0.047757	     96.665	     1.6016	-9.7531e+92	-9.7531e+92	    0.17737	   0.011486	     0.0000	 -0.0043725	   -0.18675	    0.29268	
18	10	 4.5295e-06	 1.3182e-05	     118.82	     1.0023	-9.7531e+92	-9.7531e+92	 0.00012193	 5.7180e-05	     0.0000	-1.2946e-05	-0.00074142	 5.1365e-05	
18	11	 0.00042494	  0.0012367	     81.269	     2.0888	-9.7531e+92	-9.7531e+92	 0.00055031	 0.00036058	     0.0000	 4.3795e-05	 -0.0048089	-0.00034646	
18	12	 1.5454e-06	 4.4976e-06	     120.73	    0.96010	-9.7531e+92	-9.7531e+92	 0.00013877	 5.3359e-05	     0.0000	-2.0684e-05	-0.00069210	 8.7113e-05	
18	13	    0.42688	     1.2423	     87.611	     1.8878	-9.7531e+92	-9.7531e+92	    0.40154	    0.29887	     0.0000	   0.067447	    -4.6575	   -0.48588	
18	14	   0.081248	    0.23645	     78.249	     2.1820	-9.7531e+92	-9.7531e+92	    0.11339	   0.059965	     0.0000	-9.4274e-05	   -0.94875	  0.0029998	
18	15	  0.0045138	   0.013136	     116.73	     1.0502	-9.7531e+92	-9.7531e+92	   0.017037	  0.0041691	     0.0000	  -0.010813	  -0.053940	   0.051688	
18	16	 1.2645e-15	 3.6799e-15	     110.59	     1.2021	-9.7531e+92	-9.7531e+92	 9.6986e-05	 6.3179e-05	     0.0000	 3.1316e-09	-0.00081480	-1.0493e-08	
18	17	 1.8854e-15	 5.4870e-15	     258.46	   0.065759	-9.7531e+92	-9.7531e+92	 0.00028727	 6.6841e-05	     0.0000	-0.00095441	-0.00086680	  0.0022850	
18	18	     0.0000	     0.0000	     0.0000	     3.0000	-9.7531e+92	-9.7531e+92	     1.5237	     0.0000	     1.2418	     0.0000	     0.0000	     0.0000	
18	19	 4.3063e-05	 0.00012532	     118.15	     1.0174	-9.7531e+92	-9.7531e+92	 0.00048101	 9.7469e-05	     0.0000	-0.00019289	 -0.0012930	  0.0011037	
18	20	  0.0054996	   0.016005	     90.275	     1.8027	-9.7531e+92	-9.7531e+92	  0.0051176	  0.0039449	 0.00050303	 0.00053939	  -0.055445	 -0.0060304	
18	21	  0.0047830	   0.013920	     79.511	     2.1434	-9.7531e+92	-9.7531e+92	   0.010815	  0.0042701	     0.0000	-0.00077208	  -0.057644	   0.011202	
18	22	 1.6388e-08	 4.7693e-08	     205.13	    0.16037	-9.7531e+92	-9.7531e+92	  0.0010440	 6.3108e-05	     0.0000	 -0.0049946	-0.00084616	   0.011736	
18	23	   0.026549	   0.077263	     36.898	     2.9454	-9.7531e+92	-9.7531e+92	    0.10003	   0.021395	     0.0000	 -0.0022526	   -0.30878	    0.11175	
18	24	 0.00096909	  0.0028203	     74.739	     2.2865	-9.7531e+92	-9.7531e+92	  0.0010462	 0.00085806	     0.0000	 0.00011679	  -0.011393	 -0.0013232	
19	0	 0.00029055	 0.00015881	     234.49	   0.096052	-9.7531e+92	-9.7531e+92	  0.0063856	 9.4469e-06	     0.0000	  -0.041280	 -0.0012568	    0.26052	
19	1	 0.00069932	 0.00038223	     226.57	    0.10968	-9.7531e+92	-9.7531e+92	  0.0064512	 2.0535e-05	     0.0000	 -0.0090360	 -0.0026672	    0.27330	
19	2	    0.15155	   0.082834	     139.30	    0.62950	-9.7531e+92	-9.7531e+92	   0.035318	  0.0038913	     0.0000	  0.0042031	   -0.54418	   -0.17941	
19	3	   0.018181	  0.0099375	     184.07	    0.24039	-9.7531e+92	-9.7531e+92	  0.0083002	 0.00047236	     0.0000	 -0.0020951	  -0.065260	   0.021666	
19	4	    0.14302	   0.078172	     119.82	    0.98008	-9.7531e+92	-9.7531e+92	   0.025516	  0.0029150	   0.016415	   0.054069	   -0.53888	   -0.46369	
19	5	    0.16082	   0.087900	     64.874	     2.5486	-9.7531e+92	-9.7531e+92	   0.025630	  0.0041736	   0.017117	   0.017596	   -0.61769	   -0.54471	
19	6	  0.0018551	  0.0010140	     133.74	    0.71443	-9.7531e+92	-9.7531e+92	  0.0040931	 5.3095e-05	     0.0000	 -0.0082891	 -0.0074534	    0.14416	
19	7	 0.00011245	 6.1465e-05	     154.38	    0.44913	-9.7531e+92	-9.7531e+92	  0.0023319	 4.9529e-06	     0.0000	-0.00028209	-0.00069596	   0.093047	
19	8	   0.051945	   0.028392	     80.536	     2.1117	-9.7531e+92	-9.7531e+92	  0.0098577	  0.0013799	  0.0076346	  0.0095096	   -0.20138	   -0.18142	
19	9	 9.0051e-06	 4.9220e-06	     193.08	    0.20137	-9.7531e+92	-9.7531e+92	   0.018303	 1.9731e-06	     0.0000	 -0.0038824	-0.00029269	    0.55082	
19	10	  0.0026414	  0.0014437	     85.643	     1.9506	-9.7531e+92	-9.7531e+92	 0.00040553	 7.0666e-05	 0.00035411	  0.0012863	  -0.010259	 -0.0096791	
19	11	 0.00060943	 0.00033310	     108.78	     1.2499	-9.7531e+92	-9.7531e+92	 0.00026452	 1.8728e-05	 0.00011792	 0.00012420	 -0.0026622	 -0.0015695	
19	12	   0.015320	  0.0083735	     44.530	     2.8865	-9.7531e+92	-9.7531e+92	  0.0021921	 0.00025906	  0.0021306	  0.0033775	  -0.040157	  -0.038561	
19	13	    0.15537	   0.084922	     184.51	    0.23831	-9.7531e+92	-9.7531e+92	   0.044902	  0.0039937	     0.0000	 -0.0030577	   -0.52286	   0.048611	
19	14	   0.015779	  0.0086242	     166.55	    0.34505	-9.7531e+92	-9.7531e+92	   0.011721	 0.00042100	     0.0000	 -0.0033666	  -0.056335	    0.23246	
19	15	   0.033285	   0.018193	     131.26	    0.75593	-9.7531e+92	-9.7531e+92	   0.012098	 0.00089273	     0.0000	  0.0020466	   -0.12761	  -0.020788	
19	16	 1.4669e-15	 8.0175e-16	     73.024	     2.3358	-9.7531e+92	-9.7531e+92	 1.8215e-05	 1.6529e-06	     0.0000	 1.9438e-09	-0.00013757	-8.8004e-09	
19	17	 1.5512e-14	 8.4786e-15	     187.53	    0.22442	-9.7531e+92	-9.7531e+92	 0.00068876	 1.7361e-06	 0.00011529	-0.00066904	-0.00026223	  0.0037809	
19	18	    0.10689	   0.058424	     118.15	     1.0174	-9.7531e+92	-9.7531e+92	   0.029340	  0.0028330	     0.0000	 4.5027e-06	   -0.39054	  -0.035331	
19	19	     0.0000	     0.0000	     0.0000	     3.0000	-9.7531e+92	-9.7531e+92	    0.27412	     0.0000	    0.27380	     0.0000	     0.0000	     0.0000	
19	20	    0.11652	   0.063686	     28.400	     2.9806	-9.7531e+92	-9.7531e+92	   0.016943	  0.0026950	   0.016076	   0.026297	   -0.42776	   -0.41194	
19	21	 6.1596e-07	 3.3667e-07	     197.71	    0.18427	-9.7531e+92	-9.7531e+92	 0.00049921	 1.8815e-06	     0.0000	 -0.0012043	-0.00026387	   0.036901	
19	22	   0.024309	   0.013287	     93.933	     1.6868	-9.7531e+92	-9.7531e+92	  0.0071897	 0.00051145	  0.0043662	   0.010460	  -0.091396	  -0.070319	
19	23	 0.00078751	 0.00043043	     121.29	    0.94810	-9.7531e+92	-9.7531e+92	  0.0038995	 2.2643e-05	     0.0000	 -0.0026901	 -0.0033607	    0.28464	
19	24	 6.0386e-06	 3.3005e-06	     150.08	    0.49393	-9.7531e+92	-9.7531e+92	 5.3707e-05	 2.0440e-06	     0.0000	-6.4818e-05	-0.00028799	  0.0015163	
20	0	 0.00020917	 0.00012648	     206.61	    0.15606	-9.7531e+92	-9.7531e+92	   0.011221	 1.4002e-05	     0.0000	  -0.073233	 -0.0011817	    0.30613	
20	1	  0.0022392	  0.0013540	     199.20	    0.17914	-9.7531e+92	-9.7531e+92	   0.010181	 0.00012197	     0.0000	  -0.015706	 -0.0097043	    0.31435	
20	2	   0.058538	   0.035396	     139.77	    0.62284	-9.7531e+92	-9.7531e+92	   0.024694	  0.0030153	     0.0000	 -0.0063992	   -0.25480	    0.17163	
20	3	  0.0066998	  0.0040511	     185.64	    0.23299	-9.7531e+92	-9.7531e+92	  0.0059413	 0.00035824	     0.0000	  -0.011130	  -0.029261	   0.072441	
20	4	    0.10460	   0.063247	     135.08	    0.69295	-9.7531e+92	-9.7531e+92	   0.019300	  0.0050708	  0.0092317	   0.087603	   -0.47545	   -0.37593	
20	5	    0.12463	   0.075357	     39.691	     2.9273	-9.7531e+92	-9.7531e+92	   0.023435	  0.0061177	   0.014018	   0.018206	   -0.58093	   -0.48063	
20	6	  0.0097987	  0.0059249	     111.59	     1.1762	-9.7531e+92	-9.7531e+92	  0.0060665	 0.00053583	     0.0000	  -0.011629	  -0.046862	    0.13518	
20	7	  0.0014529	 0.00087851	     126.68	    0.83907	-9.7531e+92	-9.7531e+92	  0.0037302	 8.2109e-05	     0.0000	-0.00047265	 -0.0072256	    0.10421	
20	8	   0.078024	   0.047178	     51.987	     2.7958	-9.7531e+92	-9.7531e+92	   0.013959	  0.0034657	   0.011500	   0.016900	   -0.34078	   -0.30480	
20	9	 3.3000e-05	 1.9954e-05	     174.09	    0.29453	-9.7531e+92	-9.7531e+92	   0.016362	 5.0660e-06	     0.0000	 -0.0068791	-0.00047166	    0.65206	
20	10	 0.00048644	 0.00029413	     74.457	     2.2947	-9.7531e+92	-9.7531e+92	 0.00012283	 2.5860e-05	 6.5945e-05	 0.00032225	 -0.0023079	 -0.0018044	
20	11	  0.0013612	 0.00082305	     83.734	     2.0113	-9.7531e+92	-9.7531e+92	 0.00037609	 7.4608e-05	 0.00021390	 0.00055969	 -0.0067205	 -0.0051761	
20	12	  0.0050998	  0.0030837	     45.010	     2.8817	-9.7531e+92	-9.7531e+92	 0.00087499	 0.00018069	 0.00080690	  0.0017327	  -0.014906	  -0.013364	
20	13	   0.039114	   0.023650	     165.04	    0.35635	-9.7531e+92	-9.7531e+92	   0.037817	  0.0019641	     0.0000	  -0.048087	   -0.15881	    0.50418	
20	14	   0.043040	   0.026024	     147.73	    0.52061	-9.7531e+92	-9.7531e+92	   0.017856	  0.0022423	     0.0000	 -0.0035367	   -0.18597	    0.16192	
20	15	   0.038833	   0.023481	     124.66	    0.87845	-9.7531e+92	-9.7531e+92	   0.011896	  0.0020795	     0.0000	  0.0072388	   -0.18208	  -0.049085	
20	16	 7.7844e-14	 4.7069e-14	     74.477	     2.2942	-9.7531e+92	-9.7531e+92	 2.0151e-05	 3.4614e-06	     0.0000	 3.9972e-09	-0.00028910	-1.8225e-08	
20	17	 7.8332e-14	 4.7365e-14	     207.02	    0.15490	-9.7531e+92	-9.7531e+92	 0.00052326	 3.6412e-06	     0.0000	 -0.0013290	-0.00032377	  0.0045016	
20	18	    0.44165	    0.26705	     90.275	     1.8027	-9.7531e+92	-9.7531e+92	   0.078803	   0.021864	   0.020226	     0.0000	    -1.9803	    -1.4483	
20	19	   0.038405	   0.023222	     28.400	     2.9806	-9.7531e+92	-9.7531e+92	  0.0061676	  0.0015698	  0.0058128	   0.012459	   -0.15368	   -0.14209	
20	20	     0.0000	     0.0000	     0.0000	     3.0000	-9.7531e+92	-9.7531e+92	    0.30376	     0.0000	    0.30280	     0.0000	     0.0000	     0.0000	
20	21	 5.8793e-07	 3.5550e-07	     169.84	    0.32188	-9.7531e+92	-9.7531e+92	 0.00079965	 3.6833e-06	     0.0000	 -0.0021342	-0.00032332	   0.043743	
20	22	  0.0029616	  0.0017907	     116.48	     1.0560	-9.7531e+92	-9.7531e+92	  0.0034329	 0.00014922	 0.00030941	 -0.0028219	  -0.014299	  0.0096054	
20	23	  0.0028156	  0.0017025	     93.058	     1.7144	-9.7531e+92	-9.7531e+92	  0.0071729	 0.00014816	     0.0000	 -0.0044003	  -0.013832	    0.32834	
20	24	 1.3533e-05	 8.1829e-06	     121.85	    0.93617	-9.7531e+92	-9.7531e+92	 8.9546e-05	 4.3749e-06	     0.0000	-0.00011192	-0.00038860	  0.0017648	
21	0	    0.17639	    0.12931	     39.458	     2.9290	-9.7531e+92	-9.7531e+92	   0.048311	   0.014448	     0.0000	   0.033772	   0.069448	   0.021634	
21	1	    0.15167	    0.11118	     57.297	     2.7081	-9.7531e+92	-9.7531e+92	   0.042381	  0.0091458	     0.0000	 0.00072073	  -0.021250	 -0.0033662	
21	2	 0.00034242	 0.00025102	     197.19	    0.18609	-9.7531e+92	-9.7531e+92	   0.016005	 3.7596e-05	     0.0000	 -0.0053499	 0.00024856	  -0.021137	
21	3	 5.2105e-06	 3.8197e-06	     259.71	   0.064522	-9.7531e+92	-9.7531e+92	  0.0027296	 7.0429e-06	     0.0000	 -0.0053578	 4.5681e-05	 -0.0051893	
21	4	 6.3382e-07	 4.6464e-07	     253.96	   0.070430	-9.7531e+92	-9.7531e+92	 0.00098265	 6.4072e-06	     0.0000	 -0.0058590	 3.7727e-05	 -0.0033752	
21	5	 0.00030297	 0.00022210	     132.91	    0.72808	-9.7531e+92	-9.7531e+92	  0.0028555	 3.6453e-05	     0.0000	 -0.0013042	 0.00017632	 -0.0029411	
21	6	   0.022310	   0.016355	     78.899	     2.1621	-9.7531e+92	-9.7531e+92	   0.010251	  0.0019248	     0.0000	-0.00039556	   0.011824	 -0.0034008	
21	7	    0.23395	    0.17151	     44.967	     2.8822	-9.7531e+92	-9.7531e+92	   0.047153	   0.019999	   0.029035	     0.0000	    0.15504	   0.052684	
21	8	  0.0011582	 0.00084906	     132.38	    0.73687	-9.7531e+92	-9.7531e+92	 0.00074696	 0.00012073	     0.0000	-0.00039814	 0.00056683	-0.00053993	
21	9	   0.015626	   0.011455	     83.320	     2.0244	-9.7531e+92	-9.7531e+92	   0.032687	  0.0013560	     0.0000	 -0.0021455	  0.0080782	  -0.025270	
21	10	 7.9920e-09	 5.8588e-09	     171.26	    0.31241	-9.7531e+92	-9.7531e+92	 2.8168e-05	 6.8436e-06	     0.0000	-9.7039e-06	 2.8506e-05	-5.1294e-06	
21	11	 0.00013931	 0.00010213	     128.65	    0.80225	-9.7531e+92	-9.7531e+92	 8.1433e-05	 2.0650e-05	     0.0000	-1.2247e-05	 9.2211e-05	-1.1726e-05	
21	12	 7.1157e-16	 5.2164e-16	     187.39	    0.22505	-9.7531e+92	-9.7531e+92	 2.8654e-05	 6.8561e-06	     0.0000	-1.5876e-05	 2.8116e-05	-8.5992e-06	
21	13	    0.21370	    0.15666	     76.619	     2.2311	-9.7531e+92	-9.7531e+92	   0.067650	   0.017698	     0.0000	  0.0055818	    0.12195	  0.0098208	
21	14	   0.070538	   0.051710	     101.18	     1.4647	-9.7531e+92	-9.7531e+92	   0.028539	  0.0060769	     0.0000	-0.00036812	   0.035312	 -0.0025993	
21	15	 1.7639e-05	 1.2931e-05	     175.65	    0.28523	-9.7531e+92	-9.7531e+92	  0.0025225	 8.3125e-06	     0.0000	 -0.0062958	 4.1270e-05	 -0.0054207	
21	16	 1.9431e-17	 1.4245e-17	     180.81	    0.25669	-9.7531e+92	-9.7531e+92	 2.4430e-05	 6.8372e-06	     0.0000	 1.7003e-09	 3.8975e-05	 8.2007e-10	
21	17	 3.0600e-17	 2.2432e-17	     326.31	   0.026229	-9.7531e+92	-9.7531e+92	 5.6920e-05	 6.9741e-06	     0.0000	-0.00046550	 2.6946e-05	-0.00018443	
21	18	    0.10241	   0.075074	     79.511	     2.1434	-9.7531e+92	-9.7531e+92	   0.034533	  0.0088390	     0.0000	 1.8273e-06	   0.051554	  0.0011256	
21	19	 2.7150e-10	 1.9903e-10	     197.71	    0.18427	-9.7531e+92	-9.7531e+92	 5.5532e-05	 6.8482e-06	     0.0000	-0.00011932	 2.8647e-05	-9.8248e-05	
21	20	 4.0411e-06	 2.9625e-06	     169.84	    0.32188	-9.7531e+92	-9.7531e+92	 0.00022556	 7.1436e-06	     0.0000	-0.00030363	 3.1399e-05	-0.00028681	
21	21	     0.0000	     0.0000	     0.0000	     3.0000	-9.7531e+92	-9.7531e+92	    0.36940	     0.0000	    0.36227	     0.0000	     0.0000	     0.0000	
21	22	 9.7578e-16	 7.1533e-16	     284.69	   0.044983	-9.7531e+92	-9.7531e+92	 0.00017749	 6.6033e-06	     0.0000	 -0.0024467	 2.8268e-05	-0.00096799	
21	23	   0.010196	  0.0074742	     78.648	     2.1698	-9.7531e+92	-9.7531e+92	   0.025250	 0.00090633	     0.0000	 -0.0015220	  0.0066190	  -0.012217	
21	24	  0.0012452	 0.00091285	     85.071	     1.9688	-9.7531e+92	-9.7531e+92	 0.00033532	 0.00012485	     0.0000	 8.6362e-05	 0.00076836	 0.00015848	
22	0	 4.6666e-07	 3.1298e-07	     321.47	   0.027830	-9.7531e+92	-9.7531e+92	  0.0027093	 1.1205e-05	     0.0000	   -0.24437	 3.6669e-05	  -0.047567	
22	1	 6.3800e-06	 4.2789e-06	     312.59	   0.031097	-9.7531e+92	-9.7531e+92	  0.0027828	 1.2012e-05	     0.0000	  -0.053747	 3.9499e-05	  -0.053349	
22	2	   0.071423	   0.047902	     161.29	    0.38622	-9.7531e+92	-9.7531e+92	   0.039888	   0.010744	     0.0000	  -0.010980	   0.022122	  -0.016255	
22	3	    0.10341	   0.069354	     164.94	    0.35711	-9.7531e+92	-9.7531e+92	   0.037002	   0.014238	   0.020617	    0.11552	   0.013398	   0.035987	
22	4	    0.76016	    0.50983	     82.638	     2.0459	-9.7531e+92	-9.7531e+92	    0.14115	   0.026813	    0.12999	    0.13645	   -0.84370	   -0.65191	
22	5	   0.014885	  0.0099831	     151.89	    0.47454	-9.7531e+92	-9.7531e+92	  0.0051766	  0.0025471	     0.0000	-0.00052895	  0.0015848	-0.00019205	
22	6	 1.7233e-05	 1.1558e-05	     216.08	    0.13159	-9.7531e+92	-9.7531e+92	  0.0015745	 1.4416e-05	     0.0000	  -0.051239	 7.1943e-06	  -0.011430	
22	7	 1.1692e-13	 7.8415e-14	     241.36	   0.085874	-9.7531e+92	-9.7531e+92	 0.00095534	 1.1531e-05	     0.0000	 -0.0016712	 5.1176e-06	 -0.0069426	
22	8	 0.00028645	 0.00019212	     168.70	    0.32968	-9.7531e+92	-9.7531e+92	 0.00071224	 6.1215e-05	     0.0000	 -0.0049522	 1.1432e-05	-0.00090752	
22	9	 5.0744e-14	 3.4033e-14	     266.14	   0.058633	-9.7531e+92	-9.7531e+92	  0.0079217	 1.0830e-05	     0.0000	  -0.022897	 6.9667e-06	  -0.043974	
22	10	 3.5012e-14	 2.3482e-14	     176.66	    0.27933	-9.7531e+92	-9.7531e+92	 3.2111e-05	 1.1712e-05	     0.0000	-9.2456e-05	-1.1385e-06	-5.6100e-06	
22	11	 1.1722e-13	 7.8620e-14	     200.45	    0.17499	-9.7531e+92	-9.7531e+92	 4.1109e-05	 1.1731e-05	     0.0000	-0.00037648	-1.0670e-06	-4.2769e-05	
22	12	 0.00016190	 0.00010859	     131.16	    0.75767	-9.7531e+92	-9.7531e+92	 9.8271e-05	 3.9154e-05	 2.2754e-05	 0.00037907	 1.1271e-05	 2.3828e-05	
22	13	 0.00041661	 0.00027941	     260.15	   0.064098	-9.7531e+92	-9.7531e+92	   0.019074	 7.7650e-05	     0.0000	   -0.20728	 0.00035308	   -0.12992	
22	14	 0.00083383	 0.00055923	     227.39	    0.10817	-9.7531e+92	-9.7531e+92	  0.0097411	 0.00014684	     0.0000	  -0.023349	 0.00041321	  -0.048223	
22	15	  0.0072307	  0.0048495	     163.21	    0.37056	-9.7531e+92	-9.7531e+92	   0.023562	  0.0011714	  0.0049608	  -0.044383	  0.0011570	 -0.0068410	
22	16	 1.4033e-14	 9.4120e-15	     106.73	     1.3057	-9.7531e+92	-9.7531e+92	 2.2351e-05	 1.1175e-05	     0.0000	 1.5569e-08	 8.0953e-06	 7.5149e-10	
22	17	  0.0031937	  0.0021420	     106.10	     1.3231	-9.7531e+92	-9.7531e+92	  0.0042115	 0.00038499	  0.0035078	  0.0039561	  0.0031676	  0.0023200	
22	18	  0.0028215	  0.0018923	     205.13	    0.16037	-9.7531e+92	-9.7531e+92	  0.0081963	 0.00048082	     0.0000	-0.00030136	  0.0010679	  -0.047088	
22	19	   0.023339	   0.015653	     93.933	     1.6868	-9.7531e+92	-9.7531e+92	  0.0048447	  0.0036063	  0.0044511	   0.034265	  0.0083600	   0.010198	
22	20	   0.011810	  0.0079210	     116.48	     1.0560	-9.7531e+92	-9.7531e+92	  0.0026504	  0.0019351	  0.0015870	   0.016899	  0.0018462	  0.0025687	
22	21	 2.2374e-13	 1.5006e-13	     284.69	   0.044983	-9.7531e+92	-9.7531e+92	 0.00022614	 1.1647e-05	     0.0000	 -0.0071026	 2.3526e-06	 -0.0024286	
22	22	     0.0000	     0.0000	     0.0000	     3.0000	-9.7531e+92	-9.7531e+92	    0.35654	     0.0000	    0.35307	     0.0000	     0.0000	     0.0000	
22	23	 4.6040e-14	 3.0878e-14	     209.07	    0.14920	-9.7531e+92	-9.7531e+92	  0.0014687	 1.1088e-05	     0.0000	  -0.016791	 6.5418e-07	  -0.017306	
22	24	 1.0871e-13	 7.2910e-14	     237.89	   0.090842	-9.7531e+92	-9.7531e+92	 3.2079e-05	 1.1754e-05	     0.0000	-0.00038859	-1.2072e-06	-8.4823e-05	
23	0	    0.12593	   0.069951	     119.13	    0.99543	-9.7531e+92	-9.7531e+92	   0.029710	   0.020202	     0.0000	     0.0000	   -0.13599	     0.0000	
23	1	   0.088185	   0.048983	     132.72	    0.73117	-9.7531e+92	-9.7531e+92	   0.023420	   0.073384	     0.0000	   0.015758	     1.0316	   0.068952	
23	2	 0.00087385	 0.00048539	     168.40	    0.33177	-9.7531e+92	-9.7531e+92	   0.013231	 0.00083188	     0.0000	   -0.16879	   0.011288	   -0.94559	
23	3	 4.4037e-06	 2.4461e-06	     228.38	    0.10637	-9.7531e+92	-9.7531e+92	  0.0036881	 6.6438e-05	     0.0000	   -0.16995	 0.00086563	   -0.23276	
23	4	 4.5310e-06	 2.5168e-06	     212.30	    0.14074	-9.7531e+92	-9.7531e+92	  0.0010083	 6.4530e-05	     0.0000	   -0.18580	 0.00082408	   -0.15496	
23	5	   0.084492	   0.046932	     65.633	     2.5304	-9.7531e+92	-9.7531e+92	   0.013958	   0.077491	  0.0053076	    0.18729	    0.92633	    0.62818	
23	6	   0.034484	   0.019154	     73.330	     2.3271	-9.7531e+92	-9.7531e+92	  0.0095636	   0.029837	     0.0000	  -0.023468	    0.38115	  -0.050027	
23	7	   0.063237	   0.035126	     58.677	     2.6821	-9.7531e+92	-9.7531e+92	   0.013438	   0.052247	     0.0000	  0.0086817	    0.70645	    0.35027	
23	8	   0.015373	  0.0085390	     54.810	     2.7517	-9.7531e+92	-9.7531e+92	  0.0033893	   0.013957	  0.0011301	   0.050379	    0.16893	    0.10264	
23	9	  0.0023602	  0.0013110	     121.73	    0.93874	-9.7531e+92	-9.7531e+92	   0.020166	  0.0019562	     0.0000	  -0.074964	   0.026830	    -1.3120	
23	10	 7.6766e-05	 4.2641e-05	     95.614	     1.6342	-9.7531e+92	-9.7531e+92	 3.5564e-05	 0.00013476	     0.0000	 0.00055251	  0.0015521	 0.00044222	
23	11	 0.00063085	 0.00035041	     53.605	     2.7712	-9.7531e+92	-9.7531e+92	 0.00015663	 0.00063218	 7.6338e-06	  0.0026616	  0.0076737	  0.0038528	
23	12	 4.3270e-06	 2.4035e-06	     109.85	     1.2215	-9.7531e+92	-9.7531e+92	 3.1570e-05	 6.8073e-05	     0.0000	-0.00045623	 0.00075074	-0.00037407	
23	13	    0.16300	   0.090541	     113.01	     1.1402	-9.7531e+92	-9.7531e+92	   0.043846	    0.13001	     0.0000	  -0.028989	     1.9742	  -0.070037	
23	14	    0.24117	    0.13396	     114.84	     1.0952	-9.7531e+92	-9.7531e+92	   0.043725	    0.18603	     0.0000	    0.15636	     2.6863	     1.5135	
23	15	 0.00014946	 8.3017e-05	     149.47	    0.50076	-9.7531e+92	-9.7531e+92	  0.0033930	 0.00020353	     0.0000	   -0.19875	  0.0023796	   -0.25269	
23	16	 3.7083e-15	 2.0598e-15	     136.77	    0.66684	-9.7531e+92	-9.7531e+92	 1.8511e-05	 6.3391e-05	     0.0000	 5.3931e-08	 0.00071738	 3.9682e-08	
23	17	 6.1309e-15	 3.4055e-15	     284.58	   0.045056	-9.7531e+92	-9.7531e+92	 5.4244e-05	 6.6394e-05	     0.0000	  -0.014765	 0.00069080	 -0.0088423	
23	18	    0.14861	   0.082550	     36.898	     2.9454	-9.7531e+92	-9.7531e+92	   0.033625	    0.11173	     0.0000	 0.00055084	     1.6271	    0.48634	
23	19	 2.8125e-05	 1.5622e-05	     121.29	    0.94810	-9.7531e+92	-9.7531e+92	 0.00011198	 9.1938e-05	     0.0000	 -0.0035805	  0.0010022	 -0.0044414	
23	20	  0.0029071	  0.0016148	     93.058	     1.7144	-9.7531e+92	-9.7531e+92	 0.00079013	  0.0027923	     0.0000	  0.0087932	   0.031858	   0.012496	
23	21	   0.025244	   0.014022	     78.648	     2.1698	-9.7531e+92	-9.7531e+92	  0.0049544	   0.020765	     0.0000	   0.038065	    0.28544	    0.14081	
23	22	 7.6502e-09	 4.2494e-09	     209.07	    0.14920	-9.7531e+92	-9.7531e+92	 0.00017847	 6.2834e-05	     0.0000	  -0.077609	 0.00070141	  -0.046126	
23	23	     0.0000	     0.0000	     0.0000	     3.0000	-9.7531e+92	-9.7531e+92	    0.29239	     0.0000	    0.25078	     0.0000	     0.0000	     0.0000	
23	24	  0.0032232	  0.0017903	     40.708	     2.9198	-9.7531e+92	-9.7531e+92	 0.00052131	  0.0022785	 0.00026286	 0.00085989	   0.040608	   0.025367	
24	0	    0.41618	    0.16415	     123.34	    0.90511	-9.7531e+92	-9.7531e+92	   0.048749	  0.0022681	   0.018751	   0.020217	   -0.49871	   -0.38844	
24	1	   0.084493	   0.033326	     142.19	    0.58963	-9.7531e+92	-9.7531e+92	   0.014989	 0.00054133	     0.0000	 4.5330e-05	  -0.098788	 -0.0039038	
24	2	 0.00019920	 7.8568e-05	     210.29	    0.14595	-9.7531e+92	-9.7531e+92	  0.0068396	 1.7090e-06	     0.0000	 -0.0010123	-0.00031814	    0.11610	
24	3	 4.7201e-07	 1.8617e-07	     270.69	   0.054855	-9.7531e+92	-9.7531e+92	  0.0012834	 4.4977e-07	     0.0000	 -0.0010126	-8.0044e-05	   0.028196	
24	4	 6.1764e-08	 2.4361e-08	     253.16	   0.071301	-9.7531e+92	-9.7531e+92	 0.00046280	 4.2859e-07	     0.0000	 -0.0011071	-8.2587e-05	   0.019870	
24	5	   0.025187	  0.0099344	     106.34	     1.3165	-9.7531e+92	-9.7531e+92	  0.0048912	 0.00016998	     0.0000	 0.00015549	  -0.032387	  -0.011963	
24	6	  0.0029228	  0.0011528	     108.13	     1.2674	-9.7531e+92	-9.7531e+92	  0.0029880	 2.0083e-05	     0.0000	-0.00094189	 -0.0038468	   0.046041	
24	7	   0.022252	  0.0087768	     84.614	     1.9834	-9.7531e+92	-9.7531e+92	  0.0050340	 0.00014618	     0.0000	-3.2722e-06	  -0.028672	  0.0030331	
24	8	   0.016619	  0.0065548	     77.960	     2.1908	-9.7531e+92	-9.7531e+92	  0.0023562	 0.00011115	 0.00075202	 0.00031991	  -0.021587	  -0.015823	
24	9	 0.00022687	 8.9481e-05	     149.07	    0.50520	-9.7531e+92	-9.7531e+92	  0.0098992	 1.8412e-06	     0.0000	-0.00045319	-0.00037635	    0.18080	
24	10	 0.00022312	 8.8005e-05	     102.71	     1.4197	-9.7531e+92	-9.7531e+92	 4.2795e-05	 1.8217e-06	 5.6863e-06	 8.1712e-06	-0.00036290	-0.00023814	
24	11	   0.012605	  0.0049716	     56.094	     2.7297	-9.7531e+92	-9.7531e+92	  0.0012943	 5.7443e-05	  0.0011885	 7.6118e-05	  -0.013036	  -0.012325	
24	12	 3.6671e-06	 1.4464e-06	     132.31	    0.73810	-9.7531e+92	-9.7531e+92	 2.2755e-05	 4.8490e-07	     0.0000	-2.6944e-06	-9.2159e-05	 5.3614e-05	
24	13	   0.067086	   0.026460	     142.21	    0.58941	-9.7531e+92	-9.7531e+92	   0.021860	 0.00041064	     0.0000	 -0.0024949	  -0.076031	    0.11342	
24	14	   0.056385	   0.022240	     150.00	    0.49487	-9.7531e+92	-9.7531e+92	   0.013452	 0.00035578	     0.0000	-0.00015485	  -0.067216	   0.030364	
24	15	 3.6795e-05	 1.4513e-05	     189.75	    0.21485	-9.7531e+92	-9.7531e+92	  0.0013239	 6.9919e-07	     0.0000	 -0.0011888	-0.00013170	   0.033991	
24	16	 4.9831e-14	 1.9654e-14	     177.80	    0.27291	-9.7531e+92	-9.7531e+92	 1.3144e-05	 4.3327e-07	     0.0000	 2.1888e-10	-2.4667e-05	-1.4983e-09	
24	17	 6.8765e-15	 2.7122e-15	     325.25	   0.026569	-9.7531e+92	-9.7531e+92	 2.8455e-05	 4.7054e-07	     0.0000	-8.7960e-05	-8.7595e-05	  0.0012438	
24	18	    0.25020	   0.098685	     74.739	     2.2865	-9.7531e+92	-9.7531e+92	   0.032072	  0.0014871	     0.0000	 9.7367e-06	   -0.30670	   -0.18065	
24	19	 6.7200e-06	 2.6505e-06	     150.08	    0.49393	-9.7531e+92	-9.7531e+92	 5.3931e-05	 5.1169e-07	     0.0000	-2.2208e-05	-9.5900e-05	 0.00064753	
24	20	 0.00055514	 0.00021896	     121.85	    0.93617	-9.7531e+92	-9.7531e+92	 0.00033551	 4.2442e-06	     0.0000	-3.6431e-05	-0.00080938	  0.0012147	
24	21	   0.014067	  0.0055482	     85.071	     1.9688	-9.7531e+92	-9.7531e+92	  0.0024981	 9.3007e-05	     0.0000	 6.4017e-05	  -0.018229	 -0.0055071	
24	22	 3.9135e-14	 1.5436e-14	     237.89	   0.090842	-9.7531e+92	-9.7531e+92	 8.5955e-05	 4.4412e-07	     0.0000	-0.00046233	-8.6908e-05	  0.0064084	
24	23	   0.030752	   0.012129	     40.708	     2.9198	-9.7531e+92	-9.7531e+92	   0.026502	 0.00019040	     0.0000	-0.00017643	  -0.039499	   0.055080	
24	24	     0.0000	     0.0000	     0.0000	     3.0000	-9.7531e+92	-9.7531e+92	    0.19731	     0.0000	    0.19712	     0.0000	     0.0000	     0.0000	
