#source	Target	value	weight	distance	potential1	geneCorrelation	separation	influenceWeight	betweenness	influence'Weight	betweenness'	nbetweenness	nbetweenness'	
0	0	     0.0000	     0.0000	     0.0000	     3.0000	-9.7531e+92	-9.7531e+92	     2.8878	     0.0000	     2.6907	     0.0000	     0.0000	     0.0000	
0	1	   0.090365	    0.50272	     35.562	     2.9528	-9.7531e+92	-9.7531e+92	    0.24655	   0.090802	     0.0000	   0.014484	   -0.52223	   -0.11740	
0	2	  0.0021914	   0.012191	     211.35	    0.14318	-9.7531e+92	-9.7531e+92	    0.13941	  0.0030444	     0.0000	 -0.0064621	 -0.0071546	    0.19061	
0	3	  0.0021489	   0.011955	     273.88	   0.052386	-9.7531e+92	-9.7531e+92	   0.082404	  0.0025820	     0.0000	   -0.23085	-0.00011328	    0.31406	
0	4	 9.7210e-05	 0.00054080	     281.58	   0.046977	-9.7531e+92	-9.7531e+92	   0.047597	 0.00019298	     0.0000	   -0.11950	-0.00023737	    0.35467	
0	5	 0.00026858	  0.0014942	     169.69	    0.32292	-9.7531e+92	-9.7531e+92	  0.0060002	 0.00045218	     0.0000	 -0.0080116	 -0.0014341	  0.0092777	
0	6	  0.0068123	   0.037898	     105.31	     1.3454	-9.7531e+92	-9.7531e+92	   0.028542	  0.0090150	     0.0000	 -0.0049191	  -0.027724	  0.0050269	
0	7	    0.13119	    0.72986	     80.265	     2.1201	-9.7531e+92	-9.7531e+92	    0.24288	    0.14570	   0.068715	   0.043052	   -0.45974	   -0.18597	
0	8	 7.0065e-06	 3.8978e-05	     172.11	    0.30693	-9.7531e+92	-9.7531e+92	   0.034986	 9.9414e-05	     0.0000	  -0.034828	-0.00033533	   0.039510	
0	9	    0.36734	     2.0436	     86.890	     1.9108	-9.7531e+92	-9.7531e+92	    0.56706	    0.45521	    0.40833	    0.84381	    -1.5222	   -0.81505	
0	10	 1.2830e-15	 7.1377e-15	     210.64	    0.14503	-9.7531e+92	-9.7531e+92	 0.00020847	 9.7994e-05	     0.0000	-5.8991e-05	-0.00032678	 5.3684e-05	
0	11	 7.3730e-07	 4.1018e-06	     167.10	    0.34103	-9.7531e+92	-9.7531e+92	 0.00051247	 9.0083e-05	     0.0000	-0.00053016	-0.00024984	 0.00067681	
0	12	 2.1348e-16	 1.1876e-15	     226.76	    0.10933	-9.7531e+92	-9.7531e+92	 0.00020360	 9.8927e-05	     0.0000	-4.5118e-05	-0.00033546	 5.0441e-05	
0	13	   0.073012	    0.40618	     86.013	     1.9388	-9.7531e+92	-9.7531e+92	    0.22830	   0.075035	     0.0000	   0.023992	   -0.40037	  -0.039323	
0	14	   0.082214	    0.45738	     114.85	     1.0949	-9.7531e+92	-9.7531e+92	    0.47913	   0.086863	     0.0000	-3.1829e-05	   -0.41637	   0.039622	
0	15	 0.00029630	  0.0016484	     189.51	    0.21584	-9.7531e+92	-9.7531e+92	   0.013522	 0.00052152	     0.0000	     0.0000	 -0.0016624	   0.059454	
0	16	 2.2806e-15	 1.2687e-14	     217.18	    0.12904	-9.7531e+92	-9.7531e+92	 0.00018540	 9.9216e-05	     0.0000	 1.0765e-08	-0.00033081	-1.1318e-08	
0	17	 3.6551e-16	 2.0334e-15	     353.56	   0.019078	-9.7531e+92	-9.7531e+92	 0.00064693	 0.00010343	     0.0000	 -0.0016171	-0.00034859	  0.0089892	
0	18	    0.14739	    0.81994	     116.29	     1.0606	-9.7531e+92	-9.7531e+92	    0.39246	    0.16854	     0.0000	   0.061082	   -0.64638	   -0.12087	
0	19	 8.7294e-17	 4.8564e-16	     234.49	   0.096052	-9.7531e+92	-9.7531e+92	 0.00041022	 9.9098e-05	     0.0000	-0.00071324	-0.00033140	  0.0020265	
0	20	 8.0506e-09	 4.4787e-08	     206.61	    0.15606	-9.7531e+92	-9.7531e+92	  0.0012961	 9.8269e-05	     0.0000	 -0.0011926	-0.00032757	  0.0024497	
0	21	   0.095117	    0.52916	     39.458	     2.9290	-9.7531e+92	-9.7531e+92	    0.15819	    0.11344	   0.091093	   0.036227	   -0.31316	   -0.15041	
0	22	 1.5747e-15	 8.7603e-15	     321.47	   0.027830	-9.7531e+92	-9.7531e+92	  0.0011285	 0.00010250	     0.0000	 -0.0027807	-0.00034004	   0.020114	
0	23	 0.00063499	  0.0035326	     119.13	    0.99543	-9.7531e+92	-9.7531e+92	  0.0015014	 0.00085775	 0.00025086	 0.00014980	 -0.0018047	-0.00059775	
0	24	 0.00091428	  0.0050863	     123.34	    0.90511	-9.7531e+92	-9.7531e+92	  0.0016936	  0.0012219	 0.00056237	 0.00092189	 -0.0026879	 -0.0011152	
1	0	    0.12295	    0.67047	     35.562	     2.9528	-9.7531e+92	-9.7531e+92	    0.24970	    0.16174	   0.056506	    0.18470	   -0.60523	   0.038585	
1	1	     0.0000	     0.0000	     0.0000	     3.0000	-9.7531e+92	-9.7531e+92	     2.8343	     0.0000	     2.5776	     0.0000	     0.0000	     0.0000	
1	2	    0.19282	     1.0515	     184.62	    0.23778	-9.7531e+92	-9.7531e+92	    0.38363	    0.31784	     0.0000	  0.0067849	   -0.51808	   0.039150	
1	3	   0.016285	   0.088806	     244.14	   0.082134	-9.7531e+92	-9.7531e+92	    0.17703	   0.023584	     0.0000	   -0.23238	   0.018679	   -0.15702	
1	4	  0.0024298	   0.013250	     272.02	   0.053810	-9.7531e+92	-9.7531e+92	    0.10256	  0.0036295	     0.0000	   -0.12707	 -0.0013587	   -0.11798	
1	5	  0.0014148	  0.0077151	     161.91	    0.38106	-9.7531e+92	-9.7531e+92	  0.0077120	  0.0024012	     0.0000	 -0.0057060	 -0.0055114	-0.00037197	
1	6	   0.012640	   0.068929	     96.519	     1.6061	-9.7531e+92	-9.7531e+92	   0.036965	   0.020028	     0.0000	  0.0091378	  -0.042851	 0.00047843	
1	7	   0.080880	    0.44105	     75.481	     2.2648	-9.7531e+92	-9.7531e+92	    0.17471	    0.10609	  0.0039896	   0.028833	   -0.22442	   0.042114	
1	8	 9.3876e-06	 5.1192e-05	     184.58	    0.23797	-9.7531e+92	-9.7531e+92	   0.029317	 0.00012662	     0.0000	  -0.037488	-0.00032022	 -0.0017921	
1	9	    0.11720	    0.63911	     55.376	     2.7421	-9.7531e+92	-9.7531e+92	    0.23414	    0.18621	   0.078555	    0.23755	   -0.46593	   0.013109	
1	10	 1.1256e-14	 6.1381e-14	     228.04	    0.10699	-9.7531e+92	-9.7531e+92	 0.00020126	 0.00011728	     0.0000	-5.6229e-05	-0.00028973	-1.8277e-06	
1	11	 4.6017e-15	 2.5094e-14	     185.20	    0.23505	-9.7531e+92	-9.7531e+92	 0.00045432	 0.00010560	     0.0000	-0.00033858	-0.00020685	-2.5650e-05	
1	12	 1.2271e-14	 6.6918e-14	     231.78	    0.10046	-9.7531e+92	-9.7531e+92	 0.00019782	 0.00011731	     0.0000	-3.8900e-05	-0.00028946	-1.7434e-06	
1	13	    0.10660	    0.58133	     57.043	     2.7128	-9.7531e+92	-9.7531e+92	    0.26400	    0.13338	     0.0000	   0.048015	   -0.53240	   0.023220	
1	14	    0.16647	    0.90780	     88.839	     1.8485	-9.7531e+92	-9.7531e+92	    0.45404	    0.22352	     0.0000	 2.8038e-05	   -0.69759	   0.028884	
1	15	  0.0010013	  0.0054603	     167.83	    0.33581	-9.7531e+92	-9.7531e+92	   0.027821	  0.0018724	     0.0000	     0.0000	 -0.0044591	 -0.0040583	
1	16	 1.7742e-14	 9.6748e-14	     207.46	    0.15366	-9.7531e+92	-9.7531e+92	 0.00018173	 0.00012076	     0.0000	 1.1721e-08	-0.00028474	 2.7686e-10	
1	17	 3.5836e-15	 1.9542e-14	     342.57	   0.021626	-9.7531e+92	-9.7531e+92	  0.0011680	 0.00012824	     0.0000	 -0.0017393	-0.00033317	-0.00038520	
1	18	   0.095944	    0.52320	     111.77	     1.1715	-9.7531e+92	-9.7531e+92	    0.32839	    0.10791	     0.0000	  0.0010930	   -0.54833	 -0.0052007	
1	19	 7.1480e-15	 3.8979e-14	     226.57	    0.10968	-9.7531e+92	-9.7531e+92	 0.00049295	 0.00012012	     0.0000	-0.00076712	-0.00030092	-8.7827e-05	
1	20	 9.8206e-07	 5.3554e-06	     199.20	    0.17914	-9.7531e+92	-9.7531e+92	  0.0011732	 0.00011931	     0.0000	 -0.0011871	-0.00029399	-0.00010554	
1	21	   0.082697	    0.45096	     57.297	     2.7081	-9.7531e+92	-9.7531e+92	    0.14032	    0.12648	   0.074542	   0.057462	   -0.28190	  0.0090299	
1	22	 1.1574e-14	 6.3114e-14	     312.59	   0.031097	-9.7531e+92	-9.7531e+92	  0.0021997	 0.00012685	     0.0000	 -0.0029907	-0.00032222	-0.00097996	
1	23	 0.00042215	  0.0023021	     132.72	    0.73117	-9.7531e+92	-9.7531e+92	  0.0011647	 0.00077569	     0.0000	 0.00018253	 -0.0016244	 2.5403e-05	
1	24	 0.00022764	  0.0012413	     142.19	    0.58963	-9.7531e+92	-9.7531e+92	 0.00075700	 0.00045113	     0.0000	 8.1600e-05	-0.00082036	 3.5086e-05	
2	0	  0.0061682	   0.032043	     211.35	    0.14318	-9.7531e+92	-9.7531e+92	   0.047531	   0.018149	     0.0000	     0.0000	   0.061914	     0.0000	
2	1	   0.012848	   0.066745	     184.62	    0.23778	-9.7531e+92	-9.7531e+92	   0.067978	   0.030289	     0.0000	     0.0000	   0.084638	     0.0000	
2	2	     0.0000	     0.0000	     0.0000	     3.0000	-9.7531e+92	-9.7531e+92	     2.7319	     0.0000	     2.2199	     0.0000	     0.0000	     0.0000	
2	3	    0.45479	     2.3625	     63.167	     2.5880	-9.7531e+92	-9.7531e+92	    0.84417	    0.84892	     0.0000	     0.0000	     4.0536	     0.0000	
2	4	   0.096396	    0.50076	     91.235	     1.7721	-9.7531e+92	-9.7531e+92	    0.50082	    0.17969	     0.0000	     0.0000	    0.76569	     0.0000	
2	5	  0.0062929	   0.032690	     120.45	    0.96633	-9.7531e+92	-9.7531e+92	   0.012376	   0.020257	     0.0000	     0.0000	   0.050970	     0.0000	
2	6	  0.0099418	   0.051646	     118.53	     1.0087	-9.7531e+92	-9.7531e+92	   0.026162	   0.032073	     0.0000	     0.0000	   0.078348	     0.0000	
2	7	  0.0014979	  0.0077812	     153.12	    0.46179	-9.7531e+92	-9.7531e+92	   0.038307	  0.0045975	     0.0000	     0.0000	   0.012892	     0.0000	
2	8	 9.8169e-06	 5.0997e-05	     174.51	    0.29198	-9.7531e+92	-9.7531e+92	   0.018510	 0.00022288	     0.0000	     0.0000	 0.00064181	     0.0000	
2	9	  0.0066868	   0.034737	     133.64	    0.71608	-9.7531e+92	-9.7531e+92	   0.034241	   0.018757	     0.0000	     0.0000	   0.057148	     0.0000	
2	10	 6.1174e-15	 3.1779e-14	     213.20	    0.13850	-9.7531e+92	-9.7531e+92	 0.00018615	 0.00021168	     0.0000	     0.0000	 0.00052452	     0.0000	
2	11	 3.3580e-15	 1.7444e-14	     197.83	    0.18388	-9.7531e+92	-9.7531e+92	 0.00034665	 0.00020771	     0.0000	     0.0000	 0.00054130	     0.0000	
2	12	 3.1828e-14	 1.6534e-13	     181.48	    0.25322	-9.7531e+92	-9.7531e+92	 0.00018605	 0.00020860	     0.0000	     0.0000	 0.00053171	     0.0000	
2	13	    0.12773	    0.66353	     127.66	    0.82064	-9.7531e+92	-9.7531e+92	    0.22121	    0.33778	     0.0000	     0.0000	     1.1041	     0.0000	
2	14	    0.12235	    0.63558	     97.273	     1.5829	-9.7531e+92	-9.7531e+92	    0.26297	    0.25301	     0.0000	     0.0000	    0.63471	     0.0000	
2	15	   0.091594	    0.47581	     21.827	     2.9932	-9.7531e+92	-9.7531e+92	    0.14930	    0.23966	   0.017594	     0.0000	    0.83099	     0.0000	
2	16	 3.2495e-14	 1.6881e-13	     68.097	     2.4691	-9.7531e+92	-9.7531e+92	 0.00017312	 0.00021664	     0.0000	     0.0000	 0.00049678	     0.0000	
2	17	 3.4441e-05	 0.00017892	     160.64	    0.39167	-9.7531e+92	-9.7531e+92	  0.0049423	 0.00029293	     0.0000	     0.0000	 0.00086265	     0.0000	
2	18	   0.063121	    0.32790	     137.27	    0.65930	-9.7531e+92	-9.7531e+92	    0.20626	    0.14820	     0.0000	     0.0000	    0.47521	     0.0000	
2	19	 0.00036974	  0.0019207	     139.30	    0.62950	-9.7531e+92	-9.7531e+92	  0.0013236	  0.0012289	     0.0000	     0.0000	  0.0041289	     0.0000	
2	20	 0.00013380	 0.00069506	     139.77	    0.62284	-9.7531e+92	-9.7531e+92	  0.0012020	 0.00059181	     0.0000	     0.0000	  0.0017750	     0.0000	
2	21	 2.6952e-06	 1.4001e-05	     197.19	    0.18609	-9.7531e+92	-9.7531e+92	   0.013701	 0.00020850	     0.0000	     0.0000	 0.00056526	     0.0000	
2	22	 3.5054e-05	 0.00018210	     161.29	    0.38622	-9.7531e+92	-9.7531e+92	  0.0099873	 0.00027888	     0.0000	     0.0000	 0.00093675	     0.0000	
2	23	 4.8972e-07	 2.5440e-06	     168.40	    0.33177	-9.7531e+92	-9.7531e+92	 0.00029792	 0.00020936	     0.0000	     0.0000	 0.00053323	     0.0000	
2	24	 4.8910e-14	 2.5408e-13	     210.29	    0.14595	-9.7531e+92	-9.7531e+92	 0.00026196	 0.00020972	     0.0000	     0.0000	 0.00052421	     0.0000	
3	0	 0.00075606	  0.0077563	     273.88	   0.052386	-9.7531e+92	-9.7531e+92	   0.030916	  0.0039104	     0.0000	  -0.083043	   0.024092	   -0.11017	
3	1	  0.0011599	   0.011899	     244.14	   0.082134	-9.7531e+92	-9.7531e+92	   0.039657	  0.0052965	     0.0000	  -0.042143	   0.034067	   -0.14585	
3	2	   0.067034	    0.68768	     63.167	     2.5880	-9.7531e+92	-9.7531e+92	    0.42443	    0.14550	     0.0000	 -0.0025085	     1.2208	   -0.10020	
3	3	     0.0000	     0.0000	     0.0000	     3.0000	-9.7531e+92	-9.7531e+92	     6.2770	     0.0000	     3.9948	     0.0000	     0.0000	     0.0000	
3	4	    0.83176	     8.5329	     82.606	     2.0469	-9.7531e+92	-9.7531e+92	     2.6604	    0.59930	    0.54267	     0.0000	     1.1376	     0.0000	
3	5	 0.00079676	  0.0081738	     167.87	    0.33554	-9.7531e+92	-9.7531e+92	  0.0080875	  0.0042973	     0.0000	  -0.010294	   0.021216	  -0.010137	
3	6	 6.3630e-05	 0.00065276	     180.81	    0.25667	-9.7531e+92	-9.7531e+92	  0.0098907	 0.00065681	     0.0000	  -0.031284	  0.0031629	  -0.026986	
3	7	 1.7221e-05	 0.00017667	     215.68	    0.13250	-9.7531e+92	-9.7531e+92	   0.023624	 0.00040167	     0.0000	  -0.048769	  0.0020855	  -0.096167	
3	8	 7.2682e-13	 7.4563e-12	     221.29	    0.12010	-9.7531e+92	-9.7531e+92	   0.011777	 0.00031411	     0.0000	  -0.041306	  0.0016305	  -0.049062	
3	9	 5.2283e-05	 0.00053636	     191.41	    0.20802	-9.7531e+92	-9.7531e+92	   0.020677	 0.00054390	     0.0000	  -0.083934	  0.0029619	  -0.087396	
3	10	 5.9444e-13	 6.0983e-12	     258.79	   0.065432	-9.7531e+92	-9.7531e+92	 0.00035270	 0.00031161	     0.0000	-6.9996e-05	  0.0016285	-6.5299e-05	
3	11	 2.9181e-13	 2.9936e-12	     244.71	   0.081388	-9.7531e+92	-9.7531e+92	 0.00046270	 0.00033174	     0.0000	-0.00065499	  0.0015947	-0.00085871	
3	12	 5.7336e-13	 5.8819e-12	     227.10	    0.10870	-9.7531e+92	-9.7531e+92	 0.00035989	 0.00029101	     0.0000	-5.3439e-05	  0.0016752	-6.1412e-05	
3	13	  0.0084566	   0.086754	     188.65	    0.21955	-9.7531e+92	-9.7531e+92	   0.095488	   0.038915	     0.0000	   -0.10115	    0.24761	   -0.15092	
3	14	   0.053403	    0.54785	     161.01	    0.38854	-9.7531e+92	-9.7531e+92	    0.27011	    0.19749	     0.0000	-9.0146e-05	     1.3828	   -0.15760	
3	15	   0.028165	    0.28894	     84.108	     1.9994	-9.7531e+92	-9.7531e+92	    0.16192	   0.091395	     0.0000	     0.0000	    0.74718	  0.0087299	
3	16	 3.5727e-13	 3.6651e-12	     111.94	     1.1671	-9.7531e+92	-9.7531e+92	 0.00034188	 0.00030020	     0.0000	 1.3068e-08	  0.0016545	 1.3530e-08	
3	17	  0.0032264	   0.033099	     122.41	    0.92444	-9.7531e+92	-9.7531e+92	   0.028300	  0.0077847	     0.0000	-0.00021549	   0.098533	 -0.0012500	
3	18	  0.0047413	   0.048640	     199.21	    0.17912	-9.7531e+92	-9.7531e+92	    0.12779	   0.020058	     0.0000	   -0.13042	    0.12865	   -0.26778	
3	19	 7.0241e-06	 7.2058e-05	     184.07	    0.24039	-9.7531e+92	-9.7531e+92	  0.0034443	 0.00028835	     0.0000	-0.00083739	  0.0019130	 -0.0024848	
3	20	 6.0963e-06	 6.2541e-05	     185.64	    0.23299	-9.7531e+92	-9.7531e+92	  0.0019258	 0.00030517	     0.0000	 -0.0014044	  0.0018548	 -0.0030100	
3	21	 9.1172e-13	 9.3531e-12	     259.71	   0.064522	-9.7531e+92	-9.7531e+92	  0.0073151	 0.00032437	     0.0000	  -0.012326	  0.0016298	  -0.036808	
3	22	 0.00035121	  0.0036030	     164.94	    0.35711	-9.7531e+92	-9.7531e+92	   0.052636	  0.0010442	     0.0000	 -0.0031520	   0.012043	  -0.024039	
3	23	 5.4276e-13	 5.5680e-12	     228.38	    0.10637	-9.7531e+92	-9.7531e+92	 0.00042596	 0.00033164	     0.0000	-0.00016683	  0.0015972	-0.00048340	
3	24	 1.4986e-12	 1.5374e-11	     270.69	   0.054855	-9.7531e+92	-9.7531e+92	 0.00040759	 0.00033588	     0.0000	-0.00029207	  0.0015870	-0.00041770	
4	0	 0.00023537	  0.0017823	     281.58	   0.046977	-9.7531e+92	-9.7531e+92	   0.020568	  0.0015128	     0.0000	   -0.24201	  0.0086936	   -0.34681	
4	1	 0.00015368	  0.0011637	     272.02	   0.053810	-9.7531e+92	-9.7531e+92	   0.028427	  0.0010255	     0.0000	   -0.12365	  0.0061419	   -0.46239	
4	2	    0.10685	    0.80910	     91.235	     1.7721	-9.7531e+92	-9.7531e+92	    0.36485	    0.27433	     0.0000	  0.0018668	     2.3738	   0.080623	
4	3	    0.75741	     5.7353	     82.606	     2.0469	-9.7531e+92	-9.7531e+92	     1.8736	    0.36171	    0.18901	     0.0000	    -10.147	     0.0000	
4	4	     0.0000	     0.0000	     0.0000	     3.0000	-9.7531e+92	-9.7531e+92	     4.6220	     0.0000	     3.0589	     0.0000	     0.0000	     0.0000	
4	5	  0.0010761	  0.0081488	     147.08	    0.52816	-9.7531e+92	-9.7531e+92	  0.0069523	  0.0059138	     0.0000	  -0.027058	   0.026839	  -0.029110	
4	6	 9.8701e-05	 0.00074739	     179.35	    0.26441	-9.7531e+92	-9.7531e+92	  0.0073954	 0.00086813	     0.0000	  -0.089464	  0.0038265	  -0.084352	
4	7	 1.3426e-05	 0.00010166	     209.16	    0.14897	-9.7531e+92	-9.7531e+92	   0.017221	 0.00040271	     0.0000	   -0.14004	  0.0019039	   -0.30147	
4	8	 4.1238e-06	 3.1226e-05	     186.41	    0.22946	-9.7531e+92	-9.7531e+92	  0.0097911	 0.00035203	     0.0000	   -0.11856	  0.0016424	   -0.15402	
4	9	 1.2042e-06	 9.1182e-06	     223.28	    0.11603	-9.7531e+92	-9.7531e+92	   0.013736	 0.00033133	     0.0000	   -0.24142	  0.0016080	   -0.27454	
4	10	 4.4677e-15	 3.3830e-14	     204.61	    0.16194	-9.7531e+92	-9.7531e+92	 0.00026156	 0.00030980	     0.0000	-0.00020097	  0.0016357	-0.00020526	
4	11	 1.0661e-14	 8.0731e-14	     218.09	    0.12699	-9.7531e+92	-9.7531e+92	 0.00035169	 0.00034569	     0.0000	 -0.0018806	  0.0015158	 -0.0026987	
4	12	 1.4605e-07	 1.1059e-06	     165.11	    0.35583	-9.7531e+92	-9.7531e+92	 0.00027061	 0.00028178	     0.0000	-0.00015232	  0.0017266	-0.00019163	
4	13	  0.0054412	   0.041202	     217.30	    0.12878	-9.7531e+92	-9.7531e+92	   0.067884	   0.026617	     0.0000	   -0.30891	    0.15815	   -0.49754	
4	14	   0.022358	    0.16930	     184.55	    0.23808	-9.7531e+92	-9.7531e+92	    0.16072	   0.092099	     0.0000	-0.00042111	    0.61031	   -0.79488	
4	15	   0.038709	    0.29311	     106.18	     1.3210	-9.7531e+92	-9.7531e+92	    0.13438	    0.12982	     0.0000	     0.0000	    0.98605	    0.12903	
4	16	 2.0786e-14	 1.5739e-13	     75.439	     2.2661	-9.7531e+92	-9.7531e+92	 0.00025235	 0.00029342	     0.0000	 3.7516e-08	  0.0016997	 4.2565e-08	
4	17	   0.012774	   0.096731	     73.525	     2.3215	-9.7531e+92	-9.7531e+92	   0.034222	   0.026377	  0.0062352	   0.013822	    0.38387	   0.087702	
4	18	   0.015532	    0.11761	     186.18	    0.23049	-9.7531e+92	-9.7531e+92	    0.10622	   0.069197	     0.0000	   -0.32710	    0.40927	   -0.72835	
4	19	  0.0012881	  0.0097537	     119.82	    0.98008	-9.7531e+92	-9.7531e+92	  0.0054017	  0.0050056	     0.0000	  0.0013835	   0.036148	  0.0044908	
4	20	 0.00067234	  0.0050912	     135.08	    0.69295	-9.7531e+92	-9.7531e+92	  0.0025000	  0.0029987	     0.0000	 -0.0013050	   0.019077	 -0.0030597	
4	21	 2.7773e-14	 2.1030e-13	     253.96	   0.070430	-9.7531e+92	-9.7531e+92	  0.0051540	 0.00034106	     0.0000	  -0.035391	  0.0015508	   -0.11551	
4	22	   0.037387	    0.28310	     82.638	     2.0459	-9.7531e+92	-9.7531e+92	   0.088705	   0.081108	   0.026165	   0.033618	     1.0894	    0.28034	
4	23	 8.3685e-16	 6.3369e-15	     212.30	    0.14074	-9.7531e+92	-9.7531e+92	 0.00031444	 0.00034628	     0.0000	-0.00047899	  0.0015198	 -0.0015189	
4	24	 1.3881e-14	 1.0511e-13	     253.16	   0.071301	-9.7531e+92	-9.7531e+92	 0.00030209	 0.00035035	     0.0000	-0.00083857	  0.0015086	 -0.0013126	
5	0	  0.0044338	  0.0049673	     169.69	    0.32292	-9.7531e+92	-9.7531e+92	   0.027715	  0.0010134	     0.0000	  -0.032976	  -0.033880	    0.19742	
5	1	  0.0044452	  0.0049801	     161.91	    0.38106	-9.7531e+92	-9.7531e+92	   0.038679	 0.00099892	     0.0000	  -0.017382	  -0.034164	    0.27241	
5	2	   0.021805	   0.024428	     120.45	    0.96633	-9.7531e+92	-9.7531e+92	   0.029286	  0.0046595	     0.0000	 -0.0027083	   -0.16797	    0.49381	
5	3	   0.014499	   0.016243	     167.87	    0.33554	-9.7531e+92	-9.7531e+92	   0.020776	  0.0026226	     0.0000	   -0.11464	  -0.095959	     1.1814	
5	4	   0.011929	   0.013365	     147.08	    0.52816	-9.7531e+92	-9.7531e+92	   0.014965	  0.0021725	     0.0000	  -0.059263	  -0.085525	     1.1827	
5	5	     0.0000	     0.0000	     0.0000	     3.0000	-9.7531e+92	-9.7531e+92	    0.56177	     0.0000	    0.55711	     0.0000	     0.0000	     0.0000	
5	6	   0.010994	   0.012316	     72.218	     2.3585	-9.7531e+92	-9.7531e+92	  0.0084213	  0.0025649	     0.0000	  0.0032864	  -0.091162	  -0.014882	
5	7	    0.61416	    0.68805	     89.752	     1.8194	-9.7531e+92	-9.7531e+92	    0.18402	    0.13908	    0.14894	    0.40368	    -5.0837	    -4.0727	
5	8	  0.0041302	  0.0046272	     54.235	     2.7611	-9.7531e+92	-9.7531e+92	  0.0087951	 0.00088647	     0.0000	  -0.010214	  -0.032384	   0.077466	
5	9	 7.6735e-05	 8.5968e-05	     134.70	    0.69890	-9.7531e+92	-9.7531e+92	   0.011853	 3.3083e-05	     0.0000	  -0.037254	 -0.0011976	    0.19938	
5	10	 8.3662e-06	 9.3728e-06	     93.726	     1.6933	-9.7531e+92	-9.7531e+92	 4.5469e-05	 1.5874e-05	     0.0000	-1.0996e-05	-0.00053909	 7.7991e-05	
5	11	 6.6609e-05	 7.4623e-05	     77.490	     2.2050	-9.7531e+92	-9.7531e+92	 0.00013588	 3.0070e-05	     0.0000	-0.00018570	 -0.0010571	  0.0014445	
5	12	 1.6429e-05	 1.8406e-05	     80.590	     2.1100	-9.7531e+92	-9.7531e+92	 4.7253e-05	 1.7742e-05	     0.0000	-2.6095e-06	-0.00060314	 2.2476e-05	
5	13	   0.096798	    0.10844	     125.66	    0.85869	-9.7531e+92	-9.7531e+92	   0.058161	   0.020535	     0.0000	   0.037684	   -0.73238	   -0.25936	
5	14	   0.060699	   0.068002	     108.09	     1.2686	-9.7531e+92	-9.7531e+92	   0.057593	   0.012733	     0.0000	-3.2789e-05	   -0.45826	    0.26770	
5	15	  0.0033440	  0.0037463	     104.94	     1.3557	-9.7531e+92	-9.7531e+92	  0.0036165	 0.00078756	     0.0000	     0.0000	  -0.028157	    0.15323	
5	16	 7.3327e-14	 8.2149e-14	     71.546	     2.3771	-9.7531e+92	-9.7531e+92	 3.7335e-05	 1.5722e-05	     0.0000	 4.6303e-09	-0.00054355	-3.0936e-08	
5	17	 1.0086e-13	 1.1300e-13	     219.60	    0.12368	-9.7531e+92	-9.7531e+92	 0.00017307	 1.6104e-05	     0.0000	-0.00085023	-0.00056596	   0.025823	
5	18	    0.14838	    0.16624	     53.346	     2.7752	-9.7531e+92	-9.7531e+92	   0.085545	   0.029466	     0.0000	   0.035241	    -1.1817	   -0.38697	
5	19	 0.00047222	 0.00052904	     64.874	     2.5486	-9.7531e+92	-9.7531e+92	 0.00023619	 0.00010425	     0.0000	-1.7306e-05	 -0.0037010	  0.0019672	
5	20	  0.0033135	  0.0037122	     39.691	     2.9273	-9.7531e+92	-9.7531e+92	  0.0012283	 0.00059473	 4.5126e-05	 0.00017605	  -0.020897	  -0.011541	
5	21	 4.0054e-05	 4.4873e-05	     132.91	    0.72808	-9.7531e+92	-9.7531e+92	  0.0064652	 2.4959e-05	     0.0000	 -0.0054199	-0.00089585	   0.084489	
5	22	 6.4195e-07	 7.1919e-07	     151.89	    0.47454	-9.7531e+92	-9.7531e+92	 0.00033176	 1.5922e-05	     0.0000	 -0.0012252	-0.00056394	   0.058043	
5	23	 0.00038259	 0.00042863	     65.633	     2.5304	-9.7531e+92	-9.7531e+92	 0.00022229	 0.00010554	     0.0000	 0.00010332	 -0.0037468	 -0.0015972	
5	24	 7.1749e-06	 8.0381e-06	     106.34	     1.3165	-9.7531e+92	-9.7531e+92	 8.9232e-05	 1.7318e-05	     0.0000	-0.00011997	-0.00061707	 0.00092488	
6	0	   0.027840	   0.026515	     105.31	     1.3454	-9.7531e+92	-9.7531e+92	   0.030521	  0.0099150	     0.0000	 -0.0070948	  0.0072107	 -0.0047427	
6	1	   0.044290	   0.042182	     96.519	     1.6061	-9.7531e+92	-9.7531e+92	   0.042117	   0.015077	     0.0000	 -0.0010071	  0.0063579	 -0.0017485	
6	2	   0.011629	   0.011076	     118.53	     1.0087	-9.7531e+92	-9.7531e+92	   0.021645	  0.0041864	     0.0000	 -0.0027030	  0.0030562	  -0.053826	
6	3	  0.0050396	  0.0047998	     180.81	    0.25667	-9.7531e+92	-9.7531e+92	   0.012851	  0.0016387	     0.0000	   -0.10563	  0.0054399	   -0.15584	
6	4	 0.00046120	 0.00043925	     179.35	    0.26441	-9.7531e+92	-9.7531e+92	  0.0075622	 0.00017072	     0.0000	  -0.055308	 0.00040840	   -0.13698	
6	5	   0.015807	   0.015055	     72.218	     2.3585	-9.7531e+92	-9.7531e+92	  0.0048888	  0.0061704	 0.00092561	   0.014011	  0.0048307	  0.0063244	
6	6	     0.0000	     0.0000	     0.0000	     3.0000	-9.7531e+92	-9.7531e+92	    0.48070	     0.0000	    0.47220	     0.0000	     0.0000	     0.0000	
6	7	    0.68377	    0.65123	     34.871	     2.9563	-9.7531e+92	-9.7531e+92	    0.17328	    0.24403	    0.14346	    0.31385	    0.24258	    0.37357	
6	8	 2.1506e-05	 2.0483e-05	     109.28	     1.2365	-9.7531e+92	-9.7531e+92	  0.0048793	 3.4809e-05	     0.0000	  -0.016151	 1.3451e-05	 -0.0085376	
6	9	  0.0064331	  0.0061270	     62.827	     2.5956	-9.7531e+92	-9.7531e+92	   0.013518	  0.0024519	     0.0000	  -0.025495	  0.0012818	  -0.011988	
6	10	 1.4887e-08	 1.4179e-08	     153.37	    0.45919	-9.7531e+92	-9.7531e+92	 3.5015e-05	 2.7980e-05	     0.0000	-2.7387e-05	 3.7707e-06	-1.1247e-05	
6	11	 2.6408e-07	 2.5151e-07	     117.04	     1.0431	-9.7531e+92	-9.7531e+92	 7.7392e-05	 2.7201e-05	     0.0000	-0.00025609	 9.7511e-06	-0.00014822	
6	12	 1.6145e-08	 1.5377e-08	     152.49	    0.46823	-9.7531e+92	-9.7531e+92	 3.4489e-05	 2.8045e-05	     0.0000	-2.0906e-05	 3.6356e-06	-1.0582e-05	
6	13	   0.056824	   0.054120	     53.773	     2.7685	-9.7531e+92	-9.7531e+92	   0.041770	   0.013432	     0.0000	 1.2986e-05	  -0.057301	-0.00033215	
6	14	   0.072226	   0.068789	     41.508	     2.9135	-9.7531e+92	-9.7531e+92	   0.053532	   0.023934	     0.0000	-2.1878e-05	   0.012704	  -0.019318	
6	15	  0.0049087	  0.0046752	     96.746	     1.5991	-9.7531e+92	-9.7531e+92	  0.0031332	  0.0019624	     0.0000	     0.0000	  0.0011433	  -0.011196	
6	16	 4.1638e-18	 3.9657e-18	     111.89	     1.1685	-9.7531e+92	-9.7531e+92	 3.1740e-05	 2.7529e-05	     0.0000	 4.8770e-09	 5.3349e-05	 3.8819e-09	
6	17	 8.0971e-18	 7.7118e-18	     251.72	   0.072906	-9.7531e+92	-9.7531e+92	 0.00010476	 2.8520e-05	     0.0000	-0.00074979	 1.1282e-06	 -0.0019309	
6	18	   0.068742	   0.065471	     36.723	     2.9464	-9.7531e+92	-9.7531e+92	   0.054508	   0.024125	     0.0000	  -0.012755	   0.017770	  -0.012688	
6	19	 4.9157e-06	 4.6818e-06	     133.74	    0.71443	-9.7531e+92	-9.7531e+92	 6.7581e-05	 2.9776e-05	     0.0000	-0.00032872	 6.1885e-06	-0.00043328	
6	20	 9.1974e-05	 8.7597e-05	     111.59	     1.1762	-9.7531e+92	-9.7531e+92	 0.00021738	 6.5661e-05	     0.0000	-0.00050191	 1.8364e-05	-0.00047775	
6	21	  0.0016683	  0.0015889	     78.899	     2.1621	-9.7531e+92	-9.7531e+92	  0.0064272	 0.00066472	     0.0000	 -0.0040091	 0.00039168	 -0.0055593	
6	22	 2.5544e-11	 2.4328e-11	     216.08	    0.13159	-9.7531e+92	-9.7531e+92	 0.00018165	 2.8246e-05	     0.0000	 -0.0012893	 3.1443e-06	 -0.0043898	
6	23	 0.00023878	 0.00022742	     73.330	     2.3271	-9.7531e+92	-9.7531e+92	 0.00015807	 0.00011947	     0.0000	 3.3150e-05	 0.00011323	 4.2477e-05	
6	24	 4.6077e-06	 4.3884e-06	     108.13	     1.2674	-9.7531e+92	-9.7531e+92	 7.4481e-05	 2.8428e-05	     0.0000	-0.00011040	 2.0012e-05	-6.9821e-05	
7	0	    0.16517	    0.23449	     80.265	     2.1201	-9.7531e+92	-9.7531e+92	   0.083090	    0.20188	   0.032792	    0.43888	    -2.4363	    -1.2362	
7	1	    0.22587	    0.32067	     75.481	     2.2648	-9.7531e+92	-9.7531e+92	    0.10965	    0.29876	   0.042813	    0.29785	    -3.1421	    -1.5588	
7	2	  0.0069573	  0.0098774	     153.12	    0.46179	-9.7531e+92	-9.7531e+92	   0.043317	   0.011102	     0.0000	  -0.014328	  -0.086728	    0.80218	
7	3	 0.00096917	  0.0013759	     215.68	    0.13250	-9.7531e+92	-9.7531e+92	   0.023448	  0.0013960	     0.0000	   -0.54132	 -0.0085707	     1.5925	
7	4	 0.00022717	 0.00032251	     209.16	    0.14897	-9.7531e+92	-9.7531e+92	   0.013846	 0.00039874	     0.0000	   -0.27854	 -0.0030159	     1.6543	
7	5	  0.0046854	  0.0066519	     89.752	     1.8194	-9.7531e+92	-9.7531e+92	  0.0032598	  0.0045612	     0.0000	 6.5094e-07	  -0.045248	 -0.0031979	
7	6	   0.022085	   0.031354	     34.871	     2.9563	-9.7531e+92	-9.7531e+92	   0.014044	   0.019987	  0.0013733	 0.00012709	   -0.18431	  -0.057072	
7	7	     0.0000	     0.0000	     0.0000	     3.0000	-9.7531e+92	-9.7531e+92	    0.73414	     0.0000	    0.68969	     0.0000	     0.0000	     0.0000	
7	8	 2.8058e-05	 3.9833e-05	     109.89	     1.2203	-9.7531e+92	-9.7531e+92	   0.010235	 0.00014793	     0.0000	  -0.077224	 -0.0013736	    0.16229	
7	9	   0.016313	   0.023159	     64.406	     2.5596	-9.7531e+92	-9.7531e+92	   0.033148	   0.025424	     0.0000	  -0.070866	   -0.23923	    0.12160	
7	10	 1.0644e-08	 1.5111e-08	     153.29	    0.46001	-9.7531e+92	-9.7531e+92	 5.3973e-05	 0.00010978	     0.0000	-0.00012880	-0.00098284	 0.00021953	
7	11	 3.8060e-06	 5.4034e-06	     112.26	     1.1591	-9.7531e+92	-9.7531e+92	 0.00014264	 0.00010911	     0.0000	 -0.0011835	-0.00098553	  0.0028058	
7	12	 2.3903e-09	 3.3935e-09	     158.06	    0.41430	-9.7531e+92	-9.7531e+92	 5.2477e-05	 0.00011080	     0.0000	-9.7178e-05	-0.00099288	 0.00020640	
7	13	    0.18991	    0.26962	     57.312	     2.7078	-9.7531e+92	-9.7531e+92	   0.096521	    0.25690	   0.017266	    0.52425	    -2.5314	    -1.1473	
7	14	    0.19170	    0.27216	     65.464	     2.5345	-9.7531e+92	-9.7531e+92	    0.11681	    0.25887	     0.0000	 0.00031499	    -2.5401	   -0.76104	
7	15	 0.00072404	  0.0010279	     131.62	    0.74982	-9.7531e+92	-9.7531e+92	  0.0041215	  0.0013085	     0.0000	     0.0000	  -0.011501	    0.24312	
7	16	 1.1149e-14	 1.5828e-14	     137.28	    0.65913	-9.7531e+92	-9.7531e+92	 4.7312e-05	 0.00010785	     0.0000	 2.3803e-08	-0.00091963	-4.4615e-08	
7	17	 1.2793e-15	 1.8163e-15	     281.54	   0.047004	-9.7531e+92	-9.7531e+92	 0.00018050	 0.00011828	     0.0000	 -0.0037718	 -0.0010299	   0.036929	
7	18	    0.16061	    0.22801	     38.248	     2.9371	-9.7531e+92	-9.7531e+92	    0.11483	    0.21281	     0.0000	    0.20475	    -2.2426	   -0.64608	
7	19	 3.1283e-07	 4.4413e-07	     154.38	    0.44913	-9.7531e+92	-9.7531e+92	 0.00011311	 0.00011090	     0.0000	 -0.0011811	-0.00098671	  0.0083239	
7	20	 2.8887e-06	 4.1011e-06	     126.68	    0.83907	-9.7531e+92	-9.7531e+92	 0.00037359	 0.00011204	     0.0000	 -0.0019194	 -0.0010031	   0.010036	
7	21	   0.014350	   0.020373	     44.967	     2.8822	-9.7531e+92	-9.7531e+92	   0.017389	   0.022292	 0.00026497	  0.0043389	   -0.20880	  -0.023485	
7	22	 1.2741e-15	 1.8088e-15	     241.36	   0.085874	-9.7531e+92	-9.7531e+92	 0.00032112	 0.00011713	     0.0000	 -0.0064858	 -0.0010175	   0.082856	
7	23	 0.00031146	 0.00044218	     58.677	     2.6821	-9.7531e+92	-9.7531e+92	 0.00026610	 0.00058462	     0.0000	 0.00028034	 -0.0053661	 -0.0015615	
7	24	 8.4802e-05	 0.00012039	     84.614	     1.9834	-9.7531e+92	-9.7531e+92	 0.00016215	 0.00023045	     0.0000	-0.00019467	 -0.0020997	 0.00052002	
8	0	  0.0066665	  0.0048535	     172.11	    0.30693	-9.7531e+92	-9.7531e+92	   0.013136	  0.0036832	     0.0000	  -0.052422	  -0.030305	   0.036627	
8	1	  0.0023390	  0.0017029	     184.58	    0.23797	-9.7531e+92	-9.7531e+92	   0.015462	  0.0013364	     0.0000	  -0.031249	  -0.010713	   0.057409	
8	2	   0.011746	  0.0085516	     174.51	    0.29198	-9.7531e+92	-9.7531e+92	   0.028687	  0.0068391	     0.0000	 -0.0052469	  -0.051750	    0.11331	
8	3	 0.00049427	 0.00035985	     221.29	    0.12010	-9.7531e+92	-9.7531e+92	   0.018495	 0.00027970	     0.0000	   -0.20961	 -0.0016267	    0.19809	
8	4	  0.0054111	  0.0039395	     186.41	    0.22946	-9.7531e+92	-9.7531e+92	   0.012009	  0.0027440	     0.0000	   -0.10492	  -0.019842	    0.22346	
8	5	   0.062279	   0.045342	     54.235	     2.7611	-9.7531e+92	-9.7531e+92	   0.012826	   0.037193	  0.0097960	    0.13792	   -0.31582	  -0.095166	
8	6	  0.0017443	  0.0012700	     109.28	     1.2365	-9.7531e+92	-9.7531e+92	  0.0026383	  0.0011041	     0.0000	  -0.019266	 -0.0093971	   0.011759	
8	7	   0.019671	   0.014322	     109.89	     1.2203	-9.7531e+92	-9.7531e+92	   0.015897	   0.011113	     0.0000	  -0.013792	  -0.099733	   0.018728	
8	8	     0.0000	     0.0000	     0.0000	     3.0000	-9.7531e+92	-9.7531e+92	    0.36928	     0.0000	    0.35757	     0.0000	     0.0000	     0.0000	
8	9	 4.5242e-06	 3.2938e-06	     171.65	    0.30991	-9.7531e+92	-9.7531e+92	  0.0083821	 4.1779e-05	     0.0000	  -0.063983	-0.00036820	   0.046314	
8	10	  0.0011881	 0.00086502	     44.054	     2.8911	-9.7531e+92	-9.7531e+92	 0.00024743	 0.00068946	 0.00018333	  0.0019694	 -0.0046110	-0.00078074	
8	11	   0.016149	   0.011757	     32.525	     2.9668	-9.7531e+92	-9.7531e+92	  0.0030127	  0.0087835	  0.0027595	   0.010635	  -0.068622	  -0.019224	
8	12	 0.00057016	 0.00041510	     55.069	     2.7473	-9.7531e+92	-9.7531e+92	 0.00015852	 0.00034851	 9.5350e-05	 0.00061646	 -0.0023603	-0.00038358	
8	13	   0.026168	   0.019052	     162.59	    0.37553	-9.7531e+92	-9.7531e+92	   0.021675	   0.011783	     0.0000	  -0.019020	   -0.13214	   0.037218	
8	14	    0.65802	    0.47907	     146.54	    0.53466	-9.7531e+92	-9.7531e+92	    0.13560	    0.33168	   0.060754	 0.00010209	    -3.0304	   -0.69800	
8	15	 0.00015648	 0.00011392	     159.01	    0.40580	-9.7531e+92	-9.7531e+92	  0.0029394	 0.00013532	     0.0000	     0.0000	 -0.0011368	   0.040322	
8	16	 3.0791e-13	 2.2417e-13	     112.87	     1.1438	-9.7531e+92	-9.7531e+92	 2.4262e-05	 4.2208e-05	     0.0000	 9.8462e-09	-0.00033206	-7.6880e-09	
8	17	 1.5485e-13	 1.1274e-13	     258.50	   0.065716	-9.7531e+92	-9.7531e+92	 0.00013608	 4.4078e-05	     0.0000	 -0.0014574	-0.00036296	  0.0060883	
8	18	    0.14588	    0.10621	     75.421	     2.2666	-9.7531e+92	-9.7531e+92	   0.056608	   0.049313	     0.0000	  0.0044746	   -0.89180	   -0.13738	
8	19	  0.0062454	  0.0045469	     80.536	     2.1117	-9.7531e+92	-9.7531e+92	  0.0012655	  0.0038502	 0.00062087	  0.0042357	  -0.031918	 -0.0090782	
8	20	   0.029305	   0.021335	     51.987	     2.7958	-9.7531e+92	-9.7531e+92	  0.0056087	   0.016950	  0.0048398	   0.026217	   -0.13524	  -0.043716	
8	21	 4.6401e-05	 3.3782e-05	     132.38	    0.73687	-9.7531e+92	-9.7531e+92	  0.0023378	 6.4475e-05	     0.0000	 -0.0079358	-0.00057140	   0.019732	
8	22	 9.7358e-07	 7.0881e-07	     168.70	    0.32968	-9.7531e+92	-9.7531e+92	 0.00026613	 4.4226e-05	     0.0000	 -0.0025052	-0.00036329	   0.013609	
8	23	  0.0023416	  0.0017048	     54.810	     2.7517	-9.7531e+92	-9.7531e+92	 0.00051282	  0.0013850	 0.00034917	  0.0011776	  -0.011777	 -0.0036814	
8	24	  0.0035705	  0.0025995	     77.960	     2.1908	-9.7531e+92	-9.7531e+92	 0.00075949	  0.0020274	 0.00061145	  0.0026936	  -0.017225	 -0.0057995	
9	0	   0.049187	   0.061876	     86.890	     1.9108	-9.7531e+92	-9.7531e+92	   0.037317	   0.031829	     0.0000	  0.0038690	   0.058399	   0.013816	
9	1	   0.031463	   0.039579	     55.376	     2.7421	-9.7531e+92	-9.7531e+92	   0.032189	   0.034400	     0.0000	  -0.011391	    0.17388	  -0.082711	
9	2	  0.0069272	  0.0087143	     133.64	    0.71608	-9.7531e+92	-9.7531e+92	   0.051051	   0.010345	     0.0000	  -0.018745	   0.055830	   -0.57520	
9	3	  0.0010412	  0.0013097	     191.41	    0.20802	-9.7531e+92	-9.7531e+92	   0.033234	  0.0013961	     0.0000	   -0.70775	   0.011099	    -1.4889	
9	4	 0.00013878	 0.00017459	     223.28	    0.11603	-9.7531e+92	-9.7531e+92	   0.017829	 0.00026113	     0.0000	   -0.36445	  0.0018739	    -1.3384	
9	5	 6.5183e-05	 8.1999e-05	     134.70	    0.69890	-9.7531e+92	-9.7531e+92	  0.0011615	 0.00020139	     0.0000	  -0.032388	 0.00094500	  -0.023869	
9	6	  0.0028946	  0.0036413	     62.827	     2.5956	-9.7531e+92	-9.7531e+92	  0.0054172	  0.0044034	     0.0000	  -0.054692	   0.021548	  -0.035269	
9	7	  0.0022365	  0.0028135	     64.406	     2.5596	-9.7531e+92	-9.7531e+92	   0.016643	  0.0030539	     0.0000	  -0.074221	   0.017387	   -0.17259	
9	8	 1.0174e-06	 1.2799e-06	     171.65	    0.30991	-9.7531e+92	-9.7531e+92	  0.0053722	 0.00010084	     0.0000	   -0.10640	 0.00048453	  -0.094333	
9	9	     0.0000	     0.0000	     0.0000	     3.0000	-9.7531e+92	-9.7531e+92	    0.64801	     0.0000	    0.61212	     0.0000	     0.0000	     0.0000	
9	10	 5.0510e-16	 6.3541e-16	     215.04	    0.13402	-9.7531e+92	-9.7531e+92	 4.5568e-05	 0.00010681	     0.0000	-0.00018031	 0.00045441	-0.00012523	
9	11	 4.5189e-09	 5.6846e-09	     175.31	    0.28718	-9.7531e+92	-9.7531e+92	 9.1945e-05	 0.00010080	     0.0000	 -0.0016609	 0.00047873	 -0.0016478	
9	12	 3.9412e-16	 4.9580e-16	     214.99	    0.13415	-9.7531e+92	-9.7531e+92	 4.5081e-05	 0.00010750	     0.0000	-0.00013766	 0.00045151	-0.00011779	
9	13	   0.063767	   0.080217	     9.0540	     2.9998	-9.7531e+92	-9.7531e+92	   0.049628	   0.083195	     0.0000	   0.041648	    0.46274	   0.050051	
9	14	    0.83272	     1.0475	     38.749	     2.9339	-9.7531e+92	-9.7531e+92	    0.28771	     1.0000	    0.15838	  0.0034228	     5.4508	     4.6128	
9	15	 0.00018382	 0.00023123	     117.55	     1.0311	-9.7531e+92	-9.7531e+92	  0.0053904	 0.00039105	     0.0000	     0.0000	  0.0017863	   -0.14962	
9	16	 1.6708e-16	 2.1018e-16	     159.83	    0.39862	-9.7531e+92	-9.7531e+92	 4.1923e-05	 0.00010498	     0.0000	 3.3660e-08	 0.00049515	 2.5885e-08	
9	17	 1.5612e-15	 1.9639e-15	     293.28	   0.040011	-9.7531e+92	-9.7531e+92	 0.00021748	 0.00011055	     0.0000	 -0.0049331	 0.00044585	  -0.021346	
9	18	  0.0087501	   0.011007	     96.665	     1.6016	-9.7531e+92	-9.7531e+92	   0.060089	   0.011621	     0.0000	   -0.29516	   0.065172	   -0.50121	
9	19	 3.0522e-08	 3.8395e-08	     193.08	    0.20137	-9.7531e+92	-9.7531e+92	 9.6201e-05	 0.00010758	     0.0000	 -0.0021757	 0.00045650	 -0.0048168	
9	20	 4.1416e-07	 5.2100e-07	     174.09	    0.29453	-9.7531e+92	-9.7531e+92	 0.00022606	 0.00010773	     0.0000	 -0.0036385	 0.00046016	 -0.0058182	
9	21	 0.00062021	 0.00078021	     83.320	     2.0244	-9.7531e+92	-9.7531e+92	  0.0054644	 0.00095759	     0.0000	  -0.019381	  0.0051860	  -0.067229	
9	22	 4.1514e-16	 5.2223e-16	     266.14	   0.058633	-9.7531e+92	-9.7531e+92	 0.00039376	 0.00010972	     0.0000	 -0.0084825	 0.00045143	  -0.048327	
9	23	 7.0548e-06	 8.8748e-06	     121.73	    0.93874	-9.7531e+92	-9.7531e+92	 9.9239e-05	 0.00010605	     0.0000	-0.00019967	 0.00055306	-0.00088674	
9	24	 1.5860e-06	 1.9952e-06	     149.07	    0.50520	-9.7531e+92	-9.7531e+92	 8.0849e-05	 9.9363e-05	     0.0000	-0.00057655	 0.00050602	-0.00079246	
10	0	  0.0084719	  0.0028766	     210.64	    0.14503	-9.7531e+92	-9.7531e+92	  0.0041628	 3.5331e-05	     0.0000	-0.00039581	 -0.0020567	  0.0060691	
10	1	 0.00054473	 0.00018496	     228.04	    0.10699	-9.7531e+92	-9.7531e+92	  0.0068612	 2.5114e-06	     0.0000	-0.00026184	-0.00014760	   0.010506	
10	2	  0.0084473	  0.0028683	     213.20	    0.13850	-9.7531e+92	-9.7531e+92	   0.010003	 3.3964e-05	     0.0000	-4.3875e-05	 -0.0020651	   0.020463	
10	3	 0.00029817	 0.00010125	     258.79	   0.065432	-9.7531e+92	-9.7531e+92	   0.010886	 1.1406e-06	     0.0000	 -0.0016901	-7.9436e-05	   0.045452	
10	4	    0.11430	   0.038809	     204.61	    0.16194	-9.7531e+92	-9.7531e+92	   0.018192	 0.00036338	     0.0000	-0.00038807	  -0.026399	   0.019986	
10	5	   0.071617	   0.024318	     93.726	     1.6933	-9.7531e+92	-9.7531e+92	  0.0089291	 0.00032221	  0.0075161	  0.0012894	  -0.018794	  -0.016540	
10	6	 0.00011588	 3.9346e-05	     153.37	    0.45919	-9.7531e+92	-9.7531e+92	 0.00072893	 8.2043e-07	     0.0000	-0.00019067	-4.8061e-05	  0.0021520	
10	7	  0.0099123	  0.0033657	     153.29	    0.46001	-9.7531e+92	-9.7531e+92	  0.0066044	 4.2796e-05	     0.0000	-0.00020441	 -0.0026029	  0.0052096	
10	8	   0.095545	   0.032442	     44.054	     2.8911	-9.7531e+92	-9.7531e+92	   0.012001	 0.00039510	  0.0065390	  0.0010457	  -0.023971	  -0.018722	
10	9	 6.4914e-08	 2.2041e-08	     215.04	    0.13402	-9.7531e+92	-9.7531e+92	  0.0020068	 2.8758e-07	     0.0000	-0.00051555	-1.7490e-05	  0.0069677	
10	10	     0.0000	     0.0000	     0.0000	     3.0000	-9.7531e+92	-9.7531e+92	    0.16980	     0.0000	    0.16977	     0.0000	     0.0000	     0.0000	
10	11	   0.021467	  0.0072892	     46.926	     2.8613	-9.7531e+92	-9.7531e+92	  0.0019383	 9.0919e-05	  0.0018202	 0.00024132	 -0.0051804	 -0.0047799	
10	12	   0.013722	  0.0046593	     46.012	     2.8713	-9.7531e+92	-9.7531e+92	  0.0012097	 4.7802e-05	  0.0011803	 6.7937e-05	 -0.0020572	 -0.0018402	
10	13	   0.010246	  0.0034790	     205.99	    0.15786	-9.7531e+92	-9.7531e+92	  0.0064934	 4.1515e-05	     0.0000	-0.00059677	 -0.0024754	   0.010221	
10	14	   0.056516	   0.019190	     190.48	    0.21181	-9.7531e+92	-9.7531e+92	   0.015412	 0.00022170	     0.0000	-5.1795e-07	  -0.013579	   0.010408	
10	15	 7.0364e-06	 2.3892e-06	     197.67	    0.18443	-9.7531e+92	-9.7531e+92	  0.0012519	 3.1906e-07	     0.0000	     0.0000	-1.9213e-05	  0.0061564	
10	16	 1.6961e-14	 5.7590e-15	     147.94	    0.51817	-9.7531e+92	-9.7531e+92	 1.1316e-05	 3.0298e-07	     0.0000	 7.5543e-11	-1.1062e-05	-6.7249e-10	
10	17	 1.0713e-14	 3.6375e-15	     270.72	   0.054831	-9.7531e+92	-9.7531e+92	 0.00015160	 2.9336e-07	     0.0000	-1.1741e-05	-1.7678e-05	 0.00089836	
10	18	    0.31993	    0.10863	     118.82	     1.0023	-9.7531e+92	-9.7531e+92	   0.038009	  0.0012482	  0.0074587	  0.0019903	  -0.079786	  -0.053387	
10	19	   0.038362	   0.013026	     85.643	     1.9506	-9.7531e+92	-9.7531e+92	  0.0035442	 0.00016866	  0.0032436	 0.00023097	  -0.010011	 -0.0092118	
10	20	    0.21861	   0.074230	     74.457	     2.2947	-9.7531e+92	-9.7531e+92	   0.018950	 0.00097026	   0.018592	  0.0018778	  -0.057464	  -0.053767	
10	21	 3.9820e-06	 1.3521e-06	     171.26	    0.31241	-9.7531e+92	-9.7531e+92	 0.00083471	 3.1117e-07	     0.0000	-7.5548e-05	-1.8608e-05	  0.0029510	
10	22	 1.6369e-06	 5.5582e-07	     176.66	    0.27933	-9.7531e+92	-9.7531e+92	 0.00038150	 2.9875e-07	     0.0000	-1.9926e-05	-1.8039e-05	  0.0020202	
10	23	   0.010579	  0.0035922	     95.614	     1.6342	-9.7531e+92	-9.7531e+92	 0.00096575	 4.7762e-05	 0.00088942	 6.7263e-05	 -0.0028202	 -0.0025817	
10	24	  0.0013020	 0.00044209	     102.71	     1.4197	-9.7531e+92	-9.7531e+92	 0.00019028	 6.0994e-06	 0.00012124	 1.5145e-05	-0.00035912	-0.00028823	
11	0	   0.085675	   0.036385	     167.10	    0.34103	-9.7531e+92	-9.7531e+92	   0.015831	  0.0012575	 0.00078529	  0.0038712	   -0.11759	  -0.064869	
11	1	   0.071315	   0.030287	     185.20	    0.23505	-9.7531e+92	-9.7531e+92	   0.019673	  0.0010492	     0.0000	 0.00071465	  -0.098069	  -0.031333	
11	2	   0.026640	   0.011314	     197.83	    0.18388	-9.7531e+92	-9.7531e+92	   0.014525	 0.00039248	     0.0000	-0.00018373	  -0.036853	   0.093630	
11	3	  0.0056145	  0.0023844	     244.71	   0.081388	-9.7531e+92	-9.7531e+92	  0.0079091	 6.8651e-05	     0.0000	 -0.0086536	 -0.0070159	    0.25449	
11	4	  0.0034095	  0.0014480	     218.09	    0.12699	-9.7531e+92	-9.7531e+92	  0.0055406	 4.2327e-05	     0.0000	 -0.0044779	 -0.0045584	    0.25208	
11	5	   0.039251	   0.016670	     77.490	     2.2050	-9.7531e+92	-9.7531e+92	  0.0052171	 0.00061562	  0.0034499	  0.0035212	  -0.058642	  -0.049328	
11	6	  0.0023800	  0.0010108	     117.04	     1.0431	-9.7531e+92	-9.7531e+92	  0.0015932	 3.8495e-05	     0.0000	-0.00074155	 -0.0036641	  0.0091402	
11	7	   0.064441	   0.027367	     112.26	     1.1591	-9.7531e+92	-9.7531e+92	   0.014327	 0.00096702	  0.0010308	  0.0016622	  -0.095736	  -0.046266	
11	8	   0.048119	   0.020436	     32.525	     2.9668	-9.7531e+92	-9.7531e+92	   0.010801	 0.00056135	  0.0039696	  0.0013958	  -0.063759	  -0.039920	
11	9	 1.9165e-06	 8.1393e-07	     175.31	    0.28718	-9.7531e+92	-9.7531e+92	  0.0053650	 1.0449e-06	     0.0000	 -0.0027040	-0.00010230	   0.039912	
11	10	  0.0018239	 0.00077460	     46.926	     2.8613	-9.7531e+92	-9.7531e+92	 0.00022136	 2.4429e-05	 0.00018397	 0.00011312	 -0.0022908	 -0.0020453	
11	11	     0.0000	     0.0000	     0.0000	     3.0000	-9.7531e+92	-9.7531e+92	    0.21246	     0.0000	    0.21232	     0.0000	     0.0000	     0.0000	
11	12	   0.014431	  0.0061286	     77.218	     2.2132	-9.7531e+92	-9.7531e+92	  0.0015505	 0.00021363	  0.0015136	  0.0010009	  -0.020759	  -0.019526	
11	13	   0.050940	   0.021634	     166.60	    0.34470	-9.7531e+92	-9.7531e+92	   0.014411	 0.00069972	     0.0000	-0.00032016	  -0.069869	  0.0063107	
11	14	   0.055898	   0.023739	     157.91	    0.41563	-9.7531e+92	-9.7531e+92	   0.021237	 0.00077729	     0.0000	-2.5540e-06	  -0.076511	   0.060453	
11	15	 9.9630e-06	 4.2312e-06	     182.32	    0.24896	-9.7531e+92	-9.7531e+92	  0.0011658	 1.1894e-06	     0.0000	     0.0000	-0.00011368	   0.035264	
11	16	 3.1846e-16	 1.3525e-16	     142.85	    0.58099	-9.7531e+92	-9.7531e+92	 1.4153e-05	 1.0413e-06	     0.0000	 3.6874e-10	-4.4599e-05	-2.6371e-09	
11	17	 6.7241e-18	 2.8557e-18	     290.18	   0.041722	-9.7531e+92	-9.7531e+92	 6.4879e-05	 1.0730e-06	     0.0000	-6.1586e-05	-0.00010068	  0.0051458	
11	18	    0.46261	    0.19647	     81.269	     2.0888	-9.7531e+92	-9.7531e+92	   0.062538	  0.0057708	   0.024327	   0.012971	   -0.66014	   -0.49719	
11	19	 0.00077905	 0.00033085	     108.78	     1.2499	-9.7531e+92	-9.7531e+92	 0.00019299	 1.3312e-05	     0.0000	-1.3611e-06	 -0.0012706	 5.8198e-05	
11	20	  0.0083066	  0.0035277	     83.734	     2.0113	-9.7531e+92	-9.7531e+92	  0.0012644	 0.00012953	 0.00081590	 0.00032571	  -0.012532	  -0.010353	
11	21	 0.00014030	 5.9585e-05	     128.65	    0.80225	-9.7531e+92	-9.7531e+92	  0.0023310	 3.1662e-06	     0.0000	-0.00038676	-0.00030976	   0.016712	
11	22	 2.6409e-08	 1.1215e-08	     200.45	    0.17499	-9.7531e+92	-9.7531e+92	 0.00012599	 1.0662e-06	     0.0000	-0.00010590	-0.00010033	   0.011574	
11	23	   0.015190	  0.0064508	     53.605	     2.7712	-9.7531e+92	-9.7531e+92	  0.0016741	 0.00023357	  0.0015786	 0.00048838	  -0.022739	  -0.021237	
11	24	   0.043025	   0.018272	     56.094	     2.7297	-9.7531e+92	-9.7531e+92	  0.0046109	 0.00062692	  0.0045245	  0.0025175	  -0.061970	  -0.058357	
12	0	  0.0019271	 0.00068915	     226.76	    0.10933	-9.7531e+92	-9.7531e+92	  0.0033781	 1.3248e-05	     0.0000	 -0.0013675	 -0.0012870	   0.021107	
12	1	 0.00067396	 0.00024102	     231.78	    0.10046	-9.7531e+92	-9.7531e+92	  0.0072246	 4.8938e-06	     0.0000	-0.00072583	-0.00047918	   0.029316	
12	2	   0.016905	  0.0060455	     181.48	    0.25322	-9.7531e+92	-9.7531e+92	   0.011283	 0.00010938	     0.0000	-0.00011053	  -0.011035	   0.051890	
12	3	   0.021297	  0.0076160	     227.10	    0.10870	-9.7531e+92	-9.7531e+92	   0.017099	 0.00010943	     0.0000	 -0.0042548	  -0.012498	    0.11518	
12	4	    0.21110	   0.075493	     165.11	    0.35583	-9.7531e+92	-9.7531e+92	   0.029230	  0.0010941	     0.0000	 5.1231e-05	   -0.13085	 -0.0026560	
12	5	   0.076894	   0.027499	     80.590	     2.1100	-9.7531e+92	-9.7531e+92	  0.0089483	 0.00054525	  0.0074602	  0.0038644	  -0.054047	  -0.049899	
12	6	 0.00077794	 0.00027820	     152.49	    0.46823	-9.7531e+92	-9.7531e+92	 0.00074426	 5.9687e-06	     0.0000	-0.00048994	-0.00059520	  0.0055664	
12	7	  0.0010752	 0.00038452	     158.06	    0.41430	-9.7531e+92	-9.7531e+92	  0.0058755	 7.7701e-06	     0.0000	-0.00080305	-0.00079782	   0.020602	
12	8	   0.093688	   0.033504	     55.069	     2.7473	-9.7531e+92	-9.7531e+92	   0.012495	 0.00063633	  0.0067429	  0.0032264	  -0.065574	  -0.053149	
12	9	 3.8909e-07	 1.3914e-07	     214.99	    0.13415	-9.7531e+92	-9.7531e+92	  0.0017873	 4.5828e-07	     0.0000	 -0.0014331	-4.7062e-05	   0.019496	
12	10	  0.0086653	  0.0030989	     46.012	     2.8713	-9.7531e+92	-9.7531e+92	 0.00079472	 4.7844e-05	 0.00076323	 0.00027059	 -0.0045627	 -0.0043909	
12	11	  0.0050501	  0.0018060	     77.218	     2.2132	-9.7531e+92	-9.7531e+92	 0.00057799	 2.6058e-05	 0.00045364	 9.5528e-05	 -0.0026816	 -0.0024293	
12	12	     0.0000	     0.0000	     0.0000	     3.0000	-9.7531e+92	-9.7531e+92	    0.17884	     0.0000	    0.17881	     0.0000	     0.0000	     0.0000	
12	13	  0.0051678	  0.0018481	     205.94	    0.15802	-9.7531e+92	-9.7531e+92	  0.0059617	 3.4213e-05	     0.0000	 -0.0018436	 -0.0033636	   0.031785	
12	14	  0.0093440	  0.0033416	     188.63	    0.21964	-9.7531e+92	-9.7531e+92	   0.011817	 5.9664e-05	     0.0000	-2.9035e-06	 -0.0060510	   0.058732	
12	15	 0.00027560	 9.8560e-05	     166.81	    0.34315	-9.7531e+92	-9.7531e+92	  0.0015731	 2.3548e-06	     0.0000	     0.0000	-0.00023868	   0.017044	
12	16	 2.9482e-14	 1.0543e-14	     115.95	     1.0685	-9.7531e+92	-9.7531e+92	 1.1918e-05	 4.6730e-07	     0.0000	 1.9451e-10	-2.8431e-05	-1.8318e-09	
12	17	 1.8337e-13	 6.5575e-14	     225.22	    0.11223	-9.7531e+92	-9.7531e+92	 0.00024010	 4.6480e-07	     0.0000	-3.2633e-05	-4.7315e-05	  0.0025137	
12	18	    0.38592	    0.13801	     120.73	    0.96010	-9.7531e+92	-9.7531e+92	   0.043140	  0.0024561	   0.010964	  0.0075889	   -0.25718	   -0.19226	
12	19	   0.044274	   0.015833	     44.530	     2.8865	-9.7531e+92	-9.7531e+92	  0.0041681	 0.00029955	  0.0038515	 0.00069722	  -0.030714	  -0.029456	
12	20	    0.11321	   0.040487	     45.010	     2.8817	-9.7531e+92	-9.7531e+92	   0.010575	 0.00075971	   0.010198	  0.0024916	  -0.078047	  -0.075656	
12	21	 1.9078e-06	 6.8227e-07	     187.39	    0.22505	-9.7531e+92	-9.7531e+92	 0.00078451	 4.7861e-07	     0.0000	-0.00021004	-4.8382e-05	  0.0082586	
12	22	  0.0027182	 0.00097207	     131.16	    0.75767	-9.7531e+92	-9.7531e+92	 0.00083315	 1.9210e-05	     0.0000	-3.6095e-05	 -0.0019636	  0.0037812	
12	23	  0.0010060	 0.00035977	     109.85	     1.2215	-9.7531e+92	-9.7531e+92	 0.00014415	 7.6082e-06	 6.3762e-05	 1.5196e-05	-0.00076184	-0.00058757	
12	24	 2.8694e-05	 1.0261e-05	     132.31	    0.73810	-9.7531e+92	-9.7531e+92	 5.4308e-05	 6.7656e-07	     0.0000	-3.9106e-06	-6.7785e-05	 7.5059e-05	
13	0	   0.099545	    0.57823	     86.013	     1.9388	-9.7531e+92	-9.7531e+92	    0.23277	    0.16120	   0.026984	   0.013375	   -0.23859	  -0.017277	
13	1	   0.061676	    0.35826	     57.043	     2.7128	-9.7531e+92	-9.7531e+92	    0.25663	   0.094718	     0.0000	  0.0012694	   -0.18038	 -0.0039510	
13	2	   0.055297	    0.32120	     127.66	    0.82064	-9.7531e+92	-9.7531e+92	    0.24460	   0.090337	     0.0000	-0.00034187	   -0.13466	   0.011901	
13	3	  0.0046986	   0.027293	     188.65	    0.21955	-9.7531e+92	-9.7531e+92	    0.11894	  0.0074834	     0.0000	  -0.026858	   0.013073	   0.044711	
13	4	 0.00051118	  0.0029693	     217.30	    0.12878	-9.7531e+92	-9.7531e+92	   0.074464	 0.00091838	     0.0000	  -0.014037	 0.00071631	   0.049875	
13	5	  0.0011502	  0.0066811	     125.66	    0.85869	-9.7531e+92	-9.7531e+92	   0.012176	  0.0022377	     0.0000	-7.4198e-05	 -0.0015241	 0.00097506	
13	6	   0.075483	    0.43846	     53.773	     2.7685	-9.7531e+92	-9.7531e+92	    0.12447	    0.14147	   0.072630	  0.0020410	   -0.10951	  -0.022160	
13	7	   0.016753	   0.097311	     57.312	     2.7078	-9.7531e+92	-9.7531e+92	    0.14360	   0.027208	     0.0000	-0.00014854	  -0.017212	 0.00075793	
13	8	 5.4221e-05	 0.00031495	     162.59	    0.37553	-9.7531e+92	-9.7531e+92	   0.079248	 0.00022904	     0.0000	 -0.0040916	-0.00023520	  0.0053696	
13	9	   0.018235	    0.10592	     9.0540	     2.9998	-9.7531e+92	-9.7531e+92	    0.10358	   0.032170	     0.0000	 -0.0030127	  -0.030068	  0.0033763	
13	10	 7.2745e-15	 4.2255e-14	     205.99	    0.15786	-9.7531e+92	-9.7531e+92	 0.00024344	 0.00013887	     0.0000	-6.9570e-06	-0.00016645	 7.3077e-06	
13	11	 1.4594e-07	 8.4771e-07	     166.60	    0.34470	-9.7531e+92	-9.7531e+92	 0.00091125	 0.00013096	     0.0000	-6.3606e-05	-0.00011890	 9.5656e-05	
13	12	 2.0010e-16	 1.1623e-15	     205.94	    0.15802	-9.7531e+92	-9.7531e+92	 0.00022888	 0.00013962	     0.0000	-5.3114e-06	-0.00017389	 6.8668e-06	
13	13	     0.0000	     0.0000	     0.0000	     3.0000	-9.7531e+92	-9.7531e+92	     3.0330	     0.0000	     2.7087	     0.0000	     0.0000	     0.0000	
13	14	   0.080761	    0.46911	     32.765	     2.9658	-9.7531e+92	-9.7531e+92	    0.32776	    0.11844	     0.0000	-4.0092e-06	   -0.25154	  0.0059085	
13	15	  0.0050210	   0.029166	     111.52	     1.1779	-9.7531e+92	-9.7531e+92	   0.025587	  0.0097929	     0.0000	     0.0000	 -0.0095427	  0.0065932	
13	16	 2.3070e-14	 1.3401e-13	     153.85	    0.45440	-9.7531e+92	-9.7531e+92	 0.00019358	 0.00014169	     0.0000	 1.2410e-09	-0.00018257	-1.5390e-09	
13	17	 1.1818e-14	 6.8648e-14	     287.27	   0.043413	-9.7531e+92	-9.7531e+92	 0.00089606	 0.00014412	     0.0000	-0.00019034	-0.00019327	  0.0012249	
13	18	    0.51067	     2.9663	     87.611	     1.8878	-9.7531e+92	-9.7531e+92	    0.89213	    0.81623	    0.36952	   0.063012	    -1.0940	   -0.12245	
13	19	 4.9435e-07	 2.8715e-06	     184.51	    0.23831	-9.7531e+92	-9.7531e+92	 0.00062470	 0.00013728	     0.0000	-8.3899e-05	-0.00015118	 0.00027599	
13	20	 4.6680e-06	 2.7115e-05	     165.04	    0.35635	-9.7531e+92	-9.7531e+92	  0.0026209	 0.00014531	     0.0000	-0.00013978	-0.00015651	 0.00033225	
13	21	   0.069934	    0.40622	     76.619	     2.2311	-9.7531e+92	-9.7531e+92	    0.13019	    0.12213	   0.060126	  0.0052322	  -0.069906	  -0.016199	
13	22	 3.4709e-15	 2.0161e-14	     260.15	   0.064098	-9.7531e+92	-9.7531e+92	  0.0016610	 0.00014214	     0.0000	-0.00032729	-0.00018119	  0.0027427	
13	23	 0.00018259	  0.0010606	     113.01	     1.1402	-9.7531e+92	-9.7531e+92	 0.00094203	 0.00046083	     0.0000	 2.5330e-06	-0.00025227	-8.1995e-06	
13	24	 1.9474e-05	 0.00011312	     142.21	    0.58941	-9.7531e+92	-9.7531e+92	 0.00060476	 0.00016518	     0.0000	-2.3729e-05	-0.00013370	 3.9851e-05	
14	0	   0.092185	    0.53132	     114.85	     1.0949	-9.7531e+92	-9.7531e+92	    0.20245	    0.23892	     0.0000	   0.084844	    -1.2309	   -0.34634	
14	1	   0.058454	    0.33691	     88.839	     1.8485	-9.7531e+92	-9.7531e+92	    0.19874	    0.15378	     0.0000	  0.0094047	   -0.76550	  -0.069594	
14	2	    0.25076	     1.4453	     97.273	     1.5829	-9.7531e+92	-9.7531e+92	    0.48863	    0.76237	     0.0000	   0.014938	    -2.7004	   -0.94066	
14	3	   0.089662	    0.51678	     161.01	    0.38854	-9.7531e+92	-9.7531e+92	    0.32902	    0.23733	     0.0000	   -0.20419	   -0.37335	    0.67195	
14	4	  0.0014670	  0.0084555	     184.55	    0.23808	-9.7531e+92	-9.7531e+92	    0.17394	  0.0041866	     0.0000	   -0.17402	 -0.0094375	     1.1598	
14	5	  0.0017042	  0.0098221	     108.09	     1.2686	-9.7531e+92	-9.7531e+92	   0.010075	  0.0061159	     0.0000	 -0.0092446	  -0.021886	   0.017018	
14	6	   0.011094	   0.063939	     41.508	     2.9135	-9.7531e+92	-9.7531e+92	   0.035905	   0.037851	     0.0000	  0.0097594	   -0.13682	  -0.015843	
14	7	   0.048236	    0.27801	     65.464	     2.5345	-9.7531e+92	-9.7531e+92	    0.13595	    0.14174	     0.0000	   0.032699	   -0.55781	   -0.11913	
14	8	 2.0857e-05	 0.00012021	     146.54	    0.53466	-9.7531e+92	-9.7531e+92	   0.046199	 0.00020070	     0.0000	 -0.0090989	-0.00063322	   0.062797	
14	9	   0.063805	    0.36774	     38.749	     2.9339	-9.7531e+92	-9.7531e+92	    0.15557	    0.11410	     0.0000	     0.0000	   -0.48636	   -0.13184	
14	10	 1.8247e-13	 1.0517e-12	     190.48	    0.21181	-9.7531e+92	-9.7531e+92	 0.00022191	 0.00024047	     0.0000	-8.3543e-05	-0.00086440	 0.00015583	
14	11	 5.5097e-07	 3.1756e-06	     157.91	    0.41563	-9.7531e+92	-9.7531e+92	 0.00061471	 0.00023411	     0.0000	-0.00078947	-0.00085411	  0.0020385	
14	12	 2.1331e-13	 1.2294e-12	     188.63	    0.21964	-9.7531e+92	-9.7531e+92	 0.00021503	 0.00024632	     0.0000	-6.3294e-05	-0.00090337	 0.00014646	
14	13	    0.12160	    0.70087	     32.765	     2.9658	-9.7531e+92	-9.7531e+92	    0.28457	    0.35548	     0.0000	    0.17246	    -1.3386	   -0.39755	
14	14	     0.0000	     0.0000	     0.0000	     3.0000	-9.7531e+92	-9.7531e+92	     3.0884	     0.0000	     2.4959	     0.0000	     0.0000	     0.0000	
14	15	   0.013391	   0.077179	     78.991	     2.1593	-9.7531e+92	-9.7531e+92	   0.052627	   0.043467	     0.0000	     0.0000	   -0.16027	   0.083626	
14	16	 1.3451e-14	 7.7526e-14	     121.20	    0.94999	-9.7531e+92	-9.7531e+92	 0.00019208	 0.00024639	     0.0000	 1.6121e-08	-0.00089639	-3.2716e-08	
14	17	 8.1796e-13	 4.7144e-12	     254.84	   0.069479	-9.7531e+92	-9.7531e+92	  0.0019036	 0.00025379	     0.0000	 -0.0023707	-0.00093080	   0.026196	
14	18	    0.24617	     1.4188	     78.249	     2.1820	-9.7531e+92	-9.7531e+92	    0.51901	    0.68956	 0.00044799	    0.25860	    -2.9314	    -1.0079	
14	19	 9.2378e-06	 5.3243e-05	     166.55	    0.34505	-9.7531e+92	-9.7531e+92	 0.00067534	 0.00027030	     0.0000	 -0.0010338	-0.00096978	  0.0058403	
14	20	 2.3740e-05	 0.00013683	     147.73	    0.52061	-9.7531e+92	-9.7531e+92	  0.0017475	 0.00032844	     0.0000	 -0.0016868	 -0.0011879	  0.0069688	
14	21	  0.0013233	  0.0076271	     101.18	     1.4647	-9.7531e+92	-9.7531e+92	   0.031676	  0.0038473	     0.0000	 -0.0082426	  -0.014148	   0.070750	
14	22	 3.0600e-15	 1.7636e-14	     227.39	    0.10817	-9.7531e+92	-9.7531e+92	  0.0036111	 0.00025075	     0.0000	 -0.0040764	-0.00090999	   0.058767	
14	23	 8.4640e-05	 0.00048783	     114.84	     1.0952	-9.7531e+92	-9.7531e+92	 0.00059824	 0.00047459	     0.0000	-9.6164e-05	 -0.0016653	 0.00053379	
14	24	 1.8705e-06	 1.0781e-05	     150.00	    0.49487	-9.7531e+92	-9.7531e+92	 0.00044525	 0.00023302	     0.0000	-0.00035662	-0.00085112	 0.00097836	
15	0	  0.0032777	  0.0050385	     189.51	    0.21584	-9.7531e+92	-9.7531e+92	   0.014333	  0.0024400	     0.0000	 -0.0071676	   0.017233	 -0.0069693	
15	1	  0.0053056	  0.0081557	     167.83	    0.33581	-9.7531e+92	-9.7531e+92	   0.021500	  0.0036605	     0.0000	 -0.0035688	   0.026614	 -0.0090449	
15	2	    0.17503	    0.26906	     21.827	     2.9932	-9.7531e+92	-9.7531e+92	    0.10663	   0.078504	     0.0000	     0.0000	    0.60184	     0.0000	
15	3	    0.23470	    0.36078	     84.108	     1.9994	-9.7531e+92	-9.7531e+92	    0.17767	   0.081541	     0.0000	  0.0013750	    0.75225	  0.0027741	
15	4	    0.17134	    0.26338	     106.18	     1.3210	-9.7531e+92	-9.7531e+92	    0.14763	   0.061280	     0.0000	 -0.0022549	    0.60481	 -0.0079092	
15	5	  0.0054929	  0.0084436	     104.94	     1.3557	-9.7531e+92	-9.7531e+92	  0.0036864	  0.0042775	     0.0000	 0.00040343	   0.026053	 0.00028077	
15	6	   0.011984	   0.018422	     96.746	     1.5991	-9.7531e+92	-9.7531e+92	  0.0081694	  0.0092738	     0.0000	  0.0010282	   0.056313	 0.00062591	
15	7	  0.0089161	   0.013706	     131.62	    0.74982	-9.7531e+92	-9.7531e+92	   0.015785	  0.0066096	     0.0000	 -0.0032480	   0.042264	 -0.0045383	
15	8	 5.9516e-06	 9.1488e-06	     159.01	    0.40580	-9.7531e+92	-9.7531e+92	  0.0077878	 5.3525e-05	     0.0000	 -0.0038434	 0.00034073	 -0.0032156	
15	9	  0.0049673	  0.0076357	     117.55	     1.0311	-9.7531e+92	-9.7531e+92	   0.010480	  0.0035970	     0.0000	 -0.0064636	   0.023817	 -0.0047623	
15	10	 6.3129e-19	 9.7041e-19	     197.67	    0.18443	-9.7531e+92	-9.7531e+92	 5.6471e-05	 5.0474e-05	     0.0000	-6.5154e-06	 0.00030973	-4.2668e-06	
15	11	 7.8006e-10	 1.1991e-09	     182.32	    0.24896	-9.7531e+92	-9.7531e+92	 0.00012321	 5.1384e-05	     0.0000	-6.0969e-05	 0.00030701	-5.6152e-05	
15	12	 1.9332e-08	 2.9718e-08	     166.81	    0.34315	-9.7531e+92	-9.7531e+92	 5.5936e-05	 4.9362e-05	     0.0000	-4.9695e-06	 0.00031240	-4.0096e-06	
15	13	   0.060471	   0.092956	     111.52	     1.1779	-9.7531e+92	-9.7531e+92	   0.045697	   0.042281	     0.0000	 0.00091743	    0.30421	  0.0010051	
15	14	    0.18206	    0.27986	     78.991	     2.1593	-9.7531e+92	-9.7531e+92	    0.10170	    0.11088	     0.0000	 1.3413e-05	    0.84819	   0.017214	
15	15	     0.0000	     0.0000	     0.0000	     3.0000	-9.7531e+92	-9.7531e+92	    0.77978	     0.0000	    0.74081	     0.0000	     0.0000	     0.0000	
15	16	 3.9139e-18	 6.0164e-18	     65.362	     2.5370	-9.7531e+92	-9.7531e+92	 5.1228e-05	 4.9805e-05	     0.0000	 1.2163e-09	 0.00032407	 8.8135e-10	
15	17	 2.4605e-07	 3.7822e-07	     175.81	    0.28425	-9.7531e+92	-9.7531e+92	  0.0013300	 4.2380e-05	     0.0000	-0.00017824	 0.00033606	-0.00072770	
15	18	    0.13599	    0.20904	     116.73	     1.0502	-9.7531e+92	-9.7531e+92	   0.087165	   0.090261	     0.0000	  0.0065357	    0.66393	  0.0097129	
15	19	 7.5120e-05	 0.00011547	     131.26	    0.75593	-9.7531e+92	-9.7531e+92	 0.00029711	 9.9394e-05	     0.0000	-7.1419e-05	 0.00068456	-0.00014919	
15	20	 0.00034973	 0.00053760	     124.66	    0.87845	-9.7531e+92	-9.7531e+92	 0.00050115	 0.00029836	     0.0000	-8.5120e-05	  0.0020216	-0.00012842	
15	21	 7.1214e-06	 1.0947e-05	     175.65	    0.28523	-9.7531e+92	-9.7531e+92	  0.0035160	 5.5423e-05	     0.0000	 -0.0011467	 0.00034465	 -0.0024168	
15	22	 3.5560e-06	 5.4662e-06	     163.21	    0.37056	-9.7531e+92	-9.7531e+92	  0.0029137	 4.4434e-05	     0.0000	-0.00030638	 0.00034709	 -0.0016475	
15	23	 1.9873e-05	 3.0549e-05	     149.47	    0.50076	-9.7531e+92	-9.7531e+92	 9.8456e-05	 6.6476e-05	     0.0000	-1.3581e-05	 0.00039939	-2.7663e-05	
15	24	 3.3137e-12	 5.0939e-12	     189.75	    0.21485	-9.7531e+92	-9.7531e+92	 8.2919e-05	 5.1635e-05	     0.0000	-2.7187e-05	 0.00030618	-2.7324e-05	
16	0	  0.0023451	     0.0000	     217.18	    0.12904	-9.7531e+92	-9.7531e+92	     0.0000	 6.3429e-06	     0.0000	     0.0000	 4.4879e-14	     0.0000	
16	1	   0.029413	     0.0000	     207.46	    0.15366	-9.7531e+92	-9.7531e+92	     0.0000	 7.6679e-05	     0.0000	     0.0000	 5.3036e-13	     0.0000	
16	2	  0.0057199	     0.0000	     68.097	     2.4691	-9.7531e+92	-9.7531e+92	     0.0000	 1.4262e-05	     0.0000	     0.0000	 9.1805e-14	     0.0000	
16	3	   0.013305	     0.0000	     111.94	     1.1671	-9.7531e+92	-9.7531e+92	     0.0000	 2.4546e-05	     0.0000	     0.0000	-2.4355e-14	     0.0000	
16	4	    0.13148	     0.0000	     75.439	     2.2661	-9.7531e+92	-9.7531e+92	     0.0000	 0.00024890	     0.0000	     0.0000	 1.7508e-12	     0.0000	
16	5	  0.0034668	     0.0000	     71.546	     2.3771	-9.7531e+92	-9.7531e+92	     0.0000	 1.0448e-05	     0.0000	     0.0000	 5.7926e-14	     0.0000	
16	6	   0.041920	     0.0000	     111.89	     1.1685	-9.7531e+92	-9.7531e+92	     0.0000	 0.00012438	     0.0000	     0.0000	 6.5030e-13	     0.0000	
16	7	   0.077623	     0.0000	     137.28	    0.65913	-9.7531e+92	-9.7531e+92	     0.0000	 0.00021770	     0.0000	     0.0000	 1.2383e-12	     0.0000	
16	8	   0.020150	     0.0000	     112.87	     1.1438	-9.7531e+92	-9.7531e+92	     0.0000	 5.8503e-05	     0.0000	     0.0000	 3.9742e-13	     0.0000	
16	9	   0.037560	     0.0000	     159.83	    0.39862	-9.7531e+92	-9.7531e+92	     0.0000	 0.00010516	     0.0000	     0.0000	 5.9436e-13	     0.0000	
16	10	  0.0053212	     0.0000	     147.94	    0.51817	-9.7531e+92	-9.7531e+92	     0.0000	 1.6153e-05	     0.0000	     0.0000	 8.5769e-14	     0.0000	
16	11	   0.045481	     0.0000	     142.85	    0.58099	-9.7531e+92	-9.7531e+92	     0.0000	 0.00013614	     0.0000	     0.0000	 7.0023e-13	     0.0000	
16	12	   0.015049	     0.0000	     115.95	     1.0685	-9.7531e+92	-9.7531e+92	     0.0000	 4.4904e-05	     0.0000	     0.0000	 2.4649e-13	     0.0000	
16	13	  0.0025165	     0.0000	     153.85	    0.45440	-9.7531e+92	-9.7531e+92	     0.0000	 6.6624e-06	     0.0000	     0.0000	 4.6804e-14	     0.0000	
16	14	   0.030729	     0.0000	     121.20	    0.94999	-9.7531e+92	-9.7531e+92	     0.0000	 7.6260e-05	     0.0000	     0.0000	 5.4768e-13	     0.0000	
16	15	   0.012494	     0.0000	     65.362	     2.5370	-9.7531e+92	-9.7531e+92	     0.0000	 3.4813e-05	     0.0000	     0.0000	 2.0679e-13	     0.0000	
16	16	     0.0000	     0.0000	     0.0000	     3.0000	-9.7531e+92	-9.7531e+92	     0.0000	     0.0000	     0.0000	     0.0000	     0.0000	     0.0000	
16	17	   0.037977	     0.0000	     148.25	    0.51453	-9.7531e+92	-9.7531e+92	     0.0000	 0.00010650	     0.0000	     0.0000	 6.5463e-13	     0.0000	
16	18	  0.0055498	     0.0000	     110.59	     1.2021	-9.7531e+92	-9.7531e+92	     0.0000	 1.4462e-05	     0.0000	     0.0000	 9.6350e-14	     0.0000	
16	19	   0.049402	     0.0000	     73.024	     2.3358	-9.7531e+92	-9.7531e+92	     0.0000	 0.00014394	     0.0000	     0.0000	 7.9380e-13	     0.0000	
16	20	    0.14954	     0.0000	     74.477	     2.2942	-9.7531e+92	-9.7531e+92	     0.0000	 0.00043908	     0.0000	     0.0000	 2.4813e-12	     0.0000	
16	21	   0.053314	     0.0000	     180.81	    0.25669	-9.7531e+92	-9.7531e+92	     0.0000	 0.00015407	     0.0000	     0.0000	 8.3201e-13	     0.0000	
16	22	  0.0084791	     0.0000	     106.73	     1.3057	-9.7531e+92	-9.7531e+92	     0.0000	 2.3781e-05	     0.0000	     0.0000	 1.7786e-13	     0.0000	
16	23	   0.015731	     0.0000	     136.77	    0.66684	-9.7531e+92	-9.7531e+92	     0.0000	 4.6795e-05	     0.0000	     0.0000	 2.4138e-13	     0.0000	
16	24	   0.033867	     0.0000	     177.80	    0.27291	-9.7531e+92	-9.7531e+92	     0.0000	 0.00010102	     0.0000	     0.0000	 5.3904e-13	     0.0000	
17	0	 8.9437e-07	 5.7500e-07	     353.56	   0.019078	-9.7531e+92	-9.7531e+92	  0.0013380	 6.8733e-06	     0.0000	 -0.0051094	-5.2701e-06	   0.021240	
17	1	 1.3139e-05	 8.4472e-06	     342.57	   0.021626	-9.7531e+92	-9.7531e+92	  0.0017816	 7.8399e-06	     0.0000	 -0.0026010	-7.0555e-06	   0.028312	
17	2	   0.079529	   0.051130	     160.64	    0.39167	-9.7531e+92	-9.7531e+92	   0.027663	  0.0061116	     0.0000	-9.1364e-05	  -0.011345	   0.011577	
17	3	    0.35564	    0.22864	     122.41	    0.92444	-9.7531e+92	-9.7531e+92	    0.11393	   0.011639	     0.0000	  0.0044821	   -0.14522	  -0.070121	
17	4	    0.42253	    0.27165	     73.525	     2.3215	-9.7531e+92	-9.7531e+92	    0.12182	   0.013278	     0.0000	  0.0034356	   -0.22747	   -0.14406	
17	5	 0.00012112	 7.7871e-05	     219.60	    0.12368	-9.7531e+92	-9.7531e+92	 0.00042063	 1.9809e-05	     0.0000	-0.00074661	-4.2133e-05	  0.0026575	
17	6	 2.7913e-15	 1.7946e-15	     251.72	   0.072906	-9.7531e+92	-9.7531e+92	 0.00048930	 7.0570e-06	     0.0000	 -0.0018974	-1.5451e-05	  0.0059472	
17	7	 3.1903e-16	 2.0511e-16	     281.54	   0.047004	-9.7531e+92	-9.7531e+92	  0.0010986	 6.8165e-06	     0.0000	 -0.0029383	-1.4377e-05	   0.020750	
17	8	 6.8966e-16	 4.4339e-16	     258.50	   0.065716	-9.7531e+92	-9.7531e+92	 0.00057678	 6.8600e-06	     0.0000	 -0.0024872	-1.5724e-05	   0.010810	
17	9	 1.3868e-15	 8.9162e-16	     293.28	   0.040011	-9.7531e+92	-9.7531e+92	 0.00092375	 6.7351e-06	     0.0000	 -0.0050634	-1.4637e-05	   0.018977	
17	10	 7.6021e-15	 4.8875e-15	     270.72	   0.054831	-9.7531e+92	-9.7531e+92	 2.2074e-05	 6.7538e-06	     0.0000	-4.2148e-06	-1.5614e-05	 1.4560e-05	
17	11	 9.4643e-15	 6.0847e-15	     290.18	   0.041722	-9.7531e+92	-9.7531e+92	 2.7582e-05	 7.0507e-06	     0.0000	-3.9441e-05	-1.6480e-05	 0.00019098	
17	12	 2.5057e-15	 1.6109e-15	     225.22	    0.11223	-9.7531e+92	-9.7531e+92	 2.3292e-05	 6.5023e-06	     0.0000	-3.2178e-06	-1.4785e-05	 1.3686e-05	
17	13	  0.0017475	  0.0011235	     287.27	   0.043413	-9.7531e+92	-9.7531e+92	  0.0044046	 0.00018069	     0.0000	 -0.0069533	-0.00013184	   0.032241	
17	14	   0.017098	   0.010992	     254.84	   0.069479	-9.7531e+92	-9.7531e+92	   0.011193	  0.0015617	     0.0000	-9.4084e-06	 -0.0015031	   0.051198	
17	15	   0.012180	  0.0078309	     175.81	    0.28425	-9.7531e+92	-9.7531e+92	  0.0073425	  0.0010752	     0.0000	     0.0000	 -0.0023646	  0.0086948	
17	16	 3.2134e-15	 2.0659e-15	     148.25	    0.51453	-9.7531e+92	-9.7531e+92	 2.1425e-05	 6.4436e-06	     0.0000	 7.3417e-10	 3.1761e-05	-7.4455e-10	
17	17	     0.0000	     0.0000	     0.0000	     3.0000	-9.7531e+92	-9.7531e+92	    0.32275	     0.0000	    0.32038	     0.0000	     0.0000	     0.0000	
17	18	  0.0027532	  0.0017701	     258.46	   0.065759	-9.7531e+92	-9.7531e+92	  0.0061510	 0.00026635	     0.0000	 -0.0080364	-0.00038028	   0.054466	
17	19	 0.00026492	 0.00017032	     187.53	    0.22442	-9.7531e+92	-9.7531e+92	 0.00060188	 3.0720e-05	 3.2622e-05	-3.4431e-05	-6.8018e-05	 0.00037463	
17	20	 3.9003e-09	 2.5076e-09	     207.02	    0.15490	-9.7531e+92	-9.7531e+92	 0.00013718	 6.3997e-06	     0.0000	-8.5086e-05	-1.4292e-05	 0.00066885	
17	21	 1.0287e-14	 6.6133e-15	     326.31	   0.026229	-9.7531e+92	-9.7531e+92	 0.00033676	 6.9507e-06	     0.0000	-0.00074224	-1.5358e-05	  0.0080510	
17	22	    0.10812	   0.069512	     106.10	     1.3231	-9.7531e+92	-9.7531e+92	   0.019735	  0.0072970	   0.014425	 0.00084999	   0.018224	  -0.041709	
17	23	 5.6139e-15	 3.6092e-15	     284.58	   0.045056	-9.7531e+92	-9.7531e+92	 2.5488e-05	 7.0554e-06	     0.0000	-1.0046e-05	-1.6334e-05	 0.00010725	
17	24	 7.0727e-16	 4.5471e-16	     325.25	   0.026569	-9.7531e+92	-9.7531e+92	 2.4737e-05	 7.0931e-06	     0.0000	-1.7587e-05	-1.6491e-05	 9.2776e-05	
18	0	   0.053606	    0.21345	     116.29	     1.0606	-9.7531e+92	-9.7531e+92	    0.11342	    0.16065	     0.0000	    0.10525	    -1.0333	  -0.057202	
18	1	    0.25908	     1.0316	     111.77	     1.1715	-9.7531e+92	-9.7531e+92	    0.31333	    0.80284	    0.12587	    0.46849	    -4.7985	   -0.67286	
18	2	    0.18394	    0.73241	     137.27	    0.65930	-9.7531e+92	-9.7531e+92	    0.27849	    0.62974	     0.0000	   0.016389	    -3.1742	   -0.27640	
18	3	   0.015609	   0.062150	     199.21	    0.17912	-9.7531e+92	-9.7531e+92	    0.13367	   0.048818	     0.0000	   -0.62182	   -0.12381	    0.40058	
18	4	   0.018530	   0.073784	     186.18	    0.23049	-9.7531e+92	-9.7531e+92	   0.093294	   0.058164	     0.0000	   -0.31221	   -0.22498	    0.49437	
18	5	   0.010486	   0.041753	     53.346	     2.7752	-9.7531e+92	-9.7531e+92	   0.019904	   0.035951	  0.0033353	   0.048176	   -0.20589	  -0.027406	
18	6	  0.0049265	   0.019616	     36.723	     2.9464	-9.7531e+92	-9.7531e+92	   0.018921	   0.017864	     0.0000	  -0.033952	   -0.10078	   0.017114	
18	7	   0.080175	    0.31924	     38.248	     2.9371	-9.7531e+92	-9.7531e+92	    0.12862	    0.24824	  0.0039623	    0.15741	    -1.5576	   -0.20605	
18	8	    0.17701	    0.70480	     75.421	     2.2666	-9.7531e+92	-9.7531e+92	    0.18880	    0.58271	    0.12475	     1.0000	    -3.4418	   -0.70724	
18	9	  0.0094577	   0.037659	     96.665	     1.6016	-9.7531e+92	-9.7531e+92	   0.061727	   0.032366	     0.0000	   -0.13600	   -0.19357	   0.081120	
18	10	 1.1327e-07	 4.5102e-07	     118.82	     1.0023	-9.7531e+92	-9.7531e+92	 0.00024840	 0.00021848	     0.0000	-0.00013868	 -0.0011833	 7.2253e-05	
18	11	 0.00014871	 0.00059211	     81.269	     2.0888	-9.7531e+92	-9.7531e+92	  0.0018239	 0.00061599	 0.00043934	-0.00029423	 -0.0034616	 0.00022725	
18	12	 8.3419e-08	 3.3216e-07	     120.73	    0.96010	-9.7531e+92	-9.7531e+92	 0.00020812	 0.00021401	     0.0000	-9.1355e-05	 -0.0011549	 5.9429e-05	
18	13	   0.085056	    0.33867	     87.611	     1.8878	-9.7531e+92	-9.7531e+92	    0.16735	    0.16866	     0.0000	  0.0085173	    -2.2079	   -0.24012	
18	14	   0.095345	    0.37964	     78.249	     2.1820	-9.7531e+92	-9.7531e+92	    0.26906	    0.24979	     0.0000	     0.0000	    -1.9833	   0.023473	
18	15	  0.0016283	  0.0064837	     116.73	     1.0502	-9.7531e+92	-9.7531e+92	   0.020860	  0.0060374	     0.0000	     0.0000	  -0.033818	   0.099186	
18	16	 2.5573e-16	 1.0183e-15	     110.59	     1.2021	-9.7531e+92	-9.7531e+92	 0.00013270	 0.00026513	     0.0000	 3.1142e-08	 -0.0014504	-2.0394e-08	
18	17	 3.2576e-16	 1.2971e-15	     258.46	   0.065759	-9.7531e+92	-9.7531e+92	 0.00098314	 0.00028248	     0.0000	 -0.0046389	 -0.0014932	   0.016054	
18	18	     0.0000	     0.0000	     0.0000	     3.0000	-9.7531e+92	-9.7531e+92	     2.1326	     0.0000	     1.7743	     0.0000	     0.0000	     0.0000	
18	19	 8.9174e-06	 3.5507e-05	     118.15	     1.0174	-9.7531e+92	-9.7531e+92	 0.00096598	 0.00027259	     0.0000	 -0.0020187	 -0.0014974	  0.0035789	
18	20	  0.0024817	  0.0098817	     90.275	     1.8027	-9.7531e+92	-9.7531e+92	  0.0057140	  0.0085604	  0.0015087	  0.0045855	  -0.047520	 -0.0061865	
18	21	  0.0024212	  0.0096406	     79.511	     2.1434	-9.7531e+92	-9.7531e+92	   0.028022	  0.0076261	     0.0000	  -0.018673	  -0.046660	   0.038994	
18	22	 3.2476e-09	 1.2931e-08	     205.13	    0.16037	-9.7531e+92	-9.7531e+92	  0.0019614	 0.00027750	     0.0000	 -0.0079757	 -0.0014617	   0.035819	
18	23	 3.8392e-05	 0.00015287	     36.898	     2.9454	-9.7531e+92	-9.7531e+92	 0.00060939	 0.00032857	     0.0000	-0.00018702	 -0.0019001	 0.00043995	
18	24	 5.6277e-05	 0.00022408	     74.739	     2.2865	-9.7531e+92	-9.7531e+92	 0.00067699	 0.00035002	     0.0000	-0.00015883	 -0.0020034	 0.00015328	
19	0	 9.7113e-05	 6.4045e-05	     234.49	   0.096052	-9.7531e+92	-9.7531e+92	  0.0053656	 7.3520e-06	     0.0000	 -0.0088067	-0.00041938	   0.085659	
19	1	 0.00034142	 0.00022516	     226.57	    0.10968	-9.7531e+92	-9.7531e+92	  0.0094002	 1.8075e-05	     0.0000	 -0.0044641	 -0.0010477	    0.11363	
19	2	    0.16515	    0.10891	     139.30	    0.62950	-9.7531e+92	-9.7531e+92	   0.043291	  0.0067385	     0.0000	 0.00054896	   -0.42824	   -0.16249	
19	3	   0.030861	   0.020353	     184.07	    0.24039	-9.7531e+92	-9.7531e+92	   0.045098	 0.00092298	     0.0000	  -0.024748	  -0.072083	    0.41929	
19	4	    0.29135	    0.19215	     119.82	    0.98008	-9.7531e+92	-9.7531e+92	   0.071488	  0.0085104	     0.0000	  0.0057051	   -0.73358	   -0.19655	
19	5	    0.13454	   0.088727	     64.874	     2.5486	-9.7531e+92	-9.7531e+92	   0.023742	  0.0062776	   0.020998	   0.042284	   -0.37903	   -0.34594	
19	6	 8.1865e-05	 5.3989e-05	     133.74	    0.71443	-9.7531e+92	-9.7531e+92	  0.0014788	 6.9455e-06	     0.0000	 -0.0032491	-0.00042074	   0.023392	
19	7	 0.00020611	 0.00013593	     154.38	    0.44913	-9.7531e+92	-9.7531e+92	   0.011410	 1.2343e-05	     0.0000	 -0.0050449	-0.00076484	   0.081973	
19	8	   0.010134	  0.0066835	     80.536	     2.1117	-9.7531e+92	-9.7531e+92	  0.0059830	 0.00045189	     0.0000	 -0.0015069	  -0.028258	   0.015575	
19	9	 1.3751e-06	 9.0683e-07	     193.08	    0.20137	-9.7531e+92	-9.7531e+92	  0.0031376	 3.0831e-06	     0.0000	 -0.0087508	-0.00019166	   0.075417	
19	10	 0.00033034	 0.00021785	     85.643	     1.9506	-9.7531e+92	-9.7531e+92	 8.1746e-05	 1.6016e-05	 2.3680e-05	 7.4710e-05	-0.00091790	-0.00067356	
19	11	 0.00014327	 9.4483e-05	     108.78	     1.2499	-9.7531e+92	-9.7531e+92	 0.00010162	 9.7658e-06	     0.0000	-3.3027e-05	-0.00059693	 0.00037167	
19	12	  0.0013086	 0.00086303	     44.530	     2.8865	-9.7531e+92	-9.7531e+92	 0.00024795	 5.3823e-05	 0.00019073	 0.00024278	 -0.0030949	 -0.0027302	
19	13	   0.026459	   0.017450	     184.51	    0.23831	-9.7531e+92	-9.7531e+92	   0.014817	  0.0011671	     0.0000	 -0.0065287	  -0.067566	   0.070908	
19	14	   0.095883	   0.063234	     166.55	    0.34505	-9.7531e+92	-9.7531e+92	   0.030256	  0.0040430	     0.0000	-1.3327e-06	   -0.24472	   0.016984	
19	15	  0.0022861	  0.0015077	     131.26	    0.75593	-9.7531e+92	-9.7531e+92	  0.0047757	 0.00010346	     0.0000	     0.0000	 -0.0065720	   0.060622	
19	16	 3.9619e-15	 2.6128e-15	     73.024	     2.3358	-9.7531e+92	-9.7531e+92	 2.1978e-05	 2.9487e-06	     0.0000	 1.1143e-09	-0.00012828	-7.9854e-09	
19	17	 6.5757e-09	 4.3366e-09	     187.53	    0.22442	-9.7531e+92	-9.7531e+92	 0.00059121	 2.7916e-06	     0.0000	-0.00010707	-0.00018757	  0.0097222	
19	18	    0.18489	    0.12193	     118.15	     1.0174	-9.7531e+92	-9.7531e+92	   0.045836	  0.0077846	     0.0000	   0.014845	   -0.49157	   -0.23762	
19	19	     0.0000	     0.0000	     0.0000	     3.0000	-9.7531e+92	-9.7531e+92	    0.32998	     0.0000	    0.32940	     0.0000	     0.0000	     0.0000	
19	20	   0.049879	   0.032895	     28.400	     2.9806	-9.7531e+92	-9.7531e+92	  0.0084787	  0.0020330	  0.0077821	  0.0057254	   -0.13024	   -0.12090	
19	21	 1.7833e-07	 1.1761e-07	     197.71	    0.18427	-9.7531e+92	-9.7531e+92	  0.0013435	 3.0921e-06	     0.0000	 -0.0012828	-0.00018944	   0.031963	
19	22	  0.0059839	  0.0039463	     93.933	     1.6868	-9.7531e+92	-9.7531e+92	  0.0023862	 0.00018176	     0.0000	-1.8386e-05	  -0.014256	  0.0049322	
19	23	 7.1830e-05	 4.7371e-05	     121.29	    0.94810	-9.7531e+92	-9.7531e+92	 6.6433e-05	 6.4945e-06	     0.0000	-9.4887e-06	-0.00039579	 0.00023233	
19	24	 4.9755e-06	 3.2813e-06	     150.08	    0.49393	-9.7531e+92	-9.7531e+92	 4.2284e-05	 3.3635e-06	     0.0000	-2.9291e-05	-0.00020499	 0.00035432	
20	0	 0.00080371	 0.00052415	     206.61	    0.15606	-9.7531e+92	-9.7531e+92	  0.0062718	 6.9587e-05	     0.0000	  -0.019300	 -0.0066659	    0.25566	
20	1	 0.00058673	 0.00038264	     199.20	    0.17914	-9.7531e+92	-9.7531e+92	   0.011988	 5.2175e-05	     0.0000	 -0.0099306	 -0.0050148	    0.34423	
20	2	    0.10570	   0.068932	     139.77	    0.62284	-9.7531e+92	-9.7531e+92	   0.033188	  0.0082966	     0.0000	 0.00013004	   -0.81605	  -0.052403	
20	3	   0.027977	   0.018245	     185.64	    0.23299	-9.7531e+92	-9.7531e+92	   0.036203	  0.0017798	     0.0000	  -0.056177	   -0.19372	     1.3021	
20	4	    0.22842	    0.14896	     135.08	    0.69295	-9.7531e+92	-9.7531e+92	   0.056075	   0.014511	     0.0000	  0.0034577	    -1.6798	   -0.15378	
20	5	    0.19607	    0.12787	     39.691	     2.9273	-9.7531e+92	-9.7531e+92	   0.033197	   0.016225	   0.030483	    0.13899	    -1.6337	    -1.5448	
20	6	  0.0019341	  0.0012613	     111.59	     1.1762	-9.7531e+92	-9.7531e+92	  0.0018886	 0.00016795	     0.0000	 -0.0057351	  -0.016780	   0.056025	
20	7	  0.0036634	  0.0023891	     126.68	    0.83907	-9.7531e+92	-9.7531e+92	   0.015763	 0.00030161	     0.0000	  -0.010027	  -0.031003	    0.22114	
20	8	   0.040871	   0.026655	     51.987	     2.7958	-9.7531e+92	-9.7531e+92	   0.012333	  0.0030601	  0.0018422	   0.012385	   -0.33121	   -0.19395	
20	9	 4.4483e-06	 2.9010e-06	     174.09	    0.29453	-9.7531e+92	-9.7531e+92	  0.0033538	 5.8130e-06	     0.0000	  -0.019567	-0.00059394	    0.22886	
20	10	 0.00011102	 7.2400e-05	     74.457	     2.2947	-9.7531e+92	-9.7531e+92	 4.9384e-05	 9.2684e-06	     0.0000	 2.1210e-05	-0.00097877	-0.00046871	
20	11	 0.00031546	 0.00020573	     83.734	     2.0113	-9.7531e+92	-9.7531e+92	 0.00018088	 3.1048e-05	     0.0000	 1.6929e-05	 -0.0031831	-0.00027308	
20	12	  0.0016459	  0.0010734	     45.010	     2.8817	-9.7531e+92	-9.7531e+92	 0.00029791	 0.00011173	 0.00024132	 0.00052384	  -0.011853	  -0.010806	
20	13	   0.026893	   0.017539	     165.04	    0.35635	-9.7531e+92	-9.7531e+92	   0.015585	  0.0020664	     0.0000	  -0.014040	   -0.20586	    0.21281	
20	14	   0.040766	   0.026586	     147.73	    0.52061	-9.7531e+92	-9.7531e+92	   0.024150	  0.0031028	     0.0000	-2.5432e-05	   -0.31161	    0.45714	
20	15	   0.010305	  0.0067203	     124.66	    0.87845	-9.7531e+92	-9.7531e+92	  0.0051460	 0.00085358	     0.0000	     0.0000	  -0.085992	    0.11999	
20	16	 4.7067e-14	 3.0695e-14	     74.477	     2.2942	-9.7531e+92	-9.7531e+92	 2.1734e-05	 5.1083e-06	     0.0000	 1.8320e-09	-0.00038036	-2.4154e-08	
20	17	 2.2647e-14	 1.4769e-14	     207.02	    0.15490	-9.7531e+92	-9.7531e+92	 0.00045933	 5.6066e-06	     0.0000	-0.00044341	-0.00056328	   0.029519	
20	18	    0.29080	    0.18964	     90.275	     1.8027	-9.7531e+92	-9.7531e+92	   0.062687	   0.020854	  0.0040116	   0.064793	    -2.3118	    -1.5324	
20	19	   0.020278	   0.013225	     28.400	     2.9806	-9.7531e+92	-9.7531e+92	  0.0034527	  0.0014499	  0.0028753	  0.0027961	   -0.15976	   -0.14741	
20	20	     0.0000	     0.0000	     0.0000	     3.0000	-9.7531e+92	-9.7531e+92	    0.32654	     0.0000	    0.32585	     0.0000	     0.0000	     0.0000	
20	21	 4.8939e-07	 3.1916e-07	     169.84	    0.32188	-9.7531e+92	-9.7531e+92	  0.0015712	 5.5482e-06	     0.0000	 -0.0028516	-0.00056376	   0.096982	
20	22	 0.00084561	 0.00055147	     116.48	     1.0560	-9.7531e+92	-9.7531e+92	  0.0012485	 7.4831e-05	     0.0000	-0.00059785	 -0.0076266	   0.059473	
20	23	  0.0020121	  0.0013122	     93.058	     1.7144	-9.7531e+92	-9.7531e+92	 0.00038562	 0.00017391	 0.00023903	 0.00044850	  -0.017562	  -0.015091	
20	24	 5.9676e-06	 3.8918e-06	     121.85	    0.93617	-9.7531e+92	-9.7531e+92	 5.6936e-05	 6.0344e-06	     0.0000	-6.3666e-05	-0.00061321	  0.0010666	
21	0	    0.15002	    0.14450	     39.458	     2.9290	-9.7531e+92	-9.7531e+92	   0.052052	   0.065685	   0.017928	    0.16456	    0.13583	    0.15763	
21	1	   0.079144	   0.076231	     57.297	     2.7081	-9.7531e+92	-9.7531e+92	   0.041735	   0.036108	     0.0000	   0.011592	   0.090872	   0.051307	
21	2	  0.0011166	  0.0010755	     197.19	    0.18609	-9.7531e+92	-9.7531e+92	   0.030464	 0.00076349	     0.0000	 -0.0092531	  0.0032141	   -0.24731	
21	3	 0.00016708	 0.00016093	     259.71	   0.064522	-9.7531e+92	-9.7531e+92	   0.017691	 0.00012888	     0.0000	   -0.32985	 0.00085997	   -0.61759	
21	4	 0.00013165	 0.00012681	     253.96	   0.070430	-9.7531e+92	-9.7531e+92	   0.010315	 0.00011004	     0.0000	   -0.16919	 0.00064202	   -0.54695	
21	5	 0.00039234	 0.00037790	     132.91	    0.72808	-9.7531e+92	-9.7531e+92	  0.0012921	 0.00030355	     0.0000	  -0.013801	  0.0010726	 -0.0086921	
21	6	  0.0049984	  0.0048144	     78.899	     2.1621	-9.7531e+92	-9.7531e+92	  0.0050722	  0.0033009	     0.0000	  -0.016437	   0.011986	 -0.0090503	
21	7	   0.020751	   0.019987	     44.967	     2.8822	-9.7531e+92	-9.7531e+92	   0.019447	   0.012182	     0.0000	  -0.012939	   0.052605	  -0.024908	
21	8	 7.4118e-05	 7.1390e-05	     132.38	    0.73687	-9.7531e+92	-9.7531e+92	  0.0083796	 9.4530e-05	     0.0000	  -0.049167	 0.00031083	  -0.037134	
21	9	   0.015134	   0.014577	     83.320	     2.0244	-9.7531e+92	-9.7531e+92	   0.020563	  0.0097857	     0.0000	  -0.047185	   0.034926	  -0.031440	
21	10	 1.2226e-09	 1.1776e-09	     171.26	    0.31241	-9.7531e+92	-9.7531e+92	 3.7503e-05	 4.6686e-05	     0.0000	-8.3699e-05	 0.00014189	-4.9415e-05	
21	11	 6.1567e-06	 5.9301e-06	     128.65	    0.80225	-9.7531e+92	-9.7531e+92	 0.00011085	 4.8518e-05	     0.0000	-0.00076037	 0.00016706	-0.00063632	
21	12	 1.0364e-15	 9.9821e-16	     187.39	    0.22505	-9.7531e+92	-9.7531e+92	 3.6149e-05	 4.6843e-05	     0.0000	-6.3905e-05	 0.00014110	-4.6487e-05	
21	13	    0.14462	    0.13930	     76.619	     2.2311	-9.7531e+92	-9.7531e+92	   0.055290	   0.067784	  0.0015202	    0.14274	    0.18103	    0.15617	
21	14	    0.35026	    0.33737	     101.18	     1.4647	-9.7531e+92	-9.7531e+92	    0.11387	    0.20471	   0.014843	 0.00053852	    0.89852	    0.63378	
21	15	 4.4311e-05	 4.2680e-05	     175.65	    0.28523	-9.7531e+92	-9.7531e+92	  0.0029156	 7.6130e-05	     0.0000	     0.0000	 0.00025208	  -0.059749	
21	16	 2.9145e-15	 2.8072e-15	     180.81	    0.25669	-9.7531e+92	-9.7531e+92	 3.2099e-05	 4.5425e-05	     0.0000	 1.4796e-08	 0.00020569	 1.2012e-08	
21	17	 1.3073e-15	 1.2592e-15	     326.31	   0.026229	-9.7531e+92	-9.7531e+92	 0.00013153	 4.8125e-05	     0.0000	 -0.0022901	 0.00013846	 -0.0084375	
21	18	    0.22983	    0.22137	     79.511	     2.1434	-9.7531e+92	-9.7531e+92	   0.093993	    0.13280	  0.0073332	    0.21470	    0.55659	    0.34641	
21	19	 5.9207e-08	 5.7027e-08	     197.71	    0.18427	-9.7531e+92	-9.7531e+92	 8.2813e-05	 4.6924e-05	     0.0000	 -0.0010100	 0.00014338	 -0.0019040	
21	20	 1.9461e-06	 1.8745e-06	     169.84	    0.32188	-9.7531e+92	-9.7531e+92	 0.00029375	 4.7928e-05	     0.0000	 -0.0016865	 0.00014853	 -0.0022963	
21	21	     0.0000	     0.0000	     0.0000	     3.0000	-9.7531e+92	-9.7531e+92	    0.48808	     0.0000	    0.47647	     0.0000	     0.0000	     0.0000	
21	22	 2.2468e-15	 2.1641e-15	     284.69	   0.044983	-9.7531e+92	-9.7531e+92	 0.00023591	 4.7772e-05	     0.0000	 -0.0039378	 0.00014106	  -0.019122	
21	23	  0.0025515	  0.0024576	     78.648	     2.1698	-9.7531e+92	-9.7531e+92	 0.00070689	  0.0016706	 0.00049038	  0.0022701	  0.0067970	  0.0055382	
21	24	 0.00074962	 0.00072203	     85.071	     1.9688	-9.7531e+92	-9.7531e+92	 0.00026597	 0.00052602	 7.0122e-05	  0.0013665	  0.0020342	  0.0014169	
22	0	 1.8904e-05	 1.5892e-05	     321.47	   0.027830	-9.7531e+92	-9.7531e+92	  0.0021657	 1.9631e-05	     0.0000	  -0.018213	 4.2455e-05	   0.018305	
22	1	 3.0295e-05	 2.5469e-05	     312.59	   0.031097	-9.7531e+92	-9.7531e+92	  0.0030968	 2.1520e-05	     0.0000	 -0.0092729	 4.6064e-05	   0.024468	
22	2	    0.15664	    0.13168	     161.29	    0.38622	-9.7531e+92	-9.7531e+92	   0.051491	   0.027470	     0.0000	 0.00098786	   0.056962	  -0.030534	
22	3	    0.28730	    0.24153	     164.94	    0.35711	-9.7531e+92	-9.7531e+92	    0.13445	   0.021821	     0.0000	  0.0061014	  -0.031582	  -0.025528	
22	4	    0.43579	    0.36636	     82.638	     2.0459	-9.7531e+92	-9.7531e+92	    0.15465	   0.028106	     0.0000	   0.010222	   -0.32926	   -0.20147	
22	5	  0.0035981	  0.0030249	     151.89	    0.47454	-9.7531e+92	-9.7531e+92	  0.0020089	 0.00086985	     0.0000	-0.00033675	 0.00077792	 0.00031810	
22	6	 1.0986e-06	 9.2357e-07	     216.08	    0.13159	-9.7531e+92	-9.7531e+92	 0.00079995	 1.6152e-05	     0.0000	 -0.0067661	 1.3421e-05	  0.0056451	
22	7	 5.8249e-07	 4.8968e-07	     241.36	   0.085874	-9.7531e+92	-9.7531e+92	  0.0022073	 1.5497e-05	     0.0000	  -0.010479	 1.5423e-05	   0.019532	
22	8	 0.00011650	 9.7936e-05	     168.70	    0.32968	-9.7531e+92	-9.7531e+92	  0.0011628	 4.2438e-05	     0.0000	 -0.0088061	 3.4987e-05	   0.010228	
22	9	 5.9135e-14	 4.9713e-14	     266.14	   0.058633	-9.7531e+92	-9.7531e+92	  0.0014688	 1.5199e-05	     0.0000	  -0.018058	 1.4781e-05	   0.017916	
22	10	 4.9857e-14	 4.1914e-14	     176.66	    0.27933	-9.7531e+92	-9.7531e+92	 3.0737e-05	 1.5118e-05	     0.0000	-1.5032e-05	 1.3878e-05	 1.3971e-05	
22	11	 1.1657e-13	 9.7998e-14	     200.45	    0.17499	-9.7531e+92	-9.7531e+92	 4.0541e-05	 1.5874e-05	     0.0000	-0.00014066	 1.1284e-05	 0.00018298	
22	12	 6.4955e-05	 5.4606e-05	     131.16	    0.75767	-9.7531e+92	-9.7531e+92	 5.0166e-05	 2.8554e-05	     0.0000	 2.5524e-05	 3.5892e-05	-2.9198e-05	
22	13	 0.00080677	 0.00067823	     260.15	   0.064098	-9.7531e+92	-9.7531e+92	  0.0070405	 0.00019632	     0.0000	  -0.025229	 0.00044104	   0.028113	
22	14	   0.018901	   0.015889	     227.39	    0.10817	-9.7531e+92	-9.7531e+92	   0.016384	  0.0039112	     0.0000	-3.2849e-05	  0.0090283	   0.043006	
22	15	  0.0043498	  0.0036567	     163.21	    0.37056	-9.7531e+92	-9.7531e+92	  0.0083922	 0.00087285	     0.0000	     0.0000	  0.0012265	   0.013031	
22	16	 3.2040e-13	 2.6935e-13	     106.73	     1.3057	-9.7531e+92	-9.7531e+92	 2.8016e-05	 1.4643e-05	     0.0000	 2.7396e-09	 2.7457e-05	-2.9419e-09	
22	17	   0.033196	   0.027907	     106.10	     1.3231	-9.7531e+92	-9.7531e+92	  0.0082532	  0.0045839	  0.0051461	 4.8636e-06	   0.052705	   0.011543	
22	18	   0.010212	  0.0085850	     205.13	    0.16037	-9.7531e+92	-9.7531e+92	   0.011630	  0.0021905	     0.0000	  -0.026213	  0.0039442	   0.044549	
22	19	   0.045553	   0.038295	     93.933	     1.6868	-9.7531e+92	-9.7531e+92	  0.0097913	  0.0093302	  0.0090469	  0.0098929	   0.015304	  -0.028800	
22	20	  0.0034209	  0.0028759	     116.48	     1.0560	-9.7531e+92	-9.7531e+92	  0.0010964	 0.00074560	 0.00020856	 0.00074390	 0.00089771	 -0.0015648	
22	21	 4.4834e-13	 3.7691e-13	     284.69	   0.044983	-9.7531e+92	-9.7531e+92	 0.00054781	 1.5665e-05	     0.0000	 -0.0026471	 1.3389e-05	  0.0076414	
22	22	     0.0000	     0.0000	     0.0000	     3.0000	-9.7531e+92	-9.7531e+92	    0.42374	     0.0000	    0.41680	     0.0000	     0.0000	     0.0000	
22	23	 1.3014e-13	 1.0940e-13	     209.07	    0.14920	-9.7531e+92	-9.7531e+92	 3.6207e-05	 1.5889e-05	     0.0000	-3.5827e-05	 1.1541e-05	 0.00010263	
22	24	 1.8153e-13	 1.5260e-13	     237.89	   0.090842	-9.7531e+92	-9.7531e+92	 3.3670e-05	 1.5973e-05	     0.0000	-6.2723e-05	 1.1206e-05	 8.8826e-05	
23	0	    0.18778	   0.094120	     119.13	    0.99543	-9.7531e+92	-9.7531e+92	   0.031563	  0.0023168	   0.013806	  0.0081046	   -0.14043	   -0.10603	
23	1	   0.066714	   0.033439	     132.72	    0.73117	-9.7531e+92	-9.7531e+92	   0.021040	 0.00084526	     0.0000	 0.00040870	  -0.049747	  -0.013621	
23	2	  0.0067398	  0.0033781	     168.40	    0.33177	-9.7531e+92	-9.7531e+92	   0.014970	 9.2982e-05	     0.0000	-0.00017472	 -0.0050261	   0.064146	
23	3	  0.0015342	 0.00076899	     228.38	    0.10637	-9.7531e+92	-9.7531e+92	  0.0088477	 1.7914e-05	     0.0000	 -0.0065688	 -0.0010444	    0.13858	
23	4	  0.0082804	  0.0041504	     212.30	    0.14074	-9.7531e+92	-9.7531e+92	  0.0062441	 9.4196e-05	     0.0000	 -0.0032565	 -0.0058221	    0.13182	
23	5	   0.010347	  0.0051860	     65.633	     2.5304	-9.7531e+92	-9.7531e+92	  0.0020179	 0.00014968	     0.0000	 0.00046614	 -0.0083348	 -0.0047179	
23	6	   0.017938	  0.0089910	     73.330	     2.3271	-9.7531e+92	-9.7531e+92	  0.0041323	 0.00025828	     0.0000	 0.00077130	  -0.014473	 -0.0068693	
23	7	   0.048617	   0.024368	     58.677	     2.6821	-9.7531e+92	-9.7531e+92	   0.014625	 0.00066172	     0.0000	 0.00063463	  -0.038791	  -0.013014	
23	8	   0.012571	  0.0063008	     54.810	     2.7517	-9.7531e+92	-9.7531e+92	  0.0063446	 0.00017417	     0.0000	-0.00019338	 -0.0098956	  0.0025708	
23	9	  0.0032612	  0.0016346	     121.73	    0.93874	-9.7531e+92	-9.7531e+92	  0.0095505	 4.6663e-05	     0.0000	 -0.0017844	 -0.0026703	   0.019027	
23	10	 1.3704e-05	 6.8690e-06	     95.614	     1.6342	-9.7531e+92	-9.7531e+92	 2.2600e-05	 1.0811e-06	     0.0000	-4.4906e-07	-5.3794e-05	 4.8308e-06	
23	11	  0.0012980	 0.00065059	     53.605	     2.7712	-9.7531e+92	-9.7531e+92	 0.00023588	 1.6819e-05	 6.1593e-05	 3.4029e-05	-0.00084068	-0.00058259	
23	12	 1.6900e-07	 8.4709e-08	     109.85	     1.2215	-9.7531e+92	-9.7531e+92	 2.0768e-05	 9.7621e-07	     0.0000	-1.2071e-06	-5.3516e-05	 1.5117e-05	
23	13	    0.11939	   0.059842	     113.01	     1.1402	-9.7531e+92	-9.7531e+92	   0.025629	  0.0015299	     0.0000	  0.0032002	  -0.087975	  -0.043792	
23	14	    0.21568	    0.10810	     114.84	     1.0952	-9.7531e+92	-9.7531e+92	   0.043682	  0.0027831	     0.0000	 4.9192e-06	   -0.15806	  -0.077787	
23	15	 0.00025258	 0.00012660	     149.47	    0.50076	-9.7531e+92	-9.7531e+92	  0.0014150	 4.6155e-06	     0.0000	     0.0000	-0.00025494	   0.018796	
23	16	 1.4253e-15	 7.1437e-16	     136.77	    0.66684	-9.7531e+92	-9.7531e+92	 1.6704e-05	 9.7739e-07	     0.0000	 2.7678e-10	-3.4473e-05	-2.1106e-09	
23	17	 8.4599e-17	 4.2403e-17	     284.58	   0.045056	-9.7531e+92	-9.7531e+92	 7.3714e-05	 9.9254e-07	     0.0000	-4.5887e-05	-5.4353e-05	  0.0027709	
23	18	    0.27908	    0.13988	     36.898	     2.9454	-9.7531e+92	-9.7531e+92	   0.053594	  0.0035794	  0.0084975	  0.0066612	   -0.21258	   -0.13515	
23	19	 1.0856e-05	 5.4414e-06	     121.29	    0.94810	-9.7531e+92	-9.7531e+92	 5.2438e-05	 1.1442e-06	     0.0000	-1.9683e-05	-6.2950e-05	 0.00061666	
23	20	 0.00016177	 8.1083e-05	     93.058	     1.7144	-9.7531e+92	-9.7531e+92	 0.00021153	 3.2641e-06	     0.0000	-2.6572e-05	-0.00018017	 0.00061799	
23	21	   0.018580	  0.0093126	     78.648	     2.1698	-9.7531e+92	-9.7531e+92	  0.0058098	 0.00024983	     0.0000	 0.00013838	  -0.014575	 -0.0048440	
23	22	 3.3875e-09	 1.6979e-09	     209.07	    0.14920	-9.7531e+92	-9.7531e+92	 0.00013938	 9.8672e-07	     0.0000	-7.8843e-05	-5.4124e-05	  0.0062318	
23	23	     0.0000	     0.0000	     0.0000	     3.0000	-9.7531e+92	-9.7531e+92	    0.25066	     0.0000	    0.25055	     0.0000	     0.0000	     0.0000	
23	24	  0.0017570	 0.00088065	     40.708	     2.9198	-9.7531e+92	-9.7531e+92	 0.00027466	 2.4551e-05	 0.00017275	 6.7958e-05	 -0.0013405	 -0.0011213	
24	0	    0.16966	   0.079141	     123.34	    0.90511	-9.7531e+92	-9.7531e+92	   0.027335	  0.0020712	   0.010809	  0.0093288	   -0.20152	   -0.15429	
24	1	   0.096744	   0.045129	     142.19	    0.58963	-9.7531e+92	-9.7531e+92	   0.024948	  0.0012786	  0.0029858	  0.0014193	   -0.11404	  -0.056835	
24	2	 0.00078524	 0.00036630	     210.29	    0.14595	-9.7531e+92	-9.7531e+92	   0.013266	 1.1704e-05	     0.0000	-0.00024903	 -0.0010038	    0.11261	
24	3	 0.00019012	 8.8687e-05	     270.69	   0.054855	-9.7531e+92	-9.7531e+92	  0.0068985	 2.8783e-06	     0.0000	 -0.0088463	-0.00027053	    0.23051	
24	4	 0.00017387	 8.1109e-05	     253.16	   0.071301	-9.7531e+92	-9.7531e+92	  0.0044460	 2.7182e-06	     0.0000	 -0.0045372	-0.00026931	    0.22649	
24	5	  0.0088272	  0.0041177	     106.34	     1.3165	-9.7531e+92	-9.7531e+92	  0.0018554	 0.00013012	     0.0000	 0.00047216	  -0.011350	 -0.0058745	
24	6	   0.012201	  0.0056915	     108.13	     1.2674	-9.7531e+92	-9.7531e+92	  0.0029866	 0.00017846	     0.0000	 0.00037898	  -0.015705	 -0.0041489	
24	7	   0.074895	   0.034937	     84.614	     1.9834	-9.7531e+92	-9.7531e+92	   0.016779	  0.0010363	  0.0021750	  0.0021105	  -0.095065	  -0.053905	
24	8	   0.011414	  0.0053246	     77.960	     2.1908	-9.7531e+92	-9.7531e+92	  0.0073273	 0.00015514	     0.0000	-0.00033134	  -0.014267	  0.0056264	
24	9	 7.3471e-05	 3.4273e-05	     149.07	    0.50520	-9.7531e+92	-9.7531e+92	  0.0080381	 1.9831e-06	     0.0000	 -0.0026902	-0.00017859	   0.035265	
24	10	 0.00021430	 9.9966e-05	     102.71	     1.4197	-9.7531e+92	-9.7531e+92	 4.5693e-05	 4.0712e-06	 4.6197e-06	 1.8884e-05	-0.00035662	-0.00023948	
24	11	  0.0053682	  0.0025042	     56.094	     2.7297	-9.7531e+92	-9.7531e+92	 0.00070638	 4.6119e-05	 0.00054417	 8.1262e-05	 -0.0039960	 -0.0036009	
24	12	 7.6026e-06	 3.5465e-06	     132.31	    0.73810	-9.7531e+92	-9.7531e+92	 2.4452e-05	 1.0935e-06	     0.0000	-1.0399e-06	-9.5972e-05	 1.5811e-05	
24	13	   0.068348	   0.031883	     142.21	    0.58941	-9.7531e+92	-9.7531e+92	   0.018164	 0.00090549	     0.0000	 0.00085019	  -0.079867	  -0.014203	
24	14	   0.080785	   0.037685	     150.00	    0.49487	-9.7531e+92	-9.7531e+92	   0.026101	  0.0010598	     0.0000	-1.2924e-06	  -0.094304	   0.025179	
24	15	 6.0563e-05	 2.8252e-05	     189.75	    0.21485	-9.7531e+92	-9.7531e+92	  0.0011240	 1.8461e-06	     0.0000	     0.0000	-0.00016134	   0.031172	
24	16	 4.3063e-14	 2.0088e-14	     177.80	    0.27291	-9.7531e+92	-9.7531e+92	 1.5546e-05	 9.6533e-07	     0.0000	 3.4978e-10	-4.3591e-05	-2.7881e-09	
24	17	 2.4879e-14	 1.1606e-14	     325.25	   0.026569	-9.7531e+92	-9.7531e+92	 5.7302e-05	 9.9172e-07	     0.0000	-6.1424e-05	-8.6097e-05	  0.0045587	
24	18	    0.45222	    0.21095	     74.739	     2.2865	-9.7531e+92	-9.7531e+92	   0.067270	  0.0058015	   0.025300	   0.016875	   -0.54802	   -0.42667	
24	19	 9.4747e-06	 4.4198e-06	     150.08	    0.49393	-9.7531e+92	-9.7531e+92	 5.4396e-05	 1.1284e-06	     0.0000	-2.6778e-05	-9.8192e-05	  0.0010163	
24	20	  0.0015870	 0.00074032	     121.85	    0.93617	-9.7531e+92	-9.7531e+92	 0.00040934	 2.4361e-05	     0.0000	 2.7115e-05	 -0.0021283	-0.00074707	
24	21	   0.010296	  0.0048031	     85.071	     1.9688	-9.7531e+92	-9.7531e+92	  0.0044078	 0.00014539	     0.0000	-5.3570e-05	  -0.013185	  0.0021382	
24	22	 1.4433e-13	 6.7328e-14	     237.89	   0.090842	-9.7531e+92	-9.7531e+92	 0.00010350	 9.8634e-07	     0.0000	-0.00010562	-8.5767e-05	   0.010253	
24	23	  0.0061434	  0.0028658	     40.708	     2.9198	-9.7531e+92	-9.7531e+92	 0.00077260	 8.8055e-05	 0.00066774	 0.00018302	 -0.0078711	 -0.0074212	
24	24	     0.0000	     0.0000	     0.0000	     3.0000	-9.7531e+92	-9.7531e+92	    0.23330	     0.0000	    0.23320	     0.0000	     0.0000	     0.0000	
