#source	Target	value	weight	distance	potential1	geneCorrelation	separation	influenceWeight	betweenness	influence'Weight	betweenness'	nbetweenness	nbetweenness'	
0	0	     0.0000	     0.0000	     0.0000	     4.0000	-9.7531e+92	-9.7531e+92	     4.2126	     0.0000	     3.1525	     0.0000	     0.0000	     0.0000	
0	1	   0.091376	    0.71653	     35.562	     3.5606	-9.7531e+92	-9.7531e+92	    0.40476	    0.13316	     0.0000	 0.00012450	    0.47203	 -0.0099554	
0	2	 0.00010398	 0.00081539	     211.35	   0.025814	-9.7531e+92	-9.7531e+92	   0.018845	 0.00036343	     0.0000	  -0.030746	  0.0018292	   0.022716	
0	3	 7.0097e-11	 5.4968e-10	     273.88	  0.0091920	-9.7531e+92	-9.7531e+92	  0.0082217	 0.00014007	     0.0000	  -0.030814	 0.00078565	   0.018424	
0	4	 1.0693e-11	 8.3849e-11	     281.58	  0.0082298	-9.7531e+92	-9.7531e+92	  0.0033349	 0.00014902	     0.0000	  -0.019535	 0.00063372	   0.012593	
0	5	 1.6417e-11	 1.2874e-10	     169.69	   0.061568	-9.7531e+92	-9.7531e+92	   0.041117	 0.00014010	     0.0000	  -0.023748	 0.00057410	   0.044735	
0	6	  0.0079190	   0.062098	     105.31	    0.38136	-9.7531e+92	-9.7531e+92	   0.095418	   0.016132	     0.0000	 -0.0067974	   0.070087	   0.041583	
0	7	   0.073308	    0.57486	     80.265	    0.95180	-9.7531e+92	-9.7531e+92	    0.32708	   0.076199	     0.0000	     0.0000	    0.83528	     0.0000	
0	8	 2.8823e-12	 2.2602e-11	     172.11	   0.058221	-9.7531e+92	-9.7531e+92	  0.0063105	 0.00014729	     0.0000	  -0.011856	 0.00054490	   0.014894	
0	9	    0.58086	     4.5549	     86.890	    0.74099	-9.7531e+92	-9.7531e+92	     1.3196	     1.0000	    0.32153	     0.0000	     5.2078	   -0.50929	
0	10	 3.0924e-11	 2.4249e-10	     210.64	   0.026161	-9.7531e+92	-9.7531e+92	 0.00061355	 0.00015883	     0.0000	 -0.0021992	 0.00050067	  0.0017753	
0	11	 2.5671e-11	 2.0130e-10	     167.10	   0.065400	-9.7531e+92	-9.7531e+92	 0.00070714	 0.00015231	     0.0000	 -0.0013248	 0.00053860	  0.0016794	
0	12	 5.4986e-12	 4.3118e-11	     226.76	   0.019512	-9.7531e+92	-9.7531e+92	 0.00057088	 0.00015989	     0.0000	 -0.0022606	 0.00049668	  0.0017581	
0	13	   0.077402	    0.60696	     86.013	    0.76580	-9.7531e+92	-9.7531e+92	    0.41888	    0.11006	     0.0000	 -0.0039002	    0.36447	   0.016913	
0	14	   0.072297	    0.56693	     114.85	    0.27729	-9.7531e+92	-9.7531e+92	    0.32458	    0.12213	     0.0000	 -0.0011750	    0.56194	   0.013256	
0	15	 3.1838e-11	 2.4966e-10	     189.51	   0.039789	-9.7531e+92	-9.7531e+92	   0.026325	 0.00014114	     0.0000	  -0.015389	 0.00057900	   0.027425	
0	16	 7.1390e-12	 5.5981e-11	     217.18	   0.023165	-9.7531e+92	-9.7531e+92	 0.00026133	 0.00014967	     0.0000	 3.1946e-09	 0.00056717	-5.7050e-09	
0	17	 1.0906e-11	 8.5518e-11	     353.56	  0.0033150	-9.7531e+92	-9.7531e+92	 0.00039906	 0.00016409	     0.0000	 -0.0017166	 0.00047991	  0.0011139	
0	18	   0.014444	    0.11327	     116.29	    0.26473	-9.7531e+92	-9.7531e+92	    0.29935	   0.023761	     0.0000	  -0.016098	    0.11652	   0.093637	
0	19	 7.5477e-12	 5.9186e-11	     234.49	   0.017074	-9.7531e+92	-9.7531e+92	  0.0012897	 0.00015628	     0.0000	 -0.0042725	 0.00051533	  0.0040105	
0	20	 3.2483e-11	 2.5472e-10	     206.61	   0.028245	-9.7531e+92	-9.7531e+92	  0.0038307	 0.00014901	     0.0000	 -0.0089200	 0.00053662	   0.010497	
0	21	   0.081709	    0.64073	     39.458	     3.3697	-9.7531e+92	-9.7531e+92	    0.30040	    0.13590	     0.0000	 5.2680e-06	    0.77853	  -0.015933	
0	22	 7.6603e-13	 6.0069e-12	     321.47	  0.0048482	-9.7531e+92	-9.7531e+92	 0.00037755	 0.00016430	     0.0000	 -0.0014252	 0.00049104	 0.00097324	
0	23	 0.00058183	  0.0045625	     119.13	    0.24186	-9.7531e+92	-9.7531e+92	   0.025342	  0.0012665	     0.0000	 -0.0026831	  0.0062988	   0.021201	
0	24	 4.3777e-12	 3.4328e-11	     123.34	    0.21210	-9.7531e+92	-9.7531e+92	 0.00061438	 0.00012823	     0.0000	-6.7329e-05	 0.00071100	 0.00037388	
1	0	    0.12471	    0.94670	     35.562	     3.5606	-9.7531e+92	-9.7531e+92	    0.54320	   0.095252	     0.0000	     0.0000	    0.56870	     0.0000	
1	1	     0.0000	     0.0000	     0.0000	     4.0000	-9.7531e+92	-9.7531e+92	     3.9781	     0.0000	     3.3959	     0.0000	     0.0000	     0.0000	
1	2	  0.0021646	   0.016432	     184.62	   0.044134	-9.7531e+92	-9.7531e+92	   0.023912	  0.0026961	     0.0000	     0.0000	   0.021067	     0.0000	
1	3	 1.4340e-13	 1.0886e-12	     244.14	   0.014539	-9.7531e+92	-9.7531e+92	   0.010127	 7.9423e-05	     0.0000	     0.0000	 0.00066448	     0.0000	
1	4	 5.7769e-13	 4.3854e-12	     272.02	  0.0094459	-9.7531e+92	-9.7531e+92	  0.0040139	 8.4541e-05	     0.0000	     0.0000	 0.00059684	     0.0000	
1	5	 0.00016298	  0.0012372	     161.91	   0.074033	-9.7531e+92	-9.7531e+92	   0.058693	 0.00027997	     0.0000	     0.0000	  0.0019593	     0.0000	
1	6	   0.040312	    0.30601	     96.519	    0.51972	-9.7531e+92	-9.7531e+92	    0.15612	   0.044282	     0.0000	     0.0000	    0.36321	     0.0000	
1	7	    0.10796	    0.81952	     75.481	     1.1413	-9.7531e+92	-9.7531e+92	    0.38452	    0.11033	     0.0000	     0.0000	    0.95027	     0.0000	
1	8	 9.2304e-13	 7.0070e-12	     184.58	   0.044171	-9.7531e+92	-9.7531e+92	  0.0086229	 8.6034e-05	     0.0000	     0.0000	 0.00055028	     0.0000	
1	9	    0.17217	     1.3070	     55.376	     2.3181	-9.7531e+92	-9.7531e+92	    0.57879	    0.15464	     0.0000	     0.0000	     1.5408	     0.0000	
1	10	 1.4515e-13	 1.1019e-12	     228.04	   0.019080	-9.7531e+92	-9.7531e+92	 0.00071388	 9.1463e-05	     0.0000	     0.0000	 0.00052938	     0.0000	
1	11	 3.8806e-13	 2.9458e-12	     185.20	   0.043588	-9.7531e+92	-9.7531e+92	 0.00084561	 8.9569e-05	     0.0000	     0.0000	 0.00054069	     0.0000	
1	12	 1.2313e-12	 9.3468e-12	     231.78	   0.017881	-9.7531e+92	-9.7531e+92	 0.00065752	 9.1776e-05	     0.0000	     0.0000	 0.00052871	     0.0000	
1	13	    0.11268	    0.85535	     57.043	     2.2015	-9.7531e+92	-9.7531e+92	    0.42681	    0.10217	     0.0000	     0.0000	    0.76518	     0.0000	
1	14	    0.12800	    0.97168	     88.839	    0.68891	-9.7531e+92	-9.7531e+92	    0.40502	    0.12377	     0.0000	     0.0000	    0.92800	     0.0000	
1	15	 0.00018035	  0.0013691	     167.83	   0.064291	-9.7531e+92	-9.7531e+92	   0.032093	 0.00030071	     0.0000	     0.0000	  0.0021171	     0.0000	
1	16	 4.5445e-13	 3.4498e-12	     207.46	   0.027791	-9.7531e+92	-9.7531e+92	 0.00025298	 8.5955e-05	     0.0000	     0.0000	 0.00059942	     0.0000	
1	17	 1.1744e-13	 8.9151e-13	     342.57	  0.0037606	-9.7531e+92	-9.7531e+92	 0.00041516	 9.3096e-05	     0.0000	     0.0000	 0.00052321	     0.0000	
1	18	    0.10020	    0.76062	     111.77	    0.30668	-9.7531e+92	-9.7531e+92	    0.40861	    0.10592	     0.0000	     0.0000	    0.84469	     0.0000	
1	19	 4.0456e-13	 3.0711e-12	     226.57	   0.019575	-9.7531e+92	-9.7531e+92	  0.0016681	 8.9736e-05	     0.0000	     0.0000	 0.00053866	     0.0000	
1	20	 4.9105e-13	 3.7276e-12	     199.20	   0.032652	-9.7531e+92	-9.7531e+92	  0.0052547	 8.6551e-05	     0.0000	     0.0000	 0.00054776	     0.0000	
1	21	    0.21147	     1.6053	     57.297	     2.1839	-9.7531e+92	-9.7531e+92	    0.52718	    0.21102	   0.012006	     0.0000	     1.9465	     0.0000	
1	22	 4.5610e-13	 3.4624e-12	     312.59	  0.0054224	-9.7531e+92	-9.7531e+92	 0.00039037	 9.3313e-05	     0.0000	     0.0000	 0.00052815	     0.0000	
1	23	 1.8279e-06	 1.3876e-05	     132.72	    0.16037	-9.7531e+92	-9.7531e+92	   0.033600	 8.5629e-05	     0.0000	     0.0000	 0.00057905	     0.0000	
1	24	 2.7076e-13	 2.0554e-12	     142.19	    0.12292	-9.7531e+92	-9.7531e+92	 0.00080952	 8.3556e-05	     0.0000	     0.0000	 0.00057851	     0.0000	
2	0	 0.00026955	  0.0012491	     211.35	   0.025814	-9.7531e+92	-9.7531e+92	   0.051343	 0.00043945	     0.0000	   -0.22151	 0.00095601	   -0.47279	
2	1	  0.0030822	   0.014283	     184.62	   0.044134	-9.7531e+92	-9.7531e+92	   0.034907	  0.0042036	     0.0000	 -0.0046601	  0.0081880	   -0.25099	
2	2	     0.0000	     0.0000	     0.0000	     4.0000	-9.7531e+92	-9.7531e+92	     2.5118	     0.0000	     2.3961	     0.0000	     0.0000	     0.0000	
2	3	    0.54130	     2.5085	     63.167	     1.7950	-9.7531e+92	-9.7531e+92	    0.75053	    0.25046	    0.64767	    0.99324	    -3.7285	    -2.0511	
2	4	   0.075989	    0.35215	     91.235	    0.63030	-9.7531e+92	-9.7531e+92	    0.23685	   0.038270	    0.18115	    0.15855	   -0.13748	   0.014715	
2	5	  0.0046396	   0.021501	     120.45	    0.23204	-9.7531e+92	-9.7531e+92	   0.021345	  0.0058152	     0.0000	   -0.15516	 -0.0022681	  -0.039481	
2	6	  0.0072281	   0.033497	     118.53	    0.24644	-9.7531e+92	-9.7531e+92	   0.039376	  0.0098409	     0.0000	  -0.051429	 -0.0057640	  -0.042854	
2	7	 0.00016195	 0.00075053	     153.12	   0.092143	-9.7531e+92	-9.7531e+92	   0.039176	 0.00031124	     0.0000	   -0.26092	-0.00019630	  -0.096625	
2	8	 1.6475e-12	 7.6349e-12	     174.51	   0.055125	-9.7531e+92	-9.7531e+92	  0.0029071	 8.9546e-05	     0.0000	  -0.088013	-7.5687e-05	  -0.011211	
2	9	  0.0029910	   0.013861	     133.64	    0.15619	-9.7531e+92	-9.7531e+92	   0.051954	  0.0040162	     0.0000	     0.0000	 -0.0018741	   -0.16342	
2	10	 9.8749e-13	 4.5762e-12	     213.20	   0.024934	-9.7531e+92	-9.7531e+92	 0.00032639	 9.3160e-05	     0.0000	  -0.016326	-9.7785e-05	 -0.0010296	
2	11	 2.8911e-12	 1.3398e-11	     197.83	   0.033565	-9.7531e+92	-9.7531e+92	 0.00034145	 9.4146e-05	     0.0000	 -0.0098344	-0.00010004	-0.00098516	
2	12	 2.6521e-13	 1.2291e-12	     181.48	   0.047226	-9.7531e+92	-9.7531e+92	 0.00036436	 9.2280e-05	     0.0000	  -0.016782	-8.8718e-05	 -0.0010312	
2	13	   0.055166	    0.25565	     127.66	    0.18612	-9.7531e+92	-9.7531e+92	    0.15069	   0.072595	     0.0000	  -0.055536	    0.13134	   -0.15449	
2	14	    0.13129	    0.60842	     97.273	    0.50580	-9.7531e+92	-9.7531e+92	    0.25230	    0.15942	     0.0000	   0.020793	   0.057259	    0.11670	
2	15	    0.15632	    0.72443	     21.827	     3.9312	-9.7531e+92	-9.7531e+92	    0.33996	    0.14319	    0.22796	    0.14115	   0.042271	    0.25973	
2	16	 2.4339e-12	 1.1279e-11	     68.097	     1.5042	-9.7531e+92	-9.7531e+92	 0.00015444	 8.1800e-05	     0.0000	 1.6770e-08	 5.7020e-05	 8.7321e-09	
2	17	 3.7233e-12	 1.7254e-11	     160.64	   0.076357	-9.7531e+92	-9.7531e+92	  0.0088601	 5.8705e-05	  0.0044188	 -0.0065294	 0.00012658	 -0.0028026	
2	18	   0.021557	   0.099902	     137.27	    0.14087	-9.7531e+92	-9.7531e+92	   0.088386	   0.028479	     0.0000	   -0.11019	  0.0010189	   -0.14885	
2	19	 1.8627e-12	 8.6322e-12	     139.30	    0.13308	-9.7531e+92	-9.7531e+92	  0.0012654	 8.5750e-05	     0.0000	  -0.031503	-3.9121e-05	 -0.0027780	
2	20	 6.2085e-06	 2.8772e-05	     139.77	    0.13137	-9.7531e+92	-9.7531e+92	  0.0022288	 9.7065e-05	     0.0000	  -0.066171	-7.7607e-05	 -0.0076908	
2	21	 2.0288e-13	 9.4019e-13	     197.19	   0.033993	-9.7531e+92	-9.7531e+92	   0.033874	 9.0907e-05	     0.0000	-0.00019252	-5.8122e-05	  -0.078978	
2	22	 9.7128e-13	 4.5011e-12	     161.29	   0.075160	-9.7531e+92	-9.7531e+92	  0.0075673	 6.1890e-05	  0.0036077	 -0.0057711	 0.00010266	 -0.0022374	
2	23	 2.1452e-12	 9.9413e-12	     168.40	   0.063436	-9.7531e+92	-9.7531e+92	  0.0070449	 9.3687e-05	     0.0000	  -0.020590	-9.3418e-05	  -0.014528	
2	24	 1.6436e-12	 7.6167e-12	     210.29	   0.026336	-9.7531e+92	-9.7531e+92	 0.00022026	 9.5839e-05	     0.0000	-0.00049982	-0.00010653	-0.00021600	
3	0	 3.2758e-12	 1.8644e-11	     273.88	  0.0091920	-9.7531e+92	-9.7531e+92	   0.045796	 8.9916e-05	     0.0000	   -0.27866	 0.00012224	   -0.35741	
3	1	  0.0022111	   0.012584	     244.14	   0.014539	-9.7531e+92	-9.7531e+92	   0.031617	  0.0031441	     0.0000	 -0.0059200	  0.0037024	   -0.18722	
3	2	    0.26566	     1.5120	     63.167	     1.7950	-9.7531e+92	-9.7531e+92	    0.61449	    0.10129	    0.47239	    0.30649	    -2.4753	    -1.6408	
3	3	     0.0000	     0.0000	     0.0000	     4.0000	-9.7531e+92	-9.7531e+92	     3.1707	     0.0000	     3.0444	     0.0000	     0.0000	     0.0000	
3	4	    0.34115	     1.9416	     82.606	    0.87092	-9.7531e+92	-9.7531e+92	    0.59027	    0.15362	    0.52187	     1.0000	    -1.2172	   -0.55120	
3	5	 1.4131e-05	 8.0426e-05	     167.87	   0.064235	-9.7531e+92	-9.7531e+92	   0.016158	 0.00010566	     0.0000	   -0.22126	-0.00018499	   0.023040	
3	6	 6.5236e-13	 3.7128e-12	     180.81	   0.047921	-9.7531e+92	-9.7531e+92	   0.033149	 9.3062e-05	     0.0000	  -0.077278	-0.00015770	   0.025684	
3	7	 5.9127e-12	 3.3651e-11	     215.68	   0.023812	-9.7531e+92	-9.7531e+92	   0.035025	 9.3227e-05	     0.0000	   -0.32823	-0.00015883	   0.047979	
3	8	 4.2570e-13	 2.4228e-12	     221.29	   0.021502	-9.7531e+92	-9.7531e+92	  0.0024326	 9.2205e-05	     0.0000	   -0.11050	-0.00018782	   0.011588	
3	9	 6.9304e-13	 3.9443e-12	     191.41	   0.038254	-9.7531e+92	-9.7531e+92	   0.045253	 9.0338e-05	     0.0000	     0.0000	-0.00014125	   0.048708	
3	10	 2.1717e-12	 1.2360e-11	     258.79	   0.011525	-9.7531e+92	-9.7531e+92	 0.00035207	 9.5343e-05	     0.0000	  -0.020497	-0.00021079	  0.0017035	
3	11	 2.4758e-14	 1.4091e-13	     244.71	   0.014404	-9.7531e+92	-9.7531e+92	 0.00035269	 9.6342e-05	     0.0000	  -0.012347	-0.00021113	  0.0015997	
3	12	 3.9227e-13	 2.2326e-12	     227.10	   0.019395	-9.7531e+92	-9.7531e+92	 0.00045846	 9.4698e-05	     0.0000	  -0.021069	-0.00020650	  0.0016748	
3	13	   0.020081	    0.11429	     188.65	   0.040519	-9.7531e+92	-9.7531e+92	    0.14629	   0.027435	     0.0000	   -0.12239	   0.029196	   -0.19564	
3	14	   0.059138	    0.33657	     161.01	   0.075671	-9.7531e+92	-9.7531e+92	    0.22502	   0.076656	     0.0000	  -0.018574	 -0.0097757	  -0.045464	
3	15	    0.31140	     1.7723	     84.108	    0.82281	-9.7531e+92	-9.7531e+92	    0.58159	    0.30053	    0.44404	    0.46933	   -0.46068	   0.012184	
3	16	 7.3190e-13	 4.1655e-12	     111.94	    0.30495	-9.7531e+92	-9.7531e+92	 0.00018967	 8.4168e-05	     0.0000	 2.2028e-08	-0.00010358	-2.9643e-09	
3	17	 2.6308e-12	 1.4973e-11	     122.41	    0.21829	-9.7531e+92	-9.7531e+92	   0.021874	 4.8216e-05	   0.016420	 -0.0064491	 0.00023889	 -0.0041165	
3	18	 0.00034279	  0.0019509	     199.21	   0.032649	-9.7531e+92	-9.7531e+92	   0.068781	 0.00055751	     0.0000	   -0.17324	-0.00053715	  -0.026267	
3	19	 1.5126e-13	 8.6090e-13	     184.07	   0.044655	-9.7531e+92	-9.7531e+92	  0.0020650	 8.9132e-05	     0.0000	  -0.039576	-0.00017477	  0.0033731	
3	20	 1.6405e-12	 9.3367e-12	     185.64	   0.043179	-9.7531e+92	-9.7531e+92	  0.0022287	 9.1609e-05	     0.0000	  -0.083137	-0.00018742	  0.0083816	
3	21	 1.5594e-12	 8.8749e-12	     259.71	   0.011362	-9.7531e+92	-9.7531e+92	   0.032151	 9.3203e-05	     0.0000	-0.00024171	-0.00015981	   0.040069	
3	22	 3.5949e-12	 2.0460e-11	     164.94	   0.068842	-9.7531e+92	-9.7531e+92	   0.018655	 5.8848e-05	   0.013792	 -0.0070045	 3.6094e-05	 -0.0012879	
3	23	 1.8961e-12	 1.0792e-11	     228.38	   0.018966	-9.7531e+92	-9.7531e+92	  0.0056054	 9.5941e-05	     0.0000	  -0.025851	-0.00020160	   0.019119	
3	24	 1.2034e-12	 6.8490e-12	     270.69	  0.0096323	-9.7531e+92	-9.7531e+92	 0.00024639	 9.7905e-05	     0.0000	-0.00062753	-0.00021390	 0.00035964	
4	0	 9.3974e-13	 2.7196e-12	     281.58	  0.0082298	-9.7531e+92	-9.7531e+92	   0.014900	 6.6111e-05	     0.0000	   -0.21339	-0.00030927	    0.57404	
4	1	 3.4510e-13	 9.9872e-13	     272.02	  0.0094459	-9.7531e+92	-9.7531e+92	  0.0098901	 6.7868e-05	     0.0000	 -0.0046678	-0.00032003	    0.33513	
4	2	    0.38737	     1.1211	     91.235	    0.63030	-9.7531e+92	-9.7531e+92	    0.38725	    0.19287	    0.31500	    0.97834	    -3.5714	    -2.8673	
4	3	    0.37527	     1.0860	     82.606	    0.87092	-9.7531e+92	-9.7531e+92	    0.42502	    0.10639	    0.36078	    0.68947	    -5.2538	    -4.4126	
4	4	     0.0000	     0.0000	     0.0000	     4.0000	-9.7531e+92	-9.7531e+92	     1.5692	     0.0000	     1.5344	     0.0000	     0.0000	     0.0000	
4	5	  0.0054100	   0.015657	     147.08	    0.10778	-9.7531e+92	-9.7531e+92	   0.010669	  0.0053499	     0.0000	   -0.14577	  -0.045421	    0.24512	
4	6	 1.8866e-14	 5.4598e-14	     179.35	   0.049487	-9.7531e+92	-9.7531e+92	   0.011793	 6.8589e-05	     0.0000	  -0.059178	-0.00055550	    0.32309	
4	7	 1.0961e-12	 3.1720e-12	     209.16	   0.026904	-9.7531e+92	-9.7531e+92	   0.011460	 6.8447e-05	     0.0000	   -0.25135	-0.00055578	    0.60783	
4	8	 2.2367e-12	 6.4731e-12	     186.41	   0.042479	-9.7531e+92	-9.7531e+92	  0.0016725	 6.7783e-05	     0.0000	  -0.084609	-0.00058197	   0.094834	
4	9	 3.2006e-12	 9.2627e-12	     223.28	   0.020749	-9.7531e+92	-9.7531e+92	   0.014779	 6.6475e-05	     0.0000	     0.0000	-0.00054051	    0.91193	
4	10	 6.3431e-13	 1.8357e-12	     204.61	   0.029363	-9.7531e+92	-9.7531e+92	 0.00022147	 6.9821e-05	     0.0000	  -0.015691	-0.00060011	   0.011300	
4	11	 3.8875e-13	 1.1251e-12	     218.09	   0.022784	-9.7531e+92	-9.7531e+92	 0.00019830	 7.0623e-05	     0.0000	 -0.0094548	-0.00060164	   0.010690	
4	12	 6.5992e-12	 1.9098e-11	     165.11	   0.068567	-9.7531e+92	-9.7531e+92	 0.00051731	 6.9294e-05	     0.0000	  -0.016120	-0.00059388	   0.011191	
4	13	 0.00088655	  0.0025657	     217.30	   0.023117	-9.7531e+92	-9.7531e+92	   0.045175	 0.00095682	     0.0000	   -0.11578	 -0.0046988	    0.45067	
4	14	  0.0083522	   0.024172	     184.55	   0.044193	-9.7531e+92	-9.7531e+92	   0.071370	  0.0082247	     0.0000	  -0.040427	  -0.051257	    0.42272	
4	15	   0.086642	    0.25075	     106.18	    0.37015	-9.7531e+92	-9.7531e+92	    0.16904	   0.069782	   0.099101	    0.14699	   -0.67540	   -0.43741	
4	16	 5.6335e-12	 1.6304e-11	     75.439	     1.1432	-9.7531e+92	-9.7531e+92	 9.6445e-05	 6.2655e-05	     0.0000	 1.6804e-08	-0.00049876	-3.1251e-08	
4	17	   0.073467	    0.21262	     73.525	     1.2289	-9.7531e+92	-9.7531e+92	   0.057720	   0.034593	   0.054946	    0.30914	   -0.11195	  -0.071900	
4	18	 9.3820e-05	 0.00027152	     186.18	   0.042684	-9.7531e+92	-9.7531e+92	   0.024470	 0.00016101	     0.0000	   -0.13298	 -0.0011849	    0.69105	
4	19	  0.0018709	  0.0054145	     119.82	    0.23665	-9.7531e+92	-9.7531e+92	  0.0041991	  0.0018751	     0.0000	  -0.012797	  -0.015837	   0.010703	
4	20	 9.0918e-05	 0.00026312	     135.08	    0.14987	-9.7531e+92	-9.7531e+92	  0.0025963	 0.00015880	     0.0000	  -0.062930	 -0.0013683	   0.066131	
4	21	 2.4110e-12	 6.9776e-12	     253.96	   0.012424	-9.7531e+92	-9.7531e+92	   0.010081	 6.8390e-05	     0.0000	-0.00018510	-0.00055660	    0.49962	
4	22	   0.060543	    0.17521	     82.638	    0.86986	-9.7531e+92	-9.7531e+92	   0.049167	   0.026691	   0.046694	    0.19747	  -0.026081	  0.0079702	
4	23	 2.7507e-13	 7.9605e-13	     212.30	   0.025355	-9.7531e+92	-9.7531e+92	  0.0021052	 7.0364e-05	     0.0000	  -0.019796	-0.00059334	    0.13953	
4	24	 3.7182e-12	 1.0761e-11	     253.16	   0.012581	-9.7531e+92	-9.7531e+92	 0.00011709	 7.1717e-05	     0.0000	-0.00048054	-0.00060362	  0.0023799	
5	0	  0.0027870	  0.0043925	     169.69	   0.061568	-9.7531e+92	-9.7531e+92	   0.038239	  0.0022953	     0.0000	  -0.068988	  -0.053759	     1.3790	
5	1	  0.0022065	  0.0034775	     161.91	   0.074033	-9.7531e+92	-9.7531e+92	   0.020629	  0.0018227	     0.0000	 -0.0014965	  -0.043899	    0.78180	
5	2	   0.073834	    0.11636	     120.45	    0.23204	-9.7531e+92	-9.7531e+92	   0.037053	   0.060967	     0.0000	    0.14258	    -1.5487	   -0.56106	
5	3	 0.00014743	 0.00023236	     167.87	   0.064235	-9.7531e+92	-9.7531e+92	   0.011787	 0.00017338	     0.0000	  -0.072113	 -0.0043044	    0.24491	
5	4	 5.7523e-05	 9.0659e-05	     147.08	    0.10778	-9.7531e+92	-9.7531e+92	  0.0043920	 0.00010482	     0.0000	  -0.045803	 -0.0027520	    0.14368	
5	5	     0.0000	     0.0000	     0.0000	     4.0000	-9.7531e+92	-9.7531e+92	    0.83930	     0.0000	    0.77830	     0.0000	     0.0000	     0.0000	
5	6	    0.25173	    0.39674	     72.218	     1.2908	-9.7531e+92	-9.7531e+92	    0.11594	    0.16238	   0.046690	     0.0000	    -5.4347	    -2.4424	
5	7	   0.051780	   0.081608	     89.752	    0.66590	-9.7531e+92	-9.7531e+92	   0.043901	   0.044694	     0.0000	  -0.031041	    -1.1949	    0.38658	
5	8	    0.17084	    0.26925	     54.235	     2.3987	-9.7531e+92	-9.7531e+92	   0.082399	   0.093585	   0.062903	    0.12405	    -3.2570	    -1.5137	
5	9	 1.2846e-05	 2.0246e-05	     134.70	    0.15149	-9.7531e+92	-9.7531e+92	   0.030409	 6.3715e-05	     0.0000	     0.0000	 -0.0018080	     1.5750	
5	10	 3.4839e-05	 5.4907e-05	     93.726	    0.57518	-9.7531e+92	-9.7531e+92	  0.0039295	 7.3102e-05	  0.0015858	 -0.0035998	 -0.0020985	   0.015790	
5	11	  0.0014822	  0.0023360	     77.490	     1.0576	-9.7531e+92	-9.7531e+92	  0.0039529	  0.0011436	  0.0017275	 0.00022403	  -0.032587	 -0.0015810	
5	12	 0.00020255	 0.00031922	     80.590	    0.94012	-9.7531e+92	-9.7531e+92	  0.0042278	 0.00018795	  0.0019030	 -0.0030733	 -0.0054305	   0.013144	
5	13	   0.036473	   0.057483	     125.66	    0.19761	-9.7531e+92	-9.7531e+92	   0.043712	   0.029212	     0.0000	  -0.024717	   -0.70899	    0.68788	
5	14	   0.078402	    0.12356	     108.09	    0.34690	-9.7531e+92	-9.7531e+92	   0.060488	   0.060338	     0.0000	 -0.0017140	    -1.6343	    0.11021	
5	15	  0.0019024	  0.0029982	     104.94	    0.38615	-9.7531e+92	-9.7531e+92	   0.010045	  0.0016729	     0.0000	  -0.033400	  -0.044984	    0.27612	
5	16	 2.5264e-14	 3.9817e-14	     71.546	     1.3237	-9.7531e+92	-9.7531e+92	 5.2522e-05	 6.0010e-05	     0.0000	 7.4024e-09	 -0.0015776	-5.7964e-08	
5	17	 8.6070e-15	 1.3565e-14	     219.60	   0.022168	-9.7531e+92	-9.7531e+92	 0.00021688	 6.2011e-05	     0.0000	 -0.0040443	 -0.0016013	   0.011511	
5	18	    0.14446	    0.22768	     53.346	     2.4617	-9.7531e+92	-9.7531e+92	    0.10674	   0.092184	     0.0000	  0.0088493	    -3.2875	   -0.47223	
5	19	   0.026287	   0.041429	     64.874	     1.6901	-9.7531e+92	-9.7531e+92	   0.018148	   0.017138	   0.012878	   0.040444	   -0.52949	   -0.24529	
5	20	    0.13399	    0.21117	     39.691	     3.3571	-9.7531e+92	-9.7531e+92	   0.065535	   0.081067	   0.051811	    0.14040	    -2.6768	    -1.3142	
5	21	 5.9450e-06	 9.3696e-06	     132.91	    0.15951	-9.7531e+92	-9.7531e+92	   0.013861	 6.0554e-05	     0.0000	-6.1094e-05	 -0.0016686	    0.84857	
5	22	 3.3052e-14	 5.2091e-14	     151.89	   0.095092	-9.7531e+92	-9.7531e+92	 0.00020584	 6.0526e-05	     0.0000	 -0.0033238	 -0.0015721	   0.010123	
5	23	   0.023360	   0.036816	     65.633	     1.6449	-9.7531e+92	-9.7531e+92	   0.020497	   0.018415	     0.0000	  0.0015710	   -0.51976	  -0.070650	
5	24	 4.0010e-07	 6.3058e-07	     106.34	    0.36810	-9.7531e+92	-9.7531e+92	 0.00021595	 5.8328e-05	     0.0000	-0.00015302	 -0.0015656	  0.0038563	
6	0	   0.014211	   0.022702	     105.31	    0.38136	-9.7531e+92	-9.7531e+92	   0.057015	   0.011671	     0.0000	 -0.0098446	   0.028103	   0.054897	
6	1	    0.10596	    0.16927	     96.519	    0.51972	-9.7531e+92	-9.7531e+92	   0.070054	   0.081764	     0.0000	 9.1522e-05	   0.095867	  -0.013448	
6	2	  0.0036192	  0.0057815	     118.53	    0.24644	-9.7531e+92	-9.7531e+92	   0.010048	  0.0032395	     0.0000	 -0.0097108	  0.0063186	   0.011686	
6	3	 0.00020076	 0.00032070	     180.81	   0.047921	-9.7531e+92	-9.7531e+92	  0.0037982	 0.00023243	     0.0000	  -0.011234	 0.00057773	   0.011352	
6	4	 1.1574e-05	 1.8489e-05	     179.35	   0.049487	-9.7531e+92	-9.7531e+92	  0.0014415	 7.2625e-05	     0.0000	 -0.0071800	 0.00010691	  0.0071708	
6	5	    0.25329	    0.40463	     72.218	     1.2908	-9.7531e+92	-9.7531e+92	    0.11777	    0.17936	   0.055942	     0.0000	    0.61423	     0.0000	
6	6	     0.0000	     0.0000	     0.0000	     4.0000	-9.7531e+92	-9.7531e+92	    0.82788	     0.0000	    0.75768	     0.0000	     0.0000	     0.0000	
6	7	   0.057247	   0.091451	     34.871	     3.5904	-9.7531e+92	-9.7531e+92	   0.055999	   0.051694	     0.0000	 -0.0039911	   0.061552	   0.016249	
6	8	 0.00016095	 0.00025712	     109.28	    0.33318	-9.7531e+92	-9.7531e+92	   0.012260	 0.00020331	     0.0000	 -0.0022680	 0.00031270	  0.0080068	
6	9	    0.17637	    0.28175	     62.827	     1.8164	-9.7531e+92	-9.7531e+92	    0.10705	    0.14698	     0.0000	     0.0000	    0.21934	  -0.030651	
6	10	 3.3951e-15	 5.4236e-15	     153.37	   0.091543	-9.7531e+92	-9.7531e+92	 0.00064045	 6.5416e-05	     0.0000	-0.00072285	 6.3270e-05	 0.00095749	
6	11	 5.9150e-08	 9.4490e-08	     117.04	    0.25846	-9.7531e+92	-9.7531e+92	 0.00067309	 6.4505e-05	     0.0000	-0.00042580	 7.5031e-05	 0.00090609	
6	12	 1.1229e-15	 1.7938e-15	     152.49	   0.093630	-9.7531e+92	-9.7531e+92	 0.00066532	 6.5258e-05	     0.0000	-0.00071735	 6.6329e-05	 0.00094859	
6	13	    0.11386	    0.18188	     53.773	     2.4314	-9.7531e+92	-9.7531e+92	   0.084081	   0.088347	     0.0000	 0.00072478	    0.11046	 -0.0057128	
6	14	    0.11959	    0.19105	     41.508	     3.2546	-9.7531e+92	-9.7531e+92	   0.082760	   0.083714	     0.0000	 0.00084310	  -0.028897	  -0.016107	
6	15	  0.0023156	  0.0036992	     96.746	    0.51548	-9.7531e+92	-9.7531e+92	  0.0082105	  0.0021033	     0.0000	 -0.0051187	  0.0028889	   0.013774	
6	16	 9.5805e-15	 1.5305e-14	     111.89	    0.30549	-9.7531e+92	-9.7531e+92	 5.3237e-05	 6.6330e-05	     0.0000	 1.1734e-09	 5.5051e-05	-3.0484e-09	
6	17	 1.1669e-14	 1.8641e-14	     251.72	   0.012870	-9.7531e+92	-9.7531e+92	 0.00010928	 6.8579e-05	     0.0000	-0.00063155	 3.1199e-05	 0.00060089	
6	18	    0.14288	    0.22825	     36.723	     3.5078	-9.7531e+92	-9.7531e+92	    0.10429	    0.11165	     0.0000	  0.0015246	    0.14045	  -0.021973	
6	19	 5.7427e-07	 9.1739e-07	     133.74	    0.15573	-9.7531e+92	-9.7531e+92	  0.0026311	 6.3774e-05	     0.0000	 -0.0012408	 7.4925e-05	  0.0021767	
6	20	 0.00020557	 0.00032840	     111.59	    0.30852	-9.7531e+92	-9.7531e+92	  0.0094167	 0.00024686	     0.0000	 -0.0022321	 0.00035257	  0.0055756	
6	21	  0.0083154	   0.013284	     78.899	     1.0025	-9.7531e+92	-9.7531e+92	   0.030053	  0.0073254	     0.0000	-8.3729e-06	   0.010495	   0.038034	
6	22	 1.9161e-14	 3.0610e-14	     216.08	   0.023641	-9.7531e+92	-9.7531e+92	 0.00010254	 6.8525e-05	     0.0000	-0.00052433	 3.7624e-05	 0.00052679	
6	23	  0.0017558	  0.0028048	     73.330	     1.2380	-9.7531e+92	-9.7531e+92	   0.010173	  0.0016737	     0.0000	-0.00091210	  0.0027709	   0.010708	
6	24	 3.3786e-06	 5.3972e-06	     108.13	    0.34637	-9.7531e+92	-9.7531e+92	 0.00013785	 6.8775e-05	     0.0000	-2.4491e-05	 6.2241e-05	 0.00019935	
7	0	    0.77193	     1.2398	     80.265	    0.95180	-9.7531e+92	-9.7531e+92	    0.34404	    0.97292	    0.12691	     0.0000	     4.5996	     0.0000	
7	1	   0.026820	   0.043077	     75.481	     1.1413	-9.7531e+92	-9.7531e+92	   0.049495	   0.032699	     0.0000	     0.0000	    0.13274	     0.0000	
7	2	 6.9035e-05	 0.00011088	     153.12	   0.092143	-9.7531e+92	-9.7531e+92	  0.0035681	 0.00022611	     0.0000	     0.0000	  0.0011734	     0.0000	
7	3	 3.4133e-07	 5.4822e-07	     215.68	   0.023812	-9.7531e+92	-9.7531e+92	  0.0016598	 0.00010994	     0.0000	     0.0000	 0.00062705	     0.0000	
7	4	 2.2974e-14	 3.6900e-14	     209.16	   0.026904	-9.7531e+92	-9.7531e+92	 0.00068839	 0.00011613	     0.0000	     0.0000	 0.00052218	     0.0000	
7	5	 0.00044014	 0.00070693	     89.752	    0.66590	-9.7531e+92	-9.7531e+92	  0.0064089	 0.00081541	     0.0000	     0.0000	  0.0038211	     0.0000	
7	6	   0.010275	   0.016503	     34.871	     3.5904	-9.7531e+92	-9.7531e+92	   0.017133	   0.016201	     0.0000	     0.0000	   0.079530	     0.0000	
7	7	     0.0000	     0.0000	     0.0000	     4.0000	-9.7531e+92	-9.7531e+92	    0.83783	     0.0000	    0.70506	     0.0000	     0.0000	     0.0000	
7	8	 1.7686e-05	 2.8405e-05	     109.89	    0.32644	-9.7531e+92	-9.7531e+92	 0.00099753	 0.00014588	     0.0000	     0.0000	 0.00059801	     0.0000	
7	9	  0.0030426	  0.0048869	     64.406	     1.7184	-9.7531e+92	-9.7531e+92	    0.11644	  0.0043105	     0.0000	     0.0000	   0.024141	     0.0000	
7	10	 1.3063e-14	 2.0980e-14	     153.29	   0.091732	-9.7531e+92	-9.7531e+92	 0.00011151	 0.00012388	     0.0000	     0.0000	 0.00043807	     0.0000	
7	11	 2.2379e-07	 3.5944e-07	     112.26	    0.30176	-9.7531e+92	-9.7531e+92	 0.00012429	 0.00011978	     0.0000	     0.0000	 0.00047698	     0.0000	
7	12	 1.1135e-14	 1.7885e-14	     158.06	   0.081372	-9.7531e+92	-9.7531e+92	 0.00010535	 0.00012453	     0.0000	     0.0000	 0.00043476	     0.0000	
7	13	   0.041989	   0.067440	     57.312	     2.1828	-9.7531e+92	-9.7531e+92	   0.058960	   0.050404	     0.0000	     0.0000	    0.20043	     0.0000	
7	14	    0.12297	    0.19751	     65.464	     1.6549	-9.7531e+92	-9.7531e+92	   0.081646	    0.16341	     0.0000	     0.0000	    0.76059	     0.0000	
7	15	 4.8539e-05	 7.7960e-05	     131.62	    0.16559	-9.7531e+92	-9.7531e+92	  0.0062224	 0.00019207	     0.0000	     0.0000	 0.00084722	     0.0000	
7	16	 4.6647e-15	 7.4921e-15	     137.28	    0.14083	-9.7531e+92	-9.7531e+92	 5.3525e-05	 0.00011986	     0.0000	     0.0000	 0.00046896	     0.0000	
7	17	 3.2947e-16	 5.2917e-16	     281.54	  0.0082346	-9.7531e+92	-9.7531e+92	 8.1932e-05	 0.00012773	     0.0000	     0.0000	 0.00041770	     0.0000	
7	18	   0.012482	   0.020047	     38.248	     3.4331	-9.7531e+92	-9.7531e+92	   0.041039	   0.017529	     0.0000	     0.0000	   0.090974	     0.0000	
7	19	 1.4426e-15	 2.3170e-15	     154.38	   0.089237	-9.7531e+92	-9.7531e+92	 0.00021933	 0.00012175	     0.0000	     0.0000	 0.00044743	     0.0000	
7	20	 1.9512e-06	 3.1340e-06	     126.68	    0.19164	-9.7531e+92	-9.7531e+92	 0.00061800	 0.00012035	     0.0000	     0.0000	 0.00047635	     0.0000	
7	21	  0.0089678	   0.014403	     44.967	     3.0407	-9.7531e+92	-9.7531e+92	   0.034570	   0.012297	     0.0000	     0.0000	   0.075302	     0.0000	
7	22	 2.1763e-15	 3.4954e-15	     241.36	   0.015218	-9.7531e+92	-9.7531e+92	 7.7463e-05	 0.00012787	     0.0000	     0.0000	 0.00042547	     0.0000	
7	23	 0.00093357	  0.0014994	     58.677	     2.0891	-9.7531e+92	-9.7531e+92	  0.0037773	  0.0014594	     0.0000	     0.0000	  0.0097262	     0.0000	
7	24	 1.4834e-05	 2.3826e-05	     84.614	    0.80724	-9.7531e+92	-9.7531e+92	 0.00010487	 0.00012362	     0.0000	     0.0000	 0.00080492	     0.0000	
8	0	  0.0013979	  0.0012701	     172.11	   0.058221	-9.7531e+92	-9.7531e+92	   0.017906	 0.00051841	     0.0000	  -0.059543	  -0.027676	     2.0179	
8	1	 7.7657e-05	 7.0559e-05	     184.58	   0.044171	-9.7531e+92	-9.7531e+92	  0.0073556	 5.2063e-05	     0.0000	 -0.0013148	 -0.0027538	     1.1629	
8	2	 3.3955e-05	 3.0851e-05	     174.51	   0.055125	-9.7531e+92	-9.7531e+92	  0.0057409	 3.5775e-05	     0.0000	  -0.062047	 -0.0020707	    0.40723	
8	3	 1.9811e-07	 1.8000e-07	     221.29	   0.021502	-9.7531e+92	-9.7531e+92	  0.0019428	 2.3100e-05	     0.0000	  -0.062007	 -0.0013386	    0.35302	
8	4	 4.6098e-07	 4.1884e-07	     186.41	   0.042479	-9.7531e+92	-9.7531e+92	 0.00090829	 2.4024e-05	     0.0000	  -0.039310	 -0.0014436	    0.20407	
8	5	    0.39186	    0.35604	     54.235	     2.3987	-9.7531e+92	-9.7531e+92	    0.11193	   0.097765	   0.076764	    0.18411	    -8.2363	    -5.8926	
8	6	  0.0010570	 0.00096041	     109.28	    0.33318	-9.7531e+92	-9.7531e+92	   0.019877	 0.00038797	     0.0000	  -0.012273	  -0.024723	    0.75340	
8	7	 0.00088847	 0.00080725	     109.89	    0.32644	-9.7531e+92	-9.7531e+92	   0.014758	 0.00035399	     0.0000	  -0.070107	  -0.021157	     1.4373	
8	8	     0.0000	     0.0000	     0.0000	     4.0000	-9.7531e+92	-9.7531e+92	    0.47674	     0.0000	    0.46550	     0.0000	     0.0000	     0.0000	
8	9	 2.0803e-08	 1.8902e-08	     171.65	   0.058843	-9.7531e+92	-9.7531e+92	  0.0099957	 2.3713e-05	     0.0000	     0.0000	 -0.0014652	     2.2183	
8	10	   0.076230	   0.069262	     44.054	     3.0993	-9.7531e+92	-9.7531e+92	   0.020361	   0.017635	   0.019010	   0.099512	    -1.2895	   -0.95411	
8	11	   0.066787	   0.060683	     32.525	     3.6821	-9.7531e+92	-9.7531e+92	   0.017753	   0.018072	   0.016470	   0.056377	    -1.2457	   -0.94780	
8	12	   0.017895	   0.016259	     55.069	     2.3397	-9.7531e+92	-9.7531e+92	  0.0074155	  0.0047088	  0.0060753	   0.029444	   -0.33749	   -0.24132	
8	13	  0.0013178	  0.0011973	     162.59	   0.072826	-9.7531e+92	-9.7531e+92	   0.014659	 0.00049460	     0.0000	  -0.032505	  -0.026545	     1.5297	
8	14	  0.0027094	  0.0024618	     146.54	    0.10935	-9.7531e+92	-9.7531e+92	   0.016091	 0.00098556	     0.0000	  -0.012629	  -0.055692	     1.3616	
8	15	 1.1812e-06	 1.0732e-06	     159.01	   0.079481	-9.7531e+92	-9.7531e+92	  0.0020818	 2.5037e-05	     0.0000	  -0.030967	 -0.0014968	    0.42181	
8	16	 7.0160e-16	 6.3747e-16	     112.87	    0.29583	-9.7531e+92	-9.7531e+92	 3.0279e-05	 2.5129e-05	     0.0000	 6.1814e-09	 -0.0014940	-8.1001e-08	
8	17	 1.9766e-15	 1.7959e-15	     258.50	   0.011577	-9.7531e+92	-9.7531e+92	 6.5409e-05	 2.5935e-05	     0.0000	 -0.0034545	 -0.0015214	   0.016111	
8	18	    0.25246	    0.22939	     75.421	     1.1439	-9.7531e+92	-9.7531e+92	   0.085682	   0.083075	     0.0000	   0.045414	    -5.4109	    -2.4839	
8	19	  0.0047327	  0.0043000	     80.536	    0.94205	-9.7531e+92	-9.7531e+92	  0.0078718	  0.0013888	  0.0048339	  0.0024575	   -0.10047	  -0.024269	
8	20	    0.11649	    0.10584	     51.987	     2.5582	-9.7531e+92	-9.7531e+92	   0.039233	   0.028594	   0.031322	   0.098247	    -2.2978	    -1.6712	
8	21	 5.1997e-05	 4.7244e-05	     132.38	    0.16196	-9.7531e+92	-9.7531e+92	  0.0056930	 4.3383e-05	     0.0000	-5.1737e-05	 -0.0026293	     1.1923	
8	22	 9.2988e-16	 8.4488e-16	     168.70	   0.062994	-9.7531e+92	-9.7531e+92	 6.5937e-05	 2.5400e-05	     0.0000	 -0.0028455	 -0.0015065	   0.014178	
8	23	   0.065508	   0.059520	     54.810	     2.3580	-9.7531e+92	-9.7531e+92	   0.023913	   0.021312	  0.0076719	  0.0022909	    -1.3822	   -0.80530	
8	24	 0.00049785	 0.00045234	     77.960	     1.0389	-9.7531e+92	-9.7531e+92	 0.00042339	 0.00020487	 9.1139e-05	 7.3116e-05	  -0.012386	 -0.0035285	
9	0	   0.069512	    0.13825	     86.890	    0.74099	-9.7531e+92	-9.7531e+92	    0.11594	   0.070686	     0.0000	     0.0000	     1.0621	     0.0000	
9	1	    0.22432	    0.44614	     55.376	     2.3181	-9.7531e+92	-9.7531e+92	    0.14448	    0.41762	     0.0000	  0.0031850	     6.1464	    0.77878	
9	2	  0.0055935	   0.011125	     133.64	    0.15619	-9.7531e+92	-9.7531e+92	  0.0082659	   0.015557	     0.0000	  -0.060682	    0.19142	  -0.099784	
9	3	 0.00010419	 0.00020723	     191.41	   0.038254	-9.7531e+92	-9.7531e+92	  0.0033230	 0.00046274	     0.0000	  -0.077701	  0.0059210	   -0.11473	
9	4	 9.1004e-12	 1.8100e-11	     223.28	   0.020749	-9.7531e+92	-9.7531e+92	  0.0012617	 0.00019159	     0.0000	  -0.049493	  0.0022006	  -0.060889	
9	5	  0.0012339	  0.0024541	     134.70	    0.15149	-9.7531e+92	-9.7531e+92	   0.019945	  0.0035602	     0.0000	  -0.058249	   0.042094	   -0.18855	
9	6	   0.031833	   0.063313	     62.827	     1.8164	-9.7531e+92	-9.7531e+92	   0.038690	   0.075775	     0.0000	 -0.0057915	     1.0640	  -0.060980	
9	7	   0.092380	    0.18373	     64.406	     1.7184	-9.7531e+92	-9.7531e+92	   0.091700	    0.17628	     0.0000	     0.0000	     3.0933	   0.048551	
9	8	 4.6941e-11	 9.3361e-11	     171.65	   0.058843	-9.7531e+92	-9.7531e+92	  0.0029390	 0.00019396	     0.0000	  -0.030038	  0.0021253	  -0.061679	
9	9	     0.0000	     0.0000	     0.0000	     4.0000	-9.7531e+92	-9.7531e+92	     1.0624	     0.0000	    0.80926	     0.0000	     0.0000	     0.0000	
9	10	 2.1357e-12	 4.2477e-12	     215.04	   0.024096	-9.7531e+92	-9.7531e+92	 0.00021957	 0.00020602	     0.0000	 -0.0055717	  0.0020916	 -0.0070914	
9	11	 4.5706e-12	 9.0904e-12	     175.31	   0.054135	-9.7531e+92	-9.7531e+92	 0.00026800	 0.00020128	     0.0000	 -0.0033563	  0.0021099	 -0.0067179	
9	12	 8.7642e-12	 1.7431e-11	     214.99	   0.024120	-9.7531e+92	-9.7531e+92	 0.00019880	 0.00020679	     0.0000	 -0.0057273	  0.0020906	 -0.0070326	
9	13	    0.23598	    0.46934	     9.0540	     3.9979	-9.7531e+92	-9.7531e+92	    0.16355	    0.45989	     0.0000	   0.054817	     6.7743	    0.70794	
9	14	    0.10196	    0.20279	     38.749	     3.4073	-9.7531e+92	-9.7531e+92	   0.097352	    0.22175	     0.0000	  0.0025314	     3.1342	   0.070914	
9	15	  0.0018940	  0.0037670	     117.55	    0.25424	-9.7531e+92	-9.7531e+92	  0.0089061	  0.0053769	     0.0000	  -0.035931	   0.063637	   -0.11218	
9	16	 1.0602e-13	 2.1086e-13	     159.83	   0.077890	-9.7531e+92	-9.7531e+92	 6.6281e-05	 0.00019342	     0.0000	 8.0810e-09	  0.0021523	 2.2102e-08	
9	17	 2.6604e-12	 5.2912e-12	     293.28	  0.0069951	-9.7531e+92	-9.7531e+92	 0.00011648	 0.00021044	     0.0000	 -0.0043491	  0.0020827	 -0.0044521	
9	18	    0.22316	    0.44384	     96.665	    0.51699	-9.7531e+92	-9.7531e+92	    0.15736	    0.53331	     0.0000	   0.052553	     7.2753	    0.59916	
9	19	 7.3229e-12	 1.4564e-11	     193.08	   0.036956	-9.7531e+92	-9.7531e+92	 0.00053961	 0.00020236	     0.0000	  -0.010825	  0.0021069	  -0.016404	
9	20	 1.2015e-11	 2.3897e-11	     174.09	   0.055651	-9.7531e+92	-9.7531e+92	  0.0017574	 0.00019532	     0.0000	  -0.022599	  0.0021208	  -0.043295	
9	21	   0.011984	   0.023834	     83.320	    0.84769	-9.7531e+92	-9.7531e+92	   0.057135	   0.028150	     0.0000	-5.4111e-05	    0.39759	   -0.28145	
9	22	 2.8382e-12	 5.6448e-12	     266.14	   0.010307	-9.7531e+92	-9.7531e+92	 0.00010892	 0.00021077	     0.0000	 -0.0036107	  0.0020906	 -0.0039387	
9	23	 5.3011e-05	 0.00010543	     121.73	    0.22293	-9.7531e+92	-9.7531e+92	   0.011988	 0.00032654	     0.0000	 -0.0070061	  0.0038828	  -0.088823	
9	24	 2.1263e-11	 4.2290e-11	     149.07	    0.10229	-9.7531e+92	-9.7531e+92	 0.00017507	 0.00018213	     0.0000	-0.00017058	  0.0021745	 -0.0014928	
10	0	 0.00063905	 0.00026260	     210.64	   0.026161	-9.7531e+92	-9.7531e+92	  0.0044088	 4.8448e-05	     0.0000	  -0.014706	 -0.0038287	    0.66793	
10	1	 0.00011939	 4.9061e-05	     228.04	   0.019080	-9.7531e+92	-9.7531e+92	  0.0018435	 1.3109e-05	     0.0000	-0.00032272	 -0.0010165	    0.38233	
10	2	 7.5420e-06	 3.0991e-06	     213.20	   0.024934	-9.7531e+92	-9.7531e+92	  0.0018663	 5.0712e-06	     0.0000	  -0.015255	-0.00043521	    0.13333	
10	3	 8.0946e-13	 3.3262e-13	     258.79	   0.011525	-9.7531e+92	-9.7531e+92	 0.00068891	 4.4100e-06	     0.0000	  -0.015229	-0.00038147	    0.11569	
10	4	 9.6791e-15	 3.9773e-15	     204.61	   0.029363	-9.7531e+92	-9.7531e+92	 0.00054925	 4.5640e-06	     0.0000	 -0.0096547	-0.00040672	   0.066547	
10	5	   0.098908	   0.040643	     93.726	    0.57518	-9.7531e+92	-9.7531e+92	   0.028469	  0.0062715	   0.012564	   0.015289	   -0.61500	   -0.34286	
10	6	 0.00016727	 6.8734e-05	     153.37	   0.091543	-9.7531e+92	-9.7531e+92	  0.0050646	 1.6494e-05	     0.0000	 -0.0039790	 -0.0014648	    0.25024	
10	7	 0.00010990	 4.5160e-05	     153.29	   0.091732	-9.7531e+92	-9.7531e+92	  0.0036383	 1.2601e-05	     0.0000	  -0.017382	 -0.0011068	    0.47214	
10	8	    0.37071	    0.15233	     44.054	     3.0993	-9.7531e+92	-9.7531e+92	   0.048383	   0.017631	   0.043300	   0.093561	    -2.0369	    -1.7878	
10	9	 5.2594e-13	 2.1612e-13	     215.04	   0.024096	-9.7531e+92	-9.7531e+92	  0.0025230	 4.6193e-06	     0.0000	     0.0000	-0.00041483	    0.72227	
10	10	     0.0000	     0.0000	     0.0000	     4.0000	-9.7531e+92	-9.7531e+92	    0.21006	     0.0000	    0.20945	     0.0000	     0.0000	     0.0000	
10	11	    0.14982	   0.061563	     46.926	     2.9109	-9.7531e+92	-9.7531e+92	   0.017487	  0.0064210	   0.016907	   0.024716	   -0.57348	   -0.49454	
10	12	    0.14723	   0.060497	     46.012	     2.9721	-9.7531e+92	-9.7531e+92	   0.017302	  0.0073071	   0.016696	   0.066985	   -0.68799	   -0.60887	
10	13	  0.0015688	 0.00064463	     205.99	   0.028587	-9.7531e+92	-9.7531e+92	  0.0038181	 0.00011392	     0.0000	 -0.0079630	 -0.0089775	    0.50174	
10	14	  0.0035729	  0.0014681	     190.48	   0.038997	-9.7531e+92	-9.7531e+92	  0.0044086	 0.00025451	     0.0000	 -0.0030703	  -0.020784	    0.44178	
10	15	 1.5482e-13	 6.3617e-14	     197.67	   0.033672	-9.7531e+92	-9.7531e+92	 0.00065746	 4.7453e-06	     0.0000	 -0.0076058	-0.00041631	    0.13731	
10	16	 8.5612e-13	 3.5179e-13	     147.94	    0.10538	-9.7531e+92	-9.7531e+92	 1.3694e-05	 4.7881e-06	     0.0000	 1.3834e-09	-0.00039457	-2.4132e-08	
10	17	 3.1828e-13	 1.3079e-13	     270.72	  0.0096279	-9.7531e+92	-9.7531e+92	 3.4675e-05	 4.9441e-06	     0.0000	-0.00084840	-0.00042903	  0.0052329	
10	18	   0.038017	   0.015622	     118.82	    0.24422	-9.7531e+92	-9.7531e+92	   0.019996	  0.0025995	     0.0000	 -0.0058305	   -0.23055	    0.37328	
10	19	   0.060470	   0.024848	     85.643	    0.77653	-9.7531e+92	-9.7531e+92	   0.011015	  0.0038305	  0.0096408	   0.030756	   -0.37252	   -0.32323	
10	20	    0.12169	   0.050004	     74.457	     1.1864	-9.7531e+92	-9.7531e+92	   0.022072	  0.0075554	   0.018494	   0.045906	   -0.75170	   -0.64090	
10	21	 2.4055e-13	 9.8847e-14	     171.26	   0.059366	-9.7531e+92	-9.7531e+92	  0.0014369	 4.7411e-06	     0.0000	-1.2817e-05	-0.00041843	    0.38825	
10	22	 4.3650e-14	 1.7936e-14	     176.66	   0.052524	-9.7531e+92	-9.7531e+92	 3.9805e-05	 4.8941e-06	     0.0000	-0.00070154	-0.00042653	  0.0046062	
10	23	  0.0044702	  0.0018369	     95.614	    0.53700	-9.7531e+92	-9.7531e+92	  0.0046571	 0.00031790	     0.0000	-0.00072227	  -0.028644	   0.077723	
10	24	  0.0025081	  0.0010306	     102.71	    0.41717	-9.7531e+92	-9.7531e+92	 0.00044391	 0.00018776	 0.00029365	 0.00022813	  -0.016398	  -0.012942	
11	0	  0.0073907	  0.0031828	     167.10	   0.065400	-9.7531e+92	-9.7531e+92	   0.010188	 0.00038888	     0.0000	 -0.0097396	  -0.031401	    0.48271	
11	1	 0.00026948	 0.00011605	     185.20	   0.043588	-9.7531e+92	-9.7531e+92	  0.0035496	 1.7957e-05	     0.0000	-0.00022457	 -0.0014254	    0.29029	
11	2	 1.3007e-05	 5.6016e-06	     197.83	   0.033565	-9.7531e+92	-9.7531e+92	  0.0015392	 4.1517e-06	     0.0000	  -0.010633	-0.00036234	    0.10129	
11	3	 5.8905e-14	 2.5368e-14	     244.71	   0.014404	-9.7531e+92	-9.7531e+92	 0.00054750	 3.3657e-06	     0.0000	  -0.010618	-0.00029588	   0.087941	
11	4	 3.0478e-13	 1.3126e-13	     218.09	   0.022784	-9.7531e+92	-9.7531e+92	 0.00026674	 3.4875e-06	     0.0000	 -0.0067314	-0.00031534	   0.050530	
11	5	    0.10938	   0.047105	     77.490	     1.0576	-9.7531e+92	-9.7531e+92	   0.026595	  0.0051746	  0.0099261	   0.011957	   -0.52580	   -0.30495	
11	6	  0.0068656	  0.0029567	     117.04	    0.25846	-9.7531e+92	-9.7531e+92	  0.0068239	 0.00037019	     0.0000	 -0.0023155	  -0.033619	    0.16087	
11	7	   0.016776	  0.0072248	     112.26	    0.30176	-9.7531e+92	-9.7531e+92	  0.0086411	 0.00091542	     0.0000	 -0.0096742	  -0.081795	    0.28606	
11	8	    0.25144	    0.10828	     32.525	     3.6821	-9.7531e+92	-9.7531e+92	   0.036082	  0.0086230	   0.030755	   0.038217	    -1.0501	   -0.88438	
11	9	 5.5077e-07	 2.3719e-07	     175.31	   0.054135	-9.7531e+92	-9.7531e+92	  0.0049616	 3.5388e-06	     0.0000	     0.0000	-0.00032422	    0.54826	
11	10	    0.19053	   0.082052	     46.926	     2.9109	-9.7531e+92	-9.7531e+92	   0.022319	  0.0058776	   0.021678	   0.036816	   -0.53926	   -0.44666	
11	11	     0.0000	     0.0000	     0.0000	     4.0000	-9.7531e+92	-9.7531e+92	    0.21834	     0.0000	    0.21773	     0.0000	     0.0000	     0.0000	
11	12	  0.0015092	 0.00064995	     77.218	     1.0686	-9.7531e+92	-9.7531e+92	  0.0025434	 7.3926e-05	  0.0019081	 4.1773e-05	 -0.0072572	-0.00040712	
11	13	  0.0022529	 0.00097023	     166.60	   0.066184	-9.7531e+92	-9.7531e+92	  0.0067691	 0.00012260	     0.0000	 -0.0055139	 -0.0098846	    0.37905	
11	14	  0.0034516	  0.0014865	     157.91	   0.081669	-9.7531e+92	-9.7531e+92	  0.0067775	 0.00018643	     0.0000	 -0.0021437	  -0.015594	    0.33630	
11	15	 9.8024e-14	 4.2214e-14	     182.32	   0.046370	-9.7531e+92	-9.7531e+92	 0.00073591	 3.6168e-06	     0.0000	 -0.0053029	-0.00032272	    0.10423	
11	16	 1.1640e-14	 5.0130e-15	     142.85	    0.12075	-9.7531e+92	-9.7531e+92	 1.4352e-05	 3.6311e-06	     0.0000	 9.4624e-10	-0.00027143	-1.6041e-08	
11	17	 1.2936e-13	 5.5710e-14	     290.18	  0.0072979	-9.7531e+92	-9.7531e+92	 2.4988e-05	 3.7816e-06	     0.0000	-0.00059151	-0.00033257	  0.0039701	
11	18	    0.28034	    0.12073	     81.269	    0.91620	-9.7531e+92	-9.7531e+92	   0.043628	   0.014329	     0.0000	   0.010203	    -1.3173	   -0.73226	
11	19	 8.6282e-05	 3.7158e-05	     108.78	    0.33886	-9.7531e+92	-9.7531e+92	  0.0022767	 7.6835e-06	 0.00083683	 -0.0012786	-0.00074283	   0.013999	
11	20	   0.025453	   0.010961	     83.734	    0.83452	-9.7531e+92	-9.7531e+92	  0.0088075	  0.0012052	  0.0050577	  0.0047348	   -0.12203	  -0.072333	
11	21	 0.00020101	 8.6566e-05	     128.65	    0.18069	-9.7531e+92	-9.7531e+92	  0.0028781	 1.4453e-05	     0.0000	-8.6010e-06	 -0.0013005	    0.29379	
11	22	 2.9648e-14	 1.2768e-14	     200.45	   0.031856	-9.7531e+92	-9.7531e+92	 2.5025e-05	 3.7519e-06	     0.0000	-0.00049028	-0.00033088	  0.0034948	
11	23	   0.088880	   0.038277	     53.605	     2.4433	-9.7531e+92	-9.7531e+92	   0.014503	  0.0045696	  0.0068046	  0.0021120	   -0.42477	   -0.30573	
11	24	   0.015161	  0.0065293	     56.094	     2.2676	-9.7531e+92	-9.7531e+92	  0.0017720	 0.00081282	  0.0016146	 0.00092326	  -0.071919	  -0.063244	
12	0	 0.00032272	 0.00013894	     226.76	   0.019512	-9.7531e+92	-9.7531e+92	  0.0038665	 3.0110e-05	     0.0000	  -0.017057	 -0.0021139	    0.67247	
12	1	 0.00011780	 5.0718e-05	     231.78	   0.017881	-9.7531e+92	-9.7531e+92	  0.0017530	 1.4645e-05	     0.0000	-0.00037344	 -0.0010085	    0.38412	
12	2	  0.0022935	 0.00098741	     181.48	   0.047226	-9.7531e+92	-9.7531e+92	  0.0031275	 0.00018089	     0.0000	  -0.016033	  -0.013864	    0.12196	
12	3	 5.0136e-08	 2.1585e-08	     227.10	   0.019395	-9.7531e+92	-9.7531e+92	  0.0012135	 4.9505e-06	     0.0000	  -0.017621	-0.00038270	    0.11641	
12	4	 0.00071561	 0.00030809	     165.11	   0.068567	-9.7531e+92	-9.7531e+92	  0.0013160	 5.9780e-05	     0.0000	  -0.010500	 -0.0047855	   0.063082	
12	5	    0.14676	   0.063186	     80.590	    0.94012	-9.7531e+92	-9.7531e+92	   0.034267	   0.010509	   0.017603	   0.031968	   -0.91619	   -0.62052	
12	6	 9.9915e-05	 4.3016e-05	     152.49	   0.093630	-9.7531e+92	-9.7531e+92	  0.0056855	 1.3231e-05	     0.0000	 -0.0046069	 -0.0010482	    0.25289	
12	7	 1.2464e-05	 5.3661e-06	     158.06	   0.081372	-9.7531e+92	-9.7531e+92	  0.0032926	 6.3586e-06	     0.0000	  -0.020137	-0.00049880	    0.47697	
12	8	    0.21261	   0.091533	     55.069	     2.3397	-9.7531e+92	-9.7531e+92	   0.034720	   0.014520	   0.029394	   0.086860	    -1.2928	    -1.1206	
12	9	 7.7320e-15	 3.3288e-15	     214.99	   0.024120	-9.7531e+92	-9.7531e+92	  0.0024040	 5.2021e-06	     0.0000	     0.0000	-0.00041675	    0.72863	
12	10	    0.12137	   0.052254	     46.012	     2.9721	-9.7531e+92	-9.7531e+92	   0.015064	  0.0066419	   0.014423	   0.059076	   -0.52617	   -0.46293	
12	11	  0.0075738	  0.0032607	     77.218	     1.0686	-9.7531e+92	-9.7531e+92	  0.0032384	 0.00057498	  0.0026305	  0.0029156	  -0.047110	  -0.035439	
12	12	     0.0000	     0.0000	     0.0000	     4.0000	-9.7531e+92	-9.7531e+92	    0.22003	     0.0000	    0.21939	     0.0000	     0.0000	     0.0000	
12	13	 0.00061631	 0.00026534	     205.94	   0.028617	-9.7531e+92	-9.7531e+92	  0.0037715	 5.3603e-05	     0.0000	 -0.0093020	 -0.0037526	    0.50897	
12	14	  0.0014155	 0.00060943	     188.63	   0.040536	-9.7531e+92	-9.7531e+92	  0.0044726	 0.00011682	     0.0000	 -0.0036432	 -0.0084820	    0.45581	
12	15	 8.4291e-07	 3.6290e-07	     166.81	   0.065853	-9.7531e+92	-9.7531e+92	 0.00093037	 5.4020e-06	     0.0000	 -0.0088006	-0.00042354	    0.13853	
12	16	 7.6014e-15	 3.2726e-15	     115.95	    0.26758	-9.7531e+92	-9.7531e+92	 1.4348e-05	 5.3641e-06	     0.0000	 1.5898e-09	-0.00037479	-2.2905e-08	
12	17	 8.4206e-16	 3.6253e-16	     225.22	   0.020047	-9.7531e+92	-9.7531e+92	 6.3542e-05	 5.5376e-06	     0.0000	-0.00098139	-0.00043111	  0.0052841	
12	18	   0.022507	  0.0096899	     120.73	    0.22996	-9.7531e+92	-9.7531e+92	   0.017386	  0.0017447	     0.0000	 -0.0083112	   -0.13716	    0.46255	
12	19	    0.23905	    0.10292	     44.530	     3.0689	-9.7531e+92	-9.7531e+92	   0.030911	  0.0099727	   0.029471	   0.063701	    -1.0923	   -0.96381	
12	20	    0.24271	    0.10449	     45.010	     3.0379	-9.7531e+92	-9.7531e+92	   0.038279	   0.013996	   0.034531	   0.079462	    -1.3737	    -1.2114	
12	21	 1.1929e-15	 5.1356e-16	     187.39	   0.041605	-9.7531e+92	-9.7531e+92	  0.0013359	 5.3390e-06	     0.0000	-1.4831e-05	-0.00042047	    0.39176	
12	22	 1.3277e-15	 5.7162e-16	     131.16	    0.16782	-9.7531e+92	-9.7531e+92	 7.9553e-05	 5.3058e-06	     0.0000	-0.00078413	-0.00042296	  0.0046219	
12	23	  0.0018114	 0.00077986	     109.85	    0.32696	-9.7531e+92	-9.7531e+92	  0.0031836	 0.00015190	     0.0000	 -0.0013194	  -0.012016	   0.094341	
12	24	 2.6529e-15	 1.1421e-15	     132.31	    0.16230	-9.7531e+92	-9.7531e+92	 8.2587e-05	 5.5597e-06	     0.0000	-3.8029e-05	-0.00043041	  0.0017725	
13	0	    0.14005	     1.0328	     86.013	    0.76580	-9.7531e+92	-9.7531e+92	    0.56391	    0.19311	     0.0000	     0.0000	     1.2242	     0.0000	
13	1	   0.047777	    0.35233	     57.043	     2.2015	-9.7531e+92	-9.7531e+92	    0.26777	   0.067104	     0.0000	     0.0000	    0.40614	     0.0000	
13	2	  0.0063375	   0.046736	     127.66	    0.18612	-9.7531e+92	-9.7531e+92	   0.029209	   0.010741	     0.0000	     0.0000	   0.072855	     0.0000	
13	3	 0.00019973	  0.0014729	     188.65	   0.040519	-9.7531e+92	-9.7531e+92	   0.011752	 0.00044361	     0.0000	     0.0000	  0.0031969	     0.0000	
13	4	 1.5381e-12	 1.1343e-11	     217.30	   0.023117	-9.7531e+92	-9.7531e+92	  0.0044126	 0.00012315	     0.0000	     0.0000	 0.00077132	     0.0000	
13	5	 0.00053621	  0.0039543	     125.66	    0.19761	-9.7531e+92	-9.7531e+92	   0.054522	  0.0011134	     0.0000	     0.0000	  0.0067168	     0.0000	
13	6	   0.040552	    0.29905	     53.773	     2.4314	-9.7531e+92	-9.7531e+92	    0.14841	   0.069946	     0.0000	     0.0000	    0.46806	     0.0000	
13	7	    0.11485	    0.84694	     57.312	     2.1828	-9.7531e+92	-9.7531e+92	    0.39128	    0.19383	     0.0000	     0.0000	     1.2962	     0.0000	
13	8	 9.5698e-12	 7.0572e-11	     162.59	   0.072826	-9.7531e+92	-9.7531e+92	  0.0080601	 0.00013223	     0.0000	     0.0000	 0.00071175	     0.0000	
13	9	    0.13199	    0.97335	     9.0540	     3.9979	-9.7531e+92	-9.7531e+92	    0.49440	    0.19022	     0.0000	     0.0000	     1.5225	     0.0000	
13	10	 2.9379e-12	 2.1665e-11	     205.99	   0.028587	-9.7531e+92	-9.7531e+92	 0.00067856	 0.00014141	     0.0000	     0.0000	 0.00067698	     0.0000	
13	11	 7.8950e-12	 5.8222e-11	     166.60	   0.066184	-9.7531e+92	-9.7531e+92	 0.00080318	 0.00013819	     0.0000	     0.0000	 0.00069634	     0.0000	
13	12	 2.1722e-12	 1.6019e-11	     205.94	   0.028617	-9.7531e+92	-9.7531e+92	 0.00062520	 0.00014180	     0.0000	     0.0000	 0.00067625	     0.0000	
13	13	     0.0000	     0.0000	     0.0000	     4.0000	-9.7531e+92	-9.7531e+92	     3.9057	     0.0000	     3.1571	     0.0000	     0.0000	     0.0000	
13	14	   0.097995	    0.72267	     32.765	     3.6733	-9.7531e+92	-9.7531e+92	    0.33695	    0.14873	     0.0000	     0.0000	    0.96233	     0.0000	
13	15	 0.00088264	  0.0065090	     111.52	    0.30921	-9.7531e+92	-9.7531e+92	   0.029359	  0.0014922	     0.0000	     0.0000	   0.011061	     0.0000	
13	16	 1.0903e-12	 8.0403e-12	     153.85	   0.090443	-9.7531e+92	-9.7531e+92	 0.00024576	 0.00013258	     0.0000	     0.0000	 0.00074486	     0.0000	
13	17	 3.3758e-13	 2.4895e-12	     287.27	  0.0075975	-9.7531e+92	-9.7531e+92	 0.00042215	 0.00013927	     0.0000	     0.0000	 0.00068014	     0.0000	
13	18	   0.081347	    0.59990	     87.611	    0.72124	-9.7531e+92	-9.7531e+92	    0.36484	    0.13017	     0.0000	     0.0000	    0.88083	     0.0000	
13	19	 2.1444e-12	 1.5814e-11	     184.51	   0.044238	-9.7531e+92	-9.7531e+92	  0.0015665	 0.00013769	     0.0000	     0.0000	 0.00069527	     0.0000	
13	20	 2.3671e-12	 1.7456e-11	     165.04	   0.068678	-9.7531e+92	-9.7531e+92	  0.0049000	 0.00013238	     0.0000	     0.0000	 0.00071277	     0.0000	
13	21	    0.33738	     2.4880	     76.619	     1.0932	-9.7531e+92	-9.7531e+92	    0.72091	    0.53846	    0.22044	     0.0000	     3.9595	     0.0000	
13	22	 2.5405e-14	 1.8735e-13	     260.15	   0.011286	-9.7531e+92	-9.7531e+92	 0.00039524	 0.00014063	     0.0000	     0.0000	 0.00068340	     0.0000	
13	23	 0.00010630	 0.00078387	     113.01	    0.29441	-9.7531e+92	-9.7531e+92	   0.031699	 0.00032139	     0.0000	     0.0000	  0.0020145	     0.0000	
13	24	 2.1291e-12	 1.5701e-11	     142.21	    0.12286	-9.7531e+92	-9.7531e+92	 0.00092299	 0.00013140	     0.0000	     0.0000	 0.00073168	     0.0000	
14	0	   0.078662	    0.45188	     114.85	    0.27729	-9.7531e+92	-9.7531e+92	    0.32097	    0.12220	     0.0000	     0.0000	    0.83670	     0.0000	
14	1	   0.080524	    0.46258	     88.839	    0.68891	-9.7531e+92	-9.7531e+92	    0.21756	    0.12008	     0.0000	     0.0000	    0.73776	     0.0000	
14	2	   0.035109	    0.20169	     97.273	    0.50580	-9.7531e+92	-9.7531e+92	   0.095925	   0.053758	     0.0000	     0.0000	    0.36738	     0.0000	
14	3	 0.00041774	  0.0023998	     161.01	   0.075671	-9.7531e+92	-9.7531e+92	   0.046461	 0.00075740	     0.0000	     0.0000	  0.0053995	     0.0000	
14	4	 8.2823e-06	 4.7578e-05	     184.55	   0.044193	-9.7531e+92	-9.7531e+92	   0.017956	 0.00013348	     0.0000	     0.0000	 0.00087862	     0.0000	
14	5	  0.0022650	   0.013011	     108.09	    0.34690	-9.7531e+92	-9.7531e+92	   0.072891	  0.0042684	     0.0000	     0.0000	   0.027144	     0.0000	
14	6	    0.10647	    0.61161	     41.508	     3.2546	-9.7531e+92	-9.7531e+92	    0.21067	    0.18914	     0.0000	     0.0000	     1.2641	     0.0000	
14	7	    0.11227	    0.64492	     65.464	     1.6549	-9.7531e+92	-9.7531e+92	    0.26931	    0.19106	     0.0000	     0.0000	     1.3307	     0.0000	
14	8	 1.2317e-13	 7.0754e-13	     146.54	    0.10935	-9.7531e+92	-9.7531e+92	  0.0099881	 0.00013453	     0.0000	     0.0000	 0.00073557	     0.0000	
14	9	    0.11823	    0.67916	     38.749	     3.4073	-9.7531e+92	-9.7531e+92	    0.33355	    0.19648	     0.0000	     0.0000	     1.3817	     0.0000	
14	10	 3.0643e-13	 1.7603e-12	     190.48	   0.038997	-9.7531e+92	-9.7531e+92	 0.00070476	 0.00014385	     0.0000	     0.0000	 0.00070123	     0.0000	
14	11	 9.3795e-13	 5.3882e-12	     157.91	   0.081669	-9.7531e+92	-9.7531e+92	 0.00084387	 0.00014133	     0.0000	     0.0000	 0.00071698	     0.0000	
14	12	 1.0160e-12	 5.8367e-12	     188.63	   0.040536	-9.7531e+92	-9.7531e+92	 0.00065352	 0.00014406	     0.0000	     0.0000	 0.00070095	     0.0000	
14	13	   0.097507	    0.56014	     32.765	     3.6733	-9.7531e+92	-9.7531e+92	    0.29752	    0.15203	     0.0000	     0.0000	    0.99376	     0.0000	
14	14	     0.0000	     0.0000	     0.0000	     4.0000	-9.7531e+92	-9.7531e+92	     3.0251	     0.0000	     2.5182	     0.0000	     0.0000	     0.0000	
14	15	    0.13278	    0.76278	     78.991	    0.99899	-9.7531e+92	-9.7531e+92	    0.21700	    0.20925	   0.078161	     0.0000	     1.6020	     0.0000	
14	16	 1.7516e-14	 1.0062e-13	     121.20	    0.22662	-9.7531e+92	-9.7531e+92	 0.00019144	 0.00013181	     0.0000	     0.0000	 0.00080917	     0.0000	
14	17	 2.9054e-13	 1.6690e-12	     254.84	   0.012253	-9.7531e+92	-9.7531e+92	 0.00086195	 0.00013743	     0.0000	     0.0000	 0.00071776	     0.0000	
14	18	    0.23128	     1.3286	     78.249	     1.0276	-9.7531e+92	-9.7531e+92	    0.45750	    0.38520	     0.0000	     0.0000	     2.5928	     0.0000	
14	19	 8.8293e-13	 5.0721e-12	     166.55	   0.066257	-9.7531e+92	-9.7531e+92	  0.0019245	 0.00013915	     0.0000	     0.0000	 0.00072237	     0.0000	
14	20	 3.6196e-13	 2.0793e-12	     147.73	    0.10597	-9.7531e+92	-9.7531e+92	  0.0062971	 0.00013487	     0.0000	     0.0000	 0.00073481	     0.0000	
14	21	  0.0044081	   0.025323	     101.18	    0.44014	-9.7531e+92	-9.7531e+92	    0.10408	  0.0080537	     0.0000	     0.0000	   0.051988	     0.0000	
14	22	 2.6808e-13	 1.5400e-12	     227.39	   0.019298	-9.7531e+92	-9.7531e+92	 0.00076237	 0.00013956	     0.0000	     0.0000	 0.00071654	     0.0000	
14	23	 8.3459e-05	 0.00047944	     114.84	    0.27739	-9.7531e+92	-9.7531e+92	   0.034843	 0.00030065	     0.0000	     0.0000	  0.0016805	     0.0000	
14	24	 9.0499e-13	 5.1988e-12	     150.00	   0.099849	-9.7531e+92	-9.7531e+92	 0.00046613	 0.00013696	     0.0000	     0.0000	 0.00073887	     0.0000	
15	0	 0.00069799	  0.0012755	     189.51	   0.039789	-9.7531e+92	-9.7531e+92	   0.036922	 0.00097119	     0.0000	   -0.20101	  0.0095730	    -1.3192	
15	1	  0.0018599	  0.0033988	     167.83	   0.064291	-9.7531e+92	-9.7531e+92	   0.022039	  0.0024925	     0.0000	 -0.0043127	   0.023750	   -0.73021	
15	2	    0.25057	    0.45788	     21.827	     3.9312	-9.7531e+92	-9.7531e+92	    0.14975	    0.15822	    0.10412	    0.45753	     1.9560	     1.4943	
15	3	    0.14839	    0.27116	     84.108	    0.82281	-9.7531e+92	-9.7531e+92	    0.12170	   0.070590	   0.081140	    0.24872	    0.61723	    0.42318	
15	4	   0.052385	   0.095729	     106.18	    0.37015	-9.7531e+92	-9.7531e+92	   0.052539	   0.039608	   0.030575	    0.21178	    0.53987	    0.34319	
15	5	  0.0051747	  0.0094562	     104.94	    0.38615	-9.7531e+92	-9.7531e+92	   0.012776	  0.0066666	     0.0000	   -0.13904	   0.054928	   -0.28801	
15	6	   0.030934	   0.056528	     96.746	    0.51548	-9.7531e+92	-9.7531e+92	   0.031267	   0.041091	     0.0000	  -0.016595	    0.32425	   -0.11186	
15	7	 0.00025649	 0.00046871	     131.62	    0.16559	-9.7531e+92	-9.7531e+92	   0.027491	 0.00042709	     0.0000	   -0.23726	  0.0033735	   -0.70889	
15	8	 7.8602e-13	 1.4364e-12	     159.01	   0.079481	-9.7531e+92	-9.7531e+92	  0.0017055	 8.9422e-05	     0.0000	  -0.080123	 0.00067784	   -0.10428	
15	9	  0.0045603	  0.0083335	     117.55	    0.25424	-9.7531e+92	-9.7531e+92	   0.036140	  0.0059297	     0.0000	     0.0000	   0.048892	    -1.0652	
15	10	 3.2305e-12	 5.9033e-12	     197.67	   0.033672	-9.7531e+92	-9.7531e+92	 0.00015469	 9.2741e-05	     0.0000	  -0.014862	 0.00066357	  -0.011902	
15	11	 9.7778e-14	 1.7868e-13	     182.32	   0.046370	-9.7531e+92	-9.7531e+92	 0.00016975	 9.3316e-05	     0.0000	 -0.0089528	 0.00066442	  -0.011278	
15	12	 1.5615e-12	 2.8535e-12	     166.81	   0.065853	-9.7531e+92	-9.7531e+92	 0.00015958	 9.2397e-05	     0.0000	  -0.015277	 0.00066589	  -0.011806	
15	13	    0.23113	    0.42236	     111.52	    0.30921	-9.7531e+92	-9.7531e+92	    0.13849	    0.29688	     0.0000	    0.14094	     2.8408	     1.2571	
15	14	    0.22526	    0.41164	     78.991	    0.99899	-9.7531e+92	-9.7531e+92	    0.14112	    0.23430	     0.0000	     0.0000	     2.0527	     1.1398	
15	15	     0.0000	     0.0000	     0.0000	     4.0000	-9.7531e+92	-9.7531e+92	    0.95611	     0.0000	    0.91194	     0.0000	     0.0000	     0.0000	
15	16	 2.4703e-13	 4.5142e-13	     65.362	     1.6609	-9.7531e+92	-9.7531e+92	 6.0899e-05	 8.5347e-05	     0.0000	 1.8964e-08	 0.00072012	 3.6868e-08	
15	17	 6.8489e-13	 1.2516e-12	     175.81	   0.053534	-9.7531e+92	-9.7531e+92	  0.0019936	 6.8393e-05	 0.00024223	 -0.0079441	 0.00078076	 -0.0080490	
15	18	   0.048741	   0.089069	     116.73	    0.26100	-9.7531e+92	-9.7531e+92	   0.059489	   0.063010	     0.0000	  -0.067881	    0.53431	   -0.50671	
15	19	 5.4471e-06	 9.9540e-06	     131.26	    0.16732	-9.7531e+92	-9.7531e+92	 0.00049935	 9.5584e-05	     0.0000	  -0.028759	 0.00074060	  -0.027619	
15	20	 4.5570e-05	 8.3274e-05	     124.66	    0.20372	-9.7531e+92	-9.7531e+92	  0.0012100	 0.00014984	     0.0000	  -0.059965	  0.0011421	  -0.072754	
15	21	 4.6178e-13	 8.4386e-13	     175.65	   0.053734	-9.7531e+92	-9.7531e+92	   0.028907	 8.8836e-05	     0.0000	-0.00017526	 0.00069512	   -0.58347	
15	22	 2.9459e-13	 5.3834e-13	     163.21	   0.071746	-9.7531e+92	-9.7531e+92	  0.0017065	 7.3838e-05	 0.00014514	 -0.0074906	 0.00075042	 -0.0068011	
15	23	 4.4736e-13	 8.1750e-13	     149.47	    0.10124	-9.7531e+92	-9.7531e+92	  0.0047045	 9.2310e-05	     0.0000	  -0.018744	 0.00067147	   -0.15005	
15	24	 1.3035e-12	 2.3820e-12	     189.75	   0.039594	-9.7531e+92	-9.7531e+92	 0.00010859	 9.4190e-05	     0.0000	-0.00045501	 0.00066449	 -0.0025051	
16	0	   0.068338	     0.0000	     217.18	   0.023165	-9.7531e+92	-9.7531e+92	     0.0000	 0.00010185	     0.0000	     0.0000	-2.0121e-10	     0.0000	
16	1	   0.069414	     0.0000	     207.46	   0.027791	-9.7531e+92	-9.7531e+92	     0.0000	 0.00010617	     0.0000	     0.0000	-1.9229e-10	     0.0000	
16	2	    0.13206	     0.0000	     68.097	     1.5042	-9.7531e+92	-9.7531e+92	     0.0000	 0.00020395	     0.0000	     0.0000	-4.0073e-10	     0.0000	
16	3	   0.034943	     0.0000	     111.94	    0.30495	-9.7531e+92	-9.7531e+92	     0.0000	 5.2025e-05	     0.0000	     0.0000	-1.0397e-10	     0.0000	
16	4	   0.052278	     0.0000	     75.439	     1.1432	-9.7531e+92	-9.7531e+92	     0.0000	 8.3687e-05	     0.0000	     0.0000	-1.6584e-10	     0.0000	
16	5	   0.010385	     0.0000	     71.546	     1.3237	-9.7531e+92	-9.7531e+92	     0.0000	 1.7881e-05	     0.0000	     0.0000	-3.3908e-11	     0.0000	
16	6	   0.013204	     0.0000	     111.89	    0.30549	-9.7531e+92	-9.7531e+92	     0.0000	 2.3001e-05	     0.0000	     0.0000	-4.3020e-11	     0.0000	
16	7	   0.027034	     0.0000	     137.28	    0.14083	-9.7531e+92	-9.7531e+92	     0.0000	 4.5075e-05	     0.0000	     0.0000	-8.7452e-11	     0.0000	
16	8	  0.0094402	     0.0000	     112.87	    0.29583	-9.7531e+92	-9.7531e+92	     0.0000	 1.6910e-05	     0.0000	     0.0000	-3.1411e-11	     0.0000	
16	9	   0.028776	     0.0000	     159.83	   0.077890	-9.7531e+92	-9.7531e+92	     0.0000	 4.7043e-05	     0.0000	     0.0000	-9.2487e-11	     0.0000	
16	10	   0.026356	     0.0000	     147.94	    0.10538	-9.7531e+92	-9.7531e+92	     0.0000	 4.9389e-05	     0.0000	     0.0000	-8.8217e-11	     0.0000	
16	11	   0.058138	     0.0000	     142.85	    0.12075	-9.7531e+92	-9.7531e+92	     0.0000	 0.00010850	     0.0000	     0.0000	-1.9468e-10	     0.0000	
16	12	   0.053651	     0.0000	     115.95	    0.26758	-9.7531e+92	-9.7531e+92	     0.0000	 0.00010041	     0.0000	     0.0000	-1.7975e-10	     0.0000	
16	13	   0.064843	     0.0000	     153.85	   0.090443	-9.7531e+92	-9.7531e+92	     0.0000	 9.8884e-05	     0.0000	     0.0000	-1.8229e-10	     0.0000	
16	14	    0.10839	     0.0000	     121.20	    0.22662	-9.7531e+92	-9.7531e+92	     0.0000	 0.00017100	     0.0000	     0.0000	-3.1416e-10	     0.0000	
16	15	   0.018755	     0.0000	     65.362	     1.6609	-9.7531e+92	-9.7531e+92	     0.0000	 3.1621e-05	     0.0000	     0.0000	-6.0534e-11	     0.0000	
16	16	     0.0000	     0.0000	     0.0000	     4.0000	-9.7531e+92	-9.7531e+92	     0.0000	     0.0000	     0.0000	     0.0000	     0.0000	     0.0000	
16	17	    0.11297	     0.0000	     148.25	    0.10451	-9.7531e+92	-9.7531e+92	     0.0000	 0.00020501	     0.0000	     0.0000	 3.2729e-11	     0.0000	
16	18	  0.0052694	     0.0000	     110.59	    0.31898	-9.7531e+92	-9.7531e+92	     0.0000	 8.7327e-06	     0.0000	     0.0000	-1.6575e-11	     0.0000	
16	19	   0.011055	     0.0000	     73.024	     1.2523	-9.7531e+92	-9.7531e+92	     0.0000	 2.0237e-05	     0.0000	     0.0000	-3.6786e-11	     0.0000	
16	20	   0.010787	     0.0000	     74.477	     1.1855	-9.7531e+92	-9.7531e+92	     0.0000	 1.9355e-05	     0.0000	     0.0000	-3.5906e-11	     0.0000	
16	21	  0.0023156	     0.0000	     180.81	   0.047925	-9.7531e+92	-9.7531e+92	     0.0000	 4.0300e-06	     0.0000	     0.0000	-7.6751e-12	     0.0000	
16	22	   0.023459	     0.0000	     106.73	    0.36321	-9.7531e+92	-9.7531e+92	     0.0000	 4.2893e-05	     0.0000	     0.0000	-7.5601e-11	     0.0000	
16	23	   0.045654	     0.0000	     136.77	    0.14287	-9.7531e+92	-9.7531e+92	     0.0000	 8.2656e-05	     0.0000	     0.0000	-1.5172e-10	     0.0000	
16	24	  0.0034455	     0.0000	     177.80	   0.051213	-9.7531e+92	-9.7531e+92	     0.0000	 6.4892e-06	     0.0000	     0.0000	-1.1690e-11	     0.0000	
17	0	 7.4382e-10	 3.1134e-10	     353.56	  0.0033150	-9.7531e+92	-9.7531e+92	  0.0014112	 5.8490e-06	     0.0000	  -0.018884	-8.2193e-05	    0.16873	
17	1	 4.9577e-10	 2.0751e-10	     342.57	  0.0037606	-9.7531e+92	-9.7531e+92	 0.00095537	 6.0104e-06	     0.0000	-0.00041308	-8.3311e-05	   0.096817	
17	2	   0.083000	   0.034741	     160.64	   0.076357	-9.7531e+92	-9.7531e+92	   0.032268	  0.0055049	   0.021818	   0.031724	   -0.12739	  -0.086071	
17	3	    0.38208	    0.15992	     122.41	    0.21829	-9.7531e+92	-9.7531e+92	   0.063017	   0.019614	   0.053726	    0.16543	   -0.63380	   -0.57275	
17	4	    0.47779	    0.19998	     73.525	     1.2289	-9.7531e+92	-9.7531e+92	   0.065624	   0.012353	   0.060593	   0.090048	   -0.82611	   -0.79385	
17	5	 2.3028e-10	 9.6385e-11	     219.60	   0.022168	-9.7531e+92	-9.7531e+92	 0.00079689	 5.8593e-06	     0.0000	  -0.015000	-0.00010927	   0.062444	
17	6	 2.6850e-09	 1.1238e-09	     251.72	   0.012870	-9.7531e+92	-9.7531e+92	  0.0010713	 6.0921e-06	     0.0000	 -0.0052369	-0.00010929	   0.070850	
17	7	 1.2409e-09	 5.1938e-10	     281.54	  0.0082346	-9.7531e+92	-9.7531e+92	  0.0010825	 6.0587e-06	     0.0000	  -0.022243	-0.00010927	    0.13333	
17	8	 1.2783e-09	 5.3506e-10	     258.50	   0.011577	-9.7531e+92	-9.7531e+92	 0.00015587	 6.0189e-06	     0.0000	 -0.0074884	-0.00011225	   0.020365	
17	9	 1.0527e-09	 4.4063e-10	     293.28	  0.0069951	-9.7531e+92	-9.7531e+92	  0.0013952	 5.8936e-06	     0.0000	     0.0000	-0.00010761	    0.20251	
17	10	 2.0192e-10	 8.4515e-11	     270.72	  0.0096279	-9.7531e+92	-9.7531e+92	 2.7225e-05	 6.1960e-06	     0.0000	 -0.0013890	-0.00011435	  0.0023925	
17	11	 1.8375e-09	 7.6912e-10	     290.18	  0.0072979	-9.7531e+92	-9.7531e+92	 2.4130e-05	 6.2572e-06	     0.0000	-0.00083673	-0.00011436	  0.0022645	
17	12	 3.3731e-10	 1.4118e-10	     225.22	   0.020047	-9.7531e+92	-9.7531e+92	 6.1795e-05	 6.1732e-06	     0.0000	 -0.0014278	-0.00011406	  0.0023707	
17	13	 1.8495e-09	 7.7412e-10	     287.27	  0.0075975	-9.7531e+92	-9.7531e+92	  0.0042993	 5.9387e-06	     0.0000	  -0.010336	-8.4272e-05	    0.12946	
17	14	 2.5749e-09	 1.0777e-09	     254.84	   0.012253	-9.7531e+92	-9.7531e+92	  0.0067454	 5.8919e-06	     0.0000	 -0.0040768	-9.1814e-05	    0.12095	
17	15	 9.3748e-10	 3.9239e-10	     175.81	   0.053534	-9.7531e+92	-9.7531e+92	   0.015619	 5.4283e-06	  0.0055035	 -0.0077321	-0.00010715	   0.038541	
17	16	 2.7847e-10	 1.1656e-10	     148.25	    0.10451	-9.7531e+92	-9.7531e+92	 1.3949e-05	 5.5801e-06	     0.0000	 1.3918e-09	 3.3295e-06	 1.4357e-10	
17	17	     0.0000	     0.0000	     0.0000	     4.0000	-9.7531e+92	-9.7531e+92	    0.21171	     0.0000	    0.21131	     0.0000	     0.0000	     0.0000	
17	18	 4.3201e-10	 1.8082e-10	     258.46	   0.011584	-9.7531e+92	-9.7531e+92	  0.0022563	 5.9392e-06	     0.0000	  -0.011778	-0.00010231	    0.16032	
17	19	 1.4060e-09	 5.8849e-10	     187.53	   0.041480	-9.7531e+92	-9.7531e+92	 0.00047833	 5.9105e-06	     0.0000	 -0.0026612	-0.00011131	  0.0054563	
17	20	 1.6744e-10	 7.0085e-11	     207.02	   0.028026	-9.7531e+92	-9.7531e+92	 0.00029687	 5.9970e-06	     0.0000	 -0.0056340	-0.00011230	   0.014330	
17	21	 2.3044e-10	 9.6454e-11	     326.31	  0.0045671	-9.7531e+92	-9.7531e+92	 0.00096402	 6.0527e-06	     0.0000	-1.6380e-05	-0.00010936	    0.10952	
17	22	   0.057133	   0.023914	     106.10	    0.37108	-9.7531e+92	-9.7531e+92	  0.0080348	  0.0035183	  0.0076772	   0.032614	  -0.076523	  -0.075968	
17	23	 4.3775e-10	 1.8322e-10	     284.58	  0.0078888	-9.7531e+92	-9.7531e+92	 0.00019812	 6.2302e-06	     0.0000	 -0.0017518	-0.00011341	   0.029743	
17	24	 1.4631e-10	 6.1241e-11	     325.25	  0.0046269	-9.7531e+92	-9.7531e+92	 1.5955e-05	 6.3448e-06	     0.0000	-4.2525e-05	-0.00011451	 0.00050377	
18	0	    0.17960	    0.57686	     116.29	    0.26473	-9.7531e+92	-9.7531e+92	    0.25152	    0.31699	     0.0000	     0.0000	    -1.0192	     0.0000	
18	1	   0.058464	    0.18778	     111.77	    0.30668	-9.7531e+92	-9.7531e+92	   0.099183	   0.097660	     0.0000	     0.0000	   -0.45062	     0.0000	
18	2	  0.0025807	  0.0082890	     137.27	    0.14087	-9.7531e+92	-9.7531e+92	   0.015500	  0.0054723	     0.0000	     0.0000	  -0.015115	     0.0000	
18	3	 3.9757e-06	 1.2770e-05	     199.21	   0.032649	-9.7531e+92	-9.7531e+92	  0.0058809	 0.00014601	     0.0000	     0.0000	-0.00030619	     0.0000	
18	4	 1.5798e-07	 5.0741e-07	     186.18	   0.042684	-9.7531e+92	-9.7531e+92	  0.0022853	 0.00014768	     0.0000	     0.0000	-0.00046550	     0.0000	
18	5	    0.16192	    0.52008	     53.346	     2.4617	-9.7531e+92	-9.7531e+92	    0.16321	    0.30061	   0.038886	     0.0000	    -1.1574	     0.0000	
18	6	   0.069018	    0.22168	     36.723	     3.5078	-9.7531e+92	-9.7531e+92	    0.10187	    0.12995	     0.0000	     0.0000	   -0.49747	     0.0000	
18	7	   0.097958	    0.31464	     38.248	     3.4331	-9.7531e+92	-9.7531e+92	    0.15149	    0.20116	     0.0000	     0.0000	   -0.78098	     0.0000	
18	8	  0.0016245	  0.0052178	     75.421	     1.1439	-9.7531e+92	-9.7531e+92	   0.025206	  0.0030597	     0.0000	     0.0000	  -0.010042	     0.0000	
18	9	  0.0073598	   0.023639	     96.665	    0.51699	-9.7531e+92	-9.7531e+92	    0.11963	   0.012392	     0.0000	     0.0000	  -0.053376	     0.0000	
18	10	 5.0105e-09	 1.6093e-08	     118.82	    0.24422	-9.7531e+92	-9.7531e+92	  0.0013366	 0.00014512	     0.0000	     0.0000	-0.00050859	     0.0000	
18	11	 3.8331e-05	 0.00012312	     81.269	    0.91620	-9.7531e+92	-9.7531e+92	  0.0018830	 0.00019939	     0.0000	     0.0000	-0.00053812	     0.0000	
18	12	 2.8500e-16	 9.1539e-16	     120.73	    0.22996	-9.7531e+92	-9.7531e+92	  0.0010960	 0.00014821	     0.0000	     0.0000	-0.00053464	     0.0000	
18	13	    0.12492	    0.40124	     87.611	    0.72124	-9.7531e+92	-9.7531e+92	    0.17054	    0.21374	     0.0000	     0.0000	   -0.89626	     0.0000	
18	14	    0.12490	    0.40118	     78.249	     1.0276	-9.7531e+92	-9.7531e+92	    0.16356	    0.19268	     0.0000	     0.0000	    -1.2094	     0.0000	
18	15	 0.00017229	 0.00055340	     116.73	    0.26100	-9.7531e+92	-9.7531e+92	   0.013808	 0.00049240	     0.0000	     0.0000	 -0.0018480	     0.0000	
18	16	 1.5318e-16	 4.9201e-16	     110.59	    0.31898	-9.7531e+92	-9.7531e+92	 0.00010704	 0.00015451	     0.0000	     0.0000	-0.00060712	     0.0000	
18	17	 2.7741e-16	 8.9101e-16	     258.46	   0.011584	-9.7531e+92	-9.7531e+92	 0.00019722	 0.00016351	     0.0000	     0.0000	-0.00064626	     0.0000	
18	18	     0.0000	     0.0000	     0.0000	     4.0000	-9.7531e+92	-9.7531e+92	     1.7031	     0.0000	     1.3642	     0.0000	     0.0000	     0.0000	
18	19	 3.4425e-06	 1.1057e-05	     118.15	    0.24945	-9.7531e+92	-9.7531e+92	  0.0038127	 0.00015083	     0.0000	     0.0000	-0.00054757	     0.0000	
18	20	 0.00032364	  0.0010395	     90.275	    0.65310	-9.7531e+92	-9.7531e+92	   0.013831	 0.00072264	     0.0000	     0.0000	 -0.0023848	     0.0000	
18	21	   0.029669	   0.095295	     79.511	    0.97945	-9.7531e+92	-9.7531e+92	   0.077732	   0.053814	     0.0000	     0.0000	   -0.21073	     0.0000	
18	22	 2.1797e-15	 7.0011e-15	     205.13	   0.029065	-9.7531e+92	-9.7531e+92	 0.00018589	 0.00016284	     0.0000	     0.0000	-0.00062655	     0.0000	
18	23	    0.14126	    0.45373	     36.898	     3.4995	-9.7531e+92	-9.7531e+92	    0.12377	    0.26186	   0.066356	     0.0000	   -0.79651	     0.0000	
18	24	 0.00017709	 0.00056880	     74.739	     1.1738	-9.7531e+92	-9.7531e+92	 0.00086838	 0.00046646	     0.0000	     0.0000	 -0.0013082	     0.0000	
19	0	 1.6461e-05	 1.2170e-05	     234.49	   0.017074	-9.7531e+92	-9.7531e+92	  0.0072630	 1.1259e-05	     0.0000	  -0.026666	-0.00065793	    0.93540	
19	1	 3.7440e-05	 2.7680e-05	     226.57	   0.019575	-9.7531e+92	-9.7531e+92	  0.0034771	 1.4435e-05	     0.0000	-0.00058310	-0.00083004	    0.53378	
19	2	   0.050155	   0.037080	     139.30	    0.13308	-9.7531e+92	-9.7531e+92	   0.016788	  0.0066894	     0.0000	   0.027828	   -0.43173	   -0.18893	
19	3	  0.0011071	 0.00081846	     184.07	   0.044655	-9.7531e+92	-9.7531e+92	  0.0075969	 0.00015042	     0.0000	  -0.026087	 -0.0098365	    0.15378	
19	4	   0.052210	   0.038599	     119.82	    0.23665	-9.7531e+92	-9.7531e+92	   0.012486	  0.0068070	  0.0036001	   0.058220	   -0.46918	   -0.31422	
19	5	    0.22229	    0.16434	     64.874	     1.6901	-9.7531e+92	-9.7531e+92	   0.066213	   0.025277	   0.037597	   0.069737	    -1.9992	    -1.4439	
19	6	 0.00097029	 0.00071734	     133.74	    0.15573	-9.7531e+92	-9.7531e+92	   0.011258	 0.00014107	     0.0000	 -0.0064099	 -0.0095495	    0.34575	
19	7	 5.8571e-05	 4.3302e-05	     154.38	   0.089237	-9.7531e+92	-9.7531e+92	  0.0061915	 1.7636e-05	     0.0000	  -0.031392	 -0.0011581	    0.66494	
19	8	   0.049375	   0.036503	     80.536	    0.94205	-9.7531e+92	-9.7531e+92	   0.029650	  0.0060091	   0.020505	   0.024825	   -0.44803	   -0.29511	
19	9	 4.6000e-13	 3.4008e-13	     193.08	   0.036956	-9.7531e+92	-9.7531e+92	  0.0048167	 9.0872e-06	     0.0000	     0.0000	-0.00061135	     1.0161	
19	10	  0.0034353	  0.0025398	     85.643	    0.77653	-9.7531e+92	-9.7531e+92	  0.0039930	 0.00040430	  0.0028936	  0.0019825	  -0.028556	  -0.014247	
19	11	 4.2528e-05	 3.1441e-05	     108.78	    0.33886	-9.7531e+92	-9.7531e+92	  0.0016631	 1.4781e-05	 0.00061918	 -0.0010261	 -0.0010094	   0.010649	
19	12	    0.15229	    0.11259	     44.530	     3.0689	-9.7531e+92	-9.7531e+92	   0.031990	   0.013113	   0.030899	   0.093045	   -0.90179	   -0.73074	
19	13	  0.0034119	  0.0025224	     184.51	   0.044238	-9.7531e+92	-9.7531e+92	  0.0083934	 0.00047682	     0.0000	  -0.014107	  -0.027864	    0.68712	
19	14	  0.0061732	  0.0045638	     166.55	   0.066257	-9.7531e+92	-9.7531e+92	   0.010519	 0.00085533	     0.0000	 -0.0053715	  -0.052206	    0.59908	
19	15	  0.0038219	  0.0028255	     131.26	    0.16732	-9.7531e+92	-9.7531e+92	  0.0046313	 0.00054202	     0.0000	  -0.011554	  -0.035736	    0.16262	
19	16	 6.3097e-13	 4.6648e-13	     73.024	     1.2523	-9.7531e+92	-9.7531e+92	 2.4638e-05	 9.5447e-06	     0.0000	 2.6745e-09	-0.00061536	-3.6308e-08	
19	17	 1.8117e-12	 1.3394e-12	     187.53	   0.041480	-9.7531e+92	-9.7531e+92	 0.00048497	 9.5754e-06	     0.0000	 -0.0015226	-0.00063060	  0.0073766	
19	18	   0.042261	   0.031244	     118.15	    0.24945	-9.7531e+92	-9.7531e+92	   0.032132	  0.0056196	     0.0000	 -0.0095606	   -0.37724	    0.49132	
19	19	     0.0000	     0.0000	     0.0000	     4.0000	-9.7531e+92	-9.7531e+92	    0.38306	     0.0000	    0.38059	     0.0000	     0.0000	     0.0000	
19	20	    0.41078	    0.30369	     28.400	     3.8088	-9.7531e+92	-9.7531e+92	   0.088874	   0.033430	   0.082436	    0.14145	    -2.9857	    -2.4823	
19	21	 2.7588e-12	 2.0396e-12	     197.71	   0.033641	-9.7531e+92	-9.7531e+92	  0.0027328	 9.3366e-06	     0.0000	-2.3133e-05	-0.00061705	    0.54646	
19	22	  0.0015192	  0.0011231	     93.933	    0.57085	-9.7531e+92	-9.7531e+92	 0.00070657	 0.00019478	 7.4894e-05	 0.00097567	  -0.013240	 -0.0053042	
19	23	 5.3078e-05	 3.9241e-05	     121.29	    0.22600	-9.7531e+92	-9.7531e+92	  0.0042113	 1.6919e-05	     0.0000	 -0.0023737	 -0.0011257	    0.14612	
19	24	 1.4711e-12	 1.0876e-12	     150.08	   0.099629	-9.7531e+92	-9.7531e+92	 7.2587e-05	 9.7398e-06	     0.0000	-5.9712e-05	-0.00063262	  0.0024744	
20	0	 2.9782e-05	 2.5435e-05	     206.61	   0.028245	-9.7531e+92	-9.7531e+92	   0.014373	 2.7754e-05	     0.0000	  -0.053270	 -0.0013681	     1.5593	
20	1	 2.1273e-05	 1.8168e-05	     199.20	   0.032652	-9.7531e+92	-9.7531e+92	  0.0063802	 2.5835e-05	     0.0000	 -0.0011652	 -0.0012586	    0.89042	
20	2	  0.0080369	  0.0068638	     139.77	    0.13137	-9.7531e+92	-9.7531e+92	  0.0077173	  0.0023211	     0.0000	  -0.037293	   -0.12529	    0.21214	
20	3	 1.0397e-05	 8.8798e-06	     185.64	   0.043179	-9.7531e+92	-9.7531e+92	  0.0028442	 2.1418e-05	     0.0000	  -0.054883	 -0.0011597	    0.27054	
20	4	  0.0012655	  0.0010808	     135.08	    0.14987	-9.7531e+92	-9.7531e+92	  0.0024439	 0.00038124	     0.0000	  -0.031116	  -0.021539	    0.14031	
20	5	    0.24720	    0.21112	     39.691	     3.3571	-9.7531e+92	-9.7531e+92	   0.082606	   0.051230	   0.049549	    0.10741	    -3.9015	    -2.6671	
20	6	  0.0085194	  0.0072759	     111.59	    0.30852	-9.7531e+92	-9.7531e+92	   0.016843	  0.0024121	     0.0000	 -0.0091832	   -0.14226	    0.47896	
20	7	 0.00038535	 0.00032911	     126.68	    0.19164	-9.7531e+92	-9.7531e+92	   0.010963	 0.00013560	     0.0000	  -0.062469	 -0.0075436	     1.1130	
20	8	    0.22344	    0.19083	     51.987	     2.5582	-9.7531e+92	-9.7531e+92	   0.061614	   0.049257	   0.051049	    0.20208	    -3.4261	    -2.6217	
20	9	 3.6182e-08	 3.0901e-08	     174.09	   0.055651	-9.7531e+92	-9.7531e+92	  0.0085325	 1.9282e-05	     0.0000	     0.0000	 -0.0011039	     1.7067	
20	10	  0.0019318	  0.0016498	     74.457	     1.1864	-9.7531e+92	-9.7531e+92	  0.0041632	 0.00046187	  0.0028932	 0.00090322	  -0.028962	 -0.0059228	
20	11	  0.0033708	  0.0028788	     83.734	    0.83452	-9.7531e+92	-9.7531e+92	  0.0033177	 0.00093509	  0.0021117	  0.0028405	  -0.055564	  -0.026922	
20	12	   0.051415	   0.043910	     45.010	     3.0379	-9.7531e+92	-9.7531e+92	   0.015885	  0.0099838	   0.014626	   0.065968	   -0.65680	   -0.49511	
20	13	   0.014147	   0.012082	     165.04	   0.068678	-9.7531e+92	-9.7531e+92	   0.014802	  0.0041305	     0.0000	  -0.025104	   -0.20436	     1.0210	
20	14	   0.010357	  0.0088449	     147.73	    0.10597	-9.7531e+92	-9.7531e+92	   0.015379	  0.0030161	     0.0000	  -0.010185	   -0.15699	    0.95070	
20	15	  0.0013620	  0.0011632	     124.66	    0.20372	-9.7531e+92	-9.7531e+92	  0.0027100	 0.00042552	     0.0000	  -0.025879	  -0.023705	    0.30628	
20	16	 4.1688e-15	 3.5603e-15	     74.477	     1.1855	-9.7531e+92	-9.7531e+92	 2.8461e-05	 2.0394e-05	     0.0000	 5.5050e-09	 -0.0011260	-6.2421e-08	
20	17	 1.6569e-15	 1.4151e-15	     207.02	   0.028026	-9.7531e+92	-9.7531e+92	 0.00011991	 2.0808e-05	     0.0000	 -0.0030575	 -0.0011452	   0.012411	
20	18	    0.23695	    0.20236	     90.275	    0.65310	-9.7531e+92	-9.7531e+92	   0.075338	   0.065017	     0.0000	   0.037809	    -3.8158	    -1.7072	
20	19	    0.19111	    0.16322	     28.400	     3.8088	-9.7531e+92	-9.7531e+92	   0.046005	   0.028455	   0.043149	    0.10905	    -2.2869	    -1.7038	
20	20	     0.0000	     0.0000	     0.0000	     4.0000	-9.7531e+92	-9.7531e+92	    0.44781	     0.0000	    0.44038	     0.0000	     0.0000	     0.0000	
20	21	 1.9910e-15	 1.7004e-15	     169.84	   0.061351	-9.7531e+92	-9.7531e+92	  0.0051593	 1.9826e-05	     0.0000	-4.6218e-05	 -0.0011140	    0.91831	
20	22	 9.1015e-07	 7.7730e-07	     116.48	    0.26308	-9.7531e+92	-9.7531e+92	 0.00014116	 1.9756e-05	     0.0000	 -0.0024183	 -0.0011181	   0.010755	
20	23	 0.00045045	 0.00038470	     93.058	    0.58941	-9.7531e+92	-9.7531e+92	  0.0086564	 0.00015209	     0.0000	 -0.0042469	 -0.0087141	    0.24031	
20	24	 1.8531e-14	 1.5826e-14	     121.85	    0.22210	-9.7531e+92	-9.7531e+92	 0.00012180	 2.0578e-05	     0.0000	-0.00011777	 -0.0011397	  0.0041633	
21	0	    0.16051	    0.25467	     39.458	     3.3697	-9.7531e+92	-9.7531e+92	    0.13517	    0.19945	     0.0000	   0.010179	     2.9112	   0.093516	
21	1	    0.15514	    0.24614	     57.297	     2.1839	-9.7531e+92	-9.7531e+92	   0.090367	    0.15766	     0.0000	     0.0000	     2.2395	    0.27550	
21	2	 0.00014165	 0.00022475	     197.19	   0.033993	-9.7531e+92	-9.7531e+92	  0.0034764	 0.00034047	     0.0000	  -0.056230	  0.0044251	  -0.089685	
21	3	 1.6705e-11	 2.6504e-11	     259.71	   0.011362	-9.7531e+92	-9.7531e+92	  0.0015066	 0.00010697	     0.0000	  -0.056439	  0.0014457	  -0.080897	
21	4	 1.0849e-11	 1.7213e-11	     253.96	   0.012424	-9.7531e+92	-9.7531e+92	 0.00062173	 0.00011366	     0.0000	  -0.035781	  0.0013882	  -0.042640	
21	5	 0.00089069	  0.0014132	     132.91	    0.15951	-9.7531e+92	-9.7531e+92	   0.014793	  0.0016053	     0.0000	  -0.042497	   0.019552	   -0.13311	
21	6	   0.035955	   0.057048	     78.899	     1.0025	-9.7531e+92	-9.7531e+92	   0.030447	   0.057743	     0.0000	 -0.0027626	    0.74338	  -0.028147	
21	7	    0.17492	    0.27754	     44.967	     3.0407	-9.7531e+92	-9.7531e+92	    0.10356	    0.26551	     0.0000	   0.071877	     3.6211	    0.32459	
21	8	 6.9071e-05	 0.00010959	     132.38	    0.16196	-9.7531e+92	-9.7531e+92	  0.0024855	 0.00023792	     0.0000	  -0.021594	  0.0027394	  -0.042884	
21	9	   0.042619	   0.067621	     83.320	    0.84769	-9.7531e+92	-9.7531e+92	   0.078273	   0.059912	     0.0000	     0.0000	    0.88583	   -0.29964	
21	10	 1.3966e-11	 2.2159e-11	     171.26	   0.059366	-9.7531e+92	-9.7531e+92	 0.00018286	 0.00012334	     0.0000	 -0.0040281	  0.0013274	 -0.0049563	
21	11	 3.9930e-12	 6.3353e-12	     128.65	    0.18069	-9.7531e+92	-9.7531e+92	 0.00024053	 0.00012151	     0.0000	 -0.0024265	  0.0013383	 -0.0046953	
21	12	 8.1669e-12	 1.2958e-11	     187.39	   0.041605	-9.7531e+92	-9.7531e+92	 0.00015680	 0.00012369	     0.0000	 -0.0041405	  0.0013266	 -0.0049153	
21	13	    0.16823	    0.26691	     76.619	     1.0932	-9.7531e+92	-9.7531e+92	    0.10456	    0.13810	     0.0000	     0.0000	     1.9134	   0.012888	
21	14	   0.054120	   0.085868	     101.18	    0.44014	-9.7531e+92	-9.7531e+92	   0.058850	   0.081785	     0.0000	 -0.0045926	     1.1211	   -0.12489	
21	15	 2.2080e-12	 3.5033e-12	     175.65	   0.053734	-9.7531e+92	-9.7531e+92	  0.0046774	 0.00010709	     0.0000	  -0.028188	  0.0013749	  -0.085173	
21	16	 2.7983e-12	 4.4399e-12	     180.81	   0.047925	-9.7531e+92	-9.7531e+92	 5.2875e-05	 0.00011897	     0.0000	 5.8457e-09	  0.0013485	 1.5452e-08	
21	17	 1.1067e-11	 1.7560e-11	     326.31	  0.0045671	-9.7531e+92	-9.7531e+92	 7.8797e-05	 0.00012489	     0.0000	 -0.0031442	  0.0013237	 -0.0031117	
21	18	    0.19493	    0.30928	     79.511	    0.97945	-9.7531e+92	-9.7531e+92	    0.11249	    0.29130	     0.0000	   0.028867	     4.0055	    0.31887	
21	19	 3.5073e-12	 5.5649e-12	     197.71	   0.033641	-9.7531e+92	-9.7531e+92	 0.00040837	 0.00012108	     0.0000	 -0.0078256	  0.0013360	  -0.011468	
21	20	 1.2032e-12	 1.9090e-12	     169.84	   0.061351	-9.7531e+92	-9.7531e+92	  0.0013300	 0.00011728	     0.0000	  -0.016338	  0.0013449	  -0.030271	
21	21	     0.0000	     0.0000	     0.0000	     4.0000	-9.7531e+92	-9.7531e+92	    0.82896	     0.0000	    0.72128	     0.0000	     0.0000	     0.0000	
21	22	 8.3835e-13	 1.3301e-12	     284.69	  0.0078758	-9.7531e+92	-9.7531e+92	 7.4845e-05	 0.00012520	     0.0000	 -0.0026104	  0.0013276	 -0.0027533	
21	23	   0.011101	   0.017614	     78.648	     1.0121	-9.7531e+92	-9.7531e+92	   0.013028	   0.018840	     0.0000	 -0.0019188	    0.22967	  -0.023522	
21	24	  0.0013778	  0.0021861	     85.071	    0.79345	-9.7531e+92	-9.7531e+92	 0.00069267	  0.0024157	 0.00011247	 0.00044396	   0.030702	  0.0037560	
22	0	 2.1938e-11	 1.3001e-11	     321.47	  0.0048482	-9.7531e+92	-9.7531e+92	  0.0020383	 5.2582e-06	     0.0000	  -0.016960	-4.6649e-05	   0.094178	
22	1	 1.5093e-12	 8.9450e-13	     312.59	  0.0054224	-9.7531e+92	-9.7531e+92	  0.0012806	 5.4035e-06	     0.0000	-0.00037100	-4.7526e-05	   0.054270	
22	2	   0.074880	   0.044377	     161.29	   0.075160	-9.7531e+92	-9.7531e+92	   0.043579	  0.0045392	   0.028782	   0.025208	  -0.070609	  -0.043874	
22	3	    0.11441	   0.067802	     164.94	   0.068842	-9.7531e+92	-9.7531e+92	   0.052666	  0.0054604	   0.039512	   0.040178	   -0.12061	  -0.090041	
22	4	    0.68477	    0.40582	     82.638	    0.86986	-9.7531e+92	-9.7531e+92	    0.11511	   0.017812	    0.10799	    0.14253	   -0.75546	   -0.71482	
22	5	  0.0067067	  0.0039747	     151.89	   0.095092	-9.7531e+92	-9.7531e+92	  0.0051570	 0.00053461	     0.0000	  -0.011137	 -0.0068777	   0.031223	
22	6	 9.3798e-12	 5.5589e-12	     216.08	   0.023641	-9.7531e+92	-9.7531e+92	  0.0019378	 5.4779e-06	     0.0000	 -0.0047034	-6.7829e-05	   0.042842	
22	7	 2.2429e-11	 1.3293e-11	     241.36	   0.015218	-9.7531e+92	-9.7531e+92	  0.0016043	 5.4473e-06	     0.0000	  -0.019977	-6.7823e-05	   0.080614	
22	8	 9.2236e-12	 5.4662e-12	     168.70	   0.062994	-9.7531e+92	-9.7531e+92	  0.0019027	 5.4115e-06	     0.0000	 -0.0067253	-7.0129e-05	   0.012394	
22	9	 3.2796e-11	 1.9436e-11	     266.14	   0.010307	-9.7531e+92	-9.7531e+92	  0.0018733	 5.2992e-06	     0.0000	     0.0000	-6.6518e-05	    0.12199	
22	10	 1.0479e-11	 6.2101e-12	     176.66	   0.052524	-9.7531e+92	-9.7531e+92	 0.00021783	 5.5699e-06	     0.0000	 -0.0012474	-7.1718e-05	  0.0014624	
22	11	 5.9180e-11	 3.5072e-11	     200.45	   0.031856	-9.7531e+92	-9.7531e+92	 0.00012499	 5.6258e-06	     0.0000	-0.00075148	-7.1782e-05	  0.0013839	
22	12	 3.3961e-11	 2.0127e-11	     131.16	    0.16782	-9.7531e+92	-9.7531e+92	  0.0013436	 5.5475e-06	 0.00046940	 -0.0012820	-7.1359e-05	  0.0014488	
22	13	 5.3141e-13	 3.1493e-13	     260.15	   0.011286	-9.7531e+92	-9.7531e+92	  0.0052877	 5.3392e-06	     0.0000	 -0.0092832	-4.8278e-05	   0.072829	
22	14	 5.4303e-05	 3.2182e-05	     227.39	   0.019298	-9.7531e+92	-9.7531e+92	  0.0081896	 9.6129e-06	     0.0000	 -0.0036630	-9.8290e-05	   0.069691	
22	15	 0.00028891	 0.00017122	     163.21	   0.071746	-9.7531e+92	-9.7531e+92	   0.017215	 2.6155e-05	  0.0028917	 -0.0069819	-0.00035206	   0.022976	
22	16	 3.2965e-12	 1.9537e-12	     106.73	    0.36321	-9.7531e+92	-9.7531e+92	 1.9750e-05	 5.2601e-06	     0.0000	 1.4510e-09	-4.2277e-05	-2.8076e-09	
22	17	  0.0030412	  0.0018024	     106.10	    0.37108	-9.7531e+92	-9.7531e+92	  0.0046974	 0.00016336	  0.0041294	  0.0011894	-0.00035167	-0.00022560	
22	18	 2.5839e-12	 1.5313e-12	     205.13	   0.029065	-9.7531e+92	-9.7531e+92	  0.0045718	 5.3402e-06	     0.0000	  -0.010578	-6.2381e-05	   0.095360	
22	19	   0.088677	   0.052553	     93.933	    0.57085	-9.7531e+92	-9.7531e+92	   0.014375	  0.0070461	   0.012394	   0.062136	  -0.090619	  -0.086146	
22	20	   0.027180	   0.016108	     116.48	    0.26308	-9.7531e+92	-9.7531e+92	  0.0076764	  0.0021992	  0.0025161	   0.010827	  -0.028590	  -0.018672	
22	21	 7.7087e-12	 4.5685e-12	     284.69	  0.0078758	-9.7531e+92	-9.7531e+92	  0.0012446	 5.4420e-06	     0.0000	-1.4711e-05	-6.7891e-05	   0.066234	
22	22	     0.0000	     0.0000	     0.0000	     4.0000	-9.7531e+92	-9.7531e+92	    0.29995	     0.0000	    0.29945	     0.0000	     0.0000	     0.0000	
22	23	 2.2421e-11	 1.3287e-11	     209.07	   0.026949	-9.7531e+92	-9.7531e+92	 0.00048699	 5.6018e-06	     0.0000	 -0.0015734	-7.1052e-05	   0.018141	
22	24	 1.6100e-12	 9.5417e-13	     237.89	   0.016122	-9.7531e+92	-9.7531e+92	 2.4852e-05	 5.7048e-06	     0.0000	-3.8193e-05	-7.1914e-05	 0.00030794	
23	0	   0.071631	   0.046837	     119.13	    0.24186	-9.7531e+92	-9.7531e+92	   0.042442	   0.022630	     0.0000	  -0.010445	   -0.33315	    0.12247	
23	1	  0.0032075	  0.0020972	     132.72	    0.16037	-9.7531e+92	-9.7531e+92	   0.010148	  0.0010251	     0.0000	-0.00046503	  -0.015839	    0.14280	
23	2	 0.00010907	 7.1314e-05	     168.40	   0.063436	-9.7531e+92	-9.7531e+92	  0.0019038	 5.9604e-05	     0.0000	  -0.022811	-0.00090432	   0.053923	
23	3	 1.7565e-08	 1.1485e-08	     228.38	   0.018966	-9.7531e+92	-9.7531e+92	 0.00071949	 2.2197e-05	     0.0000	  -0.022865	-0.00032504	   0.046311	
23	4	 9.1492e-15	 5.9823e-15	     212.30	   0.025355	-9.7531e+92	-9.7531e+92	 0.00029956	 2.3300e-05	     0.0000	  -0.014496	-0.00036882	   0.027617	
23	5	   0.077828	   0.050889	     65.633	     1.6449	-9.7531e+92	-9.7531e+92	   0.025470	   0.024285	 0.00016155	   0.017291	   -0.43356	  -0.094253	
23	6	   0.048995	   0.032036	     73.330	     1.2380	-9.7531e+92	-9.7531e+92	   0.016150	   0.016327	     0.0000	 0.00070617	   -0.28029	  -0.012144	
23	7	    0.24391	    0.15948	     58.677	     2.0891	-9.7531e+92	-9.7531e+92	   0.051395	   0.084152	     0.0000	   0.050910	    -1.4150	   -0.38793	
23	8	    0.12190	   0.079707	     54.810	     2.3580	-9.7531e+92	-9.7531e+92	   0.023554	   0.036533	   0.015465	   0.067868	   -0.61212	   -0.23407	
23	9	 0.00034548	 0.00022590	     121.73	    0.22293	-9.7531e+92	-9.7531e+92	   0.018118	 0.00012990	     0.0000	     0.0000	 -0.0023398	    0.30209	
23	10	 1.4768e-05	 9.6562e-06	     95.614	    0.53700	-9.7531e+92	-9.7531e+92	  0.0012093	 2.8299e-05	 0.00023693	 -0.0015493	-0.00045576	  0.0035199	
23	11	   0.010434	  0.0068222	     53.605	     2.4433	-9.7531e+92	-9.7531e+92	  0.0026714	  0.0032875	  0.0017481	  0.0053857	  -0.046977	  -0.015530	
23	12	 5.0229e-07	 3.2843e-07	     109.85	    0.32696	-9.7531e+92	-9.7531e+92	 0.00048138	 2.3883e-05	     0.0000	 -0.0016430	-0.00038928	  0.0035234	
23	13	    0.10060	   0.065782	     113.01	    0.29441	-9.7531e+92	-9.7531e+92	   0.029433	   0.031484	     0.0000	-0.00012152	   -0.48883	  0.0019913	
23	14	   0.011013	  0.0072013	     114.84	    0.27739	-9.7531e+92	-9.7531e+92	   0.016075	  0.0033855	     0.0000	 -0.0042052	  -0.058140	    0.16120	
23	15	 7.8259e-06	 5.1170e-06	     149.47	    0.10124	-9.7531e+92	-9.7531e+92	  0.0014465	 2.5860e-05	     0.0000	  -0.011416	-0.00042902	   0.057674	
23	16	 6.5956e-15	 4.3126e-15	     136.77	    0.14287	-9.7531e+92	-9.7531e+92	 2.1790e-05	 2.4309e-05	     0.0000	 2.3463e-09	-0.00035957	-1.1265e-08	
23	17	 1.0638e-14	 6.9558e-15	     284.58	  0.0078888	-9.7531e+92	-9.7531e+92	 3.4065e-05	 2.5496e-05	     0.0000	 -0.0012738	-0.00040965	  0.0022324	
23	18	    0.28868	    0.18876	     36.898	     3.4995	-9.7531e+92	-9.7531e+92	   0.062326	   0.063366	     0.0000	  0.0026166	    -1.7550	   -0.48085	
23	19	 3.5858e-06	 2.3446e-06	     121.29	    0.22600	-9.7531e+92	-9.7531e+92	 0.00084572	 2.4615e-05	     0.0000	 -0.0031366	-0.00041042	  0.0081129	
23	20	 0.00055250	 0.00036126	     93.058	    0.58941	-9.7531e+92	-9.7531e+92	  0.0035380	 0.00020170	     0.0000	 -0.0060331	 -0.0034942	   0.019977	
23	21	   0.012125	  0.0079284	     78.648	     1.0121	-9.7531e+92	-9.7531e+92	   0.011214	  0.0039552	     0.0000	-1.3569e-05	  -0.069170	    0.13436	
23	22	 1.3902e-14	 9.0902e-15	     209.07	   0.026949	-9.7531e+92	-9.7531e+92	 3.2714e-05	 2.5410e-05	     0.0000	 -0.0010576	-0.00040570	  0.0019615	
23	23	     0.0000	     0.0000	     0.0000	     4.0000	-9.7531e+92	-9.7531e+92	    0.33277	     0.0000	    0.32108	     0.0000	     0.0000	     0.0000	
23	24	  0.0086380	  0.0056481	     40.708	     3.3006	-9.7531e+92	-9.7531e+92	  0.0014978	  0.0026162	  0.0012587	 0.00022714	  -0.031247	 -0.0069338	
24	0	    0.14416	   0.058279	     123.34	    0.21210	-9.7531e+92	-9.7531e+92	   0.033728	  0.0011694	     0.0000	 5.1657e-05	  -0.053200	 -0.0027063	
24	1	   0.022154	  0.0089560	     142.19	    0.12292	-9.7531e+92	-9.7531e+92	  0.0086533	 0.00018009	     0.0000	-1.1944e-05	 -0.0083246	   0.016884	
24	2	 1.1798e-06	 4.7697e-07	     210.29	   0.026336	-9.7531e+92	-9.7531e+92	 0.00073104	 5.7679e-07	     0.0000	-0.00081996	-2.6996e-05	  0.0082492	
24	3	 4.7198e-13	 1.9081e-13	     270.69	  0.0096323	-9.7531e+92	-9.7531e+92	 0.00030318	 5.5022e-07	     0.0000	-0.00081837	-2.5795e-05	  0.0071608	
24	4	 8.7437e-13	 3.5348e-13	     253.16	   0.012581	-9.7531e+92	-9.7531e+92	 0.00013163	 5.7684e-07	     0.0000	-0.00051882	-2.7695e-05	  0.0041118	
24	5	  0.0013047	 0.00052745	     106.34	    0.36810	-9.7531e+92	-9.7531e+92	  0.0063440	 1.1734e-05	     0.0000	-0.00060041	-0.00058435	   0.013204	
24	6	  0.0020197	 0.00081648	     108.13	    0.34637	-9.7531e+92	-9.7531e+92	  0.0044988	 1.8429e-05	     0.0000	-0.00021009	-0.00089098	   0.014797	
24	7	    0.21028	   0.085011	     84.614	    0.80724	-9.7531e+92	-9.7531e+92	   0.030513	  0.0018413	     0.0000	  0.0014420	  -0.089907	  -0.045002	
24	8	   0.046450	   0.018778	     77.960	     1.0389	-9.7531e+92	-9.7531e+92	  0.0070133	 0.00039204	  0.0020122	 0.00078107	  -0.019473	  -0.012081	
24	9	 0.00017978	 7.2681e-05	     149.07	    0.10229	-9.7531e+92	-9.7531e+92	   0.012714	 2.0674e-06	     0.0000	     0.0000	-0.00010440	   0.044541	
24	10	 2.2216e-05	 8.9812e-06	     102.71	    0.41717	-9.7531e+92	-9.7531e+92	 0.00049241	 7.7173e-07	     0.0000	-4.7834e-05	-3.4487e-05	 0.00045566	
24	11	   0.016713	  0.0067567	     56.094	     2.2676	-9.7531e+92	-9.7531e+92	  0.0020866	 0.00012402	  0.0015157	 0.00017784	 -0.0039522	 -0.0026617	
24	12	 3.3075e-13	 1.3371e-13	     132.31	    0.16230	-9.7531e+92	-9.7531e+92	 0.00015859	 6.1217e-07	     0.0000	-5.8485e-05	-2.8874e-05	 0.00050985	
24	13	   0.019285	  0.0077963	     142.21	    0.12286	-9.7531e+92	-9.7531e+92	   0.011344	 0.00015322	     0.0000	-0.00034039	 -0.0073279	   0.025587	
24	14	  0.0096813	  0.0039139	     150.00	   0.099849	-9.7531e+92	-9.7531e+92	  0.0093804	 8.1806e-05	     0.0000	-0.00015310	 -0.0037888	   0.025374	
24	15	 4.4791e-14	 1.8108e-14	     189.75	   0.039594	-9.7531e+92	-9.7531e+92	 0.00077945	 5.8906e-07	     0.0000	-0.00040872	-2.8404e-05	  0.0084791	
24	16	 5.2074e-13	 2.1052e-13	     177.80	   0.051213	-9.7531e+92	-9.7531e+92	 1.3473e-05	 6.2427e-07	     0.0000	 7.9375e-11	-2.5357e-05	-1.4219e-09	
24	17	 2.0756e-13	 8.3911e-14	     325.25	  0.0046269	-9.7531e+92	-9.7531e+92	 1.9094e-05	 6.3194e-07	     0.0000	-4.5591e-05	-2.9398e-05	 0.00032288	
24	18	    0.28219	    0.11408	     74.739	     1.1738	-9.7531e+92	-9.7531e+92	   0.038632	  0.0022365	     0.0000	 0.00063277	   -0.11722	  -0.060220	
24	19	 7.5560e-13	 3.0546e-13	     150.08	   0.099629	-9.7531e+92	-9.7531e+92	 0.00024228	 6.0653e-07	     0.0000	-0.00011277	-2.9005e-05	  0.0011789	
24	20	 1.9354e-05	 7.8244e-06	     121.85	    0.22210	-9.7531e+92	-9.7531e+92	 0.00098552	 7.5783e-07	     0.0000	-0.00023255	-3.7172e-05	  0.0030943	
24	21	   0.073856	   0.029858	     85.071	    0.79345	-9.7531e+92	-9.7531e+92	   0.012618	 0.00060518	     0.0000	     0.0000	  -0.030993	 -0.0020879	
24	22	 3.0963e-13	 1.2518e-13	     237.89	   0.016122	-9.7531e+92	-9.7531e+92	 1.8338e-05	 6.3174e-07	     0.0000	-3.7851e-05	-2.9266e-05	 0.00028424	
24	23	    0.17169	   0.069407	     40.708	     3.3006	-9.7531e+92	-9.7531e+92	   0.020567	  0.0013197	   0.013340	 0.00032852	  -0.057851	  -0.042068	
24	24	     0.0000	     0.0000	     0.0000	     4.0000	-9.7531e+92	-9.7531e+92	    0.20226	     0.0000	    0.20211	     0.0000	     0.0000	     0.0000	
