#source	Target	value	weight	distance	potential1	geneCorrelation	separation	influenceWeight	betweenness	influence'Weight	betweenness'	nbetweenness	nbetweenness'	
0	0	     0.0000	     0.0000	     0.0000	     4.0000	-9.7531e+92	-9.7531e+92	     6.0728	     0.0000	     4.9323	     0.0000	     0.0000	     0.0000	
0	1	    0.12672	     1.4621	     35.562	     3.5606	-9.7531e+92	-9.7531e+92	    0.77657	    0.17104	     0.0000	     0.0000	    0.99168	 -0.0014047	
0	2	 5.9235e-10	 6.8345e-09	     211.35	   0.025814	-9.7531e+92	-9.7531e+92	   0.032474	 0.00014159	     0.0000	  -0.013786	 0.00079255	 -0.0043100	
0	3	 2.3123e-10	 2.6679e-09	     273.88	  0.0091920	-9.7531e+92	-9.7531e+92	  0.0049630	 0.00014752	     0.0000	 -0.0070921	 0.00080930	 -0.0016066	
0	4	 1.5117e-10	 1.7442e-09	     281.58	  0.0082298	-9.7531e+92	-9.7531e+92	  0.0039274	 0.00015063	     0.0000	 -0.0073471	 0.00075138	 -0.0010624	
0	5	 1.3305e-10	 1.5352e-09	     169.69	   0.061568	-9.7531e+92	-9.7531e+92	   0.061144	 0.00013895	     0.0000	  -0.015797	 0.00076006	 -0.0055968	
0	6	    0.13660	     1.5761	     105.31	    0.38136	-9.7531e+92	-9.7531e+92	    0.57681	    0.24413	     0.0000	  0.0086736	     1.6638	   0.017941	
0	7	    0.10468	     1.2078	     80.265	    0.95180	-9.7531e+92	-9.7531e+92	    0.56737	    0.19007	     0.0000	     0.0000	     1.2494	  0.0045681	
0	8	 1.0097e-10	 1.1650e-09	     172.11	   0.058221	-9.7531e+92	-9.7531e+92	  0.0068839	 0.00014736	     0.0000	 -0.0080099	 0.00073477	 -0.0012800	
0	9	    0.12422	     1.4333	     86.890	    0.74099	-9.7531e+92	-9.7531e+92	    0.62434	    0.21605	     0.0000	     0.0000	     1.4860	  0.0090532	
0	10	 7.9178e-11	 9.1355e-10	     210.64	   0.026161	-9.7531e+92	-9.7531e+92	 0.00056306	 0.00016066	     0.0000	-0.00060484	 0.00068596	-6.0005e-05	
0	11	 1.3949e-10	 1.6094e-09	     167.10	   0.065400	-9.7531e+92	-9.7531e+92	 0.00063149	 0.00015417	     0.0000	-0.00051640	 0.00073900	-6.1191e-05	
0	12	 7.8913e-11	 9.1050e-10	     226.76	   0.019512	-9.7531e+92	-9.7531e+92	 0.00082661	 0.00016061	     0.0000	 -0.0024409	 0.00067856	-0.00023595	
0	13	    0.13995	     1.6148	     86.013	    0.76580	-9.7531e+92	-9.7531e+92	    0.85676	    0.20778	     0.0000	     0.0000	     1.2424	 -0.0087919	
0	14	    0.16181	     1.8669	     114.85	    0.27729	-9.7531e+92	-9.7531e+92	    0.80621	    0.28246	     0.0000	  0.0048287	     1.9933	   0.020053	
0	15	 9.7372e-12	 1.1235e-10	     189.51	   0.039789	-9.7531e+92	-9.7531e+92	  0.0096766	 0.00014338	     0.0000	 -0.0050624	 0.00073945	 -0.0015959	
0	16	 1.4464e-10	 1.6689e-09	     217.18	   0.023165	-9.7531e+92	-9.7531e+92	 0.00038451	 0.00015777	     0.0000	 6.1035e-09	 0.00070208	 8.7469e-10	
0	17	 1.6947e-10	 1.9554e-09	     353.56	  0.0033150	-9.7531e+92	-9.7531e+92	 0.00054118	 0.00016313	     0.0000	-0.00071843	 0.00065398	-6.4032e-05	
0	18	   0.021762	    0.25109	     116.29	    0.26473	-9.7531e+92	-9.7531e+92	    0.24925	   0.029457	     0.0000	     0.0000	    0.23416	     0.0000	
0	19	 1.7853e-11	 2.0599e-10	     234.49	   0.017074	-9.7531e+92	-9.7531e+92	  0.0044872	 0.00014137	     0.0000	  -0.013060	 0.00070670	 -0.0018441	
0	20	 5.1769e-11	 5.9731e-10	     206.61	   0.028245	-9.7531e+92	-9.7531e+92	  0.0074244	 0.00014336	     0.0000	  -0.017162	 0.00069792	 -0.0020690	
0	21	    0.18241	     2.1047	     39.458	     3.3697	-9.7531e+92	-9.7531e+92	    0.85683	    0.31366	     0.0000	 1.5472e-05	     2.2051	   0.018588	
0	22	 1.1438e-10	 1.3197e-09	     321.47	  0.0048482	-9.7531e+92	-9.7531e+92	 0.00056401	 0.00016301	     0.0000	-0.00073397	 0.00066418	-7.3753e-05	
0	23	  0.0018401	   0.021231	     119.13	    0.24186	-9.7531e+92	-9.7531e+92	   0.014334	  0.0038888	     0.0000	-0.00023675	   0.023617	-0.00039400	
0	24	 6.0453e-11	 6.9751e-10	     123.34	    0.21210	-9.7531e+92	-9.7531e+92	  0.0010469	 0.00012215	     0.0000	-3.8470e-05	 0.00099881	-4.6312e-05	
1	0	   0.092921	     1.4671	     35.562	     3.5606	-9.7531e+92	-9.7531e+92	    0.72879	    0.18420	     0.0000	     0.0000	     2.5354	  -0.014539	
1	1	     0.0000	     0.0000	     0.0000	     4.0000	-9.7531e+92	-9.7531e+92	     8.4573	     0.0000	     6.4277	     0.0000	     0.0000	     0.0000	
1	2	 0.00084761	   0.013383	     184.62	   0.044134	-9.7531e+92	-9.7531e+92	   0.071559	  0.0024482	     0.0000	  -0.017514	   0.030711	  -0.030199	
1	3	 1.8639e-13	 2.9428e-12	     244.14	   0.014539	-9.7531e+92	-9.7531e+92	   0.010182	 0.00018507	     0.0000	 -0.0095830	  0.0022513	  -0.011568	
1	4	 5.2168e-13	 8.2368e-12	     272.02	  0.0094459	-9.7531e+92	-9.7531e+92	  0.0080189	 0.00019758	     0.0000	 -0.0099275	  0.0022243	 -0.0088491	
1	5	 0.00029157	  0.0046036	     161.91	   0.074033	-9.7531e+92	-9.7531e+92	   0.064713	  0.0010156	     0.0000	  -0.022850	   0.011917	  -0.050618	
1	6	   0.062584	    0.98813	     96.519	    0.51972	-9.7531e+92	-9.7531e+92	    0.53314	    0.15912	     0.0000	 -0.0010367	     2.1144	  -0.013496	
1	7	   0.037466	    0.59155	     75.481	     1.1413	-9.7531e+92	-9.7531e+92	    0.57779	   0.092749	     0.0000	     0.0000	     1.2673	   -0.11241	
1	8	 1.8749e-13	 2.9602e-12	     184.58	   0.044171	-9.7531e+92	-9.7531e+92	  0.0075068	 0.00020647	     0.0000	  -0.011060	  0.0021718	  -0.012805	
1	9	   0.066152	     1.0445	     55.376	     2.3181	-9.7531e+92	-9.7531e+92	    0.74627	    0.15081	     0.0000	     0.0000	     2.2395	  -0.055157	
1	10	 2.6872e-13	 4.2428e-12	     228.04	   0.019080	-9.7531e+92	-9.7531e+92	 0.00073815	 0.00022254	     0.0000	-0.00081728	  0.0021263	-0.00064942	
1	11	 2.6686e-13	 4.2134e-12	     185.20	   0.043588	-9.7531e+92	-9.7531e+92	 0.00080595	 0.00021786	     0.0000	-0.00069777	  0.0021463	-0.00065723	
1	12	 2.1682e-14	 3.4234e-13	     231.78	   0.017881	-9.7531e+92	-9.7531e+92	  0.0010305	 0.00022149	     0.0000	 -0.0032982	  0.0021261	 -0.0025358	
1	13	    0.48732	     7.6942	     57.043	     2.2015	-9.7531e+92	-9.7531e+92	     2.3652	     1.0000	     0.0000	     0.0000	     14.421	    0.82701	
1	14	    0.16836	     2.6582	     88.839	    0.68891	-9.7531e+92	-9.7531e+92	     1.1139	    0.23250	     0.0000	     0.0000	     3.2456	     0.0000	
1	15	 5.5727e-06	 8.7987e-05	     167.83	   0.064291	-9.7531e+92	-9.7531e+92	   0.018694	 0.00019872	     0.0000	 -0.0068345	  0.0024209	  -0.014543	
1	16	 1.2502e-13	 1.9739e-12	     207.46	   0.027791	-9.7531e+92	-9.7531e+92	 0.00052617	 0.00021578	     0.0000	 7.9869e-09	  0.0021524	 9.7747e-09	
1	17	 2.6026e-13	 4.1091e-12	     342.57	  0.0037606	-9.7531e+92	-9.7531e+92	 0.00084283	 0.00021724	     0.0000	-0.00097076	  0.0021346	-0.00069301	
1	18	   0.032464	    0.51257	     111.77	    0.30668	-9.7531e+92	-9.7531e+92	    0.34997	   0.082668	     0.0000	  -0.010090	     1.0860	  -0.062238	
1	19	 1.1850e-12	 1.8710e-11	     226.57	   0.019575	-9.7531e+92	-9.7531e+92	  0.0050201	 0.00019492	     0.0000	  -0.017647	  0.0021595	  -0.018427	
1	20	 3.5577e-13	 5.6171e-12	     199.20	   0.032652	-9.7531e+92	-9.7531e+92	  0.0081265	 0.00019752	     0.0000	  -0.023189	  0.0021526	  -0.020575	
1	21	   0.051590	    0.81455	     57.297	     2.1839	-9.7531e+92	-9.7531e+92	    0.70378	    0.12131	     0.0000	-1.7914e-05	     1.7485	   -0.13545	
1	22	 3.1094e-13	 4.9094e-12	     312.59	  0.0054224	-9.7531e+92	-9.7531e+92	 0.00087667	 0.00021866	     0.0000	-0.00099176	  0.0021384	-0.00078063	
1	23	 7.3651e-14	 1.1629e-12	     132.72	    0.16037	-9.7531e+92	-9.7531e+92	   0.011451	 0.00018528	     0.0000	-0.00094645	  0.0023072	 -0.0082249	
1	24	 2.0402e-14	 3.2212e-13	     142.19	    0.12292	-9.7531e+92	-9.7531e+92	  0.0011122	 0.00019444	     0.0000	-0.00017070	  0.0022363	-0.00049851	
2	0	  0.0014630	  0.0050175	     211.35	   0.025814	-9.7531e+92	-9.7531e+92	   0.043940	  0.0014160	     0.0000	     0.0000	 -0.0091131	    0.80281	
2	1	   0.022894	   0.078519	     184.62	   0.044134	-9.7531e+92	-9.7531e+92	    0.11238	   0.019569	     0.0000	     0.0000	   -0.10750	    0.71559	
2	2	     0.0000	     0.0000	     0.0000	     4.0000	-9.7531e+92	-9.7531e+92	     1.8047	     0.0000	     1.7560	     0.0000	     0.0000	     0.0000	
2	3	    0.18148	    0.62241	     63.167	     1.7950	-9.7531e+92	-9.7531e+92	    0.20918	    0.10174	    0.19152	    0.43733	    -1.8326	    -2.0549	
2	4	    0.16351	    0.56079	     91.235	    0.63030	-9.7531e+92	-9.7531e+92	    0.17313	   0.075488	    0.15941	    0.41194	    -1.1941	    -1.4570	
2	5	  0.0043790	   0.015018	     120.45	    0.23204	-9.7531e+92	-9.7531e+92	   0.011579	  0.0042967	     0.0000	  -0.082492	  -0.045031	    0.21696	
2	6	   0.017792	   0.061019	     118.53	    0.24644	-9.7531e+92	-9.7531e+92	   0.057183	   0.017204	     0.0000	  -0.038566	   -0.17643	    0.58245	
2	7	 0.00028527	 0.00097837	     153.12	   0.092143	-9.7531e+92	-9.7531e+92	   0.053851	 0.00033546	     0.0000	     0.0000	 -0.0034710	    0.99789	
2	8	 1.0425e-14	 3.5754e-14	     174.51	   0.055125	-9.7531e+92	-9.7531e+92	  0.0013711	 6.6322e-05	     0.0000	  -0.048710	-0.00070038	   0.068631	
2	9	  0.0012414	  0.0042577	     133.64	    0.15619	-9.7531e+92	-9.7531e+92	   0.067027	  0.0012157	     0.0000	     0.0000	  -0.012772	     1.0197	
2	10	 3.1342e-14	 1.0749e-13	     213.20	   0.024934	-9.7531e+92	-9.7531e+92	 0.00015898	 6.9203e-05	     0.0000	 -0.0035995	-0.00071928	  0.0035505	
2	11	 1.3540e-15	 4.6439e-15	     197.83	   0.033565	-9.7531e+92	-9.7531e+92	 0.00016221	 6.9081e-05	     0.0000	 -0.0030731	-0.00071785	  0.0035866	
2	12	 9.5504e-15	 3.2755e-14	     181.48	   0.047226	-9.7531e+92	-9.7531e+92	 0.00026159	 6.8557e-05	     0.0000	  -0.014526	-0.00071610	   0.013840	
2	13	    0.26993	    0.92576	     127.66	    0.18612	-9.7531e+92	-9.7531e+92	    0.33131	    0.21003	     0.0000	     0.0000	    -1.9414	   -0.82618	
2	14	    0.16482	    0.56529	     97.273	    0.50580	-9.7531e+92	-9.7531e+92	    0.23392	    0.14294	     0.0000	   0.030731	    -1.3261	   -0.43609	
2	15	    0.16690	    0.57240	     21.827	     3.9312	-9.7531e+92	-9.7531e+92	    0.20003	    0.11128	    0.17749	    0.15168	    -1.1548	    -1.4269	
2	16	 2.8671e-15	 9.8333e-15	     68.097	     1.5042	-9.7531e+92	-9.7531e+92	 0.00011430	 6.7665e-05	     0.0000	 3.4619e-08	-0.00069232	-5.4235e-08	
2	17	 2.3334e-14	 8.0029e-14	     160.64	   0.076357	-9.7531e+92	-9.7531e+92	  0.0068111	 4.7440e-05	  0.0055095	 -0.0022645	-0.00039876	  0.0025687	
2	18	  0.0052567	   0.018029	     137.27	    0.14087	-9.7531e+92	-9.7531e+92	   0.034860	  0.0051807	     0.0000	  -0.088411	  -0.050161	    0.60628	
2	19	 4.4946e-06	 1.5415e-05	     139.30	    0.13308	-9.7531e+92	-9.7531e+92	  0.0020139	 6.4914e-05	     0.0000	  -0.077674	-0.00073447	   0.098684	
2	20	 5.0660e-05	 0.00017375	     139.77	    0.13137	-9.7531e+92	-9.7531e+92	  0.0019892	 0.00010763	     0.0000	   -0.10157	 -0.0012252	    0.10950	
2	21	 8.6382e-15	 2.9626e-14	     197.19	   0.033993	-9.7531e+92	-9.7531e+92	   0.074839	 6.2069e-05	     0.0000	-0.00014632	-0.00066016	     1.2835	
2	22	 1.5503e-14	 5.3169e-14	     161.29	   0.075160	-9.7531e+92	-9.7531e+92	  0.0070635	 5.0695e-05	  0.0056276	 -0.0025585	-0.00043165	  0.0030534	
2	23	 1.6939e-14	 5.8094e-14	     168.40	   0.063436	-9.7531e+92	-9.7531e+92	  0.0012445	 6.7572e-05	     0.0000	 -0.0041684	-0.00070920	   0.044670	
2	24	 2.0809e-15	 7.1368e-15	     210.29	   0.026336	-9.7531e+92	-9.7531e+92	 0.00017688	 6.8065e-05	     0.0000	-0.00075180	-0.00071471	  0.0027219	
3	0	 0.00080741	  0.0030512	     273.88	  0.0091920	-9.7531e+92	-9.7531e+92	   0.034477	 0.00049512	     0.0000	     0.0000	 -0.0096308	     1.0347	
3	1	   0.015710	   0.059368	     244.14	   0.014539	-9.7531e+92	-9.7531e+92	    0.11027	  0.0086349	     0.0000	     0.0000	   -0.14867	     1.0186	
3	2	    0.16841	    0.63643	     63.167	     1.7950	-9.7531e+92	-9.7531e+92	    0.27948	   0.052495	    0.22574	    0.21077	    -2.4318	    -2.1115	
3	3	     0.0000	     0.0000	     0.0000	     4.0000	-9.7531e+92	-9.7531e+92	     1.9849	     0.0000	     1.9654	     0.0000	     0.0000	     0.0000	
3	4	    0.18936	    0.71559	     82.606	    0.87092	-9.7531e+92	-9.7531e+92	    0.21996	   0.038859	    0.20485	    0.40144	    -2.3228	    -2.1517	
3	5	 1.0351e-05	 3.9116e-05	     167.87	   0.064235	-9.7531e+92	-9.7531e+92	  0.0071863	 4.4354e-05	     0.0000	  -0.091276	 -0.0011482	    0.32393	
3	6	 0.00012144	 0.00045892	     180.81	   0.047921	-9.7531e+92	-9.7531e+92	   0.043597	 0.00010881	     0.0000	  -0.046566	 -0.0027579	    0.95144	
3	7	 1.6425e-11	 6.2071e-11	     215.68	   0.023812	-9.7531e+92	-9.7531e+92	   0.038229	 3.8190e-05	     0.0000	     0.0000	-0.00097665	     1.2138	
3	8	 3.5283e-12	 1.3333e-11	     221.29	   0.021502	-9.7531e+92	-9.7531e+92	  0.0010029	 3.8894e-05	     0.0000	  -0.043638	 -0.0010121	   0.082739	
3	9	 3.9860e-12	 1.5063e-11	     191.41	   0.038254	-9.7531e+92	-9.7531e+92	   0.049095	 3.7825e-05	     0.0000	     0.0000	-0.00097320	     1.2540	
3	10	 1.2804e-12	 4.8385e-12	     258.79	   0.011525	-9.7531e+92	-9.7531e+92	 0.00016701	 4.0239e-05	     0.0000	 -0.0032247	 -0.0010266	  0.0042712	
3	11	 2.1895e-12	 8.2739e-12	     244.71	   0.014404	-9.7531e+92	-9.7531e+92	 0.00016564	 4.0258e-05	     0.0000	 -0.0027531	 -0.0010254	  0.0043155	
3	12	 5.7509e-13	 2.1732e-12	     227.10	   0.019395	-9.7531e+92	-9.7531e+92	 0.00026690	 3.9856e-05	     0.0000	  -0.013013	 -0.0010249	   0.016653	
3	13	   0.058688	    0.22178	     188.65	   0.040519	-9.7531e+92	-9.7531e+92	    0.20030	   0.031149	     0.0000	     0.0000	   -0.58940	    0.87704	
3	14	    0.16377	    0.61889	     161.01	   0.075671	-9.7531e+92	-9.7531e+92	    0.25829	   0.090054	     0.0000	   0.026908	    -2.0317	   -0.53300	
3	15	    0.40276	     1.5220	     84.108	    0.82281	-9.7531e+92	-9.7531e+92	    0.43125	    0.17223	    0.40641	    0.59569	    -5.2759	    -4.9535	
3	16	 1.4463e-12	 5.4655e-12	     111.94	    0.30495	-9.7531e+92	-9.7531e+92	 0.00012594	 3.9212e-05	     0.0000	 3.0462e-08	-0.00098198	-6.3194e-08	
3	17	 2.7121e-12	 1.0249e-11	     122.41	    0.21829	-9.7531e+92	-9.7531e+92	  0.0086343	 2.1605e-05	  0.0072000	 -0.0015679	-0.00052306	  0.0022999	
3	18	 0.00035265	  0.0013326	     199.21	   0.032649	-9.7531e+92	-9.7531e+92	   0.028260	 0.00024445	     0.0000	  -0.086305	 -0.0059667	    0.80463	
3	19	 5.6540e-12	 2.1366e-11	     184.07	   0.044655	-9.7531e+92	-9.7531e+92	  0.0020538	 3.5744e-05	     0.0000	  -0.069624	 -0.0010090	    0.11904	
3	20	 1.8030e-12	 6.8133e-12	     185.64	   0.043179	-9.7531e+92	-9.7531e+92	  0.0016471	 3.5699e-05	     0.0000	  -0.091496	 -0.0010102	    0.13276	
3	21	 1.0924e-12	 4.1281e-12	     259.71	   0.011362	-9.7531e+92	-9.7531e+92	   0.069086	 3.7453e-05	     0.0000	-0.00013109	-0.00097861	     1.5556	
3	22	 3.1092e-12	 1.1749e-11	     164.94	   0.068842	-9.7531e+92	-9.7531e+92	  0.0089537	 2.8082e-05	  0.0073716	 -0.0022969	-0.00080999	  0.0040985	
3	23	 2.8827e-13	 1.0893e-12	     228.38	   0.018966	-9.7531e+92	-9.7531e+92	  0.0010165	 4.0150e-05	     0.0000	 -0.0037344	 -0.0010214	   0.053776	
3	24	 1.5521e-12	 5.8654e-12	     270.69	  0.0096323	-9.7531e+92	-9.7531e+92	 0.00018086	 4.0337e-05	     0.0000	-0.00067352	 -0.0010254	  0.0032749	
4	0	 1.6033e-12	 3.8323e-12	     281.58	  0.0082298	-9.7531e+92	-9.7531e+92	   0.013482	 3.4254e-05	     0.0000	     0.0000	 -0.0011269	     1.6261	
4	1	 0.00026436	 0.00063191	     272.02	  0.0094459	-9.7531e+92	-9.7531e+92	   0.036186	 0.00016448	     0.0000	     0.0000	 -0.0049741	     1.8808	
4	2	    0.38213	    0.91340	     91.235	    0.63030	-9.7531e+92	-9.7531e+92	    0.29165	    0.11620	    0.25766	    0.59014	    -7.8924	    -7.3509	
4	3	    0.35487	    0.84824	     82.606	    0.87092	-9.7531e+92	-9.7531e+92	    0.26906	   0.093587	    0.25675	    0.86321	    -7.4535	    -7.1027	
4	4	     0.0000	     0.0000	     0.0000	     4.0000	-9.7531e+92	-9.7531e+92	     1.2735	     0.0000	     1.2639	     0.0000	     0.0000	     0.0000	
4	5	 0.00042271	  0.0010104	     147.08	    0.10778	-9.7531e+92	-9.7531e+92	  0.0050608	 0.00025460	     0.0000	  -0.081641	  -0.010437	    0.46473	
4	6	 7.2320e-06	 1.7287e-05	     179.35	   0.049487	-9.7531e+92	-9.7531e+92	   0.017380	 3.8728e-05	     0.0000	  -0.042483	 -0.0015582	     1.3966	
4	7	 1.0305e-12	 2.4633e-12	     209.16	   0.026904	-9.7531e+92	-9.7531e+92	   0.015857	 3.4561e-05	     0.0000	     0.0000	 -0.0014037	     1.7795	
4	8	 2.9516e-12	 7.0552e-12	     186.41	   0.042479	-9.7531e+92	-9.7531e+92	 0.00096148	 3.5135e-05	     0.0000	  -0.039746	 -0.0014439	    0.12048	
4	9	 4.0552e-13	 9.6932e-13	     223.28	   0.020749	-9.7531e+92	-9.7531e+92	   0.020085	 3.4274e-05	     0.0000	     0.0000	 -0.0014000	     1.8395	
4	10	 9.1890e-13	 2.1964e-12	     204.61	   0.029363	-9.7531e+92	-9.7531e+92	 0.00013068	 3.6336e-05	     0.0000	 -0.0029370	 -0.0014602	  0.0062033	
4	11	 2.3943e-12	 5.7231e-12	     218.09	   0.022784	-9.7531e+92	-9.7531e+92	 0.00011208	 3.6369e-05	     0.0000	 -0.0025076	 -0.0014591	  0.0062692	
4	12	 5.9421e-13	 1.4203e-12	     165.11	   0.068567	-9.7531e+92	-9.7531e+92	 0.00050452	 3.5957e-05	     0.0000	  -0.011853	 -0.0014574	   0.024191	
4	13	   0.018245	   0.043612	     217.30	   0.023117	-9.7531e+92	-9.7531e+92	   0.092231	  0.0088395	     0.0000	     0.0000	   -0.28585	     2.0183	
4	14	   0.014543	   0.034762	     184.55	   0.044193	-9.7531e+92	-9.7531e+92	   0.080666	  0.0072859	     0.0000	  -0.056034	   -0.26929	     1.8516	
4	15	   0.071235	    0.17027	     106.18	    0.37015	-9.7531e+92	-9.7531e+92	    0.12416	   0.031413	    0.10845	    0.13727	    -1.4714	    -1.2990	
4	16	 1.2563e-12	 3.0029e-12	     75.439	     1.1432	-9.7531e+92	-9.7531e+92	 7.9658e-05	 3.5653e-05	     0.0000	 2.7920e-08	 -0.0014433	-9.3825e-08	
4	17	   0.077069	    0.18422	     73.525	     1.2289	-9.7531e+92	-9.7531e+92	   0.049331	   0.019319	   0.048424	    0.27883	   -0.79378	   -0.75234	
4	18	 0.00011259	 0.00026914	     186.18	   0.042684	-9.7531e+92	-9.7531e+92	   0.011480	 9.4588e-05	     0.0000	  -0.078924	 -0.0036883	     1.1909	
4	19	  0.0024810	  0.0059304	     119.82	    0.23665	-9.7531e+92	-9.7531e+92	  0.0082910	  0.0012265	     0.0000	  -0.044445	  -0.054749	    0.12151	
4	20	 0.00020826	 0.00049780	     135.08	    0.14987	-9.7531e+92	-9.7531e+92	  0.0040773	 0.00013245	     0.0000	  -0.081461	 -0.0059302	    0.18901	
4	21	 6.6027e-13	 1.5782e-12	     253.96	   0.012424	-9.7531e+92	-9.7531e+92	   0.024089	 3.3901e-05	     0.0000	-0.00011939	 -0.0014060	     2.2796	
4	22	   0.078417	    0.18744	     82.638	    0.86986	-9.7531e+92	-9.7531e+92	   0.051156	   0.022621	   0.050155	    0.30478	   -0.94598	   -0.90206	
4	23	 2.7495e-13	 6.5721e-13	     212.30	   0.025355	-9.7531e+92	-9.7531e+92	 0.00045947	 3.6314e-05	     0.0000	 -0.0034013	 -0.0014550	   0.078170	
4	24	 7.3244e-13	 1.7508e-12	     253.16	   0.012581	-9.7531e+92	-9.7531e+92	 0.00010120	 3.6480e-05	     0.0000	-0.00061345	 -0.0014595	  0.0047571	
5	0	  0.0031107	  0.0049785	     169.69	   0.061568	-9.7531e+92	-9.7531e+92	   0.042325	  0.0020327	     0.0000	     0.0000	  -0.084911	     1.6830	
5	1	  0.0091659	   0.014670	     161.91	   0.074033	-9.7531e+92	-9.7531e+92	   0.045631	  0.0057344	     0.0000	     0.0000	   -0.22232	     1.9140	
5	2	  0.0022122	  0.0035406	     120.45	    0.23204	-9.7531e+92	-9.7531e+92	  0.0050973	  0.0015774	     0.0000	  -0.034672	  -0.070830	    0.24544	
5	3	 1.6664e-05	 2.6671e-05	     167.87	   0.064235	-9.7531e+92	-9.7531e+92	 0.00094890	 5.8957e-05	     0.0000	  -0.021066	 -0.0025749	    0.10346	
5	4	 1.9065e-05	 3.0513e-05	     147.08	    0.10778	-9.7531e+92	-9.7531e+92	 0.00083605	 6.0206e-05	     0.0000	  -0.021789	 -0.0027223	   0.081880	
5	5	     0.0000	     0.0000	     0.0000	     4.0000	-9.7531e+92	-9.7531e+92	    0.83658	     0.0000	    0.79979	     0.0000	     0.0000	     0.0000	
5	6	   0.083494	    0.13363	     72.218	     1.2908	-9.7531e+92	-9.7531e+92	   0.053345	   0.047421	     0.0000	     0.0000	    -2.5650	   -0.30379	
5	7	   0.017231	   0.027577	     89.752	    0.66590	-9.7531e+92	-9.7531e+92	   0.030578	   0.011620	     0.0000	     0.0000	   -0.54763	     1.4714	
5	8	    0.16315	    0.26111	     54.235	     2.3987	-9.7531e+92	-9.7531e+92	   0.074032	   0.073931	   0.064713	    0.23350	    -4.2461	    -2.5232	
5	9	 0.00014179	 0.00022693	     134.70	    0.15149	-9.7531e+92	-9.7531e+92	   0.023858	 0.00014092	     0.0000	     0.0000	 -0.0066008	     1.8916	
5	10	 6.1238e-06	 9.8008e-06	     93.726	    0.57518	-9.7531e+92	-9.7531e+92	  0.0013146	 4.3529e-05	 0.00073867	 -0.0011978	 -0.0020925	  0.0054225	
5	11	 0.00058336	 0.00093365	     77.490	     1.0576	-9.7531e+92	-9.7531e+92	  0.0017221	 0.00038795	  0.0011407	 0.00093858	  -0.018880	 -0.0054903	
5	12	 0.00060155	 0.00096276	     80.590	    0.94012	-9.7531e+92	-9.7531e+92	  0.0043185	 0.00039421	  0.0023802	 -0.0023481	  -0.019309	   0.010368	
5	13	    0.12628	    0.20210	     125.66	    0.19761	-9.7531e+92	-9.7531e+92	   0.088283	   0.077465	     0.0000	     0.0000	    -3.1405	    0.43304	
5	14	    0.16857	    0.26979	     108.09	    0.34690	-9.7531e+92	-9.7531e+92	   0.098657	    0.11129	     0.0000	   0.016630	    -4.7624	   -0.94247	
5	15	  0.0056461	  0.0090364	     104.94	    0.38615	-9.7531e+92	-9.7531e+92	  0.0035611	  0.0040130	     0.0000	 -0.0020171	   -0.18323	   0.018445	
5	16	 2.0311e-14	 3.2507e-14	     71.546	     1.3237	-9.7531e+92	-9.7531e+92	 5.3336e-05	 4.6919e-05	     0.0000	 1.5851e-08	 -0.0021067	-9.6512e-08	
5	17	 7.1667e-15	 1.1470e-14	     219.60	   0.022168	-9.7531e+92	-9.7531e+92	 8.6594e-05	 5.0157e-05	     0.0000	 -0.0021410	 -0.0022024	  0.0067741	
5	18	    0.21419	    0.34281	     53.346	     2.4617	-9.7531e+92	-9.7531e+92	    0.11092	    0.12690	   0.015014	    0.10500	    -6.6695	    -3.1698	
5	19	   0.036154	   0.057863	     64.874	     1.6901	-9.7531e+92	-9.7531e+92	   0.048950	   0.015609	   0.035588	   0.055067	   -0.96929	   -0.46733	
5	20	    0.15919	    0.25478	     39.691	     3.3571	-9.7531e+92	-9.7531e+92	   0.086951	   0.075283	   0.072047	    0.43524	    -4.5639	    -2.7983	
5	21	 6.2408e-05	 9.9882e-05	     132.91	    0.15951	-9.7531e+92	-9.7531e+92	   0.034360	 8.6024e-05	     0.0000	-7.3232e-05	 -0.0041016	     2.3450	
5	22	 6.8267e-15	 1.0926e-14	     151.89	   0.095092	-9.7531e+92	-9.7531e+92	 0.00014073	 4.7535e-05	     0.0000	 -0.0020871	 -0.0021387	  0.0076026	
5	23	   0.010176	   0.016286	     65.633	     1.6449	-9.7531e+92	-9.7531e+92	  0.0075610	  0.0068595	  0.0015200	  0.0025693	   -0.31833	   -0.13690	
5	24	 2.0781e-07	 3.3259e-07	     106.34	    0.36810	-9.7531e+92	-9.7531e+92	 0.00017910	 4.7305e-05	     0.0000	-0.00036163	 -0.0021684	  0.0048641	
6	0	    0.16654	    0.36807	     105.31	    0.38136	-9.7531e+92	-9.7531e+92	    0.14582	    0.21990	     0.0000	     0.0000	     2.2038	     0.0000	
6	1	    0.10048	    0.22208	     96.519	    0.51972	-9.7531e+92	-9.7531e+92	    0.12421	    0.13271	     0.0000	     0.0000	     1.5333	     0.0000	
6	2	  0.0018908	  0.0041788	     118.53	    0.24644	-9.7531e+92	-9.7531e+92	  0.0068894	  0.0036595	     0.0000	     0.0000	   0.036617	     0.0000	
6	3	 8.0445e-05	 0.00017779	     180.81	   0.047921	-9.7531e+92	-9.7531e+92	  0.0011798	 0.00028819	     0.0000	     0.0000	  0.0027690	     0.0000	
6	4	 3.0048e-07	 6.6408e-07	     179.35	   0.049487	-9.7531e+92	-9.7531e+92	 0.00086750	 0.00013442	     0.0000	     0.0000	  0.0012313	     0.0000	
6	5	    0.15469	    0.34189	     72.218	     1.2908	-9.7531e+92	-9.7531e+92	   0.096418	    0.28537	   0.045607	     0.0000	     2.9633	     0.0000	
6	6	     0.0000	     0.0000	     0.0000	     4.0000	-9.7531e+92	-9.7531e+92	     1.1476	     0.0000	    0.99606	     0.0000	     0.0000	     0.0000	
6	7	   0.089708	    0.19826	     34.871	     3.5904	-9.7531e+92	-9.7531e+92	   0.094258	    0.14765	     0.0000	     0.0000	     1.7382	     0.0000	
6	8	 0.00015293	 0.00033799	     109.28	    0.33318	-9.7531e+92	-9.7531e+92	  0.0089447	 0.00044569	     0.0000	     0.0000	  0.0039978	     0.0000	
6	9	    0.12552	    0.27741	     62.827	     1.8164	-9.7531e+92	-9.7531e+92	    0.11448	    0.20816	     0.0000	     0.0000	     2.3938	     0.0000	
6	10	 4.8712e-15	 1.0766e-14	     153.37	   0.091543	-9.7531e+92	-9.7531e+92	 0.00023697	 0.00014589	     0.0000	     0.0000	  0.0011777	     0.0000	
6	11	 2.4020e-08	 5.3085e-08	     117.04	    0.25846	-9.7531e+92	-9.7531e+92	 0.00029704	 0.00014332	     0.0000	     0.0000	  0.0011915	     0.0000	
6	12	 8.0557e-16	 1.7804e-15	     152.49	   0.093630	-9.7531e+92	-9.7531e+92	 0.00059567	 0.00014532	     0.0000	     0.0000	  0.0011753	     0.0000	
6	13	    0.12055	    0.26642	     53.773	     2.4314	-9.7531e+92	-9.7531e+92	    0.14854	    0.16015	     0.0000	     0.0000	     1.6488	     0.0000	
6	14	    0.10238	    0.22626	     41.508	     3.2546	-9.7531e+92	-9.7531e+92	    0.12384	    0.16835	     0.0000	     0.0000	     1.9218	     0.0000	
6	15	  0.0025477	  0.0056307	     96.746	    0.51548	-9.7531e+92	-9.7531e+92	  0.0034354	  0.0048215	     0.0000	     0.0000	   0.049743	     0.0000	
6	16	 8.2080e-15	 1.8140e-14	     111.89	    0.30549	-9.7531e+92	-9.7531e+92	 7.3652e-05	 0.00014239	     0.0000	     0.0000	  0.0012165	     0.0000	
6	17	 2.7686e-15	 6.1188e-15	     251.72	   0.012870	-9.7531e+92	-9.7531e+92	 0.00010814	 0.00014547	     0.0000	     0.0000	  0.0011661	     0.0000	
6	18	   0.097416	    0.21530	     36.723	     3.5078	-9.7531e+92	-9.7531e+92	   0.089403	    0.16066	     0.0000	     0.0000	     1.8225	     0.0000	
6	19	 8.6481e-06	 1.9113e-05	     133.74	    0.15573	-9.7531e+92	-9.7531e+92	  0.0058801	 0.00014441	     0.0000	     0.0000	  0.0013568	     0.0000	
6	20	 0.00026779	 0.00059185	     111.59	    0.30852	-9.7531e+92	-9.7531e+92	   0.010397	 0.00064849	     0.0000	     0.0000	  0.0059699	     0.0000	
6	21	   0.034996	   0.077344	     78.899	     1.0025	-9.7531e+92	-9.7531e+92	   0.081778	   0.060486	     0.0000	     0.0000	    0.65890	     0.0000	
6	22	 3.0293e-15	 6.6950e-15	     216.08	   0.023641	-9.7531e+92	-9.7531e+92	 0.00011793	 0.00014573	     0.0000	     0.0000	  0.0011714	     0.0000	
6	23	  0.0027599	  0.0060996	     73.330	     1.2380	-9.7531e+92	-9.7531e+92	  0.0043591	  0.0054121	     0.0000	     0.0000	   0.054469	     0.0000	
6	24	 7.3213e-06	 1.6181e-05	     108.13	    0.34637	-9.7531e+92	-9.7531e+92	 0.00018644	 0.00014476	     0.0000	     0.0000	  0.0013795	     0.0000	
7	0	   0.097770	    0.22363	     80.265	    0.95180	-9.7531e+92	-9.7531e+92	    0.12322	    0.16393	     0.0000	     0.0000	     2.0138	     0.0000	
7	1	    0.11369	    0.26004	     75.481	     1.1413	-9.7531e+92	-9.7531e+92	    0.13882	    0.17940	     0.0000	     0.0000	     2.4982	     0.0000	
7	2	 0.00033954	 0.00077662	     153.12	   0.092143	-9.7531e+92	-9.7531e+92	  0.0059360	 0.00091524	     0.0000	     0.0000	   0.010246	     0.0000	
7	3	 4.8851e-12	 1.1174e-11	     215.68	   0.023812	-9.7531e+92	-9.7531e+92	 0.00092453	 0.00015941	     0.0000	     0.0000	  0.0016935	     0.0000	
7	4	 3.2059e-12	 7.3329e-12	     209.16	   0.026904	-9.7531e+92	-9.7531e+92	 0.00073169	 0.00016288	     0.0000	     0.0000	  0.0016535	     0.0000	
7	5	  0.0021235	  0.0048571	     89.752	    0.66590	-9.7531e+92	-9.7531e+92	   0.015567	  0.0051116	     0.0000	     0.0000	   0.054569	     0.0000	
7	6	    0.13194	    0.30178	     34.871	     3.5904	-9.7531e+92	-9.7531e+92	    0.11288	    0.27504	     0.0000	     0.0000	     3.3841	     0.0000	
7	7	     0.0000	     0.0000	     0.0000	     4.0000	-9.7531e+92	-9.7531e+92	     1.2003	     0.0000	     1.0003	     0.0000	     0.0000	     0.0000	
7	8	 6.3000e-05	 0.00014410	     109.89	    0.32644	-9.7531e+92	-9.7531e+92	  0.0018170	 0.00032317	     0.0000	     0.0000	  0.0031591	     0.0000	
7	9	   0.091139	    0.20846	     64.406	     1.7184	-9.7531e+92	-9.7531e+92	    0.10468	    0.17672	     0.0000	     0.0000	     2.3435	     0.0000	
7	10	 8.5682e-13	 1.9598e-12	     153.29	   0.091732	-9.7531e+92	-9.7531e+92	 0.00011929	 0.00017840	     0.0000	     0.0000	  0.0015886	     0.0000	
7	11	 2.0785e-06	 4.7541e-06	     112.26	    0.30176	-9.7531e+92	-9.7531e+92	 0.00014642	 0.00018059	     0.0000	     0.0000	  0.0016557	     0.0000	
7	12	 1.6314e-12	 3.7316e-12	     158.06	   0.081372	-9.7531e+92	-9.7531e+92	 0.00018464	 0.00017780	     0.0000	     0.0000	  0.0015861	     0.0000	
7	13	    0.12970	    0.29666	     57.312	     2.1828	-9.7531e+92	-9.7531e+92	    0.16261	    0.16919	     0.0000	     0.0000	     1.6993	     0.0000	
7	14	   0.089664	    0.20509	     65.464	     1.6549	-9.7531e+92	-9.7531e+92	    0.12155	    0.17300	     0.0000	     0.0000	     2.2249	     0.0000	
7	15	 0.00024900	 0.00056954	     131.62	    0.16559	-9.7531e+92	-9.7531e+92	  0.0019039	 0.00072794	     0.0000	     0.0000	  0.0078413	     0.0000	
7	16	 7.4286e-13	 1.6991e-12	     137.28	    0.14083	-9.7531e+92	-9.7531e+92	 7.6225e-05	 0.00017370	     0.0000	     0.0000	  0.0016202	     0.0000	
7	17	 3.3739e-12	 7.7170e-12	     281.54	  0.0082346	-9.7531e+92	-9.7531e+92	 0.00010547	 0.00017712	     0.0000	     0.0000	  0.0015818	     0.0000	
7	18	    0.11076	    0.25335	     38.248	     3.4331	-9.7531e+92	-9.7531e+92	   0.098814	    0.23092	     0.0000	     0.0000	     2.7919	     0.0000	
7	19	 1.2590e-12	 2.8797e-12	     154.38	   0.089237	-9.7531e+92	-9.7531e+92	  0.0011104	 0.00015686	     0.0000	     0.0000	  0.0016120	     0.0000	
7	20	 2.1066e-05	 4.8184e-05	     126.68	    0.19164	-9.7531e+92	-9.7531e+92	  0.0018790	 0.00020879	     0.0000	     0.0000	  0.0021108	     0.0000	
7	21	    0.22824	    0.52206	     44.967	     3.0407	-9.7531e+92	-9.7531e+92	    0.18823	    0.41892	     0.0000	     0.0000	     5.9820	     0.0000	
7	22	 1.3993e-13	 3.2005e-13	     241.36	   0.015218	-9.7531e+92	-9.7531e+92	 0.00011016	 0.00017738	     0.0000	     0.0000	  0.0015880	     0.0000	
7	23	  0.0040699	  0.0093091	     58.677	     2.0891	-9.7531e+92	-9.7531e+92	  0.0049940	  0.0086309	     0.0000	     0.0000	    0.11687	     0.0000	
7	24	 0.00022335	 0.00051086	     84.614	    0.80724	-9.7531e+92	-9.7531e+92	 0.00036587	 0.00066644	     0.0000	     0.0000	  0.0075185	     0.0000	
8	0	  0.0020142	  0.0018949	     172.11	   0.058221	-9.7531e+92	-9.7531e+92	   0.019715	 0.00062574	     0.0000	     0.0000	  -0.065982	     2.8042	
8	1	  0.0013572	  0.0012768	     184.58	   0.044171	-9.7531e+92	-9.7531e+92	   0.014138	 0.00041855	     0.0000	     0.0000	  -0.041692	     3.4083	
8	2	 4.1166e-06	 3.8729e-06	     174.51	   0.055125	-9.7531e+92	-9.7531e+92	  0.0015169	 2.1734e-05	     0.0000	  -0.035074	 -0.0025713	    0.46846	
8	3	 2.6886e-16	 2.5294e-16	     221.29	   0.021502	-9.7531e+92	-9.7531e+92	 0.00029490	 2.0607e-05	     0.0000	  -0.018049	 -0.0024087	    0.16739	
8	4	 2.1322e-09	 2.0059e-09	     186.41	   0.042479	-9.7531e+92	-9.7531e+92	 0.00034544	 2.0298e-05	     0.0000	  -0.018698	 -0.0024615	    0.13226	
8	5	    0.39031	    0.36720	     54.235	     2.3987	-9.7531e+92	-9.7531e+92	    0.10957	   0.085021	   0.087942	    0.31818	    -13.805	    -11.853	
8	6	  0.0018005	  0.0016939	     109.28	    0.33318	-9.7531e+92	-9.7531e+92	   0.012765	 0.00055257	     0.0000	  -0.016638	  -0.068833	     2.2493	
8	7	 0.00034190	 0.00032165	     109.89	    0.32644	-9.7531e+92	-9.7531e+92	   0.010296	 0.00012462	     0.0000	     0.0000	  -0.015084	     2.9326	
8	8	     0.0000	     0.0000	     0.0000	     4.0000	-9.7531e+92	-9.7531e+92	    0.48878	     0.0000	    0.48330	     0.0000	     0.0000	     0.0000	
8	9	 2.3876e-07	 2.2462e-07	     171.65	   0.058843	-9.7531e+92	-9.7531e+92	  0.0080904	 2.0430e-05	     0.0000	     0.0000	 -0.0024696	     3.0454	
8	10	   0.026557	   0.024985	     44.054	     3.0993	-9.7531e+92	-9.7531e+92	  0.0070973	  0.0048319	  0.0067588	   0.057254	   -0.75776	   -0.66841	
8	11	   0.035908	   0.033782	     32.525	     3.6821	-9.7531e+92	-9.7531e+92	  0.0091331	  0.0050324	  0.0087914	   0.029904	   -0.88865	   -0.77230	
8	12	   0.021206	   0.019951	     55.069	     2.3397	-9.7531e+92	-9.7531e+92	  0.0084287	  0.0050800	  0.0072894	   0.073325	   -0.72009	   -0.61855	
8	13	   0.048428	   0.045561	     162.59	   0.072826	-9.7531e+92	-9.7531e+92	   0.031541	   0.014095	     0.0000	     0.0000	    -1.4445	     2.8386	
8	14	   0.020267	   0.019067	     146.54	    0.10935	-9.7531e+92	-9.7531e+92	   0.024909	  0.0060776	     0.0000	  -0.027749	   -0.68229	     3.0037	
8	15	 2.3441e-07	 2.2053e-07	     159.01	   0.079481	-9.7531e+92	-9.7531e+92	 0.00071832	 2.0912e-05	     0.0000	  -0.012883	 -0.0024984	    0.22137	
8	16	 1.0424e-16	 9.8065e-17	     112.87	    0.29583	-9.7531e+92	-9.7531e+92	 3.1352e-05	 1.8605e-05	     0.0000	 1.0467e-08	 -0.0022876	-1.3871e-07	
8	17	 1.5605e-15	 1.4681e-15	     258.50	   0.011577	-9.7531e+92	-9.7531e+92	 4.5285e-05	 2.1535e-05	     0.0000	 -0.0018284	 -0.0025371	   0.010841	
8	18	    0.17217	    0.16197	     75.421	     1.1439	-9.7531e+92	-9.7531e+92	   0.061003	   0.051365	  0.0046258	   0.075299	    -6.2580	    -3.7154	
8	19	  0.0068377	  0.0064329	     80.536	    0.94205	-9.7531e+92	-9.7531e+92	   0.034271	  0.0015834	   0.026416	 -0.0041556	   -0.24899	   0.048168	
8	20	    0.24568	    0.23114	     51.987	     2.5582	-9.7531e+92	-9.7531e+92	   0.078115	   0.054750	   0.069354	    0.80789	    -8.7929	    -7.7375	
8	21	 3.5903e-05	 3.3777e-05	     132.38	    0.16196	-9.7531e+92	-9.7531e+92	   0.011135	 3.0813e-05	     0.0000	-6.2555e-05	 -0.0037947	     3.7688	
8	22	 2.5343e-16	 2.3842e-16	     168.70	   0.062994	-9.7531e+92	-9.7531e+92	 8.2659e-05	 2.0864e-05	     0.0000	 -0.0018339	 -0.0025149	   0.012171	
8	23	   0.027006	   0.025407	     54.810	     2.3580	-9.7531e+92	-9.7531e+92	  0.0084543	  0.0081324	  0.0049032	  0.0068571	   -0.99819	   -0.78835	
8	24	 7.5083e-05	 7.0638e-05	     77.960	     1.0389	-9.7531e+92	-9.7531e+92	 0.00022459	 4.4844e-05	     0.0000	-0.00021227	 -0.0053431	  0.0051964	
9	0	    0.15131	    0.36305	     86.890	    0.74099	-9.7531e+92	-9.7531e+92	    0.14477	    0.28171	     0.0000	     0.0000	     4.8191	     0.0000	
9	1	    0.15660	    0.37576	     55.376	     2.3181	-9.7531e+92	-9.7531e+92	    0.17831	    0.25592	     0.0000	     0.0000	     4.8266	     0.0000	
9	2	  0.0062586	   0.015017	     133.64	    0.15619	-9.7531e+92	-9.7531e+92	   0.011838	   0.015733	     0.0000	     0.0000	    0.23909	     0.0000	
9	3	 0.00011254	 0.00027003	     191.41	   0.038254	-9.7531e+92	-9.7531e+92	  0.0018770	 0.00047556	     0.0000	     0.0000	  0.0067975	     0.0000	
9	4	 5.8271e-13	 1.3982e-12	     223.28	   0.020749	-9.7531e+92	-9.7531e+92	  0.0013568	 0.00018182	     0.0000	     0.0000	  0.0025003	     0.0000	
9	5	  0.0014244	  0.0034178	     134.70	    0.15149	-9.7531e+92	-9.7531e+92	   0.011521	  0.0039639	     0.0000	     0.0000	   0.055796	     0.0000	
9	6	   0.085148	    0.20431	     62.827	     1.8164	-9.7531e+92	-9.7531e+92	   0.093613	    0.19401	     0.0000	     0.0000	     3.2827	     0.0000	
9	7	    0.10593	    0.25417	     64.406	     1.7184	-9.7531e+92	-9.7531e+92	    0.11702	    0.24158	     0.0000	     0.0000	     4.0620	     0.0000	
9	8	 4.8066e-12	 1.1533e-11	     171.65	   0.058843	-9.7531e+92	-9.7531e+92	  0.0012961	 0.00018856	     0.0000	     0.0000	  0.0024650	     0.0000	
9	9	     0.0000	     0.0000	     0.0000	     4.0000	-9.7531e+92	-9.7531e+92	     1.2624	     0.0000	     1.0450	     0.0000	     0.0000	     0.0000	
9	10	 2.0338e-11	 4.8801e-11	     215.04	   0.024096	-9.7531e+92	-9.7531e+92	 0.00011481	 0.00020152	     0.0000	     0.0000	  0.0024335	     0.0000	
9	11	 1.7653e-11	 4.2357e-11	     175.31	   0.054135	-9.7531e+92	-9.7531e+92	 0.00012633	 0.00019860	     0.0000	     0.0000	  0.0024437	     0.0000	
9	12	 4.6872e-12	 1.1247e-11	     214.99	   0.024120	-9.7531e+92	-9.7531e+92	 0.00016540	 0.00020075	     0.0000	     0.0000	  0.0024317	     0.0000	
9	13	    0.21395	    0.51337	     9.0540	     3.9979	-9.7531e+92	-9.7531e+92	    0.21911	    0.28547	     0.0000	     0.0000	     4.4179	     0.0000	
9	14	    0.18388	    0.44121	     38.749	     3.4073	-9.7531e+92	-9.7531e+92	    0.17917	    0.39521	     0.0000	     0.0000	     6.7930	     0.0000	
9	15	  0.0044192	   0.010604	     117.55	    0.25424	-9.7531e+92	-9.7531e+92	  0.0052031	   0.011295	     0.0000	     0.0000	    0.16974	     0.0000	
9	16	 6.0153e-12	 1.4433e-11	     159.83	   0.077890	-9.7531e+92	-9.7531e+92	 7.9963e-05	 0.00019052	     0.0000	     0.0000	  0.0025391	     0.0000	
9	17	 1.4055e-12	 3.3724e-12	     293.28	  0.0069951	-9.7531e+92	-9.7531e+92	 0.00013343	 0.00019841	     0.0000	     0.0000	  0.0024371	     0.0000	
9	18	   0.033657	   0.080758	     96.665	    0.51699	-9.7531e+92	-9.7531e+92	   0.053874	   0.082575	     0.0000	     0.0000	     1.2743	     0.0000	
9	19	 1.1118e-11	 2.6677e-11	     193.08	   0.036956	-9.7531e+92	-9.7531e+92	 0.00086364	 0.00017714	     0.0000	     0.0000	  0.0024568	     0.0000	
9	20	 1.6419e-12	 3.9396e-12	     174.09	   0.055651	-9.7531e+92	-9.7531e+92	  0.0014139	 0.00017925	     0.0000	     0.0000	  0.0024496	     0.0000	
9	21	   0.057246	    0.13736	     83.320	    0.84769	-9.7531e+92	-9.7531e+92	    0.11271	    0.12796	     0.0000	     0.0000	     2.1921	     0.0000	
9	22	 4.7637e-12	 1.1430e-11	     266.14	   0.010307	-9.7531e+92	-9.7531e+92	 0.00013887	 0.00019900	     0.0000	     0.0000	  0.0024410	     0.0000	
9	23	 6.6505e-05	 0.00015958	     121.73	    0.22293	-9.7531e+92	-9.7531e+92	  0.0018891	 0.00035838	     0.0000	     0.0000	  0.0050043	     0.0000	
9	24	 1.8556e-11	 4.4525e-11	     149.07	    0.10229	-9.7531e+92	-9.7531e+92	 0.00017659	 0.00018043	     0.0000	     0.0000	  0.0025020	     0.0000	
10	0	  0.0028938	  0.0011692	     210.64	   0.026161	-9.7531e+92	-9.7531e+92	  0.0046953	 7.6276e-05	     0.0000	     0.0000	  -0.017602	    0.55671	
10	1	 0.00097442	 0.00039372	     228.04	   0.019080	-9.7531e+92	-9.7531e+92	  0.0032680	 2.6103e-05	     0.0000	     0.0000	 -0.0057736	    0.69075	
10	2	 1.1177e-14	 4.5159e-15	     213.20	   0.024934	-9.7531e+92	-9.7531e+92	 0.00040762	 1.7449e-06	     0.0000	 -0.0031869	-0.00044789	   0.092642	
10	3	 4.8776e-14	 1.9708e-14	     258.79	   0.011525	-9.7531e+92	-9.7531e+92	 9.0569e-05	 1.7524e-06	     0.0000	 -0.0016395	-0.00044570	   0.033111	
10	4	 6.4767e-14	 2.6169e-14	     204.61	   0.029363	-9.7531e+92	-9.7531e+92	 0.00012410	 1.7278e-06	     0.0000	 -0.0016985	-0.00045441	   0.026109	
10	5	   0.085066	   0.034371	     93.726	    0.57518	-9.7531e+92	-9.7531e+92	   0.025101	  0.0020843	   0.015812	  0.0090450	   -0.58285	   -0.41494	
10	6	 0.00029122	 0.00011767	     153.37	   0.091543	-9.7531e+92	-9.7531e+92	  0.0028952	 9.4016e-06	     0.0000	 -0.0019552	 -0.0024418	    0.45395	
10	7	 0.00010173	 4.1104e-05	     153.29	   0.091732	-9.7531e+92	-9.7531e+92	  0.0023261	 4.4126e-06	     0.0000	     0.0000	 -0.0011483	    0.58044	
10	8	    0.45153	    0.18244	     44.054	     3.0993	-9.7531e+92	-9.7531e+92	   0.054269	  0.0088162	   0.051916	   0.095733	    -2.9357	    -2.8256	
10	9	 3.6906e-14	 1.4912e-14	     215.04	   0.024096	-9.7531e+92	-9.7531e+92	  0.0018766	 1.7415e-06	     0.0000	     0.0000	-0.00045436	    0.60119	
10	10	     0.0000	     0.0000	     0.0000	     4.0000	-9.7531e+92	-9.7531e+92	    0.20386	     0.0000	    0.20372	     0.0000	     0.0000	     0.0000	
10	11	   0.068548	   0.027697	     46.926	     2.9109	-9.7531e+92	-9.7531e+92	  0.0080909	  0.0012347	  0.0079441	   0.013653	   -0.40422	   -0.39118	
10	12	    0.23525	   0.095052	     46.012	     2.9721	-9.7531e+92	-9.7531e+92	   0.025468	  0.0041654	   0.024979	   0.064221	    -1.3354	    -1.2912	
10	13	   0.012574	  0.0050807	     205.99	   0.028587	-9.7531e+92	-9.7531e+92	  0.0073239	 0.00031485	     0.0000	     0.0000	  -0.071104	    0.76920	
10	14	  0.0023053	 0.00093147	     190.48	   0.038997	-9.7531e+92	-9.7531e+92	  0.0054863	 6.0343e-05	     0.0000	 -0.0029821	  -0.014844	    0.70781	
10	15	 8.9799e-15	 3.6284e-15	     197.67	   0.033672	-9.7531e+92	-9.7531e+92	 0.00018696	 1.7807e-06	     0.0000	 -0.0011703	-0.00045916	   0.043656	
10	16	 2.5880e-13	 1.0457e-13	     147.94	    0.10538	-9.7531e+92	-9.7531e+92	 1.3465e-05	 1.5856e-06	     0.0000	 8.9590e-10	-0.00021026	-1.3267e-08	
10	17	 7.8715e-14	 3.1805e-14	     270.72	  0.0096279	-9.7531e+92	-9.7531e+92	 1.8512e-05	 1.8339e-06	     0.0000	-0.00016608	-0.00046687	  0.0021344	
10	18	   0.032404	   0.013093	     118.82	    0.24422	-9.7531e+92	-9.7531e+92	   0.013265	 0.00085689	     0.0000	 -0.0017243	   -0.21816	    0.18037	
10	19	   0.019783	  0.0079935	     85.643	    0.77653	-9.7531e+92	-9.7531e+92	   0.014908	 0.00043454	   0.011534	  0.0035424	   -0.13551	  -0.076557	
10	20	   0.085693	   0.034624	     74.457	     1.1864	-9.7531e+92	-9.7531e+92	   0.026205	  0.0018789	   0.022442	   0.028345	   -0.58801	   -0.51167	
10	21	 3.6988e-06	 1.4945e-06	     171.26	   0.059366	-9.7531e+92	-9.7531e+92	  0.0025163	 1.8120e-06	     0.0000	-5.6838e-06	-0.00048078	    0.74403	
10	22	 1.3738e-13	 5.5508e-14	     176.66	   0.052524	-9.7531e+92	-9.7531e+92	 3.4721e-05	 1.8030e-06	     0.0000	-0.00016732	-0.00046493	  0.0023966	
10	23	  0.0025226	  0.0010192	     95.614	    0.53700	-9.7531e+92	-9.7531e+92	  0.0014662	 7.0247e-05	     0.0000	-4.6742e-05	  -0.018016	  0.0080959	
10	24	 6.2799e-05	 2.5374e-05	     102.71	    0.41717	-9.7531e+92	-9.7531e+92	 0.00011225	 3.5639e-06	     0.0000	-2.0991e-05	-0.00090456	  0.0011067	
11	0	   0.033500	   0.015206	     167.10	   0.065400	-9.7531e+92	-9.7531e+92	   0.011144	 0.00077417	     0.0000	     0.0000	   -0.14245	    0.26758	
11	1	  0.0073571	  0.0033395	     185.20	   0.043588	-9.7531e+92	-9.7531e+92	  0.0058468	 0.00016642	     0.0000	     0.0000	  -0.029333	    0.46227	
11	2	 1.0864e-06	 4.9311e-07	     197.83	   0.033565	-9.7531e+92	-9.7531e+92	 0.00044594	 1.5950e-06	     0.0000	 -0.0027088	-0.00032571	   0.065488	
11	3	 3.0359e-14	 1.3780e-14	     244.71	   0.014404	-9.7531e+92	-9.7531e+92	 9.2914e-05	 1.5776e-06	     0.0000	 -0.0013937	-0.00031889	   0.023406	
11	4	 4.0047e-13	 1.8178e-13	     218.09	   0.022784	-9.7531e+92	-9.7531e+92	 0.00010062	 1.5580e-06	     0.0000	 -0.0014438	-0.00032527	   0.018462	
11	5	   0.048874	   0.022184	     77.490	     1.0576	-9.7531e+92	-9.7531e+92	   0.026268	  0.0010495	   0.015833	  0.0030039	   -0.23889	   -0.12201	
11	6	  0.0018385	 0.00083449	     117.04	    0.25846	-9.7531e+92	-9.7531e+92	  0.0044588	 4.4755e-05	     0.0000	 -0.0015844	 -0.0092996	    0.31374	
11	7	  0.0031262	  0.0014190	     112.26	    0.30176	-9.7531e+92	-9.7531e+92	  0.0041557	 7.5024e-05	     0.0000	     0.0000	  -0.015575	    0.39625	
11	8	    0.71275	    0.32352	     32.525	     3.6821	-9.7531e+92	-9.7531e+92	   0.086216	   0.010900	   0.083573	    0.10289	    -3.1386	    -2.9931	
11	9	 5.0946e-06	 2.3125e-06	     175.31	   0.054135	-9.7531e+92	-9.7531e+92	  0.0029689	 1.6832e-06	     0.0000	     0.0000	-0.00035003	    0.42509	
11	10	   0.051042	   0.023168	     46.926	     2.9109	-9.7531e+92	-9.7531e+92	  0.0070809	 0.00073459	  0.0069176	  0.0084108	   -0.18280	   -0.17303	
11	11	     0.0000	     0.0000	     0.0000	     4.0000	-9.7531e+92	-9.7531e+92	    0.22879	     0.0000	    0.22862	     0.0000	     0.0000	     0.0000	
11	12	 0.00052125	 0.00023660	     77.218	     1.0686	-9.7531e+92	-9.7531e+92	  0.0023207	 1.2473e-05	  0.0017710	-0.00021204	 -0.0027754	  0.0028458	
11	13	  0.0068145	  0.0030932	     166.60	   0.066184	-9.7531e+92	-9.7531e+92	  0.0096868	 0.00015326	     0.0000	     0.0000	  -0.027594	    0.56426	
11	14	  0.0043940	  0.0019945	     157.91	   0.081669	-9.7531e+92	-9.7531e+92	  0.0077717	 0.00010178	     0.0000	 -0.0024893	  -0.019945	    0.49078	
11	15	 4.6325e-15	 2.1027e-15	     182.32	   0.046370	-9.7531e+92	-9.7531e+92	 0.00020264	 1.6013e-06	     0.0000	-0.00099480	-0.00032872	   0.030875	
11	16	 4.8953e-13	 2.2220e-13	     142.85	    0.12075	-9.7531e+92	-9.7531e+92	 1.5127e-05	 1.4633e-06	     0.0000	 7.9954e-10	-0.00017621	-1.0971e-08	
11	17	 1.3538e-13	 6.1450e-14	     290.18	  0.0072979	-9.7531e+92	-9.7531e+92	 1.9244e-05	 1.6542e-06	     0.0000	-0.00014118	-0.00033440	  0.0015100	
11	18	   0.083582	   0.037939	     81.269	    0.91620	-9.7531e+92	-9.7531e+92	   0.022574	  0.0019573	     0.0000	  0.0012482	   -0.40215	   -0.10930	
11	19	 6.4593e-05	 2.9320e-05	     108.78	    0.33886	-9.7531e+92	-9.7531e+92	  0.0072411	 2.7159e-06	  0.0034512	 -0.0023127	-0.00064738	   0.039173	
11	20	   0.010275	  0.0046639	     83.734	    0.83452	-9.7531e+92	-9.7531e+92	   0.016196	 0.00021175	   0.011969	 0.00033786	  -0.050932	 -0.0048200	
11	21	 0.00049112	 0.00022292	     128.65	    0.18069	-9.7531e+92	-9.7531e+92	  0.0042732	 1.2869e-05	     0.0000	-4.6934e-06	 -0.0027243	    0.52385	
11	22	 9.6428e-14	 4.3770e-14	     200.45	   0.031856	-9.7531e+92	-9.7531e+92	 2.7458e-05	 1.6385e-06	     0.0000	-0.00014360	-0.00033330	  0.0016954	
11	23	   0.017157	  0.0077879	     53.605	     2.4433	-9.7531e+92	-9.7531e+92	  0.0038351	 0.00040773	  0.0021218	 0.00039627	  -0.084489	  -0.063684	
11	24	   0.018206	  0.0082640	     56.094	     2.2676	-9.7531e+92	-9.7531e+92	  0.0021378	 0.00043898	  0.0020054	  0.0018910	  -0.089514	  -0.085075	
12	0	 0.00074771	 0.00033637	     226.76	   0.019512	-9.7531e+92	-9.7531e+92	  0.0042047	 6.0236e-05	     0.0000	     0.0000	 -0.0066389	    0.74924	
12	1	  0.0016880	 0.00075938	     231.78	   0.017881	-9.7531e+92	-9.7531e+92	  0.0033511	 0.00012684	     0.0000	     0.0000	  -0.013226	    0.89676	
12	2	 2.2640e-05	 1.0185e-05	     181.48	   0.047226	-9.7531e+92	-9.7531e+92	 0.00062894	 6.6577e-06	     0.0000	 -0.0094670	-0.00083316	    0.12335	
12	3	 1.2291e-12	 5.5295e-13	     227.10	   0.019395	-9.7531e+92	-9.7531e+92	 0.00014582	 4.9887e-06	     0.0000	 -0.0048783	-0.00061884	   0.044135	
12	4	 4.5253e-05	 2.0358e-05	     165.11	   0.068567	-9.7531e+92	-9.7531e+92	 0.00027486	 8.1966e-06	     0.0000	 -0.0049916	 -0.0010603	   0.034468	
12	5	   0.086773	   0.039036	     80.590	    0.94012	-9.7531e+92	-9.7531e+92	   0.026984	  0.0058802	   0.016641	   0.025964	   -0.82224	   -0.56762	
12	6	 0.00014826	 6.6697e-05	     152.49	   0.093630	-9.7531e+92	-9.7531e+92	  0.0028770	 1.6056e-05	     0.0000	 -0.0058160	 -0.0020402	    0.60769	
12	7	 0.00031904	 0.00014353	     158.06	   0.081372	-9.7531e+92	-9.7531e+92	  0.0021999	 2.8807e-05	     0.0000	     0.0000	 -0.0036584	    0.77338	
12	8	    0.16058	   0.072240	     55.069	     2.3397	-9.7531e+92	-9.7531e+92	   0.026595	   0.010011	   0.023976	    0.11309	    -1.4706	    -1.3302	
12	9	 1.2012e-12	 5.4040e-13	     214.99	   0.024120	-9.7531e+92	-9.7531e+92	  0.0017829	 4.9712e-06	     0.0000	     0.0000	-0.00063210	    0.80290	
12	10	   0.069144	   0.031106	     46.012	     2.9721	-9.7531e+92	-9.7531e+92	  0.0083876	  0.0029673	  0.0082257	   0.043157	   -0.36289	   -0.32297	
12	11	  0.0091470	  0.0041150	     77.218	     1.0686	-9.7531e+92	-9.7531e+92	  0.0018371	 0.00064497	  0.0016737	  0.0090031	  -0.086529	  -0.078215	
12	12	     0.0000	     0.0000	     0.0000	     4.0000	-9.7531e+92	-9.7531e+92	    0.22893	     0.0000	    0.22839	     0.0000	     0.0000	     0.0000	
12	13	  0.0068409	  0.0030775	     205.94	   0.028617	-9.7531e+92	-9.7531e+92	  0.0068209	 0.00049456	     0.0000	     0.0000	  -0.052915	     1.0471	
12	14	  0.0057995	  0.0026090	     188.63	   0.040536	-9.7531e+92	-9.7531e+92	  0.0058867	 0.00042795	     0.0000	 -0.0086068	  -0.050617	    0.90891	
12	15	 1.1448e-06	 5.1502e-07	     166.81	   0.065853	-9.7531e+92	-9.7531e+92	 0.00025014	 5.1580e-06	     0.0000	 -0.0034818	-0.00065040	   0.058353	
12	16	 3.7809e-13	 1.7009e-13	     115.95	    0.26758	-9.7531e+92	-9.7531e+92	 1.4992e-05	 4.7614e-06	     0.0000	 3.2112e-09	-0.00055114	-3.4189e-08	
12	17	 3.4964e-13	 1.5729e-13	     225.22	   0.020047	-9.7531e+92	-9.7531e+92	 2.6057e-05	 5.1882e-06	     0.0000	-0.00049390	-0.00065080	  0.0028581	
12	18	   0.037232	   0.016750	     120.73	    0.22996	-9.7531e+92	-9.7531e+92	   0.012801	  0.0028074	     0.0000	 -0.0042311	   -0.34818	    0.19843	
12	19	    0.17718	   0.079709	     44.530	     3.0689	-9.7531e+92	-9.7531e+92	   0.046170	  0.0076506	   0.042414	   0.093390	    -1.4510	    -1.2876	
12	20	    0.44408	    0.19978	     45.010	     3.0379	-9.7531e+92	-9.7531e+92	   0.066232	   0.019931	   0.062043	    0.29744	    -3.8815	    -3.5554	
12	21	 1.1615e-12	 5.2252e-13	     187.39	   0.041605	-9.7531e+92	-9.7531e+92	  0.0024794	 4.8986e-06	     0.0000	-1.6914e-05	-0.00063392	    0.99395	
12	22	 3.2370e-14	 1.4562e-14	     131.16	    0.16782	-9.7531e+92	-9.7531e+92	 7.5221e-05	 4.8440e-06	     0.0000	-0.00046545	-0.00063647	  0.0031653	
12	23	 0.00024821	 0.00011166	     109.85	    0.32696	-9.7531e+92	-9.7531e+92	 0.00082169	 2.4428e-05	     0.0000	-0.00043275	 -0.0030568	   0.031525	
12	24	 1.8012e-13	 8.1028e-14	     132.31	    0.16230	-9.7531e+92	-9.7531e+92	 4.4090e-05	 5.2388e-06	     0.0000	-8.6879e-05	-0.00065050	  0.0020543	
13	0	   0.063974	    0.95627	     86.013	    0.76580	-9.7531e+92	-9.7531e+92	    0.64827	    0.19269	     0.0000	     0.0000	     2.6973	     0.0000	
13	1	   0.062277	    0.93091	     57.043	     2.2015	-9.7531e+92	-9.7531e+92	    0.76328	    0.10370	     0.0000	     0.0000	     1.0358	     0.0000	
13	2	   0.038487	    0.57530	     127.66	    0.18612	-9.7531e+92	-9.7531e+92	    0.18468	    0.12751	     0.0000	     0.0000	     1.7557	     0.0000	
13	3	 0.00015089	  0.0022555	     188.65	   0.040519	-9.7531e+92	-9.7531e+92	   0.024827	 0.00083177	     0.0000	     0.0000	   0.010061	     0.0000	
13	4	 1.3039e-11	 1.9491e-10	     217.30	   0.023117	-9.7531e+92	-9.7531e+92	   0.019135	 0.00026926	     0.0000	     0.0000	  0.0030731	     0.0000	
13	5	  0.0010628	   0.015886	     125.66	    0.19761	-9.7531e+92	-9.7531e+92	   0.077415	  0.0044467	     0.0000	     0.0000	   0.052170	     0.0000	
13	6	   0.089995	     1.3452	     53.773	     2.4314	-9.7531e+92	-9.7531e+92	    0.60191	    0.32657	     0.0000	     0.0000	     4.1744	     0.0000	
13	7	    0.19751	     2.9523	     57.312	     2.1828	-9.7531e+92	-9.7531e+92	     1.0342	    0.69516	     0.0000	     0.0000	     9.1623	     0.0000	
13	8	 4.7417e-12	 7.0878e-11	     162.59	   0.072826	-9.7531e+92	-9.7531e+92	  0.0087951	 0.00028886	     0.0000	     0.0000	  0.0030203	     0.0000	
13	9	    0.26775	     4.0023	     9.0540	     3.9979	-9.7531e+92	-9.7531e+92	     1.2767	    0.85790	     0.0000	     0.0000	     12.459	     0.0000	
13	10	 1.2542e-11	 1.8747e-10	     205.99	   0.028587	-9.7531e+92	-9.7531e+92	 0.00072768	 0.00031569	     0.0000	     0.0000	  0.0029432	     0.0000	
13	11	 2.5042e-14	 3.7432e-13	     166.60	   0.066184	-9.7531e+92	-9.7531e+92	 0.00082173	 0.00031020	     0.0000	     0.0000	  0.0029582	     0.0000	
13	12	 1.2196e-12	 1.8230e-11	     205.94	   0.028617	-9.7531e+92	-9.7531e+92	  0.0010671	 0.00031538	     0.0000	     0.0000	  0.0029348	     0.0000	
13	13	     0.0000	     0.0000	     0.0000	     4.0000	-9.7531e+92	-9.7531e+92	     8.0827	     0.0000	     5.8013	     0.0000	     0.0000	     0.0000	
13	14	    0.11640	     1.7399	     32.765	     3.6733	-9.7531e+92	-9.7531e+92	    0.89173	    0.34699	     0.0000	     0.0000	     5.2581	     0.0000	
13	15	  0.0050855	   0.076017	     111.52	    0.30921	-9.7531e+92	-9.7531e+92	   0.047023	   0.017954	     0.0000	     0.0000	    0.24356	     0.0000	
13	16	 6.4861e-12	 9.6952e-11	     153.85	   0.090443	-9.7531e+92	-9.7531e+92	 0.00049814	 0.00030735	     0.0000	     0.0000	  0.0029601	     0.0000	
13	17	 1.0319e-12	 1.5424e-11	     287.27	  0.0075975	-9.7531e+92	-9.7531e+92	  0.0012444	 0.00030385	     0.0000	     0.0000	  0.0029673	     0.0000	
13	18	   0.057087	    0.85333	     87.611	    0.72124	-9.7531e+92	-9.7531e+92	    0.43448	    0.20932	     0.0000	     0.0000	     2.6364	     0.0000	
13	19	 2.4463e-12	 3.6567e-11	     184.51	   0.044238	-9.7531e+92	-9.7531e+92	  0.0058055	 0.00027291	     0.0000	     0.0000	  0.0030005	     0.0000	
13	20	 1.9141e-11	 2.8612e-10	     165.04	   0.068678	-9.7531e+92	-9.7531e+92	  0.0094959	 0.00028017	     0.0000	     0.0000	  0.0029723	     0.0000	
13	21	   0.099800	     1.4918	     76.619	     1.0932	-9.7531e+92	-9.7531e+92	    0.81360	    0.33175	     0.0000	     0.0000	     4.6455	     0.0000	
13	22	 1.8952e-11	 2.8329e-10	     260.15	   0.011286	-9.7531e+92	-9.7531e+92	  0.0012940	 0.00030572	     0.0000	     0.0000	  0.0029750	     0.0000	
13	23	 0.00041929	  0.0062674	     113.01	    0.29441	-9.7531e+92	-9.7531e+92	   0.015341	  0.0019352	     0.0000	     0.0000	   0.022570	     0.0000	
13	24	 6.4399e-13	 9.6262e-12	     142.21	    0.12286	-9.7531e+92	-9.7531e+92	  0.0012381	 0.00027115	     0.0000	     0.0000	  0.0030931	     0.0000	
14	0	  0.0089577	   0.073558	     114.85	    0.27729	-9.7531e+92	-9.7531e+92	    0.23269	   0.020948	     0.0000	     0.0000	    0.21310	     0.0000	
14	1	    0.48931	     4.0180	     88.839	    0.68891	-9.7531e+92	-9.7531e+92	     1.2032	    0.98004	    0.14767	     0.0000	     10.147	     0.0000	
14	2	   0.024772	    0.20342	     97.273	    0.50580	-9.7531e+92	-9.7531e+92	   0.070513	   0.068557	     0.0000	     0.0000	    0.71365	     0.0000	
14	3	 0.00013897	  0.0011412	     161.01	   0.075671	-9.7531e+92	-9.7531e+92	  0.0094996	 0.00058066	     0.0000	     0.0000	  0.0058684	     0.0000	
14	4	 2.5870e-07	 2.1244e-06	     184.55	   0.044193	-9.7531e+92	-9.7531e+92	  0.0074149	 0.00021268	     0.0000	     0.0000	  0.0019293	     0.0000	
14	5	 0.00041735	  0.0034271	     108.09	    0.34690	-9.7531e+92	-9.7531e+92	   0.024416	  0.0014576	     0.0000	     0.0000	   0.014319	     0.0000	
14	6	   0.024323	    0.19973	     41.508	     3.2546	-9.7531e+92	-9.7531e+92	    0.17786	   0.071304	     0.0000	     0.0000	    0.71215	     0.0000	
14	7	   0.022599	    0.18558	     65.464	     1.6549	-9.7531e+92	-9.7531e+92	    0.23940	   0.065767	     0.0000	     0.0000	    0.66008	     0.0000	
14	8	 4.7376e-09	 3.8904e-08	     146.54	    0.10935	-9.7531e+92	-9.7531e+92	  0.0030629	 0.00022921	     0.0000	     0.0000	  0.0018744	     0.0000	
14	9	   0.035866	    0.29452	     38.749	     3.4073	-9.7531e+92	-9.7531e+92	    0.25640	   0.094697	     0.0000	     0.0000	     1.0579	     0.0000	
14	10	 2.6883e-15	 2.2075e-14	     190.48	   0.038997	-9.7531e+92	-9.7531e+92	 0.00036968	 0.00024982	     0.0000	     0.0000	  0.0018045	     0.0000	
14	11	 2.9660e-15	 2.4356e-14	     157.91	   0.081669	-9.7531e+92	-9.7531e+92	 0.00039749	 0.00024533	     0.0000	     0.0000	  0.0018217	     0.0000	
14	12	 1.6008e-15	 1.3145e-14	     188.63	   0.040536	-9.7531e+92	-9.7531e+92	 0.00048892	 0.00024850	     0.0000	     0.0000	  0.0018046	     0.0000	
14	13	   0.025550	    0.20981	     32.765	     3.6733	-9.7531e+92	-9.7531e+92	    0.51588	   0.059091	     0.0000	     0.0000	    0.62443	     0.0000	
14	14	     0.0000	     0.0000	     0.0000	     4.0000	-9.7531e+92	-9.7531e+92	     4.3873	     0.0000	     3.4164	     0.0000	     0.0000	     0.0000	
14	15	  0.0022504	   0.018479	     78.991	    0.99899	-9.7531e+92	-9.7531e+92	   0.015460	  0.0067301	     0.0000	     0.0000	   0.068885	     0.0000	
14	16	 5.5674e-15	 4.5718e-14	     121.20	    0.22662	-9.7531e+92	-9.7531e+92	 0.00027366	 0.00024221	     0.0000	     0.0000	  0.0018433	     0.0000	
14	17	 4.2503e-15	 3.4902e-14	     254.84	   0.012253	-9.7531e+92	-9.7531e+92	 0.00056382	 0.00023786	     0.0000	     0.0000	  0.0018452	     0.0000	
14	18	  0.0095336	   0.078287	     78.249	     1.0276	-9.7531e+92	-9.7531e+92	    0.15416	   0.027799	     0.0000	     0.0000	    0.27740	     0.0000	
14	19	 3.3474e-15	 2.7488e-14	     166.55	   0.066257	-9.7531e+92	-9.7531e+92	  0.0020810	 0.00021646	     0.0000	     0.0000	  0.0018545	     0.0000	
14	20	 1.9230e-07	 1.5791e-06	     147.73	    0.10597	-9.7531e+92	-9.7531e+92	  0.0032502	 0.00022162	     0.0000	     0.0000	  0.0018383	     0.0000	
14	21	    0.35627	     2.9255	     101.18	    0.44014	-9.7531e+92	-9.7531e+92	    0.89902	    0.95571	     0.0000	     0.0000	     10.494	     0.0000	
14	22	 6.4137e-16	 5.2667e-15	     227.39	   0.019298	-9.7531e+92	-9.7531e+92	 0.00058548	 0.00024063	     0.0000	     0.0000	  0.0018447	     0.0000	
14	23	 1.7267e-05	 0.00014179	     114.84	    0.27739	-9.7531e+92	-9.7531e+92	  0.0057026	 0.00027595	     0.0000	     0.0000	  0.0024172	     0.0000	
14	24	 2.1187e-15	 1.7398e-14	     150.00	   0.099849	-9.7531e+92	-9.7531e+92	 0.00082243	 0.00022590	     0.0000	     0.0000	  0.0018697	     0.0000	
15	0	  0.0020412	  0.0033370	     189.51	   0.039789	-9.7531e+92	-9.7531e+92	   0.026677	  0.0015445	     0.0000	     0.0000	 -0.0016350	   0.063486	
15	1	   0.031361	   0.051268	     167.83	   0.064291	-9.7531e+92	-9.7531e+92	   0.058822	   0.022142	     0.0000	     0.0000	   0.010801	  -0.038537	
15	2	    0.28955	    0.47335	     21.827	     3.9312	-9.7531e+92	-9.7531e+92	    0.13869	    0.12868	    0.11545	    0.44550	   -0.93389	   -0.76161	
15	3	    0.13729	    0.22443	     84.108	    0.82281	-9.7531e+92	-9.7531e+92	   0.075786	   0.034406	   0.067367	    0.14517	   -0.57501	   -0.48828	
15	4	   0.021198	   0.034653	     106.18	    0.37015	-9.7531e+92	-9.7531e+92	   0.028132	  0.0092323	   0.021595	   0.089280	  -0.047581	  -0.032442	
15	5	  0.0037736	  0.0061689	     104.94	    0.38615	-9.7531e+92	-9.7531e+92	  0.0076346	  0.0028575	     0.0000	  -0.093182	  -0.013729	   0.059719	
15	6	   0.073574	    0.12028	     96.746	    0.51548	-9.7531e+92	-9.7531e+92	   0.049920	   0.055098	     0.0000	  0.0041310	   -0.25319	  -0.014733	
15	7	 0.00043746	 0.00071514	     131.62	    0.16559	-9.7531e+92	-9.7531e+92	   0.027693	 0.00037413	     0.0000	     0.0000	 -0.0017324	    0.25627	
15	8	 6.2558e-14	 1.0227e-13	     159.01	   0.079481	-9.7531e+92	-9.7531e+92	 0.00084903	 5.0583e-05	     0.0000	  -0.053286	-0.00025554	   0.018884	
15	9	   0.021678	   0.035439	     117.55	    0.25424	-9.7531e+92	-9.7531e+92	   0.041177	   0.015904	     0.0000	     0.0000	  -0.073348	    0.20117	
15	10	 3.4666e-14	 5.6670e-14	     197.67	   0.033672	-9.7531e+92	-9.7531e+92	 7.8215e-05	 5.2426e-05	     0.0000	 -0.0039376	-0.00026732	  0.0010009	
15	11	 4.4472e-13	 7.2701e-13	     182.32	   0.046370	-9.7531e+92	-9.7531e+92	 8.3409e-05	 5.2431e-05	     0.0000	 -0.0033618	-0.00026641	  0.0010089	
15	12	 6.8615e-14	 1.1217e-13	     166.81	   0.065853	-9.7531e+92	-9.7531e+92	 0.00012100	 5.1946e-05	     0.0000	  -0.015891	-0.00026598	  0.0038938	
15	13	    0.24011	    0.39252	     111.52	    0.30921	-9.7531e+92	-9.7531e+92	    0.15434	    0.16270	     0.0000	     0.0000	   -0.10488	   0.016407	
15	14	    0.14764	    0.24135	     78.991	    0.99899	-9.7531e+92	-9.7531e+92	    0.10863	    0.10503	     0.0000	   0.021181	   -0.27381	  -0.043252	
15	15	     0.0000	     0.0000	     0.0000	     4.0000	-9.7531e+92	-9.7531e+92	    0.84590	     0.0000	    0.83515	     0.0000	     0.0000	     0.0000	
15	16	 1.6179e-13	 2.6449e-13	     65.362	     1.6609	-9.7531e+92	-9.7531e+92	 5.4480e-05	 5.1245e-05	     0.0000	 3.7655e-08	-0.00023760	-1.5224e-08	
15	17	 3.4270e-13	 5.6024e-13	     175.81	   0.053534	-9.7531e+92	-9.7531e+92	  0.0011431	 3.8070e-05	 0.00052268	 -0.0030077	-0.00010856	 0.00045783	
15	18	   0.031223	   0.051042	     116.73	    0.26100	-9.7531e+92	-9.7531e+92	   0.028160	   0.023662	     0.0000	  -0.050809	  -0.098286	   0.077283	
15	19	 1.2463e-05	 2.0373e-05	     131.26	    0.16732	-9.7531e+92	-9.7531e+92	 0.00076827	 5.5293e-05	     0.0000	  -0.084893	-0.00030021	   0.027117	
15	20	 0.00012096	 0.00019774	     124.66	    0.20372	-9.7531e+92	-9.7531e+92	  0.0010648	 0.00013078	     0.0000	   -0.11027	-0.00071482	   0.029841	
15	21	 4.7550e-07	 7.7733e-07	     175.65	   0.053734	-9.7531e+92	-9.7531e+92	   0.036751	 4.8927e-05	     0.0000	-0.00016007	-0.00023260	    0.33154	
15	22	 4.0099e-15	 6.5553e-15	     163.21	   0.071746	-9.7531e+92	-9.7531e+92	  0.0011858	 4.3165e-05	 0.00050134	 -0.0036682	-0.00017274	 0.00084898	
15	23	 2.3912e-15	 3.9091e-15	     149.47	    0.10124	-9.7531e+92	-9.7531e+92	 0.00085417	 5.2169e-05	     0.0000	 -0.0045600	-0.00026291	   0.012493	
15	24	 2.3341e-13	 3.8157e-13	     189.75	   0.039594	-9.7531e+92	-9.7531e+92	 8.9634e-05	 5.2434e-05	     0.0000	-0.00082243	-0.00026630	 0.00076611	
16	0	  0.0069076	     0.0000	     217.18	   0.023165	-9.7531e+92	-9.7531e+92	     0.0000	 1.2864e-05	     0.0000	     0.0000	-1.0089e-12	     0.0000	
16	1	  0.0047744	     0.0000	     207.46	   0.027791	-9.7531e+92	-9.7531e+92	     0.0000	 8.0060e-06	     0.0000	     0.0000	 3.3760e-11	     0.0000	
16	2	   0.013800	     0.0000	     68.097	     1.5042	-9.7531e+92	-9.7531e+92	     0.0000	 2.8896e-05	     0.0000	     0.0000	 8.9933e-11	     0.0000	
16	3	   0.029576	     0.0000	     111.94	    0.30495	-9.7531e+92	-9.7531e+92	     0.0000	 6.2843e-05	     0.0000	     0.0000	 1.9335e-10	     0.0000	
16	4	 0.00016116	     0.0000	     75.439	     1.1432	-9.7531e+92	-9.7531e+92	     0.0000	 4.8539e-07	     0.0000	     0.0000	 1.4422e-12	     0.0000	
16	5	  0.0049794	     0.0000	     71.546	     1.3237	-9.7531e+92	-9.7531e+92	     0.0000	 1.1074e-05	     0.0000	     0.0000	 3.1914e-11	     0.0000	
16	6	   0.027682	     0.0000	     111.89	    0.30549	-9.7531e+92	-9.7531e+92	     0.0000	 5.9213e-05	     0.0000	     0.0000	 1.7955e-10	     0.0000	
16	7	  0.0026296	     0.0000	     137.28	    0.14083	-9.7531e+92	-9.7531e+92	     0.0000	 5.6699e-06	     0.0000	     0.0000	 1.7388e-11	     0.0000	
16	8	   0.087564	     0.0000	     112.87	    0.29583	-9.7531e+92	-9.7531e+92	     0.0000	 0.00019992	     0.0000	     0.0000	 5.4672e-10	     0.0000	
16	9	   0.069911	     0.0000	     159.83	   0.077890	-9.7531e+92	-9.7531e+92	     0.0000	 0.00014395	     0.0000	     0.0000	 4.5492e-10	     0.0000	
16	10	    0.17643	     0.0000	     147.94	    0.10538	-9.7531e+92	-9.7531e+92	     0.0000	 0.00042598	     0.0000	     0.0000	 1.0829e-09	     0.0000	
16	11	    0.10365	     0.0000	     142.85	    0.12075	-9.7531e+92	-9.7531e+92	     0.0000	 0.00024816	     0.0000	     0.0000	 6.4462e-10	     0.0000	
16	12	   0.046162	     0.0000	     115.95	    0.26758	-9.7531e+92	-9.7531e+92	     0.0000	 0.00011068	     0.0000	     0.0000	 2.8334e-10	     0.0000	
16	13	   0.018138	     0.0000	     153.85	   0.090443	-9.7531e+92	-9.7531e+92	     0.0000	 3.1621e-05	     0.0000	     0.0000	 1.2023e-10	     0.0000	
16	14	   0.028344	     0.0000	     121.20	    0.22662	-9.7531e+92	-9.7531e+92	     0.0000	 5.2819e-05	     0.0000	     0.0000	 1.9481e-10	     0.0000	
16	15	   0.015945	     0.0000	     65.362	     1.6609	-9.7531e+92	-9.7531e+92	     0.0000	 3.4723e-05	     0.0000	     0.0000	 1.0102e-10	     0.0000	
16	16	     0.0000	     0.0000	     0.0000	     4.0000	-9.7531e+92	-9.7531e+92	     0.0000	     0.0000	     0.0000	     0.0000	     0.0000	     0.0000	
16	17	   0.013514	     0.0000	     148.25	    0.10451	-9.7531e+92	-9.7531e+92	     0.0000	 3.1989e-05	     0.0000	     0.0000	 8.5295e-11	     0.0000	
16	18	   0.024603	     0.0000	     110.59	    0.31898	-9.7531e+92	-9.7531e+92	     0.0000	 5.1737e-05	     0.0000	     0.0000	 1.6022e-10	     0.0000	
16	19	   0.024036	     0.0000	     73.024	     1.2523	-9.7531e+92	-9.7531e+92	     0.0000	 5.1268e-05	     0.0000	     0.0000	 1.4943e-10	     0.0000	
16	20	   0.024672	     0.0000	     74.477	     1.1855	-9.7531e+92	-9.7531e+92	     0.0000	 5.2710e-05	     0.0000	     0.0000	 1.5303e-10	     0.0000	
16	21	   0.086709	     0.0000	     180.81	   0.047925	-9.7531e+92	-9.7531e+92	     0.0000	 0.00017766	     0.0000	     0.0000	 5.6281e-10	     0.0000	
16	22	   0.038580	     0.0000	     106.73	    0.36321	-9.7531e+92	-9.7531e+92	     0.0000	 9.1460e-05	     0.0000	     0.0000	 2.9998e-10	     0.0000	
16	23	   0.096704	     0.0000	     136.77	    0.14287	-9.7531e+92	-9.7531e+92	     0.0000	 0.00022115	     0.0000	     0.0000	 6.1471e-10	     0.0000	
16	24	   0.019831	     0.0000	     177.80	   0.051213	-9.7531e+92	-9.7531e+92	     0.0000	 4.5657e-05	     0.0000	     0.0000	 1.3176e-10	     0.0000	
17	0	 4.2929e-11	 1.7343e-11	     353.56	  0.0033150	-9.7531e+92	-9.7531e+92	  0.0014997	 4.1549e-06	     0.0000	     0.0000	-6.6851e-05	   0.094972	
17	1	 1.0597e-11	 4.2811e-12	     342.57	  0.0037606	-9.7531e+92	-9.7531e+92	  0.0041683	 4.0465e-06	     0.0000	     0.0000	-5.6309e-05	    0.10416	
17	2	   0.090982	   0.036756	     160.64	   0.076357	-9.7531e+92	-9.7531e+92	   0.028651	  0.0046697	   0.022906	   0.029266	   -0.11905	  -0.095859	
17	3	    0.28392	    0.11470	     122.41	    0.21829	-9.7531e+92	-9.7531e+92	   0.044687	   0.013969	   0.042607	    0.15970	   -0.37299	   -0.34907	
17	4	    0.57227	    0.23119	     73.525	     1.2289	-9.7531e+92	-9.7531e+92	   0.067228	  0.0094956	   0.065613	    0.11170	   -0.48594	   -0.45215	
17	5	 8.8066e-12	 3.5578e-12	     219.60	   0.022168	-9.7531e+92	-9.7531e+92	 0.00057719	 4.2163e-06	     0.0000	  -0.010349	-9.1776e-05	   0.030116	
17	6	 1.2221e-10	 4.9372e-11	     251.72	   0.012870	-9.7531e+92	-9.7531e+92	  0.0018952	 4.2408e-06	     0.0000	 -0.0052869	-9.0263e-05	   0.088489	
17	7	 4.6992e-11	 1.8985e-11	     281.54	  0.0082346	-9.7531e+92	-9.7531e+92	  0.0017386	 4.1927e-06	     0.0000	     0.0000	-9.0074e-05	    0.11268	
17	8	 5.3968e-11	 2.1803e-11	     258.50	   0.011577	-9.7531e+92	-9.7531e+92	 0.00012385	 4.2562e-06	     0.0000	 -0.0049457	-9.3448e-05	  0.0076965	
17	9	 6.5733e-11	 2.6556e-11	     293.28	  0.0069951	-9.7531e+92	-9.7531e+92	  0.0021954	 4.1699e-06	     0.0000	     0.0000	-8.9777e-05	    0.11639	
17	10	 3.8551e-12	 1.5575e-12	     270.72	  0.0096279	-9.7531e+92	-9.7531e+92	 2.0551e-05	 4.3973e-06	     0.0000	-0.00036547	-9.4805e-05	 0.00039762	
17	11	 4.2978e-11	 1.7363e-11	     290.18	  0.0072979	-9.7531e+92	-9.7531e+92	 1.7913e-05	 4.4004e-06	     0.0000	-0.00031203	-9.4696e-05	 0.00040172	
17	12	 8.2455e-12	 3.3312e-12	     225.22	   0.020047	-9.7531e+92	-9.7531e+92	 6.8823e-05	 4.3555e-06	     0.0000	 -0.0014749	-9.4633e-05	  0.0015502	
17	13	  0.0031855	  0.0012869	     287.27	  0.0075975	-9.7531e+92	-9.7531e+92	  0.0098786	 0.00019404	     0.0000	     0.0000	 -0.0028719	    0.12555	
17	14	 6.4566e-05	 2.6085e-05	     254.84	   0.012253	-9.7531e+92	-9.7531e+92	  0.0093432	 8.0085e-06	     0.0000	 -0.0079449	-0.00014825	    0.12747	
17	15	 3.4459e-11	 1.3921e-11	     175.81	   0.053534	-9.7531e+92	-9.7531e+92	   0.013821	 3.9812e-06	   0.011165	 -0.0025378	-8.9873e-05	  0.0084521	
17	16	 6.0803e-12	 2.4564e-12	     148.25	    0.10451	-9.7531e+92	-9.7531e+92	 1.3463e-05	 4.3465e-06	     0.0000	 3.4765e-09	-7.5407e-05	-4.8390e-09	
17	17	     0.0000	     0.0000	     0.0000	     4.0000	-9.7531e+92	-9.7531e+92	    0.20463	     0.0000	    0.20448	     0.0000	     0.0000	     0.0000	
17	18	 1.8557e-11	 7.4968e-12	     258.46	   0.011584	-9.7531e+92	-9.7531e+92	  0.0012740	 4.2674e-06	     0.0000	 -0.0098393	-8.7503e-05	   0.075010	
17	19	 2.4740e-11	 9.9949e-12	     187.53	   0.041480	-9.7531e+92	-9.7531e+92	  0.0010659	 3.9168e-06	     0.0000	 -0.0078906	-9.3065e-05	   0.011073	
17	20	 5.1189e-12	 2.0680e-12	     207.02	   0.028026	-9.7531e+92	-9.7531e+92	 0.00054467	 3.9040e-06	     0.0000	  -0.010370	-9.3223e-05	   0.012349	
17	21	 1.4252e-11	 5.7578e-12	     326.31	  0.0045671	-9.7531e+92	-9.7531e+92	  0.0027305	 4.1152e-06	     0.0000	-1.4857e-05	-9.0265e-05	    0.14442	
17	22	   0.049581	   0.020030	     106.10	    0.37108	-9.7531e+92	-9.7531e+92	  0.0077103	  0.0022861	  0.0075412	   0.035380	  -0.042225	  -0.039758	
17	23	 2.7913e-11	 1.1277e-11	     284.58	  0.0078888	-9.7531e+92	-9.7531e+92	 5.6414e-05	 4.4018e-06	     0.0000	-0.00042323	-9.4360e-05	  0.0050049	
17	24	 4.3375e-11	 1.7523e-11	     325.25	  0.0046269	-9.7531e+92	-9.7531e+92	 1.6024e-05	 4.4195e-06	     0.0000	-7.6333e-05	-9.4729e-05	 0.00030485	
18	0	    0.45549	     1.5082	     116.29	    0.26473	-9.7531e+92	-9.7531e+92	    0.43659	    0.58018	    0.10928	     0.0000	    -5.9107	    -1.6511	
18	1	   0.057764	    0.19127	     111.77	    0.30668	-9.7531e+92	-9.7531e+92	    0.15556	   0.065758	     0.0000	     0.0000	   -0.68512	    0.30216	
18	2	 0.00018531	 0.00061358	     137.27	    0.14087	-9.7531e+92	-9.7531e+92	  0.0073945	 0.00037936	     0.0000	 -0.0066285	 -0.0038833	   0.074699	
18	3	 3.8937e-07	 1.2893e-06	     199.21	   0.032649	-9.7531e+92	-9.7531e+92	  0.0011774	 0.00010477	     0.0000	 -0.0034550	 -0.0010189	   0.027026	
18	4	 4.0982e-09	 1.3570e-08	     186.18	   0.042684	-9.7531e+92	-9.7531e+92	 0.00095705	 0.00010591	     0.0000	 -0.0035795	 -0.0010765	   0.021383	
18	5	   0.089422	    0.29609	     53.346	     2.4617	-9.7531e+92	-9.7531e+92	   0.092534	    0.11433	   0.016410	   0.015269	    -1.2611	   -0.34041	
18	6	   0.089708	    0.29704	     36.723	     3.5078	-9.7531e+92	-9.7531e+92	    0.14000	    0.12182	     0.0000	 0.00094183	    -1.3770	   -0.11494	
18	7	   0.053537	    0.17727	     38.248	     3.4331	-9.7531e+92	-9.7531e+92	    0.11924	   0.070806	     0.0000	     0.0000	   -0.81934	    0.18489	
18	8	  0.0021350	  0.0070694	     75.421	     1.1439	-9.7531e+92	-9.7531e+92	   0.011166	  0.0030044	     0.0000	 -0.0019493	  -0.030360	   0.019174	
18	9	 0.00075775	  0.0025090	     96.665	    0.51699	-9.7531e+92	-9.7531e+92	   0.081210	  0.0011505	     0.0000	     0.0000	  -0.012981	    0.48826	
18	10	 5.0636e-15	 1.6766e-14	     118.82	    0.24422	-9.7531e+92	-9.7531e+92	 0.00031837	 0.00010629	     0.0000	-0.00027504	 -0.0010415	  0.0016455	
18	11	 0.00023456	 0.00077667	     81.269	    0.91620	-9.7531e+92	-9.7531e+92	 0.00062610	 0.00045500	     0.0000	-4.7567e-05	 -0.0043555	 0.00035016	
18	12	 9.7504e-09	 3.2285e-08	     120.73	    0.22996	-9.7531e+92	-9.7531e+92	 0.00067598	 0.00010680	     0.0000	 -0.0011372	 -0.0010614	  0.0064182	
18	13	   0.092976	    0.30786	     87.611	    0.72124	-9.7531e+92	-9.7531e+92	    0.19534	    0.10343	     0.0000	     0.0000	    -1.3047	    0.25930	
18	14	   0.083912	    0.27785	     78.249	     1.0276	-9.7531e+92	-9.7531e+92	    0.17173	    0.10939	     0.0000	 -0.0018656	    -1.1467	    0.16954	
18	15	 5.2469e-05	 0.00017373	     116.73	    0.26100	-9.7531e+92	-9.7531e+92	  0.0023700	 0.00018016	     0.0000	 -0.0024465	 -0.0019278	   0.035528	
18	16	 5.2218e-16	 1.7290e-15	     110.59	    0.31898	-9.7531e+92	-9.7531e+92	 0.00011035	 0.00010868	     0.0000	 2.7573e-09	 -0.0010759	-2.5005e-08	
18	17	 4.1991e-15	 1.3904e-14	     258.46	   0.011584	-9.7531e+92	-9.7531e+92	 0.00014876	 0.00011456	     0.0000	-0.00035002	 -0.0011778	  0.0017560	
18	18	     0.0000	     0.0000	     0.0000	     4.0000	-9.7531e+92	-9.7531e+92	     1.7088	     0.0000	     1.5103	     0.0000	     0.0000	     0.0000	
18	19	 7.8028e-06	 2.5836e-05	     118.15	    0.24945	-9.7531e+92	-9.7531e+92	  0.0060228	 0.00010269	     0.0000	 -0.0057394	 -0.0011509	   0.046048	
18	20	 0.00058251	  0.0019288	     90.275	    0.65310	-9.7531e+92	-9.7531e+92	   0.010801	 0.00091940	     0.0000	 -0.0074164	  -0.010331	   0.048188	
18	21	   0.037196	    0.12316	     79.511	    0.97945	-9.7531e+92	-9.7531e+92	    0.13486	   0.046767	     0.0000	-3.8341e-06	   -0.56271	    0.40710	
18	22	 6.8621e-16	 2.2721e-15	     205.13	   0.029065	-9.7531e+92	-9.7531e+92	 0.00016002	 0.00011344	     0.0000	-0.00035759	 -0.0011545	  0.0019711	
18	23	   0.035663	    0.11809	     36.898	     3.4995	-9.7531e+92	-9.7531e+92	   0.032289	   0.048689	   0.019791	  0.0013109	   -0.47146	   -0.15776	
18	24	 0.00037562	  0.0012437	     74.739	     1.1738	-9.7531e+92	-9.7531e+92	 0.00079733	 0.00052369	     0.0000	 4.6679e-06	 -0.0041903	-0.00019762	
19	0	 7.5850e-05	 7.1965e-05	     234.49	   0.017074	-9.7531e+92	-9.7531e+92	   0.011437	 5.2606e-05	     0.0000	     0.0000	 -0.0038600	     2.2972	
19	1	 0.00091433	 0.00086750	     226.57	   0.019575	-9.7531e+92	-9.7531e+92	   0.010128	 0.00035415	     0.0000	     0.0000	  -0.024335	     2.7237	
19	2	   0.010872	   0.010315	     139.30	    0.13308	-9.7531e+92	-9.7531e+92	  0.0045935	  0.0040535	     0.0000	  -0.010355	   -0.34278	   0.088888	
19	3	 2.1593e-05	 2.0487e-05	     184.07	   0.044655	-9.7531e+92	-9.7531e+92	  0.0010394	 3.2863e-05	     0.0000	  -0.022756	 -0.0027530	    0.13555	
19	4	  0.0068634	  0.0065119	     119.82	    0.23665	-9.7531e+92	-9.7531e+92	  0.0025491	  0.0024787	     0.0000	   0.017495	   -0.22046	  -0.080034	
19	5	    0.31678	    0.30055	     64.874	     1.6901	-9.7531e+92	-9.7531e+92	   0.098467	   0.091824	   0.076654	    0.34672	    -9.8278	    -7.8665	
19	6	 0.00088199	 0.00083682	     133.74	    0.15573	-9.7531e+92	-9.7531e+92	  0.0094000	 0.00034765	     0.0000	  -0.025039	  -0.030281	     1.8584	
19	7	 0.00011711	 0.00011111	     154.38	   0.089237	-9.7531e+92	-9.7531e+92	  0.0069458	 6.8450e-05	     0.0000	     0.0000	 -0.0058725	     2.3959	
19	8	   0.043038	   0.040833	     80.536	    0.94205	-9.7531e+92	-9.7531e+92	   0.026805	   0.012127	   0.021280	   0.098883	    -1.3167	   -0.98322	
19	9	 2.6479e-14	 2.5123e-14	     193.08	   0.036956	-9.7531e+92	-9.7531e+92	  0.0060370	 2.4815e-05	     0.0000	     0.0000	 -0.0021287	     2.4813	
19	10	  0.0023366	  0.0022169	     85.643	    0.77653	-9.7531e+92	-9.7531e+92	  0.0018908	 0.00073945	  0.0015493	  0.0098253	  -0.072904	  -0.053581	
19	11	 4.9230e-06	 4.6709e-06	     108.78	    0.33886	-9.7531e+92	-9.7531e+92	 0.00072849	 2.4586e-05	 0.00038384	 -0.0013823	 -0.0022811	  0.0080945	
19	12	   0.084116	   0.079808	     44.530	     3.0689	-9.7531e+92	-9.7531e+92	   0.024186	   0.017744	   0.023036	    0.21808	    -2.1673	    -1.7950	
19	13	   0.037472	   0.035553	     184.51	   0.044238	-9.7531e+92	-9.7531e+92	   0.025346	   0.013400	     0.0000	     0.0000	   -0.94851	     2.5023	
19	14	   0.013210	   0.012534	     166.55	   0.066257	-9.7531e+92	-9.7531e+92	   0.019553	  0.0048431	     0.0000	  -0.037688	   -0.38240	     2.6009	
19	15	 0.00066109	 0.00062723	     131.26	    0.16732	-9.7531e+92	-9.7531e+92	  0.0013174	 0.00027562	     0.0000	  -0.014665	  -0.023495	    0.16224	
19	16	 4.1006e-15	 3.8906e-15	     73.024	     1.2523	-9.7531e+92	-9.7531e+92	 3.1619e-05	 2.4164e-05	     0.0000	 1.6542e-08	 -0.0021095	-1.2210e-07	
19	17	 1.1504e-14	 1.0915e-14	     187.53	   0.041480	-9.7531e+92	-9.7531e+92	 0.00013344	 2.5612e-05	     0.0000	 -0.0023071	 -0.0021882	  0.0088562	
19	18	   0.059918	   0.056849	     118.15	    0.24945	-9.7531e+92	-9.7531e+92	   0.033642	   0.022260	     0.0000	-3.7563e-05	    -1.8833	  0.0011692	
19	19	     0.0000	     0.0000	     0.0000	     4.0000	-9.7531e+92	-9.7531e+92	    0.52700	     0.0000	    0.51908	     0.0000	     0.0000	     0.0000	
19	20	    0.42062	    0.39907	     28.400	     3.8088	-9.7531e+92	-9.7531e+92	    0.12726	   0.035052	    0.11843	    0.24660	    -8.5349	    -6.6291	
19	21	 4.1650e-15	 3.9516e-15	     197.71	   0.033641	-9.7531e+92	-9.7531e+92	  0.0078628	 2.4447e-05	     0.0000	-7.9285e-05	 -0.0021354	     3.0725	
19	22	  0.0021038	  0.0019960	     93.933	    0.57085	-9.7531e+92	-9.7531e+92	 0.00068879	 0.00065539	 0.00029157	  0.0086865	  -0.062430	  -0.043147	
19	23	 4.6985e-07	 4.4578e-07	     121.29	    0.22600	-9.7531e+92	-9.7531e+92	  0.0015790	 2.5805e-05	     0.0000	 -0.0021624	 -0.0021981	    0.10464	
19	24	 5.4190e-15	 5.1414e-15	     150.08	   0.099629	-9.7531e+92	-9.7531e+92	 6.4267e-05	 2.6082e-05	     0.0000	-0.00040732	 -0.0021952	  0.0063652	
20	0	 0.00015218	 0.00014963	     206.61	   0.028245	-9.7531e+92	-9.7531e+92	  0.0087048	 8.6925e-05	     0.0000	     0.0000	 -0.0066572	     2.5847	
20	1	  0.0020755	  0.0020407	     199.20	   0.032652	-9.7531e+92	-9.7531e+92	  0.0075861	 0.00083185	     0.0000	     0.0000	  -0.059756	     3.0442	
20	2	 0.00028432	 0.00027956	     139.77	    0.13137	-9.7531e+92	-9.7531e+92	  0.0022468	 0.00014130	     0.0000	  -0.045412	  -0.012330	    0.41964	
20	3	 2.2988e-06	 2.2603e-06	     185.64	   0.043179	-9.7531e+92	-9.7531e+92	 0.00051978	 2.7955e-05	     0.0000	  -0.023831	 -0.0024115	    0.15284	
20	4	 3.1482e-05	 3.0954e-05	     135.08	    0.14987	-9.7531e+92	-9.7531e+92	  0.0011138	 3.8785e-05	     0.0000	  -0.024456	 -0.0035075	    0.12004	
20	5	    0.10087	   0.099183	     39.691	     3.3571	-9.7531e+92	-9.7531e+92	   0.070183	   0.028454	   0.047578	   0.074050	    -3.4222	    -2.2756	
20	6	  0.0012929	  0.0012712	     111.59	    0.30852	-9.7531e+92	-9.7531e+92	  0.0069962	 0.00053060	     0.0000	  -0.023208	  -0.048559	     2.0739	
20	7	 0.00043774	 0.00043040	     126.68	    0.19164	-9.7531e+92	-9.7531e+92	  0.0049868	 0.00020275	     0.0000	     0.0000	  -0.018050	     2.6804	
20	8	   0.074505	   0.073256	     51.987	     2.5582	-9.7531e+92	-9.7531e+92	   0.032678	   0.019176	   0.026953	    0.13873	    -2.3689	    -1.8665	
20	9	 4.6924e-08	 4.6138e-08	     174.09	   0.055651	-9.7531e+92	-9.7531e+92	  0.0041111	 2.6831e-05	     0.0000	     0.0000	 -0.0023867	     2.7862	
20	10	 0.00051530	 0.00050666	     74.457	     1.1864	-9.7531e+92	-9.7531e+92	  0.0014272	 0.00017794	  0.0010734	 0.00096031	  -0.018808	 -0.0061529	
20	11	 3.6588e-05	 3.5975e-05	     83.734	    0.83452	-9.7531e+92	-9.7531e+92	 0.00077885	 3.5329e-05	 0.00042168	 -0.0010879	 -0.0035555	  0.0077754	
20	12	   0.023481	   0.023088	     45.010	     3.0379	-9.7531e+92	-9.7531e+92	   0.015918	  0.0050249	   0.014727	   0.056990	   -0.62611	   -0.49219	
20	13	  0.0030360	  0.0029851	     165.04	   0.068678	-9.7531e+92	-9.7531e+92	   0.016120	  0.0011913	     0.0000	     0.0000	  -0.088180	     3.6638	
20	14	  0.0025714	  0.0025283	     147.73	    0.10597	-9.7531e+92	-9.7531e+92	   0.013541	  0.0010394	     0.0000	  -0.043278	  -0.085236	     3.2214	
20	15	 0.00060448	 0.00059435	     124.66	    0.20372	-9.7531e+92	-9.7531e+92	 0.00087336	 0.00027536	     0.0000	  -0.015443	  -0.024273	    0.18390	
20	16	 1.8619e-14	 1.8307e-14	     74.477	     1.1855	-9.7531e+92	-9.7531e+92	 3.2767e-05	 2.5872e-05	     0.0000	 1.6663e-08	 -0.0023460	-1.3587e-07	
20	17	 1.4124e-15	 1.3887e-15	     207.02	   0.028026	-9.7531e+92	-9.7531e+92	 7.7396e-05	 2.8082e-05	     0.0000	 -0.0024121	 -0.0024591	  0.0099394	
20	18	   0.026350	   0.025909	     90.275	    0.65310	-9.7531e+92	-9.7531e+92	   0.026284	   0.010461	     0.0000	  -0.030015	   -0.92944	     1.0172	
20	19	    0.76351	    0.75072	     28.400	     3.8088	-9.7531e+92	-9.7531e+92	    0.21223	    0.13188	    0.20402	     1.0000	    -22.000	    -18.274	
20	20	     0.0000	     0.0000	     0.0000	     4.0000	-9.7531e+92	-9.7531e+92	    0.54939	     0.0000	    0.54023	     0.0000	     0.0000	     0.0000	
20	21	 6.8104e-07	 6.6963e-07	     169.84	   0.061351	-9.7531e+92	-9.7531e+92	  0.0055606	 2.6681e-05	     0.0000	-8.2679e-05	 -0.0024167	     3.4498	
20	22	 1.3772e-06	 1.3541e-06	     116.48	    0.26308	-9.7531e+92	-9.7531e+92	 0.00030216	 2.5093e-05	     0.0000	 -0.0021139	 -0.0023739	   0.010631	
20	23	 0.00023808	 0.00023409	     93.058	    0.58941	-9.7531e+92	-9.7531e+92	  0.0014182	 0.00012524	     0.0000	 -0.0019909	  -0.011119	    0.10993	
20	24	 2.9477e-15	 2.8983e-15	     121.85	    0.22210	-9.7531e+92	-9.7531e+92	 6.1968e-05	 2.8118e-05	     0.0000	-0.00042463	 -0.0024560	  0.0071438	
21	0	    0.13206	    0.29193	     39.458	     3.3697	-9.7531e+92	-9.7531e+92	    0.13442	    0.26025	     0.0000	     0.0000	     3.7907	     0.0000	
21	1	    0.11608	    0.25662	     57.297	     2.1839	-9.7531e+92	-9.7531e+92	    0.14086	    0.24546	     0.0000	     0.0000	     3.8534	     0.0000	
21	2	 5.3405e-06	 1.1806e-05	     197.19	   0.033993	-9.7531e+92	-9.7531e+92	  0.0062471	 0.00020998	     0.0000	     0.0000	  0.0026819	     0.0000	
21	3	 2.6951e-12	 5.9578e-12	     259.71	   0.011362	-9.7531e+92	-9.7531e+92	 0.00094307	 0.00020168	     0.0000	     0.0000	  0.0024912	     0.0000	
21	4	 4.7468e-13	 1.0494e-12	     253.96	   0.012424	-9.7531e+92	-9.7531e+92	 0.00075252	 0.00021039	     0.0000	     0.0000	  0.0024502	     0.0000	
21	5	 0.00042552	 0.00094066	     132.91	    0.15951	-9.7531e+92	-9.7531e+92	   0.010708	  0.0014876	     0.0000	     0.0000	   0.018098	     0.0000	
21	6	   0.026222	   0.057968	     78.899	     1.0025	-9.7531e+92	-9.7531e+92	   0.057578	   0.073311	     0.0000	     0.0000	    0.98108	     0.0000	
21	7	    0.17296	    0.38236	     44.967	     3.0407	-9.7531e+92	-9.7531e+92	    0.14142	    0.41029	     0.0000	     0.0000	     6.6494	     0.0000	
21	8	 6.6991e-05	 0.00014809	     132.38	    0.16196	-9.7531e+92	-9.7531e+92	  0.0013798	 0.00043457	     0.0000	     0.0000	  0.0048235	     0.0000	
21	9	   0.071693	    0.15849	     83.320	    0.84769	-9.7531e+92	-9.7531e+92	   0.091469	    0.18473	     0.0000	     0.0000	     2.6919	     0.0000	
21	10	 9.6401e-13	 2.1311e-12	     171.26	   0.059366	-9.7531e+92	-9.7531e+92	 0.00010891	 0.00023269	     0.0000	     0.0000	  0.0023650	     0.0000	
21	11	 3.4128e-12	 7.5445e-12	     128.65	    0.18069	-9.7531e+92	-9.7531e+92	 0.00013406	 0.00022846	     0.0000	     0.0000	  0.0023816	     0.0000	
21	12	 1.8887e-14	 4.1753e-14	     187.39	   0.041605	-9.7531e+92	-9.7531e+92	 0.00015614	 0.00023167	     0.0000	     0.0000	  0.0023636	     0.0000	
21	13	    0.17006	    0.37593	     76.619	     1.0932	-9.7531e+92	-9.7531e+92	    0.17525	    0.35654	     0.0000	     0.0000	     5.2227	     0.0000	
21	14	    0.15962	    0.35285	     101.18	    0.44014	-9.7531e+92	-9.7531e+92	    0.15090	    0.27050	     0.0000	     0.0000	     4.4700	     0.0000	
21	15	 2.1808e-12	 4.8210e-12	     175.65	   0.053734	-9.7531e+92	-9.7531e+92	  0.0017521	 0.00019954	     0.0000	     0.0000	  0.0024581	     0.0000	
21	16	 3.4935e-12	 7.7229e-12	     180.81	   0.047925	-9.7531e+92	-9.7531e+92	 7.3671e-05	 0.00021724	     0.0000	     0.0000	  0.0024977	     0.0000	
21	17	 1.0627e-12	 2.3493e-12	     326.31	  0.0045671	-9.7531e+92	-9.7531e+92	 0.00010369	 0.00022934	     0.0000	     0.0000	  0.0023675	     0.0000	
21	18	    0.14682	    0.32456	     79.511	    0.97945	-9.7531e+92	-9.7531e+92	    0.11004	    0.39430	     0.0000	     0.0000	     5.4594	     0.0000	
21	19	 2.0459e-13	 4.5227e-13	     197.71	   0.033641	-9.7531e+92	-9.7531e+92	 0.00081486	 0.00020448	     0.0000	     0.0000	  0.0023946	     0.0000	
21	20	 1.1029e-12	 2.4382e-12	     169.84	   0.061351	-9.7531e+92	-9.7531e+92	  0.0013523	 0.00020688	     0.0000	     0.0000	  0.0023861	     0.0000	
21	21	     0.0000	     0.0000	     0.0000	     4.0000	-9.7531e+92	-9.7531e+92	     1.1787	     0.0000	    0.93143	     0.0000	     0.0000	     0.0000	
21	22	 1.5803e-12	 3.4935e-12	     284.69	  0.0078758	-9.7531e+92	-9.7531e+92	 0.00010802	 0.00023012	     0.0000	     0.0000	  0.0023729	     0.0000	
21	23	  0.0030234	  0.0066837	     78.648	     1.0121	-9.7531e+92	-9.7531e+92	  0.0044603	  0.0093066	     0.0000	     0.0000	    0.11593	     0.0000	
21	24	 0.00097278	  0.0021505	     85.071	    0.79345	-9.7531e+92	-9.7531e+92	 0.00072330	  0.0031514	 7.8545e-05	     0.0000	   0.038857	     0.0000	
22	0	 2.6206e-10	 1.4448e-10	     321.47	  0.0048482	-9.7531e+92	-9.7531e+92	  0.0024953	 4.5287e-06	     0.0000	     0.0000	-0.00014630	    0.20850	
22	1	 1.3623e-11	 7.5109e-12	     312.59	  0.0054224	-9.7531e+92	-9.7531e+92	  0.0052678	 4.4120e-06	     0.0000	     0.0000	-0.00013029	    0.24180	
22	2	    0.11568	   0.063777	     161.29	   0.075160	-9.7531e+92	-9.7531e+92	   0.036440	  0.0065340	   0.028600	   0.042895	   -0.30718	   -0.25822	
22	3	   0.057832	   0.031885	     164.94	   0.068842	-9.7531e+92	-9.7531e+92	   0.027236	  0.0031426	   0.024397	   0.033409	   -0.15365	   -0.13406	
22	4	    0.53340	    0.29408	     82.638	    0.86986	-9.7531e+92	-9.7531e+92	   0.081398	   0.010761	   0.079194	    0.13228	    -1.1736	    -1.1097	
22	5	  0.0049708	  0.0027406	     151.89	   0.095092	-9.7531e+92	-9.7531e+92	  0.0078688	 0.00034609	     0.0000	 -0.0087723	  -0.013875	   0.047511	
22	6	 1.4647e-11	 8.0755e-12	     216.08	   0.023641	-9.7531e+92	-9.7531e+92	  0.0027257	 4.6205e-06	     0.0000	 -0.0057237	-0.00018171	    0.17890	
22	7	 1.3113e-10	 7.2297e-11	     241.36	   0.015218	-9.7531e+92	-9.7531e+92	  0.0025176	 4.5688e-06	     0.0000	     0.0000	-0.00018142	    0.22792	
22	8	 6.0987e-11	 3.3625e-11	     168.70	   0.062994	-9.7531e+92	-9.7531e+92	  0.0021919	 4.6295e-06	     0.0000	 -0.0053517	-0.00018638	   0.015430	
22	9	 4.8105e-11	 2.6522e-11	     266.14	   0.010307	-9.7531e+92	-9.7531e+92	  0.0029416	 4.5445e-06	     0.0000	     0.0000	-0.00018098	    0.23562	
22	10	 6.2659e-12	 3.4546e-12	     176.66	   0.052524	-9.7531e+92	-9.7531e+92	 0.00015180	 4.7839e-06	     0.0000	-0.00039552	-0.00018839	 0.00079443	
22	11	 1.2372e-10	 6.8211e-11	     200.45	   0.031856	-9.7531e+92	-9.7531e+92	 7.4978e-05	 4.7903e-06	     0.0000	-0.00033777	-0.00018833	 0.00080286	
22	12	 5.4534e-12	 3.0067e-12	     131.16	    0.16782	-9.7531e+92	-9.7531e+92	  0.0016633	 4.7301e-06	 0.00099556	 -0.0015949	-0.00018784	  0.0030980	
22	13	   0.012510	  0.0068971	     260.15	   0.011286	-9.7531e+92	-9.7531e+92	   0.013558	 0.00081832	     0.0000	     0.0000	  -0.025247	    0.26994	
22	14	   0.014250	  0.0078566	     227.39	   0.019298	-9.7531e+92	-9.7531e+92	   0.012012	 0.00095170	     0.0000	 -0.0075699	  -0.034112	    0.23797	
22	15	 0.00031704	 0.00017480	     163.21	   0.071746	-9.7531e+92	-9.7531e+92	   0.011564	 2.5016e-05	  0.0079402	 -0.0026417	 -0.0010461	   0.016282	
22	16	 9.1410e-11	 5.0398e-11	     106.73	    0.36321	-9.7531e+92	-9.7531e+92	 1.8374e-05	 4.6746e-06	     0.0000	 3.7232e-09	-0.00013425	-8.6911e-09	
22	17	   0.010313	  0.0056862	     106.10	    0.37108	-9.7531e+92	-9.7531e+92	  0.0045860	 0.00046027	  0.0043767	  0.0075035	  -0.015179	  -0.013696	
22	18	 3.4386e-11	 1.8959e-11	     205.13	   0.029065	-9.7531e+92	-9.7531e+92	  0.0037600	 4.6497e-06	     0.0000	  -0.010652	-0.00017753	    0.15283	
22	19	    0.19337	    0.10661	     93.933	    0.57085	-9.7531e+92	-9.7531e+92	   0.033573	   0.012253	   0.028970	    0.18956	   -0.53262	   -0.49188	
22	20	   0.057362	   0.031626	     116.48	    0.26308	-9.7531e+92	-9.7531e+92	   0.016337	  0.0036339	   0.011203	   0.058142	   -0.15944	   -0.12861	
22	21	 4.7128e-11	 2.5984e-11	     284.69	  0.0078758	-9.7531e+92	-9.7531e+92	  0.0036859	 4.4846e-06	     0.0000	-1.6084e-05	-0.00018171	    0.29199	
22	22	     0.0000	     0.0000	     0.0000	     4.0000	-9.7531e+92	-9.7531e+92	    0.27901	     0.0000	    0.27878	     0.0000	     0.0000	     0.0000	
22	23	 1.3540e-10	 7.4652e-11	     209.07	   0.026949	-9.7531e+92	-9.7531e+92	 0.00017979	 4.7956e-06	     0.0000	-0.00045820	-0.00018789	   0.010011	
22	24	 1.9965e-11	 1.1007e-11	     237.89	   0.016122	-9.7531e+92	-9.7531e+92	 2.3676e-05	 4.8152e-06	     0.0000	-8.2640e-05	-0.00018845	 0.00060922	
23	0	   0.064484	   0.037642	     119.13	    0.24186	-9.7531e+92	-9.7531e+92	   0.027709	  0.0062185	     0.0000	     0.0000	   -0.30800	    0.12808	
23	1	    0.12463	   0.072752	     132.72	    0.16037	-9.7531e+92	-9.7531e+92	   0.033696	   0.011895	     0.0000	     0.0000	   -0.53329	   0.013965	
23	2	 4.6433e-05	 2.7105e-05	     168.40	   0.063436	-9.7531e+92	-9.7531e+92	  0.0012003	 1.2332e-05	     0.0000	 -0.0050232	-0.00061370	   0.060118	
23	3	 3.6339e-14	 2.1212e-14	     228.38	   0.018966	-9.7531e+92	-9.7531e+92	 0.00019342	 7.4063e-06	     0.0000	 -0.0025927	-0.00035956	   0.021544	
23	4	 4.6995e-14	 2.7433e-14	     212.30	   0.025355	-9.7531e+92	-9.7531e+92	 0.00016011	 7.3987e-06	     0.0000	 -0.0026859	-0.00036929	   0.017027	
23	5	   0.075723	   0.044203	     65.633	     1.6449	-9.7531e+92	-9.7531e+92	   0.016618	  0.0075897	  0.0031972	   0.012581	   -0.41075	   -0.22872	
23	6	   0.049152	   0.028692	     73.330	     1.2380	-9.7531e+92	-9.7531e+92	   0.018139	  0.0051284	     0.0000	-0.00087229	   -0.27066	   0.084310	
23	7	    0.21848	    0.12753	     58.677	     2.0891	-9.7531e+92	-9.7531e+92	   0.042355	   0.022402	     0.0000	     0.0000	    -1.1995	   -0.56701	
23	8	   0.049133	   0.028681	     54.810	     2.3580	-9.7531e+92	-9.7531e+92	  0.0091127	  0.0049221	  0.0057139	   0.018661	   -0.25424	   -0.17842	
23	9	 0.00033458	 0.00019531	     121.73	    0.22293	-9.7531e+92	-9.7531e+92	   0.011830	 4.2229e-05	     0.0000	     0.0000	 -0.0022136	    0.39062	
23	10	 3.5466e-05	 2.0703e-05	     95.614	    0.53700	-9.7531e+92	-9.7531e+92	 0.00017880	 1.1491e-05	     0.0000	-0.00018374	-0.00056171	  0.0011505	
23	11	  0.0041107	  0.0023996	     53.605	     2.4433	-9.7531e+92	-9.7531e+92	 0.00080921	 0.00044745	 0.00059716	  0.0020391	  -0.021531	  -0.015725	
23	12	 1.1427e-06	 6.6706e-07	     109.85	    0.32696	-9.7531e+92	-9.7531e+92	 0.00024139	 7.7220e-06	     0.0000	-0.00087036	-0.00038168	  0.0050988	
23	13	   0.095330	   0.055648	     113.01	    0.29441	-9.7531e+92	-9.7531e+92	   0.034855	  0.0088968	     0.0000	     0.0000	   -0.42337	    0.20060	
23	14	   0.051975	   0.030340	     114.84	    0.27739	-9.7531e+92	-9.7531e+92	   0.023693	  0.0052527	     0.0000	 -0.0026976	   -0.25890	    0.26136	
23	15	 1.9866e-06	 1.1596e-06	     149.47	    0.10124	-9.7531e+92	-9.7531e+92	 0.00038339	 7.6094e-06	     0.0000	 -0.0018501	-0.00038480	   0.028496	
23	16	 7.6401e-14	 4.4599e-14	     136.77	    0.14287	-9.7531e+92	-9.7531e+92	 1.9453e-05	 7.3382e-06	     0.0000	 1.8428e-09	-0.00024054	-1.1500e-08	
23	17	 1.9012e-13	 1.1098e-13	     284.58	  0.0078888	-9.7531e+92	-9.7531e+92	 2.5894e-05	 7.9064e-06	     0.0000	-0.00026264	-0.00038352	  0.0013963	
23	18	    0.20943	    0.12225	     36.898	     3.4995	-9.7531e+92	-9.7531e+92	   0.040861	   0.016887	  0.0058796	  0.0064059	    -1.1346	   -0.63541	
23	19	 1.5024e-05	 8.7701e-06	     121.29	    0.22600	-9.7531e+92	-9.7531e+92	  0.0015166	 8.2639e-06	     0.0000	 -0.0046563	-0.00045777	   0.036598	
23	20	 0.00087259	 0.00050937	     93.058	    0.58941	-9.7531e+92	-9.7531e+92	  0.0029847	 9.5434e-05	     0.0000	 -0.0055837	 -0.0052667	   0.037052	
23	21	   0.038874	   0.022692	     78.648	     1.0121	-9.7531e+92	-9.7531e+92	   0.021336	  0.0039063	     0.0000	-4.1616e-06	   -0.21409	    0.31685	
23	22	 3.9036e-15	 2.2787e-15	     209.07	   0.026949	-9.7531e+92	-9.7531e+92	 2.8344e-05	 7.8689e-06	     0.0000	-0.00026832	-0.00038162	  0.0015675	
23	23	     0.0000	     0.0000	     0.0000	     4.0000	-9.7531e+92	-9.7531e+92	    0.29314	     0.0000	    0.29094	     0.0000	     0.0000	     0.0000	
23	24	   0.017378	   0.010144	     40.708	     3.3006	-9.7531e+92	-9.7531e+92	  0.0025929	  0.0015800	  0.0024227	 0.00055309	  -0.063080	  -0.044355	
24	0	    0.19940	   0.087646	     123.34	    0.21210	-9.7531e+92	-9.7531e+92	   0.039455	  0.0018053	     0.0000	     0.0000	   -0.18601	  -0.087790	
24	1	   0.042910	   0.018861	     142.19	    0.12292	-9.7531e+92	-9.7531e+92	   0.016415	 0.00037570	     0.0000	     0.0000	  -0.037076	   0.069879	
24	2	 5.5628e-13	 2.4451e-13	     210.29	   0.026336	-9.7531e+92	-9.7531e+92	 0.00077933	 6.5987e-07	     0.0000	-0.00056849	-7.0391e-05	   0.013998	
24	3	 1.2931e-12	 5.6840e-13	     270.69	  0.0096323	-9.7531e+92	-9.7531e+92	 0.00012699	 6.6860e-07	     0.0000	-0.00029247	-7.0017e-05	  0.0050025	
24	4	 8.1800e-13	 3.5955e-13	     253.16	   0.012581	-9.7531e+92	-9.7531e+92	 0.00010485	 6.6896e-07	     0.0000	-0.00030298	-7.1512e-05	  0.0039457	
24	5	  0.0010450	 0.00045935	     106.34	    0.36810	-9.7531e+92	-9.7531e+92	  0.0043374	 1.1046e-05	     0.0000	-0.00066956	 -0.0012016	   0.022201	
24	6	  0.0022896	  0.0010064	     108.13	    0.34637	-9.7531e+92	-9.7531e+92	  0.0093116	 2.3310e-05	     0.0000	-0.00034878	 -0.0025276	   0.066600	
24	7	   0.053323	   0.023438	     84.614	    0.80724	-9.7531e+92	-9.7531e+92	   0.015967	 0.00051207	     0.0000	     0.0000	  -0.057101	   0.034325	
24	8	  0.0092959	  0.0040860	     77.960	     1.0389	-9.7531e+92	-9.7531e+92	  0.0020743	 9.4153e-05	     0.0000	 0.00020041	  -0.010138	 -0.0036084	
24	9	 9.6650e-05	 4.2483e-05	     149.07	    0.10229	-9.7531e+92	-9.7531e+92	  0.0084892	 1.5812e-06	     0.0000	     0.0000	-0.00017488	   0.090760	
24	10	 3.8989e-05	 1.7138e-05	     102.71	    0.41717	-9.7531e+92	-9.7531e+92	 6.8532e-05	 1.1184e-06	     0.0000	-2.1063e-05	-0.00011488	 0.00026225	
24	11	  0.0053946	  0.0023712	     56.094	     2.2676	-9.7531e+92	-9.7531e+92	 0.00068232	 4.7380e-05	 0.00052264	 0.00019633	 -0.0042240	 -0.0036583	
24	12	 1.4147e-12	 6.2181e-13	     132.31	    0.16230	-9.7531e+92	-9.7531e+92	 7.1974e-05	 7.1097e-07	     0.0000	-0.00010017	-7.3345e-05	  0.0011796	
24	13	   0.099560	   0.043762	     142.21	    0.12286	-9.7531e+92	-9.7531e+92	   0.025247	 0.00086908	     0.0000	     0.0000	  -0.087589	   0.044006	
24	14	  0.0025895	  0.0011382	     150.00	   0.099849	-9.7531e+92	-9.7531e+92	   0.012596	 2.3858e-05	     0.0000	-0.00053065	 -0.0026125	    0.10657	
24	15	 1.9929e-12	 8.7599e-13	     189.75	   0.039594	-9.7531e+92	-9.7531e+92	 0.00023379	 6.7563e-07	     0.0000	-0.00020876	-7.2293e-05	  0.0065986	
24	16	 3.0113e-12	 1.3236e-12	     177.80	   0.051213	-9.7531e+92	-9.7531e+92	 1.4648e-05	 6.9679e-07	     0.0000	 2.0898e-10	-4.3423e-05	-2.6461e-09	
24	17	 6.3250e-14	 2.7802e-14	     325.25	  0.0046269	-9.7531e+92	-9.7531e+92	 1.8886e-05	 7.1672e-07	     0.0000	-2.9627e-05	-7.3669e-05	 0.00032269	
24	18	    0.43639	    0.19182	     74.739	     1.1738	-9.7531e+92	-9.7531e+92	   0.054063	  0.0040907	   0.027723	  0.0039074	   -0.46076	   -0.37229	
24	19	 2.1510e-12	 9.4547e-13	     150.08	   0.099629	-9.7531e+92	-9.7531e+92	 0.00039672	 6.3829e-07	     0.0000	-0.00053818	-7.2969e-05	  0.0084796	
24	20	 9.3327e-05	 4.1022e-05	     121.85	    0.22210	-9.7531e+92	-9.7531e+92	 0.00075328	 1.5294e-06	     0.0000	-0.00070014	-0.00017491	  0.0093656	
24	21	   0.037063	   0.016291	     85.071	    0.79345	-9.7531e+92	-9.7531e+92	   0.015082	 0.00033844	     0.0000	     0.0000	  -0.039573	   0.075150	
24	22	 2.4246e-12	 1.0657e-12	     237.89	   0.016122	-9.7531e+92	-9.7531e+92	 1.9929e-05	 7.1739e-07	     0.0000	-3.0268e-05	-7.3494e-05	 0.00036233	
24	23	    0.11051	   0.048576	     40.708	     3.3006	-9.7531e+92	-9.7531e+92	   0.013275	 0.00089210	   0.011616	 0.00031944	  -0.088894	  -0.079847	
24	24	     0.0000	     0.0000	     0.0000	     4.0000	-9.7531e+92	-9.7531e+92	    0.21992	     0.0000	    0.21980	     0.0000	     0.0000	     0.0000	
