#source	Target	value	weight	distance	potential1	geneCorrelation	separation	influenceWeight	betweenness	influence'Weight	betweenness'	nbetweenness	nbetweenness'	
0	0	     0.0000	     0.0000	     0.0000	     4.0000	-9.7531e+92	-9.7531e+92	     6.3987	     0.0000	     5.2476	     0.0000	     0.0000	     0.0000	
0	1	   0.077687	    0.93926	     35.562	     3.5606	-9.7531e+92	-9.7531e+92	    0.51320	   0.084315	     0.0000	     0.0000	     1.4816	     0.0000	
0	2	 0.00020449	  0.0024723	     211.35	   0.025814	-9.7531e+92	-9.7531e+92	   0.059031	 0.00048201	     0.0000	     0.0000	  0.0080988	     0.0000	
0	3	 1.2005e-12	 1.4514e-11	     273.88	  0.0091920	-9.7531e+92	-9.7531e+92	  0.0078072	 0.00012530	     0.0000	     0.0000	  0.0020087	     0.0000	
0	4	 2.3264e-11	 2.8127e-10	     281.58	  0.0082298	-9.7531e+92	-9.7531e+92	  0.0053323	 0.00012850	     0.0000	     0.0000	  0.0019633	     0.0000	
0	5	 1.6407e-11	 1.9837e-10	     169.69	   0.061568	-9.7531e+92	-9.7531e+92	   0.013511	 0.00013468	     0.0000	     0.0000	  0.0019222	     0.0000	
0	6	    0.16305	     1.9714	     105.31	    0.38136	-9.7531e+92	-9.7531e+92	    0.98031	    0.24202	     0.0000	     0.0000	     4.7946	     0.0000	
0	7	   0.046375	    0.56069	     80.265	    0.95180	-9.7531e+92	-9.7531e+92	    0.34553	   0.076548	     0.0000	     0.0000	     1.3934	     0.0000	
0	8	 3.5042e-11	 4.2367e-10	     172.11	   0.058221	-9.7531e+92	-9.7531e+92	   0.012259	 0.00012761	     0.0000	     0.0000	  0.0019314	     0.0000	
0	9	    0.23756	     2.8722	     86.890	    0.74099	-9.7531e+92	-9.7531e+92	    0.90330	    0.36843	   0.079979	     0.0000	     7.1330	     0.0000	
0	10	 2.4427e-11	 2.9533e-10	     210.64	   0.026161	-9.7531e+92	-9.7531e+92	 0.00059237	 0.00014134	     0.0000	     0.0000	  0.0018913	     0.0000	
0	11	 2.9726e-11	 3.5940e-10	     167.10	   0.065400	-9.7531e+92	-9.7531e+92	  0.0011741	 0.00013706	     0.0000	     0.0000	  0.0019124	     0.0000	
0	12	 2.4573e-11	 2.9709e-10	     226.76	   0.019512	-9.7531e+92	-9.7531e+92	 0.00059326	 0.00014190	     0.0000	     0.0000	  0.0018863	     0.0000	
0	13	    0.12120	     1.4653	     86.013	    0.76580	-9.7531e+92	-9.7531e+92	    0.84171	    0.13598	     0.0000	     0.0000	     2.3436	     0.0000	
0	14	    0.16055	     1.9411	     114.85	    0.27729	-9.7531e+92	-9.7531e+92	    0.86546	    0.23159	     0.0000	     0.0000	     4.2970	     0.0000	
0	15	 6.5294e-11	 7.8942e-10	     189.51	   0.039789	-9.7531e+92	-9.7531e+92	   0.018192	 0.00012267	     0.0000	     0.0000	  0.0019600	     0.0000	
0	16	 5.6619e-11	 6.8454e-10	     217.18	   0.023165	-9.7531e+92	-9.7531e+92	 0.00040292	 0.00012833	     0.0000	     0.0000	  0.0019938	     0.0000	
0	17	 2.5477e-11	 3.0802e-10	     353.56	  0.0033150	-9.7531e+92	-9.7531e+92	 0.00058652	 0.00014118	     0.0000	     0.0000	  0.0018771	     0.0000	
0	18	   0.024736	    0.29906	     116.29	    0.26473	-9.7531e+92	-9.7531e+92	    0.39087	   0.041191	     0.0000	     0.0000	    0.72928	     0.0000	
0	19	 5.1096e-11	 6.1777e-10	     234.49	   0.017074	-9.7531e+92	-9.7531e+92	 0.00063471	 0.00014015	     0.0000	     0.0000	  0.0018965	     0.0000	
0	20	 3.4229e-11	 4.1383e-10	     206.61	   0.028245	-9.7531e+92	-9.7531e+92	  0.0014148	 0.00013600	     0.0000	     0.0000	  0.0019137	     0.0000	
0	21	    0.16555	     2.0015	     39.458	     3.3697	-9.7531e+92	-9.7531e+92	    0.60729	    0.24754	    0.12045	     0.0000	     5.0366	     0.0000	
0	22	 5.8447e-11	 7.0664e-10	     321.47	  0.0048482	-9.7531e+92	-9.7531e+92	 0.00054652	 0.00014215	     0.0000	     0.0000	  0.0018828	     0.0000	
0	23	  0.0030824	   0.037267	     119.13	    0.24186	-9.7531e+92	-9.7531e+92	    0.11907	  0.0054929	     0.0000	     0.0000	   0.094065	     0.0000	
0	24	 4.9995e-11	 6.0446e-10	     123.34	    0.21210	-9.7531e+92	-9.7531e+92	  0.0015236	 0.00012463	     0.0000	     0.0000	  0.0020286	     0.0000	
1	0	    0.17833	     2.3792	     35.562	     3.5606	-9.7531e+92	-9.7531e+92	    0.95452	    0.15804	     0.0000	     0.0000	     1.8203	     0.0000	
1	1	     0.0000	     0.0000	     0.0000	     4.0000	-9.7531e+92	-9.7531e+92	     6.9656	     0.0000	     5.9604	     0.0000	     0.0000	     0.0000	
1	2	  0.0013963	   0.018629	     184.62	   0.044134	-9.7531e+92	-9.7531e+92	   0.054458	  0.0017693	     0.0000	     0.0000	   0.021152	     0.0000	
1	3	 1.7017e-13	 2.2704e-12	     244.14	   0.014539	-9.7531e+92	-9.7531e+92	  0.0073868	 8.4594e-05	     0.0000	     0.0000	 0.00097524	     0.0000	
1	4	 4.6427e-13	 6.1941e-12	     272.02	  0.0094459	-9.7531e+92	-9.7531e+92	  0.0050759	 8.7282e-05	     0.0000	     0.0000	 0.00094503	     0.0000	
1	5	 2.2192e-06	 2.9607e-05	     161.91	   0.074033	-9.7531e+92	-9.7531e+92	   0.013576	 9.5415e-05	     0.0000	     0.0000	 0.00093853	     0.0000	
1	6	    0.17014	     2.2700	     96.519	    0.51972	-9.7531e+92	-9.7531e+92	     1.2012	    0.16706	     0.0000	     0.0000	     2.3711	     0.0000	
1	7	   0.034872	    0.46525	     75.481	     1.1413	-9.7531e+92	-9.7531e+92	    0.33814	   0.038804	     0.0000	     0.0000	    0.51658	     0.0000	
1	8	 2.8080e-13	 3.7463e-12	     184.58	   0.044171	-9.7531e+92	-9.7531e+92	   0.011936	 8.7931e-05	     0.0000	     0.0000	 0.00091173	     0.0000	
1	9	   0.083688	     1.1165	     55.376	     2.3181	-9.7531e+92	-9.7531e+92	    0.55551	   0.088216	     0.0000	     0.0000	     1.2310	     0.0000	
1	10	 1.1753e-13	 1.5680e-12	     228.04	   0.019080	-9.7531e+92	-9.7531e+92	 0.00063225	 9.7079e-05	     0.0000	     0.0000	 0.00087960	     0.0000	
1	11	 3.7608e-13	 5.0176e-12	     185.20	   0.043588	-9.7531e+92	-9.7531e+92	  0.0011848	 9.4376e-05	     0.0000	     0.0000	 0.00089618	     0.0000	
1	12	 1.1601e-12	 1.5478e-11	     231.78	   0.017881	-9.7531e+92	-9.7531e+92	 0.00063637	 9.7272e-05	     0.0000	     0.0000	 0.00087823	     0.0000	
1	13	    0.32083	     4.2805	     57.043	     2.2015	-9.7531e+92	-9.7531e+92	     1.5124	    0.27822	     0.0000	     0.0000	     3.4244	     0.0000	
1	14	   0.082060	     1.0948	     88.839	    0.68891	-9.7531e+92	-9.7531e+92	    0.70823	   0.080729	     0.0000	     0.0000	    0.99145	     0.0000	
1	15	 0.00015477	  0.0020649	     167.83	   0.064291	-9.7531e+92	-9.7531e+92	   0.017987	 0.00027742	     0.0000	     0.0000	  0.0031376	     0.0000	
1	16	 1.3829e-12	 1.8450e-11	     207.46	   0.027791	-9.7531e+92	-9.7531e+92	 0.00044462	 8.7540e-05	     0.0000	     0.0000	  0.0010074	     0.0000	
1	17	 1.6229e-13	 2.1652e-12	     342.57	  0.0037606	-9.7531e+92	-9.7531e+92	 0.00061970	 9.6066e-05	     0.0000	     0.0000	 0.00087746	     0.0000	
1	18	   0.018737	    0.24998	     111.77	    0.30668	-9.7531e+92	-9.7531e+92	    0.36345	   0.021896	     0.0000	     0.0000	    0.26908	     0.0000	
1	19	 2.7511e-13	 3.6704e-12	     226.57	   0.019575	-9.7531e+92	-9.7531e+92	 0.00068723	 9.6047e-05	     0.0000	     0.0000	 0.00088693	     0.0000	
1	20	 1.4814e-12	 1.9764e-11	     199.20	   0.032652	-9.7531e+92	-9.7531e+92	  0.0014640	 9.3440e-05	     0.0000	     0.0000	 0.00089922	     0.0000	
1	21	    0.10843	     1.4467	     57.297	     2.1839	-9.7531e+92	-9.7531e+92	    0.51526	    0.11605	     0.0000	     0.0000	     1.6073	     0.0000	
1	22	 8.2772e-13	 1.1043e-11	     312.59	  0.0054224	-9.7531e+92	-9.7531e+92	 0.00058323	 9.6927e-05	     0.0000	     0.0000	 0.00088001	     0.0000	
1	23	  0.0013482	   0.017987	     132.72	    0.16037	-9.7531e+92	-9.7531e+92	    0.10798	  0.0017123	     0.0000	     0.0000	   0.020437	     0.0000	
1	24	 6.8949e-16	 9.1989e-15	     142.19	    0.12292	-9.7531e+92	-9.7531e+92	  0.0014269	 8.5124e-05	     0.0000	     0.0000	  0.0010297	     0.0000	
2	0	 0.00082446	  0.0032744	     211.35	   0.025814	-9.7531e+92	-9.7531e+92	   0.071520	 0.00080191	     0.0000	  -0.090934	 -0.0036669	    0.49589	
2	1	   0.013799	   0.054802	     184.62	   0.044134	-9.7531e+92	-9.7531e+92	   0.066603	   0.012765	     0.0000	     0.0000	  -0.046312	    0.29370	
2	2	     0.0000	     0.0000	     0.0000	     4.0000	-9.7531e+92	-9.7531e+92	     2.1045	     0.0000	     2.0176	     0.0000	     0.0000	     0.0000	
2	3	    0.18000	    0.71489	     63.167	     1.7950	-9.7531e+92	-9.7531e+92	    0.22975	   0.087491	    0.20204	    0.60495	    -1.7429	    -1.7019	
2	4	    0.10851	    0.43095	     91.235	    0.63030	-9.7531e+92	-9.7531e+92	    0.15641	   0.047551	    0.13535	    0.42451	   -0.67623	   -0.71156	
2	5	 0.00073909	  0.0029353	     120.45	    0.23204	-9.7531e+92	-9.7531e+92	  0.0039806	 0.00079217	     0.0000	   -0.13576	 -0.0074738	   0.087042	
2	6	   0.062037	    0.24638	     118.53	    0.24644	-9.7531e+92	-9.7531e+92	    0.19747	   0.053948	     0.0000	     0.0000	   -0.50434	    0.81471	
2	7	 0.00017876	 0.00070996	     153.12	   0.092143	-9.7531e+92	-9.7531e+92	   0.043313	 0.00023440	     0.0000	     0.0000	 -0.0021517	    0.58107	
2	8	 7.4852e-14	 2.9728e-13	     174.51	   0.055125	-9.7531e+92	-9.7531e+92	  0.0031762	 6.3706e-05	     0.0000	   -0.13339	-0.00062521	    0.13837	
2	9	  0.0025668	   0.010194	     133.64	    0.15619	-9.7531e+92	-9.7531e+92	   0.047901	  0.0024678	     0.0000	     0.0000	  -0.022643	    0.58852	
2	10	 1.7766e-13	 7.0557e-13	     213.20	   0.024934	-9.7531e+92	-9.7531e+92	 0.00018400	 6.8846e-05	     0.0000	 -0.0065728	-0.00065557	  0.0042372	
2	11	 2.3642e-13	 9.3897e-13	     197.83	   0.033565	-9.7531e+92	-9.7531e+92	 0.00031800	 6.8230e-05	     0.0000	  -0.014359	-0.00065110	   0.013458	
2	12	 7.1389e-14	 2.8352e-13	     181.48	   0.047226	-9.7531e+92	-9.7531e+92	 0.00020292	 6.8596e-05	     0.0000	 -0.0070411	-0.00065296	  0.0041127	
2	13	    0.21677	    0.86090	     127.66	    0.18612	-9.7531e+92	-9.7531e+92	    0.33825	    0.19080	     0.0000	     0.0000	   -0.66317	   -0.34224	
2	14	    0.19997	    0.79419	     97.273	    0.50580	-9.7531e+92	-9.7531e+92	    0.32018	    0.14383	     0.0000	     0.0000	    -1.8699	   -0.60947	
2	15	    0.20563	    0.81668	     21.827	     3.9312	-9.7531e+92	-9.7531e+92	    0.24686	    0.13513	    0.20979	    0.20628	    -1.1932	    -1.3155	
2	16	 6.1957e-13	 2.4606e-12	     68.097	     1.5042	-9.7531e+92	-9.7531e+92	 0.00013235	 6.6128e-05	     0.0000	 1.6794e-08	-0.00062363	-4.4000e-08	
2	17	 7.4504e-14	 2.9590e-13	     160.64	   0.076357	-9.7531e+92	-9.7531e+92	  0.0054592	 4.6838e-05	  0.0037555	 -0.0043169	-0.00031212	  0.0021970	
2	18	  0.0089661	   0.035609	     137.27	    0.14087	-9.7531e+92	-9.7531e+92	   0.085221	  0.0082955	     0.0000	   -0.47087	  -0.069695	    0.79331	
2	19	 1.1108e-12	 4.4117e-12	     139.30	    0.13308	-9.7531e+92	-9.7531e+92	 0.00073324	 6.7218e-05	     0.0000	 -0.0074219	-0.00063145	  0.0045532	
2	20	 6.1005e-06	 2.4229e-05	     139.77	    0.13137	-9.7531e+92	-9.7531e+92	 0.00059731	 7.3122e-05	     0.0000	  -0.022997	-0.00069398	   0.019141	
2	21	 4.7044e-13	 1.8684e-12	     197.19	   0.033993	-9.7531e+92	-9.7531e+92	   0.020878	 6.4513e-05	     0.0000	-0.00017064	-0.00058205	    0.36353	
2	22	 1.0123e-13	 4.0206e-13	     161.29	   0.075160	-9.7531e+92	-9.7531e+92	  0.0039776	 4.9002e-05	  0.0026214	 -0.0032458	-0.00029912	  0.0015996	
2	23	 1.4221e-12	 5.6481e-12	     168.40	   0.063436	-9.7531e+92	-9.7531e+92	   0.023312	 6.3410e-05	     0.0000	  -0.060183	-0.00062371	    0.55388	
2	24	 2.8380e-13	 1.1271e-12	     210.29	   0.026336	-9.7531e+92	-9.7531e+92	 0.00024444	 6.8151e-05	     0.0000	 -0.0011690	-0.00064962	  0.0050625	
3	0	 9.7374e-05	 0.00040576	     273.88	  0.0091920	-9.7531e+92	-9.7531e+92	   0.049242	 7.4192e-05	     0.0000	  -0.061089	 -0.0016442	    0.89314	
3	1	   0.014192	   0.059139	     244.14	   0.014539	-9.7531e+92	-9.7531e+92	   0.053691	  0.0065551	     0.0000	     0.0000	   -0.13568	    0.54786	
3	2	    0.24224	     1.0094	     63.167	     1.7950	-9.7531e+92	-9.7531e+92	    0.41080	   0.061689	    0.31968	    0.32882	    -3.3963	    -2.8576	
3	3	     0.0000	     0.0000	     0.0000	     4.0000	-9.7531e+92	-9.7531e+92	     2.2080	     0.0000	     2.1789	     0.0000	     0.0000	     0.0000	
3	4	    0.33440	     1.3935	     82.606	    0.87092	-9.7531e+92	-9.7531e+92	    0.39891	   0.052390	    0.37682	    0.67099	    -3.9111	    -3.5535	
3	5	 2.2619e-11	 9.4256e-11	     167.87	   0.064235	-9.7531e+92	-9.7531e+92	  0.0026225	 3.1159e-05	     0.0000	  -0.097709	-0.00094470	    0.13104	
3	6	  0.0042693	   0.017790	     180.81	   0.047921	-9.7531e+92	-9.7531e+92	    0.11062	  0.0018904	     0.0000	     0.0000	  -0.057709	     1.8879	
3	7	 1.6939e-11	 7.0586e-11	     215.68	   0.023812	-9.7531e+92	-9.7531e+92	   0.029872	 3.1263e-05	     0.0000	     0.0000	-0.00092412	    0.82186	
3	8	 5.1428e-12	 2.1430e-11	     221.29	   0.021502	-9.7531e+92	-9.7531e+92	  0.0023463	 3.0421e-05	     0.0000	  -0.088924	-0.00095013	    0.19234	
3	9	 1.6791e-11	 6.9967e-11	     191.41	   0.038254	-9.7531e+92	-9.7531e+92	   0.031854	 3.0919e-05	     0.0000	     0.0000	-0.00091650	    0.86645	
3	10	 3.2609e-11	 1.3588e-10	     258.79	   0.011525	-9.7531e+92	-9.7531e+92	 0.00018173	 3.2595e-05	     0.0000	 -0.0043818	-0.00096990	  0.0058288	
3	11	 6.4959e-12	 2.7069e-11	     244.71	   0.014404	-9.7531e+92	-9.7531e+92	 0.00028036	 3.2432e-05	     0.0000	 -0.0095726	-0.00096757	   0.018535	
3	12	 9.8899e-11	 4.1212e-10	     227.10	   0.019395	-9.7531e+92	-9.7531e+92	 0.00022841	 3.2484e-05	     0.0000	 -0.0046941	-0.00096895	  0.0056587	
3	13	   0.083120	    0.34636	     188.65	   0.040519	-9.7531e+92	-9.7531e+92	    0.21936	   0.036652	     0.0000	     0.0000	   -0.76742	    0.49236	
3	14	    0.11885	    0.49526	     161.01	   0.075671	-9.7531e+92	-9.7531e+92	    0.25373	   0.050135	     0.0000	-0.00088513	    -1.3736	   0.033721	
3	15	    0.20158	    0.83999	     84.108	    0.82281	-9.7531e+92	-9.7531e+92	    0.27783	   0.073960	    0.23893	    0.33807	    -2.5757	    -2.2993	
3	16	 1.2323e-11	 5.1350e-11	     111.94	    0.30495	-9.7531e+92	-9.7531e+92	 0.00013887	 3.1390e-05	     0.0000	 1.0702e-08	-0.00093669	-5.9837e-08	
3	17	 8.7144e-12	 3.6313e-11	     122.41	    0.21829	-9.7531e+92	-9.7531e+92	   0.013724	 1.6762e-05	   0.011936	 -0.0018822	-0.00040609	  0.0019712	
3	18	  0.0012510	  0.0052131	     199.21	   0.032649	-9.7531e+92	-9.7531e+92	   0.059878	 0.00058849	     0.0000	   -0.33910	  -0.017139	     1.2533	
3	19	 8.6014e-12	 3.5843e-11	     184.07	   0.044655	-9.7531e+92	-9.7531e+92	  0.0015658	 3.1895e-05	     0.0000	 -0.0049479	-0.00095753	  0.0062899	
3	20	 3.0607e-12	 1.2754e-11	     185.64	   0.043179	-9.7531e+92	-9.7531e+92	 0.00082892	 3.1860e-05	     0.0000	  -0.015378	-0.00095798	   0.026567	
3	21	 5.0416e-12	 2.1009e-11	     259.71	   0.011362	-9.7531e+92	-9.7531e+92	   0.014429	 3.1518e-05	     0.0000	-0.00011376	-0.00092052	    0.51393	
3	22	 5.1071e-11	 2.1281e-10	     164.94	   0.068842	-9.7531e+92	-9.7531e+92	  0.0099397	 2.2362e-05	  0.0085168	 -0.0020545	-0.00074486	  0.0028872	
3	23	 1.0503e-11	 4.3767e-11	     228.38	   0.018966	-9.7531e+92	-9.7531e+92	   0.016392	 3.0629e-05	     0.0000	  -0.040122	-0.00095124	    0.76930	
3	24	 2.0434e-11	 8.5149e-11	     270.69	  0.0096323	-9.7531e+92	-9.7531e+92	 0.00021777	 3.2638e-05	     0.0000	-0.00077935	-0.00096808	  0.0069693	
4	0	 7.1524e-13	 1.8646e-12	     281.58	  0.0082298	-9.7531e+92	-9.7531e+92	   0.020536	 3.2213e-05	     0.0000	  -0.068369	 -0.0011127	     1.5248	
4	1	 0.00012329	 0.00032141	     272.02	  0.0094459	-9.7531e+92	-9.7531e+92	   0.019642	 9.3198e-05	     0.0000	     0.0000	 -0.0030479	     1.1615	
4	2	    0.42377	     1.1048	     91.235	    0.63030	-9.7531e+92	-9.7531e+92	    0.35842	    0.13703	    0.30141	    0.94683	    -8.9789	    -8.1091	
4	3	    0.36382	    0.94847	     82.606	    0.87092	-9.7531e+92	-9.7531e+92	    0.29923	   0.060560	    0.28105	    0.68365	    -8.1235	    -7.6014	
4	4	     0.0000	     0.0000	     0.0000	     4.0000	-9.7531e+92	-9.7531e+92	     1.3958	     0.0000	     1.3820	     0.0000	     0.0000	     0.0000	
4	5	 0.00027288	 0.00071139	     147.08	    0.10778	-9.7531e+92	-9.7531e+92	  0.0020108	 0.00016781	     0.0000	   -0.10627	 -0.0074493	    0.20368	
4	6	  0.0025732	  0.0067083	     179.35	   0.049487	-9.7531e+92	-9.7531e+92	   0.051702	  0.0012290	     0.0000	     0.0000	  -0.055100	     3.0812	
4	7	 1.6236e-12	 4.2327e-12	     209.16	   0.026904	-9.7531e+92	-9.7531e+92	   0.012726	 3.3263e-05	     0.0000	     0.0000	 -0.0014390	     1.3178	
4	8	 1.2237e-12	 3.1902e-12	     186.41	   0.042479	-9.7531e+92	-9.7531e+92	  0.0019615	 3.2236e-05	     0.0000	  -0.099418	 -0.0014714	    0.30704	
4	9	 2.3293e-13	 6.0724e-13	     223.28	   0.020749	-9.7531e+92	-9.7531e+92	   0.013569	 3.2938e-05	     0.0000	     0.0000	 -0.0014294	     1.3911	
4	10	 1.0660e-12	 2.7791e-12	     204.61	   0.029363	-9.7531e+92	-9.7531e+92	 0.00012760	 3.4493e-05	     0.0000	 -0.0048990	 -0.0014959	  0.0092744	
4	11	 8.1109e-13	 2.1145e-12	     218.09	   0.022784	-9.7531e+92	-9.7531e+92	 0.00018964	 3.4346e-05	     0.0000	  -0.010702	 -0.0014934	   0.029503	
4	12	 1.4454e-12	 3.7681e-12	     165.11	   0.068567	-9.7531e+92	-9.7531e+92	 0.00027953	 3.4353e-05	     0.0000	 -0.0052481	 -0.0014936	  0.0090044	
4	13	  0.0085987	   0.022417	     217.30	   0.023117	-9.7531e+92	-9.7531e+92	   0.090544	  0.0040770	     0.0000	     0.0000	   -0.13558	     1.9772	
4	14	   0.028314	   0.073814	     184.55	   0.044193	-9.7531e+92	-9.7531e+92	    0.10473	   0.013057	     0.0000	  -0.034190	   -0.52018	     1.6200	
4	15	   0.054705	    0.14262	     106.18	    0.37015	-9.7531e+92	-9.7531e+92	    0.10614	   0.023778	   0.081807	    0.13126	    -1.1600	   -0.92391	
4	16	 2.7751e-12	 7.2348e-12	     75.439	     1.1432	-9.7531e+92	-9.7531e+92	 8.6880e-05	 3.2796e-05	     0.0000	 1.0486e-08	 -0.0014007	-9.0268e-08	
4	17	   0.068132	    0.17762	     73.525	     1.2289	-9.7531e+92	-9.7531e+92	   0.047619	   0.015692	   0.046500	    0.30782	   -0.72370	   -0.67058	
4	18	 0.00079092	  0.0020619	     186.18	   0.042684	-9.7531e+92	-9.7531e+92	   0.026782	 0.00040701	     0.0000	   -0.38080	  -0.017572	     2.0401	
4	19	  0.0015540	  0.0040514	     119.82	    0.23665	-9.7531e+92	-9.7531e+92	  0.0049043	 0.00081474	  0.0034995	   0.012643	  -0.035659	  -0.022904	
4	20	 1.8065e-05	 4.7097e-05	     135.08	    0.14987	-9.7531e+92	-9.7531e+92	  0.0018664	 4.2828e-05	     0.0000	  -0.017038	 -0.0018801	   0.041967	
4	21	 2.1324e-12	 5.5593e-12	     253.96	   0.012424	-9.7531e+92	-9.7531e+92	  0.0059799	 3.3516e-05	     0.0000	-0.00012718	 -0.0014343	    0.82460	
4	22	   0.047334	    0.12340	     82.638	    0.86986	-9.7531e+92	-9.7531e+92	   0.034368	   0.012947	   0.033478	    0.26362	   -0.56558	   -0.52721	
4	23	 3.5539e-13	 9.2651e-13	     212.30	   0.025355	-9.7531e+92	-9.7531e+92	  0.0074164	 3.2516e-05	     0.0000	  -0.044857	 -0.0014732	     1.2277	
4	24	 6.7730e-13	 1.7657e-12	     253.16	   0.012581	-9.7531e+92	-9.7531e+92	 0.00012283	 3.4604e-05	     0.0000	-0.00087132	 -0.0014942	   0.011092	
5	0	 6.8320e-05	 9.2726e-05	     169.69	   0.061568	-9.7531e+92	-9.7531e+92	   0.011297	 3.1947e-05	     0.0000	  -0.020567	 -0.0025953	     1.4345	
5	1	 0.00012110	 0.00016436	     161.91	   0.074033	-9.7531e+92	-9.7531e+92	  0.0080449	 4.5016e-05	     0.0000	     0.0000	 -0.0035165	     1.1075	
5	2	 0.00012880	 0.00017482	     120.45	    0.23204	-9.7531e+92	-9.7531e+92	  0.0018484	 4.7524e-05	     0.0000	  -0.039415	 -0.0043532	    0.37633	
5	3	 3.3526e-06	 4.5503e-06	     167.87	   0.064235	-9.7531e+92	-9.7531e+92	 0.00031332	 1.7258e-05	     0.0000	  -0.020673	 -0.0015552	    0.11956	
5	4	 9.5307e-07	 1.2935e-06	     147.08	    0.10778	-9.7531e+92	-9.7531e+92	 0.00025945	 1.6568e-05	     0.0000	  -0.019573	 -0.0015427	   0.092899	
5	5	     0.0000	     0.0000	     0.0000	     4.0000	-9.7531e+92	-9.7531e+92	    0.71209	     0.0000	    0.69842	     0.0000	     0.0000	     0.0000	
5	6	   0.033067	   0.044880	     72.218	     1.2908	-9.7531e+92	-9.7531e+92	   0.033045	  0.0075074	     0.0000	     0.0000	   -0.74352	     2.1703	
5	7	  0.0013586	  0.0018439	     89.752	    0.66590	-9.7531e+92	-9.7531e+92	   0.011285	 0.00035017	     0.0000	     0.0000	  -0.032678	     1.1211	
5	8	    0.90219	     1.2245	     54.235	     2.3987	-9.7531e+92	-9.7531e+92	    0.32754	    0.15492	    0.30763	    0.84959	    -18.432	    -13.960	
5	9	 5.2037e-06	 7.0626e-06	     134.70	    0.15149	-9.7531e+92	-9.7531e+92	  0.0053415	 1.7642e-05	     0.0000	     0.0000	 -0.0016441	     1.2113	
5	10	 3.0936e-07	 4.1987e-07	     93.726	    0.57518	-9.7531e+92	-9.7531e+92	  0.0041959	 1.3861e-05	  0.0035161	-0.00091229	 -0.0013512	  0.0067502	
5	11	 1.9667e-05	 2.6693e-05	     77.490	     1.0576	-9.7531e+92	-9.7531e+92	   0.012158	 1.8542e-05	   0.010190	 -0.0020286	 -0.0018208	   0.022467	
5	12	 7.2243e-06	 9.8051e-06	     80.590	    0.94012	-9.7531e+92	-9.7531e+92	  0.0037611	 1.5162e-05	  0.0030983	-0.00095091	 -0.0015065	  0.0065374	
5	13	  0.0059505	  0.0080762	     125.66	    0.19761	-9.7531e+92	-9.7531e+92	   0.019853	  0.0013638	     0.0000	     0.0000	   -0.11138	     1.9401	
5	14	   0.011226	   0.015237	     108.09	    0.34690	-9.7531e+92	-9.7531e+92	   0.024846	  0.0025508	     0.0000	  -0.015213	   -0.23093	     1.7569	
5	15	 0.00066811	 0.00090677	     104.94	    0.38615	-9.7531e+92	-9.7531e+92	 0.00083302	 0.00018449	     0.0000	  -0.012019	  -0.016932	    0.15438	
5	16	 9.3459e-16	 1.2685e-15	     71.546	     1.3237	-9.7531e+92	-9.7531e+92	 4.5230e-05	 1.6759e-05	     0.0000	 3.4933e-09	 -0.0015175	-8.0736e-08	
5	17	 4.5609e-16	 6.1901e-16	     219.60	   0.022168	-9.7531e+92	-9.7531e+92	 5.4294e-05	 1.7564e-05	     0.0000	 -0.0017061	 -0.0015782	  0.0066540	
5	18	   0.037961	   0.051521	     53.346	     2.4617	-9.7531e+92	-9.7531e+92	    0.10700	  0.0077081	     0.0000	  -0.067243	   -0.85025	     1.1605	
5	19	 0.00028130	 0.00038179	     64.874	     1.6901	-9.7531e+92	-9.7531e+92	  0.0021221	 6.2789e-05	  0.0013908	-0.00030730	 -0.0067870	  0.0028469	
5	20	  0.0035768	  0.0048545	     39.691	     3.3571	-9.7531e+92	-9.7531e+92	   0.018801	 0.00059096	   0.015995	  0.0013433	  -0.066717	  -0.021469	
5	21	 2.0524e-06	 2.7855e-06	     132.91	    0.15951	-9.7531e+92	-9.7531e+92	  0.0038399	 1.7087e-05	     0.0000	-3.8286e-05	 -0.0015753	    0.71739	
5	22	 6.3460e-16	 8.6129e-16	     151.89	   0.095092	-9.7531e+92	-9.7531e+92	 5.3755e-05	 1.6796e-05	     0.0000	 -0.0011550	 -0.0015399	  0.0050358	
5	23	  0.0033629	  0.0045642	     65.633	     1.6449	-9.7531e+92	-9.7531e+92	   0.047999	 0.00075581	     0.0000	 -0.0061503	  -0.077091	    0.97927	
5	24	 7.5809e-09	 1.0289e-08	     106.34	    0.36810	-9.7531e+92	-9.7531e+92	 0.00046784	 1.6777e-05	     0.0000	-0.00025190	 -0.0015551	  0.0095406	
6	0	   0.077019	    0.26949	     105.31	    0.38136	-9.7531e+92	-9.7531e+92	    0.16056	    0.18964	     0.0000	     0.0000	     3.9176	     0.0000	
6	1	    0.12645	    0.44245	     96.519	    0.51972	-9.7531e+92	-9.7531e+92	    0.17557	    0.27988	     0.0000	     0.0000	     6.0378	     0.0000	
6	2	  0.0028507	  0.0099749	     118.53	    0.24644	-9.7531e+92	-9.7531e+92	   0.025330	  0.0090563	     0.0000	     0.0000	    0.16768	     0.0000	
6	3	 2.2436e-05	 7.8506e-05	     180.81	   0.047921	-9.7531e+92	-9.7531e+92	  0.0033972	 0.00030824	     0.0000	     0.0000	  0.0051675	     0.0000	
6	4	 9.0407e-07	 3.1634e-06	     179.35	   0.049487	-9.7531e+92	-9.7531e+92	  0.0022207	 0.00024143	     0.0000	     0.0000	  0.0038546	     0.0000	
6	5	  0.0060948	   0.021326	     72.218	     1.2908	-9.7531e+92	-9.7531e+92	   0.010492	   0.022949	     0.0000	     0.0000	    0.34683	     0.0000	
6	6	     0.0000	     0.0000	     0.0000	     4.0000	-9.7531e+92	-9.7531e+92	     1.9086	     0.0000	     1.3589	     0.0000	     0.0000	     0.0000	
6	7	   0.089123	    0.31185	     34.871	     3.5904	-9.7531e+92	-9.7531e+92	    0.13203	    0.25912	     0.0000	     0.0000	     5.2116	     0.0000	
6	8	 0.00027091	 0.00094791	     109.28	    0.33318	-9.7531e+92	-9.7531e+92	  0.0074820	  0.0011937	     0.0000	     0.0000	   0.019041	     0.0000	
6	9	   0.071920	    0.25165	     62.827	     1.8164	-9.7531e+92	-9.7531e+92	    0.12689	    0.19853	     0.0000	     0.0000	     4.2015	     0.0000	
6	10	 1.7894e-14	 6.2613e-14	     153.37	   0.091543	-9.7531e+92	-9.7531e+92	 0.00022217	 0.00026504	     0.0000	     0.0000	  0.0036917	     0.0000	
6	11	 9.9408e-07	 3.4784e-06	     117.04	    0.25846	-9.7531e+92	-9.7531e+92	 0.00051834	 0.00025789	     0.0000	     0.0000	  0.0037935	     0.0000	
6	12	 2.8359e-15	 9.9228e-15	     152.49	   0.093630	-9.7531e+92	-9.7531e+92	 0.00021726	 0.00026599	     0.0000	     0.0000	  0.0036884	     0.0000	
6	13	    0.20974	    0.73391	     53.773	     2.4314	-9.7531e+92	-9.7531e+92	    0.30484	    0.31988	     0.0000	     0.0000	     6.4607	     0.0000	
6	14	    0.28973	     1.0138	     41.508	     3.2546	-9.7531e+92	-9.7531e+92	    0.34273	    0.79244	     0.0000	     0.0000	     16.005	     0.0000	
6	15	  0.0044212	   0.015470	     96.746	    0.51548	-9.7531e+92	-9.7531e+92	   0.010476	   0.014546	     0.0000	     0.0000	    0.25825	     0.0000	
6	16	 1.0946e-14	 3.8301e-14	     111.89	    0.30549	-9.7531e+92	-9.7531e+92	 0.00011661	 0.00024007	     0.0000	     0.0000	  0.0038038	     0.0000	
6	17	 9.1644e-16	 3.2067e-15	     251.72	   0.012870	-9.7531e+92	-9.7531e+92	 0.00019281	 0.00026582	     0.0000	     0.0000	  0.0036632	     0.0000	
6	18	   0.093732	    0.32797	     36.723	     3.5078	-9.7531e+92	-9.7531e+92	    0.17560	    0.27147	     0.0000	     0.0000	     5.3482	     0.0000	
6	19	 3.7416e-08	 1.3092e-07	     133.74	    0.15573	-9.7531e+92	-9.7531e+92	 0.00021504	 0.00026156	     0.0000	     0.0000	  0.0037137	     0.0000	
6	20	 7.1468e-05	 0.00025007	     111.59	    0.30852	-9.7531e+92	-9.7531e+92	 0.00070182	 0.00051286	     0.0000	     0.0000	  0.0078095	     0.0000	
6	21	   0.024928	   0.087226	     78.899	     1.0025	-9.7531e+92	-9.7531e+92	   0.058926	   0.075077	     0.0000	     0.0000	     1.4473	     0.0000	
6	22	 2.5080e-15	 8.7756e-15	     216.08	   0.023641	-9.7531e+92	-9.7531e+92	 0.00017482	 0.00026719	     0.0000	     0.0000	  0.0036754	     0.0000	
6	23	  0.0036116	   0.012637	     73.330	     1.2380	-9.7531e+92	-9.7531e+92	   0.050843	   0.011366	     0.0000	     0.0000	    0.21447	     0.0000	
6	24	 7.1692e-06	 2.5086e-05	     108.13	    0.34637	-9.7531e+92	-9.7531e+92	 0.00038139	 0.00026534	     0.0000	     0.0000	  0.0042101	     0.0000	
7	0	   0.088342	    0.18666	     80.265	    0.95180	-9.7531e+92	-9.7531e+92	    0.10195	   0.083221	     0.0000	     0.0000	    0.84717	     0.0000	
7	1	    0.11822	    0.24978	     75.481	     1.1413	-9.7531e+92	-9.7531e+92	    0.10395	    0.11155	     0.0000	     0.0000	     1.1959	     0.0000	
7	2	 0.00035964	 0.00075988	     153.12	   0.092143	-9.7531e+92	-9.7531e+92	  0.0098115	 0.00049970	     0.0000	     0.0000	  0.0048565	     0.0000	
7	3	 2.1398e-13	 4.5210e-13	     215.68	   0.023812	-9.7531e+92	-9.7531e+92	  0.0013057	 8.1846e-05	     0.0000	     0.0000	 0.00076804	     0.0000	
7	4	 7.4888e-14	 1.5823e-13	     209.16	   0.026904	-9.7531e+92	-9.7531e+92	 0.00089371	 8.3420e-05	     0.0000	     0.0000	 0.00073179	     0.0000	
7	5	  0.0014519	  0.0030676	     89.752	    0.66590	-9.7531e+92	-9.7531e+92	  0.0044433	  0.0019522	     0.0000	     0.0000	   0.016188	     0.0000	
7	6	    0.15974	    0.33751	     34.871	     3.5904	-9.7531e+92	-9.7531e+92	    0.17197	    0.15490	     0.0000	     0.0000	     1.7933	     0.0000	
7	7	     0.0000	     0.0000	     0.0000	     4.0000	-9.7531e+92	-9.7531e+92	     1.0917	     0.0000	    0.95623	     0.0000	     0.0000	     0.0000	
7	8	 0.00018080	 0.00038201	     109.89	    0.32644	-9.7531e+92	-9.7531e+92	  0.0039344	 0.00030006	     0.0000	     0.0000	  0.0026983	     0.0000	
7	9	    0.13352	    0.28211	     64.406	     1.7184	-9.7531e+92	-9.7531e+92	    0.10641	    0.14404	     0.0000	     0.0000	     1.5427	     0.0000	
7	10	 1.5692e-13	 3.3156e-13	     153.29	   0.091732	-9.7531e+92	-9.7531e+92	 0.00012717	 9.0374e-05	     0.0000	     0.0000	 0.00069145	     0.0000	
7	11	 1.3990e-06	 2.9558e-06	     112.26	    0.30176	-9.7531e+92	-9.7531e+92	 0.00031032	 8.9112e-05	     0.0000	     0.0000	 0.00073338	     0.0000	
7	12	 3.6929e-14	 7.8027e-14	     158.06	   0.081372	-9.7531e+92	-9.7531e+92	 0.00012417	 9.0770e-05	     0.0000	     0.0000	 0.00068600	     0.0000	
7	13	    0.14950	    0.31587	     57.312	     2.1828	-9.7531e+92	-9.7531e+92	    0.15625	    0.12786	     0.0000	     0.0000	     1.2240	     0.0000	
7	14	    0.14771	    0.31209	     65.464	     1.6549	-9.7531e+92	-9.7531e+92	    0.14251	    0.13745	     0.0000	     0.0000	     1.3405	     0.0000	
7	15	 9.6824e-05	 0.00020458	     131.62	    0.16559	-9.7531e+92	-9.7531e+92	  0.0030754	 0.00019795	     0.0000	     0.0000	  0.0017927	     0.0000	
7	16	 4.8842e-14	 1.0320e-13	     137.28	    0.14083	-9.7531e+92	-9.7531e+92	 7.0412e-05	 8.5522e-05	     0.0000	     0.0000	 0.00074005	     0.0000	
7	17	 2.0990e-13	 4.4349e-13	     281.54	  0.0082346	-9.7531e+92	-9.7531e+92	 0.00010120	 9.1281e-05	     0.0000	     0.0000	 0.00066830	     0.0000	
7	18	    0.14242	    0.30091	     38.248	     3.4331	-9.7531e+92	-9.7531e+92	    0.12573	    0.14804	     0.0000	     0.0000	     1.5656	     0.0000	
7	19	 3.9729e-14	 8.3942e-14	     154.38	   0.089237	-9.7531e+92	-9.7531e+92	 0.00012272	 8.9618e-05	     0.0000	     0.0000	 0.00069224	     0.0000	
7	20	 4.3214e-06	 9.1306e-06	     126.68	    0.19164	-9.7531e+92	-9.7531e+92	 0.00035948	 9.2412e-05	     0.0000	     0.0000	 0.00075538	     0.0000	
7	21	   0.048641	    0.10277	     44.967	     3.0407	-9.7531e+92	-9.7531e+92	   0.048162	   0.051928	     0.0000	     0.0000	    0.57484	     0.0000	
7	22	 1.1984e-13	 2.5321e-13	     241.36	   0.015218	-9.7531e+92	-9.7531e+92	 9.4575e-05	 9.1753e-05	     0.0000	     0.0000	 0.00067362	     0.0000	
7	23	  0.0096881	   0.020470	     58.677	     2.0891	-9.7531e+92	-9.7531e+92	   0.038952	   0.010119	     0.0000	     0.0000	    0.12972	     0.0000	
7	24	 0.00012799	 0.00027043	     84.614	    0.80724	-9.7531e+92	-9.7531e+92	 0.00033285	 0.00023214	     0.0000	     0.0000	  0.0024820	     0.0000	
8	0	  0.0026524	  0.0030281	     172.11	   0.058221	-9.7531e+92	-9.7531e+92	   0.015832	  0.0012821	     0.0000	  -0.054600	   -0.11455	     3.2825	
8	1	 0.00017351	 0.00019809	     184.58	   0.044171	-9.7531e+92	-9.7531e+92	   0.010563	 0.00011505	     0.0000	     0.0000	 -0.0098684	     2.6011	
8	2	 8.8203e-06	 1.0070e-05	     174.51	   0.055125	-9.7531e+92	-9.7531e+92	  0.0021997	 3.6106e-05	     0.0000	   -0.10814	 -0.0036896	    0.89414	
8	3	 1.9604e-15	 2.2381e-15	     221.29	   0.021502	-9.7531e+92	-9.7531e+92	 0.00033740	 3.2077e-05	     0.0000	  -0.056438	 -0.0032480	    0.28261	
8	4	 1.2681e-08	 1.4477e-08	     186.41	   0.042479	-9.7531e+92	-9.7531e+92	 0.00028907	 3.1769e-05	     0.0000	  -0.053442	 -0.0033352	    0.21969	
8	5	    0.16623	    0.18978	     54.235	     2.3987	-9.7531e+92	-9.7531e+92	   0.061283	   0.021790	   0.049783	   0.049876	    -6.4726	    -4.9034	
8	6	  0.0083993	  0.0095891	     109.28	    0.33318	-9.7531e+92	-9.7531e+92	   0.032673	  0.0038399	     0.0000	     0.0000	   -0.41654	     6.1479	
8	7	  0.0013017	  0.0014861	     109.89	    0.32644	-9.7531e+92	-9.7531e+92	   0.015849	 0.00066479	     0.0000	     0.0000	  -0.068852	     2.6538	
8	8	     0.0000	     0.0000	     0.0000	     4.0000	-9.7531e+92	-9.7531e+92	    0.61052	     0.0000	    0.59377	     0.0000	     0.0000	     0.0000	
8	9	 1.0028e-06	 1.1449e-06	     171.65	   0.058843	-9.7531e+92	-9.7531e+92	  0.0067483	 3.2803e-05	     0.0000	     0.0000	 -0.0033954	     2.8646	
8	10	   0.023017	   0.026278	     44.054	     3.0993	-9.7531e+92	-9.7531e+92	  0.0077666	  0.0074743	  0.0071948	   0.086541	   -0.98722	   -0.79970	
8	11	   0.071376	   0.081486	     32.525	     3.6821	-9.7531e+92	-9.7531e+92	   0.022573	   0.024066	   0.020918	    0.13760	    -3.1169	    -2.5377	
8	12	   0.019640	   0.022422	     55.069	     2.3397	-9.7531e+92	-9.7531e+92	  0.0069181	  0.0065084	  0.0063606	   0.094530	   -0.85522	   -0.69261	
8	13	  0.0077685	  0.0088688	     162.59	   0.072826	-9.7531e+92	-9.7531e+92	   0.025216	  0.0035824	     0.0000	     0.0000	   -0.31702	     4.4953	
8	14	   0.037371	   0.042665	     146.54	    0.10935	-9.7531e+92	-9.7531e+92	   0.031361	   0.017169	     0.0000	  -0.031725	    -1.6697	     3.1636	
8	15	 9.8819e-07	 1.1282e-06	     159.01	   0.079481	-9.7531e+92	-9.7531e+92	 0.00072415	 3.3421e-05	     0.0000	  -0.035335	 -0.0034242	    0.39343	
8	16	 7.0159e-15	 8.0097e-15	     112.87	    0.29583	-9.7531e+92	-9.7531e+92	 3.8046e-05	 3.2391e-05	     0.0000	 1.0052e-08	 -0.0033958	-1.9371e-07	
8	17	 1.1210e-14	 1.2797e-14	     258.50	   0.011577	-9.7531e+92	-9.7531e+92	 4.8083e-05	 3.3968e-05	     0.0000	 -0.0046572	 -0.0034568	   0.015748	
8	18	    0.44873	    0.51229	     75.421	     1.1439	-9.7531e+92	-9.7531e+92	    0.16894	    0.18882	   0.049084	     1.0000	    -21.888	    -14.005	
8	19	  0.0028362	  0.0032380	     80.536	    0.94205	-9.7531e+92	-9.7531e+92	  0.0035667	 0.00099226	  0.0029515	   0.011737	   -0.13350	  -0.091168	
8	20	   0.099279	    0.11334	     51.987	     2.5582	-9.7531e+92	-9.7531e+92	   0.032621	   0.033477	   0.030261	    0.26462	    -4.6152	    -3.7961	
8	21	 8.5436e-05	 9.7537e-05	     132.38	    0.16196	-9.7531e+92	-9.7531e+92	  0.0053484	 7.4557e-05	     0.0000	-0.00010425	 -0.0076411	     1.6930	
8	22	 1.8285e-15	 2.0875e-15	     168.70	   0.062994	-9.7531e+92	-9.7531e+92	 4.7593e-05	 3.2567e-05	     0.0000	 -0.0032342	 -0.0034040	   0.011918	
8	23	    0.10997	    0.12554	     54.810	     2.3580	-9.7531e+92	-9.7531e+92	   0.079280	   0.047189	   0.012617	  0.0079770	    -5.4870	    -2.1847	
8	24	  0.0011618	  0.0013264	     77.960	     1.0389	-9.7531e+92	-9.7531e+92	 0.00078764	 0.00059941	 0.00011805	 0.00085281	  -0.062683	  -0.027798	
9	0	    0.13185	    0.31644	     86.890	    0.74099	-9.7531e+92	-9.7531e+92	    0.14072	    0.11637	     0.0000	     0.0000	     2.1088	     0.0000	
9	1	    0.14742	    0.35380	     55.376	     2.3181	-9.7531e+92	-9.7531e+92	    0.13406	    0.16325	     0.0000	     0.0000	     3.2793	   0.099848	
9	2	  0.0038276	  0.0091860	     133.64	    0.15619	-9.7531e+92	-9.7531e+92	   0.014389	  0.0060407	     0.0000	  -0.012848	    0.10688	  -0.023853	
9	3	 1.4339e-05	 3.4412e-05	     191.41	   0.038254	-9.7531e+92	-9.7531e+92	  0.0019107	 0.00013142	     0.0000	 -0.0081099	  0.0022358	 -0.0091575	
9	4	 9.9894e-13	 2.3974e-12	     223.28	   0.020749	-9.7531e+92	-9.7531e+92	  0.0012757	 0.00010999	     0.0000	 -0.0076986	  0.0018060	 -0.0068985	
9	5	 9.7062e-05	 0.00023294	     134.70	    0.15149	-9.7531e+92	-9.7531e+92	  0.0034100	 0.00028293	     0.0000	  -0.012796	  0.0043473	  -0.012977	
9	6	    0.18358	    0.44059	     62.827	     1.8164	-9.7531e+92	-9.7531e+92	    0.21150	    0.23863	     0.0000	     0.0000	     5.0122	   0.034724	
9	7	   0.066896	    0.16054	     64.406	     1.7184	-9.7531e+92	-9.7531e+92	   0.077961	   0.092027	     0.0000	     0.0000	     1.8922	  0.0036139	
9	8	 1.8527e-11	 4.4463e-11	     171.65	   0.058843	-9.7531e+92	-9.7531e+92	  0.0030542	 0.00011058	     0.0000	  -0.011760	  0.0017733	  -0.019104	
9	9	     0.0000	     0.0000	     0.0000	     4.0000	-9.7531e+92	-9.7531e+92	     1.2487	     0.0000	     1.0853	     0.0000	     0.0000	     0.0000	
9	10	 1.9342e-12	 4.6420e-12	     215.04	   0.024096	-9.7531e+92	-9.7531e+92	 0.00012576	 0.00012095	     0.0000	-0.00057948	  0.0017455	-0.00056582	
9	11	 8.7025e-13	 2.0885e-12	     175.31	   0.054135	-9.7531e+92	-9.7531e+92	 0.00026842	 0.00011828	     0.0000	 -0.0012659	  0.0017574	 -0.0018039	
9	12	 5.2514e-12	 1.2603e-11	     214.99	   0.024120	-9.7531e+92	-9.7531e+92	 0.00012490	 0.00012112	     0.0000	-0.00062077	  0.0017440	-0.00054957	
9	13	    0.18282	    0.43875	     9.0540	     3.9979	-9.7531e+92	-9.7531e+92	    0.19776	    0.20076	     0.0000	     0.0000	     4.0543	   0.059718	
9	14	    0.17368	    0.41683	     38.749	     3.4073	-9.7531e+92	-9.7531e+92	    0.17755	    0.22742	     0.0000	  0.0027801	     4.4755	   0.070123	
9	15	  0.0020997	  0.0050391	     117.55	    0.25424	-9.7531e+92	-9.7531e+92	  0.0051759	  0.0034700	     0.0000	 -0.0039376	   0.058689	 -0.0094147	
9	16	 1.0559e-13	 2.5341e-13	     159.83	   0.077890	-9.7531e+92	-9.7531e+92	 7.9979e-05	 0.00010019	     0.0000	 1.6077e-09	  0.0020773	 5.7715e-09	
9	17	 6.0549e-13	 1.4531e-12	     293.28	  0.0069951	-9.7531e+92	-9.7531e+92	 0.00012382	 0.00012003	     0.0000	-0.00067087	  0.0017440	-0.00047216	
9	18	   0.086121	    0.20668	     96.665	    0.51699	-9.7531e+92	-9.7531e+92	    0.10911	    0.12995	     0.0000	 -0.0081945	     2.3670	  -0.025172	
9	19	 1.2395e-12	 2.9748e-12	     193.08	   0.036956	-9.7531e+92	-9.7531e+92	 0.00013102	 0.00011968	     0.0000	-0.00065434	  0.0017523	-0.00061630	
9	20	 4.9994e-13	 1.1998e-12	     174.09	   0.055651	-9.7531e+92	-9.7531e+92	 0.00032143	 0.00011699	     0.0000	 -0.0020337	  0.0017627	 -0.0026125	
9	21	   0.021384	   0.051321	     83.320	    0.84769	-9.7531e+92	-9.7531e+92	   0.041628	   0.031337	     0.0000	-7.0550e-06	    0.58933	  -0.024800	
9	22	 1.5378e-13	 3.6906e-13	     266.14	   0.010307	-9.7531e+92	-9.7531e+92	 0.00011382	 0.00012083	     0.0000	-0.00047504	  0.0017473	-0.00035841	
9	23	 0.00019864	 0.00047673	     121.73	    0.22293	-9.7531e+92	-9.7531e+92	   0.029944	 0.00041246	     0.0000	 -0.0052879	  0.0071828	  -0.076011	
9	24	 2.6144e-12	 6.2744e-12	     149.07	    0.10229	-9.7531e+92	-9.7531e+92	 0.00023986	 0.00011208	     0.0000	-0.00010307	  0.0017951	-0.00067764	
10	0	  0.0010949	 0.00043963	     210.64	   0.026161	-9.7531e+92	-9.7531e+92	  0.0034159	 2.3966e-05	     0.0000	 -0.0026276	 -0.0032011	    0.23941	
10	1	 9.8499e-05	 3.9550e-05	     228.04	   0.019080	-9.7531e+92	-9.7531e+92	  0.0022465	 3.4525e-06	     0.0000	     0.0000	-0.00044539	    0.18722	
10	2	 4.7464e-13	 1.9058e-13	     213.20	   0.024934	-9.7531e+92	-9.7531e+92	 0.00044250	 1.3931e-06	     0.0000	 -0.0051205	-0.00021014	   0.063300	
10	3	 1.6876e-13	 6.7761e-14	     258.79	   0.011525	-9.7531e+92	-9.7531e+92	 8.2022e-05	 1.3970e-06	     0.0000	 -0.0026712	-0.00020951	   0.020004	
10	4	 2.8106e-12	 1.1285e-12	     204.61	   0.029363	-9.7531e+92	-9.7531e+92	 9.2876e-05	 1.3840e-06	     0.0000	 -0.0025299	-0.00021454	   0.015517	
10	5	    0.10860	   0.043608	     93.726	    0.57518	-9.7531e+92	-9.7531e+92	   0.019519	  0.0017324	   0.015474	   0.025077	   -0.33889	   -0.28414	
10	6	  0.0014328	 0.00057533	     153.37	   0.091543	-9.7531e+92	-9.7531e+92	  0.0073284	 3.0055e-05	     0.0000	     0.0000	 -0.0047536	    0.45510	
10	7	 1.5099e-05	 6.0627e-06	     153.29	   0.091732	-9.7531e+92	-9.7531e+92	  0.0031995	 1.7527e-06	     0.0000	     0.0000	-0.00026497	    0.19114	
10	8	    0.33980	    0.13644	     44.054	     3.0993	-9.7531e+92	-9.7531e+92	   0.049815	  0.0051480	   0.043924	   0.053166	   -0.98739	   -0.86836	
10	9	 1.1856e-12	 4.7604e-13	     215.04	   0.024096	-9.7531e+92	-9.7531e+92	  0.0014722	 1.4188e-06	     0.0000	     0.0000	-0.00021520	    0.20226	
10	10	     0.0000	     0.0000	     0.0000	     4.0000	-9.7531e+92	-9.7531e+92	    0.20210	     0.0000	    0.20190	     0.0000	     0.0000	     0.0000	
10	11	    0.13849	   0.055607	     46.926	     2.9109	-9.7531e+92	-9.7531e+92	   0.015891	  0.0023303	   0.015308	   0.024072	   -0.35217	   -0.31689	
10	12	    0.10968	   0.044039	     46.012	     2.9721	-9.7531e+92	-9.7531e+92	   0.011837	  0.0015519	   0.011641	   0.026255	   -0.19868	   -0.17267	
10	13	   0.014993	  0.0060200	     205.99	   0.028587	-9.7531e+92	-9.7531e+92	  0.0068074	 0.00030195	     0.0000	     0.0000	  -0.040002	    0.30608	
10	14	  0.0020679	 0.00083034	     190.48	   0.038997	-9.7531e+92	-9.7531e+92	  0.0055875	 4.3604e-05	     0.0000	 -0.0021270	 -0.0061747	    0.31983	
10	15	 1.5801e-14	 6.3447e-15	     197.67	   0.033672	-9.7531e+92	-9.7531e+92	 0.00016134	 1.4414e-06	     0.0000	 -0.0016726	-0.00021687	   0.027762	
10	16	 7.0036e-13	 2.8121e-13	     147.94	    0.10538	-9.7531e+92	-9.7531e+92	 1.3381e-05	 1.4546e-06	     0.0000	 4.6714e-10	-0.00020973	-1.2954e-08	
10	17	 1.5968e-12	 6.4117e-13	     270.72	  0.0096279	-9.7531e+92	-9.7531e+92	 1.6613e-05	 1.4797e-06	     0.0000	-0.00022047	-0.00022162	  0.0011090	
10	18	    0.14295	   0.057401	     118.82	    0.24422	-9.7531e+92	-9.7531e+92	   0.035900	  0.0028345	     0.0000	  0.0053591	   -0.44838	   -0.10924	
10	19	  0.0092983	  0.0037336	     85.643	    0.77653	-9.7531e+92	-9.7531e+92	  0.0030444	 0.00018053	  0.0028281	  0.0032714	  -0.029696	  -0.025938	
10	20	    0.11401	   0.045777	     74.457	     1.1864	-9.7531e+92	-9.7531e+92	   0.016175	  0.0022011	   0.015344	   0.029671	   -0.36357	   -0.33091	
10	21	 2.0131e-06	 8.0831e-07	     171.26	   0.059366	-9.7531e+92	-9.7531e+92	  0.0011511	 1.4814e-06	     0.0000	-4.9445e-06	-0.00022214	    0.11976	
10	22	 1.4325e-13	 5.7518e-14	     176.66	   0.052524	-9.7531e+92	-9.7531e+92	 1.7158e-05	 1.4595e-06	     0.0000	-0.00015454	-0.00022008	 0.00083941	
10	23	   0.017422	  0.0069953	     95.614	    0.53700	-9.7531e+92	-9.7531e+92	   0.014987	 0.00035581	     0.0000	-0.00097579	  -0.057152	    0.12408	
10	24	 5.3005e-05	 2.1283e-05	     102.71	    0.41717	-9.7531e+92	-9.7531e+92	 0.00018557	 2.6277e-06	     0.0000	-2.9294e-05	-0.00039476	  0.0014283	
11	0	  0.0011007	 0.00053519	     167.10	   0.065400	-9.7531e+92	-9.7531e+92	  0.0063607	 5.4831e-05	     0.0000	 -0.0056811	 -0.0076927	    0.55830	
11	1	  0.0018378	 0.00089356	     185.20	   0.043588	-9.7531e+92	-9.7531e+92	  0.0044684	 9.0731e-05	     0.0000	     0.0000	  -0.012272	    0.42664	
11	2	 5.0537e-06	 2.4572e-06	     197.83	   0.033565	-9.7531e+92	-9.7531e+92	 0.00067777	 3.4114e-06	     0.0000	  -0.011069	-0.00054016	    0.14735	
11	3	 5.4992e-14	 2.6738e-14	     244.71	   0.014404	-9.7531e+92	-9.7531e+92	 0.00011034	 3.1834e-06	     0.0000	 -0.0057757	-0.00050063	   0.046580	
11	4	 6.1953e-13	 3.0123e-13	     218.09	   0.022784	-9.7531e+92	-9.7531e+92	 8.9564e-05	 3.1540e-06	     0.0000	 -0.0054707	-0.00051265	   0.036120	
11	5	   0.085894	   0.041763	     77.490	     1.0576	-9.7531e+92	-9.7531e+92	   0.017748	  0.0027928	   0.012850	   0.031995	   -0.63358	   -0.50330	
11	6	  0.0072005	  0.0035010	     117.04	    0.25846	-9.7531e+92	-9.7531e+92	   0.013319	 0.00033039	     0.0000	     0.0000	  -0.055047	     1.0204	
11	7	  0.0015017	 0.00073017	     112.26	    0.30176	-9.7531e+92	-9.7531e+92	  0.0064937	 7.6148e-05	     0.0000	     0.0000	  -0.012128	    0.43461	
11	8	    0.36727	    0.17857	     32.525	     3.6821	-9.7531e+92	-9.7531e+92	   0.055650	   0.011119	   0.048517	   0.098612	    -2.4775	    -2.1200	
11	9	 1.3890e-06	 6.7538e-07	     175.31	   0.054135	-9.7531e+92	-9.7531e+92	  0.0027900	 3.2895e-06	     0.0000	     0.0000	-0.00052487	    0.47082	
11	10	   0.037291	   0.018132	     46.926	     2.9109	-9.7531e+92	-9.7531e+92	  0.0052676	  0.0011922	  0.0050241	   0.015041	   -0.18761	   -0.15861	
11	11	     0.0000	     0.0000	     0.0000	     4.0000	-9.7531e+92	-9.7531e+92	    0.24557	     0.0000	    0.24486	     0.0000	     0.0000	     0.0000	
11	12	 0.00045031	 0.00021895	     77.218	     1.0686	-9.7531e+92	-9.7531e+92	 0.00096697	 2.1624e-05	 0.00072953	 2.1352e-05	 -0.0037450	-0.00018206	
11	13	   0.043940	   0.021364	     166.60	   0.066184	-9.7531e+92	-9.7531e+92	   0.014167	  0.0020089	     0.0000	     0.0000	   -0.27957	    0.54865	
11	14	  0.0041369	  0.0020115	     157.91	   0.081669	-9.7531e+92	-9.7531e+92	  0.0093519	 0.00019399	     0.0000	 -0.0045198	  -0.029088	    0.73258	
11	15	 1.1134e-12	 5.4136e-13	     182.32	   0.046370	-9.7531e+92	-9.7531e+92	 0.00023959	 3.2776e-06	     0.0000	 -0.0036164	-0.00051819	   0.064619	
11	16	 4.6898e-14	 2.2803e-14	     142.85	    0.12075	-9.7531e+92	-9.7531e+92	 1.6204e-05	 3.2034e-06	     0.0000	 8.2026e-10	-0.00042781	-2.5320e-08	
11	17	 8.4581e-13	 4.1125e-13	     290.18	  0.0072979	-9.7531e+92	-9.7531e+92	 1.9335e-05	 3.3700e-06	     0.0000	-0.00047673	-0.00052960	  0.0025807	
11	18	    0.30776	    0.14964	     81.269	    0.91620	-9.7531e+92	-9.7531e+92	   0.060278	   0.013492	  0.0092326	   0.061358	    -2.3082	    -1.3616	
11	19	 3.8213e-05	 1.8580e-05	     108.78	    0.33886	-9.7531e+92	-9.7531e+92	 0.00047845	 4.5960e-06	 0.00021645	-0.00034994	-0.00080536	  0.0030203	
11	20	  0.0077881	  0.0037867	     83.734	    0.83452	-9.7531e+92	-9.7531e+92	  0.0043006	 0.00033918	  0.0032956	  0.0031983	  -0.060225	  -0.040146	
11	21	 0.00012055	 5.8613e-05	     128.65	    0.18069	-9.7531e+92	-9.7531e+92	  0.0022180	 9.1543e-06	     0.0000	-1.0016e-05	 -0.0014453	    0.27795	
11	22	 1.0507e-12	 5.1090e-13	     200.45	   0.031856	-9.7531e+92	-9.7531e+92	 1.9074e-05	 3.3255e-06	     0.0000	-0.00033564	-0.00052663	  0.0019534	
11	23	    0.12287	   0.059742	     53.605	     2.4433	-9.7531e+92	-9.7531e+92	   0.034085	  0.0055301	  0.0056934	  0.0028769	   -0.95199	   -0.45190	
11	24	   0.010799	  0.0052506	     56.094	     2.2676	-9.7531e+92	-9.7531e+92	  0.0014886	 0.00050330	  0.0012034	  0.0010819	  -0.079104	  -0.067430	
12	0	 0.00021158	 8.8248e-05	     226.76	   0.019512	-9.7531e+92	-9.7531e+92	  0.0029957	 8.2085e-06	     0.0000	 -0.0040762	 -0.0011482	    0.37189	
12	1	 0.00096040	 0.00040057	     231.78	   0.017881	-9.7531e+92	-9.7531e+92	  0.0021453	 3.0692e-05	     0.0000	     0.0000	 -0.0041444	    0.28481	
12	2	 0.00038134	 0.00015905	     181.48	   0.047226	-9.7531e+92	-9.7531e+92	 0.00064124	 1.3300e-05	     0.0000	 -0.0077314	 -0.0021104	   0.095710	
12	3	 2.5874e-13	 1.0792e-13	     227.10	   0.019395	-9.7531e+92	-9.7531e+92	 0.00013454	 1.9835e-06	     0.0000	 -0.0041045	-0.00031353	   0.030785	
12	4	 0.00016770	 6.9947e-05	     165.11	   0.068567	-9.7531e+92	-9.7531e+92	 0.00026029	 6.8727e-06	     0.0000	 -0.0037559	 -0.0011270	   0.023115	
12	5	   0.075726	   0.031584	     80.590	    0.94012	-9.7531e+92	-9.7531e+92	   0.019097	  0.0019193	   0.014896	   0.032597	   -0.36071	   -0.29712	
12	6	  0.0050696	  0.0021145	     152.49	   0.093630	-9.7531e+92	-9.7531e+92	  0.0072425	 0.00014692	     0.0000	     0.0000	  -0.024364	    0.68401	
12	7	 3.0174e-05	 1.2585e-05	     158.06	   0.081372	-9.7531e+92	-9.7531e+92	  0.0028210	 2.9578e-06	     0.0000	     0.0000	-0.00046950	    0.29408	
12	8	    0.31529	    0.13150	     55.069	     2.3397	-9.7531e+92	-9.7531e+92	   0.048311	  0.0076415	   0.042191	   0.091409	    -1.4432	    -1.3051	
12	9	 3.3831e-14	 1.4110e-14	     214.99	   0.024120	-9.7531e+92	-9.7531e+92	  0.0013606	 2.0217e-06	     0.0000	     0.0000	-0.00032201	    0.31126	
12	10	   0.075327	   0.031418	     46.012	     2.9721	-9.7531e+92	-9.7531e+92	  0.0085936	  0.0015469	  0.0083847	   0.026384	   -0.21083	   -0.19213	
12	11	   0.014897	  0.0062132	     77.218	     1.0686	-9.7531e+92	-9.7531e+92	  0.0039418	 0.00043686	  0.0033369	  0.0053076	  -0.072141	  -0.062009	
12	12	     0.0000	     0.0000	     0.0000	     4.0000	-9.7531e+92	-9.7531e+92	    0.21044	     0.0000	    0.21024	     0.0000	     0.0000	     0.0000	
12	13	  0.0068364	  0.0028513	     205.94	   0.028617	-9.7531e+92	-9.7531e+92	  0.0056373	 0.00019806	     0.0000	     0.0000	  -0.027451	    0.50177	
12	14	   0.011669	  0.0048670	     188.63	   0.040536	-9.7531e+92	-9.7531e+92	  0.0062811	 0.00034321	     0.0000	 -0.0030075	  -0.050793	    0.45282	
12	15	 3.2477e-06	 1.3546e-06	     166.81	   0.065853	-9.7531e+92	-9.7531e+92	 0.00020964	 2.1506e-06	     0.0000	 -0.0025696	-0.00034028	   0.042708	
12	16	 4.2247e-14	 1.7621e-14	     115.95	    0.26758	-9.7531e+92	-9.7531e+92	 1.3900e-05	 2.0641e-06	     0.0000	 6.9607e-10	-0.00030880	-1.9542e-08	
12	17	 1.5368e-14	 6.4095e-15	     225.22	   0.020047	-9.7531e+92	-9.7531e+92	 2.2846e-05	 2.0925e-06	     0.0000	-0.00033813	-0.00033127	  0.0017066	
12	18	   0.085257	   0.035559	     120.73	    0.22996	-9.7531e+92	-9.7531e+92	   0.031544	  0.0024348	     0.0000	 -0.0043213	   -0.40014	   0.088095	
12	19	    0.17203	   0.071750	     44.530	     3.0689	-9.7531e+92	-9.7531e+92	   0.020169	  0.0034765	   0.019945	   0.064083	   -0.65129	   -0.60929	
12	20	    0.22882	   0.095435	     45.010	     3.0379	-9.7531e+92	-9.7531e+92	   0.031862	  0.0056859	   0.031000	   0.081053	    -1.0209	   -0.95870	
12	21	 5.9825e-14	 2.4952e-14	     187.39	   0.041605	-9.7531e+92	-9.7531e+92	  0.0010224	 2.0496e-06	     0.0000	-7.5995e-06	-0.00032267	    0.18431	
12	22	 2.3754e-13	 9.9075e-14	     131.16	    0.16782	-9.7531e+92	-9.7531e+92	 2.7861e-05	 1.9731e-06	     0.0000	-0.00022085	-0.00032186	  0.0012631	
12	23	  0.0073317	  0.0030580	     109.85	    0.32696	-9.7531e+92	-9.7531e+92	   0.012160	 0.00021660	     0.0000	 -0.0020772	  -0.036267	    0.23793	
12	24	 3.0313e-13	 1.2643e-13	     132.31	    0.16230	-9.7531e+92	-9.7531e+92	 0.00010617	 2.1010e-06	     0.0000	-5.1881e-05	-0.00033078	  0.0024471	
13	0	    0.17792	     2.5193	     86.013	    0.76580	-9.7531e+92	-9.7531e+92	    0.95462	    0.36324	     0.0000	     0.0000	     5.6306	     0.0000	
13	1	   0.057716	    0.81724	     57.043	     2.2015	-9.7531e+92	-9.7531e+92	    0.52785	   0.089065	     0.0000	     0.0000	     1.1636	     0.0000	
13	2	  0.0021966	   0.031103	     127.66	    0.18612	-9.7531e+92	-9.7531e+92	   0.064047	  0.0050824	     0.0000	     0.0000	   0.078897	     0.0000	
13	3	 7.7420e-05	  0.0010962	     188.65	   0.040519	-9.7531e+92	-9.7531e+92	  0.0092140	 0.00036465	     0.0000	     0.0000	  0.0051450	     0.0000	
13	4	 2.4019e-11	 3.4010e-10	     217.30	   0.023117	-9.7531e+92	-9.7531e+92	  0.0060213	 0.00017946	     0.0000	     0.0000	  0.0023781	     0.0000	
13	5	 0.00023407	  0.0033144	     125.66	    0.19761	-9.7531e+92	-9.7531e+92	   0.020039	 0.00091141	     0.0000	     0.0000	   0.010343	     0.0000	
13	6	    0.48443	     6.8593	     53.773	     2.4314	-9.7531e+92	-9.7531e+92	     2.1568	     1.0000	     0.0000	     0.0000	     17.063	     0.0000	
13	7	   0.063275	    0.89595	     57.312	     2.1828	-9.7531e+92	-9.7531e+92	    0.45959	    0.15249	     0.0000	     0.0000	     2.2909	     0.0000	
13	8	 1.0862e-11	 1.5381e-10	     162.59	   0.072826	-9.7531e+92	-9.7531e+92	   0.016362	 0.00019137	     0.0000	     0.0000	  0.0023042	     0.0000	
13	9	   0.078466	     1.1111	     9.0540	     3.9979	-9.7531e+92	-9.7531e+92	    0.57018	    0.17938	     0.0000	     0.0000	     2.8359	     0.0000	
13	10	 1.2852e-13	 1.8198e-12	     205.99	   0.028587	-9.7531e+92	-9.7531e+92	 0.00071898	 0.00021177	     0.0000	     0.0000	  0.0022494	     0.0000	
13	11	 7.9609e-13	 1.1272e-11	     166.60	   0.066184	-9.7531e+92	-9.7531e+92	  0.0014390	 0.00020295	     0.0000	     0.0000	  0.0023012	     0.0000	
13	12	 4.2454e-12	 6.0113e-11	     205.94	   0.028617	-9.7531e+92	-9.7531e+92	 0.00071798	 0.00021323	     0.0000	     0.0000	  0.0022366	     0.0000	
13	13	     0.0000	     0.0000	     0.0000	     4.0000	-9.7531e+92	-9.7531e+92	     7.6592	     0.0000	     5.6805	     0.0000	     0.0000	     0.0000	
13	14	   0.060149	    0.85168	     32.765	     3.6733	-9.7531e+92	-9.7531e+92	    0.77480	    0.12704	     0.0000	     0.0000	     1.9544	     0.0000	
13	15	  0.0025001	   0.035400	     111.52	    0.30921	-9.7531e+92	-9.7531e+92	   0.029035	  0.0061152	     0.0000	     0.0000	   0.093966	     0.0000	
13	16	 2.5075e-12	 3.5505e-11	     153.85	   0.090443	-9.7531e+92	-9.7531e+92	 0.00047188	 0.00018918	     0.0000	     0.0000	  0.0023921	     0.0000	
13	17	 5.1869e-12	 7.3445e-11	     287.27	  0.0075975	-9.7531e+92	-9.7531e+92	 0.00067929	 0.00020422	     0.0000	     0.0000	  0.0022701	     0.0000	
13	18	   0.041316	    0.58503	     87.611	    0.72124	-9.7531e+92	-9.7531e+92	    0.48470	    0.10270	     0.0000	     0.0000	     1.4808	     0.0000	
13	19	 8.0954e-13	 1.1463e-11	     184.51	   0.044238	-9.7531e+92	-9.7531e+92	 0.00075783	 0.00021053	     0.0000	     0.0000	  0.0022530	     0.0000	
13	20	 2.0047e-12	 2.8385e-11	     165.04	   0.068678	-9.7531e+92	-9.7531e+92	  0.0018110	 0.00020274	     0.0000	     0.0000	  0.0022900	     0.0000	
13	21	   0.031383	    0.44437	     76.619	     1.0932	-9.7531e+92	-9.7531e+92	    0.27959	   0.071853	     0.0000	     0.0000	     1.1422	     0.0000	
13	22	 2.2448e-13	 3.1785e-12	     260.15	   0.011286	-9.7531e+92	-9.7531e+92	 0.00063457	 0.00020703	     0.0000	     0.0000	  0.0022713	     0.0000	
13	23	 0.00033409	  0.0047305	     113.01	    0.29441	-9.7531e+92	-9.7531e+92	    0.13760	  0.0010199	     0.0000	     0.0000	   0.014474	     0.0000	
13	24	 6.4941e-13	 9.1953e-12	     142.21	    0.12286	-9.7531e+92	-9.7531e+92	  0.0013155	 0.00019153	     0.0000	     0.0000	  0.0023471	     0.0000	
14	0	    0.10287	    0.95651	     114.85	    0.27729	-9.7531e+92	-9.7531e+92	    0.44503	    0.17264	     0.0000	     0.0000	     1.8844	     0.0000	
14	1	   0.086646	    0.80568	     88.839	    0.68891	-9.7531e+92	-9.7531e+92	    0.35664	    0.15668	     0.0000	     0.0000	     1.9112	     0.0000	
14	2	    0.11212	     1.0425	     97.273	    0.50580	-9.7531e+92	-9.7531e+92	    0.30124	    0.21390	   0.097928	     0.0000	     2.6164	     0.0000	
14	3	 0.00035634	  0.0033134	     161.01	   0.075671	-9.7531e+92	-9.7531e+92	   0.036173	 0.00087885	     0.0000	     0.0000	   0.010009	     0.0000	
14	4	 8.9527e-07	 8.3246e-06	     184.55	   0.044193	-9.7531e+92	-9.7531e+92	   0.023650	 0.00015171	     0.0000	     0.0000	  0.0016245	     0.0000	
14	5	 0.00091568	  0.0085144	     108.09	    0.34690	-9.7531e+92	-9.7531e+92	   0.022924	  0.0025256	     0.0000	     0.0000	   0.022546	     0.0000	
14	6	   0.095281	    0.88596	     41.508	     3.2546	-9.7531e+92	-9.7531e+92	    0.60519	    0.16114	     0.0000	     0.0000	     2.2469	     0.0000	
14	7	   0.087878	    0.81713	     65.464	     1.6549	-9.7531e+92	-9.7531e+92	    0.33496	    0.18431	     0.0000	     0.0000	     2.1636	     0.0000	
14	8	 7.0077e-06	 6.5161e-05	     146.54	    0.10935	-9.7531e+92	-9.7531e+92	   0.020830	 0.00017858	     0.0000	     0.0000	  0.0017150	     0.0000	
14	9	   0.061192	    0.56899	     38.749	     3.4073	-9.7531e+92	-9.7531e+92	    0.29175	    0.12250	     0.0000	     0.0000	     1.5043	     0.0000	
14	10	 3.9582e-13	 3.6805e-12	     190.48	   0.038997	-9.7531e+92	-9.7531e+92	 0.00060676	 0.00018243	     0.0000	     0.0000	  0.0014728	     0.0000	
14	11	 1.1862e-13	 1.1029e-12	     157.91	   0.081669	-9.7531e+92	-9.7531e+92	  0.0015929	 0.00017708	     0.0000	     0.0000	  0.0014993	     0.0000	
14	12	 7.0960e-14	 6.5982e-13	     188.63	   0.040536	-9.7531e+92	-9.7531e+92	 0.00058903	 0.00018213	     0.0000	     0.0000	  0.0014785	     0.0000	
14	13	    0.15319	     1.4245	     32.765	     3.6733	-9.7531e+92	-9.7531e+92	    0.67297	    0.26492	     0.0000	     0.0000	     3.2869	     0.0000	
14	14	     0.0000	     0.0000	     0.0000	     4.0000	-9.7531e+92	-9.7531e+92	     4.9494	     0.0000	     3.8153	     0.0000	     0.0000	     0.0000	
14	15	   0.015059	    0.14003	     78.991	    0.99899	-9.7531e+92	-9.7531e+92	   0.075397	   0.029363	     0.0000	     0.0000	    0.38784	     0.0000	
14	16	 3.4036e-14	 3.1648e-13	     121.20	    0.22662	-9.7531e+92	-9.7531e+92	 0.00030988	 0.00017095	     0.0000	     0.0000	  0.0015202	     0.0000	
14	17	 6.4355e-13	 5.9840e-12	     254.84	   0.012253	-9.7531e+92	-9.7531e+92	  0.0011168	 0.00017239	     0.0000	     0.0000	  0.0015245	     0.0000	
14	18	    0.27802	     2.5851	     78.249	     1.0276	-9.7531e+92	-9.7531e+92	    0.82325	    0.58757	     0.0000	     0.0000	     6.6606	     0.0000	
14	19	 2.7794e-13	 2.5844e-12	     166.55	   0.066257	-9.7531e+92	-9.7531e+92	 0.00063208	 0.00017933	     0.0000	     0.0000	  0.0014958	     0.0000	
14	20	 6.5285e-14	 6.0705e-13	     147.73	    0.10597	-9.7531e+92	-9.7531e+92	  0.0018297	 0.00017466	     0.0000	     0.0000	  0.0015109	     0.0000	
14	21	  0.0062866	   0.058456	     101.18	    0.44014	-9.7531e+92	-9.7531e+92	    0.10989	   0.013686	     0.0000	     0.0000	    0.15416	     0.0000	
14	22	 1.7557e-13	 1.6326e-12	     227.39	   0.019298	-9.7531e+92	-9.7531e+92	 0.00090043	 0.00017600	     0.0000	     0.0000	  0.0015135	     0.0000	
14	23	 0.00017826	  0.0016576	     114.84	    0.27739	-9.7531e+92	-9.7531e+92	    0.21938	 0.00055543	     0.0000	     0.0000	  0.0058648	     0.0000	
14	24	 2.5609e-13	 2.3812e-12	     150.00	   0.099849	-9.7531e+92	-9.7531e+92	  0.0012470	 0.00016988	     0.0000	     0.0000	  0.0015331	     0.0000	
15	0	  0.0012508	  0.0023548	     189.51	   0.039789	-9.7531e+92	-9.7531e+92	   0.037336	 0.00064076	     0.0000	  -0.054036	  0.0016697	  -0.083829	
15	1	   0.018537	   0.034897	     167.83	   0.064291	-9.7531e+92	-9.7531e+92	   0.035915	  0.0091936	     0.0000	     0.0000	   0.029192	  -0.062431	
15	2	    0.31275	    0.58879	     21.827	     3.9312	-9.7531e+92	-9.7531e+92	    0.17539	   0.085027	    0.13423	    0.25621	   -0.39279	   -0.33466	
15	3	   0.089793	    0.16904	     84.108	    0.82281	-9.7531e+92	-9.7531e+92	   0.064180	   0.021272	   0.051047	    0.15137	   -0.14194	   -0.11989	
15	4	   0.011159	   0.021007	     106.18	    0.37015	-9.7531e+92	-9.7531e+92	   0.026122	  0.0034721	   0.016141	   0.025454	 0.00025145	-0.00038373	
15	5	  0.0011562	  0.0021767	     104.94	    0.38615	-9.7531e+92	-9.7531e+92	  0.0022927	 0.00062800	     0.0000	  -0.077396	 -0.0012808	  0.0078079	
15	6	   0.056073	    0.10556	     96.746	    0.51548	-9.7531e+92	-9.7531e+92	   0.096146	   0.026264	     0.0000	     0.0000	  -0.031053	   0.053344	
15	7	 0.00055269	  0.0010405	     131.62	    0.16559	-9.7531e+92	-9.7531e+92	   0.023123	 0.00031509	     0.0000	     0.0000	-0.00052345	   0.048059	
15	8	 6.0757e-15	 1.1438e-14	     159.01	   0.079481	-9.7531e+92	-9.7531e+92	  0.0017885	 3.3415e-05	     0.0000	  -0.079622	-7.3210e-05	   0.013402	
15	9	  0.0044995	  0.0084708	     117.55	    0.25424	-9.7531e+92	-9.7531e+92	   0.025583	  0.0022874	     0.0000	     0.0000	 -0.0035017	   0.045087	
15	10	 5.1374e-14	 9.6716e-14	     197.67	   0.033672	-9.7531e+92	-9.7531e+92	 9.0645e-05	 3.5919e-05	     0.0000	 -0.0039235	-8.5817e-05	 0.00045157	
15	11	 1.9475e-15	 3.6664e-15	     182.32	   0.046370	-9.7531e+92	-9.7531e+92	 0.00016664	 3.5673e-05	     0.0000	 -0.0085712	-8.4045e-05	  0.0014197	
15	12	 5.6924e-14	 1.0717e-13	     166.81	   0.065853	-9.7531e+92	-9.7531e+92	 9.4285e-05	 3.5813e-05	     0.0000	 -0.0042030	-8.5086e-05	 0.00043749	
15	13	    0.20997	    0.39528	     111.52	    0.30921	-9.7531e+92	-9.7531e+92	    0.16333	   0.098502	     0.0000	     0.0000	    0.32859	   0.086372	
15	14	    0.27599	    0.51957	     78.991	    0.99899	-9.7531e+92	-9.7531e+92	    0.18556	    0.12059	     0.0000	   0.034404	  -0.070117	   0.066232	
15	15	     0.0000	     0.0000	     0.0000	     4.0000	-9.7531e+92	-9.7531e+92	    0.96835	     0.0000	    0.95078	     0.0000	     0.0000	     0.0000	
15	16	 1.1669e-14	 2.1968e-14	     65.362	     1.6609	-9.7531e+92	-9.7531e+92	 6.2738e-05	 3.4752e-05	     0.0000	 1.0432e-08	-5.2363e-05	-4.9101e-09	
15	17	 1.4414e-14	 2.7136e-14	     175.81	   0.053534	-9.7531e+92	-9.7531e+92	 0.00095260	 2.7389e-05	 0.00014504	 -0.0031034	 3.0986e-05	-2.4146e-05	
15	18	   0.018205	   0.034272	     116.73	    0.26100	-9.7531e+92	-9.7531e+92	   0.050186	  0.0088917	     0.0000	   -0.25406	 -0.0069076	   0.034624	
15	19	 6.2824e-06	 1.1827e-05	     131.26	    0.16732	-9.7531e+92	-9.7531e+92	 0.00018916	 3.8554e-05	     0.0000	 -0.0043715	-8.5012e-05	 0.00046130	
15	20	 5.3406e-05	 0.00010054	     124.66	    0.20372	-9.7531e+92	-9.7531e+92	 0.00026648	 6.3063e-05	     0.0000	  -0.013403	-0.00013860	  0.0018901	
15	21	 3.3070e-06	 6.2257e-06	     175.65	   0.053734	-9.7531e+92	-9.7531e+92	   0.010797	 3.5964e-05	     0.0000	-0.00010185	-5.7533e-05	   0.029449	
15	22	 3.1009e-15	 5.8378e-15	     163.21	   0.071746	-9.7531e+92	-9.7531e+92	 0.00070622	 2.9787e-05	 6.3370e-05	 -0.0024968	-3.5867e-06	 0.00011848	
15	23	 1.3632e-07	 2.5663e-07	     149.47	    0.10124	-9.7531e+92	-9.7531e+92	   0.013634	 3.3531e-05	     0.0000	  -0.035925	-7.3021e-05	   0.054086	
15	24	 9.4256e-15	 1.7745e-14	     189.75	   0.039594	-9.7531e+92	-9.7531e+92	 0.00012638	 3.5784e-05	     0.0000	-0.00069782	-8.3739e-05	 0.00053606	
16	0	   0.039729	     0.0000	     217.18	   0.023165	-9.7531e+92	-9.7531e+92	     0.0000	 6.5977e-05	     0.0000	     0.0000	 4.9965e-11	     0.0000	
16	1	   0.063850	     0.0000	     207.46	   0.027791	-9.7531e+92	-9.7531e+92	     0.0000	 0.00010349	     0.0000	     0.0000	 2.8005e-10	     0.0000	
16	2	  0.0040450	     0.0000	     68.097	     1.5042	-9.7531e+92	-9.7531e+92	     0.0000	 7.5957e-06	     0.0000	     0.0000	 1.8757e-11	     0.0000	
16	3	   0.010052	     0.0000	     111.94	    0.30495	-9.7531e+92	-9.7531e+92	     0.0000	 1.9002e-05	     0.0000	     0.0000	 4.5757e-11	     0.0000	
16	4	   0.055620	     0.0000	     75.439	     1.1432	-9.7531e+92	-9.7531e+92	     0.0000	 0.00010635	     0.0000	     0.0000	 2.5401e-10	     0.0000	
16	5	   0.024074	     0.0000	     71.546	     1.3237	-9.7531e+92	-9.7531e+92	     0.0000	 4.9261e-05	     0.0000	     0.0000	 1.0770e-10	     0.0000	
16	6	   0.029293	     0.0000	     111.89	    0.30549	-9.7531e+92	-9.7531e+92	     0.0000	 5.1711e-05	     0.0000	     0.0000	 1.3399e-10	     0.0000	
16	7	   0.019273	     0.0000	     137.28	    0.14083	-9.7531e+92	-9.7531e+92	     0.0000	 3.7346e-05	     0.0000	     0.0000	 8.7938e-11	     0.0000	
16	8	  0.0081767	     0.0000	     112.87	    0.29583	-9.7531e+92	-9.7531e+92	     0.0000	 1.6261e-05	     0.0000	     0.0000	 3.6756e-11	     0.0000	
16	9	    0.18222	     0.0000	     159.83	   0.077890	-9.7531e+92	-9.7531e+92	     0.0000	 0.00034505	     0.0000	     0.0000	 8.3181e-10	     0.0000	
16	10	  0.0054832	     0.0000	     147.94	    0.10538	-9.7531e+92	-9.7531e+92	     0.0000	 1.1975e-05	     0.0000	     0.0000	 2.4557e-11	     0.0000	
16	11	   0.059415	     0.0000	     142.85	    0.12075	-9.7531e+92	-9.7531e+92	     0.0000	 0.00012646	     0.0000	     0.0000	 2.6387e-10	     0.0000	
16	12	   0.012145	     0.0000	     115.95	    0.26758	-9.7531e+92	-9.7531e+92	     0.0000	 2.6377e-05	     0.0000	     0.0000	 5.3889e-11	     0.0000	
16	13	   0.072885	     0.0000	     153.85	   0.090443	-9.7531e+92	-9.7531e+92	     0.0000	 0.00011504	     0.0000	     0.0000	 3.1668e-10	     0.0000	
16	14	  0.0035327	     0.0000	     121.20	    0.22662	-9.7531e+92	-9.7531e+92	     0.0000	 6.1470e-06	     0.0000	     0.0000	 1.6609e-11	     0.0000	
16	15	   0.015696	     0.0000	     65.362	     1.6609	-9.7531e+92	-9.7531e+92	     0.0000	 3.0786e-05	     0.0000	     0.0000	 7.1201e-11	     0.0000	
16	16	     0.0000	     0.0000	     0.0000	     4.0000	-9.7531e+92	-9.7531e+92	     0.0000	     0.0000	     0.0000	     0.0000	     0.0000	     0.0000	
16	17	  0.0050552	     0.0000	     148.25	    0.10451	-9.7531e+92	-9.7531e+92	     0.0000	 1.0798e-05	     0.0000	     0.0000	 2.3065e-11	     0.0000	
16	18	   0.074737	     0.0000	     110.59	    0.31898	-9.7531e+92	-9.7531e+92	     0.0000	 0.00013750	     0.0000	     0.0000	 3.4281e-10	     0.0000	
16	19	   0.032923	     0.0000	     73.024	     1.2523	-9.7531e+92	-9.7531e+92	     0.0000	 7.0206e-05	     0.0000	     0.0000	 1.4622e-10	     0.0000	
16	20	   0.026641	     0.0000	     74.477	     1.1855	-9.7531e+92	-9.7531e+92	     0.0000	 5.5768e-05	     0.0000	     0.0000	 1.1866e-10	     0.0000	
16	21	   0.052918	     0.0000	     180.81	   0.047925	-9.7531e+92	-9.7531e+92	     0.0000	 0.00010174	     0.0000	     0.0000	 2.4276e-10	     0.0000	
16	22	  0.0055607	     0.0000	     106.73	    0.36321	-9.7531e+92	-9.7531e+92	     0.0000	 1.1973e-05	     0.0000	     0.0000	 2.5436e-11	     0.0000	
16	23	   0.012865	     0.0000	     136.77	    0.14287	-9.7531e+92	-9.7531e+92	     0.0000	 2.5078e-05	     0.0000	     0.0000	 5.8323e-11	     0.0000	
16	24	  0.0046494	     0.0000	     177.80	   0.051213	-9.7531e+92	-9.7531e+92	     0.0000	 9.8545e-06	     0.0000	     0.0000	 2.1229e-11	     0.0000	
17	0	 5.2834e-13	 2.1589e-13	     353.56	  0.0033150	-9.7531e+92	-9.7531e+92	  0.0020564	 3.0959e-06	     0.0000	 -0.0066278	-4.2025e-05	   0.055815	
17	1	 4.9755e-14	 2.0331e-14	     342.57	  0.0037606	-9.7531e+92	-9.7531e+92	  0.0020497	 3.1410e-06	     0.0000	     0.0000	-3.9340e-05	   0.041396	
17	2	   0.072088	   0.029457	     160.64	   0.076357	-9.7531e+92	-9.7531e+92	   0.030448	  0.0028571	   0.021513	   0.020430	  -0.065132	  -0.041939	
17	3	    0.32793	    0.13400	     122.41	    0.21829	-9.7531e+92	-9.7531e+92	   0.049488	   0.010214	   0.046637	    0.15689	   -0.30646	   -0.27765	
17	4	    0.53911	    0.22029	     73.525	     1.2289	-9.7531e+92	-9.7531e+92	   0.067584	  0.0070626	   0.065418	    0.11469	   -0.29642	   -0.26200	
17	5	 5.6370e-14	 2.3034e-14	     219.60	   0.022168	-9.7531e+92	-9.7531e+92	 0.00024728	 3.1626e-06	     0.0000	  -0.010590	-6.4797e-05	  0.0090208	
17	6	 3.6829e-13	 1.5049e-13	     251.72	   0.012870	-9.7531e+92	-9.7531e+92	  0.0049474	 2.9971e-06	     0.0000	     0.0000	-6.0230e-05	    0.13170	
17	7	 1.9572e-13	 7.9976e-14	     281.54	  0.0082346	-9.7531e+92	-9.7531e+92	  0.0012724	 3.1978e-06	     0.0000	     0.0000	-6.3168e-05	   0.056305	
17	8	 9.3497e-13	 3.8205e-13	     258.50	   0.011577	-9.7531e+92	-9.7531e+92	 0.00026858	 3.0922e-06	     0.0000	 -0.0096379	-6.5249e-05	   0.013258	
17	9	 4.6459e-13	 1.8984e-13	     293.28	  0.0069951	-9.7531e+92	-9.7531e+92	  0.0013501	 3.1696e-06	     0.0000	     0.0000	-6.2553e-05	   0.059248	
17	10	 2.7833e-13	 1.1373e-13	     270.72	  0.0096279	-9.7531e+92	-9.7531e+92	 1.9669e-05	 3.3069e-06	     0.0000	-0.00047492	-6.6829e-05	 0.00040358	
17	11	 2.5766e-14	 1.0529e-14	     290.18	  0.0072979	-9.7531e+92	-9.7531e+92	 2.7481e-05	 3.2930e-06	     0.0000	 -0.0010375	-6.6656e-05	  0.0012827	
17	12	 1.2085e-14	 4.9383e-15	     225.22	   0.020047	-9.7531e+92	-9.7531e+92	 4.6236e-05	 3.2963e-06	     0.0000	-0.00050876	-6.6730e-05	 0.00039177	
17	13	 0.00065819	 0.00026895	     287.27	  0.0075975	-9.7531e+92	-9.7531e+92	  0.0089983	 3.2756e-05	     0.0000	     0.0000	-0.00040855	   0.073117	
17	14	  0.0054375	  0.0022219	     254.84	   0.012253	-9.7531e+92	-9.7531e+92	   0.010541	 0.00024988	     0.0000	 -0.0048594	 -0.0040068	   0.077870	
17	15	 4.5897e-06	 1.8755e-06	     175.81	   0.053534	-9.7531e+92	-9.7531e+92	   0.010069	 3.2425e-06	  0.0062553	 -0.0035682	-6.6782e-05	  0.0081795	
17	16	 5.2538e-13	 2.1468e-13	     148.25	    0.10451	-9.7531e+92	-9.7531e+92	 1.3618e-05	 3.2086e-06	     0.0000	 1.0790e-09	-5.5317e-05	-3.4979e-09	
17	17	     0.0000	     0.0000	     0.0000	     4.0000	-9.7531e+92	-9.7531e+92	    0.20663	     0.0000	    0.20646	     0.0000	     0.0000	     0.0000	
17	18	 1.3908e-12	 5.6832e-13	     258.46	   0.011584	-9.7531e+92	-9.7531e+92	  0.0027039	 3.0423e-06	     0.0000	  -0.037196	-5.8576e-05	   0.085595	
17	19	 2.5365e-13	 1.0365e-13	     187.53	   0.041480	-9.7531e+92	-9.7531e+92	 0.00084950	 3.2394e-06	 0.00062931	-0.00053627	-6.5589e-05	 0.00043473	
17	20	 1.6000e-12	 6.5381e-13	     207.02	   0.028026	-9.7531e+92	-9.7531e+92	 0.00033166	 3.2358e-06	     0.0000	 -0.0016667	-6.5854e-05	  0.0018349	
17	21	 8.8579e-13	 3.6195e-13	     326.31	  0.0045671	-9.7531e+92	-9.7531e+92	 0.00060494	 3.2186e-06	     0.0000	-1.2329e-05	-6.2860e-05	   0.035175	
17	22	   0.054767	   0.022379	     106.10	    0.37108	-9.7531e+92	-9.7531e+92	  0.0072592	  0.0019438	  0.0071197	   0.045445	  -0.030956	  -0.028292	
17	23	 2.0422e-13	 8.3448e-14	     284.58	  0.0078888	-9.7531e+92	-9.7531e+92	 0.00075909	 3.1215e-06	     0.0000	 -0.0043485	-6.5368e-05	   0.053048	
17	24	 2.4320e-13	 9.9377e-14	     325.25	  0.0046269	-9.7531e+92	-9.7531e+92	 1.7379e-05	 3.3189e-06	     0.0000	-8.4468e-05	-6.6717e-05	 0.00048239	
18	0	   0.059639	    0.25509	     116.29	    0.26473	-9.7531e+92	-9.7531e+92	    0.15115	   0.098389	     0.0000	 -0.0027695	    -1.4242	    0.13267	
18	1	   0.024167	    0.10337	     111.77	    0.30668	-9.7531e+92	-9.7531e+92	   0.098391	   0.041113	     0.0000	     0.0000	   -0.52772	    0.18546	
18	2	 0.00042511	  0.0018183	     137.27	    0.14087	-9.7531e+92	-9.7531e+92	   0.014546	 0.00092161	     0.0000	  -0.013979	  -0.014380	   0.093547	
18	3	 1.1430e-06	 4.8889e-06	     199.21	   0.032649	-9.7531e+92	-9.7531e+92	  0.0020102	 0.00013364	     0.0000	 -0.0074358	 -0.0019632	   0.030127	
18	4	 6.6341e-08	 2.8376e-07	     186.18	   0.042684	-9.7531e+92	-9.7531e+92	  0.0014052	 0.00013459	     0.0000	 -0.0070451	 -0.0020529	   0.023483	
18	5	   0.026035	    0.11136	     53.346	     2.4617	-9.7531e+92	-9.7531e+92	   0.050389	   0.044449	  0.0073032	  0.0072379	   -0.75716	  -0.073302	
18	6	    0.14296	    0.61148	     36.723	     3.5078	-9.7531e+92	-9.7531e+92	    0.29983	    0.22594	     0.0000	     0.0000	    -4.2631	   0.063223	
18	7	   0.045187	    0.19328	     38.248	     3.4331	-9.7531e+92	-9.7531e+92	    0.14349	   0.077848	     0.0000	     0.0000	    -1.3527	   0.085635	
18	8	  0.0067565	   0.028899	     75.421	     1.1439	-9.7531e+92	-9.7531e+92	   0.049974	  0.0090824	     0.0000	 -0.0011015	   -0.17270	   0.018532	
18	9	  0.0017621	  0.0075369	     96.665	    0.51699	-9.7531e+92	-9.7531e+92	   0.059779	  0.0032152	     0.0000	     0.0000	  -0.055215	    0.29839	
18	10	 3.7311e-15	 1.5959e-14	     118.82	    0.24422	-9.7531e+92	-9.7531e+92	 0.00081713	 0.00012067	     0.0000	-0.00035523	 -0.0018602	  0.0020244	
18	11	 9.7091e-05	 0.00041528	     81.269	    0.91620	-9.7531e+92	-9.7531e+92	  0.0033019	 0.00026412	     0.0000	-0.00042894	 -0.0041901	  0.0043303	
18	12	 2.1965e-14	 9.3951e-14	     120.73	    0.22996	-9.7531e+92	-9.7531e+92	 0.00073274	 0.00012478	     0.0000	-0.00040198	 -0.0019248	  0.0019656	
18	13	   0.067453	    0.28851	     87.611	    0.72124	-9.7531e+92	-9.7531e+92	    0.21126	    0.10542	     0.0000	     0.0000	    -1.5484	    0.25755	
18	14	   0.089575	    0.38314	     78.249	     1.0276	-9.7531e+92	-9.7531e+92	    0.20869	    0.11152	     0.0000	 -0.0016052	    -3.0315	    0.12830	
18	15	 0.00034174	  0.0014617	     116.73	    0.26100	-9.7531e+92	-9.7531e+92	  0.0048676	 0.00078230	     0.0000	 -0.0044853	  -0.012676	   0.040556	
18	16	 2.5712e-16	 1.0998e-15	     110.59	    0.31898	-9.7531e+92	-9.7531e+92	 0.00014254	 0.00013234	     0.0000	 1.3651e-09	 -0.0020551	-2.0834e-08	
18	17	 8.2520e-16	 3.5296e-15	     258.46	   0.011584	-9.7531e+92	-9.7531e+92	 0.00019111	 0.00014799	     0.0000	-0.00061393	 -0.0022458	  0.0016890	
18	18	     0.0000	     0.0000	     0.0000	     4.0000	-9.7531e+92	-9.7531e+92	     2.3121	     0.0000	     1.8631	     0.0000	     0.0000	     0.0000	
18	19	 8.7887e-06	 3.7591e-05	     118.15	    0.24945	-9.7531e+92	-9.7531e+92	 0.00053167	 0.00013720	     0.0000	-0.00042839	 -0.0021698	  0.0021495	
18	20	 0.00026005	  0.0011123	     90.275	    0.65310	-9.7531e+92	-9.7531e+92	  0.0033991	 0.00051324	     0.0000	-0.00081469	 -0.0085398	  0.0061686	
18	21	   0.016977	   0.072613	     79.511	    0.97945	-9.7531e+92	-9.7531e+92	   0.053923	   0.030010	     0.0000	-7.9632e-06	   -0.51233	    0.10495	
18	22	 1.2431e-14	 5.3170e-14	     205.13	   0.029065	-9.7531e+92	-9.7531e+92	 0.00018164	 0.00014576	     0.0000	-0.00042997	 -0.0021960	  0.0012779	
18	23	    0.51817	     2.2163	     36.898	     3.4995	-9.7531e+92	-9.7531e+92	    0.60332	    0.78396	    0.35356	   0.024126	    -14.248	    -2.1149	
18	24	 0.00018961	 0.00081101	     74.739	     1.1738	-9.7531e+92	-9.7531e+92	  0.0023849	 0.00043516	     0.0000	-5.8501e-05	 -0.0068926	  0.0015399	
19	0	 1.6204e-05	 1.1405e-05	     234.49	   0.017074	-9.7531e+92	-9.7531e+92	  0.0050878	 5.0584e-06	     0.0000	 -0.0088571	-0.00078724	    0.88013	
19	1	 0.00034815	 0.00024504	     226.57	   0.019575	-9.7531e+92	-9.7531e+92	  0.0036433	 2.5651e-05	     0.0000	     0.0000	 -0.0038513	    0.67837	
19	2	  0.0071075	  0.0050025	     139.30	    0.13308	-9.7531e+92	-9.7531e+92	  0.0029364	 0.00043333	     0.0000	  -0.011379	  -0.077621	    0.15496	
19	3	 1.0217e-05	 7.1908e-06	     184.07	   0.044655	-9.7531e+92	-9.7531e+92	 0.00088688	 4.5833e-06	     0.0000	 -0.0087212	-0.00083081	   0.072497	
19	4	   0.013635	  0.0095967	     119.82	    0.23665	-9.7531e+92	-9.7531e+92	  0.0029270	 0.00077422	     0.0000	   0.012683	   -0.15077	  -0.089861	
19	5	    0.13487	   0.094926	     64.874	     1.6901	-9.7531e+92	-9.7531e+92	   0.043608	  0.0079404	   0.036518	    0.16454	    -1.5072	    -1.3587	
19	6	  0.0079477	  0.0055938	     133.74	    0.15573	-9.7531e+92	-9.7531e+92	   0.013654	 0.00047301	     0.0000	     0.0000	  -0.087319	     1.5825	
19	7	 3.8806e-05	 2.7312e-05	     154.38	   0.089237	-9.7531e+92	-9.7531e+92	  0.0047493	 6.6367e-06	     0.0000	     0.0000	 -0.0011743	    0.69326	
19	8	    0.16929	    0.11915	     80.536	    0.94205	-9.7531e+92	-9.7531e+92	   0.059720	  0.0096089	   0.049394	    0.12062	    -1.8816	    -1.6741	
19	9	 2.4733e-13	 1.7407e-13	     193.08	   0.036956	-9.7531e+92	-9.7531e+92	  0.0023713	 4.1646e-06	     0.0000	     0.0000	-0.00073953	    0.73390	
19	10	 0.00080094	 0.00056372	     85.643	    0.77653	-9.7531e+92	-9.7531e+92	  0.0014501	 5.1161e-05	  0.0010976	 0.00045688	 -0.0094145	 -0.0038682	
19	11	 1.9273e-06	 1.3564e-06	     108.78	    0.33886	-9.7531e+92	-9.7531e+92	  0.0024445	 4.3359e-06	  0.0014237	 -0.0013275	-0.00077785	   0.015281	
19	12	   0.059323	   0.041753	     44.530	     3.0689	-9.7531e+92	-9.7531e+92	   0.012315	  0.0025519	   0.011972	   0.052137	   -0.46743	   -0.44699	
19	13	  0.0020359	  0.0014329	     184.51	   0.044238	-9.7531e+92	-9.7531e+92	  0.0093562	 0.00012487	     0.0000	     0.0000	  -0.019236	     1.2284	
19	14	   0.014484	   0.010194	     166.55	   0.066257	-9.7531e+92	-9.7531e+92	   0.011272	 0.00088024	     0.0000	 -0.0063555	   -0.14473	     1.0417	
19	15	 0.00066688	 0.00046937	     131.26	    0.16732	-9.7531e+92	-9.7531e+92	 0.00081971	 4.6161e-05	     0.0000	 -0.0051565	 -0.0081863	   0.093489	
19	16	 1.7206e-13	 1.2110e-13	     73.024	     1.2523	-9.7531e+92	-9.7531e+92	 2.3455e-05	 4.1932e-06	     0.0000	 1.3509e-09	-0.00070235	-4.5518e-08	
19	17	 4.8017e-13	 3.3795e-13	     187.53	   0.041480	-9.7531e+92	-9.7531e+92	 0.00012349	 4.1182e-06	     0.0000	-0.00070139	-0.00075141	  0.0039818	
19	18	    0.10394	   0.073154	     118.15	    0.24945	-9.7531e+92	-9.7531e+92	   0.055615	  0.0061849	     0.0000	-0.00054816	    -1.1200	   0.012139	
19	19	     0.0000	     0.0000	     0.0000	     4.0000	-9.7531e+92	-9.7531e+92	    0.35875	     0.0000	    0.35837	     0.0000	     0.0000	     0.0000	
19	20	    0.48417	    0.34077	     28.400	     3.8088	-9.7531e+92	-9.7531e+92	   0.091271	   0.020518	   0.089816	    0.30107	    -4.4905	    -4.3343	
19	21	 3.2731e-13	 2.3037e-13	     197.71	   0.033641	-9.7531e+92	-9.7531e+92	  0.0017508	 4.2235e-06	     0.0000	-1.6479e-05	-0.00074105	    0.43456	
19	22	 0.00070794	 0.00049827	     93.933	    0.57085	-9.7531e+92	-9.7531e+92	 0.00022287	 2.9493e-05	     0.0000	 0.00042483	 -0.0058885	 -0.0031664	
19	23	 0.00060651	 0.00042687	     121.29	    0.22600	-9.7531e+92	-9.7531e+92	   0.018615	 4.1046e-05	     0.0000	 -0.0056131	 -0.0075964	    0.63470	
19	24	 9.3320e-14	 6.5681e-14	     150.08	   0.099629	-9.7531e+92	-9.7531e+92	 0.00013774	 4.3397e-06	     0.0000	-0.00011284	-0.00076051	  0.0057682	
20	0	 6.1035e-05	 5.0117e-05	     206.61	   0.028245	-9.7531e+92	-9.7531e+92	  0.0090235	 1.7649e-05	     0.0000	  -0.019785	 -0.0023949	     1.6898	
20	1	 0.00037283	 0.00030614	     199.20	   0.032652	-9.7531e+92	-9.7531e+92	  0.0063806	 6.1591e-05	     0.0000	     0.0000	 -0.0080533	     1.3018	
20	2	  0.0017148	  0.0014080	     139.77	    0.13137	-9.7531e+92	-9.7531e+92	  0.0017447	 0.00024639	     0.0000	  -0.035134	  -0.038203	    0.40817	
20	3	 1.4672e-05	 1.2048e-05	     185.64	   0.043179	-9.7531e+92	-9.7531e+92	 0.00035194	 1.1254e-05	     0.0000	  -0.019844	 -0.0017413	    0.13968	
20	4	  0.0011854	 0.00097338	     135.08	    0.14987	-9.7531e+92	-9.7531e+92	 0.00064557	 0.00016981	     0.0000	  -0.014521	  -0.027405	   0.084063	
20	5	    0.27692	    0.22738	     39.691	     3.3571	-9.7531e+92	-9.7531e+92	   0.068081	   0.031606	   0.059810	    0.61625	    -5.9889	    -5.4741	
20	6	   0.042247	   0.034690	     111.59	    0.30852	-9.7531e+92	-9.7531e+92	   0.027069	  0.0056451	     0.0000	     0.0000	   -0.91401	     2.3511	
20	7	 0.00085474	 0.00070185	     126.68	    0.19164	-9.7531e+92	-9.7531e+92	  0.0084444	 0.00013103	     0.0000	     0.0000	  -0.020329	     1.3207	
20	8	    0.13966	    0.11468	     51.987	     2.5582	-9.7531e+92	-9.7531e+92	   0.065371	   0.015025	   0.053324	    0.16283	    -2.9069	    -2.4629	
20	9	 9.5470e-08	 7.8392e-08	     174.09	   0.055651	-9.7531e+92	-9.7531e+92	  0.0042100	 9.4416e-06	     0.0000	     0.0000	 -0.0014689	     1.4159	
20	10	  0.0019379	  0.0015912	     74.457	     1.1864	-9.7531e+92	-9.7531e+92	  0.0014822	 0.00023288	  0.0010709	  0.0033177	  -0.039467	  -0.027958	
20	11	  0.0013022	  0.0010692	     83.734	    0.83452	-9.7531e+92	-9.7531e+92	  0.0028503	 0.00018398	  0.0016594	-0.00015753	  -0.030093	  0.0017518	
20	12	   0.022030	   0.018089	     45.010	     3.0379	-9.7531e+92	-9.7531e+92	  0.0061738	  0.0020706	  0.0057728	   0.037069	   -0.37704	   -0.34522	
20	13	   0.024300	   0.019953	     165.04	   0.068678	-9.7531e+92	-9.7531e+92	   0.018283	  0.0032754	     0.0000	     0.0000	   -0.43985	     1.9763	
20	14	  0.0052605	  0.0043195	     147.73	    0.10597	-9.7531e+92	-9.7531e+92	   0.015322	 0.00072788	     0.0000	  -0.015421	   -0.10484	     2.1754	
20	15	  0.0011470	 0.00094187	     124.66	    0.20372	-9.7531e+92	-9.7531e+92	 0.00075313	 0.00017367	     0.0000	  -0.010918	  -0.026872	    0.17035	
20	16	 2.6874e-17	 2.2067e-17	     74.477	     1.1855	-9.7531e+92	-9.7531e+92	 2.7364e-05	 9.4322e-06	     0.0000	 2.9842e-09	 -0.0014517	-9.1864e-08	
20	17	 4.8778e-18	 4.0053e-18	     207.02	   0.028026	-9.7531e+92	-9.7531e+92	 4.9503e-05	 9.6829e-06	     0.0000	 -0.0016350	 -0.0015077	  0.0077670	
20	18	    0.34703	    0.28496	     90.275	    0.65310	-9.7531e+92	-9.7531e+92	    0.10108	   0.046019	   0.014876	    0.25535	    -7.4121	    -4.8846	
20	19	    0.12396	    0.10179	     28.400	     3.8088	-9.7531e+92	-9.7531e+92	   0.026736	  0.0070492	   0.026294	   0.091736	    -1.7328	    -1.5901	
20	20	     0.0000	     0.0000	     0.0000	     4.0000	-9.7531e+92	-9.7531e+92	    0.42122	     0.0000	    0.41952	     0.0000	     0.0000	     0.0000	
20	21	 1.3460e-06	 1.1052e-06	     169.84	   0.061351	-9.7531e+92	-9.7531e+92	  0.0031464	 9.7505e-06	     0.0000	-3.6827e-05	 -0.0014995	    0.83843	
20	22	 8.5739e-07	 7.0402e-07	     116.48	    0.26308	-9.7531e+92	-9.7531e+92	 5.3690e-05	 8.5382e-06	     0.0000	-0.00095499	 -0.0014326	  0.0055140	
20	23	  0.0099924	  0.0082050	     93.058	    0.58941	-9.7531e+92	-9.7531e+92	   0.032343	  0.0013668	     0.0000	 -0.0095404	   -0.22460	     1.0263	
20	24	 9.8080e-10	 8.0535e-10	     121.85	    0.22210	-9.7531e+92	-9.7531e+92	 0.00019663	 9.7647e-06	     0.0000	-0.00025149	 -0.0015072	   0.011137	
21	0	    0.20164	    0.45585	     39.458	     3.3697	-9.7531e+92	-9.7531e+92	    0.17064	    0.11949	     0.0000	     0.0000	     2.1352	     0.0000	
21	1	    0.15249	    0.34474	     57.297	     2.1839	-9.7531e+92	-9.7531e+92	    0.12759	   0.096980	     0.0000	     0.0000	     1.8635	    0.16086	
21	2	 4.3585e-05	 9.8533e-05	     197.19	   0.033993	-9.7531e+92	-9.7531e+92	  0.0084572	 0.00011333	     0.0000	  -0.023415	  0.0020493	  -0.043442	
21	3	 1.6306e-13	 3.6864e-13	     259.71	   0.011362	-9.7531e+92	-9.7531e+92	  0.0011525	 7.0686e-05	     0.0000	  -0.012239	  0.0012444	  -0.013811	
21	4	 8.6380e-14	 1.9528e-13	     253.96	   0.012424	-9.7531e+92	-9.7531e+92	 0.00079894	 7.1367e-05	     0.0000	  -0.011595	  0.0012207	  -0.010382	
21	5	 0.00019565	 0.00044230	     132.91	    0.15951	-9.7531e+92	-9.7531e+92	  0.0036077	 0.00028992	     0.0000	  -0.019081	  0.0047254	  -0.019336	
21	6	   0.077866	    0.17603	     78.899	     1.0025	-9.7531e+92	-9.7531e+92	    0.14795	   0.069541	     0.0000	     0.0000	     1.4388	   -0.15799	
21	7	    0.10093	    0.22818	     44.967	     3.0407	-9.7531e+92	-9.7531e+92	   0.091011	   0.096432	     0.0000	     0.0000	     1.8983	   0.072660	
21	8	 0.00045546	  0.0010297	     132.38	    0.16196	-9.7531e+92	-9.7531e+92	  0.0036653	 0.00055315	     0.0000	  -0.017160	  0.0094306	  -0.027857	
21	9	   0.015129	   0.034202	     83.320	    0.84769	-9.7531e+92	-9.7531e+92	   0.057585	   0.014394	     0.0000	     0.0000	    0.28253	   -0.10486	
21	10	 1.7287e-13	 3.9080e-13	     171.26	   0.059366	-9.7531e+92	-9.7531e+92	 0.00012931	 7.7297e-05	     0.0000	-0.00087273	  0.0011880	-0.00085155	
21	11	 5.8327e-14	 1.3186e-13	     128.65	    0.18069	-9.7531e+92	-9.7531e+92	 0.00032151	 7.5677e-05	     0.0000	 -0.0019066	  0.0011972	 -0.0027149	
21	12	 1.1824e-13	 2.6731e-13	     187.39	   0.041605	-9.7531e+92	-9.7531e+92	 0.00012659	 7.7420e-05	     0.0000	-0.00093492	  0.0011863	-0.00082710	
21	13	    0.21728	    0.49121	     76.619	     1.0932	-9.7531e+92	-9.7531e+92	    0.20131	    0.17107	     0.0000	     0.0000	     3.6004	    0.16207	
21	14	   0.099845	    0.22572	     101.18	    0.44014	-9.7531e+92	-9.7531e+92	    0.12377	   0.092082	     0.0000	 -0.0018079	     1.8531	  -0.045570	
21	15	 8.6591e-07	 1.9575e-06	     175.65	   0.053734	-9.7531e+92	-9.7531e+92	  0.0026871	 7.1778e-05	     0.0000	 -0.0076630	  0.0012332	  -0.018309	
21	16	 3.6460e-13	 8.2425e-13	     180.81	   0.047925	-9.7531e+92	-9.7531e+92	 7.5339e-05	 7.0666e-05	     0.0000	 2.4214e-09	  0.0012966	 8.6865e-09	
21	17	 1.9651e-13	 4.4425e-13	     326.31	  0.0045671	-9.7531e+92	-9.7531e+92	 0.00010292	 7.7327e-05	     0.0000	 -0.0010104	  0.0011815	-0.00071060	
21	18	    0.12312	    0.27833	     79.511	    0.97945	-9.7531e+92	-9.7531e+92	    0.11902	    0.11852	     0.0000	   0.011719	     2.2749	   0.035974	
21	19	 3.2195e-14	 7.2784e-14	     197.71	   0.033641	-9.7531e+92	-9.7531e+92	 0.00012688	 7.6516e-05	     0.0000	-0.00098547	  0.0011909	-0.00092753	
21	20	 1.1022e-13	 2.4917e-13	     169.84	   0.061351	-9.7531e+92	-9.7531e+92	 0.00034704	 7.4863e-05	     0.0000	 -0.0030629	  0.0011983	 -0.0039319	
21	21	     0.0000	     0.0000	     0.0000	     4.0000	-9.7531e+92	-9.7531e+92	     1.1609	     0.0000	     1.0699	     0.0000	     0.0000	     0.0000	
21	22	 3.3009e-14	 7.4623e-14	     284.69	  0.0078758	-9.7531e+92	-9.7531e+92	 9.7328e-05	 7.7727e-05	     0.0000	-0.00071543	  0.0011842	-0.00053941	
21	23	  0.0088018	   0.019898	     78.648	     1.0121	-9.7531e+92	-9.7531e+92	   0.037475	  0.0088737	     0.0000	 -0.0067872	    0.16400	  -0.097494	
21	24	  0.0022011	  0.0049760	     85.071	    0.79345	-9.7531e+92	-9.7531e+92	  0.0014909	  0.0023431	 0.00016500	 0.00050089	   0.044110	  0.0032910	
22	0	 2.4641e-11	 1.3707e-11	     321.47	  0.0048482	-9.7531e+92	-9.7531e+92	  0.0028009	 2.4654e-06	     0.0000	 -0.0052376	-8.9622e-05	    0.12346	
22	1	 8.4851e-12	 4.7201e-12	     312.59	  0.0054224	-9.7531e+92	-9.7531e+92	  0.0025135	 2.5003e-06	     0.0000	     0.0000	-8.6508e-05	   0.094383	
22	2	    0.14735	   0.081970	     161.29	   0.075160	-9.7531e+92	-9.7531e+92	   0.044567	  0.0047312	   0.032403	   0.042074	   -0.24382	   -0.19912	
22	3	   0.052560	   0.029238	     164.94	   0.068842	-9.7531e+92	-9.7531e+92	   0.027890	  0.0013686	   0.024010	   0.019241	  -0.088106	  -0.073283	
22	4	    0.55105	    0.30654	     82.638	    0.86986	-9.7531e+92	-9.7531e+92	   0.085372	  0.0070854	   0.082422	    0.12818	   -0.78282	   -0.74216	
22	5	 0.00081699	 0.00045447	     151.89	   0.095092	-9.7531e+92	-9.7531e+92	  0.0044862	 3.3377e-05	     0.0000	 -0.0076866	 -0.0015372	   0.015372	
22	6	 9.2021e-12	 5.1189e-12	     216.08	   0.023641	-9.7531e+92	-9.7531e+92	  0.0071683	 2.3888e-06	     0.0000	     0.0000	-0.00011084	    0.25090	
22	7	 1.1897e-12	 6.6179e-13	     241.36	   0.015218	-9.7531e+92	-9.7531e+92	  0.0018798	 2.5489e-06	     0.0000	     0.0000	-0.00011426	    0.10541	
22	8	 2.8365e-11	 1.5779e-11	     168.70	   0.062994	-9.7531e+92	-9.7531e+92	  0.0057247	 2.4654e-06	     0.0000	 -0.0076163	-0.00011667	   0.024537	
22	9	 4.7505e-12	 2.6426e-12	     266.14	   0.010307	-9.7531e+92	-9.7531e+92	  0.0017551	 2.5263e-06	     0.0000	     0.0000	-0.00011355	    0.11131	
22	10	 6.6417e-13	 3.6946e-13	     176.66	   0.052524	-9.7531e+92	-9.7531e+92	 0.00015343	 2.6370e-06	     0.0000	-0.00037530	-0.00011850	 0.00074068	
22	11	 1.4798e-11	 8.2321e-12	     200.45	   0.031856	-9.7531e+92	-9.7531e+92	 0.00025532	 2.6258e-06	     0.0000	-0.00081989	-0.00011831	  0.0023563	
22	12	 5.2300e-12	 2.9093e-12	     131.16	    0.16782	-9.7531e+92	-9.7531e+92	  0.0010997	 2.6281e-06	 0.00082807	-0.00040204	-0.00011835	 0.00071912	
22	13	  0.0050753	  0.0028233	     260.15	   0.011286	-9.7531e+92	-9.7531e+92	   0.011419	 0.00018498	     0.0000	     0.0000	 -0.0065076	    0.16494	
22	14	  0.0047102	  0.0026202	     227.39	   0.019298	-9.7531e+92	-9.7531e+92	   0.012238	 0.00017301	     0.0000	 -0.0038914	 -0.0069393	    0.16351	
22	15	 0.00030979	 0.00017233	     163.21	   0.071746	-9.7531e+92	-9.7531e+92	  0.0099172	 1.3717e-05	  0.0047253	 -0.0027757	-0.00064285	   0.014806	
22	16	 3.0339e-12	 1.6877e-12	     106.73	    0.36321	-9.7531e+92	-9.7531e+92	 1.8538e-05	 2.5647e-06	     0.0000	 8.6378e-10	-0.00010713	-6.9245e-09	
22	17	  0.0037719	  0.0020982	     106.10	    0.37108	-9.7531e+92	-9.7531e+92	  0.0034495	 9.1336e-05	  0.0032109	  0.0019388	 -0.0018167	 -0.0014439	
22	18	 9.3374e-05	 5.1942e-05	     205.13	   0.029065	-9.7531e+92	-9.7531e+92	  0.0083475	 5.8155e-06	     0.0000	  -0.029368	-0.00026122	    0.16463	
22	19	    0.20924	    0.11640	     93.933	    0.57085	-9.7531e+92	-9.7531e+92	   0.030156	  0.0080833	   0.029856	    0.18705	   -0.36531	   -0.35334	
22	20	   0.025015	   0.013915	     116.48	    0.26308	-9.7531e+92	-9.7531e+92	   0.011236	 0.00096900	   0.010086	   0.015125	  -0.044085	  -0.038851	
22	21	 5.8742e-13	 3.2677e-13	     284.69	  0.0078758	-9.7531e+92	-9.7531e+92	 0.00084901	 2.5651e-06	     0.0000	-9.7432e-06	-0.00011390	   0.065968	
22	22	     0.0000	     0.0000	     0.0000	     4.0000	-9.7531e+92	-9.7531e+92	    0.28027	     0.0000	    0.28008	     0.0000	     0.0000	     0.0000	
22	23	 4.2902e-14	 2.3865e-14	     209.07	   0.026949	-9.7531e+92	-9.7531e+92	  0.0026245	 2.4885e-06	     0.0000	 -0.0034364	-0.00011682	   0.098108	
22	24	 3.8632e-13	 2.1490e-13	     237.89	   0.016122	-9.7531e+92	-9.7531e+92	 3.3454e-05	 2.6460e-06	     0.0000	-6.6751e-05	-0.00011838	 0.00088585	
23	0	   0.054962	   0.059534	     119.13	    0.24186	-9.7531e+92	-9.7531e+92	   0.037894	   0.048545	     0.0000	  -0.016523	   -0.68615	   0.031370	
23	1	   0.043784	   0.047426	     132.72	    0.16037	-9.7531e+92	-9.7531e+92	   0.029726	   0.039703	     0.0000	     0.0000	   -0.50329	   0.019192	
23	2	 7.3092e-05	 7.9173e-05	     168.40	   0.063436	-9.7531e+92	-9.7531e+92	  0.0031704	 0.00013391	     0.0000	  -0.074942	 -0.0022592	   0.041011	
23	3	 6.4140e-13	 6.9476e-13	     228.38	   0.018966	-9.7531e+92	-9.7531e+92	 0.00044621	 6.5744e-05	     0.0000	  -0.039226	 -0.0010691	   0.012858	
23	4	 6.9138e-13	 7.4889e-13	     212.30	   0.025355	-9.7531e+92	-9.7531e+92	 0.00031691	 6.6271e-05	     0.0000	  -0.037159	 -0.0011332	   0.010857	
23	5	   0.047087	   0.051004	     65.633	     1.6449	-9.7531e+92	-9.7531e+92	   0.017831	   0.040368	  0.0069198	    0.22373	   -0.76032	  -0.083053	
23	6	    0.10717	    0.11609	     73.330	     1.2380	-9.7531e+92	-9.7531e+92	   0.069820	   0.091449	     0.0000	     0.0000	    -1.7614	   0.097708	
23	7	    0.17242	    0.18677	     58.677	     2.0891	-9.7531e+92	-9.7531e+92	   0.061870	    0.15759	     0.0000	     0.0000	    -2.8947	   -0.23149	
23	8	   0.060169	   0.065175	     54.810	     2.3580	-9.7531e+92	-9.7531e+92	   0.026347	   0.042317	   0.010455	    0.11427	   -0.85573	  -0.075540	
23	9	 0.00047796	 0.00051772	     121.73	    0.22293	-9.7531e+92	-9.7531e+92	   0.016679	 0.00050643	     0.0000	     0.0000	 -0.0091835	    0.14202	
23	10	 2.4632e-05	 2.6681e-05	     95.614	    0.53700	-9.7531e+92	-9.7531e+92	 0.00040040	 8.3863e-05	     0.0000	 -0.0025967	 -0.0014475	 0.00097286	
23	11	  0.0038419	  0.0041615	     53.605	     2.4433	-9.7531e+92	-9.7531e+92	  0.0021446	  0.0031325	 0.00057363	  0.0087085	  -0.052864	 -0.0037522	
23	12	 1.5886e-06	 1.7208e-06	     109.85	    0.32696	-9.7531e+92	-9.7531e+92	 0.00034163	 6.4695e-05	     0.0000	 -0.0029494	 -0.0011234	 0.00099692	
23	13	    0.12064	    0.13068	     113.01	    0.29441	-9.7531e+92	-9.7531e+92	   0.064615	    0.10274	     0.0000	     0.0000	    -1.3862	  0.0095476	
23	14	   0.057665	   0.062462	     114.84	    0.27739	-9.7531e+92	-9.7531e+92	   0.045710	   0.043843	     0.0000	  -0.016769	   -0.90516	   0.074644	
23	15	 1.8603e-05	 2.0151e-05	     149.47	    0.10124	-9.7531e+92	-9.7531e+92	  0.0010481	 8.3950e-05	     0.0000	  -0.024512	 -0.0014737	   0.020095	
23	16	 3.2484e-13	 3.5187e-13	     136.77	    0.14287	-9.7531e+92	-9.7531e+92	 3.6098e-05	 6.6598e-05	     0.0000	 7.7236e-09	 -0.0011511	-1.0785e-08	
23	17	 1.9629e-13	 2.1262e-13	     284.58	  0.0078888	-9.7531e+92	-9.7531e+92	 4.7071e-05	 7.1906e-05	     0.0000	 -0.0032381	 -0.0012302	 0.00086018	
23	18	    0.31013	    0.33593	     36.898	     3.4995	-9.7531e+92	-9.7531e+92	    0.11366	    0.12929	     0.0000	 0.00072768	    -5.7883	   -0.71350	
23	19	 3.7933e-06	 4.1088e-06	     121.29	    0.22600	-9.7531e+92	-9.7531e+92	 0.00021412	 6.5990e-05	     0.0000	 -0.0031061	 -0.0011723	  0.0010932	
23	20	 0.00034110	 0.00036948	     93.058	    0.58941	-9.7531e+92	-9.7531e+92	  0.0016117	 0.00034889	     0.0000	 -0.0073752	 -0.0064402	  0.0038476	
23	21	   0.014850	   0.016086	     78.648	     1.0121	-9.7531e+92	-9.7531e+92	   0.013759	   0.013840	     0.0000	-4.4153e-05	   -0.25056	   0.053829	
23	22	 2.8606e-13	 3.0986e-13	     209.07	   0.026949	-9.7531e+92	-9.7531e+92	 4.5070e-05	 7.1183e-05	     0.0000	 -0.0022929	 -0.0012105	 0.00064693	
23	23	     0.0000	     0.0000	     0.0000	     4.0000	-9.7531e+92	-9.7531e+92	    0.57344	     0.0000	    0.51019	     0.0000	     0.0000	     0.0000	
23	24	  0.0063321	  0.0068589	     40.708	     3.3006	-9.7531e+92	-9.7531e+92	  0.0019055	  0.0049703	  0.0012702	  0.0010267	  -0.077430	-0.00075241	
24	0	   0.081777	   0.037221	     123.34	    0.21210	-9.7531e+92	-9.7531e+92	   0.019069	 0.00070826	     0.0000	-3.8140e-05	  -0.035674	  0.0038555	
24	1	    0.11049	   0.050290	     142.19	    0.12292	-9.7531e+92	-9.7531e+92	   0.019551	 0.00097270	     0.0000	     0.0000	  -0.046585	 -0.0097874	
24	2	 3.5391e-07	 1.6108e-07	     210.29	   0.026336	-9.7531e+92	-9.7531e+92	 0.00089273	 6.4151e-07	     0.0000	-0.00053695	-3.3566e-05	  0.0070893	
24	3	 1.3837e-14	 6.2981e-15	     270.69	  0.0096323	-9.7531e+92	-9.7531e+92	 0.00013360	 6.4798e-07	     0.0000	-0.00028011	-3.3254e-05	  0.0022405	
24	4	 9.3353e-14	 4.2490e-14	     253.16	   0.012581	-9.7531e+92	-9.7531e+92	 9.8557e-05	 6.4927e-07	     0.0000	-0.00026535	-3.4278e-05	  0.0017374	
24	5	 0.00060462	 0.00027519	     106.34	    0.36810	-9.7531e+92	-9.7531e+92	  0.0023726	 6.2524e-06	     0.0000	-0.00039694	-0.00034281	  0.0031782	
24	6	   0.020161	  0.0091763	     108.13	    0.34637	-9.7531e+92	-9.7531e+92	   0.018868	 0.00017972	     0.0000	     0.0000	  -0.010206	   0.044843	
24	7	   0.094266	   0.042906	     84.614	    0.80724	-9.7531e+92	-9.7531e+92	   0.018888	 0.00089796	     0.0000	     0.0000	  -0.048547	  -0.010054	
24	8	   0.013322	  0.0060633	     77.960	     1.0389	-9.7531e+92	-9.7531e+92	  0.0048039	 0.00011684	     0.0000	-3.1649e-05	 -0.0065853	 0.00043523	
24	9	 0.00033635	 0.00015309	     149.07	    0.10229	-9.7531e+92	-9.7531e+92	  0.0063274	 3.8345e-06	     0.0000	     0.0000	-0.00020722	   0.022536	
24	10	 2.9542e-05	 1.3446e-05	     102.71	    0.41717	-9.7531e+92	-9.7531e+92	 0.00015365	 9.5702e-07	     0.0000	-1.7091e-05	-4.8599e-05	 0.00013868	
24	11	   0.033539	   0.015265	     56.094	     2.2676	-9.7531e+92	-9.7531e+92	  0.0040915	 0.00029738	  0.0034314	 0.00050758	  -0.010697	 -0.0052831	
24	12	 1.6276e-13	 7.4081e-14	     132.31	    0.16230	-9.7531e+92	-9.7531e+92	 7.6884e-05	 6.7390e-07	     0.0000	-2.0814e-05	-3.4709e-05	 0.00014447	
24	13	   0.034249	   0.015589	     142.21	    0.12286	-9.7531e+92	-9.7531e+92	   0.018710	 0.00029516	     0.0000	     0.0000	  -0.014099	   0.029050	
24	14	  0.0070895	  0.0032268	     150.00	   0.099849	-9.7531e+92	-9.7531e+92	   0.012520	 6.1960e-05	     0.0000	-0.00021372	 -0.0032871	   0.034353	
24	15	 2.5542e-13	 1.1626e-13	     189.75	   0.039594	-9.7531e+92	-9.7531e+92	 0.00030070	 6.6057e-07	     0.0000	-0.00017539	-3.4706e-05	  0.0031083	
24	16	 8.1508e-14	 3.7099e-14	     177.80	   0.051213	-9.7531e+92	-9.7531e+92	 1.5168e-05	 6.8005e-07	     0.0000	 4.8552e-11	-2.7072e-05	-1.1349e-09	
24	17	 2.4997e-13	 1.1377e-13	     325.25	  0.0046269	-9.7531e+92	-9.7531e+92	 1.8600e-05	 7.0157e-07	     0.0000	-2.3123e-05	-3.5752e-05	 0.00012414	
24	18	    0.29447	    0.13403	     74.739	     1.1738	-9.7531e+92	-9.7531e+92	   0.047400	  0.0022929	     0.0000	  0.0015463	   -0.14922	  -0.061201	
24	19	 3.2094e-13	 1.4608e-13	     150.08	   0.099629	-9.7531e+92	-9.7531e+92	 5.2431e-05	 6.6670e-07	     0.0000	-2.2229e-05	-3.4876e-05	 0.00016111	
24	20	 7.3273e-05	 3.3350e-05	     121.85	    0.22210	-9.7531e+92	-9.7531e+92	 0.00032617	 1.3559e-06	     0.0000	-6.6287e-05	-7.2652e-05	 0.00065649	
24	21	   0.065711	   0.029909	     85.071	    0.79345	-9.7531e+92	-9.7531e+92	   0.011917	 0.00058049	     0.0000	     0.0000	  -0.032819	 -0.0084186	
24	22	 7.1218e-13	 3.2415e-13	     237.89	   0.016122	-9.7531e+92	-9.7531e+92	 1.8075e-05	 7.0134e-07	     0.0000	-1.6374e-05	-3.5571e-05	 9.3964e-05	
24	23	    0.24388	    0.11100	     40.708	     3.3006	-9.7531e+92	-9.7531e+92	   0.040745	  0.0020128	   0.014168	 0.00027125	   -0.10495	  -0.050351	
24	24	     0.0000	     0.0000	     0.0000	     4.0000	-9.7531e+92	-9.7531e+92	    0.22776	     0.0000	    0.22749	     0.0000	     0.0000	     0.0000	
