#source	Target	value	weight	distance	potential1	geneCorrelation	separation	influenceWeight	betweenness	influence'Weight	betweenness'	nbetweenness	nbetweenness'	
0	0	     0.0000	     0.0000	     0.0000	     4.0000	-9.7531e+92	-9.7531e+92	     4.1628	     0.0000	     3.9522	     0.0000	     0.0000	     0.0000	
0	1	    0.10863	    0.87451	     35.562	     3.5606	-9.7531e+92	-9.7531e+92	    0.36548	   0.038061	   0.086564	   0.012403	   0.094777	   -0.11897	
0	2	 6.8079e-11	 5.4807e-10	     211.35	   0.025814	-9.7531e+92	-9.7531e+92	    0.17213	 3.6873e-05	     0.0000	  -0.083240	 0.00038170	  -0.063941	
0	3	 1.2632e-10	 1.0170e-09	     273.88	  0.0091920	-9.7531e+92	-9.7531e+92	   0.027861	 3.8029e-05	     0.0000	  -0.061699	 0.00040258	  -0.037812	
0	4	 2.9948e-10	 2.4110e-09	     281.58	  0.0082298	-9.7531e+92	-9.7531e+92	   0.027126	 3.7811e-05	     0.0000	  -0.071994	 0.00036741	  -0.032920	
0	5	  0.0026555	   0.021379	     169.69	   0.061568	-9.7531e+92	-9.7531e+92	    0.27530	  0.0015191	     0.0000	  -0.062443	   0.014888	   -0.13289	
0	6	    0.11774	    0.94789	     105.31	    0.38136	-9.7531e+92	-9.7531e+92	    0.43796	   0.058667	     0.0000	   0.011924	    0.60983	   0.032088	
0	7	    0.10239	    0.82427	     80.265	    0.95180	-9.7531e+92	-9.7531e+92	    0.27339	   0.045213	   0.098574	   0.017775	    0.68878	    0.15124	
0	8	 7.8407e-10	 6.3122e-09	     172.11	   0.058221	-9.7531e+92	-9.7531e+92	   0.023494	 4.1336e-05	     0.0000	  -0.016258	 0.00032524	  -0.028389	
0	9	   0.086141	    0.69349	     86.890	    0.74099	-9.7531e+92	-9.7531e+92	    0.25479	   0.043258	   0.087870	  0.0026466	    0.51172	   0.072104	
0	10	 6.3304e-12	 5.0964e-11	     210.64	   0.026161	-9.7531e+92	-9.7531e+92	  0.0012411	 4.3413e-05	     0.0000	 -0.0035996	 0.00030763	 -0.0024853	
0	11	 2.1865e-10	 1.7603e-09	     167.10	   0.065400	-9.7531e+92	-9.7531e+92	  0.0010742	 4.3103e-05	     0.0000	 -0.0031547	 0.00031224	 -0.0018370	
0	12	 3.3175e-10	 2.6708e-09	     226.76	   0.019512	-9.7531e+92	-9.7531e+92	  0.0051226	 4.2799e-05	     0.0000	  -0.012307	 0.00030813	 -0.0095060	
0	13	    0.13636	     1.0978	     86.013	    0.76580	-9.7531e+92	-9.7531e+92	    0.58418	   0.064514	   0.056260	   0.053800	    0.63976	    0.10298	
0	14	    0.10188	    0.82015	     114.85	    0.27729	-9.7531e+92	-9.7531e+92	    0.34081	   0.047288	     0.0000	   0.039385	    0.43564	   0.050499	
0	15	 4.1588e-10	 3.3481e-09	     189.51	   0.039789	-9.7531e+92	-9.7531e+92	   0.024551	 3.8876e-05	     0.0000	  -0.022363	 0.00034450	  -0.017957	
0	16	 2.0650e-10	 1.6625e-09	     217.18	   0.023165	-9.7531e+92	-9.7531e+92	 0.00026829	 4.0460e-05	     0.0000	 2.0153e-09	 0.00036793	 2.2514e-09	
0	17	 5.8834e-12	 4.7364e-11	     353.56	  0.0033150	-9.7531e+92	-9.7531e+92	  0.0010483	 4.3000e-05	     0.0000	 -0.0051789	 0.00030678	 -0.0012110	
0	18	    0.14524	     1.1693	     116.29	    0.26473	-9.7531e+92	-9.7531e+92	    0.50778	   0.085741	     0.0000	   0.029634	    0.85489	   0.038670	
0	19	 1.8087e-10	 1.4561e-09	     234.49	   0.017074	-9.7531e+92	-9.7531e+92	   0.017863	 4.1267e-05	     0.0000	  -0.017487	 0.00031972	  -0.027218	
0	20	 3.7478e-11	 3.0172e-10	     206.61	   0.028245	-9.7531e+92	-9.7531e+92	   0.080605	 3.8432e-05	     0.0000	  -0.076415	 0.00032984	  -0.076394	
0	21	    0.19681	     1.5845	     39.458	     3.3697	-9.7531e+92	-9.7531e+92	    0.45361	    0.10086	    0.34273	    0.21145	     1.1073	    0.15262	
0	22	 5.5542e-10	 4.4714e-09	     321.47	  0.0048482	-9.7531e+92	-9.7531e+92	  0.0012727	 4.3064e-05	     0.0000	 -0.0043957	 0.00031041	 -0.0016408	
0	23	  0.0021526	   0.017330	     119.13	    0.24186	-9.7531e+92	-9.7531e+92	  0.0096220	  0.0013332	     0.0000	-0.00047354	   0.011951	 -0.0022674	
0	24	 4.6971e-11	 3.7814e-10	     123.34	    0.21210	-9.7531e+92	-9.7531e+92	 0.00043365	 3.8170e-05	     0.0000	-0.00011879	 0.00043391	-0.00020665	
1	0	    0.13947	     1.1765	     35.562	     3.5606	-9.7531e+92	-9.7531e+92	    0.40322	   0.068128	    0.18265	   0.044236	    0.99114	    0.25042	
1	1	     0.0000	     0.0000	     0.0000	     4.0000	-9.7531e+92	-9.7531e+92	     4.3644	     0.0000	     4.0721	     0.0000	     0.0000	     0.0000	
1	2	  0.0015025	   0.012674	     184.62	   0.044134	-9.7531e+92	-9.7531e+92	    0.15415	  0.0010511	     0.0000	  -0.078648	   0.017394	   -0.21754	
1	3	 1.0682e-12	 9.0104e-12	     244.14	   0.014539	-9.7531e+92	-9.7531e+92	   0.025166	 4.6693e-05	     0.0000	  -0.059480	 0.00076498	   -0.12328	
1	4	 1.2997e-12	 1.0963e-11	     272.02	  0.0094459	-9.7531e+92	-9.7531e+92	   0.024719	 4.6624e-05	     0.0000	  -0.069405	 0.00073228	   -0.12810	
1	5	  0.0013411	   0.011312	     161.91	   0.074033	-9.7531e+92	-9.7531e+92	    0.37202	 0.00097045	     0.0000	  -0.060697	   0.015387	   -0.52480	
1	6	   0.045006	    0.37963	     96.519	    0.51972	-9.7531e+92	-9.7531e+92	    0.33718	   0.025725	     0.0000	 -0.0065793	    0.46592	   -0.10585	
1	7	   0.049997	    0.42173	     75.481	     1.1413	-9.7531e+92	-9.7531e+92	    0.17865	   0.031334	     0.0000	   0.016166	    0.56775	   0.096007	
1	8	 3.7618e-14	 3.1731e-13	     184.58	   0.044171	-9.7531e+92	-9.7531e+92	   0.031503	 5.1380e-05	     0.0000	  -0.015676	 0.00068950	   -0.14597	
1	9	    0.12938	     1.0913	     55.376	     2.3181	-9.7531e+92	-9.7531e+92	    0.34265	   0.081067	    0.16776	   0.012602	     1.4729	    0.37489	
1	10	 6.7794e-13	 5.7184e-12	     228.04	   0.019080	-9.7531e+92	-9.7531e+92	  0.0015808	 5.4077e-05	     0.0000	 -0.0034703	 0.00067021	  -0.014379	
1	11	 5.8647e-13	 4.9469e-12	     185.20	   0.043588	-9.7531e+92	-9.7531e+92	  0.0013486	 5.3711e-05	     0.0000	 -0.0030430	 0.00067426	  -0.010469	
1	12	 1.3230e-13	 1.1159e-12	     231.78	   0.017881	-9.7531e+92	-9.7531e+92	  0.0068124	 5.3285e-05	     0.0000	  -0.011865	 0.00067157	  -0.054247	
1	13	    0.10336	    0.87186	     57.043	     2.2015	-9.7531e+92	-9.7531e+92	    0.49993	   0.049171	     0.0000	   0.014042	    0.65818	   0.049409	
1	14	    0.13604	     1.1475	     88.839	    0.68891	-9.7531e+92	-9.7531e+92	    0.41910	   0.077033	     0.0000	   0.061675	     1.2645	    0.28456	
1	15	 4.6007e-05	 0.00038807	     167.83	   0.064291	-9.7531e+92	-9.7531e+92	   0.022675	 7.9546e-05	     0.0000	  -0.021776	  0.0012058	  -0.082715	
1	16	 3.9517e-13	 3.3332e-12	     207.46	   0.027791	-9.7531e+92	-9.7531e+92	 0.00028110	 4.9880e-05	     0.0000	 1.9798e-09	 0.00076391	 1.3634e-08	
1	17	 8.0012e-13	 6.7490e-12	     342.57	  0.0037606	-9.7531e+92	-9.7531e+92	 0.00099213	 5.3331e-05	     0.0000	 -0.0049927	 0.00067098	 -0.0069783	
1	18	    0.24882	     2.0988	     111.77	    0.30668	-9.7531e+92	-9.7531e+92	    0.73746	    0.18196	     0.0000	    0.10579	     2.8246	    0.48049	
1	19	 1.5049e-12	 1.2694e-11	     226.57	   0.019575	-9.7531e+92	-9.7531e+92	   0.023969	 5.1306e-05	     0.0000	  -0.016858	 0.00068401	   -0.14253	
1	20	 3.3943e-13	 2.8631e-12	     199.20	   0.032652	-9.7531e+92	-9.7531e+92	    0.10867	 4.7740e-05	     0.0000	  -0.073667	 0.00069456	   -0.37346	
1	21	    0.14499	     1.2230	     57.297	     2.1839	-9.7531e+92	-9.7531e+92	    0.36952	   0.085729	    0.25334	   0.081787	     1.6286	    0.44062	
1	22	 5.5079e-13	 4.6459e-12	     312.59	  0.0054224	-9.7531e+92	-9.7531e+92	  0.0012016	 5.3493e-05	     0.0000	 -0.0042376	 0.00067423	 -0.0091451	
1	23	 3.3164e-05	 0.00027974	     132.72	    0.16037	-9.7531e+92	-9.7531e+92	  0.0065729	 7.5370e-05	     0.0000	-0.00086826	  0.0010603	  -0.019072	
1	24	 2.2336e-13	 1.8841e-12	     142.19	    0.12292	-9.7531e+92	-9.7531e+92	 0.00042826	 5.0319e-05	     0.0000	-0.00013527	 0.00071475	-0.00049054	
2	0	 0.00091088	  0.0034719	     211.35	   0.025814	-9.7531e+92	-9.7531e+92	   0.022867	  0.0012639	     0.0000	  -0.052403	   0.019550	   -0.29317	
2	1	  0.0028931	   0.011027	     184.62	   0.044134	-9.7531e+92	-9.7531e+92	   0.038218	  0.0039257	     0.0000	  -0.059621	   0.060876	   -0.37171	
2	2	     0.0000	     0.0000	     0.0000	     4.0000	-9.7531e+92	-9.7531e+92	     2.0816	     0.0000	     1.8292	     0.0000	     0.0000	     0.0000	
2	3	    0.22769	    0.86787	     63.167	     1.7950	-9.7531e+92	-9.7531e+92	    0.32530	    0.18956	    0.18740	    0.54742	     3.3854	     1.7236	
2	4	    0.21289	    0.81147	     91.235	    0.63030	-9.7531e+92	-9.7531e+92	    0.31166	    0.17446	    0.16311	    0.52865	     3.7171	     1.7529	
2	5	   0.015160	   0.057784	     120.45	    0.23204	-9.7531e+92	-9.7531e+92	   0.057978	   0.020726	     0.0000	   -0.17393	    0.27886	    -1.5324	
2	6	   0.026182	   0.099796	     118.53	    0.24644	-9.7531e+92	-9.7531e+92	    0.12766	   0.033901	     0.0000	  -0.057613	    0.47845	   -0.55963	
2	7	 1.0904e-05	 4.1561e-05	     153.12	   0.092143	-9.7531e+92	-9.7531e+92	   0.016790	 0.00010988	     0.0000	  -0.056307	  0.0013693	   -0.22109	
2	8	 4.1959e-13	 1.5993e-12	     174.51	   0.055125	-9.7531e+92	-9.7531e+92	  0.0051669	 0.00010148	     0.0000	  -0.049172	  0.0011326	   -0.46882	
2	9	 0.00035403	  0.0013494	     133.64	    0.15619	-9.7531e+92	-9.7531e+92	   0.019841	 0.00058734	     0.0000	  -0.018098	  0.0074636	   -0.20776	
2	10	 1.9863e-13	 7.5710e-13	     213.20	   0.024934	-9.7531e+92	-9.7531e+92	 0.00035433	 0.00010617	     0.0000	  -0.010885	  0.0010982	  -0.046261	
2	11	 5.1485e-13	 1.9624e-12	     197.83	   0.033565	-9.7531e+92	-9.7531e+92	 0.00031310	 0.00010583	     0.0000	 -0.0095451	  0.0011028	  -0.033675	
2	12	 7.1017e-15	 2.7069e-14	     181.48	   0.047226	-9.7531e+92	-9.7531e+92	  0.0012811	 0.00010435	     0.0000	  -0.037216	  0.0011036	   -0.17449	
2	13	    0.11798	    0.44968	     127.66	    0.18612	-9.7531e+92	-9.7531e+92	    0.17992	   0.072179	     0.0000	  0.0097438	    0.52781	   0.089063	
2	14	    0.18181	    0.69298	     97.273	    0.50580	-9.7531e+92	-9.7531e+92	    0.25462	    0.23620	   0.041244	    0.35133	     3.4569	     1.4175	
2	15	    0.20322	    0.77457	     21.827	     3.9312	-9.7531e+92	-9.7531e+92	    0.26029	    0.21107	    0.16135	    0.27774	     3.9455	     1.9297	
2	16	 3.7761e-12	 1.4393e-11	     68.097	     1.5042	-9.7531e+92	-9.7531e+92	 0.00012702	 0.00010108	     0.0000	 6.3205e-09	  0.0011322	 4.3950e-08	
2	17	 5.6052e-14	 2.1365e-13	     160.64	   0.076357	-9.7531e+92	-9.7531e+92	  0.0090734	 7.8949e-05	 0.00026038	  -0.012614	  0.0013531	  -0.023794	
2	18	   0.010823	   0.041253	     137.27	    0.14087	-9.7531e+92	-9.7531e+92	   0.055196	   0.015793	     0.0000	   -0.22472	    0.20996	    -1.0366	
2	19	 1.0839e-06	 4.1314e-06	     139.30	    0.13308	-9.7531e+92	-9.7531e+92	  0.0047974	 0.00010065	     0.0000	  -0.052878	  0.0011581	   -0.45789	
2	20	 7.6844e-05	 0.00029290	     139.77	    0.13137	-9.7531e+92	-9.7531e+92	   0.018160	 0.00020130	     0.0000	   -0.23092	  0.0024711	    -1.1977	
2	21	 3.4940e-13	 1.3318e-12	     197.19	   0.033993	-9.7531e+92	-9.7531e+92	  0.0074231	 7.3268e-05	     0.0000	  -0.025254	  0.0012396	   -0.14056	
2	22	 3.0424e-13	 1.1596e-12	     161.29	   0.075160	-9.7531e+92	-9.7531e+92	   0.011474	 8.7293e-05	 4.7440e-05	  -0.011254	  0.0012564	  -0.029407	
2	23	 2.2699e-13	 8.6518e-13	     168.40	   0.063436	-9.7531e+92	-9.7531e+92	 0.00099399	 0.00010146	     0.0000	 -0.0028585	  0.0011352	  -0.061647	
2	24	 1.2926e-12	 4.9268e-12	     210.29	   0.026336	-9.7531e+92	-9.7531e+92	 0.00014117	 0.00010290	     0.0000	-0.00044826	  0.0011178	 -0.0015781	
3	0	 1.0769e-11	 4.7897e-11	     273.88	  0.0091920	-9.7531e+92	-9.7531e+92	   0.014204	 3.9723e-05	     0.0000	  -0.031660	-2.4451e-05	   0.035327	
3	1	 9.6369e-05	 0.00042862	     244.14	   0.014539	-9.7531e+92	-9.7531e+92	   0.023262	 9.7920e-05	     0.0000	  -0.035893	-2.0651e-05	   0.043112	
3	2	    0.23982	     1.0666	     63.167	     1.7950	-9.7531e+92	-9.7531e+92	    0.47339	   0.072708	    0.17891	   0.097030	    -1.1582	   -0.70137	
3	3	     0.0000	     0.0000	     0.0000	     4.0000	-9.7531e+92	-9.7531e+92	     2.4391	     0.0000	     2.2782	     0.0000	     0.0000	     0.0000	
3	4	    0.50012	     2.2244	     82.606	    0.87092	-9.7531e+92	-9.7531e+92	    0.67637	    0.11748	    0.50304	    0.27304	    -1.8702	    -1.6287	
3	5	  0.0077105	   0.034294	     167.87	   0.064235	-9.7531e+92	-9.7531e+92	   0.043577	  0.0044290	     0.0000	   -0.10114	  -0.020958	    0.42530	
3	6	 0.00073739	  0.0032796	     180.81	   0.047921	-9.7531e+92	-9.7531e+92	   0.075268	 0.00047095	     0.0000	  -0.056382	 -0.0021346	    0.21490	
3	7	 2.6299e-12	 1.1697e-11	     215.68	   0.023812	-9.7531e+92	-9.7531e+92	   0.010562	 4.1415e-05	     0.0000	  -0.031169	-0.00022277	   0.068074	
3	8	 7.5384e-12	 3.3528e-11	     221.29	   0.021502	-9.7531e+92	-9.7531e+92	  0.0041155	 4.2001e-05	     0.0000	  -0.027205	-0.00024074	    0.15106	
3	9	 7.5206e-12	 3.3449e-11	     191.41	   0.038254	-9.7531e+92	-9.7531e+92	   0.012458	 4.1203e-05	     0.0000	  -0.010187	-0.00022045	   0.064747	
3	10	 2.8945e-12	 1.2874e-11	     258.79	   0.011525	-9.7531e+92	-9.7531e+92	 0.00034259	 4.3703e-05	     0.0000	 -0.0060225	-0.00026167	   0.015857	
3	11	 3.6213e-11	 1.6106e-10	     244.71	   0.014404	-9.7531e+92	-9.7531e+92	 0.00030384	 4.3671e-05	     0.0000	 -0.0052810	-0.00025949	   0.011459	
3	12	 1.7193e-11	 7.6467e-11	     227.10	   0.019395	-9.7531e+92	-9.7531e+92	  0.0011734	 4.2904e-05	     0.0000	  -0.020590	-0.00025796	   0.059416	
3	13	   0.036256	    0.16125	     188.65	   0.040519	-9.7531e+92	-9.7531e+92	    0.11384	   0.016130	     0.0000	  -0.030192	   -0.10683	   0.042467	
3	14	   0.059135	    0.26301	     161.01	   0.075671	-9.7531e+92	-9.7531e+92	    0.16842	   0.034923	     0.0000	  0.0048289	  -0.071116	 -0.0056278	
3	15	    0.15547	    0.69148	     84.108	    0.82281	-9.7531e+92	-9.7531e+92	    0.28698	   0.065513	    0.17154	   0.083172	   -0.27399	   -0.29646	
3	16	 4.3345e-11	 1.9278e-10	     111.94	    0.30495	-9.7531e+92	-9.7531e+92	 0.00014822	 4.2090e-05	     0.0000	 3.5255e-09	-0.00023595	-1.5831e-08	
3	17	 4.1307e-11	 1.8372e-10	     122.41	    0.21829	-9.7531e+92	-9.7531e+92	   0.019563	 2.4924e-05	  0.0092799	 -0.0032289	 0.00010762	-0.00076942	
3	18	 0.00065280	  0.0029034	     199.21	   0.032649	-9.7531e+92	-9.7531e+92	   0.033884	 0.00043695	     0.0000	   -0.13749	 -0.0014479	    0.25551	
3	19	 2.3434e-11	 1.0423e-10	     184.07	   0.044655	-9.7531e+92	-9.7531e+92	  0.0049535	 4.0607e-05	     0.0000	  -0.029256	-0.00023463	    0.14908	
3	20	 9.7224e-12	 4.3241e-11	     185.64	   0.043179	-9.7531e+92	-9.7531e+92	   0.014896	 3.8638e-05	     0.0000	   -0.12784	-0.00022945	    0.37470	
3	21	 1.4174e-11	 6.3039e-11	     259.71	   0.011362	-9.7531e+92	-9.7531e+92	  0.0046541	 3.7932e-05	     0.0000	  -0.030377	-0.00020879	   0.042465	
3	22	 5.2749e-12	 2.3461e-11	     164.94	   0.068842	-9.7531e+92	-9.7531e+92	   0.024767	 3.1402e-05	   0.011434	 -0.0034926	-9.7357e-05	  0.0077190	
3	23	 1.2304e-11	 5.4723e-11	     228.38	   0.018966	-9.7531e+92	-9.7531e+92	 0.00075579	 4.3070e-05	     0.0000	 -0.0015815	-0.00024978	   0.020596	
3	24	 1.2214e-11	 5.4322e-11	     270.69	  0.0096323	-9.7531e+92	-9.7531e+92	 0.00016013	 4.3405e-05	     0.0000	-0.00024801	-0.00025853	 0.00053946	
4	0	 1.4459e-11	 4.1312e-11	     281.58	  0.0082298	-9.7531e+92	-9.7531e+92	  0.0068307	 5.2508e-05	     0.0000	  -0.047092	-0.00032784	    0.15909	
4	1	 4.2652e-11	 1.2187e-10	     272.02	  0.0094459	-9.7531e+92	-9.7531e+92	   0.011201	 5.2847e-05	     0.0000	  -0.053536	-0.00030645	    0.20470	
4	2	    0.32743	    0.93553	     91.235	    0.63030	-9.7531e+92	-9.7531e+92	    0.34430	    0.14237	    0.15513	    0.29386	    -3.3063	    -2.4396	
4	3	    0.37578	     1.0737	     82.606	    0.87092	-9.7531e+92	-9.7531e+92	    0.36392	   0.092339	    0.26054	    0.17666	    -5.2723	    -4.3678	
4	4	     0.0000	     0.0000	     0.0000	     4.0000	-9.7531e+92	-9.7531e+92	     1.5914	     0.0000	     1.4801	     0.0000	     0.0000	     0.0000	
4	5	   0.010879	   0.031083	     147.08	    0.10778	-9.7531e+92	-9.7531e+92	   0.031234	  0.0080918	     0.0000	   -0.14733	  -0.092303	     1.2830	
4	6	 5.9398e-05	 0.00016971	     179.35	   0.049487	-9.7531e+92	-9.7531e+92	   0.037779	 9.7439e-05	     0.0000	  -0.084586	 -0.0010536	    0.67174	
4	7	 4.4420e-11	 1.2692e-10	     209.16	   0.026904	-9.7531e+92	-9.7531e+92	  0.0052001	 5.4352e-05	     0.0000	  -0.046361	-0.00062584	    0.19887	
4	8	 1.2102e-11	 3.4579e-11	     186.41	   0.042479	-9.7531e+92	-9.7531e+92	  0.0032772	 5.4555e-05	     0.0000	  -0.040466	-0.00064897	    0.43479	
4	9	 2.2405e-11	 6.4017e-11	     223.28	   0.020749	-9.7531e+92	-9.7531e+92	  0.0059965	 5.4132e-05	     0.0000	  -0.015152	-0.00062286	    0.18944	
4	10	 4.8961e-13	 1.3989e-12	     204.61	   0.029363	-9.7531e+92	-9.7531e+92	 0.00027229	 5.6713e-05	     0.0000	 -0.0089579	-0.00067761	   0.044767	
4	11	 1.5465e-11	 4.4187e-11	     218.09	   0.022784	-9.7531e+92	-9.7531e+92	 0.00021956	 5.6754e-05	     0.0000	 -0.0078550	-0.00067608	   0.032424	
4	12	 2.9532e-11	 8.4379e-11	     165.11	   0.068567	-9.7531e+92	-9.7531e+92	  0.0011860	 5.5503e-05	     0.0000	  -0.030626	-0.00066831	    0.16808	
4	13	  0.0014410	  0.0041171	     217.30	   0.023117	-9.7531e+92	-9.7531e+92	   0.051317	 0.00094110	     0.0000	   -0.11360	  -0.011197	    0.40120	
4	14	  0.0073704	   0.021059	     184.55	   0.044193	-9.7531e+92	-9.7531e+92	   0.078014	  0.0057991	     0.0000	   -0.11179	  -0.045346	    0.33381	
4	15	    0.14409	    0.41171	     106.18	    0.37015	-9.7531e+92	-9.7531e+92	    0.17815	   0.092342	    0.10399	    0.18062	    -1.2298	    -1.0724	
4	16	 2.9614e-11	 8.4613e-11	     75.439	     1.1432	-9.7531e+92	-9.7531e+92	 9.5219e-05	 5.4919e-05	     0.0000	 5.2074e-09	-0.00065975	-4.4012e-08	
4	17	   0.057331	    0.16381	     73.525	     1.2289	-9.7531e+92	-9.7531e+92	   0.045775	   0.021036	   0.039169	   0.056091	 -0.0016077	  -0.080548	
4	18	  0.0014031	  0.0040091	     186.18	   0.042684	-9.7531e+92	-9.7531e+92	   0.019733	  0.0011607	     0.0000	   -0.20306	  -0.010963	    0.83397	
4	19	  0.0014309	  0.0040883	     119.82	    0.23665	-9.7531e+92	-9.7531e+92	  0.0066868	  0.0011550	     0.0000	  -0.042145	  -0.013764	    0.41420	
4	20	 0.00093870	  0.0026821	     135.08	    0.14987	-9.7531e+92	-9.7531e+92	   0.013466	 0.00075089	     0.0000	   -0.18864	 -0.0094685	     1.0803	
4	21	 8.2626e-11	 2.3608e-10	     253.96	   0.012424	-9.7531e+92	-9.7531e+92	  0.0022627	 5.0831e-05	     0.0000	  -0.045183	-0.00060909	    0.12482	
4	22	   0.071850	    0.20529	     82.638	    0.86986	-9.7531e+92	-9.7531e+92	   0.058009	   0.030415	   0.049444	   0.012067	  -0.074502	   -0.16300	
4	23	 1.8177e-11	 5.1934e-11	     212.30	   0.025355	-9.7531e+92	-9.7531e+92	 0.00049596	 5.6223e-05	     0.0000	 -0.0023524	-0.00066415	   0.058608	
4	24	 6.6867e-12	 1.9105e-11	     253.16	   0.012581	-9.7531e+92	-9.7531e+92	 0.00010327	 5.6628e-05	     0.0000	-0.00036889	-0.00067645	  0.0015242	
5	0	 0.00034315	 0.00096294	     169.69	   0.061568	-9.7531e+92	-9.7531e+92	   0.010657	 0.00054880	     0.0000	  -0.020917	 -0.0059311	  -0.096488	
5	1	 0.00071864	  0.0020166	     161.91	   0.074033	-9.7531e+92	-9.7531e+92	   0.016011	 0.00097240	     0.0000	  -0.023596	  -0.012229	   -0.12809	
5	2	  0.0028449	  0.0079833	     120.45	    0.23204	-9.7531e+92	-9.7531e+92	   0.018798	  0.0043158	     0.0000	  -0.089481	  -0.049828	   -0.21338	
5	3	 2.0696e-05	 5.8078e-05	     167.87	   0.064235	-9.7531e+92	-9.7531e+92	  0.0041417	 0.00013304	     0.0000	  -0.069066	 -0.0014082	   -0.12371	
5	4	 7.9295e-05	 0.00022252	     147.08	    0.10778	-9.7531e+92	-9.7531e+92	  0.0069846	 0.00021856	     0.0000	  -0.080473	 -0.0026644	   -0.12757	
5	5	     0.0000	     0.0000	     0.0000	     4.0000	-9.7531e+92	-9.7531e+92	     1.5780	     0.0000	     1.1263	     0.0000	     0.0000	     0.0000	
5	6	   0.099983	    0.28057	     72.218	     1.2908	-9.7531e+92	-9.7531e+92	    0.11177	    0.12376	     0.0000	  0.0099022	    -1.8621	   0.067814	
5	7	   0.010452	   0.029330	     89.752	    0.66590	-9.7531e+92	-9.7531e+92	   0.019276	   0.015045	     0.0000	  -0.010809	   -0.20366	  -0.035435	
5	8	    0.10159	    0.28507	     54.235	     2.3987	-9.7531e+92	-9.7531e+92	    0.13007	    0.10765	     0.0000	   0.018185	    -1.6719	    0.17199	
5	9	 9.9515e-07	 2.7926e-06	     134.70	    0.15149	-9.7531e+92	-9.7531e+92	  0.0089429	 9.2342e-05	     0.0000	 -0.0068197	 -0.0012917	  -0.065384	
5	10	 3.9446e-05	 0.00011069	     93.726	    0.57518	-9.7531e+92	-9.7531e+92	  0.0054029	 0.00012917	     0.0000	 -0.0039976	 -0.0016613	  -0.014079	
5	11	 0.00034375	 0.00096464	     77.490	     1.0576	-9.7531e+92	-9.7531e+92	  0.0043387	 0.00049918	     0.0000	 -0.0029990	 -0.0068567	 -0.0092869	
5	12	 0.00020993	 0.00058910	     80.590	    0.94012	-9.7531e+92	-9.7531e+92	   0.027438	 0.00035492	     0.0000	  -0.013619	 -0.0046991	  -0.052941	
5	13	   0.028884	   0.081056	     125.66	    0.19761	-9.7531e+92	-9.7531e+92	   0.047493	   0.041668	     0.0000	  -0.034883	   -0.38077	   -0.13633	
5	14	   0.026893	   0.075469	     108.09	    0.34690	-9.7531e+92	-9.7531e+92	   0.041277	   0.036693	     0.0000	  -0.030120	   -0.42298	   -0.10466	
5	15	  0.0013860	  0.0038895	     104.94	    0.38615	-9.7531e+92	-9.7531e+92	  0.0046817	  0.0022623	     0.0000	  -0.023990	  -0.028528	  -0.077878	
5	16	 1.0108e-13	 2.8367e-13	     71.546	     1.3237	-9.7531e+92	-9.7531e+92	 9.3519e-05	 9.9959e-05	     0.0000	 2.3392e-09	 -0.0013002	 1.3438e-08	
5	17	 4.3408e-14	 1.2181e-13	     219.60	   0.022168	-9.7531e+92	-9.7531e+92	 0.00029463	 0.00011477	     0.0000	 -0.0058006	 -0.0014477	 -0.0068917	
5	18	    0.14766	    0.41437	     53.346	     2.4617	-9.7531e+92	-9.7531e+92	    0.19614	   0.072530	     0.0000	     0.0000	    -3.7878	     0.0000	
5	19	   0.034422	   0.096595	     64.874	     1.6901	-9.7531e+92	-9.7531e+92	   0.099581	   0.038053	     0.0000	 -0.0047372	   -0.55877	  -0.034119	
5	20	    0.53668	     1.5060	     39.691	     3.3571	-9.7531e+92	-9.7531e+92	    0.45776	    0.54252	    0.12738	    0.30413	    -9.1957	     1.3157	
5	21	 8.2474e-06	 2.3144e-05	     132.91	    0.15951	-9.7531e+92	-9.7531e+92	  0.0040313	 0.00011784	     0.0000	  -0.020324	 -0.0014800	  -0.043496	
5	22	 1.7245e-13	 4.8394e-13	     151.89	   0.095092	-9.7531e+92	-9.7531e+92	 0.00040484	 0.00010483	     0.0000	 -0.0049234	 -0.0013246	 -0.0090383	
5	23	  0.0074403	   0.020879	     65.633	     1.6449	-9.7531e+92	-9.7531e+92	   0.012091	  0.0089245	     0.0000	 0.00022306	   -0.12361	  0.0039939	
5	24	 8.3936e-07	 2.3554e-06	     106.34	    0.36810	-9.7531e+92	-9.7531e+92	 0.00025721	 9.0911e-05	     0.0000	-0.00014396	 -0.0012466	-0.00048190	
6	0	   0.051976	    0.15309	     105.31	    0.38136	-9.7531e+92	-9.7531e+92	   0.081135	   0.059517	  0.0041168	   0.036543	    0.92582	    0.24398	
6	1	    0.13474	    0.39686	     96.519	    0.51972	-9.7531e+92	-9.7531e+92	    0.14491	    0.16439	   0.042870	    0.12135	     2.6489	    0.94870	
6	2	  0.0066112	   0.019472	     118.53	    0.24644	-9.7531e+92	-9.7531e+92	   0.073653	  0.0083799	     0.0000	   -0.13574	    0.13542	   -0.53744	
6	3	 8.7202e-05	 0.00025684	     180.81	   0.047921	-9.7531e+92	-9.7531e+92	   0.012275	 0.00021016	     0.0000	   -0.12013	  0.0032434	   -0.32749	
6	4	 2.4643e-06	 7.2582e-06	     179.35	   0.049487	-9.7531e+92	-9.7531e+92	   0.011867	 9.5329e-05	     0.0000	   -0.14051	  0.0014098	   -0.34739	
6	5	    0.12428	    0.36605	     72.218	     1.2908	-9.7531e+92	-9.7531e+92	    0.19214	    0.15757	     0.0000	  -0.028372	     2.5094	   -0.32880	
6	6	     0.0000	     0.0000	     0.0000	     4.0000	-9.7531e+92	-9.7531e+92	     1.5540	     0.0000	     1.3205	     0.0000	     0.0000	     0.0000	
6	7	    0.10247	    0.30180	     34.871	     3.5904	-9.7531e+92	-9.7531e+92	   0.097327	    0.13544	   0.033369	    0.13546	     2.1169	    0.70859	
6	8	 0.00016600	 0.00048893	     109.28	    0.33318	-9.7531e+92	-9.7531e+92	   0.016273	 0.00034244	     0.0000	  -0.031625	  0.0046441	   -0.40341	
6	9	   0.079050	    0.23283	     62.827	     1.8164	-9.7531e+92	-9.7531e+92	   0.087143	    0.10322	   0.026073	   0.033494	     1.6333	    0.51206	
6	10	 8.9918e-15	 2.6484e-14	     153.37	   0.091543	-9.7531e+92	-9.7531e+92	 0.00076599	 0.00010701	     0.0000	 -0.0070259	  0.0012769	  -0.040189	
6	11	 1.0942e-07	 3.2228e-07	     117.04	    0.25846	-9.7531e+92	-9.7531e+92	 0.00064227	 0.00010555	     0.0000	 -0.0061607	  0.0012926	  -0.029233	
6	12	 6.4854e-15	 1.9102e-14	     152.49	   0.093630	-9.7531e+92	-9.7531e+92	  0.0034770	 0.00010563	     0.0000	  -0.024021	  0.0012760	   -0.15149	
6	13	    0.23505	    0.69231	     53.773	     2.4314	-9.7531e+92	-9.7531e+92	    0.23221	    0.29511	   0.039065	    0.28036	     4.7899	     1.5932	
6	14	    0.10700	    0.31517	     41.508	     3.2546	-9.7531e+92	-9.7531e+92	    0.12866	   0.062228	     0.0000	     0.0000	    0.74582	     0.0000	
6	15	  0.0034659	   0.010208	     96.746	    0.51548	-9.7531e+92	-9.7531e+92	   0.012884	  0.0046199	     0.0000	  -0.026368	   0.071825	   -0.19754	
6	16	 6.4424e-16	 1.8975e-15	     111.89	    0.30549	-9.7531e+92	-9.7531e+92	 9.8155e-05	 0.00010488	     0.0000	 4.0761e-09	  0.0012790	 3.8305e-08	
6	17	 4.3661e-15	 1.2860e-14	     251.72	   0.012870	-9.7531e+92	-9.7531e+92	 0.00043933	 0.00010722	     0.0000	  -0.010108	  0.0012531	  -0.019499	
6	18	    0.14319	    0.42174	     36.723	     3.5078	-9.7531e+92	-9.7531e+92	    0.19015	    0.19612	     0.0000	   0.054743	     2.9289	    0.32808	
6	19	 3.6835e-06	 1.0849e-05	     133.74	    0.15573	-9.7531e+92	-9.7531e+92	   0.012358	 0.00010588	     0.0000	  -0.034128	  0.0013746	   -0.39579	
6	20	 0.00045014	  0.0013258	     111.59	    0.30852	-9.7531e+92	-9.7531e+92	   0.056348	 0.00071401	     0.0000	   -0.14858	   0.010222	    -1.0282	
6	21	  0.0082181	   0.024205	     78.899	     1.0025	-9.7531e+92	-9.7531e+92	   0.030785	   0.011927	     0.0000	  -0.014227	    0.16516	  -0.048447	
6	22	 2.3493e-14	 6.9196e-14	     216.08	   0.023641	-9.7531e+92	-9.7531e+92	 0.00053950	 0.00010730	     0.0000	 -0.0085794	  0.0012629	  -0.025501	
6	23	  0.0032328	  0.0095217	     73.330	     1.2380	-9.7531e+92	-9.7531e+92	  0.0048014	  0.0044790	     0.0000	-0.00087447	   0.072016	  -0.025319	
6	24	 1.6201e-06	 4.7717e-06	     108.13	    0.34637	-9.7531e+92	-9.7531e+92	 0.00014363	 0.00010464	     0.0000	-0.00028637	  0.0013439	 -0.0013565	
7	0	    0.27784	    0.40163	     80.265	    0.95180	-9.7531e+92	-9.7531e+92	    0.11811	   0.089192	   0.080310	   0.022550	    0.34607	   -0.44078	
7	1	    0.10639	    0.15379	     75.481	     1.1413	-9.7531e+92	-9.7531e+92	   0.064389	   0.039870	   0.014306	   0.015712	    0.30131	 -0.0097210	
7	2	 0.00023542	 0.00034032	     153.12	   0.092143	-9.7531e+92	-9.7531e+92	   0.023896	 0.00013852	     0.0000	  -0.036818	  0.0012734	   0.028507	
7	3	 1.4283e-08	 2.0647e-08	     215.68	   0.023812	-9.7531e+92	-9.7531e+92	  0.0039069	 3.1444e-05	     0.0000	  -0.027311	 0.00029609	   0.014145	
7	4	 9.8023e-16	 1.4170e-15	     209.16	   0.026904	-9.7531e+92	-9.7531e+92	  0.0038355	 3.1200e-05	     0.0000	  -0.031868	 0.00026922	   0.019212	
7	5	  0.0048725	  0.0070435	     89.752	    0.66590	-9.7531e+92	-9.7531e+92	   0.055133	  0.0022131	     0.0000	  -0.027254	   0.019740	   0.077567	
7	6	    0.11275	    0.16299	     34.871	     3.5904	-9.7531e+92	-9.7531e+92	   0.076035	   0.044556	     0.0000	  0.0036503	    0.43071	  -0.019150	
7	7	     0.0000	     0.0000	     0.0000	     4.0000	-9.7531e+92	-9.7531e+92	    0.73883	     0.0000	    0.70744	     0.0000	     0.0000	     0.0000	
7	8	 0.00022803	 0.00032963	     109.89	    0.32644	-9.7531e+92	-9.7531e+92	  0.0047776	 0.00014736	     0.0000	 -0.0069575	  0.0010834	   0.028213	
7	9	   0.092825	    0.13419	     64.406	     1.7184	-9.7531e+92	-9.7531e+92	   0.049554	   0.042506	   0.019581	  0.0055208	    0.37440	  -0.041877	
7	10	 5.8943e-15	 8.5206e-15	     153.29	   0.091732	-9.7531e+92	-9.7531e+92	 0.00024412	 3.5362e-05	     0.0000	 -0.0015916	 0.00022917	  0.0030134	
7	11	 1.4237e-06	 2.0580e-06	     112.26	    0.30176	-9.7531e+92	-9.7531e+92	 0.00021181	 3.5685e-05	     0.0000	 -0.0013866	 0.00024101	  0.0021737	
7	12	 1.8616e-16	 2.6911e-16	     158.06	   0.081372	-9.7531e+92	-9.7531e+92	  0.0010200	 3.4910e-05	     0.0000	 -0.0054478	 0.00022850	   0.011277	
7	13	   0.088724	    0.12826	     57.312	     2.1828	-9.7531e+92	-9.7531e+92	   0.080056	   0.037181	     0.0000	  0.0086703	    0.34728	 -0.0042145	
7	14	   0.060566	   0.087552	     65.464	     1.6549	-9.7531e+92	-9.7531e+92	   0.048539	   0.023483	     0.0000	  0.0014367	    0.19392	 -0.0012137	
7	15	 9.7326e-05	 0.00014069	     131.62	    0.16559	-9.7531e+92	-9.7531e+92	  0.0035143	 7.9295e-05	     0.0000	 -0.0099789	 0.00062358	   0.014735	
7	16	 5.2304e-15	 7.5610e-15	     137.28	    0.14083	-9.7531e+92	-9.7531e+92	 4.8175e-05	 3.2191e-05	     0.0000	 6.4951e-10	 0.00036768	 1.3773e-09	
7	17	 2.6226e-15	 3.7912e-15	     281.54	  0.0082346	-9.7531e+92	-9.7531e+92	 0.00015853	 3.5423e-05	     0.0000	 -0.0022924	 0.00022336	  0.0014590	
7	18	    0.16633	    0.24044	     38.248	     3.4331	-9.7531e+92	-9.7531e+92	    0.10196	   0.077334	     0.0000	   0.020335	    0.68261	  -0.024319	
7	19	 8.6066e-16	 1.2442e-15	     154.38	   0.089237	-9.7531e+92	-9.7531e+92	  0.0035672	 3.3601e-05	     0.0000	 -0.0077405	 0.00023695	   0.028041	
7	20	 2.9185e-05	 4.2188e-05	     126.68	    0.19164	-9.7531e+92	-9.7531e+92	   0.016144	 4.4851e-05	     0.0000	  -0.033816	 0.00035117	   0.069859	
7	21	   0.085379	    0.12342	     44.967	     3.0407	-9.7531e+92	-9.7531e+92	   0.048836	   0.039415	   0.028926	   0.040414	    0.34030	  -0.041013	
7	22	 1.4516e-15	 2.0984e-15	     241.36	   0.015218	-9.7531e+92	-9.7531e+92	 0.00019105	 3.5373e-05	     0.0000	 -0.0019457	 0.00022706	  0.0018739	
7	23	  0.0036391	  0.0052605	     58.677	     2.0891	-9.7531e+92	-9.7531e+92	  0.0023561	  0.0017093	     0.0000	-9.4302e-06	   0.019143	-0.00037672	
7	24	 0.00010510	 0.00015193	     84.614	    0.80724	-9.7531e+92	-9.7531e+92	 0.00010986	 8.1552e-05	     0.0000	-1.6790e-05	 0.00083631	 1.1199e-05	
8	0	 0.00061200	 0.00061919	     172.11	   0.058221	-9.7531e+92	-9.7531e+92	  0.0032431	 0.00020092	     0.0000	 -0.0052067	  -0.011334	    0.18652	
8	1	 0.00023613	 0.00023890	     184.58	   0.044171	-9.7531e+92	-9.7531e+92	  0.0041021	 8.7139e-05	     0.0000	 -0.0060199	 -0.0050364	    0.24924	
8	2	 3.2086e-05	 3.2463e-05	     174.51	   0.055125	-9.7531e+92	-9.7531e+92	  0.0036774	 2.9289e-05	     0.0000	  -0.023507	 -0.0018470	    0.53198	
8	3	 1.1008e-14	 1.1137e-14	     221.29	   0.021502	-9.7531e+92	-9.7531e+92	 0.00082444	 1.9908e-05	     0.0000	  -0.017383	 -0.0012244	    0.28667	
8	4	 1.8261e-07	 1.8475e-07	     186.41	   0.042479	-9.7531e+92	-9.7531e+92	  0.0014068	 1.9595e-05	     0.0000	  -0.020283	 -0.0012838	    0.31940	
8	5	    0.20533	    0.20774	     54.235	     2.3987	-9.7531e+92	-9.7531e+92	    0.12529	   0.037800	     0.0000	  0.0036441	    -3.9794	   -0.36214	
8	6	   0.053172	   0.053797	     109.28	    0.33318	-9.7531e+92	-9.7531e+92	   0.029652	   0.015211	     0.0000	 -0.0031624	    -1.0200	    0.21422	
8	7	 0.00039565	 0.00040030	     109.89	    0.32644	-9.7531e+92	-9.7531e+92	  0.0054212	 0.00014194	     0.0000	 -0.0051531	 -0.0091781	    0.17961	
8	8	     0.0000	     0.0000	     0.0000	     4.0000	-9.7531e+92	-9.7531e+92	    0.52777	     0.0000	    0.48085	     0.0000	     0.0000	     0.0000	
8	9	 2.3721e-14	 2.4000e-14	     171.65	   0.058843	-9.7531e+92	-9.7531e+92	  0.0022874	 2.0183e-05	     0.0000	 -0.0017155	 -0.0013224	    0.17450	
8	10	   0.043542	   0.044054	     44.054	     3.0993	-9.7531e+92	-9.7531e+92	   0.012484	  0.0094482	  0.0077328	  0.0013659	   -0.66504	   -0.22712	
8	11	   0.049982	   0.050569	     32.525	     3.6821	-9.7531e+92	-9.7531e+92	   0.014213	  0.0095833	   0.010742	  0.0014940	   -0.69053	   -0.20192	
8	12	   0.016393	   0.016586	     55.069	     2.3397	-9.7531e+92	-9.7531e+92	  0.0099627	  0.0039236	     0.0000	-0.00012429	   -0.28164	  0.0082019	
8	13	  0.0020479	  0.0020719	     162.59	   0.072826	-9.7531e+92	-9.7531e+92	   0.010083	 0.00063538	     0.0000	  -0.015185	  -0.035387	    0.46850	
8	14	  0.0014527	  0.0014698	     146.54	    0.10935	-9.7531e+92	-9.7531e+92	  0.0081066	 0.00045017	     0.0000	  -0.014196	  -0.026573	    0.41426	
8	15	 1.3441e-06	 1.3599e-06	     159.01	   0.079481	-9.7531e+92	-9.7531e+92	 0.00082775	 2.1345e-05	     0.0000	 -0.0063750	 -0.0013480	    0.21787	
8	16	 7.9305e-15	 8.0236e-15	     112.87	    0.29583	-9.7531e+92	-9.7531e+92	 3.3717e-05	 1.9829e-05	     0.0000	 5.0399e-10	 -0.0012594	-3.8559e-08	
8	17	 7.3043e-15	 7.3901e-15	     258.50	   0.011577	-9.7531e+92	-9.7531e+92	 7.4302e-05	 2.2074e-05	     0.0000	 -0.0014591	 -0.0013665	   0.019366	
8	18	    0.33238	    0.33629	     75.421	     1.1439	-9.7531e+92	-9.7531e+92	    0.11464	   0.071219	  0.0065786	   0.049124	    -6.3866	    -1.7977	
8	19	  0.0076574	  0.0077473	     80.536	    0.94205	-9.7531e+92	-9.7531e+92	   0.019662	  0.0019167	     0.0000	 -0.0034801	   -0.14641	    0.32187	
8	20	    0.20756	    0.21000	     51.987	     2.5582	-9.7531e+92	-9.7531e+92	   0.094200	   0.040071	     0.0000	  0.0089358	    -3.7232	   -0.70570	
8	21	 6.0053e-05	 6.0758e-05	     132.38	    0.16196	-9.7531e+92	-9.7531e+92	  0.0012685	 4.0369e-05	     0.0000	 -0.0050931	 -0.0025126	    0.11493	
8	22	 1.0584e-14	 1.0709e-14	     168.70	   0.062994	-9.7531e+92	-9.7531e+92	 9.6625e-05	 2.0991e-05	     0.0000	 -0.0012384	 -0.0013409	   0.025198	
8	23	   0.077600	   0.078512	     54.810	     2.3580	-9.7531e+92	-9.7531e+92	   0.021740	   0.022596	   0.015465	  0.0030966	    -1.5304	   -0.61237	
8	24	  0.0015378	  0.0015558	     77.960	     1.0389	-9.7531e+92	-9.7531e+92	 0.00058233	 0.00048014	 0.00035521	 0.00035875	  -0.031778	  -0.011877	
9	0	    0.14270	    0.21249	     86.890	    0.74099	-9.7531e+92	-9.7531e+92	   0.069859	   0.056941	   0.030921	   0.045841	     1.1172	    0.33282	
9	1	    0.13083	    0.19481	     55.376	     2.3181	-9.7531e+92	-9.7531e+92	   0.071140	   0.046262	   0.019550	   0.015411	    0.83588	    0.14692	
9	2	  0.0037851	  0.0056362	     133.64	    0.15619	-9.7531e+92	-9.7531e+92	   0.029893	  0.0020352	     0.0000	  -0.076358	   0.041138	   -0.25186	
9	3	 4.8062e-05	 7.1567e-05	     191.41	   0.038254	-9.7531e+92	-9.7531e+92	  0.0049206	 6.2429e-05	     0.0000	  -0.060078	  0.0012485	   -0.14696	
9	4	 8.0425e-12	 1.1976e-11	     223.28	   0.020749	-9.7531e+92	-9.7531e+92	  0.0047983	 3.6062e-05	     0.0000	  -0.070196	 0.00070554	   -0.15500	
9	5	  0.0015223	  0.0022668	     134.70	    0.15149	-9.7531e+92	-9.7531e+92	   0.072447	 0.00084627	     0.0000	  -0.061319	   0.016766	   -0.63455	
9	6	   0.097081	    0.14456	     62.827	     1.8164	-9.7531e+92	-9.7531e+92	   0.079208	   0.045453	     0.0000	  0.0042945	     1.0078	   0.069375	
9	7	   0.022223	   0.033091	     64.406	     1.7184	-9.7531e+92	-9.7531e+92	   0.022612	   0.010911	     0.0000	 0.00027290	    0.24913	  0.0023001	
9	8	 6.1161e-13	 9.1072e-13	     171.65	   0.058843	-9.7531e+92	-9.7531e+92	  0.0061233	 3.9474e-05	     0.0000	  -0.015855	 0.00067984	   -0.17960	
9	9	     0.0000	     0.0000	     0.0000	     4.0000	-9.7531e+92	-9.7531e+92	    0.76033	     0.0000	    0.72945	     0.0000	     0.0000	     0.0000	
9	10	 4.8576e-12	 7.2333e-12	     215.04	   0.024096	-9.7531e+92	-9.7531e+92	 0.00030195	 4.1388e-05	     0.0000	 -0.0035098	 0.00066798	  -0.017793	
9	11	 4.4483e-12	 6.6238e-12	     175.31	   0.054135	-9.7531e+92	-9.7531e+92	 0.00025628	 4.1173e-05	     0.0000	 -0.0030777	 0.00067050	  -0.012946	
9	12	 6.6564e-12	 9.9119e-12	     214.99	   0.024120	-9.7531e+92	-9.7531e+92	  0.0013204	 4.0771e-05	     0.0000	  -0.012000	 0.00066875	  -0.067086	
9	13	    0.16186	    0.24102	     9.0540	     3.9979	-9.7531e+92	-9.7531e+92	   0.093988	   0.074085	     0.0000	   0.071833	     1.5294	    0.40939	
9	14	    0.14788	    0.22020	     38.749	     3.4073	-9.7531e+92	-9.7531e+92	   0.079304	   0.066571	     0.0000	   0.067991	     1.3802	    0.35593	
9	15	 0.00074455	  0.0011087	     117.55	    0.25424	-9.7531e+92	-9.7531e+92	  0.0046504	 0.00045159	     0.0000	  -0.020985	  0.0084554	  -0.098441	
9	16	 1.5690e-11	 2.3363e-11	     159.83	   0.077890	-9.7531e+92	-9.7531e+92	 4.9624e-05	 3.8512e-05	     0.0000	 1.9837e-09	 0.00074606	 1.7175e-08	
9	17	 3.2425e-12	 4.8283e-12	     293.28	  0.0069951	-9.7531e+92	-9.7531e+92	 0.00018762	 4.0960e-05	     0.0000	 -0.0050495	 0.00066832	 -0.0086338	
9	18	    0.27953	    0.41623	     96.665	    0.51699	-9.7531e+92	-9.7531e+92	    0.14185	    0.15821	     0.0000	    0.13015	     3.0224	    0.69934	
9	19	 8.7140e-12	 1.2976e-11	     193.08	   0.036956	-9.7531e+92	-9.7531e+92	  0.0046605	 3.9314e-05	     0.0000	  -0.017050	 0.00067641	   -0.17553	
9	20	 6.8777e-12	 1.0241e-11	     174.09	   0.055651	-9.7531e+92	-9.7531e+92	   0.021155	 3.6632e-05	     0.0000	  -0.074506	 0.00068279	   -0.45827	
9	21	   0.011768	   0.017524	     83.320	    0.84769	-9.7531e+92	-9.7531e+92	   0.018336	  0.0062625	     0.0000	 -0.0024103	    0.12477	 -0.0076640	
9	22	 2.0180e-11	 3.0049e-11	     266.14	   0.010307	-9.7531e+92	-9.7531e+92	 0.00022817	 4.1013e-05	     0.0000	 -0.0042859	 0.00067032	  -0.011297	
9	23	 4.2521e-05	 6.3317e-05	     121.73	    0.22293	-9.7531e+92	-9.7531e+92	  0.0012283	 6.4335e-05	     0.0000	-0.00086320	  0.0011323	  -0.023507	
9	24	 1.3677e-11	 2.0366e-11	     149.07	    0.10229	-9.7531e+92	-9.7531e+92	 6.6745e-05	 3.9486e-05	     0.0000	-0.00013778	 0.00068632	-0.00060686	
10	0	 0.00081073	 0.00033137	     210.64	   0.026161	-9.7531e+92	-9.7531e+92	 0.00077944	 2.6639e-05	     0.0000	 -0.0013053	 -0.0025802	   0.047041	
10	1	 0.00020380	 8.3301e-05	     228.04	   0.019080	-9.7531e+92	-9.7531e+92	 0.00094859	 8.1159e-06	     0.0000	 -0.0015224	-0.00078927	   0.063417	
10	2	 2.5248e-12	 1.0320e-12	     213.20	   0.024934	-9.7531e+92	-9.7531e+92	  0.0010578	 1.9589e-06	     0.0000	 -0.0059421	-0.00021686	    0.13514	
10	3	 4.1047e-14	 1.6777e-14	     258.79	   0.011525	-9.7531e+92	-9.7531e+92	 0.00028627	 1.9577e-06	     0.0000	 -0.0043920	-0.00021366	   0.072797	
10	4	 1.5521e-12	 6.3439e-13	     204.61	   0.029363	-9.7531e+92	-9.7531e+92	 0.00061079	 1.9216e-06	     0.0000	 -0.0051249	-0.00022160	   0.081080	
10	5	    0.28379	    0.11599	     93.726	    0.57518	-9.7531e+92	-9.7531e+92	   0.050368	  0.0067731	     0.0000	  0.0034374	   -0.94476	   -0.25532	
10	6	  0.0021049	 0.00086036	     153.37	   0.091543	-9.7531e+92	-9.7531e+92	  0.0061978	 6.4321e-05	     0.0000	 -0.0023572	 -0.0071952	    0.16043	
10	7	 3.6590e-05	 1.4956e-05	     153.29	   0.091732	-9.7531e+92	-9.7531e+92	  0.0011692	 3.2192e-06	     0.0000	 -0.0013239	-0.00035364	   0.046347	
10	8	    0.28886	    0.11807	     44.054	     3.0993	-9.7531e+92	-9.7531e+92	   0.040116	  0.0064099	   0.021161	  0.0030585	   -0.85779	   -0.44992	
10	9	 4.5713e-13	 1.8685e-13	     215.04	   0.024096	-9.7531e+92	-9.7531e+92	 0.00052369	 2.0678e-06	     0.0000	-0.00043345	-0.00022818	   0.044283	
10	10	     0.0000	     0.0000	     0.0000	     4.0000	-9.7531e+92	-9.7531e+92	    0.20603	     0.0000	    0.20411	     0.0000	     0.0000	     0.0000	
10	11	    0.14001	   0.057227	     46.926	     2.9109	-9.7531e+92	-9.7531e+92	   0.015492	  0.0035759	   0.014090	  0.0049421	   -0.40184	   -0.24557	
10	12	   0.050381	   0.020593	     46.012	     2.9721	-9.7531e+92	-9.7531e+92	  0.0078641	  0.0010142	 0.00071025	 0.00040751	  -0.095817	  -0.027263	
10	13	 0.00097495	 0.00039850	     205.99	   0.028587	-9.7531e+92	-9.7531e+92	  0.0025399	 3.1458e-05	     0.0000	 -0.0039013	 -0.0030841	    0.12108	
10	14	  0.0021495	 0.00087857	     190.48	   0.038997	-9.7531e+92	-9.7531e+92	  0.0024599	 6.6985e-05	     0.0000	 -0.0035411	 -0.0067844	    0.10390	
10	15	 4.1098e-13	 1.6798e-13	     197.67	   0.033672	-9.7531e+92	-9.7531e+92	 0.00027642	 2.0777e-06	     0.0000	 -0.0016108	-0.00022756	   0.055293	
10	16	 4.6537e-13	 1.9022e-13	     147.94	    0.10538	-9.7531e+92	-9.7531e+92	 1.3621e-05	 2.0604e-06	     0.0000	 1.3597e-10	-0.00020733	-9.1990e-09	
10	17	 1.8561e-13	 7.5865e-14	     270.72	  0.0096279	-9.7531e+92	-9.7531e+92	 3.1241e-05	 2.1596e-06	     0.0000	-0.00036866	-0.00023373	  0.0049135	
10	18	   0.034544	   0.014119	     118.82	    0.24422	-9.7531e+92	-9.7531e+92	   0.020905	 0.00091279	     0.0000	 -0.0039844	   -0.11248	    0.14654	
10	19	   0.045016	   0.018399	     85.643	    0.77653	-9.7531e+92	-9.7531e+92	   0.011797	  0.0011578	     0.0000	-6.9857e-06	   -0.14717	 0.00083665	
10	20	    0.14209	   0.058078	     74.457	     1.1864	-9.7531e+92	-9.7531e+92	   0.035663	  0.0033467	     0.0000	 0.00092922	   -0.46952	  -0.052023	
10	21	 4.5909e-12	 1.8764e-12	     171.26	   0.059366	-9.7531e+92	-9.7531e+92	 0.00028543	 2.1163e-06	     0.0000	 -0.0012925	-0.00022774	   0.029294	
10	22	 2.0035e-12	 8.1888e-13	     176.66	   0.052524	-9.7531e+92	-9.7531e+92	 4.2689e-05	 2.0960e-06	     0.0000	-0.00031290	-0.00023136	  0.0063933	
10	23	  0.0088005	  0.0035971	     95.614	    0.53700	-9.7531e+92	-9.7531e+92	  0.0030634	 0.00027452	 0.00052847	 2.9070e-05	  -0.030687	 -0.0057729	
10	24	 0.00023503	 9.6065e-05	     102.71	    0.41717	-9.7531e+92	-9.7531e+92	 0.00016930	 9.4572e-06	 7.7546e-05	 5.1077e-06	 -0.0010481	-0.00016806	
11	0	 0.00094786	 0.00045575	     167.10	   0.065400	-9.7531e+92	-9.7531e+92	  0.0013738	 2.8595e-05	     0.0000	 -0.0015675	 -0.0041835	   0.082470	
11	1	 0.00017527	 8.4273e-05	     185.20	   0.043588	-9.7531e+92	-9.7531e+92	  0.0014707	 6.7507e-06	     0.0000	 -0.0018397	-0.00099022	    0.11195	
11	2	 6.5130e-07	 3.1316e-07	     197.83	   0.033565	-9.7531e+92	-9.7531e+92	  0.0013603	 1.8312e-06	     0.0000	 -0.0071744	-0.00030442	    0.23672	
11	3	 5.6041e-14	 2.6946e-14	     244.71	   0.014404	-9.7531e+92	-9.7531e+92	 0.00029311	 1.8115e-06	     0.0000	 -0.0053029	-0.00029745	    0.12763	
11	4	 9.9199e-15	 4.7697e-15	     218.09	   0.022784	-9.7531e+92	-9.7531e+92	 0.00044275	 1.7792e-06	     0.0000	 -0.0061877	-0.00030747	    0.14185	
11	5	    0.11579	   0.055676	     77.490	     1.0576	-9.7531e+92	-9.7531e+92	   0.050008	  0.0026422	     0.0000	 -0.0015368	   -0.53462	    0.16539	
11	6	  0.0070871	  0.0034076	     117.04	    0.25846	-9.7531e+92	-9.7531e+92	  0.0089024	 0.00019701	     0.0000	 -0.0026625	  -0.032889	    0.26261	
11	7	 0.00083079	 0.00039946	     112.26	    0.30176	-9.7531e+92	-9.7531e+92	  0.0021645	 2.5932e-05	     0.0000	 -0.0015399	 -0.0042504	   0.077972	
11	8	    0.46096	    0.22164	     32.525	     3.6821	-9.7531e+92	-9.7531e+92	   0.061862	  0.0089472	   0.039564	  0.0045561	    -1.9474	    -1.3880	
11	9	 3.7783e-15	 1.8167e-15	     175.31	   0.054135	-9.7531e+92	-9.7531e+92	 0.00081264	 1.9203e-06	     0.0000	-0.00052334	-0.00031589	   0.077342	
11	10	   0.035238	   0.016943	     46.926	     2.9109	-9.7531e+92	-9.7531e+92	  0.0057848	 0.00061247	  0.0035270	 0.00018484	  -0.098411	  -0.059535	
11	11	     0.0000	     0.0000	     0.0000	     4.0000	-9.7531e+92	-9.7531e+92	    0.24242	     0.0000	    0.24077	     0.0000	     0.0000	     0.0000	
11	12	 0.00017126	 8.2345e-05	     77.218	     1.0686	-9.7531e+92	-9.7531e+92	  0.0020608	 5.8934e-06	     0.0000	-0.00067736	 -0.0010580	   0.062244	
11	13	  0.0010223	 0.00049155	     166.60	   0.066184	-9.7531e+92	-9.7531e+92	  0.0037220	 3.0480e-05	     0.0000	 -0.0047070	 -0.0045209	    0.21315	
11	14	   0.012713	  0.0061125	     157.91	   0.081669	-9.7531e+92	-9.7531e+92	  0.0044447	 0.00035846	     0.0000	 -0.0034370	  -0.054655	    0.14685	
11	15	 2.4547e-14	 1.1803e-14	     182.32	   0.046370	-9.7531e+92	-9.7531e+92	 0.00029936	 1.9238e-06	     0.0000	 -0.0019449	-0.00031503	   0.096589	
11	16	 1.1587e-14	 5.5712e-15	     142.85	    0.12075	-9.7531e+92	-9.7531e+92	 1.6024e-05	 1.8598e-06	     0.0000	 1.1699e-10	-0.00023756	-1.2162e-08	
11	17	 9.3442e-14	 4.4929e-14	     290.18	  0.0072979	-9.7531e+92	-9.7531e+92	 2.8823e-05	 1.9976e-06	     0.0000	-0.00044512	-0.00032280	  0.0085707	
11	18	    0.29139	    0.14010	     81.269	    0.91620	-9.7531e+92	-9.7531e+92	   0.054230	  0.0072687	  0.0028748	   0.012261	    -1.3130	   -0.65453	
11	19	 1.9902e-05	 9.5692e-06	     108.78	    0.33886	-9.7531e+92	-9.7531e+92	  0.0051157	 2.2553e-06	     0.0000	 -0.0014362	-0.00040962	    0.17138	
11	20	   0.024016	   0.011547	     83.734	    0.83452	-9.7531e+92	-9.7531e+92	   0.024327	 0.00055903	     0.0000	 -0.0046864	   -0.11263	    0.35186	
11	21	 0.00020835	 0.00010018	     128.65	    0.18069	-9.7531e+92	-9.7531e+92	 0.00057294	 8.0732e-06	     0.0000	 -0.0015368	 -0.0012989	   0.050394	
11	22	 4.9200e-15	 2.3657e-15	     200.45	   0.031856	-9.7531e+92	-9.7531e+92	 3.5386e-05	 1.9576e-06	     0.0000	-0.00037780	-0.00032102	   0.011154	
11	23	   0.037487	   0.018024	     53.605	     2.4433	-9.7531e+92	-9.7531e+92	  0.0074939	  0.0010785	  0.0045120	 0.00041277	   -0.17956	   -0.11891	
11	24	   0.011941	  0.0057414	     56.094	     2.2676	-9.7531e+92	-9.7531e+92	  0.0015291	 0.00032502	  0.0014212	 0.00085807	  -0.053293	  -0.042356	
12	0	 8.6259e-05	 4.0931e-05	     226.76	   0.019512	-9.7531e+92	-9.7531e+92	 0.00072846	 1.3729e-05	     0.0000	 -0.0024490	-0.00063056	   0.036673	
12	1	 0.00038399	 0.00018221	     231.78	   0.017881	-9.7531e+92	-9.7531e+92	  0.0010473	 3.9631e-05	     0.0000	 -0.0027624	 -0.0018453	   0.047677	
12	2	 0.00031115	 0.00014764	     181.48	   0.047226	-9.7531e+92	-9.7531e+92	  0.0014955	 3.3280e-05	     0.0000	  -0.010788	 -0.0017641	    0.10483	
12	3	 1.7181e-15	 8.1525e-16	     227.10	   0.019395	-9.7531e+92	-9.7531e+92	 0.00054590	 5.8922e-06	     0.0000	 -0.0080110	-0.00030561	   0.056522	
12	4	  0.0018926	 0.00089805	     165.11	   0.068567	-9.7531e+92	-9.7531e+92	  0.0015803	 0.00016938	     0.0000	 -0.0088938	 -0.0094053	   0.060459	
12	5	    0.16699	   0.079237	     80.590	    0.94012	-9.7531e+92	-9.7531e+92	   0.046651	   0.010298	     0.0000	 0.00018591	   -0.80822	 -0.0094674	
12	6	  0.0045585	  0.0021630	     152.49	   0.093630	-9.7531e+92	-9.7531e+92	  0.0067563	 0.00040217	     0.0000	 -0.0041630	  -0.022170	    0.12168	
12	7	 1.5820e-05	 7.5067e-06	     158.06	   0.081372	-9.7531e+92	-9.7531e+92	  0.0011181	 7.6358e-06	     0.0000	 -0.0024172	-0.00041166	   0.036641	
12	8	    0.15792	   0.074933	     55.069	     2.3397	-9.7531e+92	-9.7531e+92	   0.030683	   0.012197	  0.0086778	  0.0050606	   -0.73896	   -0.19066	
12	9	 1.6780e-14	 7.9623e-15	     214.99	   0.024120	-9.7531e+92	-9.7531e+92	 0.00057349	 6.1069e-06	     0.0000	-0.00079061	-0.00033209	   0.034968	
12	10	    0.11162	   0.052967	     46.012	     2.9721	-9.7531e+92	-9.7531e+92	   0.014437	  0.0089388	   0.012209	   0.010400	   -0.45960	   -0.17559	
12	11	   0.013893	  0.0065922	     77.218	     1.0686	-9.7531e+92	-9.7531e+92	  0.0035049	  0.0012197	  0.0018768	  0.0012782	  -0.068699	  -0.018227	
12	12	     0.0000	     0.0000	     0.0000	     4.0000	-9.7531e+92	-9.7531e+92	    0.24284	     0.0000	    0.23454	     0.0000	     0.0000	     0.0000	
12	13	  0.0021601	  0.0010250	     205.94	   0.028617	-9.7531e+92	-9.7531e+92	  0.0028062	 0.00020063	     0.0000	 -0.0069856	 -0.0092192	   0.090314	
12	14	  0.0064334	  0.0030527	     188.63	   0.040536	-9.7531e+92	-9.7531e+92	  0.0032468	 0.00058189	     0.0000	 -0.0059452	  -0.028194	   0.073337	
12	15	 3.1274e-06	 1.4840e-06	     166.81	   0.065853	-9.7531e+92	-9.7531e+92	 0.00044471	 6.5212e-06	     0.0000	 -0.0029378	-0.00034705	   0.043619	
12	16	 5.0633e-14	 2.4026e-14	     115.95	    0.26758	-9.7531e+92	-9.7531e+92	 1.5813e-05	 6.1319e-06	     0.0000	 2.7099e-10	-0.00031370	-7.7838e-09	
12	17	 1.8141e-14	 8.6081e-15	     225.22	   0.020047	-9.7531e+92	-9.7531e+92	 6.1301e-05	 6.5128e-06	     0.0000	-0.00067243	-0.00034316	  0.0039014	
12	18	   0.030802	   0.014616	     120.73	    0.22996	-9.7531e+92	-9.7531e+92	   0.020251	  0.0021913	     0.0000	 -0.0076432	   -0.14706	    0.11987	
12	19	    0.19024	   0.090271	     44.530	     3.0689	-9.7531e+92	-9.7531e+92	   0.033357	   0.010332	   0.011818	 4.8620e-05	   -0.59685	  -0.072929	
12	20	    0.30892	    0.14659	     45.010	     3.0379	-9.7531e+92	-9.7531e+92	   0.059817	   0.016949	  0.0039528	  0.0026390	    -1.2503	   -0.24678	
12	21	 1.1112e-14	 5.2726e-15	     187.39	   0.041605	-9.7531e+92	-9.7531e+92	 0.00027999	 6.3420e-06	     0.0000	 -0.0023575	-0.00033194	   0.023116	
12	22	 1.0598e-14	 5.0286e-15	     131.16	    0.16782	-9.7531e+92	-9.7531e+92	 9.2023e-05	 6.0989e-06	     0.0000	-0.00057074	-0.00032909	  0.0050721	
12	23	  0.0037696	  0.0017887	     109.85	    0.32696	-9.7531e+92	-9.7531e+92	  0.0020603	 0.00034681	     0.0000	-4.7453e-05	  -0.019258	  0.0040973	
12	24	 1.0332e-14	 4.9026e-15	     132.31	    0.16230	-9.7531e+92	-9.7531e+92	 6.7842e-05	 6.1944e-06	     0.0000	-1.9248e-05	-0.00033918	 0.00027414	
13	0	   0.047913	    0.36906	     86.013	    0.76580	-9.7531e+92	-9.7531e+92	    0.17105	   0.042719	     0.0000	  0.0059214	    0.43472	  -0.028386	
13	1	    0.17350	     1.3365	     57.043	     2.2015	-9.7531e+92	-9.7531e+92	    0.40741	    0.16650	    0.14054	   0.053313	     1.8526	  -0.040520	
13	2	    0.51703	     3.9826	     127.66	    0.18612	-9.7531e+92	-9.7531e+92	     1.1221	    0.56306	    0.61205	    0.53694	     6.9651	   -0.45382	
13	3	 6.7061e-05	 0.00051656	     188.65	   0.040519	-9.7531e+92	-9.7531e+92	    0.17624	 0.00015800	     0.0000	  -0.058226	  0.0019277	   0.032801	
13	4	 2.6488e-12	 2.0403e-11	     217.30	   0.023117	-9.7531e+92	-9.7531e+92	    0.16889	 8.0325e-05	     0.0000	  -0.068068	 0.00093673	   0.044988	
13	5	 0.00076634	  0.0059029	     125.66	    0.19761	-9.7531e+92	-9.7531e+92	    0.16443	  0.0010198	     0.0000	  -0.059741	   0.011676	    0.18645	
13	6	   0.047396	    0.36508	     53.773	     2.4314	-9.7531e+92	-9.7531e+92	    0.26699	   0.047973	     0.0000	 -0.0082270	    0.62778	   0.042334	
13	7	   0.029343	    0.22602	     57.312	     2.1828	-9.7531e+92	-9.7531e+92	    0.10379	   0.033810	     0.0000	  0.0047186	    0.41714	  -0.010511	
13	8	 8.3150e-12	 6.4049e-11	     162.59	   0.072826	-9.7531e+92	-9.7531e+92	   0.014223	 9.2427e-05	     0.0000	  -0.015374	 0.00086083	   0.066784	
13	9	   0.047116	    0.36293	     9.0540	     3.9979	-9.7531e+92	-9.7531e+92	    0.15218	   0.053896	     0.0000	  0.0065362	    0.67605	  -0.036078	
13	10	 3.0295e-12	 2.3335e-11	     205.99	   0.028587	-9.7531e+92	-9.7531e+92	 0.00085715	 9.7739e-05	     0.0000	 -0.0034034	 0.00082222	  0.0071084	
13	11	 2.1599e-11	 1.6637e-10	     166.60	   0.066184	-9.7531e+92	-9.7531e+92	 0.00075548	 9.6900e-05	     0.0000	 -0.0029844	 0.00083048	  0.0051288	
13	12	 1.1268e-11	 8.6792e-11	     205.94	   0.028617	-9.7531e+92	-9.7531e+92	  0.0032360	 9.6351e-05	     0.0000	  -0.011636	 0.00082464	   0.026596	
13	13	     0.0000	     0.0000	     0.0000	     4.0000	-9.7531e+92	-9.7531e+92	     4.0528	     0.0000	     3.5477	     0.0000	     0.0000	     0.0000	
13	14	   0.062225	    0.47931	     32.765	     3.6733	-9.7531e+92	-9.7531e+92	    0.32540	   0.066632	     0.0000	  0.0047658	    0.80928	 -0.0037769	
13	15	 0.00074364	  0.0057281	     111.52	    0.30921	-9.7531e+92	-9.7531e+92	    0.14338	 0.00093888	     0.0000	  -0.020781	   0.011449	   0.033781	
13	16	 2.0309e-11	 1.5644e-10	     153.85	   0.090443	-9.7531e+92	-9.7531e+92	 0.00025670	 9.2164e-05	     0.0000	 1.8953e-09	 0.00086723	-7.1208e-09	
13	17	 3.9737e-12	 3.0608e-11	     287.27	  0.0075975	-9.7531e+92	-9.7531e+92	  0.0051058	 9.4171e-05	     0.0000	 -0.0048965	 0.00083868	  0.0034416	
13	18	   0.065012	    0.50078	     87.611	    0.72124	-9.7531e+92	-9.7531e+92	    0.28184	   0.084070	     0.0000	  -0.030642	    0.95569	   0.039925	
13	19	 1.9006e-11	 1.4640e-10	     184.51	   0.044238	-9.7531e+92	-9.7531e+92	   0.011277	 9.2460e-05	     0.0000	  -0.016533	 0.00085019	   0.066066	
13	20	 2.0387e-11	 1.5704e-10	     165.04	   0.068678	-9.7531e+92	-9.7531e+92	   0.048840	 8.5902e-05	     0.0000	  -0.072247	 0.00087114	    0.16447	
13	21	  0.0088521	   0.068186	     76.619	     1.0932	-9.7531e+92	-9.7531e+92	   0.071150	  0.0062535	     0.0000	-0.00015711	    0.14907	 -0.0052344	
13	22	 4.0127e-12	 3.0909e-11	     260.15	   0.011286	-9.7531e+92	-9.7531e+92	  0.0064156	 9.5287e-05	     0.0000	 -0.0041559	 0.00083809	  0.0044186	
13	23	 3.4107e-05	 0.00026272	     113.01	    0.29441	-9.7531e+92	-9.7531e+92	  0.0031668	 0.00013423	     0.0000	-0.00088878	  0.0013771	  0.0091300	
13	24	 8.3178e-12	 6.4070e-11	     142.21	    0.12286	-9.7531e+92	-9.7531e+92	 0.00030888	 9.0281e-05	     0.0000	-0.00012001	 0.00088602	 0.00024168	
14	0	   0.056867	    0.36350	     114.85	    0.27729	-9.7531e+92	-9.7531e+92	    0.17965	   0.047457	   0.012506	  0.0062408	    0.65701	 0.00084789	
14	1	   0.050135	    0.32047	     88.839	    0.68891	-9.7531e+92	-9.7531e+92	    0.21662	   0.039623	     0.0000	  0.0026979	    0.51946	 0.00067777	
14	2	   0.043674	    0.27917	     97.273	    0.50580	-9.7531e+92	-9.7531e+92	    0.16613	   0.033709	     0.0000	 -0.0028086	    0.53340	   0.011537	
14	3	 0.00013612	 0.00087010	     161.01	   0.075671	-9.7531e+92	-9.7531e+92	   0.028578	 0.00017501	     0.0000	  -0.013783	  0.0026388	  0.0044614	
14	4	 1.2213e-06	 7.8070e-06	     184.55	   0.044193	-9.7531e+92	-9.7531e+92	   0.026539	 6.1092e-05	     0.0000	  -0.015975	 0.00091772	  0.0074284	
14	5	  0.0016404	   0.010486	     108.09	    0.34690	-9.7531e+92	-9.7531e+92	    0.21614	  0.0016826	     0.0000	  -0.017614	   0.023239	   0.030754	
14	6	    0.65759	     4.2034	     41.508	     3.2546	-9.7531e+92	-9.7531e+92	     1.1531	    0.59323	    0.64628	   0.069472	     8.7421	   -0.10808	
14	7	   0.031848	    0.20358	     65.464	     1.6549	-9.7531e+92	-9.7531e+92	    0.13773	   0.031617	     0.0000	  0.0024474	    0.43483	 -0.0025400	
14	8	 4.9244e-08	 3.1478e-07	     146.54	    0.10935	-9.7531e+92	-9.7531e+92	   0.018458	 7.4517e-05	     0.0000	 -0.0045579	 0.00085669	   0.012438	
14	9	   0.043972	    0.28107	     38.749	     3.4073	-9.7531e+92	-9.7531e+92	    0.15411	   0.041321	   0.021570	  0.0019183	    0.61912	 -0.0057729	
14	10	 7.8102e-16	 4.9924e-15	     190.48	   0.038997	-9.7531e+92	-9.7531e+92	 0.00097836	 7.8445e-05	     0.0000	 -0.0010090	 0.00083048	  0.0013609	
14	11	 6.0566e-16	 3.8714e-15	     157.91	   0.081669	-9.7531e+92	-9.7531e+92	 0.00084375	 7.7496e-05	     0.0000	-0.00088475	 0.00084301	 0.00097887	
14	12	 3.2604e-16	 2.0841e-15	     188.63	   0.040536	-9.7531e+92	-9.7531e+92	  0.0040369	 7.7118e-05	     0.0000	 -0.0034496	 0.00083534	  0.0050775	
14	13	   0.047825	    0.30570	     32.765	     3.6733	-9.7531e+92	-9.7531e+92	    0.29486	   0.038484	     0.0000	 -0.0027004	    0.55897	-0.00023082	
14	14	     0.0000	     0.0000	     0.0000	     4.0000	-9.7531e+92	-9.7531e+92	     3.3354	     0.0000	     2.9776	     0.0000	     0.0000	     0.0000	
14	15	  0.0079182	   0.050614	     78.991	    0.99899	-9.7531e+92	-9.7531e+92	   0.036759	  0.0065181	     0.0000	-0.00075763	    0.11650	 -0.0060714	
14	16	 5.6146e-15	 3.5889e-14	     121.20	    0.22662	-9.7531e+92	-9.7531e+92	 0.00021302	 7.4980e-05	     0.0000	 5.8536e-10	 0.00085937	-1.3796e-09	
14	17	 1.1428e-15	 7.3047e-15	     254.84	   0.012253	-9.7531e+92	-9.7531e+92	 0.00097593	 7.2747e-05	     0.0000	 -0.0014075	 0.00086498	 0.00065836	
14	18	   0.057622	    0.36833	     78.249	     1.0276	-9.7531e+92	-9.7531e+92	    0.28860	   0.059684	     0.0000	  -0.010686	    0.80693	  0.0066957	
14	19	 7.2367e-15	 4.6258e-14	     166.55	   0.066257	-9.7531e+92	-9.7531e+92	   0.014076	 7.3757e-05	     0.0000	 -0.0049015	 0.00085477	   0.012364	
14	20	 4.3822e-06	 2.8012e-05	     147.73	    0.10597	-9.7531e+92	-9.7531e+92	   0.063498	 7.3041e-05	     0.0000	  -0.021418	 0.00092602	   0.030185	
14	21	 0.00072986	  0.0046653	     101.18	    0.44014	-9.7531e+92	-9.7531e+92	   0.047738	 0.00078577	     0.0000	 -0.0048187	   0.010698	  0.0031553	
14	22	 8.6094e-15	 5.5032e-14	     227.39	   0.019298	-9.7531e+92	-9.7531e+92	  0.0011924	 7.4507e-05	     0.0000	 -0.0012321	 0.00085517	 0.00083933	
14	23	 3.1212e-05	 0.00019951	     114.84	    0.27739	-9.7531e+92	-9.7531e+92	  0.0049682	 0.00010879	     0.0000	-0.00026361	  0.0012810	  0.0017296	
14	24	 8.2861e-15	 5.2965e-14	     150.00	   0.099849	-9.7531e+92	-9.7531e+92	 0.00027060	 7.4746e-05	     0.0000	-4.1550e-05	 0.00086447	 4.6216e-05	
15	0	 0.00096123	  0.0015856	     189.51	   0.039789	-9.7531e+92	-9.7531e+92	   0.012492	 0.00052338	     0.0000	  -0.024169	  0.0054035	  -0.085240	
15	1	  0.0054198	  0.0089403	     167.83	   0.064291	-9.7531e+92	-9.7531e+92	   0.021155	  0.0028152	     0.0000	  -0.024062	   0.029654	   -0.10034	
15	2	    0.25128	    0.41449	     21.827	     3.9312	-9.7531e+92	-9.7531e+92	    0.15934	   0.068803	   0.050126	   0.076019	    0.58053	    0.30714	
15	3	    0.22197	    0.36616	     84.108	    0.82281	-9.7531e+92	-9.7531e+92	    0.12387	   0.055782	   0.064184	    0.11688	    0.36476	    0.23363	
15	4	   0.017927	   0.029572	     106.18	    0.37015	-9.7531e+92	-9.7531e+92	   0.056880	  0.0050135	     0.0000	  -0.019138	   0.064628	  -0.053568	
15	5	   0.019917	   0.032854	     104.94	    0.38615	-9.7531e+92	-9.7531e+92	   0.032328	  0.0097238	     0.0000	  -0.073780	   0.078393	   -0.38802	
15	6	   0.029939	   0.049386	     96.746	    0.51548	-9.7531e+92	-9.7531e+92	   0.069214	   0.014999	     0.0000	  -0.028087	    0.11828	   -0.13658	
15	7	 0.00061894	  0.0010210	     131.62	    0.16559	-9.7531e+92	-9.7531e+92	  0.0094226	 0.00036398	     0.0000	  -0.023997	  0.0024355	  -0.054361	
15	8	 3.0046e-12	 4.9562e-12	     159.01	   0.079481	-9.7531e+92	-9.7531e+92	  0.0028700	 3.5924e-05	     0.0000	  -0.021561	 0.00022519	   -0.11724	
15	9	  0.0018567	  0.0030628	     117.55	    0.25424	-9.7531e+92	-9.7531e+92	   0.011330	  0.0010150	     0.0000	 -0.0073495	  0.0068905	  -0.048732	
15	10	 1.7801e-12	 2.9363e-12	     197.67	   0.033672	-9.7531e+92	-9.7531e+92	 0.00017901	 3.7393e-05	     0.0000	 -0.0047730	 0.00021225	  -0.011378	
15	11	 4.5717e-13	 7.5412e-13	     182.32	   0.046370	-9.7531e+92	-9.7531e+92	 0.00015619	 3.7353e-05	     0.0000	 -0.0041853	 0.00021356	 -0.0082994	
15	12	 3.1993e-12	 5.2773e-12	     166.81	   0.065853	-9.7531e+92	-9.7531e+92	 0.00068586	 3.6741e-05	     0.0000	  -0.016318	 0.00021451	  -0.042997	
15	13	    0.15259	    0.25171	     111.52	    0.30921	-9.7531e+92	-9.7531e+92	   0.094154	   0.059271	     0.0000	   0.068547	    0.49944	    0.29090	
15	14	    0.26849	    0.44288	     78.991	    0.99899	-9.7531e+92	-9.7531e+92	    0.14391	    0.13351	   0.051566	    0.26020	     1.2323	    0.67665	
15	15	     0.0000	     0.0000	     0.0000	     4.0000	-9.7531e+92	-9.7531e+92	    0.85543	     0.0000	    0.81261	     0.0000	     0.0000	     0.0000	
15	16	 5.9322e-13	 9.7854e-13	     65.362	     1.6609	-9.7531e+92	-9.7531e+92	 5.4972e-05	 3.5417e-05	     0.0000	 2.7694e-09	 0.00028102	 1.0677e-08	
15	17	 2.8437e-13	 4.6909e-13	     175.81	   0.053534	-9.7531e+92	-9.7531e+92	  0.0016879	 2.8114e-05	     0.0000	 -0.0048490	 0.00031894	 -0.0061193	
15	18	   0.027496	   0.045356	     116.73	    0.26100	-9.7531e+92	-9.7531e+92	   0.034709	   0.014301	     0.0000	  -0.081441	    0.11938	   -0.23130	
15	19	 0.00010062	 0.00016598	     131.26	    0.16732	-9.7531e+92	-9.7531e+92	  0.0024311	 8.7690e-05	     0.0000	  -0.023135	 0.00057420	   -0.11395	
15	20	  0.0014310	  0.0023605	     124.66	    0.20372	-9.7531e+92	-9.7531e+92	   0.010296	 0.00074192	     0.0000	   -0.10009	  0.0052184	   -0.29836	
15	21	 1.1726e-11	 1.9342e-11	     175.65	   0.053734	-9.7531e+92	-9.7531e+92	  0.0040568	 3.2704e-05	     0.0000	  -0.024074	 0.00024794	  -0.035719	
15	22	 3.5600e-13	 5.8724e-13	     163.21	   0.071746	-9.7531e+92	-9.7531e+92	  0.0021276	 3.0510e-05	     0.0000	 -0.0043983	 0.00028886	 -0.0072696	
15	23	 9.1360e-13	 1.5070e-12	     149.47	    0.10124	-9.7531e+92	-9.7531e+92	 0.00054256	 3.6844e-05	     0.0000	 -0.0012534	 0.00022072	  -0.015270	
15	24	 4.7830e-13	 7.8898e-13	     189.75	   0.039594	-9.7531e+92	-9.7531e+92	 6.2425e-05	 3.7140e-05	     0.0000	-0.00019655	 0.00021481	-0.00038843	
16	0	   0.033347	     0.0000	     217.18	   0.023165	-9.7531e+92	-9.7531e+92	     0.0000	 3.1802e-05	     0.0000	     0.0000	 3.3188e-12	     0.0000	
16	1	   0.081793	     0.0000	     207.46	   0.027791	-9.7531e+92	-9.7531e+92	     0.0000	 7.7292e-05	     0.0000	     0.0000	 5.3086e-10	     0.0000	
16	2	   0.015403	     0.0000	     68.097	     1.5042	-9.7531e+92	-9.7531e+92	     0.0000	 1.4988e-05	     0.0000	     0.0000	 9.6801e-11	     0.0000	
16	3	   0.016934	     0.0000	     111.94	    0.30495	-9.7531e+92	-9.7531e+92	     0.0000	 1.6386e-05	     0.0000	     0.0000	 9.9914e-11	     0.0000	
16	4	   0.012015	     0.0000	     75.439	     1.1432	-9.7531e+92	-9.7531e+92	     0.0000	 1.1712e-05	     0.0000	     0.0000	 7.4413e-11	     0.0000	
16	5	   0.051491	     0.0000	     71.546	     1.3237	-9.7531e+92	-9.7531e+92	     0.0000	 5.0471e-05	     0.0000	     0.0000	 3.1969e-10	     0.0000	
16	6	  0.0041251	     0.0000	     111.89	    0.30549	-9.7531e+92	-9.7531e+92	     0.0000	 4.2435e-06	     0.0000	     0.0000	 2.6002e-11	     0.0000	
16	7	    0.12425	     0.0000	     137.28	    0.14083	-9.7531e+92	-9.7531e+92	     0.0000	 0.00013321	     0.0000	     0.0000	 7.7241e-10	     0.0000	
16	8	   0.062455	     0.0000	     112.87	    0.29583	-9.7531e+92	-9.7531e+92	     0.0000	 6.8617e-05	     0.0000	     0.0000	 3.6635e-10	     0.0000	
16	9	   0.058820	     0.0000	     159.83	   0.077890	-9.7531e+92	-9.7531e+92	     0.0000	 6.3059e-05	     0.0000	     0.0000	 3.6622e-10	     0.0000	
16	10	   0.020148	     0.0000	     147.94	    0.10538	-9.7531e+92	-9.7531e+92	     0.0000	 2.3475e-05	     0.0000	     0.0000	 1.1604e-10	     0.0000	
16	11	   0.075079	     0.0000	     142.85	    0.12075	-9.7531e+92	-9.7531e+92	     0.0000	 8.6542e-05	     0.0000	     0.0000	 4.3238e-10	     0.0000	
16	12	   0.017003	     0.0000	     115.95	    0.26758	-9.7531e+92	-9.7531e+92	     0.0000	 1.9522e-05	     0.0000	     0.0000	 9.8123e-11	     0.0000	
16	13	   0.014687	     0.0000	     153.85	   0.090443	-9.7531e+92	-9.7531e+92	     0.0000	 1.3856e-05	     0.0000	     0.0000	 8.9967e-11	     0.0000	
16	14	   0.011057	     0.0000	     121.20	    0.22662	-9.7531e+92	-9.7531e+92	     0.0000	 1.0862e-05	     0.0000	     0.0000	 7.3271e-11	     0.0000	
16	15	   0.061219	     0.0000	     65.362	     1.6609	-9.7531e+92	-9.7531e+92	     0.0000	 6.4755e-05	     0.0000	     0.0000	 3.7191e-10	     0.0000	
16	16	     0.0000	     0.0000	     0.0000	     4.0000	-9.7531e+92	-9.7531e+92	     0.0000	     0.0000	     0.0000	     0.0000	     0.0000	     0.0000	
16	17	  0.0054179	     0.0000	     148.25	    0.10451	-9.7531e+92	-9.7531e+92	     0.0000	 6.2004e-06	     0.0000	     0.0000	 4.4129e-11	     0.0000	
16	18	   0.064049	     0.0000	     110.59	    0.31898	-9.7531e+92	-9.7531e+92	     0.0000	 6.4901e-05	     0.0000	     0.0000	 4.1365e-10	     0.0000	
16	19	   0.048900	     0.0000	     73.024	     1.2523	-9.7531e+92	-9.7531e+92	     0.0000	 5.3552e-05	     0.0000	     0.0000	 2.8651e-10	     0.0000	
16	20	   0.075870	     0.0000	     74.477	     1.1855	-9.7531e+92	-9.7531e+92	     0.0000	 7.7146e-05	     0.0000	     0.0000	 4.4914e-10	     0.0000	
16	21	   0.041129	     0.0000	     180.81	   0.047925	-9.7531e+92	-9.7531e+92	     0.0000	 4.3527e-05	     0.0000	     0.0000	 2.5232e-10	     0.0000	
16	22	   0.018946	     0.0000	     106.73	    0.36321	-9.7531e+92	-9.7531e+92	     0.0000	 2.1564e-05	     0.0000	     0.0000	 1.1406e-10	     0.0000	
16	23	   0.022534	     0.0000	     136.77	    0.14287	-9.7531e+92	-9.7531e+92	     0.0000	 2.5615e-05	     0.0000	     0.0000	 1.3309e-10	     0.0000	
16	24	   0.039689	     0.0000	     177.80	   0.051213	-9.7531e+92	-9.7531e+92	     0.0000	 4.5357e-05	     0.0000	     0.0000	 2.3804e-10	     0.0000	
17	0	 1.6769e-09	 7.1708e-10	     353.56	  0.0033150	-9.7531e+92	-9.7531e+92	 0.00063286	 3.1356e-06	     0.0000	 -0.0029325	 6.3154e-06	 -0.0011499	
17	1	 2.4328e-10	 1.0403e-10	     342.57	  0.0037606	-9.7531e+92	-9.7531e+92	  0.0010328	 3.1438e-06	     0.0000	 -0.0033338	 7.2578e-06	 -0.0017941	
17	2	   0.098306	   0.042037	     160.64	   0.076357	-9.7531e+92	-9.7531e+92	   0.033386	  0.0033837	  0.0050733	  0.0044315	  -0.010173	 -0.0013994	
17	3	    0.24533	    0.10491	     122.41	    0.21829	-9.7531e+92	-9.7531e+92	   0.047779	  0.0064315	   0.032308	   0.020426	  -0.049861	  -0.024635	
17	4	    0.61974	    0.26501	     73.525	     1.2289	-9.7531e+92	-9.7531e+92	   0.084865	   0.010559	   0.068199	   0.023032	  -0.089130	  -0.071172	
17	5	 2.0175e-10	 8.6273e-11	     219.60	   0.022168	-9.7531e+92	-9.7531e+92	  0.0026219	 2.9005e-06	     0.0000	 -0.0098386	-4.9512e-06	   0.010017	
17	6	 8.5805e-11	 3.6691e-11	     251.72	   0.012870	-9.7531e+92	-9.7531e+92	  0.0034266	 3.0782e-06	     0.0000	 -0.0052713	-4.6660e-06	  0.0047083	
17	7	 2.5590e-09	 1.0943e-09	     281.54	  0.0082346	-9.7531e+92	-9.7531e+92	 0.00047950	 3.2161e-06	     0.0000	 -0.0028870	-7.9218e-06	  0.0019449	
17	8	 1.5691e-10	 6.7096e-11	     258.50	   0.011577	-9.7531e+92	-9.7531e+92	 0.00029628	 3.1897e-06	     0.0000	 -0.0025199	-8.9643e-06	  0.0045677	
17	9	 6.5646e-10	 2.8071e-10	     293.28	  0.0069951	-9.7531e+92	-9.7531e+92	 0.00055340	 3.2111e-06	     0.0000	-0.00094359	-7.7958e-06	  0.0018386	
17	10	 7.0833e-10	 3.0289e-10	     270.72	  0.0096279	-9.7531e+92	-9.7531e+92	 3.1082e-05	 3.3128e-06	     0.0000	-0.00055783	-1.0304e-05	 0.00051320	
17	11	 1.2659e-10	 5.4130e-11	     290.18	  0.0072979	-9.7531e+92	-9.7531e+92	 2.6279e-05	 3.3131e-06	     0.0000	-0.00048915	-1.0201e-05	 0.00036808	
17	12	 5.3297e-10	 2.2791e-10	     225.22	   0.020047	-9.7531e+92	-9.7531e+92	 0.00011680	 3.2515e-06	     0.0000	 -0.0019072	-9.9721e-06	  0.0019097	
17	13	 1.0524e-09	 4.5003e-10	     287.27	  0.0075975	-9.7531e+92	-9.7531e+92	  0.0047939	 2.7824e-06	     0.0000	 -0.0085855	 1.2789e-06	 -0.0024262	
17	14	 1.3824e-09	 5.9114e-10	     254.84	   0.012253	-9.7531e+92	-9.7531e+92	  0.0071092	 3.1089e-06	     0.0000	 -0.0080163	 2.6170e-06	-0.00058487	
17	15	 4.4683e-10	 1.9107e-10	     175.81	   0.053534	-9.7531e+92	-9.7531e+92	   0.013252	 2.8465e-06	  0.0021528	 -0.0032559	-5.9844e-06	  0.0022188	
17	16	 1.4339e-10	 6.1317e-11	     148.25	    0.10451	-9.7531e+92	-9.7531e+92	 1.4251e-05	 3.2627e-06	     0.0000	 3.3336e-10	-4.1341e-06	-5.4529e-10	
17	17	     0.0000	     0.0000	     0.0000	     4.0000	-9.7531e+92	-9.7531e+92	    0.21626	     0.0000	    0.21527	     0.0000	     0.0000	     0.0000	
17	18	 1.7497e-09	 7.4819e-10	     258.46	   0.011584	-9.7531e+92	-9.7531e+92	  0.0017308	 3.0911e-06	     0.0000	  -0.012813	-1.9223e-06	  0.0037115	
17	19	 5.7619e-10	 2.4639e-10	     187.53	   0.041480	-9.7531e+92	-9.7531e+92	 0.00065004	 3.0800e-06	     0.0000	 -0.0027099	-7.9650e-06	  0.0045622	
17	20	 1.1843e-09	 5.0642e-10	     207.02	   0.028026	-9.7531e+92	-9.7531e+92	  0.0012234	 2.9330e-06	     0.0000	  -0.011842	-8.1243e-06	   0.010922	
17	21	 2.0640e-10	 8.8259e-11	     326.31	  0.0045671	-9.7531e+92	-9.7531e+92	 0.00021479	 3.1216e-06	     0.0000	 -0.0028137	-7.2659e-06	  0.0011837	
17	22	   0.036621	   0.015660	     106.10	    0.37108	-9.7531e+92	-9.7531e+92	  0.0070112	  0.0012968	  0.0057294	  0.0018429	  0.0067167	  0.0038024	
17	23	 1.2862e-09	 5.4999e-10	     284.58	  0.0078888	-9.7531e+92	-9.7531e+92	 5.0491e-05	 3.3048e-06	     0.0000	-0.00014649	-9.6988e-06	 0.00064874	
17	24	 1.3182e-10	 5.6368e-11	     325.25	  0.0046269	-9.7531e+92	-9.7531e+92	 1.5148e-05	 3.3215e-06	     0.0000	-2.2972e-05	-1.0248e-05	 1.7410e-05	
18	0	  0.0021181	  0.0088141	     116.29	    0.26473	-9.7531e+92	-9.7531e+92	   0.018007	  0.0024081	     0.0000	-0.00081381	  -0.014869	   0.024492	
18	1	  0.0021504	  0.0089489	     111.77	    0.30668	-9.7531e+92	-9.7531e+92	   0.023333	  0.0020933	     0.0000	-0.00094428	  -0.022898	   0.032814	
18	2	 4.3207e-05	 0.00017980	     137.27	    0.14087	-9.7531e+92	-9.7531e+92	   0.024683	 0.00015595	     0.0000	 -0.0039039	-0.00050096	   0.074932	
18	3	 1.8664e-07	 7.7670e-07	     199.21	   0.032649	-9.7531e+92	-9.7531e+92	  0.0048225	 9.8172e-05	     0.0000	 -0.0028874	-0.00024157	   0.040333	
18	4	 4.4110e-08	 1.8356e-07	     186.18	   0.042684	-9.7531e+92	-9.7531e+92	  0.0066276	 9.6992e-05	     0.0000	 -0.0033692	-0.00036331	   0.045082	
18	5	    0.88147	     3.6682	     53.346	     2.4617	-9.7531e+92	-9.7531e+92	     1.0408	     1.0000	    0.37087	   0.013277	    -5.2339	   -0.83417	
18	6	   0.030970	    0.12888	     36.723	     3.5078	-9.7531e+92	-9.7531e+92	    0.12357	   0.037114	     0.0000	-0.00097065	   -0.18402	   0.055862	
18	7	   0.020286	   0.084418	     38.248	     3.4331	-9.7531e+92	-9.7531e+92	   0.039111	   0.025502	     0.0000	-5.6258e-05	   -0.11114	  0.0016706	
18	8	 0.00074143	  0.0030854	     75.421	     1.1439	-9.7531e+92	-9.7531e+92	   0.086809	 0.00093092	     0.0000	-0.00032251	 -0.0030447	   0.044329	
18	9	 0.00013984	 0.00058192	     96.665	    0.51699	-9.7531e+92	-9.7531e+92	   0.012419	 0.00024068	     0.0000	-0.00028303	 -0.0010059	   0.024527	
18	10	 2.7827e-16	 1.1580e-15	     118.82	    0.24422	-9.7531e+92	-9.7531e+92	  0.0036739	 9.7306e-05	     0.0000	-0.00011489	-0.00040550	  0.0056626	
18	11	 1.3865e-05	 5.7700e-05	     81.269	    0.91620	-9.7531e+92	-9.7531e+92	  0.0029946	 9.9575e-05	     0.0000	-6.4000e-05	-0.00024683	  0.0031144	
18	12	 4.0117e-09	 1.6694e-08	     120.73	    0.22996	-9.7531e+92	-9.7531e+92	   0.018220	 9.7896e-05	     0.0000	-0.00051568	-0.00043268	   0.021298	
18	13	   0.025957	    0.10802	     87.611	    0.72124	-9.7531e+92	-9.7531e+92	   0.071188	   0.033070	     0.0000	 -0.0015736	  -0.089840	   0.040824	
18	14	   0.029623	    0.12327	     78.249	     1.0276	-9.7531e+92	-9.7531e+92	   0.066402	   0.036788	     0.0000	 -0.0011405	   -0.14400	   0.028070	
18	15	 2.4017e-05	 9.9945e-05	     116.73	    0.26100	-9.7531e+92	-9.7531e+92	  0.0050064	 0.00013449	     0.0000	 -0.0010580	-0.00059549	   0.030794	
18	16	 7.4278e-16	 3.0910e-15	     110.59	    0.31898	-9.7531e+92	-9.7531e+92	 0.00013868	 9.7571e-05	     0.0000	 8.4845e-11	-0.00041243	-5.4708e-09	
18	17	 4.3798e-16	 1.8226e-15	     258.46	   0.011584	-9.7531e+92	-9.7531e+92	 0.00032974	 0.00011061	     0.0000	-0.00024236	-0.00056264	  0.0027457	
18	18	     0.0000	     0.0000	     0.0000	     4.0000	-9.7531e+92	-9.7531e+92	     2.2228	     0.0000	     1.7784	     0.0000	     0.0000	     0.0000	
18	19	 1.0014e-06	 4.1671e-06	     118.15	    0.24945	-9.7531e+92	-9.7531e+92	   0.065863	 9.3244e-05	     0.0000	-0.00081833	-0.00041150	   0.054843	
18	20	 0.00023383	 0.00097309	     90.275	    0.65310	-9.7531e+92	-9.7531e+92	    0.30243	 0.00035840	     0.0000	 -0.0031958	 -0.0016333	    0.14090	
18	21	 0.00092596	  0.0038533	     79.511	    0.97945	-9.7531e+92	-9.7531e+92	  0.0073004	  0.0014063	     0.0000	-0.00079239	 -0.0063205	   0.015230	
18	22	 1.4715e-16	 6.1237e-16	     205.13	   0.029065	-9.7531e+92	-9.7531e+92	 0.00041982	 0.00010806	     0.0000	-0.00020571	-0.00052706	  0.0035715	
18	23	  0.0052773	   0.021961	     36.898	     3.4995	-9.7531e+92	-9.7531e+92	   0.013768	  0.0066960	     0.0000	-6.1002e-06	  -0.020797	  0.0010545	
18	24	 2.6300e-05	 0.00010944	     74.739	     1.1738	-9.7531e+92	-9.7531e+92	 0.00029416	 0.00011133	     0.0000	-3.0354e-06	-0.00024256	 6.9785e-05	
19	0	 3.5145e-05	 3.2064e-05	     234.49	   0.017074	-9.7531e+92	-9.7531e+92	  0.0016255	 2.3940e-05	     0.0000	 -0.0039322	-0.00093514	   0.058377	
19	1	 3.9342e-05	 3.5893e-05	     226.57	   0.019575	-9.7531e+92	-9.7531e+92	  0.0024242	 2.4243e-05	     0.0000	 -0.0044712	-0.00097026	   0.076495	
19	2	  0.0085219	  0.0077749	     139.30	    0.13308	-9.7531e+92	-9.7531e+92	  0.0075953	  0.0020056	     0.0000	  -0.015134	  -0.089775	    0.14600	
19	3	 0.00024371	 0.00022234	     184.07	   0.044655	-9.7531e+92	-9.7531e+92	  0.0041505	 7.2675e-05	     0.0000	  -0.012751	 -0.0031781	   0.089293	
19	4	   0.051859	   0.047313	     119.82	    0.23665	-9.7531e+92	-9.7531e+92	   0.015058	   0.011848	     0.0000	  0.0049530	   -0.55943	  -0.033432	
19	5	    0.30899	    0.28191	     64.874	     1.6901	-9.7531e+92	-9.7531e+92	    0.11546	   0.044187	     0.0000	  0.0020777	    -3.3728	   -0.38398	
19	6	   0.018025	   0.016445	     133.74	    0.15573	-9.7531e+92	-9.7531e+92	   0.016932	  0.0040990	     0.0000	 -0.0054700	   -0.19467	    0.15875	
19	7	 4.2076e-06	 3.8388e-06	     154.38	   0.089237	-9.7531e+92	-9.7531e+92	  0.0024833	 1.7277e-05	     0.0000	 -0.0038756	-0.00079500	   0.058354	
19	8	   0.025314	   0.023095	     80.536	    0.94205	-9.7531e+92	-9.7531e+92	   0.028115	  0.0051039	     0.0000	 -0.0015370	   -0.27069	   0.057344	
19	9	 6.7963e-13	 6.2006e-13	     193.08	   0.036956	-9.7531e+92	-9.7531e+92	  0.0013815	 1.6004e-05	     0.0000	 -0.0012669	-0.00074577	   0.055660	
19	10	  0.0050309	  0.0045899	     85.643	    0.77653	-9.7531e+92	-9.7531e+92	  0.0043861	  0.0010842	 0.00010200	 6.3427e-05	  -0.051464	 -0.0010885	
19	11	 8.4916e-05	 7.7472e-05	     108.78	    0.33886	-9.7531e+92	-9.7531e+92	  0.0014126	 3.4559e-05	     0.0000	-0.00064022	 -0.0016787	  0.0090601	
19	12	    0.15402	    0.14052	     44.530	     3.0689	-9.7531e+92	-9.7531e+92	   0.042210	   0.027206	   0.026242	  0.0097986	    -1.2261	   -0.19937	
19	13	  0.0012528	  0.0011430	     184.51	   0.044238	-9.7531e+92	-9.7531e+92	  0.0066577	 0.00031366	     0.0000	  -0.011354	  -0.012128	    0.14555	
19	14	  0.0077672	  0.0070863	     166.55	   0.066257	-9.7531e+92	-9.7531e+92	  0.0080188	  0.0018408	     0.0000	 -0.0092707	  -0.075865	    0.11344	
19	15	  0.0011840	  0.0010802	     131.26	    0.16732	-9.7531e+92	-9.7531e+92	  0.0027214	 0.00030965	     0.0000	 -0.0044933	  -0.013961	   0.066265	
19	16	 2.9002e-13	 2.6460e-13	     73.024	     1.2523	-9.7531e+92	-9.7531e+92	 3.0404e-05	 1.5929e-05	     0.0000	 4.3456e-10	-0.00069805	-1.2395e-08	
19	17	 1.9933e-13	 1.8186e-13	     187.53	   0.041480	-9.7531e+92	-9.7531e+92	 0.00046342	 1.7325e-05	     0.0000	 -0.0010776	-0.00077175	  0.0062115	
19	18	   0.079801	   0.072806	     118.15	    0.24945	-9.7531e+92	-9.7531e+92	   0.045362	   0.013596	     0.0000	 -0.0043638	   -0.86774	   0.067930	
19	19	     0.0000	     0.0000	     0.0000	     4.0000	-9.7531e+92	-9.7531e+92	    0.48079	     0.0000	    0.43938	     0.0000	     0.0000	     0.0000	
19	20	    0.33669	    0.30718	     28.400	     3.8088	-9.7531e+92	-9.7531e+92	    0.12156	   0.041547	   0.014151	  0.0012468	    -2.8390	   -0.27961	
19	21	 1.5432e-13	 1.4079e-13	     197.71	   0.033641	-9.7531e+92	-9.7531e+92	 0.00061680	 1.6829e-05	     0.0000	 -0.0037778	-0.00074658	   0.036793	
19	22	  0.0010965	  0.0010004	     93.933	    0.57085	-9.7531e+92	-9.7531e+92	 0.00084234	 0.00026255	     0.0000	-0.00057302	  -0.011685	  0.0050593	
19	23	 4.0023e-05	 3.6515e-05	     121.29	    0.22600	-9.7531e+92	-9.7531e+92	  0.0018879	 2.5001e-05	     0.0000	-0.00019540	 -0.0011969	   0.016762	
19	24	 2.1426e-13	 1.9548e-13	     150.08	   0.099629	-9.7531e+92	-9.7531e+92	 6.7182e-05	 1.6198e-05	     0.0000	-3.0844e-05	-0.00076059	 0.00043646	
20	0	 1.4052e-05	 1.8244e-05	     206.61	   0.028245	-9.7531e+92	-9.7531e+92	  0.0027422	 6.0083e-05	     0.0000	 -0.0083101	 -0.0014420	   0.012332	
20	1	 5.0594e-05	 6.5688e-05	     199.20	   0.032652	-9.7531e+92	-9.7531e+92	  0.0040401	 8.3628e-05	     0.0000	 -0.0094385	 -0.0021079	   0.015415	
20	2	  0.0010004	  0.0012989	     139.77	    0.13137	-9.7531e+92	-9.7531e+92	  0.0058456	 0.00081501	     0.0000	  -0.036122	  -0.022188	   0.049938	
20	3	 1.0062e-05	 1.3063e-05	     185.64	   0.043179	-9.7531e+92	-9.7531e+92	  0.0020872	 5.9335e-05	     0.0000	  -0.027101	 -0.0015509	   0.026086	
20	4	  0.0040471	  0.0052545	     135.08	    0.14987	-9.7531e+92	-9.7531e+92	  0.0058843	  0.0031102	     0.0000	  -0.028347	  -0.088893	   0.029031	
20	5	    0.20937	    0.27183	     39.691	     3.3571	-9.7531e+92	-9.7531e+92	    0.14860	   0.065032	     0.0000	     0.0000	    -4.6716	  -0.049248	
20	6	   0.029147	   0.037842	     111.59	    0.30852	-9.7531e+92	-9.7531e+92	   0.028547	   0.020620	     0.0000	 -0.0094564	   -0.63218	   0.041432	
20	7	 0.00010045	 0.00013042	     126.68	    0.19164	-9.7531e+92	-9.7531e+92	  0.0041885	 0.00012983	     0.0000	 -0.0081475	 -0.0037852	   0.020048	
20	8	    0.19504	    0.25323	     51.987	     2.5582	-9.7531e+92	-9.7531e+92	   0.084096	    0.10481	   0.023886	   0.022897	    -3.8545	   -0.14253	
20	9	 3.0753e-14	 3.9928e-14	     174.09	   0.055651	-9.7531e+92	-9.7531e+92	  0.0023043	 5.0545e-05	     0.0000	 -0.0026753	 -0.0015038	   0.019167	
20	10	  0.0026061	  0.0033836	     74.457	     1.1864	-9.7531e+92	-9.7531e+92	  0.0053203	  0.0016405	     0.0000	-0.00069232	  -0.051607	  0.0020318	
20	11	 0.00062944	 0.00081723	     83.734	    0.83452	-9.7531e+92	-9.7531e+92	  0.0030458	 0.00046785	     0.0000	 -0.0011278	  -0.014815	  0.0027283	
20	12	   0.080192	    0.10412	     45.010	     3.0379	-9.7531e+92	-9.7531e+92	   0.038765	   0.043129	   0.016041	   0.016376	    -1.3943	  -0.035434	
20	13	  0.0056245	  0.0073024	     165.04	   0.068678	-9.7531e+92	-9.7531e+92	   0.011078	  0.0043614	     0.0000	  -0.022348	   -0.10045	   0.029775	
20	14	   0.015545	   0.020183	     147.73	    0.10597	-9.7531e+92	-9.7531e+92	   0.013167	   0.011657	     0.0000	  -0.016420	   -0.29734	   0.023749	
20	15	  0.0014134	  0.0018351	     124.66	    0.20372	-9.7531e+92	-9.7531e+92	  0.0020125	  0.0011930	     0.0000	 -0.0094003	  -0.033464	   0.022428	
20	16	 2.9238e-13	 3.7960e-13	     74.477	     1.1855	-9.7531e+92	-9.7531e+92	 4.3268e-05	 5.0331e-05	     0.0000	 9.1763e-10	 -0.0014487	-4.5687e-09	
20	17	 3.0385e-14	 3.9449e-14	     207.02	   0.028026	-9.7531e+92	-9.7531e+92	 0.00021255	 5.7455e-05	     0.0000	 -0.0022754	 -0.0015885	  0.0022475	
20	18	    0.15194	    0.19727	     90.275	    0.65310	-9.7531e+92	-9.7531e+92	   0.090489	   0.065731	     0.0000	  0.0019035	    -3.4927	  -0.033364	
20	19	    0.30254	    0.39279	     28.400	     3.8088	-9.7531e+92	-9.7531e+92	    0.11601	    0.14200	   0.057078	   0.024788	    -5.4391	  -0.083783	
20	20	     0.0000	     0.0000	     0.0000	     4.0000	-9.7531e+92	-9.7531e+92	    0.72363	     0.0000	    0.57078	     0.0000	     0.0000	     0.0000	
20	21	 1.0615e-13	 1.3782e-13	     169.84	   0.061351	-9.7531e+92	-9.7531e+92	  0.0010433	 5.4682e-05	     0.0000	 -0.0079774	 -0.0015133	   0.012590	
20	22	 1.8987e-07	 2.4651e-07	     116.48	    0.26308	-9.7531e+92	-9.7531e+92	 0.00032216	 5.0994e-05	     0.0000	 -0.0019312	 -0.0014656	  0.0029005	
20	23	 0.00072522	 0.00094158	     93.058	    0.58941	-9.7531e+92	-9.7531e+92	  0.0045811	 0.00056393	     0.0000	-0.00036632	  -0.017531	  0.0053283	
20	24	 3.3993e-13	 4.4134e-13	     121.85	    0.22210	-9.7531e+92	-9.7531e+92	 0.00014066	 5.0604e-05	     0.0000	-6.5131e-05	 -0.0015236	 0.00015787	
21	0	   0.088125	    0.14252	     39.458	     3.3697	-9.7531e+92	-9.7531e+92	   0.055620	   0.023808	   0.013331	   0.014277	    0.38101	    0.17022	
21	1	   0.082882	    0.13404	     57.297	     2.1839	-9.7531e+92	-9.7531e+92	   0.071417	   0.026163	   0.015387	   0.010549	    0.46801	    0.19991	
21	2	 1.7935e-05	 2.9006e-05	     197.19	   0.033993	-9.7531e+92	-9.7531e+92	   0.090201	 4.4528e-05	     0.0000	   -0.15949	 0.00089420	   -0.51677	
21	3	 3.5235e-13	 5.6983e-13	     259.71	   0.011362	-9.7531e+92	-9.7531e+92	   0.014246	 3.5535e-05	     0.0000	   -0.11792	 0.00071594	   -0.28485	
21	4	 4.5319e-13	 7.3291e-13	     253.96	   0.012424	-9.7531e+92	-9.7531e+92	   0.013690	 3.5070e-05	     0.0000	   -0.13760	 0.00069266	   -0.29981	
21	5	 0.00043282	 0.00069997	     132.91	    0.15951	-9.7531e+92	-9.7531e+92	   0.027794	 0.00025796	     0.0000	   -0.12101	  0.0051752	    -1.2357	
21	6	   0.018660	   0.030178	     78.899	     1.0025	-9.7531e+92	-9.7531e+92	   0.039342	  0.0093030	     0.0000	  -0.042576	    0.19323	   -0.46755	
21	7	   0.021420	   0.034641	     44.967	     3.0407	-9.7531e+92	-9.7531e+92	   0.021809	  0.0098164	     0.0000	-0.00018165	    0.23598	 -0.0021451	
21	8	 4.2991e-05	 6.9526e-05	     132.38	    0.16196	-9.7531e+92	-9.7531e+92	  0.0024426	 6.2405e-05	     0.0000	  -0.031046	  0.0010947	   -0.34677	
21	9	  0.0029946	  0.0048429	     83.320	    0.84769	-9.7531e+92	-9.7531e+92	   0.019370	  0.0015686	     0.0000	 -0.0051079	   0.031765	   -0.13347	
21	10	 2.8466e-13	 4.6036e-13	     171.26	   0.059366	-9.7531e+92	-9.7531e+92	 0.00015693	 3.9650e-05	     0.0000	 -0.0068797	 0.00065533	  -0.034378	
21	11	 6.0378e-13	 9.7644e-13	     128.65	    0.18069	-9.7531e+92	-9.7531e+92	 0.00014312	 3.9474e-05	     0.0000	 -0.0060308	 0.00065812	  -0.025014	
21	12	 2.8928e-13	 4.6783e-13	     187.39	   0.041605	-9.7531e+92	-9.7531e+92	 0.00055475	 3.9068e-05	     0.0000	  -0.023522	 0.00065596	   -0.12962	
21	13	    0.73265	     1.1848	     76.619	     1.0932	-9.7531e+92	-9.7531e+92	    0.32379	    0.35607	    0.21774	     1.0000	     7.6504	     5.4996	
21	14	   0.015780	   0.025519	     101.18	    0.44014	-9.7531e+92	-9.7531e+92	   0.039882	  0.0079871	     0.0000	  -0.070306	    0.16749	   -0.32569	
21	15	 6.7316e-13	 1.0886e-12	     175.65	   0.053734	-9.7531e+92	-9.7531e+92	   0.011678	 3.7080e-05	     0.0000	  -0.043248	 0.00067700	   -0.19593	
21	16	 4.5435e-13	 7.3478e-13	     180.81	   0.047925	-9.7531e+92	-9.7531e+92	 5.3895e-05	 3.6978e-05	     0.0000	 3.6745e-09	 0.00071845	 3.3687e-08	
21	17	 2.9213e-14	 4.7244e-14	     326.31	  0.0045671	-9.7531e+92	-9.7531e+92	 0.00044715	 3.9465e-05	     0.0000	 -0.0098980	 0.00065493	  -0.016681	
21	18	   0.035417	   0.057276	     79.511	    0.97945	-9.7531e+92	-9.7531e+92	   0.050506	   0.019436	     0.0000	   -0.10568	    0.37729	   -0.56070	
21	19	 3.9041e-13	 6.3138e-13	     197.71	   0.033641	-9.7531e+92	-9.7531e+92	  0.0018771	 3.7762e-05	     0.0000	  -0.033421	 0.00066295	   -0.33922	
21	20	 1.0020e-12	 1.6205e-12	     169.84	   0.061351	-9.7531e+92	-9.7531e+92	  0.0082252	 3.5244e-05	     0.0000	   -0.14604	 0.00066913	   -0.88579	
21	21	     0.0000	     0.0000	     0.0000	     4.0000	-9.7531e+92	-9.7531e+92	    0.82196	     0.0000	    0.79968	     0.0000	     0.0000	     0.0000	
21	22	 4.8360e-13	 7.8209e-13	     284.69	  0.0078758	-9.7531e+92	-9.7531e+92	 0.00055460	 3.9426e-05	     0.0000	 -0.0084010	 0.00065734	  -0.021829	
21	23	  0.0011856	  0.0019174	     78.648	     1.0121	-9.7531e+92	-9.7531e+92	  0.0010731	 0.00070833	     0.0000	 -0.0013944	   0.012769	  -0.036916	
21	24	 0.00039623	 0.00064079	     85.071	    0.79345	-9.7531e+92	-9.7531e+92	 0.00022484	 0.00024214	     0.0000	 0.00031399	  0.0053005	  0.0019910	
22	0	 2.2385e-12	 1.3208e-12	     321.47	  0.0048482	-9.7531e+92	-9.7531e+92	 0.00077410	 4.0478e-06	     0.0000	 -0.0038094	-3.0315e-05	   0.011878	
22	1	 7.1389e-13	 4.2121e-13	     312.59	  0.0054224	-9.7531e+92	-9.7531e+92	  0.0012282	 4.0582e-06	     0.0000	 -0.0043307	-2.8831e-05	   0.015274	
22	2	   0.027744	   0.016370	     161.29	   0.075160	-9.7531e+92	-9.7531e+92	   0.029781	  0.0012388	     0.0000	 -0.0070564	  -0.020963	   0.023322	
22	3	   0.029226	   0.017244	     164.94	   0.068842	-9.7531e+92	-9.7531e+92	   0.030896	 0.00099911	  0.0095484	-0.00092981	  -0.025584	  0.0048125	
22	4	    0.66888	    0.39466	     82.638	    0.86986	-9.7531e+92	-9.7531e+92	    0.11264	   0.014889	   0.089648	   0.037016	   -0.54764	   -0.45321	
22	5	   0.089530	   0.052825	     151.89	   0.095092	-9.7531e+92	-9.7531e+92	   0.023646	  0.0050162	     0.0000	 -0.0056817	  -0.065202	   0.045930	
22	6	 2.5183e-13	 1.4859e-13	     216.08	   0.023641	-9.7531e+92	-9.7531e+92	  0.0052015	 3.9721e-06	     0.0000	 -0.0068475	-4.8123e-05	   0.050472	
22	7	 6.3212e-13	 3.7297e-13	     241.36	   0.015218	-9.7531e+92	-9.7531e+92	 0.00077371	 4.1493e-06	     0.0000	 -0.0037502	-5.3390e-05	   0.014948	
22	8	 5.2388e-13	 3.0910e-13	     168.70	   0.062994	-9.7531e+92	-9.7531e+92	  0.0039561	 4.1122e-06	     0.0000	 -0.0032734	-5.5017e-05	   0.032689	
22	9	 5.2392e-13	 3.0912e-13	     266.14	   0.010307	-9.7531e+92	-9.7531e+92	 0.00067074	 4.1430e-06	     0.0000	 -0.0012257	-5.3197e-05	   0.014238	
22	10	 1.0923e-12	 6.4448e-13	     176.66	   0.052524	-9.7531e+92	-9.7531e+92	 0.00031820	 4.2705e-06	     0.0000	-0.00072463	-5.7147e-05	  0.0033671	
22	11	 2.4134e-12	 1.4240e-12	     200.45	   0.031856	-9.7531e+92	-9.7531e+92	 0.00017046	 4.2718e-06	     0.0000	-0.00063541	-5.6997e-05	  0.0024386	
22	12	 2.9598e-12	 1.7464e-12	     131.16	    0.16782	-9.7531e+92	-9.7531e+92	  0.0023884	 4.1901e-06	     0.0000	 -0.0024775	-5.6599e-05	   0.012641	
22	13	 2.5173e-13	 1.4853e-13	     260.15	   0.011286	-9.7531e+92	-9.7531e+92	  0.0050584	 3.5978e-06	     0.0000	  -0.011192	-3.6969e-05	   0.030642	
22	14	 0.00039790	 0.00023477	     227.39	   0.019298	-9.7531e+92	-9.7531e+92	  0.0072469	 2.7925e-05	     0.0000	  -0.010339	-0.00025238	   0.028559	
22	15	 7.1865e-05	 4.2402e-05	     163.21	   0.071746	-9.7531e+92	-9.7531e+92	   0.013634	 7.6360e-06	     0.0000	 -0.0042400	-0.00010546	   0.017639	
22	16	 9.7929e-14	 5.7781e-14	     106.73	    0.36321	-9.7531e+92	-9.7531e+92	 1.9663e-05	 4.1789e-06	     0.0000	 4.0255e-10	-3.6467e-05	-2.6368e-09	
22	17	  0.0048491	  0.0028611	     106.10	    0.37108	-9.7531e+92	-9.7531e+92	  0.0039671	 0.00020319	  0.0026029	 0.00044962	 8.8419e-05	-1.9921e-05	
22	18	 0.00051467	 0.00030367	     205.13	   0.029065	-9.7531e+92	-9.7531e+92	  0.0066292	 3.4703e-05	     0.0000	  -0.016565	-0.00038083	   0.063078	
22	19	   0.094705	   0.055878	     93.933	    0.57085	-9.7531e+92	-9.7531e+92	   0.018350	  0.0056210	     0.0000	  0.0038224	  -0.075300	  -0.034918	
22	20	   0.084086	   0.049613	     116.48	    0.26308	-9.7531e+92	-9.7531e+92	   0.022862	  0.0047619	     0.0000	 -0.0044084	  -0.067621	   0.023460	
22	21	 6.7777e-13	 3.9990e-13	     284.69	  0.0078758	-9.7531e+92	-9.7531e+92	 0.00027428	 4.0302e-06	     0.0000	 -0.0036550	-5.2432e-05	  0.0093806	
22	22	     0.0000	     0.0000	     0.0000	     4.0000	-9.7531e+92	-9.7531e+92	    0.29915	     0.0000	    0.29738	     0.0000	     0.0000	     0.0000	
22	23	 1.2556e-12	 7.4084e-13	     209.07	   0.026949	-9.7531e+92	-9.7531e+92	 0.00030975	 4.2621e-06	     0.0000	-0.00019029	-5.6231e-05	  0.0044074	
22	24	 1.7376e-12	 1.0252e-12	     237.89	   0.016122	-9.7531e+92	-9.7531e+92	 2.5125e-05	 4.2838e-06	     0.0000	-2.9841e-05	-5.7103e-05	 0.00011464	
23	0	   0.032690	   0.021620	     119.13	    0.24186	-9.7531e+92	-9.7531e+92	   0.012438	  0.0019515	     0.0000	 0.00058920	   -0.15393	  -0.021536	
23	1	  0.0072668	  0.0048060	     132.72	    0.16037	-9.7531e+92	-9.7531e+92	  0.0093525	 0.00044452	     0.0000	 -0.0021069	  -0.033742	   0.089011	
23	2	 2.0189e-05	 1.3352e-05	     168.40	   0.063436	-9.7531e+92	-9.7531e+92	  0.0069425	 5.3594e-06	     0.0000	  -0.010342	-0.00044511	    0.23858	
23	3	 3.9624e-13	 2.6206e-13	     228.38	   0.018966	-9.7531e+92	-9.7531e+92	  0.0011898	 4.1366e-06	     0.0000	 -0.0076467	-0.00033610	    0.12856	
23	4	 3.0511e-14	 2.0179e-14	     212.30	   0.025355	-9.7531e+92	-9.7531e+92	  0.0012829	 4.0695e-06	     0.0000	 -0.0089227	-0.00034986	    0.14319	
23	5	    0.23102	    0.15279	     65.633	     1.6449	-9.7531e+92	-9.7531e+92	   0.074595	   0.011880	     0.0000	  0.0034090	    -1.2157	   -0.25685	
23	6	    0.21014	    0.13898	     73.330	     1.2380	-9.7531e+92	-9.7531e+92	   0.047382	   0.012634	     0.0000	  0.0069478	    -1.1011	   -0.47965	
23	7	    0.12274	   0.081177	     58.677	     2.0891	-9.7531e+92	-9.7531e+92	   0.025365	  0.0077860	   0.011004	   0.010760	   -0.66070	   -0.38210	
23	8	   0.017929	   0.011858	     54.810	     2.3580	-9.7531e+92	-9.7531e+92	  0.0092906	 0.00087639	     0.0000	-0.00043482	  -0.083438	   0.091347	
23	9	 6.8096e-05	 4.5037e-05	     121.73	    0.22293	-9.7531e+92	-9.7531e+92	  0.0050253	 8.6141e-06	     0.0000	-0.00075217	-0.00072808	   0.077952	
23	10	 7.0043e-06	 4.6324e-06	     95.614	    0.53700	-9.7531e+92	-9.7531e+92	 0.00035213	 4.5022e-06	     0.0000	-0.00031688	-0.00038081	   0.017546	
23	11	 0.00085788	 0.00056738	     53.605	     2.4433	-9.7531e+92	-9.7531e+92	 0.00046339	 5.2272e-05	     0.0000	-0.00014897	 -0.0043850	  0.0084510	
23	12	 4.4207e-07	 2.9237e-07	     109.85	    0.32696	-9.7531e+92	-9.7531e+92	  0.0013697	 4.1760e-06	     0.0000	 -0.0013814	-0.00035824	   0.067319	
23	13	   0.057800	   0.038227	     113.01	    0.29441	-9.7531e+92	-9.7531e+92	   0.022653	  0.0036182	     0.0000	-0.00082160	   -0.26855	   0.025862	
23	14	   0.019121	   0.012646	     114.84	    0.27739	-9.7531e+92	-9.7531e+92	   0.011876	  0.0011760	     0.0000	 -0.0042225	  -0.092789	    0.12567	
23	15	 1.8631e-06	 1.2322e-06	     149.47	    0.10124	-9.7531e+92	-9.7531e+92	  0.0011233	 4.4786e-06	     0.0000	 -0.0028043	-0.00037010	   0.097645	
23	16	 7.1125e-15	 4.7040e-15	     136.77	    0.14287	-9.7531e+92	-9.7531e+92	 2.2040e-05	 4.3455e-06	     0.0000	 2.1248e-10	-0.00033735	-1.6508e-08	
23	17	 6.2918e-14	 4.1612e-14	     284.58	  0.0078888	-9.7531e+92	-9.7531e+92	 5.8987e-05	 4.5803e-06	     0.0000	-0.00064185	-0.00037107	  0.0086780	
23	18	    0.28527	    0.18867	     36.898	     3.4995	-9.7531e+92	-9.7531e+92	   0.065895	   0.015165	     0.0000	   0.017094	    -1.4790	   -0.63768	
23	19	 4.9922e-06	 3.3016e-06	     121.29	    0.22600	-9.7531e+92	-9.7531e+92	  0.0048187	 4.3662e-06	     0.0000	 -0.0021670	-0.00038839	    0.17348	
23	20	 0.00028457	 0.00018821	     93.058	    0.58941	-9.7531e+92	-9.7531e+92	   0.022090	 1.9208e-05	     0.0000	 -0.0085710	 -0.0018733	    0.44588	
23	21	  0.0097436	  0.0064441	     78.648	     1.0121	-9.7531e+92	-9.7531e+92	  0.0050174	 0.00064509	     0.0000	-0.00065339	  -0.052857	   0.015022	
23	22	 2.9934e-13	 1.9797e-13	     209.07	   0.026949	-9.7531e+92	-9.7531e+92	 7.1980e-05	 4.4993e-06	     0.0000	-0.00054478	-0.00036830	   0.011291	
23	23	     0.0000	     0.0000	     0.0000	     4.0000	-9.7531e+92	-9.7531e+92	    0.33176	     0.0000	    0.32765	     0.0000	     0.0000	     0.0000	
23	24	  0.0050269	  0.0033246	     40.708	     3.3006	-9.7531e+92	-9.7531e+92	 0.00086808	 0.00023874	 0.00071962	 0.00015712	  -0.013851	 -0.0065480	
24	0	    0.13167	   0.057361	     123.34	    0.21210	-9.7531e+92	-9.7531e+92	   0.018674	 0.00040778	  0.0072826	 0.00059418	   -0.10694	  -0.080631	
24	1	   0.025190	   0.010974	     142.19	    0.12292	-9.7531e+92	-9.7531e+92	  0.0072908	 7.8106e-05	     0.0000	-4.5609e-05	  -0.020339	  0.0071644	
24	2	 4.2338e-08	 1.8444e-08	     210.29	   0.026336	-9.7531e+92	-9.7531e+92	  0.0034927	 2.0615e-07	     0.0000	-0.00064879	-5.8663e-05	   0.054742	
24	3	 2.0809e-16	 9.0650e-17	     270.69	  0.0096323	-9.7531e+92	-9.7531e+92	 0.00059767	 2.0552e-07	     0.0000	-0.00047954	-5.7938e-05	   0.029551	
24	4	 2.7846e-15	 1.2131e-15	     253.16	   0.012581	-9.7531e+92	-9.7531e+92	 0.00063555	 2.0333e-07	     0.0000	-0.00055956	-5.9654e-05	   0.032746	
24	5	   0.013135	  0.0057220	     106.34	    0.36810	-9.7531e+92	-9.7531e+92	   0.030180	 3.8201e-05	     0.0000	-0.00045325	  -0.011807	    0.12451	
24	6	  0.0088418	  0.0038518	     108.13	    0.34637	-9.7531e+92	-9.7531e+92	   0.010984	 2.8198e-05	     0.0000	-0.00023493	 -0.0079467	   0.059159	
24	7	   0.080825	   0.035211	     84.614	    0.80724	-9.7531e+92	-9.7531e+92	   0.013082	 0.00026583	  0.0036223	 0.00039490	  -0.074016	  -0.050918	
24	8	   0.019822	  0.0086354	     77.960	     1.0389	-9.7531e+92	-9.7531e+92	  0.0056848	 5.8860e-05	     0.0000	-4.3272e-05	  -0.017935	   0.022670	
24	9	 3.3907e-05	 1.4771e-05	     149.07	    0.10229	-9.7531e+92	-9.7531e+92	  0.0027858	 3.3363e-07	     0.0000	-4.7249e-05	-9.2145e-05	   0.017782	
24	10	 5.2711e-05	 2.2963e-05	     102.71	    0.41717	-9.7531e+92	-9.7531e+92	 0.00025191	 3.8707e-07	     0.0000	-1.8563e-05	-0.00010902	  0.0039696	
24	11	   0.028027	   0.012210	     56.094	     2.2676	-9.7531e+92	-9.7531e+92	  0.0032455	 7.0332e-05	  0.0017508	 5.4555e-05	  -0.021543	  -0.017756	
24	12	 3.2005e-15	 1.3942e-15	     132.31	    0.16230	-9.7531e+92	-9.7531e+92	 0.00059489	 2.2136e-07	     0.0000	-8.9197e-05	-6.1848e-05	   0.015286	
24	13	  0.0040391	  0.0017596	     142.21	    0.12286	-9.7531e+92	-9.7531e+92	   0.011509	 1.2800e-05	     0.0000	-0.00040578	 -0.0033487	   0.047359	
24	14	   0.019480	  0.0084862	     150.00	   0.099849	-9.7531e+92	-9.7531e+92	  0.0071526	 6.1831e-05	     0.0000	-0.00026223	  -0.016357	   0.028797	
24	15	 1.5752e-15	 6.8620e-16	     189.75	   0.039594	-9.7531e+92	-9.7531e+92	 0.00054395	 2.2033e-07	     0.0000	-0.00017588	-6.0953e-05	   0.022250	
24	16	 1.5124e-14	 6.5887e-15	     177.80	   0.051213	-9.7531e+92	-9.7531e+92	 1.4518e-05	 2.2314e-07	     0.0000	 1.0102e-11	-1.8661e-05	-1.0401e-09	
24	17	 1.0657e-14	 4.6424e-15	     325.25	  0.0046269	-9.7531e+92	-9.7531e+92	 3.2840e-05	 2.3064e-07	     0.0000	-4.0252e-05	-6.2276e-05	  0.0019702	
24	18	    0.36266	    0.15799	     74.739	     1.1738	-9.7531e+92	-9.7531e+92	   0.052571	  0.0011084	  0.0060423	  0.0015371	   -0.31686	   -0.20998	
24	19	 9.2883e-16	 4.0463e-16	     150.08	   0.099629	-9.7531e+92	-9.7531e+92	  0.0020127	 2.1581e-07	     0.0000	-0.00013590	-6.1646e-05	   0.039447	
24	20	 0.00031838	 0.00013870	     121.85	    0.22210	-9.7531e+92	-9.7531e+92	  0.0092244	 1.1436e-06	     0.0000	-0.00057219	-0.00035287	    0.10146	
24	21	   0.098014	   0.042699	     85.071	    0.79345	-9.7531e+92	-9.7531e+92	   0.013848	 0.00031838	  0.0078477	 0.00086627	  -0.089333	  -0.072354	
24	22	 7.7773e-15	 3.3881e-15	     237.89	   0.016122	-9.7531e+92	-9.7531e+92	 3.9154e-05	 2.2927e-07	     0.0000	-3.4165e-05	-6.2077e-05	  0.0025648	
24	23	    0.20789	   0.090565	     40.708	     3.3006	-9.7531e+92	-9.7531e+92	   0.023234	 0.00061243	   0.020532	 0.00016308	   -0.18038	   -0.16546	
24	24	     0.0000	     0.0000	     0.0000	     4.0000	-9.7531e+92	-9.7531e+92	    0.21791	     0.0000	    0.21781	     0.0000	     0.0000	     0.0000	
