#source	Target	value	weight	distance	potential1	geneCorrelation	separation	influenceWeight	betweenness	influence'Weight	betweenness'	nbetweenness	nbetweenness'	
0	0	     0.0000	     0.0000	     0.0000	     4.0000	-9.7531e+92	-9.7531e+92	     9.8074	     0.0000	     8.0911	     0.0000	     0.0000	     0.0000	
0	1	    0.41150	     7.6126	     35.562	     3.5606	-9.7531e+92	-9.7531e+92	     2.3706	    0.56859	    0.39569	     0.0000	   -0.29265	     0.0000	
0	2	  0.0012730	   0.023549	     211.35	   0.025814	-9.7531e+92	-9.7531e+92	    0.13411	  0.0029219	     0.0000	     0.0000	   0.013736	     0.0000	
0	3	 8.0456e-07	 1.4884e-05	     273.88	  0.0091920	-9.7531e+92	-9.7531e+92	   0.079849	 0.00013335	     0.0000	     0.0000	 0.00074743	     0.0000	
0	4	 1.6268e-13	 3.0096e-12	     281.58	  0.0082298	-9.7531e+92	-9.7531e+92	   0.012542	 0.00015603	     0.0000	     0.0000	 0.00042250	     0.0000	
0	5	 7.7002e-05	  0.0014245	     169.69	   0.061568	-9.7531e+92	-9.7531e+92	   0.059187	 0.00031731	     0.0000	     0.0000	 0.00081845	     0.0000	
0	6	    0.13621	     2.5199	     105.31	    0.38136	-9.7531e+92	-9.7531e+92	     1.1150	    0.24657	     0.0000	     0.0000	    0.84845	     0.0000	
0	7	    0.18754	     3.4694	     80.265	    0.95180	-9.7531e+92	-9.7531e+92	     1.2995	    0.33141	     0.0000	     0.0000	     1.2516	     0.0000	
0	8	 2.1840e-13	 4.0404e-12	     172.11	   0.058221	-9.7531e+92	-9.7531e+92	  0.0026314	 0.00015129	     0.0000	     0.0000	 0.00038851	     0.0000	
0	9	   0.070086	     1.2966	     86.890	    0.74099	-9.7531e+92	-9.7531e+92	    0.72254	    0.13580	     0.0000	     0.0000	    0.46363	     0.0000	
0	10	 5.1401e-13	 9.5091e-12	     210.64	   0.026161	-9.7531e+92	-9.7531e+92	 0.00069129	 0.00016095	     0.0000	     0.0000	 0.00032119	     0.0000	
0	11	 3.9779e-13	 7.3590e-12	     167.10	   0.065400	-9.7531e+92	-9.7531e+92	 0.00079393	 0.00013990	     0.0000	     0.0000	 0.00054864	     0.0000	
0	12	 4.3336e-13	 8.0170e-12	     226.76	   0.019512	-9.7531e+92	-9.7531e+92	 0.00086761	 0.00016153	     0.0000	     0.0000	 0.00029964	     0.0000	
0	13	   0.057837	     1.0700	     86.013	    0.76580	-9.7531e+92	-9.7531e+92	    0.88403	   0.096517	     0.0000	     0.0000	    0.23265	     0.0000	
0	14	   0.037257	    0.68925	     114.85	    0.27729	-9.7531e+92	-9.7531e+92	    0.63220	   0.064110	     0.0000	     0.0000	    0.14837	     0.0000	
0	15	 4.2212e-13	 7.8092e-12	     189.51	   0.039789	-9.7531e+92	-9.7531e+92	   0.035671	 0.00015182	     0.0000	     0.0000	 0.00037336	     0.0000	
0	16	 4.5548e-16	 8.4262e-15	     217.18	   0.023165	-9.7531e+92	-9.7531e+92	 0.00061652	 0.00015271	     0.0000	     0.0000	 0.00040123	     0.0000	
0	17	 7.2248e-15	 1.3366e-13	     353.56	  0.0033150	-9.7531e+92	-9.7531e+92	  0.0011015	 0.00016885	     0.0000	     0.0000	 0.00024084	     0.0000	
0	18	   0.045748	    0.84634	     116.29	    0.26473	-9.7531e+92	-9.7531e+92	    0.82800	   0.074040	     0.0000	     0.0000	    0.21375	     0.0000	
0	19	 5.6029e-13	 1.0365e-11	     234.49	   0.017074	-9.7531e+92	-9.7531e+92	  0.0013229	 0.00016154	     0.0000	     0.0000	 0.00029993	     0.0000	
0	20	 7.1336e-14	 1.3197e-12	     206.61	   0.028245	-9.7531e+92	-9.7531e+92	  0.0045845	 0.00014994	     0.0000	     0.0000	 0.00036242	     0.0000	
0	21	   0.049505	    0.91584	     39.458	     3.3697	-9.7531e+92	-9.7531e+92	    0.44636	   0.095905	     0.0000	     0.0000	    0.33393	     0.0000	
0	22	 3.5972e-14	 6.6547e-13	     321.47	  0.0048482	-9.7531e+92	-9.7531e+92	 0.00086599	 0.00017004	     0.0000	     0.0000	 0.00024993	     0.0000	
0	23	  0.0028664	   0.053028	     119.13	    0.24186	-9.7531e+92	-9.7531e+92	   0.055590	  0.0056442	     0.0000	     0.0000	   0.025833	     0.0000	
0	24	 0.00010076	  0.0018641	     123.34	    0.21210	-9.7531e+92	-9.7531e+92	  0.0019168	 0.00033168	     0.0000	     0.0000	  0.0015371	     0.0000	
1	0	    0.13825	     2.2117	     35.562	     3.5606	-9.7531e+92	-9.7531e+92	    0.98240	    0.16201	     0.0000	     0.0000	    0.79353	     0.0000	
1	1	     0.0000	     0.0000	     0.0000	     4.0000	-9.7531e+92	-9.7531e+92	     8.5601	     0.0000	     6.8522	     0.0000	     0.0000	     0.0000	
1	2	  0.0058302	   0.093275	     184.62	   0.044134	-9.7531e+92	-9.7531e+92	    0.18483	   0.018035	     0.0000	   -0.22907	    0.24621	   -0.43801	
1	3	 0.00054856	  0.0087762	     244.14	   0.014539	-9.7531e+92	-9.7531e+92	    0.11010	  0.0017063	     0.0000	   -0.21849	   0.026090	   -0.61672	
1	4	 5.4800e-13	 8.7672e-12	     272.02	  0.0094459	-9.7531e+92	-9.7531e+92	   0.016752	 0.00021845	     0.0000	  -0.085890	  0.0025409	   -0.17904	
1	5	 2.0554e-05	 0.00032884	     161.91	   0.074033	-9.7531e+92	-9.7531e+92	   0.061672	 0.00027020	     0.0000	 -0.0095597	  0.0032860	   -0.10618	
1	6	    0.11716	     1.8745	     96.519	    0.51972	-9.7531e+92	-9.7531e+92	    0.89162	    0.29718	     0.0000	  0.0094486	     4.4659	    0.15255	
1	7	   0.070240	     1.1238	     75.481	     1.1413	-9.7531e+92	-9.7531e+92	    0.74080	    0.17229	     0.0000	     0.0000	     2.7150	   -0.14142	
1	8	 2.0308e-12	 3.2490e-11	     184.58	   0.044171	-9.7531e+92	-9.7531e+92	  0.0024270	 0.00021415	     0.0000	 -0.0023110	  0.0024853	 -0.0056927	
1	9	    0.23474	     3.7556	     55.376	     2.3181	-9.7531e+92	-9.7531e+92	     1.1417	    0.61769	    0.27575	     0.0000	     9.1190	     1.3081	
1	10	 3.0949e-14	 4.9514e-13	     228.04	   0.019080	-9.7531e+92	-9.7531e+92	 0.00059947	 0.00022617	     0.0000	-0.00014793	  0.0024266	-0.00023383	
1	11	 1.2414e-13	 1.9861e-12	     185.20	   0.043588	-9.7531e+92	-9.7531e+92	 0.00069221	 0.00020503	     0.0000	-0.00018690	  0.0025074	-0.00057903	
1	12	 5.2275e-15	 8.3633e-14	     231.78	   0.017881	-9.7531e+92	-9.7531e+92	 0.00077776	 0.00022630	     0.0000	-0.00081705	  0.0024180	 -0.0013660	
1	13	   0.094132	     1.5060	     57.043	     2.2015	-9.7531e+92	-9.7531e+92	    0.92464	    0.22579	     0.0000	     0.0000	     3.3007	  -0.074888	
1	14	    0.12327	     1.9721	     88.839	    0.68891	-9.7531e+92	-9.7531e+92	    0.83918	    0.30533	     0.0000	     0.0000	     4.4281	    0.27444	
1	15	 0.00032001	  0.0051198	     167.83	   0.064291	-9.7531e+92	-9.7531e+92	   0.047093	  0.0012369	     0.0000	  -0.041758	   0.014454	   -0.20878	
1	16	 1.2421e-13	 1.9871e-12	     207.46	   0.027791	-9.7531e+92	-9.7531e+92	 0.00053316	 0.00021046	     0.0000	 6.8856e-09	  0.0025516	 3.2008e-08	
1	17	 1.0965e-13	 1.7542e-12	     342.57	  0.0037606	-9.7531e+92	-9.7531e+92	  0.0011749	 0.00023576	     0.0000	 -0.0076576	  0.0023664	  -0.013421	
1	18	    0.12004	     1.9205	     111.77	    0.30668	-9.7531e+92	-9.7531e+92	    0.93373	    0.27608	     0.0000	  0.0063724	     4.4032	   0.099538	
1	19	 8.7311e-13	 1.3969e-11	     226.57	   0.019575	-9.7531e+92	-9.7531e+92	  0.0012382	 0.00022606	     0.0000	 -0.0017551	  0.0024244	 -0.0038540	
1	20	 7.6485e-13	 1.2237e-11	     199.20	   0.032652	-9.7531e+92	-9.7531e+92	  0.0046281	 0.00021117	     0.0000	 -0.0060115	  0.0024837	  -0.014556	
1	21	   0.094848	     1.5174	     57.297	     2.1839	-9.7531e+92	-9.7531e+92	    0.50304	    0.25722	   0.025908	   0.078724	     3.6697	    0.47078	
1	22	 1.4717e-13	 2.3545e-12	     312.59	  0.0054224	-9.7531e+92	-9.7531e+92	 0.00086044	 0.00023733	     0.0000	 -0.0038616	  0.0023744	 -0.0069534	
1	23	 0.00059928	  0.0095876	     132.72	    0.16037	-9.7531e+92	-9.7531e+92	   0.045294	  0.0018898	     0.0000	 -0.0040937	   0.025663	  -0.066715	
1	24	 4.6362e-13	 7.4172e-12	     142.19	    0.12292	-9.7531e+92	-9.7531e+92	  0.0012116	 0.00019366	     0.0000	-0.00017308	  0.0025773	 -0.0014303	
2	0	 0.00030723	  0.0027300	     211.35	   0.025814	-9.7531e+92	-9.7531e+92	   0.054105	 0.00078190	     0.0000	  -0.077191	  0.0038259	   -0.54212	
2	1	  0.0012027	   0.010687	     184.62	   0.044134	-9.7531e+92	-9.7531e+92	   0.061468	  0.0025566	     0.0000	  -0.077682	  0.0093758	   -0.56890	
2	2	     0.0000	     0.0000	     0.0000	     4.0000	-9.7531e+92	-9.7531e+92	     4.9498	     0.0000	     4.3712	     0.0000	     0.0000	     0.0000	
2	3	    0.95713	     8.5049	     63.167	     1.7950	-9.7531e+92	-9.7531e+92	     2.4941	    0.74611	     1.7522	    0.66503	    -12.456	    -3.6715	
2	4	  0.0053003	   0.047097	     91.235	    0.63030	-9.7531e+92	-9.7531e+92	    0.35157	  0.0058244	    0.13262	  -0.036208	  0.0070647	  -0.064308	
2	5	 5.2125e-05	 0.00046317	     120.45	    0.23204	-9.7531e+92	-9.7531e+92	  0.0055583	 0.00025433	     0.0000	  -0.021500	 6.6078e-05	  -0.039440	
2	6	 0.00074055	  0.0065803	     118.53	    0.24644	-9.7531e+92	-9.7531e+92	   0.065396	  0.0017335	     0.0000	  -0.096804	 0.00047966	   -0.28759	
2	7	 1.8233e-05	 0.00016202	     153.12	   0.092143	-9.7531e+92	-9.7531e+92	   0.048541	 0.00018223	     0.0000	     0.0000	 1.8768e-05	   -0.25974	
2	8	 2.1657e-13	 1.9244e-12	     174.51	   0.055125	-9.7531e+92	-9.7531e+92	 0.00057364	 0.00015668	     0.0000	 -0.0052086	-7.7089e-05	 -0.0019894	
2	9	 6.0058e-05	 0.00053367	     133.64	    0.15619	-9.7531e+92	-9.7531e+92	   0.028971	 0.00025536	     0.0000	     0.0000	 0.00012238	   -0.15210	
2	10	 8.6943e-13	 7.7256e-12	     213.20	   0.024934	-9.7531e+92	-9.7531e+92	 0.00032618	 0.00015901	     0.0000	-0.00033341	-0.00010404	-7.8994e-05	
2	11	 1.6751e-13	 1.4885e-12	     197.83	   0.033565	-9.7531e+92	-9.7531e+92	 0.00034158	 0.00015748	     0.0000	-0.00042125	-0.00010133	-0.00019653	
2	12	 7.9938e-15	 7.1032e-14	     181.48	   0.047226	-9.7531e+92	-9.7531e+92	 0.00036741	 0.00015394	     0.0000	 -0.0018415	-5.4095e-05	-0.00046210	
2	13	  0.0075752	   0.067312	     127.66	    0.18612	-9.7531e+92	-9.7531e+92	    0.15976	   0.014784	     0.0000	     0.0000	   0.022943	   -0.44146	
2	14	  0.0093303	   0.082907	     97.273	    0.50580	-9.7531e+92	-9.7531e+92	    0.21202	   0.017340	     0.0000	     0.0000	  0.0057722	   -0.29841	
2	15	   0.017645	    0.15679	     21.827	     3.9312	-9.7531e+92	-9.7531e+92	    0.35716	   0.024523	   0.098070	 -0.0046229	   0.064875	  -0.050672	
2	16	 7.2658e-14	 6.4563e-13	     68.097	     1.5042	-9.7531e+92	-9.7531e+92	 0.00029612	 0.00014907	     0.0000	 1.5501e-08	-3.1327e-06	 1.0494e-08	
2	17	 5.7663e-14	 5.1238e-13	     160.64	   0.076357	-9.7531e+92	-9.7531e+92	   0.013536	 0.00010038	     0.0000	 -0.0090297	 0.00038855	 -0.0088023	
2	18	 0.00063957	  0.0056831	     137.27	    0.14087	-9.7531e+92	-9.7531e+92	   0.058824	  0.0014810	     0.0000	   -0.11154	  0.0012304	   -0.35750	
2	19	 8.6815e-13	 7.7142e-12	     139.30	    0.13308	-9.7531e+92	-9.7531e+92	 0.00077627	 0.00013778	     0.0000	 -0.0039557	 0.00013352	 -0.0013337	
2	20	 1.3099e-06	 1.1639e-05	     139.77	    0.13137	-9.7531e+92	-9.7531e+92	 0.00085741	 0.00015563	     0.0000	  -0.013540	-5.6682e-05	 -0.0050808	
2	21	 5.3231e-13	 4.7300e-12	     197.19	   0.033993	-9.7531e+92	-9.7531e+92	   0.010227	 0.00014871	     0.0000	  -0.081314	-1.1853e-05	  -0.082416	
2	22	 8.6088e-13	 7.6496e-12	     161.29	   0.075160	-9.7531e+92	-9.7531e+92	  0.0069323	 0.00011007	     0.0000	 -0.0059622	 0.00031405	 -0.0036297	
2	23	 8.8782e-13	 7.8890e-12	     168.40	   0.063436	-9.7531e+92	-9.7531e+92	  0.0030457	 0.00015469	     0.0000	 -0.0098244	-7.9747e-05	  -0.024897	
2	24	 9.5306e-13	 8.4687e-12	     210.29	   0.026336	-9.7531e+92	-9.7531e+92	 0.00034419	 0.00015761	     0.0000	-0.00039010	-0.00010306	-0.00048767	
3	0	  0.0073918	   0.081844	     273.88	  0.0091920	-9.7531e+92	-9.7531e+92	    0.12163	   0.021739	     0.0000	   -0.18393	    0.14243	    -1.5387	
3	1	   0.010871	    0.12037	     244.14	   0.014539	-9.7531e+92	-9.7531e+92	    0.13561	   0.030981	     0.0000	   -0.18210	    0.17432	    -1.6167	
3	2	    0.30636	     3.3921	     63.167	     1.7950	-9.7531e+92	-9.7531e+92	     1.2859	    0.11809	    0.56486	   0.077861	    -7.1086	    -2.4146	
3	3	     0.0000	     0.0000	     0.0000	     4.0000	-9.7531e+92	-9.7531e+92	     6.4631	     0.0000	     5.5387	     0.0000	     0.0000	     0.0000	
3	4	    0.26412	     2.9244	     82.606	    0.87092	-9.7531e+92	-9.7531e+92	    0.87815	    0.28306	    0.60532	     1.0000	     1.4179	     2.7415	
3	5	 9.8046e-05	  0.0010856	     167.87	   0.064235	-9.7531e+92	-9.7531e+92	   0.011586	 0.00048365	     0.0000	  -0.055301	 0.00058216	   -0.14958	
3	6	  0.0014792	   0.016378	     180.81	   0.047921	-9.7531e+92	-9.7531e+92	    0.14261	  0.0045417	     0.0000	   -0.24785	  0.0070955	    -1.0444	
3	7	 1.1773e-13	 1.3035e-12	     215.68	   0.023812	-9.7531e+92	-9.7531e+92	    0.10753	 0.00019645	     0.0000	     0.0000	 0.00026742	   -0.96368	
3	8	 3.2559e-13	 3.6051e-12	     221.29	   0.021502	-9.7531e+92	-9.7531e+92	 0.00083710	 0.00021138	     0.0000	  -0.013440	 0.00013537	 -0.0077518	
3	9	 4.3135e-13	 4.7761e-12	     191.41	   0.038254	-9.7531e+92	-9.7531e+92	   0.063869	 0.00018785	     0.0000	     0.0000	 0.00027251	   -0.57048	
3	10	 9.2146e-14	 1.0203e-12	     258.79	   0.011525	-9.7531e+92	-9.7531e+92	 0.00040789	 0.00021358	     0.0000	-0.00086029	 0.00010159	-0.00031190	
3	11	 6.3586e-14	 7.0404e-13	     244.71	   0.014404	-9.7531e+92	-9.7531e+92	 0.00043184	 0.00021266	     0.0000	 -0.0010869	 0.00010592	-0.00077455	
3	12	 3.3642e-13	 3.7249e-12	     227.10	   0.019395	-9.7531e+92	-9.7531e+92	 0.00048379	 0.00020736	     0.0000	 -0.0047516	 0.00013095	 -0.0018236	
3	13	   0.070919	    0.78524	     188.65	   0.040519	-9.7531e+92	-9.7531e+92	    0.35205	    0.19619	     0.0000	     0.0000	    0.77389	   -0.49392	
3	14	    0.10405	     1.1521	     161.01	   0.075671	-9.7531e+92	-9.7531e+92	    0.47682	    0.27354	     0.0000	     0.0000	    0.71911	    0.23787	
3	15	    0.23259	     2.5753	     84.108	    0.82281	-9.7531e+92	-9.7531e+92	    0.81948	    0.39948	    0.49664	    0.16993	     1.8179	     2.4411	
3	16	 1.8072e-14	 2.0010e-13	     111.94	    0.30495	-9.7531e+92	-9.7531e+92	 0.00036899	 0.00019976	     0.0000	 3.9979e-08	 0.00019098	 4.1930e-08	
3	17	 1.7064e-06	 1.8893e-05	     122.41	    0.21829	-9.7531e+92	-9.7531e+92	   0.033432	 0.00010560	   0.012096	  -0.019310	  0.0010864	  -0.032206	
3	18	  0.0021186	   0.023457	     199.21	   0.032649	-9.7531e+92	-9.7531e+92	    0.12797	  0.0062964	     0.0000	   -0.28377	   0.013984	    -1.2440	
3	19	 2.5475e-13	 2.8207e-12	     184.07	   0.044655	-9.7531e+92	-9.7531e+92	  0.0014312	 0.00018753	     0.0000	  -0.010207	 0.00025386	 -0.0052167	
3	20	 2.6828e-13	 2.9705e-12	     185.64	   0.043179	-9.7531e+92	-9.7531e+92	  0.0014679	 0.00020643	     0.0000	  -0.034960	 0.00014730	  -0.019815	
3	21	 1.2577e-13	 1.3926e-12	     259.71	   0.011362	-9.7531e+92	-9.7531e+92	   0.022326	 0.00020480	     0.0000	   -0.20981	 0.00022422	   -0.31059	
3	22	 1.8798e-13	 2.0814e-12	     164.94	   0.068842	-9.7531e+92	-9.7531e+92	   0.016937	 0.00013015	  0.0055328	  -0.015560	 0.00070166	  -0.011746	
3	23	 9.6549e-15	 1.0690e-13	     228.38	   0.018966	-9.7531e+92	-9.7531e+92	  0.0062841	 0.00020992	     0.0000	  -0.025349	 0.00013581	  -0.096905	
3	24	 2.8126e-13	 3.1142e-12	     270.69	  0.0096323	-9.7531e+92	-9.7531e+92	 0.00046341	 0.00021334	     0.0000	 -0.0010066	 0.00010725	 -0.0019185	
4	0	 8.0022e-05	 0.00030342	     281.58	  0.0082298	-9.7531e+92	-9.7531e+92	   0.023039	 0.00015852	     0.0000	  -0.076717	-0.00074697	    0.64452	
4	1	 0.00022097	 0.00083786	     272.02	  0.0094459	-9.7531e+92	-9.7531e+92	   0.024618	 0.00030485	     0.0000	  -0.077731	 -0.0018421	    0.82902	
4	2	    0.29286	     1.1104	     91.235	    0.63030	-9.7531e+92	-9.7531e+92	    0.44784	    0.10726	    0.20092	    0.36965	    -4.1297	    -2.6868	
4	3	    0.44258	     1.6782	     82.606	    0.87092	-9.7531e+92	-9.7531e+92	    0.70263	    0.12470	    0.38606	    0.31879	    -9.5697	    -6.6057	
4	4	     0.0000	     0.0000	     0.0000	     4.0000	-9.7531e+92	-9.7531e+92	     2.0202	     0.0000	     1.9267	     0.0000	     0.0000	     0.0000	
4	5	  0.0011060	  0.0041935	     147.08	    0.10778	-9.7531e+92	-9.7531e+92	  0.0041209	  0.0012942	     0.0000	  -0.019782	  -0.015330	    0.16975	
4	6	  0.0014091	  0.0053431	     179.35	   0.049487	-9.7531e+92	-9.7531e+92	   0.029400	  0.0015966	     0.0000	  -0.095301	  -0.018232	     1.1294	
4	7	 1.9420e-12	 7.3638e-12	     209.16	   0.026904	-9.7531e+92	-9.7531e+92	   0.022164	 7.2481e-05	     0.0000	     0.0000	-0.00084488	     1.0881	
4	8	 1.5047e-13	 5.7054e-13	     186.41	   0.042479	-9.7531e+92	-9.7531e+92	 0.00032832	 7.7060e-05	     0.0000	 -0.0051639	-0.00090916	   0.010091	
4	9	 5.8987e-13	 2.2367e-12	     223.28	   0.020749	-9.7531e+92	-9.7531e+92	   0.012589	 7.1753e-05	     0.0000	     0.0000	-0.00085342	    0.66447	
4	10	 1.0427e-12	 3.9538e-12	     204.61	   0.029363	-9.7531e+92	-9.7531e+92	 0.00014125	 7.7576e-05	     0.0000	-0.00033055	-0.00092367	 0.00042001	
4	11	 1.1287e-12	 4.2799e-12	     218.09	   0.022784	-9.7531e+92	-9.7531e+92	 0.00014886	 7.7491e-05	     0.0000	-0.00041763	-0.00092294	  0.0010382	
4	12	 3.2160e-12	 1.2194e-11	     165.11	   0.068567	-9.7531e+92	-9.7531e+92	 0.00021841	 7.5780e-05	     0.0000	 -0.0018257	-0.00090787	  0.0024523	
4	13	  0.0080467	   0.030511	     217.30	   0.023117	-9.7531e+92	-9.7531e+92	   0.059490	  0.0085430	     0.0000	     0.0000	  -0.069800	    0.88444	
4	14	   0.042992	    0.16302	     184.55	   0.044193	-9.7531e+92	-9.7531e+92	    0.10657	   0.044438	     0.0000	     0.0000	   -0.44831	    0.44663	
4	15	   0.094988	    0.36017	     106.18	    0.37015	-9.7531e+92	-9.7531e+92	    0.18518	   0.077604	   0.074626	    0.12517	    -1.1305	   -0.80727	
4	16	 1.2689e-12	 4.8115e-12	     75.439	     1.1432	-9.7531e+92	-9.7531e+92	 0.00012636	 7.4185e-05	     0.0000	 1.5316e-08	-0.00088801	-5.8156e-08	
4	17	   0.075304	    0.28554	     73.525	     1.2289	-9.7531e+92	-9.7531e+92	   0.076159	   0.040361	   0.068852	    0.15130	   -0.14770	   -0.23587	
4	18	  0.0034687	   0.013153	     186.18	   0.042684	-9.7531e+92	-9.7531e+92	   0.029253	  0.0037619	     0.0000	   -0.10762	  -0.040397	     1.1611	
4	19	 0.00035622	  0.0013507	     119.82	    0.23665	-9.7531e+92	-9.7531e+92	  0.0021440	 0.00044547	     0.0000	 -0.0013090	 -0.0052879	  0.0022893	
4	20	 8.6906e-06	 3.2953e-05	     135.08	    0.14987	-9.7531e+92	-9.7531e+92	 0.00088915	 8.5346e-05	     0.0000	  -0.013375	 -0.0010199	   0.025696	
4	21	 5.4346e-13	 2.0607e-12	     253.96	   0.012424	-9.7531e+92	-9.7531e+92	  0.0043430	 7.5588e-05	     0.0000	  -0.080617	-0.00086694	    0.36821	
4	22	   0.036588	    0.13873	     82.638	    0.86986	-9.7531e+92	-9.7531e+92	   0.038227	   0.018335	   0.034321	   0.062245	   0.054212	   0.010549	
4	23	 1.9084e-12	 7.2362e-12	     212.30	   0.025355	-9.7531e+92	-9.7531e+92	  0.0014834	 7.6695e-05	     0.0000	 -0.0097401	-0.00090864	    0.12577	
4	24	 1.6111e-12	 6.1088e-12	     253.16	   0.012581	-9.7531e+92	-9.7531e+92	 0.00014863	 7.7748e-05	     0.0000	-0.00038675	-0.00092150	  0.0025600	
5	0	  0.0016428	  0.0028961	     169.69	   0.061568	-9.7531e+92	-9.7531e+92	   0.048110	 0.00074595	     0.0000	  -0.024032	  -0.046146	     1.8410	
5	1	   0.013352	   0.023539	     161.91	   0.074033	-9.7531e+92	-9.7531e+92	   0.052207	  0.0057793	     0.0000	  -0.021717	   -0.37913	     1.9611	
5	2	   0.070680	    0.12460	     120.45	    0.23204	-9.7531e+92	-9.7531e+92	   0.048231	   0.033243	     0.0000	   0.015159	    -2.1822	   -0.12805	
5	3	  0.0039038	  0.0068821	     167.87	   0.064235	-9.7531e+92	-9.7531e+92	   0.028166	  0.0017288	     0.0000	   -0.14927	   -0.11848	     1.7945	
5	4	 0.00023604	 0.00041613	     147.08	    0.10778	-9.7531e+92	-9.7531e+92	  0.0044171	 0.00015057	     0.0000	  -0.060563	  -0.010098	    0.60522	
5	5	     0.0000	     0.0000	     0.0000	     4.0000	-9.7531e+92	-9.7531e+92	    0.89896	     0.0000	    0.87296	     0.0000	     0.0000	     0.0000	
5	6	    0.15616	    0.27530	     72.218	     1.2908	-9.7531e+92	-9.7531e+92	    0.10946	   0.066834	     0.0000	   0.013163	    -5.2070	    -1.4954	
5	7	    0.14487	    0.25540	     89.752	    0.66590	-9.7531e+92	-9.7531e+92	    0.10345	   0.066312	     0.0000	     0.0000	    -4.8744	    -1.3853	
5	8	   0.021887	   0.038585	     54.235	     2.3987	-9.7531e+92	-9.7531e+92	   0.011264	  0.0085474	  0.0097570	   0.023273	   -0.64494	   -0.45349	
5	9	 0.00014138	 0.00024924	     134.70	    0.15149	-9.7531e+92	-9.7531e+92	   0.018871	 0.00010142	     0.0000	     0.0000	 -0.0070634	     1.3645	
5	10	 5.0600e-06	 8.9204e-06	     93.726	    0.57518	-9.7531e+92	-9.7531e+92	 0.00019284	 3.1132e-05	 1.8170e-05	-6.3349e-05	 -0.0021806	 0.00061813	
5	11	 0.00038594	 0.00068038	     77.490	     1.0576	-9.7531e+92	-9.7531e+92	 0.00057304	 0.00019953	 0.00031402	 0.00034695	  -0.014245	 -0.0072256	
5	12	 0.00064843	  0.0011431	     80.590	    0.94012	-9.7531e+92	-9.7531e+92	  0.0022315	 0.00029336	  0.0017802	 0.00085833	  -0.020913	 -0.0098310	
5	13	   0.043128	   0.076031	     125.66	    0.19761	-9.7531e+92	-9.7531e+92	   0.061784	   0.018911	     0.0000	     0.0000	    -1.3031	     1.3637	
5	14	    0.17843	    0.31456	     108.09	    0.34690	-9.7531e+92	-9.7531e+92	    0.11265	   0.082864	     0.0000	     0.0000	    -5.6254	    -2.1684	
5	15	  0.0035784	  0.0063085	     104.94	    0.38615	-9.7531e+92	-9.7531e+92	  0.0093359	  0.0018178	     0.0000	  -0.026369	   -0.12366	    0.64553	
5	16	 1.3824e-13	 2.4370e-13	     71.546	     1.3237	-9.7531e+92	-9.7531e+92	 5.8751e-05	 3.3105e-05	     0.0000	 4.3645e-09	 -0.0022267	-1.1395e-07	
5	17	 5.8915e-13	 1.0386e-12	     219.60	   0.022168	-9.7531e+92	-9.7531e+92	 0.00022628	 3.5579e-05	     0.0000	 -0.0054519	 -0.0023364	   0.048219	
5	18	    0.22546	    0.39747	     53.346	     2.4617	-9.7531e+92	-9.7531e+92	    0.16659	   0.076607	     0.0000	   0.010643	    -7.5268	    -2.9468	
5	19	  0.0095234	   0.016789	     64.874	     1.6901	-9.7531e+92	-9.7531e+92	  0.0073743	  0.0033549	  0.0063158	  0.0070254	   -0.24853	   -0.16229	
5	20	    0.11140	    0.19639	     39.691	     3.3571	-9.7531e+92	-9.7531e+92	   0.051821	   0.042346	   0.048151	    0.10494	    -3.3340	    -2.4096	
5	21	 3.7492e-05	 6.6097e-05	     132.91	    0.15951	-9.7531e+92	-9.7531e+92	   0.011652	 5.1130e-05	     0.0000	  -0.025654	 -0.0035487	    0.75445	
5	22	 2.9942e-14	 5.2786e-14	     151.89	   0.095092	-9.7531e+92	-9.7531e+92	 0.00015719	 3.4925e-05	     0.0000	 -0.0026869	 -0.0022974	   0.024920	
5	23	   0.014525	   0.025607	     65.633	     1.6449	-9.7531e+92	-9.7531e+92	   0.014789	  0.0067720	     0.0000	  0.0010888	   -0.49117	   -0.12032	
5	24	 2.7935e-06	 4.9247e-06	     106.34	    0.36810	-9.7531e+92	-9.7531e+92	 0.00019750	 3.3393e-05	     0.0000	-9.6933e-05	 -0.0023768	  0.0050621	
6	0	    0.10133	    0.35122	     105.31	    0.38136	-9.7531e+92	-9.7531e+92	    0.19366	    0.19630	     0.0000	     0.0000	     1.3054	     0.0000	
6	1	   0.096111	    0.33313	     96.519	    0.51972	-9.7531e+92	-9.7531e+92	    0.20057	    0.20217	     0.0000	     0.0000	     1.4852	     0.0000	
6	2	  0.0059317	   0.020560	     118.53	    0.24644	-9.7531e+92	-9.7531e+92	   0.030288	   0.017673	     0.0000	     0.0000	    0.14237	     0.0000	
6	3	 0.00013849	 0.00048000	     180.81	   0.047921	-9.7531e+92	-9.7531e+92	   0.018353	 0.00054626	     0.0000	     0.0000	  0.0050239	     0.0000	
6	4	 9.9034e-07	 3.4326e-06	     179.35	   0.049487	-9.7531e+92	-9.7531e+92	  0.0028692	 0.00021348	     0.0000	     0.0000	  0.0013483	     0.0000	
6	5	  0.0074827	   0.025935	     72.218	     1.2908	-9.7531e+92	-9.7531e+92	   0.034225	   0.020735	     0.0000	     0.0000	    0.16294	     0.0000	
6	6	     0.0000	     0.0000	     0.0000	     4.0000	-9.7531e+92	-9.7531e+92	     1.8407	     0.0000	     1.5077	     0.0000	     0.0000	     0.0000	
6	7	    0.10982	    0.38063	     34.871	     3.5904	-9.7531e+92	-9.7531e+92	    0.18698	    0.27554	     0.0000	     0.0000	     2.2665	     0.0000	
6	8	 6.1513e-05	 0.00021321	     109.28	    0.33318	-9.7531e+92	-9.7531e+92	  0.0010251	 0.00038785	     0.0000	     0.0000	  0.0026055	     0.0000	
6	9	   0.019033	   0.065969	     62.827	     1.8164	-9.7531e+92	-9.7531e+92	   0.067400	   0.051337	     0.0000	     0.0000	    0.39147	     0.0000	
6	10	 1.8591e-16	 6.4439e-16	     153.37	   0.091543	-9.7531e+92	-9.7531e+92	 0.00013451	 0.00021764	     0.0000	     0.0000	  0.0012420	     0.0000	
6	11	 7.0004e-08	 2.4264e-07	     117.04	    0.25846	-9.7531e+92	-9.7531e+92	 0.00017535	 0.00020517	     0.0000	     0.0000	  0.0012909	     0.0000	
6	12	 1.6063e-16	 5.5674e-16	     152.49	   0.093630	-9.7531e+92	-9.7531e+92	 0.00022271	 0.00021733	     0.0000	     0.0000	  0.0012321	     0.0000	
6	13	    0.11496	    0.39846	     53.773	     2.4314	-9.7531e+92	-9.7531e+92	    0.19463	    0.20935	     0.0000	     0.0000	     1.1527	     0.0000	
6	14	   0.087418	    0.30300	     41.508	     3.2546	-9.7531e+92	-9.7531e+92	    0.15436	    0.22029	     0.0000	     0.0000	     1.7022	     0.0000	
6	15	  0.0019080	  0.0066133	     96.746	    0.51548	-9.7531e+92	-9.7531e+92	  0.0098925	  0.0058230	     0.0000	     0.0000	   0.039456	     0.0000	
6	16	 2.0805e-16	 7.2111e-16	     111.89	    0.30549	-9.7531e+92	-9.7531e+92	 0.00011551	 0.00018604	     0.0000	     0.0000	  0.0016271	     0.0000	
6	17	 1.1435e-16	 3.9633e-16	     251.72	   0.012870	-9.7531e+92	-9.7531e+92	 0.00022593	 0.00022784	     0.0000	     0.0000	  0.0011459	     0.0000	
6	18	    0.43382	     1.5036	     36.723	     3.5078	-9.7531e+92	-9.7531e+92	    0.45863	     1.0000	   0.090172	     0.0000	     8.4673	     0.0000	
6	19	 2.4578e-09	 8.5188e-09	     133.74	    0.15573	-9.7531e+92	-9.7531e+92	 0.00044275	 0.00021426	     0.0000	     0.0000	  0.0012616	     0.0000	
6	20	 1.5537e-05	 5.3853e-05	     111.59	    0.30852	-9.7531e+92	-9.7531e+92	  0.0023003	 0.00024915	     0.0000	     0.0000	  0.0016207	     0.0000	
6	21	   0.020801	   0.072098	     78.899	     1.0025	-9.7531e+92	-9.7531e+92	   0.048114	   0.054807	     0.0000	     0.0000	    0.42802	     0.0000	
6	22	 8.5857e-16	 2.9758e-15	     216.08	   0.023641	-9.7531e+92	-9.7531e+92	 0.00017242	 0.00022919	     0.0000	     0.0000	  0.0011574	     0.0000	
6	23	  0.0011711	  0.0040592	     73.330	     1.2380	-9.7531e+92	-9.7531e+92	   0.019866	  0.0033714	     0.0000	     0.0000	   0.026951	     0.0000	
6	24	 2.3267e-06	 8.0646e-06	     108.13	    0.34637	-9.7531e+92	-9.7531e+92	 0.00033327	 0.00020677	     0.0000	     0.0000	  0.0013512	     0.0000	
7	0	    0.15645	    0.44416	     80.265	    0.95180	-9.7531e+92	-9.7531e+92	    0.18709	    0.25472	     0.0000	     0.0000	     1.5437	     0.0000	
7	1	    0.14226	    0.40387	     75.481	     1.1413	-9.7531e+92	-9.7531e+92	    0.19364	    0.29170	     0.0000	     0.0000	     2.6676	     0.0000	
7	2	  0.0017111	  0.0048579	     153.12	   0.092143	-9.7531e+92	-9.7531e+92	   0.025522	  0.0049408	     0.0000	     0.0000	   0.044953	     0.0000	
7	3	 2.5328e-05	 7.1906e-05	     215.68	   0.023812	-9.7531e+92	-9.7531e+92	   0.015711	 0.00023231	     0.0000	     0.0000	  0.0024052	     0.0000	
7	4	 7.8667e-08	 2.2333e-07	     209.16	   0.026904	-9.7531e+92	-9.7531e+92	  0.0024445	 0.00019795	     0.0000	     0.0000	  0.0014530	     0.0000	
7	5	  0.0081336	   0.023091	     89.752	    0.66590	-9.7531e+92	-9.7531e+92	   0.017327	   0.021097	     0.0000	     0.0000	    0.19253	     0.0000	
7	6	   0.082592	    0.23448	     34.871	     3.5904	-9.7531e+92	-9.7531e+92	    0.14557	    0.19214	     0.0000	     0.0000	     1.8521	     0.0000	
7	7	     0.0000	     0.0000	     0.0000	     4.0000	-9.7531e+92	-9.7531e+92	     1.5012	     0.0000	     1.2467	     0.0000	     0.0000	     0.0000	
7	8	 0.00025485	 0.00072353	     109.89	    0.32644	-9.7531e+92	-9.7531e+92	 0.00075286	 0.00093814	     0.0000	     0.0000	  0.0068495	     0.0000	
7	9	   0.026474	   0.075159	     64.406	     1.7184	-9.7531e+92	-9.7531e+92	   0.069404	   0.062872	     0.0000	     0.0000	    0.61913	     0.0000	
7	10	 5.5942e-15	 1.5882e-14	     153.29	   0.091732	-9.7531e+92	-9.7531e+92	 0.00010888	 0.00020512	     0.0000	     0.0000	  0.0013588	     0.0000	
7	11	 2.0617e-06	 5.8532e-06	     112.26	    0.30176	-9.7531e+92	-9.7531e+92	 0.00013932	 0.00019611	     0.0000	     0.0000	  0.0014790	     0.0000	
7	12	 2.6726e-14	 7.5874e-14	     158.06	   0.081372	-9.7531e+92	-9.7531e+92	 0.00015493	 0.00020439	     0.0000	     0.0000	  0.0013559	     0.0000	
7	13	    0.20940	    0.59447	     57.312	     2.1828	-9.7531e+92	-9.7531e+92	    0.23051	    0.43789	     0.0000	     0.0000	     3.7955	     0.0000	
7	14	    0.14656	    0.41609	     65.464	     1.6549	-9.7531e+92	-9.7531e+92	    0.16217	    0.30453	     0.0000	     0.0000	     2.7311	     0.0000	
7	15	 0.00023624	 0.00067067	     131.62	    0.16559	-9.7531e+92	-9.7531e+92	  0.0082901	 0.00087827	     0.0000	     0.0000	  0.0064219	     0.0000	
7	16	 4.3229e-14	 1.2273e-13	     137.28	    0.14083	-9.7531e+92	-9.7531e+92	 9.4611e-05	 0.00019788	     0.0000	     0.0000	  0.0013901	     0.0000	
7	17	 1.6296e-15	 4.6264e-15	     281.54	  0.0082346	-9.7531e+92	-9.7531e+92	 0.00018861	 0.00021355	     0.0000	     0.0000	  0.0012851	     0.0000	
7	18	    0.13214	    0.37514	     38.248	     3.4331	-9.7531e+92	-9.7531e+92	    0.17825	    0.29354	     0.0000	     0.0000	     2.8474	     0.0000	
7	19	 2.8314e-14	 8.0381e-14	     154.38	   0.089237	-9.7531e+92	-9.7531e+92	 0.00027277	 0.00020208	     0.0000	     0.0000	  0.0013788	     0.0000	
7	20	 9.2279e-06	 2.6198e-05	     126.68	    0.19164	-9.7531e+92	-9.7531e+92	  0.0012122	 0.00021934	     0.0000	     0.0000	  0.0016066	     0.0000	
7	21	   0.081486	    0.23134	     44.967	     3.0407	-9.7531e+92	-9.7531e+92	   0.081663	    0.20674	     0.0000	     0.0000	     1.8295	     0.0000	
7	22	 2.4639e-15	 6.9950e-15	     241.36	   0.015218	-9.7531e+92	-9.7531e+92	 0.00014283	 0.00021465	     0.0000	     0.0000	  0.0012955	     0.0000	
7	23	   0.011766	   0.033402	     58.677	     2.0891	-9.7531e+92	-9.7531e+92	   0.016229	   0.030557	     0.0000	     0.0000	    0.27603	     0.0000	
7	24	 0.00050010	  0.0014198	     84.614	    0.80724	-9.7531e+92	-9.7531e+92	 0.00060162	  0.0014261	     0.0000	     0.0000	   0.014289	     0.0000	
8	0	   0.018901	   0.016169	     172.11	   0.058221	-9.7531e+92	-9.7531e+92	   0.028096	  0.0017621	     0.0000	 -0.0079062	   -0.35166	     1.3359	
8	1	  0.0087103	  0.0074512	     184.58	   0.044171	-9.7531e+92	-9.7531e+92	   0.022294	 0.00080856	     0.0000	 -0.0092492	   -0.16824	     1.8323	
8	2	 0.00086417	 0.00073926	     174.51	   0.055125	-9.7531e+92	-9.7531e+92	  0.0055933	 8.3341e-05	     0.0000	  -0.071711	  -0.019491	     1.3112	
8	3	 9.3806e-06	 8.0246e-06	     221.29	   0.021502	-9.7531e+92	-9.7531e+92	  0.0033265	 6.3950e-06	     0.0000	  -0.063527	 -0.0015526	     1.6596	
8	4	 2.0982e-07	 1.7949e-07	     186.41	   0.042479	-9.7531e+92	-9.7531e+92	 0.00060415	 6.3387e-06	     0.0000	  -0.024812	 -0.0014884	    0.53234	
8	5	    0.21716	    0.18577	     54.235	     2.3987	-9.7531e+92	-9.7531e+92	   0.056882	   0.019313	   0.044266	   0.027239	    -4.8537	    -4.4092	
8	6	   0.051849	   0.044354	     109.28	    0.33318	-9.7531e+92	-9.7531e+92	   0.034222	  0.0048383	     0.0000	 -0.0057626	    -1.1576	    0.96204	
8	7	  0.0038528	  0.0032958	     109.89	    0.32644	-9.7531e+92	-9.7531e+92	   0.021690	 0.00036919	     0.0000	     0.0000	  -0.088008	     1.8773	
8	8	     0.0000	     0.0000	     0.0000	     4.0000	-9.7531e+92	-9.7531e+92	    0.43100	     0.0000	    0.43027	     0.0000	     0.0000	     0.0000	
8	9	 3.3085e-08	 2.8303e-08	     171.65	   0.058843	-9.7531e+92	-9.7531e+92	  0.0061076	 6.4899e-06	     0.0000	     0.0000	 -0.0015077	     1.1894	
8	10	   0.010555	  0.0090291	     44.054	     3.0993	-9.7531e+92	-9.7531e+92	  0.0025712	 0.00048422	  0.0024864	  0.0035249	   -0.12134	   -0.11440	
8	11	   0.055132	   0.047162	     32.525	     3.6821	-9.7531e+92	-9.7531e+92	   0.012043	  0.0042025	   0.011917	   0.018815	    -1.0475	    -1.0143	
8	12	  0.0056310	  0.0048170	     55.069	     2.3397	-9.7531e+92	-9.7531e+92	  0.0023051	 0.00045231	  0.0020861	  0.0045613	   -0.11359	   -0.10547	
8	13	  0.0010979	 0.00093918	     162.59	   0.072826	-9.7531e+92	-9.7531e+92	   0.017867	 0.00010877	     0.0000	     0.0000	  -0.023583	     2.0323	
8	14	  0.0037700	  0.0032251	     146.54	    0.10935	-9.7531e+92	-9.7531e+92	   0.018852	 0.00036560	     0.0000	     0.0000	  -0.081111	     1.6925	
8	15	 9.3195e-07	 7.9724e-07	     159.01	   0.079481	-9.7531e+92	-9.7531e+92	  0.0012882	 6.5866e-06	     0.0000	  -0.012197	 -0.0015275	    0.63977	
8	16	 2.9393e-15	 2.5145e-15	     112.87	    0.29583	-9.7531e+92	-9.7531e+92	 2.8508e-05	 6.4277e-06	     0.0000	 1.4575e-09	 -0.0014790	-9.6126e-08	
8	17	 2.7965e-15	 2.3923e-15	     258.50	   0.011577	-9.7531e+92	-9.7531e+92	 5.1859e-05	 6.7154e-06	     0.0000	 -0.0022121	 -0.0015397	   0.041804	
8	18	    0.28640	    0.24500	     75.421	     1.1439	-9.7531e+92	-9.7531e+92	    0.10210	   0.025668	   0.011160	   0.022813	    -6.2550	    -3.8222	
8	19	  0.0023325	  0.0019954	     80.536	    0.94205	-9.7531e+92	-9.7531e+92	  0.0025463	 0.00020355	  0.0020327	  0.0012717	  -0.051664	  -0.037713	
8	20	    0.10438	   0.089292	     51.987	     2.5582	-9.7531e+92	-9.7531e+92	   0.026354	  0.0092257	   0.024573	   0.072780	    -2.3093	    -2.2062	
8	21	 3.5726e-05	 3.0562e-05	     132.38	    0.16196	-9.7531e+92	-9.7531e+92	  0.0045813	 1.0113e-05	     0.0000	  -0.010410	 -0.0023196	    0.65569	
8	22	 2.5306e-14	 2.1648e-14	     168.70	   0.062994	-9.7531e+92	-9.7531e+92	 4.5289e-05	 6.6697e-06	     0.0000	 -0.0011040	 -0.0015325	   0.021610	
8	23	    0.22912	    0.19600	     54.810	     2.3580	-9.7531e+92	-9.7531e+92	   0.054293	   0.021875	   0.045824	   0.023679	    -5.1822	    -4.8357	
8	24	 0.00019272	 0.00016487	     77.960	     1.0389	-9.7531e+92	-9.7531e+92	 0.00062555	 2.5774e-05	 0.00039895	-1.4339e-06	 -0.0059513	 0.00013056	
9	0	    0.11411	    0.27383	     86.890	    0.74099	-9.7531e+92	-9.7531e+92	    0.12845	    0.13859	     0.0000	     0.0000	     2.8905	    0.10387	
9	1	    0.14256	    0.34211	     55.376	     2.3181	-9.7531e+92	-9.7531e+92	    0.15541	    0.13915	     0.0000	     0.0000	     2.5145	     0.0000	
9	2	   0.099799	    0.23950	     133.64	    0.15619	-9.7531e+92	-9.7531e+92	   0.084971	    0.19112	     0.0000	   0.093179	     3.4610	    0.16364	
9	3	  0.0010150	  0.0024357	     191.41	   0.038254	-9.7531e+92	-9.7531e+92	   0.045808	  0.0018896	     0.0000	   -0.15140	   0.037753	   -0.39313	
9	4	 4.4606e-12	 1.0704e-11	     223.28	   0.020749	-9.7531e+92	-9.7531e+92	  0.0066432	 0.00013614	     0.0000	  -0.059854	  0.0022125	   -0.11414	
9	5	 0.00020725	 0.00049737	     134.70	    0.15149	-9.7531e+92	-9.7531e+92	  0.0069191	 0.00055113	     0.0000	 -0.0065772	  0.0090356	  -0.066725	
9	6	   0.069740	    0.16736	     62.827	     1.8164	-9.7531e+92	-9.7531e+92	    0.10868	    0.12307	     0.0000	 -0.0082899	     2.3277	   -0.12241	
9	7	    0.15764	    0.37830	     64.406	     1.7184	-9.7531e+92	-9.7531e+92	    0.15263	    0.26948	     0.0000	     0.0000	     5.2944	    0.31374	
9	8	 1.4886e-12	 3.5723e-12	     171.65	   0.058843	-9.7531e+92	-9.7531e+92	 0.00030734	 0.00013983	     0.0000	 -0.0016105	  0.0021750	 -0.0036210	
9	9	     0.0000	     0.0000	     0.0000	     4.0000	-9.7531e+92	-9.7531e+92	     1.2408	     0.0000	     1.1110	     0.0000	     0.0000	     0.0000	
9	10	 3.3862e-11	 8.1262e-11	     215.04	   0.024096	-9.7531e+92	-9.7531e+92	 8.9388e-05	 0.00014446	     0.0000	-0.00010309	  0.0021528	-0.00014868	
9	11	 2.4680e-11	 5.9227e-11	     175.31	   0.054135	-9.7531e+92	-9.7531e+92	 0.00010061	 0.00013692	     0.0000	-0.00013025	  0.0021816	-0.00036819	
9	12	 4.6774e-11	 1.1225e-10	     214.99	   0.024120	-9.7531e+92	-9.7531e+92	 0.00011063	 0.00014402	     0.0000	-0.00056938	  0.0021508	-0.00086856	
9	13	    0.19984	    0.47959	     9.0540	     3.9979	-9.7531e+92	-9.7531e+92	    0.18237	    0.30224	     0.0000	     0.0000	     5.9235	    0.45653	
9	14	    0.14253	    0.34204	     38.749	     3.4073	-9.7531e+92	-9.7531e+92	    0.13552	    0.22536	     0.0000	     0.0000	     4.4505	    0.26628	
9	15	  0.0012116	  0.0029076	     117.55	    0.25424	-9.7531e+92	-9.7531e+92	   0.012018	  0.0025788	     0.0000	  -0.028200	   0.042127	   -0.12885	
9	16	 6.3597e-12	 1.5262e-11	     159.83	   0.077890	-9.7531e+92	-9.7531e+92	 7.9975e-05	 0.00013717	     0.0000	 4.8051e-09	  0.0022104	 2.0374e-08	
9	17	 4.1134e-12	 9.8713e-12	     293.28	  0.0069951	-9.7531e+92	-9.7531e+92	 0.00033171	 0.00014648	     0.0000	 -0.0053363	  0.0021392	 -0.0085342	
9	18	   0.046170	    0.11080	     96.665	    0.51699	-9.7531e+92	-9.7531e+92	   0.095682	   0.078642	     0.0000	  -0.019643	     1.5365	   -0.28104	
9	19	 3.4436e-12	 8.2639e-12	     193.08	   0.036956	-9.7531e+92	-9.7531e+92	 0.00016998	 0.00014330	     0.0000	 -0.0012231	  0.0021579	 -0.0024512	
9	20	 1.4777e-11	 3.5463e-11	     174.09	   0.055651	-9.7531e+92	-9.7531e+92	 0.00054734	 0.00013821	     0.0000	 -0.0041893	  0.0021738	 -0.0092586	
9	21	   0.024922	   0.059807	     83.320	    0.84769	-9.7531e+92	-9.7531e+92	   0.036415	   0.045558	     0.0000	 -0.0041208	    0.83718	  -0.022516	
9	22	 1.8500e-11	 4.4397e-11	     266.14	   0.010307	-9.7531e+92	-9.7531e+92	 0.00020693	 0.00014743	     0.0000	 -0.0026910	  0.0021420	 -0.0044221	
9	23	 0.00026120	 0.00062682	     121.73	    0.22293	-9.7531e+92	-9.7531e+92	  0.0050958	 0.00063945	     0.0000	 -0.0029571	   0.010843	  -0.043988	
9	24	 7.2376e-12	 1.7369e-11	     149.07	    0.10229	-9.7531e+92	-9.7531e+92	 0.00017026	 0.00013304	     0.0000	-0.00012061	  0.0022007	-0.00090953	
10	0	  0.0049164	  0.0019383	     210.64	   0.026161	-9.7531e+92	-9.7531e+92	  0.0080674	 5.4184e-05	     0.0000	 -0.0010049	  -0.018431	    0.32206	
10	1	  0.0021795	 0.00085925	     228.04	   0.019080	-9.7531e+92	-9.7531e+92	  0.0065094	 2.4368e-05	     0.0000	 -0.0010545	 -0.0085694	    0.39539	
10	2	 8.5813e-05	 3.3831e-05	     213.20	   0.024934	-9.7531e+92	-9.7531e+92	  0.0021224	 1.5977e-06	     0.0000	 -0.0077584	-0.00063255	    0.26707	
10	3	 2.5939e-06	 1.0226e-06	     258.79	   0.011525	-9.7531e+92	-9.7531e+92	  0.0012713	 6.8294e-07	     0.0000	 -0.0067914	-0.00028051	    0.33453	
10	4	 1.5067e-07	 5.9401e-08	     204.61	   0.029363	-9.7531e+92	-9.7531e+92	 0.00030137	 7.4899e-07	     0.0000	 -0.0026523	-0.00029329	    0.10678	
10	5	   0.098347	   0.038773	     93.726	    0.57518	-9.7531e+92	-9.7531e+92	   0.019963	  0.0011497	   0.014149	  0.0015634	   -0.44013	   -0.37057	
10	6	  0.0012443	 0.00049055	     153.37	   0.091543	-9.7531e+92	-9.7531e+92	  0.0083558	 1.4708e-05	     0.0000	 -0.0013193	 -0.0057655	    0.41320	
10	7	 0.00078991	 0.00031142	     153.29	   0.091732	-9.7531e+92	-9.7531e+92	  0.0063816	 9.6569e-06	     0.0000	     0.0000	 -0.0037923	    0.38974	
10	8	    0.47413	    0.18692	     44.054	     3.0993	-9.7531e+92	-9.7531e+92	   0.048782	  0.0047236	   0.048445	   0.031780	    -2.0252	    -2.0021	
10	9	 4.3888e-14	 1.7303e-14	     215.04	   0.024096	-9.7531e+92	-9.7531e+92	  0.0018074	 7.7304e-07	     0.0000	     0.0000	-0.00029695	    0.23836	
10	10	     0.0000	     0.0000	     0.0000	     4.0000	-9.7531e+92	-9.7531e+92	    0.19782	     0.0000	    0.19778	     0.0000	     0.0000	     0.0000	
10	11	   0.081999	   0.032327	     46.926	     2.9109	-9.7531e+92	-9.7531e+92	  0.0094984	 0.00070712	  0.0094405	  0.0032174	   -0.30252	   -0.29865	
10	12	    0.10735	   0.042322	     46.012	     2.9721	-9.7531e+92	-9.7531e+92	   0.011249	 0.00085914	   0.011148	  0.0074723	   -0.36744	   -0.36221	
10	13	  0.0019843	 0.00078230	     205.99	   0.028587	-9.7531e+92	-9.7531e+92	  0.0053450	 2.2716e-05	     0.0000	     0.0000	 -0.0082357	    0.40628	
10	14	  0.0033770	  0.0013314	     190.48	   0.038997	-9.7531e+92	-9.7531e+92	  0.0061300	 3.8907e-05	     0.0000	     0.0000	  -0.014401	    0.34205	
10	15	 1.4030e-13	 5.5311e-14	     197.67	   0.033672	-9.7531e+92	-9.7531e+92	 0.00045396	 7.7183e-07	     0.0000	 -0.0013038	-0.00029685	    0.12822	
10	16	 9.8647e-14	 3.8891e-14	     147.94	    0.10538	-9.7531e+92	-9.7531e+92	 1.3138e-05	 7.5962e-07	     0.0000	 1.3300e-10	-0.00015552	-1.0186e-08	
10	17	 5.0537e-15	 1.9924e-15	     270.72	  0.0096279	-9.7531e+92	-9.7531e+92	 2.4776e-05	 7.9919e-07	     0.0000	-0.00023647	-0.00030297	  0.0083685	
10	18	    0.12297	   0.048479	     118.82	    0.24422	-9.7531e+92	-9.7531e+92	   0.033090	  0.0013515	     0.0000	 0.00023884	   -0.53000	  -0.070555	
10	19	   0.013341	  0.0052597	     85.643	    0.77653	-9.7531e+92	-9.7531e+92	  0.0039409	 0.00015419	  0.0037042	  0.0011858	  -0.060136	  -0.056915	
10	20	   0.070442	   0.027771	     74.457	     1.1864	-9.7531e+92	-9.7531e+92	   0.012332	 0.00080083	   0.011511	  0.0057203	   -0.31548	   -0.30334	
10	21	 1.8170e-06	 7.1634e-07	     171.26	   0.059366	-9.7531e+92	-9.7531e+92	  0.0013012	 8.0699e-07	     0.0000	 -0.0011140	-0.00030582	    0.13154	
10	22	 1.0855e-15	 4.2796e-16	     176.66	   0.052524	-9.7531e+92	-9.7531e+92	 2.6572e-05	 8.0147e-07	     0.0000	-0.00011884	-0.00030233	  0.0043263	
10	23	   0.016536	  0.0065191	     95.614	    0.53700	-9.7531e+92	-9.7531e+92	  0.0091260	 0.00019702	  0.0052229	 8.8634e-05	  -0.074952	  -0.029889	
10	24	 0.00030481	 0.00012017	     102.71	    0.41717	-9.7531e+92	-9.7531e+92	 0.00029598	 4.4702e-06	 0.00019155	 2.8293e-06	 -0.0016834	-0.00047690	
11	0	    0.15590	   0.071246	     167.10	   0.065400	-9.7531e+92	-9.7531e+92	   0.029916	  0.0031154	     0.0000	  0.0014376	   -0.76588	   -0.30540	
11	1	  0.0037921	  0.0017330	     185.20	   0.043588	-9.7531e+92	-9.7531e+92	   0.014483	 7.6648e-05	     0.0000	 -0.0020723	  -0.019568	    0.51566	
11	2	 0.00011457	 5.2358e-05	     197.83	   0.033565	-9.7531e+92	-9.7531e+92	  0.0024466	 3.4704e-06	     0.0000	  -0.015478	 -0.0010021	    0.35460	
11	3	 1.2173e-05	 5.5630e-06	     244.71	   0.014404	-9.7531e+92	-9.7531e+92	  0.0014884	 1.4197e-06	     0.0000	  -0.013554	-0.00042518	    0.44395	
11	4	 3.4298e-14	 1.5674e-14	     218.09	   0.022784	-9.7531e+92	-9.7531e+92	 0.00025133	 1.3582e-06	     0.0000	 -0.0052938	-0.00039079	    0.14209	
11	5	    0.10145	   0.046364	     77.490	     1.0576	-9.7531e+92	-9.7531e+92	   0.017835	  0.0021199	   0.011095	  0.0031319	   -0.60555	   -0.51087	
11	6	  0.0054221	  0.0024780	     117.04	    0.25846	-9.7531e+92	-9.7531e+92	   0.013168	 0.00011151	     0.0000	 -0.0025174	  -0.032237	    0.52570	
11	7	   0.011864	  0.0054220	     112.26	    0.30176	-9.7531e+92	-9.7531e+92	   0.012986	 0.00024384	     0.0000	     0.0000	  -0.070550	    0.45420	
11	8	    0.16365	   0.074790	     32.525	     3.6821	-9.7531e+92	-9.7531e+92	   0.020159	  0.0020200	   0.019768	   0.013312	   -0.79692	   -0.78065	
11	9	 1.4178e-06	 6.4793e-07	     175.31	   0.054135	-9.7531e+92	-9.7531e+92	  0.0041663	 1.4319e-06	     0.0000	     0.0000	-0.00040517	    0.31732	
11	10	   0.035462	   0.016206	     46.926	     2.9109	-9.7531e+92	-9.7531e+92	  0.0041912	 0.00041901	  0.0041460	  0.0031819	   -0.13481	   -0.13182	
11	11	     0.0000	     0.0000	     0.0000	     4.0000	-9.7531e+92	-9.7531e+92	    0.22926	     0.0000	    0.22920	     0.0000	     0.0000	     0.0000	
11	12	 0.00045087	 0.00020605	     77.218	     1.0686	-9.7531e+92	-9.7531e+92	 0.00045271	 1.0241e-05	 0.00033570	 5.8698e-05	 -0.0029933	 -0.0014911	
11	13	  0.0051188	  0.0023394	     166.60	   0.066184	-9.7531e+92	-9.7531e+92	   0.010085	 0.00010475	     0.0000	     0.0000	  -0.027727	    0.52257	
11	14	   0.026484	   0.012103	     157.91	   0.081669	-9.7531e+92	-9.7531e+92	   0.011813	 0.00054626	     0.0000	     0.0000	   -0.14805	    0.32739	
11	15	 7.5083e-08	 3.4314e-08	     182.32	   0.046370	-9.7531e+92	-9.7531e+92	 0.00067228	 1.4021e-06	     0.0000	 -0.0026023	-0.00039705	    0.17070	
11	16	 7.3934e-14	 3.3789e-14	     142.85	    0.12075	-9.7531e+92	-9.7531e+92	 1.5230e-05	 1.3692e-06	     0.0000	 2.6645e-10	-0.00026865	-1.7580e-08	
11	17	 6.5046e-14	 2.9726e-14	     290.18	  0.0072979	-9.7531e+92	-9.7531e+92	 2.5011e-05	 1.4470e-06	     0.0000	-0.00047197	-0.00040505	   0.011148	
11	18	    0.34975	    0.15984	     81.269	    0.91620	-9.7531e+92	-9.7531e+92	   0.056794	  0.0069443	  0.0082117	  0.0069372	    -2.0115	    -1.3799	
11	19	 8.6369e-05	 3.9471e-05	     108.78	    0.33886	-9.7531e+92	-9.7531e+92	 0.00037899	 3.1967e-06	 0.00010458	-8.4177e-05	-0.00091897	  0.0026572	
11	20	  0.0041580	  0.0019003	     83.734	    0.83452	-9.7531e+92	-9.7531e+92	  0.0027932	 8.8247e-05	  0.0018417	 0.00037253	  -0.025373	  -0.012689	
11	21	 0.00043763	 0.00020000	     128.65	    0.18069	-9.7531e+92	-9.7531e+92	  0.0030046	 1.0765e-05	     0.0000	 -0.0021910	 -0.0030050	    0.17257	
11	22	 1.3535e-13	 6.1856e-14	     200.45	   0.031856	-9.7531e+92	-9.7531e+92	 2.0955e-05	 1.4505e-06	     0.0000	-0.00023766	-0.00040419	  0.0057628	
11	23	   0.095003	   0.043417	     53.605	     2.4433	-9.7531e+92	-9.7531e+92	   0.015767	  0.0020163	   0.011242	  0.0021256	   -0.57132	   -0.50539	
11	24	   0.040846	   0.018667	     56.094	     2.2676	-9.7531e+92	-9.7531e+92	  0.0047873	 0.00086508	  0.0046662	  0.0020497	   -0.24261	   -0.23804	
12	0	  0.0027575	  0.0011388	     226.76	   0.019512	-9.7531e+92	-9.7531e+92	  0.0066572	 9.0321e-05	     0.0000	 -0.0033998	  -0.015225	    0.47501	
12	1	 0.00025423	 0.00010499	     231.78	   0.017881	-9.7531e+92	-9.7531e+92	  0.0060903	 1.0186e-05	     0.0000	 -0.0035460	 -0.0017901	    0.58129	
12	2	  0.0069078	  0.0028527	     181.48	   0.047226	-9.7531e+92	-9.7531e+92	  0.0057630	 0.00021273	     0.0000	  -0.022933	  -0.042563	    0.34758	
12	3	 8.5377e-05	 3.5258e-05	     227.10	   0.019395	-9.7531e+92	-9.7531e+92	  0.0034125	 4.3585e-06	     0.0000	  -0.022403	-0.00090387	    0.48488	
12	4	 0.00069925	 0.00028877	     165.11	   0.068567	-9.7531e+92	-9.7531e+92	  0.0013502	 2.4732e-05	     0.0000	 -0.0085063	 -0.0049643	    0.15150	
12	5	    0.12560	   0.051870	     80.590	    0.94012	-9.7531e+92	-9.7531e+92	   0.025927	  0.0039706	   0.019837	  0.0047136	   -0.82385	   -0.71179	
12	6	  0.0011474	 0.00047384	     152.49	   0.093630	-9.7531e+92	-9.7531e+92	  0.0080504	 3.9180e-05	     0.0000	 -0.0043608	 -0.0078976	    0.60416	
12	7	 0.00063757	 0.00026330	     158.06	   0.081372	-9.7531e+92	-9.7531e+92	  0.0064586	 2.2892e-05	     0.0000	     0.0000	 -0.0046142	    0.57054	
12	8	    0.10401	   0.042954	     55.069	     2.3397	-9.7531e+92	-9.7531e+92	   0.013837	  0.0032914	   0.013484	   0.026244	   -0.67412	   -0.65471	
12	9	 1.3260e-13	 5.4761e-14	     214.99	   0.024120	-9.7531e+92	-9.7531e+92	  0.0017350	 2.2291e-06	     0.0000	     0.0000	-0.00043963	    0.34846	
12	10	   0.046130	   0.019050	     46.012	     2.9721	-9.7531e+92	-9.7531e+92	  0.0049184	  0.0010817	  0.0048775	   0.012131	   -0.18644	   -0.17992	
12	11	  0.0064054	  0.0026452	     77.218	     1.0686	-9.7531e+92	-9.7531e+92	  0.0012733	 0.00021760	  0.0012127	  0.0013972	  -0.042975	  -0.041156	
12	12	     0.0000	     0.0000	     0.0000	     4.0000	-9.7531e+92	-9.7531e+92	    0.20859	     0.0000	    0.20849	     0.0000	     0.0000	     0.0000	
12	13	 0.00094389	 0.00038980	     205.94	   0.028617	-9.7531e+92	-9.7531e+92	  0.0054414	 3.2550e-05	     0.0000	     0.0000	 -0.0059589	    0.59511	
12	14	 0.00046375	 0.00019152	     188.63	   0.040536	-9.7531e+92	-9.7531e+92	  0.0065313	 1.7386e-05	     0.0000	     0.0000	 -0.0032685	    0.51519	
12	15	 1.3127e-05	 5.4212e-06	     166.81	   0.065853	-9.7531e+92	-9.7531e+92	 0.00083887	 2.6629e-06	     0.0000	 -0.0043033	-0.00052586	    0.18736	
12	16	 9.0055e-15	 3.7190e-15	     115.95	    0.26758	-9.7531e+92	-9.7531e+92	 1.3762e-05	 2.2339e-06	     0.0000	 5.5913e-10	-0.00039338	-2.5631e-08	
12	17	 3.3256e-14	 1.3733e-14	     225.22	   0.020047	-9.7531e+92	-9.7531e+92	 6.5041e-05	 2.2949e-06	     0.0000	-0.00078059	-0.00044917	   0.012252	
12	18	    0.16018	   0.066148	     120.73	    0.22996	-9.7531e+92	-9.7531e+92	   0.036342	  0.0050450	     0.0000	  0.0024957	    -1.0197	   -0.33428	
12	19	    0.32496	    0.13420	     44.530	     3.0689	-9.7531e+92	-9.7531e+92	   0.035512	  0.0077635	   0.035264	   0.057981	    -1.7680	    -1.7213	
12	20	    0.21463	   0.088636	     45.010	     3.0379	-9.7531e+92	-9.7531e+92	   0.029005	  0.0047030	   0.028146	   0.033813	    -1.1308	    -1.0913	
12	21	 1.6021e-14	 6.6161e-15	     187.39	   0.041605	-9.7531e+92	-9.7531e+92	  0.0012231	 2.2661e-06	     0.0000	 -0.0036788	-0.00044086	    0.19234	
12	22	 2.1861e-07	 9.0277e-08	     131.16	    0.16782	-9.7531e+92	-9.7531e+92	 0.00010711	 2.2569e-06	     0.0000	-0.00037883	-0.00044578	  0.0062908	
12	23	  0.0041723	  0.0017230	     109.85	    0.32696	-9.7531e+92	-9.7531e+92	  0.0037144	 0.00014448	     0.0000	-0.00025446	  -0.028364	   0.037156	
12	24	 5.6053e-14	 2.3148e-14	     132.31	    0.16230	-9.7531e+92	-9.7531e+92	 6.7184e-05	 2.3073e-06	     0.0000	-1.7637e-05	-0.00044879	  0.0013047	
13	0	   0.088679	     1.0366	     86.013	    0.76580	-9.7531e+92	-9.7531e+92	    0.57694	    0.16828	     0.0000	-0.00058897	    0.97147	  0.0073124	
13	1	   0.086115	     1.0066	     57.043	     2.2015	-9.7531e+92	-9.7531e+92	    0.61487	    0.16092	     0.0000	 -0.0023538	    0.73050	   0.039891	
13	2	   0.055221	    0.64551	     127.66	    0.18612	-9.7531e+92	-9.7531e+92	    0.26561	    0.13595	     0.0000	  -0.014603	    0.89600	   0.024054	
13	3	  0.0020890	   0.024420	     188.65	   0.040519	-9.7531e+92	-9.7531e+92	    0.15181	  0.0046879	     0.0000	  -0.081574	   0.032343	    0.18467	
13	4	 7.0920e-12	 8.2902e-11	     217.30	   0.023117	-9.7531e+92	-9.7531e+92	   0.022419	 0.00018120	     0.0000	  -0.032674	 0.00089836	   0.068309	
13	5	 0.00018682	  0.0021838	     125.66	    0.19761	-9.7531e+92	-9.7531e+92	   0.053509	 0.00068310	     0.0000	 -0.0035955	  0.0033545	   0.042349	
13	6	    0.29490	     3.4472	     53.773	     2.4314	-9.7531e+92	-9.7531e+92	     1.1194	    0.67411	     0.0000	   0.034024	     4.0283	   -0.55600	
13	7	    0.12474	     1.4581	     57.312	     2.1828	-9.7531e+92	-9.7531e+92	    0.66142	    0.26345	     0.0000	     0.0000	     1.8114	  -0.099451	
13	8	 7.2221e-13	 8.4423e-12	     162.59	   0.072826	-9.7531e+92	-9.7531e+92	  0.0019713	 0.00019295	     0.0000	-0.00087913	 0.00080696	  0.0023528	
13	9	   0.091475	     1.0693	     9.0540	     3.9979	-9.7531e+92	-9.7531e+92	    0.42321	    0.20650	     0.0000	     0.0000	     1.3510	   -0.10721	
13	10	 1.1211e-12	 1.3105e-11	     205.99	   0.028587	-9.7531e+92	-9.7531e+92	 0.00043984	 0.00020157	     0.0000	-5.6275e-05	 0.00075168	 9.7822e-05	
13	11	 5.6517e-12	 6.6065e-11	     166.60	   0.066184	-9.7531e+92	-9.7531e+92	 0.00051536	 0.00019042	     0.0000	-7.1100e-05	 0.00080092	 0.00024183	
13	12	 8.7143e-12	 1.0187e-10	     205.94	   0.028617	-9.7531e+92	-9.7531e+92	 0.00059050	 0.00020045	     0.0000	-0.00031082	 0.00075037	 0.00057116	
13	13	     0.0000	     0.0000	     0.0000	     4.0000	-9.7531e+92	-9.7531e+92	     6.1927	     0.0000	     4.9760	     0.0000	     0.0000	     0.0000	
13	14	    0.10279	     1.2016	     32.765	     3.6733	-9.7531e+92	-9.7531e+92	    0.55590	    0.23068	     0.0000	     0.0000	     1.2786	  -0.041522	
13	15	  0.0059026	   0.068998	     111.52	    0.30921	-9.7531e+92	-9.7531e+92	   0.058206	   0.015389	     0.0000	  -0.012808	   0.081024	   0.066690	
13	16	 3.2245e-12	 3.7692e-11	     153.85	   0.090443	-9.7531e+92	-9.7531e+92	 0.00038956	 0.00019068	     0.0000	 2.6212e-09	 0.00082710	-1.3538e-08	
13	17	 1.2951e-12	 1.5139e-11	     287.27	  0.0075975	-9.7531e+92	-9.7531e+92	  0.0012416	 0.00019885	     0.0000	 -0.0029131	 0.00074143	  0.0056046	
13	18	    0.12664	     1.4804	     87.611	    0.72124	-9.7531e+92	-9.7531e+92	    0.78397	    0.28135	     0.0000	  0.0035997	     1.6621	  -0.053854	
13	19	 6.8776e-12	 8.0395e-11	     184.51	   0.044238	-9.7531e+92	-9.7531e+92	 0.00098547	 0.00019758	     0.0000	-0.00066767	 0.00077512	  0.0015985	
13	20	 5.3534e-12	 6.2578e-11	     165.04	   0.068678	-9.7531e+92	-9.7531e+92	  0.0039084	 0.00018943	     0.0000	 -0.0022869	 0.00081068	  0.0060171	
13	21	   0.021178	    0.24756	     76.619	     1.0932	-9.7531e+92	-9.7531e+92	    0.16072	   0.035197	     0.0000	     0.0000	    0.40407	     0.0000	
13	22	 1.1951e-11	 1.3970e-10	     260.15	   0.011286	-9.7531e+92	-9.7531e+92	 0.00082080	 0.00020226	     0.0000	 -0.0014690	 0.00073984	  0.0028912	
13	23	 7.8344e-05	 0.00091580	     113.01	    0.29441	-9.7531e+92	-9.7531e+92	   0.035828	 0.00037737	     0.0000	 -0.0016450	  0.0020079	   0.029095	
13	24	 2.5557e-11	 2.9875e-10	     142.21	    0.12286	-9.7531e+92	-9.7531e+92	 0.00088954	 0.00018224	     0.0000	-6.5842e-05	 0.00085997	 0.00059641	
14	0	    0.13918	     1.1286	     114.85	    0.27729	-9.7531e+92	-9.7531e+92	    0.47480	    0.26556	     0.0000	     0.0000	     2.1481	     0.0000	
14	1	    0.10730	    0.87004	     88.839	    0.68891	-9.7531e+92	-9.7531e+92	    0.46136	    0.18779	     0.0000	     0.0000	     1.0928	     0.0000	
14	2	   0.097505	    0.79064	     97.273	    0.50580	-9.7531e+92	-9.7531e+92	    0.30066	    0.20509	     0.0000	     0.0000	     1.6213	     0.0000	
14	3	   0.016892	    0.13697	     161.01	   0.075671	-9.7531e+92	-9.7531e+92	    0.20839	   0.030854	     0.0000	     0.0000	    0.23600	     0.0000	
14	4	 0.00021227	  0.0017212	     184.55	   0.044193	-9.7531e+92	-9.7531e+92	   0.031500	 0.00064733	     0.0000	     0.0000	  0.0042904	     0.0000	
14	5	  0.0013176	   0.010684	     108.09	    0.34690	-9.7531e+92	-9.7531e+92	   0.030533	  0.0031454	     0.0000	     0.0000	   0.023559	     0.0000	
14	6	   0.087972	    0.71334	     41.508	     3.2546	-9.7531e+92	-9.7531e+92	    0.38065	    0.19086	     0.0000	     0.0000	     1.3688	     0.0000	
14	7	    0.19916	     1.6149	     65.464	     1.6549	-9.7531e+92	-9.7531e+92	    0.57983	    0.41579	     0.0000	     0.0000	     3.1995	     0.0000	
14	8	 7.4458e-12	 6.0376e-11	     146.54	    0.10935	-9.7531e+92	-9.7531e+92	  0.0011935	 0.00017580	     0.0000	     0.0000	 0.00096717	     0.0000	
14	9	   0.097766	    0.79276	     38.749	     3.4073	-9.7531e+92	-9.7531e+92	    0.30906	    0.21305	     0.0000	     0.0000	     1.5923	     0.0000	
14	10	 1.1722e-11	 9.5051e-11	     190.48	   0.038997	-9.7531e+92	-9.7531e+92	 0.00030353	 0.00018323	     0.0000	     0.0000	 0.00092049	     0.0000	
14	11	 6.6460e-12	 5.3890e-11	     157.91	   0.081669	-9.7531e+92	-9.7531e+92	 0.00034802	 0.00017327	     0.0000	     0.0000	 0.00098116	     0.0000	
14	12	 2.0433e-11	 1.6569e-10	     188.63	   0.040536	-9.7531e+92	-9.7531e+92	 0.00039259	 0.00018162	     0.0000	     0.0000	 0.00092259	     0.0000	
14	13	   0.095122	    0.77132	     32.765	     3.6733	-9.7531e+92	-9.7531e+92	    0.41413	    0.18599	     0.0000	     0.0000	     1.2337	     0.0000	
14	14	     0.0000	     0.0000	     0.0000	     4.0000	-9.7531e+92	-9.7531e+92	     4.2436	     0.0000	     3.5468	     0.0000	     0.0000	     0.0000	
14	15	   0.060385	    0.48964	     78.991	    0.99899	-9.7531e+92	-9.7531e+92	    0.15858	    0.13447	     0.0000	     0.0000	    0.97782	     0.0000	
14	16	 1.9811e-12	 1.6064e-11	     121.20	    0.22662	-9.7531e+92	-9.7531e+92	 0.00027023	 0.00017376	     0.0000	     0.0000	 0.00099843	     0.0000	
14	17	 2.3238e-12	 1.8843e-11	     254.84	   0.012253	-9.7531e+92	-9.7531e+92	  0.0014616	 0.00017534	     0.0000	     0.0000	 0.00092798	     0.0000	
14	18	   0.092467	    0.74979	     78.249	     1.0276	-9.7531e+92	-9.7531e+92	    0.40349	    0.19016	     0.0000	     0.0000	     1.3849	     0.0000	
14	19	 2.3482e-11	 1.9041e-10	     166.55	   0.066257	-9.7531e+92	-9.7531e+92	 0.00064330	 0.00017670	     0.0000	     0.0000	 0.00096214	     0.0000	
14	20	 7.5344e-12	 6.1094e-11	     147.73	    0.10597	-9.7531e+92	-9.7531e+92	  0.0022946	 0.00017219	     0.0000	     0.0000	 0.00097240	     0.0000	
14	21	  0.0046170	   0.037438	     101.18	    0.44014	-9.7531e+92	-9.7531e+92	   0.082709	   0.011108	     0.0000	     0.0000	   0.071372	     0.0000	
14	22	 3.1508e-13	 2.5549e-12	     227.39	   0.019298	-9.7531e+92	-9.7531e+92	 0.00087004	 0.00017889	     0.0000	     0.0000	 0.00092722	     0.0000	
14	23	 0.00010596	 0.00085923	     114.84	    0.27739	-9.7531e+92	-9.7531e+92	   0.020266	 0.00042896	     0.0000	     0.0000	  0.0025982	     0.0000	
14	24	 1.2942e-11	 1.0494e-10	     150.00	   0.099849	-9.7531e+92	-9.7531e+92	 0.00060827	 0.00017169	     0.0000	     0.0000	 0.00096591	     0.0000	
15	0	   0.013711	   0.033368	     189.51	   0.039789	-9.7531e+92	-9.7531e+92	   0.042087	   0.016111	     0.0000	  -0.049543	    0.19719	   -0.71636	
15	1	  0.0089957	   0.021892	     167.83	   0.064291	-9.7531e+92	-9.7531e+92	   0.041418	   0.010337	     0.0000	  -0.054002	    0.12127	   -0.86729	
15	2	    0.31103	    0.75694	     21.827	     3.9312	-9.7531e+92	-9.7531e+92	    0.26209	    0.14950	    0.10361	    0.23786	     2.3617	     1.7461	
15	3	    0.26012	    0.63305	     84.108	    0.82281	-9.7531e+92	-9.7531e+92	    0.30341	   0.099258	    0.10022	   0.072896	    0.16422	    0.20641	
15	4	   0.024142	   0.058755	     106.18	    0.37015	-9.7531e+92	-9.7531e+92	   0.056827	   0.016551	     0.0000	 -0.0010856	    0.26741	 -0.0038615	
15	5	  0.0029853	  0.0072651	     104.94	    0.38615	-9.7531e+92	-9.7531e+92	  0.0066666	  0.0036789	     0.0000	  -0.012906	   0.031121	  -0.091276	
15	6	   0.073638	    0.17921	     96.746	    0.51548	-9.7531e+92	-9.7531e+92	   0.081108	   0.086879	     0.0000	  -0.017155	    0.77037	   -0.17838	
15	7	  0.0013534	  0.0032937	     131.62	    0.16559	-9.7531e+92	-9.7531e+92	   0.036373	  0.0016759	     0.0000	     0.0000	   0.014637	   -0.69548	
15	8	 5.9938e-13	 1.4587e-12	     159.01	   0.079481	-9.7531e+92	-9.7531e+92	 0.00026591	 8.5057e-05	     0.0000	 -0.0039091	 0.00064949	 -0.0060942	
15	9	  0.0024441	  0.0059482	     117.55	    0.25424	-9.7531e+92	-9.7531e+92	   0.020474	  0.0029461	     0.0000	     0.0000	   0.025854	   -0.40515	
15	10	 3.4280e-13	 8.3426e-13	     197.67	   0.033672	-9.7531e+92	-9.7531e+92	 9.0405e-05	 8.5930e-05	     0.0000	-0.00025023	 0.00063904	-0.00024954	
15	11	 8.0716e-15	 1.9644e-14	     182.32	   0.046370	-9.7531e+92	-9.7531e+92	 9.9263e-05	 8.5387e-05	     0.0000	-0.00031615	 0.00064214	-0.00061818	
15	12	 1.2863e-13	 3.1305e-13	     166.81	   0.065853	-9.7531e+92	-9.7531e+92	 0.00011435	 8.4394e-05	     0.0000	 -0.0013821	 0.00064480	 -0.0014579	
15	13	    0.10387	    0.25278	     111.52	    0.30921	-9.7531e+92	-9.7531e+92	    0.10346	    0.11750	     0.0000	     0.0000	     1.2485	 -0.0028064	
15	14	    0.14808	    0.36038	     78.991	    0.99899	-9.7531e+92	-9.7531e+92	    0.13218	    0.15181	     0.0000	     0.0000	     1.4824	    0.51311	
15	15	     0.0000	     0.0000	     0.0000	     4.0000	-9.7531e+92	-9.7531e+92	     1.2615	     0.0000	     1.1906	     0.0000	     0.0000	     0.0000	
15	16	 3.4624e-13	 8.4262e-13	     65.362	     1.6609	-9.7531e+92	-9.7531e+92	 8.1103e-05	 8.0297e-05	     0.0000	 1.1648e-08	 0.00075617	 3.4067e-08	
15	17	 4.4139e-15	 1.0742e-14	     175.81	   0.053534	-9.7531e+92	-9.7531e+92	  0.0022218	 6.0543e-05	     0.0000	 -0.0083173	 0.00080952	  -0.014329	
15	18	   0.049538	    0.12056	     116.73	    0.26100	-9.7531e+92	-9.7531e+92	   0.070120	   0.057434	     0.0000	  -0.045014	    0.54135	   -0.45857	
15	19	 5.1816e-06	 1.2610e-05	     131.26	    0.16732	-9.7531e+92	-9.7531e+92	 0.00022345	 8.6343e-05	     0.0000	 -0.0029401	 0.00072402	 -0.0040821	
15	20	 8.8458e-05	 0.00021528	     124.66	    0.20372	-9.7531e+92	-9.7531e+92	 0.00059163	 0.00019419	     0.0000	 -0.0097233	  0.0015161	  -0.014899	
15	21	 1.6874e-06	 4.1065e-06	     175.65	   0.053734	-9.7531e+92	-9.7531e+92	  0.0076328	 8.4654e-05	     0.0000	  -0.061024	 0.00069244	   -0.23299	
15	22	 1.2165e-13	 2.9605e-13	     163.21	   0.071746	-9.7531e+92	-9.7531e+92	  0.0011545	 6.5874e-05	     0.0000	 -0.0053263	 0.00078587	 -0.0074322	
15	23	 2.0187e-13	 4.9128e-13	     149.47	    0.10124	-9.7531e+92	-9.7531e+92	  0.0030919	 8.4239e-05	     0.0000	 -0.0073734	 0.00065105	  -0.076067	
15	24	 3.0427e-14	 7.4049e-14	     189.75	   0.039594	-9.7531e+92	-9.7531e+92	 0.00011918	 8.5581e-05	     0.0000	-0.00029277	 0.00064226	 -0.0015276	
16	0	   0.058021	     0.0000	     217.18	   0.023165	-9.7531e+92	-9.7531e+92	     0.0000	 0.00010871	     0.0000	     0.0000	-7.9556e-11	     0.0000	
16	1	   0.071922	     0.0000	     207.46	   0.027791	-9.7531e+92	-9.7531e+92	     0.0000	 0.00013925	     0.0000	     0.0000	-1.0642e-10	     0.0000	
16	2	   0.043471	     0.0000	     68.097	     1.5042	-9.7531e+92	-9.7531e+92	     0.0000	 8.5196e-05	     0.0000	     0.0000	-6.9689e-11	     0.0000	
16	3	   0.014412	     0.0000	     111.94	    0.30495	-9.7531e+92	-9.7531e+92	     0.0000	 2.6718e-05	     0.0000	     0.0000	-2.2641e-11	     0.0000	
16	4	  0.0094063	     0.0000	     75.439	     1.1432	-9.7531e+92	-9.7531e+92	     0.0000	 2.0862e-05	     0.0000	     0.0000	-1.6301e-11	     0.0000	
16	5	   0.039942	     0.0000	     71.546	     1.3237	-9.7531e+92	-9.7531e+92	     0.0000	 9.6161e-05	     0.0000	     0.0000	-7.1538e-11	     0.0000	
16	6	    0.23922	     0.0000	     111.89	    0.30549	-9.7531e+92	-9.7531e+92	     0.0000	 0.00052945	     0.0000	     0.0000	-4.1728e-10	     0.0000	
16	7	  0.0087929	     0.0000	     137.28	    0.14083	-9.7531e+92	-9.7531e+92	     0.0000	 1.9640e-05	     0.0000	     0.0000	-1.5564e-11	     0.0000	
16	8	  0.0085476	     0.0000	     112.87	    0.29583	-9.7531e+92	-9.7531e+92	     0.0000	 2.1471e-05	     0.0000	     0.0000	-1.5686e-11	     0.0000	
16	9	   0.016305	     0.0000	     159.83	   0.077890	-9.7531e+92	-9.7531e+92	     0.0000	 3.7483e-05	     0.0000	     0.0000	-2.7712e-11	     0.0000	
16	10	   0.081214	     0.0000	     147.94	    0.10538	-9.7531e+92	-9.7531e+92	     0.0000	 0.00020766	     0.0000	     0.0000	-1.4913e-10	     0.0000	
16	11	   0.073016	     0.0000	     142.85	    0.12075	-9.7531e+92	-9.7531e+92	     0.0000	 0.00018128	     0.0000	     0.0000	-1.3374e-10	     0.0000	
16	12	   0.026530	     0.0000	     115.95	    0.26758	-9.7531e+92	-9.7531e+92	     0.0000	 6.7396e-05	     0.0000	     0.0000	-4.8775e-11	     0.0000	
16	13	   0.031108	     0.0000	     153.85	   0.090443	-9.7531e+92	-9.7531e+92	     0.0000	 6.3994e-05	     0.0000	     0.0000	-5.2345e-11	     0.0000	
16	14	   0.043389	     0.0000	     121.20	    0.22662	-9.7531e+92	-9.7531e+92	     0.0000	 9.3126e-05	     0.0000	     0.0000	-7.2702e-11	     0.0000	
16	15	   0.059002	     0.0000	     65.362	     1.6609	-9.7531e+92	-9.7531e+92	     0.0000	 0.00013543	     0.0000	     0.0000	-1.0433e-10	     0.0000	
16	16	     0.0000	     0.0000	     0.0000	     4.0000	-9.7531e+92	-9.7531e+92	     0.0000	     0.0000	     0.0000	     0.0000	     0.0000	     0.0000	
16	17	   0.035821	     0.0000	     148.25	    0.10451	-9.7531e+92	-9.7531e+92	     0.0000	 8.7439e-05	     0.0000	     0.0000	 3.0630e-12	     0.0000	
16	18	   0.020385	     0.0000	     110.59	    0.31898	-9.7531e+92	-9.7531e+92	     0.0000	 4.3596e-05	     0.0000	     0.0000	-3.4634e-11	     0.0000	
16	19	   0.011930	     0.0000	     73.024	     1.2523	-9.7531e+92	-9.7531e+92	     0.0000	 2.9904e-05	     0.0000	     0.0000	-2.1734e-11	     0.0000	
16	20	   0.016634	     0.0000	     74.477	     1.1855	-9.7531e+92	-9.7531e+92	     0.0000	 4.0979e-05	     0.0000	     0.0000	-3.0404e-11	     0.0000	
16	21	  0.0097589	     0.0000	     180.81	   0.047925	-9.7531e+92	-9.7531e+92	     0.0000	 2.2786e-05	     0.0000	     0.0000	-1.7370e-11	     0.0000	
16	22	  0.0015550	     0.0000	     106.73	    0.36321	-9.7531e+92	-9.7531e+92	     0.0000	 4.0039e-06	     0.0000	     0.0000	-2.7519e-12	     0.0000	
16	23	   0.035264	     0.0000	     136.77	    0.14287	-9.7531e+92	-9.7531e+92	     0.0000	 8.4934e-05	     0.0000	     0.0000	-6.4119e-11	     0.0000	
16	24	   0.018107	     0.0000	     177.80	   0.051213	-9.7531e+92	-9.7531e+92	     0.0000	 4.4554e-05	     0.0000	     0.0000	-3.3148e-11	     0.0000	
17	0	 5.9395e-11	 2.7474e-11	     353.56	  0.0033150	-9.7531e+92	-9.7531e+92	  0.0018618	 6.3210e-06	     0.0000	 -0.0073612	-4.8538e-05	   0.080987	
17	1	 3.4948e-11	 1.6166e-11	     342.57	  0.0037606	-9.7531e+92	-9.7531e+92	  0.0020472	 6.2365e-06	     0.0000	 -0.0074675	-5.6091e-05	    0.10199	
17	2	    0.15540	   0.071883	     160.64	   0.076357	-9.7531e+92	-9.7531e+92	   0.042583	  0.0097775	   0.012460	   0.061164	   -0.20306	   -0.10722	
17	3	    0.39097	    0.18085	     122.41	    0.21829	-9.7531e+92	-9.7531e+92	   0.081637	   0.020470	   0.043018	   0.096903	   -0.59771	   -0.39731	
17	4	    0.41891	    0.19377	     73.525	     1.2289	-9.7531e+92	-9.7531e+92	   0.061442	   0.012137	   0.050044	   0.028526	   -0.46287	   -0.43998	
17	5	 3.5887e-12	 1.6600e-12	     219.60	   0.022168	-9.7531e+92	-9.7531e+92	 0.00028607	 6.5618e-06	     0.0000	 -0.0020508	-9.7061e-05	   0.020917	
17	6	 1.2294e-10	 5.6870e-11	     251.72	   0.012870	-9.7531e+92	-9.7531e+92	  0.0022617	 6.3411e-06	     0.0000	 -0.0092723	-9.2371e-05	    0.13141	
17	7	 2.3477e-11	 1.0860e-11	     281.54	  0.0082346	-9.7531e+92	-9.7531e+92	  0.0016993	 6.3676e-06	     0.0000	     0.0000	-9.4190e-05	    0.12447	
17	8	 2.1866e-11	 1.0114e-11	     258.50	   0.011577	-9.7531e+92	-9.7531e+92	 3.5296e-05	 6.7437e-06	     0.0000	-0.00049506	-9.9985e-05	  0.0011465	
17	9	 6.4380e-13	 2.9780e-13	     293.28	  0.0069951	-9.7531e+92	-9.7531e+92	 0.00099323	 6.4278e-06	     0.0000	     0.0000	-9.5243e-05	   0.075889	
17	10	 2.2966e-11	 1.0623e-11	     270.72	  0.0096279	-9.7531e+92	-9.7531e+92	 1.7167e-05	 6.7825e-06	     0.0000	-3.1690e-05	-0.00010132	 4.7651e-05	
17	11	 7.3582e-11	 3.4037e-11	     290.18	  0.0072979	-9.7531e+92	-9.7531e+92	 1.7934e-05	 6.7755e-06	     0.0000	-4.0038e-05	-0.00010118	 0.00011781	
17	12	 8.6013e-12	 3.9787e-12	     225.22	   0.020047	-9.7531e+92	-9.7531e+92	 2.5340e-05	 6.6832e-06	     0.0000	-0.00017503	-0.00010067	 0.00027823	
17	13	 5.4996e-11	 2.5439e-11	     287.27	  0.0075975	-9.7531e+92	-9.7531e+92	  0.0051542	 6.2652e-06	     0.0000	     0.0000	-6.8947e-05	    0.11420	
17	14	 9.0269e-11	 4.1755e-11	     254.84	   0.012253	-9.7531e+92	-9.7531e+92	  0.0076342	 6.2619e-06	     0.0000	     0.0000	-7.9567e-05	    0.10439	
17	15	  0.0030597	  0.0014153	     175.81	   0.053534	-9.7531e+92	-9.7531e+92	   0.013413	 0.00026784	     0.0000	 -0.0075271	 -0.0043442	   0.036521	
17	16	 7.9028e-11	 3.6555e-11	     148.25	    0.10451	-9.7531e+92	-9.7531e+92	 1.5415e-05	 6.5256e-06	     0.0000	 1.3738e-09	-3.6783e-05	-3.1283e-09	
17	17	     0.0000	     0.0000	     0.0000	     4.0000	-9.7531e+92	-9.7531e+92	    0.23361	     0.0000	    0.23272	     0.0000	     0.0000	     0.0000	
17	18	 9.2333e-11	 4.2710e-11	     258.46	   0.011584	-9.7531e+92	-9.7531e+92	  0.0021398	 6.2427e-06	     0.0000	  -0.010665	-8.6748e-05	    0.13864	
17	19	 1.5765e-10	 7.2926e-11	     187.53	   0.041480	-9.7531e+92	-9.7531e+92	 0.00023329	 6.4388e-06	     0.0000	-0.00037596	-9.7283e-05	 0.00077888	
17	20	 7.8205e-12	 3.6175e-12	     207.02	   0.028026	-9.7531e+92	-9.7531e+92	 9.1860e-05	 6.6394e-06	     0.0000	 -0.0012878	-9.9733e-05	  0.0029321	
17	21	 1.6803e-11	 7.7723e-12	     326.31	  0.0045671	-9.7531e+92	-9.7531e+92	 0.00035346	 6.6402e-06	     0.0000	 -0.0077287	-9.6190e-05	   0.042016	
17	22	   0.031658	   0.014644	     106.10	    0.37108	-9.7531e+92	-9.7531e+92	  0.0048294	  0.0021822	  0.0043530	  0.0097785	  -0.025341	  -0.028155	
17	23	 3.3277e-11	 1.5393e-11	     284.58	  0.0078888	-9.7531e+92	-9.7531e+92	 0.00011759	 6.7097e-06	     0.0000	-0.00093378	-9.9898e-05	   0.014292	
17	24	 4.0343e-11	 1.8661e-11	     325.25	  0.0046269	-9.7531e+92	-9.7531e+92	 1.7332e-05	 6.7941e-06	     0.0000	-3.7078e-05	-0.00010103	 0.00029055	
18	0	    0.19132	     1.0334	     116.29	    0.26473	-9.7531e+92	-9.7531e+92	    0.39432	    0.42513	     0.0000	   0.018774	    -6.8453	   -0.96527	
18	1	    0.15095	    0.81535	     111.77	    0.30668	-9.7531e+92	-9.7531e+92	    0.37569	    0.32148	     0.0000	  0.0074106	    -6.1962	   -0.45199	
18	2	  0.0068788	   0.037155	     137.27	    0.14087	-9.7531e+92	-9.7531e+92	   0.051348	   0.020811	     0.0000	   -0.11596	   -0.25554	    0.67191	
18	3	 1.2753e-05	 6.8886e-05	     199.21	   0.032649	-9.7531e+92	-9.7531e+92	   0.030722	 0.00021633	     0.0000	   -0.11332	 -0.0027352	    0.93043	
18	4	 5.0214e-07	 2.7123e-06	     186.18	   0.042684	-9.7531e+92	-9.7531e+92	  0.0047952	 0.00021466	     0.0000	  -0.044260	 -0.0029789	    0.30624	
18	5	    0.11209	    0.60546	     53.346	     2.4617	-9.7531e+92	-9.7531e+92	    0.16847	    0.28385	   0.088808	   0.025378	    -4.7416	    -1.2471	
18	6	    0.14213	    0.76768	     36.723	     3.5078	-9.7531e+92	-9.7531e+92	    0.34295	    0.27529	     0.0000	     0.0000	    -6.0782	   -0.55520	
18	7	    0.10140	    0.54769	     38.248	     3.4331	-9.7531e+92	-9.7531e+92	    0.28565	    0.25271	     0.0000	     0.0000	    -4.4587	   -0.14705	
18	8	 0.00086637	  0.0046796	     75.421	     1.1439	-9.7531e+92	-9.7531e+92	  0.0045047	  0.0023129	     0.0000	 9.1789e-05	  -0.037088	-0.00091808	
18	9	  0.0021353	   0.011534	     96.665	    0.51699	-9.7531e+92	-9.7531e+92	   0.093505	  0.0061699	     0.0000	     0.0000	  -0.098990	    0.66012	
18	10	 2.1023e-14	 1.1355e-13	     118.82	    0.24422	-9.7531e+92	-9.7531e+92	 0.00023665	 0.00018916	     0.0000	-7.1163e-05	 -0.0028282	 0.00042379	
18	11	 1.9121e-05	 0.00010328	     81.269	    0.91620	-9.7531e+92	-9.7531e+92	 0.00043573	 0.00021042	     0.0000	-5.7484e-05	 -0.0033345	 0.00070190	
18	12	 1.0267e-13	 5.5457e-13	     120.73	    0.22996	-9.7531e+92	-9.7531e+92	 0.00065134	 0.00018609	     0.0000	-0.00038369	 -0.0028044	  0.0024749	
18	13	   0.099150	    0.53555	     87.611	    0.72124	-9.7531e+92	-9.7531e+92	    0.27572	    0.21686	     0.0000	     0.0000	    -4.3262	   0.055617	
18	14	    0.10307	    0.55672	     78.249	     1.0276	-9.7531e+92	-9.7531e+92	    0.25734	    0.26279	     0.0000	     0.0000	    -4.3359	   -0.19907	
18	15	 0.00045004	  0.0024308	     116.73	    0.26100	-9.7531e+92	-9.7531e+92	   0.014436	  0.0015684	     0.0000	  -0.021422	  -0.023453	    0.36393	
18	16	 1.2323e-14	 6.6560e-14	     110.59	    0.31898	-9.7531e+92	-9.7531e+92	 0.00018000	 0.00020276	     0.0000	 3.3963e-09	 -0.0030631	-5.8392e-08	
18	17	 5.7904e-14	 3.1276e-13	     258.46	   0.011584	-9.7531e+92	-9.7531e+92	 0.00036428	 0.00023057	     0.0000	 -0.0039461	 -0.0032962	   0.024296	
18	18	     0.0000	     0.0000	     0.0000	     4.0000	-9.7531e+92	-9.7531e+92	     2.9037	     0.0000	     2.3295	     0.0000	     0.0000	     0.0000	
18	19	 2.7800e-07	 1.5016e-06	     118.15	    0.24945	-9.7531e+92	-9.7531e+92	  0.0016651	 0.00019446	     0.0000	-0.00080434	 -0.0029371	  0.0069432	
18	20	 0.00054687	  0.0029539	     90.275	    0.65310	-9.7531e+92	-9.7531e+92	   0.010880	  0.0012466	     0.0000	-0.00092543	  -0.021573	   0.010833	
18	21	   0.015649	   0.084525	     79.511	    0.97945	-9.7531e+92	-9.7531e+92	   0.071155	   0.043242	     0.0000	 -0.0088311	   -0.70569	    0.18031	
18	22	 7.0390e-14	 3.8021e-13	     205.13	   0.029065	-9.7531e+92	-9.7531e+92	 0.00027667	 0.00023015	     0.0000	 -0.0019807	 -0.0032601	   0.012553	
18	23	   0.073167	    0.39521	     36.898	     3.4995	-9.7531e+92	-9.7531e+92	    0.11074	    0.16892	   0.057261	  0.0029340	    -2.8779	   -0.72493	
18	24	 0.00016266	 0.00087859	     74.739	     1.1738	-9.7531e+92	-9.7531e+92	  0.0011312	 0.00052976	     0.0000	-4.9473e-06	 -0.0086481	 0.00036830	
19	0	 0.00044679	 0.00032193	     234.49	   0.017074	-9.7531e+92	-9.7531e+92	  0.0099522	 3.5055e-05	     0.0000	 -0.0073035	 -0.0059390	     1.0396	
19	1	 0.00017330	 0.00012487	     226.57	   0.019575	-9.7531e+92	-9.7531e+92	  0.0099195	 1.6236e-05	     0.0000	 -0.0074327	 -0.0028728	     1.2414	
19	2	    0.13493	   0.097225	     139.30	    0.13308	-9.7531e+92	-9.7531e+92	   0.034521	  0.0086953	     0.0000	   0.057525	    -1.7692	   -0.88836	
19	3	  0.0052450	  0.0037792	     184.07	   0.044655	-9.7531e+92	-9.7531e+92	   0.020825	 0.00032026	     0.0000	  -0.044001	  -0.067791	    0.97082	
19	4	   0.040293	   0.029033	     119.82	    0.23665	-9.7531e+92	-9.7531e+92	   0.010689	  0.0027022	     0.0000	   0.011603	   -0.56150	   -0.21194	
19	5	    0.36632	    0.26395	     64.874	     1.6901	-9.7531e+92	-9.7531e+92	   0.075854	   0.023836	   0.065227	   0.029998	    -5.1259	    -4.7861	
19	6	  0.0093712	  0.0067523	     133.74	    0.15573	-9.7531e+92	-9.7531e+92	   0.016611	 0.00064618	     0.0000	 -0.0083433	   -0.13185	     1.1778	
19	7	 0.00022291	 0.00016062	     154.38	   0.089237	-9.7531e+92	-9.7531e+92	   0.012992	 2.0002e-05	     0.0000	     0.0000	 -0.0040760	     1.2233	
19	8	   0.054417	   0.039210	     80.536	    0.94205	-9.7531e+92	-9.7531e+92	   0.012238	  0.0037496	   0.011622	   0.029627	   -0.77077	   -0.73868	
19	9	 1.2245e-13	 8.8232e-14	     193.08	   0.036956	-9.7531e+92	-9.7531e+92	  0.0031998	 4.7357e-06	     0.0000	     0.0000	-0.00094428	    0.74370	
19	10	 6.3110e-05	 4.5473e-05	     85.643	    0.77653	-9.7531e+92	-9.7531e+92	 0.00035993	 8.5197e-06	 0.00028854	 2.4555e-05	 -0.0017568	-0.00040307	
19	11	 6.6834e-07	 4.8157e-07	     108.78	    0.33886	-9.7531e+92	-9.7531e+92	 0.00043231	 4.8614e-06	 0.00032645	-3.8079e-05	-0.00096996	  0.0011172	
19	12	   0.048575	   0.035000	     44.530	     3.0689	-9.7531e+92	-9.7531e+92	   0.010560	  0.0017134	   0.010375	   0.012662	   -0.31086	   -0.29134	
19	13	  0.0048121	  0.0034673	     184.51	   0.044238	-9.7531e+92	-9.7531e+92	   0.011109	 0.00033428	     0.0000	     0.0000	  -0.061750	     1.2224	
19	14	  0.0054858	  0.0039527	     166.55	   0.066257	-9.7531e+92	-9.7531e+92	   0.015552	 0.00038688	     0.0000	     0.0000	  -0.073452	     1.0349	
19	15	  0.0016806	  0.0012110	     131.26	    0.16732	-9.7531e+92	-9.7531e+92	  0.0042408	 0.00012332	     0.0000	 -0.0084972	  -0.024700	    0.37698	
19	16	 5.1952e-13	 3.7433e-13	     73.024	     1.2523	-9.7531e+92	-9.7531e+92	 2.4012e-05	 4.7978e-06	     0.0000	 1.2866e-09	-0.00093472	-6.0671e-08	
19	17	 2.5941e-13	 1.8691e-13	     187.53	   0.041480	-9.7531e+92	-9.7531e+92	 0.00042858	 4.8128e-06	     0.0000	 -0.0016256	-0.00096231	   0.026150	
19	18	   0.081789	   0.058932	     118.15	    0.24945	-9.7531e+92	-9.7531e+92	   0.048818	  0.0054496	     0.0000	 -0.0023491	    -1.1187	    0.32686	
19	19	     0.0000	     0.0000	     0.0000	     4.0000	-9.7531e+92	-9.7531e+92	    0.36499	     0.0000	    0.36455	     0.0000	     0.0000	     0.0000	
19	20	    0.24234	    0.17462	     28.400	     3.8088	-9.7531e+92	-9.7531e+92	   0.050193	   0.011927	   0.048693	   0.081289	    -2.8978	    -2.7834	
19	21	 6.5940e-14	 4.7512e-14	     197.71	   0.033641	-9.7531e+92	-9.7531e+92	  0.0020495	 4.8164e-06	     0.0000	 -0.0077052	-0.00094694	    0.41051	
19	22	  0.0038120	  0.0027467	     93.933	    0.57085	-9.7531e+92	-9.7531e+92	 0.00092057	 0.00023275	 0.00017841	  0.0018700	  -0.048748	  -0.034725	
19	23	 1.0047e-05	 7.2392e-06	     121.29	    0.22600	-9.7531e+92	-9.7531e+92	  0.0039282	 5.5549e-06	     0.0000	-0.00092706	 -0.0011041	    0.13743	
19	24	 1.7749e-13	 1.2789e-13	     150.08	   0.099629	-9.7531e+92	-9.7531e+92	 6.3749e-05	 4.8948e-06	     0.0000	-3.6956e-05	-0.00096403	  0.0027846	
20	0	  0.0012187	  0.0010339	     206.61	   0.028245	-9.7531e+92	-9.7531e+92	   0.022833	 0.00018346	     0.0000	  -0.014157	  -0.022204	     1.4855	
20	1	 0.00011618	 9.8566e-05	     199.20	   0.032652	-9.7531e+92	-9.7531e+92	   0.021830	 2.5839e-05	     0.0000	  -0.014536	 -0.0032779	     1.7929	
20	2	  0.0086617	  0.0073485	     139.77	    0.13137	-9.7531e+92	-9.7531e+92	  0.0092257	  0.0012078	     0.0000	  -0.091064	   -0.17182	     1.0432	
20	3	 0.00015591	 0.00013228	     185.64	   0.043179	-9.7531e+92	-9.7531e+92	  0.0054525	 2.8859e-05	     0.0000	  -0.091640	 -0.0042602	     1.4972	
20	4	  0.0015646	  0.0013274	     135.08	    0.14987	-9.7531e+92	-9.7531e+92	  0.0016960	 0.00023805	     0.0000	  -0.033556	  -0.034240	    0.45310	
20	5	    0.16534	    0.14028	     39.691	     3.3571	-9.7531e+92	-9.7531e+92	   0.050848	   0.017665	   0.038336	  0.0057165	    -3.2603	    -2.7799	
20	6	   0.020584	   0.017464	     111.59	    0.30852	-9.7531e+92	-9.7531e+92	   0.027427	  0.0029368	     0.0000	  -0.014202	   -0.43495	     1.4915	
20	7	 0.00047037	 0.00039906	     126.68	    0.19164	-9.7531e+92	-9.7531e+92	   0.019888	 7.7760e-05	     0.0000	     0.0000	  -0.011400	     1.7746	
20	8	   0.029917	   0.025381	     51.987	     2.5582	-9.7531e+92	-9.7531e+92	  0.0087367	  0.0036140	  0.0080115	   0.021672	   -0.57533	   -0.52299	
20	9	 4.4434e-07	 3.7698e-07	     174.09	   0.055651	-9.7531e+92	-9.7531e+92	  0.0058841	 1.0058e-05	     0.0000	     0.0000	 -0.0014345	     1.0821	
20	10	 0.00031717	 0.00026909	     74.457	     1.1864	-9.7531e+92	-9.7531e+92	 0.00048660	 4.8535e-05	 0.00040254	 0.00037260	 -0.0072651	 -0.0050395	
20	11	 0.00020065	 0.00017023	     83.734	    0.83452	-9.7531e+92	-9.7531e+92	 0.00039414	 3.8922e-05	 0.00026949	 9.9490e-05	 -0.0056926	 -0.0024127	
20	12	   0.064182	   0.054452	     45.010	     3.0379	-9.7531e+92	-9.7531e+92	   0.014540	  0.0065051	   0.014323	   0.048587	   -0.98159	   -0.89951	
20	13	  0.0046455	  0.0039412	     165.04	   0.068678	-9.7531e+92	-9.7531e+92	   0.018411	 0.00067428	     0.0000	     0.0000	  -0.089574	     1.7725	
20	14	  0.0035124	  0.0029799	     147.73	    0.10597	-9.7531e+92	-9.7531e+92	   0.019593	 0.00052416	     0.0000	     0.0000	  -0.071229	     1.5381	
20	15	 0.00028207	 0.00023931	     124.66	    0.20372	-9.7531e+92	-9.7531e+92	  0.0017113	 5.2307e-05	     0.0000	  -0.017456	 -0.0074414	    0.57643	
20	16	 1.7175e-16	 1.4571e-16	     74.477	     1.1855	-9.7531e+92	-9.7531e+92	 2.8273e-05	 1.0051e-05	     0.0000	 2.4534e-09	 -0.0014103	-8.8606e-08	
20	17	 1.8742e-15	 1.5900e-15	     207.02	   0.028026	-9.7531e+92	-9.7531e+92	 9.2825e-05	 1.0374e-05	     0.0000	 -0.0031951	 -0.0014579	   0.038083	
20	18	    0.59551	    0.50522	     90.275	    0.65310	-9.7531e+92	-9.7531e+92	    0.15058	   0.079752	   0.060388	   0.078594	    -12.285	    -9.4292	
20	19	    0.10278	   0.087197	     28.400	     3.8088	-9.7531e+92	-9.7531e+92	   0.024814	  0.0093806	   0.024305	   0.040519	    -1.6215	    -1.4863	
20	20	     0.0000	     0.0000	     0.0000	     4.0000	-9.7531e+92	-9.7531e+92	    0.43211	     0.0000	    0.43035	     0.0000	     0.0000	     0.0000	
20	21	 1.1068e-07	 9.3904e-08	     169.84	   0.061351	-9.7531e+92	-9.7531e+92	  0.0042702	 1.0159e-05	     0.0000	  -0.015061	 -0.0014315	    0.59736	
20	22	 4.5440e-06	 3.8551e-06	     116.48	    0.26308	-9.7531e+92	-9.7531e+92	 0.00010893	 1.0672e-05	     0.0000	 -0.0015153	 -0.0015193	   0.019282	
20	23	 0.00053695	 0.00045554	     93.058	    0.58941	-9.7531e+92	-9.7531e+92	  0.0072496	 9.0753e-05	     0.0000	 -0.0016869	  -0.013065	    0.18939	
20	24	 5.5131e-09	 4.6773e-09	     121.85	    0.22210	-9.7531e+92	-9.7531e+92	 9.5957e-05	 1.0229e-05	     0.0000	-7.2139e-05	 -0.0014540	  0.0040552	
21	0	    0.11647	    0.25058	     39.458	     3.3697	-9.7531e+92	-9.7531e+92	    0.11743	   0.068119	     0.0000	     0.0000	    0.85453	   0.010835	
21	1	   0.099439	    0.21394	     57.297	     2.1839	-9.7531e+92	-9.7531e+92	    0.11975	   0.057586	     0.0000	     0.0000	    0.61143	     0.0000	
21	2	 0.00017609	 0.00037885	     197.19	   0.033993	-9.7531e+92	-9.7531e+92	   0.020050	 0.00023526	     0.0000	  -0.016427	  0.0032071	  -0.028823	
21	3	 3.8893e-06	 8.3679e-06	     259.71	   0.011362	-9.7531e+92	-9.7531e+92	   0.011749	 6.2993e-05	     0.0000	  -0.014400	 0.00095469	  -0.037356	
21	4	 9.8403e-14	 2.1171e-13	     253.96	   0.012424	-9.7531e+92	-9.7531e+92	  0.0018086	 6.8728e-05	     0.0000	 -0.0056237	 0.00081243	  -0.010715	
21	5	 0.00013112	 0.00028211	     132.91	    0.15951	-9.7531e+92	-9.7531e+92	  0.0065125	 0.00019990	     0.0000	-0.00062122	  0.0023909	 -0.0062963	
21	6	   0.018675	   0.040179	     78.899	     1.0025	-9.7531e+92	-9.7531e+92	   0.096392	   0.016488	     0.0000	 -0.0022837	    0.23140	  -0.033692	
21	7	   0.057861	    0.12449	     44.967	     3.0407	-9.7531e+92	-9.7531e+92	   0.091033	   0.047382	     0.0000	     0.0000	    0.74851	  -0.013827	
21	8	 1.2462e-05	 2.6811e-05	     132.38	    0.16196	-9.7531e+92	-9.7531e+92	 0.00029685	 8.2503e-05	     0.0000	-0.00014893	 0.00094389	-0.00033454	
21	9	  0.0051930	   0.011173	     83.320	    0.84769	-9.7531e+92	-9.7531e+92	   0.043566	  0.0047957	     0.0000	     0.0000	   0.065813	  -0.021200	
21	10	 7.1910e-14	 1.5472e-13	     171.26	   0.059366	-9.7531e+92	-9.7531e+92	 8.0322e-05	 7.1940e-05	     0.0000	-9.6859e-06	 0.00077951	-1.3957e-05	
21	11	 3.0482e-14	 6.5583e-14	     128.65	    0.18069	-9.7531e+92	-9.7531e+92	 9.2202e-05	 6.8005e-05	     0.0000	-1.2237e-05	 0.00080014	-3.4562e-05	
21	12	 6.9956e-13	 1.5051e-12	     187.39	   0.041605	-9.7531e+92	-9.7531e+92	 9.9974e-05	 7.1756e-05	     0.0000	-5.3497e-05	 0.00077761	-8.1532e-05	
21	13	    0.61691	     1.3273	     76.619	     1.0932	-9.7531e+92	-9.7531e+92	    0.37447	    0.50968	    0.15053	     0.0000	     7.1189	    0.22972	
21	14	   0.029118	   0.062648	     101.18	    0.44014	-9.7531e+92	-9.7531e+92	   0.065408	   0.025903	     0.0000	     0.0000	    0.35651	  -0.025160	
21	15	 1.6843e-06	 3.6237e-06	     175.65	   0.053734	-9.7531e+92	-9.7531e+92	  0.0049579	 7.0316e-05	     0.0000	 -0.0027643	 0.00081996	  -0.012619	
21	16	 9.0283e-15	 1.9424e-14	     180.81	   0.047925	-9.7531e+92	-9.7531e+92	 7.1700e-05	 6.9223e-05	     0.0000	 4.5083e-10	 0.00080893	 1.9098e-09	
21	17	 8.0204e-13	 1.7256e-12	     326.31	  0.0045671	-9.7531e+92	-9.7531e+92	 0.00014128	 7.3606e-05	     0.0000	-0.00050139	 0.00076475	-0.00080110	
21	18	   0.052544	    0.11305	     79.511	    0.97945	-9.7531e+92	-9.7531e+92	   0.095574	   0.044260	     0.0000	 -0.0016503	    0.64027	  -0.023591	
21	19	 2.2462e-13	 4.8326e-13	     197.71	   0.033641	-9.7531e+92	-9.7531e+92	 0.00015112	 7.1581e-05	     0.0000	-0.00011492	 0.00078024	-0.00023009	
21	20	 1.4509e-13	 3.1215e-13	     169.84	   0.061351	-9.7531e+92	-9.7531e+92	 0.00051093	 6.8723e-05	     0.0000	-0.00039361	 0.00079363	-0.00086911	
21	21	     0.0000	     0.0000	     0.0000	     4.0000	-9.7531e+92	-9.7531e+92	     1.0945	     0.0000	     1.0304	     0.0000	     0.0000	     0.0000	
21	22	 3.5687e-13	 7.6781e-13	     284.69	  0.0078758	-9.7531e+92	-9.7531e+92	 0.00010731	 7.3969e-05	     0.0000	-0.00025284	 0.00076721	-0.00041510	
21	23	  0.0030616	  0.0065871	     78.648	     1.0121	-9.7531e+92	-9.7531e+92	  0.0061563	  0.0030043	     0.0000	-0.00019670	   0.039116	 -0.0029233	
21	24	 0.00041096	 0.00088417	     85.071	    0.79345	-9.7531e+92	-9.7531e+92	 0.00036855	 0.00045948	     0.0000	 1.2122e-05	  0.0062546	 9.1328e-05	
22	0	 2.4431e-11	 1.5316e-11	     321.47	  0.0048482	-9.7531e+92	-9.7531e+92	  0.0025350	 3.3757e-06	     0.0000	 -0.0038545	-3.9656e-05	   0.057743	
22	1	 9.2155e-11	 5.7773e-11	     312.59	  0.0054224	-9.7531e+92	-9.7531e+92	  0.0026940	 3.3339e-06	     0.0000	 -0.0039101	-4.4037e-05	   0.071576	
22	2	    0.11932	   0.074801	     161.29	   0.075160	-9.7531e+92	-9.7531e+92	   0.050814	  0.0041314	  0.0099894	   0.019654	   -0.10966	  -0.043656	
22	3	    0.12588	   0.078918	     164.94	   0.068842	-9.7531e+92	-9.7531e+92	   0.071993	  0.0036750	   0.019651	  0.0074195	   -0.12876	  -0.035754	
22	4	    0.63787	    0.39989	     82.638	    0.86986	-9.7531e+92	-9.7531e+92	    0.11165	   0.011526	   0.096198	   0.034759	   -0.53419	   -0.48192	
22	5	  0.0048466	  0.0030384	     151.89	   0.095092	-9.7531e+92	-9.7531e+92	  0.0039828	 0.00025896	     0.0000	-0.00071965	 -0.0049983	  0.0092954	
22	6	 7.9290e-12	 4.9708e-12	     216.08	   0.023641	-9.7531e+92	-9.7531e+92	  0.0033395	 3.3967e-06	     0.0000	 -0.0048552	-6.5202e-05	   0.087529	
22	7	 3.2569e-11	 2.0418e-11	     241.36	   0.015218	-9.7531e+92	-9.7531e+92	  0.0025572	 3.4109e-06	     0.0000	     0.0000	-6.6264e-05	   0.082753	
22	8	 1.9159e-12	 1.2011e-12	     168.70	   0.062994	-9.7531e+92	-9.7531e+92	 0.00051635	 3.6155e-06	     0.0000	-0.00025921	-6.9609e-05	 0.00075807	
22	9	 5.9560e-12	 3.7339e-12	     266.14	   0.010307	-9.7531e+92	-9.7531e+92	  0.0012612	 3.4473e-06	     0.0000	     0.0000	-6.6897e-05	   0.050392	
22	10	 1.3489e-11	 8.4564e-12	     176.66	   0.052524	-9.7531e+92	-9.7531e+92	 3.6771e-05	 3.6367e-06	     0.0000	-1.6591e-05	-7.0297e-05	 3.1468e-05	
22	11	 7.8135e-12	 4.8984e-12	     200.45	   0.031856	-9.7531e+92	-9.7531e+92	 4.0250e-05	 3.6322e-06	     0.0000	-2.0965e-05	-7.0327e-05	 7.7812e-05	
22	12	 1.6504e-11	 1.0347e-11	     131.16	    0.16782	-9.7531e+92	-9.7531e+92	 0.00045962	 3.5763e-06	 0.00029912	-9.1523e-05	-6.9061e-05	 0.00018375	
22	13	 0.00019695	 0.00012347	     260.15	   0.011286	-9.7531e+92	-9.7531e+92	  0.0058621	 1.3246e-05	     0.0000	     0.0000	-0.00020342	   0.078250	
22	14	  0.0033853	  0.0021223	     227.39	   0.019298	-9.7531e+92	-9.7531e+92	  0.0097225	 0.00017358	     0.0000	     0.0000	 -0.0029820	   0.067840	
22	15	   0.010331	  0.0064766	     163.21	   0.071746	-9.7531e+92	-9.7531e+92	   0.016090	 0.00048191	     0.0000	 -0.0028696	  -0.010224	   0.017491	
22	16	 4.0440e-12	 2.5352e-12	     106.73	    0.36321	-9.7531e+92	-9.7531e+92	 2.0892e-05	 3.5636e-06	     0.0000	 7.6646e-10	-6.6308e-05	-4.3500e-09	
22	17	  0.0051366	  0.0032202	     106.10	    0.37108	-9.7531e+92	-9.7531e+92	  0.0050269	 0.00019133	  0.0038189	 0.00070186	-0.00045936	-0.00030863	
22	18	 0.00095228	 0.00059699	     205.13	   0.029065	-9.7531e+92	-9.7531e+92	  0.0050636	 5.1012e-05	     0.0000	 -0.0055347	-0.00094505	   0.092074	
22	19	   0.081510	   0.051100	     93.933	    0.57085	-9.7531e+92	-9.7531e+92	   0.013159	  0.0041816	   0.012783	   0.029656	  -0.076665	  -0.076225	
22	20	   0.010570	  0.0066262	     116.48	    0.26308	-9.7531e+92	-9.7531e+92	  0.0035796	 0.00056646	  0.0022744	  0.0028544	  -0.011023	 -0.0082117	
22	21	 1.7409e-13	 1.0914e-13	     284.69	  0.0078758	-9.7531e+92	-9.7531e+92	 0.00049265	 3.5571e-06	     0.0000	 -0.0040469	-6.7430e-05	   0.027880	
22	22	     0.0000	     0.0000	     0.0000	     4.0000	-9.7531e+92	-9.7531e+92	    0.31561	     0.0000	    0.31496	     0.0000	     0.0000	     0.0000	
22	23	 1.4365e-11	 9.0056e-12	     209.07	   0.026949	-9.7531e+92	-9.7531e+92	 0.00032241	 3.5956e-06	     0.0000	-0.00048895	-6.9586e-05	  0.0094507	
22	24	 5.5656e-11	 3.4892e-11	     237.89	   0.016122	-9.7531e+92	-9.7531e+92	 2.4991e-05	 3.6412e-06	     0.0000	-1.9415e-05	-7.0242e-05	 0.00019194	
23	0	    0.20227	    0.18124	     119.13	    0.24186	-9.7531e+92	-9.7531e+92	   0.070821	   0.051009	     0.0000	   0.013117	    -2.3181	   -0.81913	
23	1	   0.031855	   0.028543	     132.72	    0.16037	-9.7531e+92	-9.7531e+92	   0.040708	  0.0082024	     0.0000	 -0.0079270	   -0.37790	    0.58452	
23	2	 0.00021860	 0.00019587	     168.40	   0.063436	-9.7531e+92	-9.7531e+92	  0.0050549	 8.2522e-05	     0.0000	  -0.081231	 -0.0036584	    0.56258	
23	3	 7.7192e-06	 6.9165e-06	     228.38	   0.018966	-9.7531e+92	-9.7531e+92	  0.0030736	 1.9950e-05	     0.0000	  -0.071248	-0.00091925	    0.70146	
23	4	 5.2322e-16	 4.6882e-16	     212.30	   0.025355	-9.7531e+92	-9.7531e+92	 0.00049816	 2.0478e-05	     0.0000	  -0.027827	-0.00093618	    0.22856	
23	5	   0.024577	   0.022022	     65.633	     1.6449	-9.7531e+92	-9.7531e+92	   0.012859	  0.0070411	     0.0000	  0.0019715	   -0.34515	  -0.094108	
23	6	    0.11681	    0.10466	     73.330	     1.2380	-9.7531e+92	-9.7531e+92	   0.052318	   0.030589	     0.0000	  0.0016649	    -1.6347	   -0.19242	
23	7	   0.093340	   0.083634	     58.677	     2.0891	-9.7531e+92	-9.7531e+92	   0.045316	   0.025562	     0.0000	     0.0000	    -1.3128	  -0.033857	
23	8	   0.015302	   0.013711	     54.810	     2.3580	-9.7531e+92	-9.7531e+92	  0.0037598	  0.0034792	  0.0029938	  0.0054581	   -0.14547	  -0.075335	
23	9	 0.00036391	 0.00032607	     121.73	    0.22293	-9.7531e+92	-9.7531e+92	   0.011737	 0.00012736	     0.0000	     0.0000	 -0.0061445	    0.50858	
23	10	 8.7198e-06	 7.8131e-06	     95.614	    0.53700	-9.7531e+92	-9.7531e+92	 6.1300e-05	 2.1319e-05	     0.0000	-2.5805e-05	-0.00095682	 0.00020079	
23	11	 0.00087817	 0.00078686	     53.605	     2.4433	-9.7531e+92	-9.7531e+92	 0.00034660	 0.00025043	 0.00021496	 0.00033806	  -0.011001	 -0.0059140	
23	12	 2.8746e-08	 2.5757e-08	     109.85	    0.32696	-9.7531e+92	-9.7531e+92	 8.6896e-05	 2.0035e-05	     0.0000	-0.00025148	-0.00093568	  0.0018394	
23	13	   0.074064	   0.066363	     113.01	    0.29441	-9.7531e+92	-9.7531e+92	   0.040458	   0.019623	     0.0000	     0.0000	   -0.93692	    0.25067	
23	14	   0.028629	   0.025652	     114.84	    0.27739	-9.7531e+92	-9.7531e+92	   0.026266	  0.0080757	     0.0000	     0.0000	   -0.37873	    0.50249	
23	15	 2.3320e-05	 2.0895e-05	     149.47	    0.10124	-9.7531e+92	-9.7531e+92	  0.0014895	 2.7658e-05	     0.0000	  -0.013668	 -0.0012883	    0.27519	
23	16	 4.5531e-16	 4.0796e-16	     136.77	    0.14287	-9.7531e+92	-9.7531e+92	 2.9860e-05	 2.0436e-05	     0.0000	 1.9820e-09	-0.00090365	-4.1642e-08	
23	17	 2.7783e-15	 2.4894e-15	     284.58	  0.0078888	-9.7531e+92	-9.7531e+92	 4.9238e-05	 2.1901e-05	     0.0000	 -0.0024809	-0.00098919	   0.018061	
23	18	    0.38442	    0.34445	     36.898	     3.4995	-9.7531e+92	-9.7531e+92	    0.11269	   0.079052	   0.017436	   0.014176	    -5.4448	    -2.6026	
23	19	 5.1171e-07	 4.5851e-07	     121.29	    0.22600	-9.7531e+92	-9.7531e+92	 0.00016713	 2.0519e-05	     0.0000	-0.00055065	-0.00096244	  0.0051607	
23	20	 0.00031459	 0.00028188	     93.058	    0.58941	-9.7531e+92	-9.7531e+92	  0.0010763	 0.00010691	     0.0000	 -0.0013078	 -0.0053512	   0.016437	
23	21	   0.016096	   0.014422	     78.648	     1.0121	-9.7531e+92	-9.7531e+92	   0.011298	  0.0047857	     0.0000	 -0.0053768	   -0.23074	    0.13006	
23	22	 1.3681e-15	 1.2258e-15	     209.07	   0.026949	-9.7531e+92	-9.7531e+92	 4.0080e-05	 2.1932e-05	     0.0000	 -0.0012511	-0.00098504	  0.0093335	
23	23	     0.0000	     0.0000	     0.0000	     4.0000	-9.7531e+92	-9.7531e+92	    0.45322	     0.0000	    0.44435	     0.0000	     0.0000	     0.0000	
23	24	   0.010820	  0.0096952	     40.708	     3.3006	-9.7531e+92	-9.7531e+92	  0.0025117	  0.0029499	  0.0022744	  0.0010058	   -0.13499	  -0.086711	
24	0	    0.19194	   0.099468	     123.34	    0.21210	-9.7531e+92	-9.7531e+92	   0.040948	  0.0019239	     0.0000	 0.00069773	   -0.28896	   -0.14056	
24	1	   0.028948	   0.015002	     142.19	    0.12292	-9.7531e+92	-9.7531e+92	   0.023497	 0.00030203	     0.0000	-0.00048374	  -0.044835	    0.11417	
24	2	 7.3456e-05	 3.8068e-05	     210.29	   0.026336	-9.7531e+92	-9.7531e+92	  0.0023513	 1.4982e-06	     0.0000	 -0.0047827	-0.00023597	    0.10398	
24	3	 7.7292e-07	 4.0055e-07	     270.69	  0.0096323	-9.7531e+92	-9.7531e+92	  0.0014270	 6.7483e-07	     0.0000	 -0.0041859	-0.00011063	    0.13009	
24	4	 3.6437e-13	 1.8883e-13	     253.16	   0.012581	-9.7531e+92	-9.7531e+92	 0.00023596	 7.6331e-07	     0.0000	 -0.0016347	-0.00011943	   0.041650	
24	5	  0.0024300	  0.0012593	     106.34	    0.36810	-9.7531e+92	-9.7531e+92	  0.0048893	 2.9240e-05	     0.0000	-0.00015046	 -0.0045598	   0.021234	
24	6	  0.0072457	  0.0037550	     108.13	    0.34637	-9.7531e+92	-9.7531e+92	   0.016257	 8.0041e-05	     0.0000	-0.00076174	  -0.013120	    0.15100	
24	7	    0.17819	   0.092346	     84.614	    0.80724	-9.7531e+92	-9.7531e+92	   0.036269	  0.0019343	     0.0000	     0.0000	   -0.32126	   -0.15123	
24	8	  0.0028980	  0.0015018	     77.960	     1.0389	-9.7531e+92	-9.7531e+92	 0.00066951	 3.3443e-05	 0.00022652	 9.3663e-05	 -0.0053122	 -0.0036005	
24	9	 0.00019143	 9.9205e-05	     149.07	    0.10229	-9.7531e+92	-9.7531e+92	  0.0063224	 2.9667e-06	     0.0000	     0.0000	-0.00046891	   0.092696	
24	10	 5.8378e-05	 3.0253e-05	     102.71	    0.41717	-9.7531e+92	-9.7531e+92	 4.3674e-05	 1.4630e-06	     0.0000	 1.9686e-06	-0.00022426	-4.4276e-05	
24	11	  0.0055936	  0.0028988	     56.094	     2.2676	-9.7531e+92	-9.7531e+92	 0.00076976	 4.6030e-05	 0.00069362	 6.7679e-05	 -0.0050192	 -0.0044316	
24	12	 7.2744e-14	 3.7699e-14	     132.31	    0.16230	-9.7531e+92	-9.7531e+92	 3.6794e-05	 8.0531e-07	     0.0000	-1.5310e-05	-0.00012334	 0.00033287	
24	13	   0.011347	  0.0058805	     142.21	    0.12286	-9.7531e+92	-9.7531e+92	   0.016959	 0.00012262	     0.0000	     0.0000	  -0.018617	    0.14348	
24	14	  0.0030282	  0.0015693	     150.00	   0.099849	-9.7531e+92	-9.7531e+92	   0.011911	 3.4242e-05	     0.0000	     0.0000	 -0.0052682	    0.13375	
24	15	 8.3557e-13	 4.3302e-13	     189.75	   0.039594	-9.7531e+92	-9.7531e+92	 0.00067692	 7.8076e-07	     0.0000	-0.00080359	-0.00012129	   0.050041	
24	16	 1.6518e-13	 8.5601e-14	     177.80	   0.051213	-9.7531e+92	-9.7531e+92	 1.7270e-05	 7.9416e-07	     0.0000	 1.0271e-10	-8.9043e-05	-5.5722e-09	
24	17	 9.7482e-14	 5.0519e-14	     325.25	  0.0046269	-9.7531e+92	-9.7531e+92	 2.6515e-05	 8.1829e-07	     0.0000	-0.00014574	-0.00012406	  0.0032683	
24	18	    0.44654	    0.23141	     74.739	     1.1738	-9.7531e+92	-9.7531e+92	   0.071635	  0.0045981	   0.016545	  0.0026700	   -0.78580	   -0.56532	
24	19	 5.6004e-14	 2.9023e-14	     150.08	   0.099629	-9.7531e+92	-9.7531e+92	 6.7348e-05	 8.0592e-07	     0.0000	-3.3203e-05	-0.00012341	 0.00093525	
24	20	 2.3200e-05	 1.2023e-05	     121.85	    0.22210	-9.7531e+92	-9.7531e+92	 0.00036454	 1.0584e-06	     0.0000	-0.00011263	-0.00016587	  0.0034856	
24	21	   0.038878	   0.020148	     85.071	    0.79345	-9.7531e+92	-9.7531e+92	  0.0097719	 0.00044763	     0.0000	 0.00020896	  -0.070714	  -0.015625	
24	22	 2.1031e-13	 1.0899e-13	     237.89	   0.016122	-9.7531e+92	-9.7531e+92	 2.2141e-05	 8.2260e-07	     0.0000	-7.3497e-05	-0.00012382	  0.0016895	
24	23	   0.082617	   0.042815	     40.708	     3.3006	-9.7531e+92	-9.7531e+92	   0.013778	 0.00081853	  0.0086473	 0.00037752	   -0.13400	   -0.11179	
24	24	     0.0000	     0.0000	     0.0000	     4.0000	-9.7531e+92	-9.7531e+92	    0.25924	     0.0000	    0.25910	     0.0000	     0.0000	     0.0000	
