#source	Target	value	weight	distance	potential1	geneCorrelation	separation	influenceWeight	betweenness	influence'Weight	betweenness'	nbetweenness	nbetweenness'	
0	0	     0.0000	     0.0000	     0.0000	     4.0000	-9.7531e+92	-9.7531e+92	     5.4348	     0.0000	     4.6917	     0.0000	     0.0000	     0.0000	
0	1	    0.19504	     2.0384	     35.562	     3.5606	-9.7531e+92	-9.7531e+92	    0.74995	    0.26765	     0.0000	     0.0000	     2.3603	     0.0000	
0	2	 1.2525e-13	 1.3090e-12	     211.35	   0.025814	-9.7531e+92	-9.7531e+92	   0.033878	 0.00011887	     0.0000	     0.0000	  0.0011214	     0.0000	
0	3	 1.4839e-12	 1.5508e-11	     273.88	  0.0091920	-9.7531e+92	-9.7531e+92	  0.0014806	 0.00013772	     0.0000	     0.0000	  0.0011396	     0.0000	
0	4	 9.4522e-12	 9.8785e-11	     281.58	  0.0082298	-9.7531e+92	-9.7531e+92	 0.00089389	 0.00013620	     0.0000	     0.0000	  0.0011143	     0.0000	
0	5	 0.00033849	  0.0035376	     169.69	   0.061568	-9.7531e+92	-9.7531e+92	    0.11756	 0.00080273	     0.0000	     0.0000	  0.0067610	     0.0000	
0	6	   0.051827	    0.54165	     105.31	    0.38136	-9.7531e+92	-9.7531e+92	    0.53390	   0.091098	     0.0000	     0.0000	    0.86890	     0.0000	
0	7	   0.046251	    0.48337	     80.265	    0.95180	-9.7531e+92	-9.7531e+92	    0.35544	   0.075074	     0.0000	     0.0000	    0.78993	     0.0000	
0	8	 6.5880e-12	 6.8852e-11	     172.11	   0.058221	-9.7531e+92	-9.7531e+92	   0.011406	 0.00014331	     0.0000	     0.0000	  0.0010853	     0.0000	
0	9	    0.14566	     1.5223	     86.890	    0.74099	-9.7531e+92	-9.7531e+92	    0.63496	    0.24115	     0.0000	     0.0000	     2.4694	     0.0000	
0	10	 1.3382e-13	 1.3986e-12	     210.64	   0.026161	-9.7531e+92	-9.7531e+92	 0.00051806	 0.00015106	     0.0000	     0.0000	  0.0010628	     0.0000	
0	11	 5.9260e-12	 6.1933e-11	     167.10	   0.065400	-9.7531e+92	-9.7531e+92	  0.0011585	 0.00014627	     0.0000	     0.0000	  0.0010801	     0.0000	
0	12	 3.9248e-12	 4.1018e-11	     226.76	   0.019512	-9.7531e+92	-9.7531e+92	  0.0015669	 0.00014732	     0.0000	     0.0000	  0.0010625	     0.0000	
0	13	   0.075291	    0.78687	     86.013	    0.76580	-9.7531e+92	-9.7531e+92	    0.56038	   0.097874	     0.0000	     0.0000	    0.85456	     0.0000	
0	14	    0.18155	     1.8974	     114.85	    0.27729	-9.7531e+92	-9.7531e+92	    0.76900	    0.28298	     0.0000	     0.0000	     2.6622	     0.0000	
0	15	 5.8735e-12	 6.1384e-11	     189.51	   0.039789	-9.7531e+92	-9.7531e+92	   0.027479	 0.00013787	     0.0000	     0.0000	  0.0011042	     0.0000	
0	16	 1.0277e-13	 1.0740e-12	     217.18	   0.023165	-9.7531e+92	-9.7531e+92	 0.00034829	 0.00014461	     0.0000	     0.0000	  0.0011011	     0.0000	
0	17	 1.1412e-11	 1.1927e-10	     353.56	  0.0033150	-9.7531e+92	-9.7531e+92	 0.00038301	 0.00014865	     0.0000	     0.0000	  0.0010603	     0.0000	
0	18	    0.19803	     2.0696	     116.29	    0.26473	-9.7531e+92	-9.7531e+92	    0.80702	    0.34793	     0.0000	     0.0000	     3.3075	     0.0000	
0	19	 4.4714e-12	 4.6730e-11	     234.49	   0.017074	-9.7531e+92	-9.7531e+92	  0.0019273	 0.00014786	     0.0000	     0.0000	  0.0010685	     0.0000	
0	20	 3.7966e-12	 3.9679e-11	     206.61	   0.028245	-9.7531e+92	-9.7531e+92	   0.013132	 0.00014173	     0.0000	     0.0000	  0.0010831	     0.0000	
0	21	    0.10339	     1.0805	     39.458	     3.3697	-9.7531e+92	-9.7531e+92	    0.36418	    0.17811	     0.0000	     0.0000	     1.8020	     0.0000	
0	22	 2.1020e-13	 2.1968e-12	     321.47	  0.0048482	-9.7531e+92	-9.7531e+92	 0.00040898	 0.00014882	     0.0000	     0.0000	  0.0010636	     0.0000	
0	23	  0.0026184	   0.027365	     119.13	    0.24186	-9.7531e+92	-9.7531e+92	   0.027129	  0.0054342	     0.0000	     0.0000	   0.045749	     0.0000	
0	24	 1.0104e-12	 1.0559e-11	     123.34	    0.21210	-9.7531e+92	-9.7531e+92	  0.0011169	 0.00013283	     0.0000	     0.0000	  0.0011596	     0.0000	
1	0	    0.10997	     1.1903	     35.562	     3.5606	-9.7531e+92	-9.7531e+92	    0.50141	    0.16750	     0.0000	     0.0000	     1.5393	     0.0000	
1	1	     0.0000	     0.0000	     0.0000	     4.0000	-9.7531e+92	-9.7531e+92	     5.6955	     0.0000	     4.7363	     0.0000	     0.0000	     0.0000	
1	2	  0.0010844	   0.011739	     184.62	   0.044134	-9.7531e+92	-9.7531e+92	   0.043610	  0.0026652	     0.0000	     0.0000	   0.025859	     0.0000	
1	3	 6.5187e-12	 7.0563e-11	     244.14	   0.014539	-9.7531e+92	-9.7531e+92	  0.0017276	 0.00017257	     0.0000	     0.0000	  0.0015191	     0.0000	
1	4	 1.4033e-12	 1.5191e-11	     272.02	  0.0094459	-9.7531e+92	-9.7531e+92	 0.00096241	 0.00017054	     0.0000	     0.0000	  0.0014873	     0.0000	
1	5	  0.0030086	   0.032567	     161.91	   0.074033	-9.7531e+92	-9.7531e+92	    0.10767	  0.0075241	     0.0000	     0.0000	   0.068543	     0.0000	
1	6	    0.17361	     1.8792	     96.519	    0.51972	-9.7531e+92	-9.7531e+92	    0.82347	    0.36710	     0.0000	     0.0000	     3.8542	     0.0000	
1	7	    0.13270	     1.4365	     75.481	     1.1413	-9.7531e+92	-9.7531e+92	    0.56950	    0.27682	     0.0000	     0.0000	     2.9992	     0.0000	
1	8	 7.4237e-12	 8.0359e-11	     184.58	   0.044171	-9.7531e+92	-9.7531e+92	  0.0092082	 0.00017704	     0.0000	     0.0000	  0.0014551	     0.0000	
1	9	    0.12225	     1.3233	     55.376	     2.3181	-9.7531e+92	-9.7531e+92	    0.61892	    0.24222	     0.0000	     0.0000	     2.7672	     0.0000	
1	10	 4.9515e-12	 5.3599e-11	     228.04	   0.019080	-9.7531e+92	-9.7531e+92	 0.00050703	 0.00018696	     0.0000	     0.0000	  0.0014273	     0.0000	
1	11	 3.6493e-14	 3.9502e-13	     185.20	   0.043588	-9.7531e+92	-9.7531e+92	  0.0010287	 0.00018094	     0.0000	     0.0000	  0.0014460	     0.0000	
1	12	 7.2645e-13	 7.8635e-12	     231.78	   0.017881	-9.7531e+92	-9.7531e+92	  0.0014377	 0.00018230	     0.0000	     0.0000	  0.0014280	     0.0000	
1	13	   0.069159	    0.74862	     57.043	     2.2015	-9.7531e+92	-9.7531e+92	    0.59637	    0.12063	     0.0000	     0.0000	     1.2698	     0.0000	
1	14	    0.25078	     2.7146	     88.839	    0.68891	-9.7531e+92	-9.7531e+92	    0.95009	    0.47414	     0.0000	     0.0000	     4.8735	     0.0000	
1	15	 6.2191e-12	 6.7320e-11	     167.83	   0.064291	-9.7531e+92	-9.7531e+92	   0.033679	 0.00017040	     0.0000	     0.0000	  0.0014787	     0.0000	
1	16	 1.5831e-11	 1.7136e-10	     207.46	   0.027791	-9.7531e+92	-9.7531e+92	 0.00036074	 0.00018100	     0.0000	     0.0000	  0.0014447	     0.0000	
1	17	 1.0422e-11	 1.1282e-10	     342.57	  0.0037606	-9.7531e+92	-9.7531e+92	 0.00039800	 0.00018550	     0.0000	     0.0000	  0.0014210	     0.0000	
1	18	   0.060567	    0.65561	     111.77	    0.30668	-9.7531e+92	-9.7531e+92	    0.53017	    0.12710	     0.0000	     0.0000	     1.3208	     0.0000	
1	19	 4.8583e-12	 5.2589e-11	     226.57	   0.019575	-9.7531e+92	-9.7531e+92	  0.0017873	 0.00018291	     0.0000	     0.0000	  0.0014355	     0.0000	
1	20	 4.1313e-12	 4.4720e-11	     199.20	   0.032652	-9.7531e+92	-9.7531e+92	   0.011702	 0.00017473	     0.0000	     0.0000	  0.0014546	     0.0000	
1	21	   0.076768	    0.83099	     57.297	     2.1839	-9.7531e+92	-9.7531e+92	    0.30567	    0.15504	     0.0000	     0.0000	     1.8025	     0.0000	
1	22	 2.5678e-12	 2.7796e-11	     312.59	  0.0054224	-9.7531e+92	-9.7531e+92	 0.00042513	 0.00018540	     0.0000	     0.0000	  0.0014259	     0.0000	
1	23	 0.00011525	  0.0012475	     132.72	    0.16037	-9.7531e+92	-9.7531e+92	   0.016947	 0.00046324	     0.0000	     0.0000	  0.0040534	     0.0000	
1	24	 8.4979e-12	 9.1987e-11	     142.19	    0.12292	-9.7531e+92	-9.7531e+92	  0.0010209	 0.00016835	     0.0000	     0.0000	  0.0014945	     0.0000	
2	0	 2.6901e-05	 8.2859e-05	     211.35	   0.025814	-9.7531e+92	-9.7531e+92	   0.073552	 0.00010492	     0.0000	     0.0000	-0.00037314	    0.33190	
2	1	 0.00018714	 0.00057641	     184.62	   0.044134	-9.7531e+92	-9.7531e+92	   0.070650	 0.00027696	     0.0000	     0.0000	 -0.0010103	    0.40110	
2	2	     0.0000	     0.0000	     0.0000	     4.0000	-9.7531e+92	-9.7531e+92	     1.5522	     0.0000	     1.5157	     0.0000	     0.0000	     0.0000	
2	3	   0.014859	   0.045768	     63.167	     1.7950	-9.7531e+92	-9.7531e+92	   0.012403	  0.0082292	   0.010181	   0.031553	   -0.12289	   -0.12014	
2	4	  0.0018482	  0.0056925	     91.235	    0.63030	-9.7531e+92	-9.7531e+92	  0.0033702	  0.0011878	  0.0017770	  0.0042766	  -0.010775	 -0.0084466	
2	5	 0.00012519	 0.00038559	     120.45	    0.23204	-9.7531e+92	-9.7531e+92	   0.017763	 0.00021938	     0.0000	   -0.13583	 -0.0014249	    0.37419	
2	6	  0.0012048	  0.0037109	     118.53	    0.24644	-9.7531e+92	-9.7531e+92	   0.084751	  0.0014009	     0.0000	     0.0000	 -0.0087040	    0.94960	
2	7	 9.6566e-06	 2.9743e-05	     153.12	   0.092143	-9.7531e+92	-9.7531e+92	   0.072924	 8.7651e-05	     0.0000	     0.0000	-0.00055865	    0.62509	
2	8	 9.5881e-14	 2.9532e-13	     174.51	   0.055125	-9.7531e+92	-9.7531e+92	  0.0016816	 8.0121e-05	     0.0000	  -0.060977	-0.00053385	   0.067574	
2	9	 7.0481e-05	 0.00021709	     133.64	    0.15619	-9.7531e+92	-9.7531e+92	    0.12777	 0.00015378	     0.0000	     0.0000	-0.00099828	    0.73734	
2	10	 2.0961e-13	 6.4560e-13	     213.20	   0.024934	-9.7531e+92	-9.7531e+92	 0.00013193	 8.2581e-05	     0.0000	 -0.0042050	-0.00055075	  0.0029705	
2	11	 1.1182e-14	 3.4441e-14	     197.83	   0.033565	-9.7531e+92	-9.7531e+92	 0.00023312	 8.1778e-05	     0.0000	 -0.0080148	-0.00054680	  0.0090179	
2	12	 2.1680e-13	 6.6776e-13	     181.48	   0.047226	-9.7531e+92	-9.7531e+92	 0.00030816	 8.0228e-05	     0.0000	  -0.028690	-0.00054650	   0.019640	
2	13	    0.94797	     2.9198	     127.66	    0.18612	-9.7531e+92	-9.7531e+92	    0.79207	     1.0000	    0.36534	     0.0000	    -3.8497	    -3.5770	
2	14	   0.019746	   0.060820	     97.273	    0.50580	-9.7531e+92	-9.7531e+92	    0.10870	   0.018574	     0.0000	  -0.032130	   -0.13936	    0.58499	
2	15	   0.012946	   0.039875	     21.827	     3.9312	-9.7531e+92	-9.7531e+92	   0.016568	   0.012411	     0.0000	  0.0017170	  -0.067018	  -0.026447	
2	16	 5.0619e-14	 1.5591e-13	     68.097	     1.5042	-9.7531e+92	-9.7531e+92	 0.00010265	 7.7473e-05	     0.0000	 3.1376e-08	-0.00046578	-3.4497e-08	
2	17	 4.3986e-14	 1.3548e-13	     160.64	   0.076357	-9.7531e+92	-9.7531e+92	 0.00022285	 5.7305e-05	     0.0000	-0.00034793	-0.00028160	 0.00018755	
2	18	  0.0010051	  0.0030958	     137.27	    0.14087	-9.7531e+92	-9.7531e+92	    0.10301	  0.0011787	     0.0000	   -0.11084	 -0.0066203	    0.89047	
2	19	 1.2287e-14	 3.7844e-14	     139.30	    0.13308	-9.7531e+92	-9.7531e+92	 0.00036600	 7.9754e-05	     0.0000	  -0.028964	-0.00053104	   0.019897	
2	20	 6.2246e-07	 1.9172e-06	     139.77	    0.13137	-9.7531e+92	-9.7531e+92	  0.0020360	 7.9456e-05	     0.0000	  -0.088550	-0.00053533	   0.095494	
2	21	 2.2734e-13	 7.0022e-13	     197.19	   0.033993	-9.7531e+92	-9.7531e+92	   0.035419	 7.8306e-05	     0.0000	     0.0000	-0.00050442	    0.29027	
2	22	 1.9503e-13	 6.0070e-13	     161.29	   0.075160	-9.7531e+92	-9.7531e+92	 0.00026272	 6.1843e-05	     0.0000	-0.00055666	-0.00035077	 0.00035021	
2	23	 4.0575e-13	 1.2497e-12	     168.40	   0.063436	-9.7531e+92	-9.7531e+92	  0.0030190	 8.1248e-05	     0.0000	 -0.0064669	-0.00053694	   0.066873	
2	24	 8.2301e-14	 2.5349e-13	     210.29	   0.026336	-9.7531e+92	-9.7531e+92	 0.00020863	 8.1766e-05	     0.0000	-0.00046268	-0.00054576	  0.0024936	
3	0	 3.5603e-11	 1.2514e-10	     273.88	  0.0091920	-9.7531e+92	-9.7531e+92	   0.034645	 2.0391e-05	     0.0000	     0.0000	-0.00057705	    0.61139	
3	1	  0.0018234	  0.0064091	     244.14	   0.014539	-9.7531e+92	-9.7531e+92	   0.039250	 0.00056912	     0.0000	     0.0000	  -0.016164	    0.73845	
3	2	    0.34036	     1.1963	     63.167	     1.7950	-9.7531e+92	-9.7531e+92	    0.38396	    0.10236	    0.34224	    0.63458	    -3.5747	    -3.4222	
3	3	     0.0000	     0.0000	     0.0000	     4.0000	-9.7531e+92	-9.7531e+92	     1.8020	     0.0000	     1.7994	     0.0000	     0.0000	     0.0000	
3	4	    0.26744	    0.94003	     82.606	    0.87092	-9.7531e+92	-9.7531e+92	    0.24792	   0.020754	    0.24610	    0.17763	    -2.4996	    -2.4744	
3	5	 0.00082956	  0.0029158	     167.87	   0.064235	-9.7531e+92	-9.7531e+92	   0.018682	 0.00027154	     0.0000	  -0.048471	 -0.0096372	    0.51096	
3	6	   0.012131	   0.042638	     180.81	   0.047921	-9.7531e+92	-9.7531e+92	   0.071053	  0.0035857	     0.0000	     0.0000	   -0.12678	     1.2507	
3	7	 3.4759e-11	 1.2217e-10	     215.68	   0.023812	-9.7531e+92	-9.7531e+92	   0.037026	 2.0366e-05	     0.0000	     0.0000	-0.00071257	    0.87292	
3	8	 2.1383e-11	 7.5160e-11	     221.29	   0.021502	-9.7531e+92	-9.7531e+92	  0.0018655	 2.0786e-05	     0.0000	  -0.022080	-0.00073739	   0.091198	
3	9	 4.1512e-11	 1.4591e-10	     191.41	   0.038254	-9.7531e+92	-9.7531e+92	   0.060024	 2.0043e-05	     0.0000	     0.0000	-0.00071166	     1.0316	
3	10	 6.4413e-12	 2.2641e-11	     258.79	   0.011525	-9.7531e+92	-9.7531e+92	 0.00015805	 2.1262e-05	     0.0000	 -0.0015227	-0.00074562	  0.0039671	
3	11	 8.3205e-12	 2.9246e-11	     244.71	   0.014404	-9.7531e+92	-9.7531e+92	 0.00026405	 2.1172e-05	     0.0000	 -0.0029024	-0.00074424	   0.012065	
3	12	 1.3538e-10	 4.7584e-10	     227.10	   0.019395	-9.7531e+92	-9.7531e+92	 0.00055555	 2.0669e-05	     0.0000	  -0.010384	-0.00074370	   0.026282	
3	13	   0.055456	    0.19492	     188.65	   0.040519	-9.7531e+92	-9.7531e+92	    0.27853	   0.016256	     0.0000	     0.0000	   -0.47058	    0.70138	
3	14	   0.066513	    0.23379	     161.01	   0.075671	-9.7531e+92	-9.7531e+92	    0.13975	   0.019612	     0.0000	  -0.012732	   -0.61110	    0.39614	
3	15	    0.25162	    0.88440	     84.108	    0.82281	-9.7531e+92	-9.7531e+92	    0.24385	   0.076569	    0.21439	    0.23955	    -2.6983	    -2.5920	
3	16	 4.4659e-11	 1.5697e-10	     111.94	    0.30495	-9.7531e+92	-9.7531e+92	 0.00011714	 2.0296e-05	     0.0000	 1.1203e-08	-0.00068048	-4.5552e-08	
3	17	 3.7890e-11	 1.3318e-10	     122.41	    0.21829	-9.7531e+92	-9.7531e+92	  0.0088938	 9.6416e-06	  0.0085260	-6.2582e-05	-0.00035649	 0.00020080	
3	18	  0.0038302	   0.013463	     199.21	   0.032649	-9.7531e+92	-9.7531e+92	    0.11168	  0.0011396	     0.0000	  -0.039295	  -0.038984	     1.3070	
3	19	 1.9602e-11	 6.8899e-11	     184.07	   0.044655	-9.7531e+92	-9.7531e+92	  0.0012676	 2.0502e-05	     0.0000	  -0.010363	-0.00073648	   0.026701	
3	20	 2.0857e-11	 7.3309e-11	     185.64	   0.043179	-9.7531e+92	-9.7531e+92	  0.0025690	 2.0435e-05	     0.0000	  -0.032042	-0.00073598	    0.12907	
3	21	 1.0212e-10	 3.5895e-10	     259.71	   0.011362	-9.7531e+92	-9.7531e+92	   0.015951	 2.0839e-05	     0.0000	     0.0000	-0.00072239	    0.39970	
3	22	 1.8432e-10	 6.4785e-10	     164.94	   0.068842	-9.7531e+92	-9.7531e+92	   0.011482	 1.2025e-05	   0.011041	-0.00012175	-0.00057045	 0.00049998	
3	23	 1.7641e-10	 6.2006e-10	     228.38	   0.018966	-9.7531e+92	-9.7531e+92	  0.0028739	 2.1263e-05	     0.0000	 -0.0023418	-0.00074001	   0.089948	
3	24	 2.0926e-11	 7.3552e-11	     270.69	  0.0096323	-9.7531e+92	-9.7531e+92	 0.00020754	 2.1383e-05	     0.0000	-0.00016755	-0.00074448	  0.0033351	
4	0	 6.6057e-13	 1.5015e-12	     281.58	  0.0082298	-9.7531e+92	-9.7531e+92	   0.019822	 3.1190e-05	     0.0000	     0.0000	 -0.0011783	     1.2467	
4	1	 1.2594e-06	 2.8625e-06	     272.02	  0.0094459	-9.7531e+92	-9.7531e+92	   0.021765	 3.1365e-05	     0.0000	     0.0000	 -0.0011892	     1.5393	
4	2	    0.32477	    0.73821	     91.235	    0.63030	-9.7531e+92	-9.7531e+92	    0.24283	    0.15486	    0.21585	     1.0000	    -6.8098	    -6.5109	
4	3	    0.30430	    0.69168	     82.606	    0.87092	-9.7531e+92	-9.7531e+92	    0.19144	   0.053195	    0.18980	    0.55016	    -6.5888	    -6.5242	
4	4	     0.0000	     0.0000	     0.0000	     4.0000	-9.7531e+92	-9.7531e+92	     1.1942	     0.0000	     1.1930	     0.0000	     0.0000	     0.0000	
4	5	  0.0054210	   0.012322	     147.08	    0.10778	-9.7531e+92	-9.7531e+92	   0.012761	  0.0025325	     0.0000	  -0.069280	   -0.11762	    0.92151	
4	6	 0.00061211	  0.0013913	     179.35	   0.049487	-9.7531e+92	-9.7531e+92	   0.035785	 0.00030445	     0.0000	     0.0000	  -0.014117	     2.7403	
4	7	 7.1063e-14	 1.6153e-13	     209.16	   0.026904	-9.7531e+92	-9.7531e+92	   0.020360	 3.1060e-05	     0.0000	     0.0000	 -0.0014216	     1.7424	
4	8	 9.8251e-14	 2.2332e-13	     186.41	   0.042479	-9.7531e+92	-9.7531e+92	  0.0013783	 3.1603e-05	     0.0000	  -0.034919	 -0.0014657	    0.18147	
4	9	 2.0152e-13	 4.5805e-13	     223.28	   0.020749	-9.7531e+92	-9.7531e+92	   0.035510	 3.0589e-05	     0.0000	     0.0000	 -0.0014201	     2.0594	
4	10	 7.6851e-14	 1.7468e-13	     204.61	   0.029363	-9.7531e+92	-9.7531e+92	 0.00013970	 3.2303e-05	     0.0000	 -0.0024083	 -0.0014802	  0.0078863	
4	11	 6.9838e-13	 1.5874e-12	     218.09	   0.022784	-9.7531e+92	-9.7531e+92	 0.00018957	 3.2193e-05	     0.0000	 -0.0045916	 -0.0014781	   0.023988	
4	12	 4.2848e-13	 9.7394e-13	     165.11	   0.068567	-9.7531e+92	-9.7531e+92	  0.0012750	 3.1359e-05	     0.0000	  -0.016393	 -0.0014753	   0.052228	
4	13	  0.0097700	   0.022207	     217.30	   0.023117	-9.7531e+92	-9.7531e+92	    0.15025	  0.0044080	     0.0000	     0.0000	   -0.17057	     2.2200	
4	14	    0.10963	    0.24919	     184.55	   0.044193	-9.7531e+92	-9.7531e+92	    0.10350	   0.050067	     0.0000	-0.00030280	    -2.0296	   0.011751	
4	15	   0.080006	    0.18185	     106.18	    0.37015	-9.7531e+92	-9.7531e+92	   0.077020	   0.038247	   0.057973	    0.12116	    -1.7389	    -1.5460	
4	16	 1.0037e-13	 2.2813e-13	     75.439	     1.1432	-9.7531e+92	-9.7531e+92	 7.5749e-05	 3.0974e-05	     0.0000	 1.7681e-08	 -0.0014364	-9.5094e-08	
4	17	   0.070674	    0.16064	     73.525	     1.2289	-9.7531e+92	-9.7531e+92	   0.042348	   0.014501	   0.042110	    0.17464	   -0.80699	   -0.79573	
4	18	  0.0035648	  0.0081028	     186.18	   0.042684	-9.7531e+92	-9.7531e+92	   0.049310	  0.0016195	     0.0000	  -0.062294	  -0.072975	     2.6302	
4	19	  0.0012140	  0.0027595	     119.82	    0.23665	-9.7531e+92	-9.7531e+92	  0.0045021	 0.00059084	     0.0000	 -0.0080894	  -0.027762	   0.026277	
4	20	 4.7820e-05	 0.00010869	     135.08	    0.14987	-9.7531e+92	-9.7531e+92	  0.0033886	 5.3234e-05	     0.0000	  -0.050344	 -0.0025088	    0.25570	
4	21	 4.2059e-13	 9.5600e-13	     253.96	   0.012424	-9.7531e+92	-9.7531e+92	  0.0085956	 3.1784e-05	     0.0000	     0.0000	 -0.0014393	    0.79683	
4	22	   0.089978	    0.20452	     82.638	    0.86986	-9.7531e+92	-9.7531e+92	   0.054793	   0.018119	   0.054507	    0.19070	    -1.0232	    -1.0089	
4	23	 6.2094e-13	 1.4114e-12	     212.30	   0.025355	-9.7531e+92	-9.7531e+92	  0.0014120	 3.2373e-05	     0.0000	 -0.0037050	 -0.0014707	    0.17893	
4	24	 7.3025e-15	 1.6599e-14	     253.16	   0.012581	-9.7531e+92	-9.7531e+92	 0.00011992	 3.2553e-05	     0.0000	-0.00026508	 -0.0014787	  0.0066309	
5	0	  0.0017784	  0.0036005	     169.69	   0.061568	-9.7531e+92	-9.7531e+92	   0.027924	  0.0022519	     0.0000	     0.0000	  -0.035026	    0.60527	
5	1	  0.0028727	  0.0058162	     161.91	   0.074033	-9.7531e+92	-9.7531e+92	   0.035551	  0.0036182	     0.0000	     0.0000	  -0.054500	    0.74154	
5	2	  0.0040701	  0.0082405	     120.45	    0.23204	-9.7531e+92	-9.7531e+92	  0.0073407	  0.0057415	     0.0000	  -0.013282	  -0.094666	   0.080488	
5	3	 6.2591e-06	 1.2672e-05	     167.87	   0.064235	-9.7531e+92	-9.7531e+92	 0.00030452	 0.00010317	     0.0000	 -0.0021262	 -0.0016498	  0.0066827	
5	4	 3.7702e-05	 7.6333e-05	     147.08	    0.10778	-9.7531e+92	-9.7531e+92	 0.00037535	 0.00014520	     0.0000	 -0.0014260	 -0.0024469	  0.0043697	
5	5	     0.0000	     0.0000	     0.0000	     4.0000	-9.7531e+92	-9.7531e+92	     1.0654	     0.0000	    0.96677	     0.0000	     0.0000	     0.0000	
5	6	    0.15671	    0.31727	     72.218	     1.2908	-9.7531e+92	-9.7531e+92	    0.14799	    0.16922	     0.0000	     0.0000	    -3.5987	   -0.24009	
5	7	   0.044995	   0.091098	     89.752	    0.66590	-9.7531e+92	-9.7531e+92	   0.059627	   0.058913	     0.0000	     0.0000	    -1.0497	    0.39514	
5	8	   0.080940	    0.16387	     54.235	     2.3987	-9.7531e+92	-9.7531e+92	   0.053135	   0.085773	   0.036166	   0.084360	    -1.6338	   -0.64598	
5	9	 0.00010762	 0.00021789	     134.70	    0.15149	-9.7531e+92	-9.7531e+92	   0.039745	 0.00022382	     0.0000	     0.0000	 -0.0040580	     1.0267	
5	10	 1.5332e-06	 3.1041e-06	     93.726	    0.57518	-9.7531e+92	-9.7531e+92	 0.00085147	 8.4700e-05	     0.0000	 -0.0010374	 -0.0014500	  0.0036560	
5	11	 0.00091534	  0.0018532	     77.490	     1.0576	-9.7531e+92	-9.7531e+92	  0.0033645	  0.0011048	  0.0010225	-0.00024249	  -0.019439	  0.0015472	
5	12	 0.00085239	  0.0017258	     80.590	    0.94012	-9.7531e+92	-9.7531e+92	  0.0074881	  0.0010494	  0.0025442	 -0.0037899	  -0.018772	   0.014328	
5	13	    0.12794	    0.25902	     125.66	    0.19761	-9.7531e+92	-9.7531e+92	    0.12075	    0.15001	     0.0000	     0.0000	    -2.3853	   0.092386	
5	14	    0.12811	    0.25938	     108.09	    0.34690	-9.7531e+92	-9.7531e+92	    0.10769	    0.15661	     0.0000	  0.0044278	    -2.5696	   -0.16314	
5	15	  0.0021464	  0.0043456	     104.94	    0.38615	-9.7531e+92	-9.7531e+92	  0.0051063	  0.0029079	     0.0000	 -0.0056516	  -0.052150	   0.066666	
5	16	 1.5659e-14	 3.1704e-14	     71.546	     1.3237	-9.7531e+92	-9.7531e+92	 6.7472e-05	 9.4089e-05	     0.0000	 1.0111e-08	 -0.0015921	-4.9273e-08	
5	17	 8.5278e-14	 1.7266e-13	     219.60	   0.022168	-9.7531e+92	-9.7531e+92	 8.1377e-05	 9.9526e-05	     0.0000	-0.00018880	 -0.0016576	 0.00041771	
5	18	    0.25234	    0.51089	     53.346	     2.4617	-9.7531e+92	-9.7531e+92	    0.20088	    0.22139	     0.0000	  0.0034569	    -6.1510	    -1.2446	
5	19	  0.0089674	   0.018156	     64.874	     1.6901	-9.7531e+92	-9.7531e+92	   0.012047	   0.010049	  0.0069918	   0.015559	   -0.18212	  -0.058706	
5	20	    0.16963	    0.34344	     39.691	     3.3571	-9.7531e+92	-9.7531e+92	   0.098484	    0.16086	   0.074488	    0.13556	    -3.2367	    -1.2251	
5	21	 2.1769e-05	 4.4075e-05	     132.91	    0.15951	-9.7531e+92	-9.7531e+92	   0.013860	 0.00012018	     0.0000	     0.0000	 -0.0020951	    0.39754	
5	22	 2.5289e-14	 5.1200e-14	     151.89	   0.095092	-9.7531e+92	-9.7531e+92	 9.6534e-05	 9.5406e-05	     0.0000	-0.00026366	 -0.0016012	 0.00064521	
5	23	   0.017563	   0.035558	     65.633	     1.6449	-9.7531e+92	-9.7531e+92	   0.015959	   0.022795	     0.0000	  0.0022197	   -0.40350	   -0.10233	
5	24	 6.6102e-08	 1.3383e-07	     106.34	    0.36810	-9.7531e+92	-9.7531e+92	 0.00029144	 9.0596e-05	     0.0000	-0.00013834	 -0.0015976	  0.0033104	
6	0	   0.031553	    0.10894	     105.31	    0.38136	-9.7531e+92	-9.7531e+92	   0.088773	   0.098245	     0.0000	     0.0000	    0.67778	     0.0000	
6	1	   0.068374	    0.23606	     96.519	    0.51972	-9.7531e+92	-9.7531e+92	    0.13295	    0.18292	     0.0000	     0.0000	     1.1415	     0.0000	
6	2	  0.0015029	  0.0051889	     118.53	    0.24644	-9.7531e+92	-9.7531e+92	   0.010599	  0.0060039	     0.0000	     0.0000	   0.034939	     0.0000	
6	3	 2.5032e-05	 8.6424e-05	     180.81	   0.047921	-9.7531e+92	-9.7531e+92	 0.00046595	 0.00037448	     0.0000	     0.0000	  0.0020711	     0.0000	
6	4	 2.9982e-07	 1.0351e-06	     179.35	   0.049487	-9.7531e+92	-9.7531e+92	 0.00030696	 0.00027230	     0.0000	     0.0000	  0.0014551	     0.0000	
6	5	   0.081614	    0.28178	     72.218	     1.2908	-9.7531e+92	-9.7531e+92	    0.12175	    0.27089	     0.0000	     0.0000	     1.8601	     0.0000	
6	6	     0.0000	     0.0000	     0.0000	     4.0000	-9.7531e+92	-9.7531e+92	     1.8636	     0.0000	     1.4036	     0.0000	     0.0000	     0.0000	
6	7	   0.092065	    0.31786	     34.871	     3.5904	-9.7531e+92	-9.7531e+92	    0.15163	    0.30724	     0.0000	     0.0000	     2.0648	     0.0000	
6	8	 4.1122e-05	 0.00014197	     109.28	    0.33318	-9.7531e+92	-9.7531e+92	  0.0085982	 0.00041459	     0.0000	     0.0000	  0.0024027	     0.0000	
6	9	   0.077729	    0.26836	     62.827	     1.8164	-9.7531e+92	-9.7531e+92	    0.14760	    0.25526	     0.0000	     0.0000	     1.7393	     0.0000	
6	10	 2.4868e-15	 8.5856e-15	     153.37	   0.091543	-9.7531e+92	-9.7531e+92	 0.00023906	 0.00028452	     0.0000	     0.0000	  0.0013998	     0.0000	
6	11	 3.4388e-07	 1.1873e-06	     117.04	    0.25846	-9.7531e+92	-9.7531e+92	 0.00068184	 0.00026524	     0.0000	     0.0000	  0.0014936	     0.0000	
6	12	 6.4676e-15	 2.2330e-14	     152.49	   0.093630	-9.7531e+92	-9.7531e+92	  0.0011318	 0.00027718	     0.0000	     0.0000	  0.0013991	     0.0000	
6	13	    0.17975	    0.62061	     53.773	     2.4314	-9.7531e+92	-9.7531e+92	    0.26578	    0.52775	     0.0000	     0.0000	     3.7239	     0.0000	
6	14	    0.11151	    0.38500	     41.508	     3.2546	-9.7531e+92	-9.7531e+92	    0.18885	    0.29625	     0.0000	     0.0000	     1.8506	     0.0000	
6	15	 0.00097703	  0.0033732	     96.746	    0.51548	-9.7531e+92	-9.7531e+92	  0.0079327	  0.0039765	     0.0000	     0.0000	   0.022997	     0.0000	
6	16	 4.2568e-15	 1.4697e-14	     111.89	    0.30549	-9.7531e+92	-9.7531e+92	 0.00011506	 0.00028289	     0.0000	     0.0000	  0.0013877	     0.0000	
6	17	 2.7290e-15	 9.4221e-15	     251.72	   0.012870	-9.7531e+92	-9.7531e+92	 0.00012694	 0.00029629	     0.0000	     0.0000	  0.0013273	     0.0000	
6	18	    0.33502	     1.1567	     36.723	     3.5078	-9.7531e+92	-9.7531e+92	    0.38742	    0.87792	     0.0000	     0.0000	     6.4586	     0.0000	
6	19	 3.0416e-08	 1.0501e-07	     133.74	    0.15573	-9.7531e+92	-9.7531e+92	  0.0015978	 0.00027889	     0.0000	     0.0000	  0.0014034	     0.0000	
6	20	 0.00019673	 0.00067923	     111.59	    0.30852	-9.7531e+92	-9.7531e+92	   0.012382	 0.00099783	     0.0000	     0.0000	  0.0058443	     0.0000	
6	21	   0.017332	   0.059839	     78.899	     1.0025	-9.7531e+92	-9.7531e+92	   0.047229	   0.059700	     0.0000	     0.0000	    0.39438	     0.0000	
6	22	 3.9971e-15	 1.3800e-14	     216.08	   0.023641	-9.7531e+92	-9.7531e+92	 0.00013630	 0.00029425	     0.0000	     0.0000	  0.0013434	     0.0000	
6	23	  0.0022968	  0.0079297	     73.330	     1.2380	-9.7531e+92	-9.7531e+92	   0.011901	  0.0084581	     0.0000	     0.0000	   0.056131	     0.0000	
6	24	 2.5908e-06	 8.9448e-06	     108.13	    0.34637	-9.7531e+92	-9.7531e+92	 0.00042800	 0.00027077	     0.0000	     0.0000	  0.0015207	     0.0000	
7	0	    0.14702	    0.34514	     80.265	    0.95180	-9.7531e+92	-9.7531e+92	    0.13100	    0.30174	     0.0000	     0.0000	     1.7957	  -0.055054	
7	1	    0.10523	    0.24703	     75.481	     1.1413	-9.7531e+92	-9.7531e+92	    0.11940	    0.18666	     0.0000	     0.0000	    0.91399	  -0.011897	
7	2	 0.00023634	 0.00055484	     153.12	   0.092143	-9.7531e+92	-9.7531e+92	  0.0059894	 0.00071232	     0.0000	 -0.0010272	  0.0039253	  0.0097899	
7	3	 1.8960e-13	 4.4510e-13	     215.68	   0.023812	-9.7531e+92	-9.7531e+92	 0.00027360	 0.00017619	     0.0000	-0.00011108	 0.00088012	 0.00054973	
7	4	 5.4148e-13	 1.2712e-12	     209.16	   0.026904	-9.7531e+92	-9.7531e+92	 0.00018874	 0.00017428	     0.0000	-8.0515e-05	 0.00083975	 0.00038727	
7	5	  0.0041304	  0.0096968	     89.752	    0.66590	-9.7531e+92	-9.7531e+92	   0.024454	   0.010050	     0.0000	 -0.0019327	   0.054249	   0.038452	
7	6	    0.12390	    0.29088	     34.871	     3.5904	-9.7531e+92	-9.7531e+92	    0.14571	    0.25980	     0.0000	     0.0000	     1.5845	  0.0079614	
7	7	     0.0000	     0.0000	     0.0000	     4.0000	-9.7531e+92	-9.7531e+92	     1.2272	     0.0000	     1.0338	     0.0000	     0.0000	     0.0000	
7	8	 0.00010123	 0.00023766	     109.89	    0.32644	-9.7531e+92	-9.7531e+92	  0.0022362	 0.00044358	     0.0000	-0.00084495	  0.0020725	  0.0072460	
7	9	   0.060046	    0.14096	     64.406	     1.7184	-9.7531e+92	-9.7531e+92	    0.10540	    0.12668	     0.0000	     0.0000	    0.79334	   0.032119	
7	10	 1.0302e-13	 2.4186e-13	     153.29	   0.091732	-9.7531e+92	-9.7531e+92	 0.00011283	 0.00018756	     0.0000	-6.4505e-05	 0.00078746	 0.00031845	
7	11	 1.1517e-06	 2.7038e-06	     112.26	    0.30176	-9.7531e+92	-9.7531e+92	 0.00024549	 0.00018125	     0.0000	-0.00010523	 0.00085205	 0.00096777	
7	12	 9.6148e-14	 2.2572e-13	     158.06	   0.081372	-9.7531e+92	-9.7531e+92	 0.00032740	 0.00018349	     0.0000	-0.00044499	 0.00078202	  0.0021105	
7	13	    0.32610	    0.76557	     57.312	     2.1828	-9.7531e+92	-9.7531e+92	    0.25966	    0.57646	     0.0000	     0.0000	     3.0275	   -0.13392	
7	14	   0.065638	    0.15409	     65.464	     1.6549	-9.7531e+92	-9.7531e+92	    0.11044	    0.13714	     0.0000	-0.00057328	    0.81074	   0.033743	
7	15	 5.5876e-05	 0.00013118	     131.62	    0.16559	-9.7531e+92	-9.7531e+92	  0.0043128	 0.00031737	     0.0000	-0.00040273	  0.0015312	  0.0072291	
7	16	 1.6883e-13	 3.9635e-13	     137.28	    0.14083	-9.7531e+92	-9.7531e+92	 7.8236e-05	 0.00017889	     0.0000	 4.8239e-10	 0.00085389	-3.9811e-09	
7	17	 5.9732e-14	 1.4023e-13	     281.54	  0.0082346	-9.7531e+92	-9.7531e+92	 8.5610e-05	 0.00018898	     0.0000	-9.7696e-06	 0.00076124	 3.3779e-05	
7	18	   0.086722	    0.20359	     38.248	     3.4331	-9.7531e+92	-9.7531e+92	    0.13046	    0.17800	     0.0000	-0.00051229	     1.0578	   0.039642	
7	19	 1.1760e-13	 2.7608e-13	     154.38	   0.089237	-9.7531e+92	-9.7531e+92	 0.00040390	 0.00018426	     0.0000	-0.00045259	 0.00078854	  0.0021505	
7	20	 1.2655e-05	 2.9710e-05	     126.68	    0.19164	-9.7531e+92	-9.7531e+92	  0.0026859	 0.00020752	     0.0000	 -0.0013723	 0.00097405	   0.010373	
7	21	   0.070976	    0.16663	     44.967	     3.0407	-9.7531e+92	-9.7531e+92	   0.067026	    0.15799	     0.0000	     0.0000	    0.95991	  -0.029215	
7	22	 3.5117e-14	 8.2443e-14	     241.36	   0.015218	-9.7531e+92	-9.7531e+92	 9.1298e-05	 0.00018858	     0.0000	-1.3877e-05	 0.00076856	 5.2196e-05	
7	23	  0.0091034	   0.021372	     58.677	     2.0891	-9.7531e+92	-9.7531e+92	  0.0089507	   0.019357	     0.0000	     0.0000	    0.15295	     0.0000	
7	24	 0.00072725	  0.0017073	     84.614	    0.80724	-9.7531e+92	-9.7531e+92	 0.00064067	  0.0019412	     0.0000	 2.7069e-07	   0.010984	-0.00037761	
8	0	  0.0023357	  0.0020303	     172.11	   0.058221	-9.7531e+92	-9.7531e+92	  0.0080200	 0.00073839	     0.0000	     0.0000	  -0.037007	    0.87204	
8	1	  0.0023626	  0.0020537	     184.58	   0.044171	-9.7531e+92	-9.7531e+92	   0.010283	 0.00074681	     0.0000	     0.0000	  -0.037013	     1.0855	
8	2	 7.5381e-06	 6.5526e-06	     174.51	   0.055125	-9.7531e+92	-9.7531e+92	  0.0012407	 2.4498e-05	     0.0000	  -0.015094	 -0.0013256	    0.17261	
8	3	 8.0731e-17	 7.0177e-17	     221.29	   0.021502	-9.7531e+92	-9.7531e+92	 8.8835e-05	 2.1905e-05	     0.0000	 -0.0016007	 -0.0011811	  0.0095094	
8	4	 2.1607e-16	 1.8782e-16	     186.41	   0.042479	-9.7531e+92	-9.7531e+92	 0.00015686	 2.1408e-05	     0.0000	 -0.0011603	 -0.0012096	  0.0066897	
8	5	    0.22967	    0.19964	     54.235	     2.3987	-9.7531e+92	-9.7531e+92	   0.076054	   0.055158	   0.033701	   0.045695	    -4.0361	    -2.6138	
8	6	   0.061693	   0.053627	     109.28	    0.33318	-9.7531e+92	-9.7531e+92	   0.042028	   0.017990	     0.0000	     0.0000	    -1.0949	     1.0404	
8	7	  0.0029998	  0.0026076	     109.89	    0.32644	-9.7531e+92	-9.7531e+92	   0.015756	 0.00096638	     0.0000	     0.0000	  -0.055454	     1.1761	
8	8	     0.0000	     0.0000	     0.0000	     4.0000	-9.7531e+92	-9.7531e+92	    0.44729	     0.0000	    0.44000	     0.0000	     0.0000	     0.0000	
8	9	 1.4132e-06	 1.2284e-06	     171.65	   0.058843	-9.7531e+92	-9.7531e+92	  0.0094502	 2.1135e-05	     0.0000	     0.0000	 -0.0012318	     1.4428	
8	10	   0.013397	   0.011645	     44.054	     3.0993	-9.7531e+92	-9.7531e+92	  0.0041361	  0.0032601	  0.0037672	   0.017697	   -0.19273	   -0.14823	
8	11	   0.094347	   0.082012	     32.525	     3.6821	-9.7531e+92	-9.7531e+92	   0.022134	   0.022649	   0.021128	   0.064091	    -1.3610	    -1.0687	
8	12	   0.062749	   0.054545	     55.069	     2.3397	-9.7531e+92	-9.7531e+92	   0.017047	   0.014654	   0.014925	   0.084866	   -0.93418	   -0.71933	
8	13	   0.034644	   0.030115	     162.59	   0.072826	-9.7531e+92	-9.7531e+92	   0.028151	   0.010268	     0.0000	     0.0000	   -0.52640	     1.3000	
8	14	   0.015870	   0.013795	     146.54	    0.10935	-9.7531e+92	-9.7531e+92	   0.020572	  0.0048689	     0.0000	  -0.017473	   -0.25507	     1.2426	
8	15	 1.0276e-08	 8.9323e-09	     159.01	   0.079481	-9.7531e+92	-9.7531e+92	 0.00087968	 2.1585e-05	     0.0000	 -0.0058428	 -0.0012289	    0.12558	
8	16	 9.2636e-17	 8.0525e-17	     112.87	    0.29583	-9.7531e+92	-9.7531e+92	 2.8969e-05	 2.1457e-05	     0.0000	 7.2729e-09	 -0.0011954	-6.6726e-08	
8	17	 6.6161e-16	 5.7512e-16	     258.50	   0.011577	-9.7531e+92	-9.7531e+92	 3.4788e-05	 2.2538e-05	     0.0000	-0.00014079	 -0.0012532	 0.00058232	
8	18	    0.20049	    0.17428	     75.421	     1.1439	-9.7531e+92	-9.7531e+92	   0.078686	   0.053304	     0.0000	  0.0098459	    -3.5010	   -0.91734	
8	19	  0.0010740	 0.00093360	     80.536	    0.94205	-9.7531e+92	-9.7531e+92	  0.0057032	 0.00029878	  0.0035327	 -0.0024267	  -0.019352	   0.019023	
8	20	    0.20344	    0.17685	     51.987	     2.5582	-9.7531e+92	-9.7531e+92	   0.056380	   0.046793	   0.046077	    0.14876	    -3.2964	    -2.5281	
8	21	 7.4218e-05	 6.4515e-05	     132.38	    0.16196	-9.7531e+92	-9.7531e+92	  0.0043060	 4.5708e-05	     0.0000	     0.0000	 -0.0025777	    0.55597	
8	22	 1.1373e-16	 9.8859e-17	     168.70	   0.062994	-9.7531e+92	-9.7531e+92	 4.1625e-05	 2.1808e-05	     0.0000	-0.00019673	 -0.0012367	 0.00089996	
8	23	   0.074387	   0.064662	     54.810	     2.3580	-9.7531e+92	-9.7531e+92	   0.020170	   0.023887	   0.013008	   0.011686	    -1.3694	    -1.0083	
8	24	 0.00045634	 0.00039668	     77.960	     1.0389	-9.7531e+92	-9.7531e+92	 0.00054000	 0.00016864	 0.00022021	 5.2727e-05	 -0.0095985	 -0.0023652	
9	0	   0.099894	    0.23973	     86.890	    0.74099	-9.7531e+92	-9.7531e+92	    0.10724	    0.24471	     0.0000	     0.0000	     3.1849	     0.0000	
9	1	    0.15914	    0.38190	     55.376	     2.3181	-9.7531e+92	-9.7531e+92	    0.14937	    0.39018	     0.0000	     0.0000	     5.1331	     0.0000	
9	2	  0.0027262	  0.0065424	     133.64	    0.15619	-9.7531e+92	-9.7531e+92	  0.0086056	  0.0080575	     0.0000	     0.0000	    0.10518	     0.0000	
9	3	 6.9247e-05	 0.00016618	     191.41	   0.038254	-9.7531e+92	-9.7531e+92	 0.00036828	 0.00046946	     0.0000	     0.0000	  0.0051455	     0.0000	
9	4	 3.5341e-12	 8.4812e-12	     223.28	   0.020749	-9.7531e+92	-9.7531e+92	 0.00020887	 0.00022773	     0.0000	     0.0000	  0.0025022	     0.0000	
9	5	 0.00094690	  0.0022724	     134.70	    0.15149	-9.7531e+92	-9.7531e+92	   0.024530	  0.0033936	     0.0000	     0.0000	   0.038004	     0.0000	
9	6	    0.10284	    0.24679	     62.827	     1.8164	-9.7531e+92	-9.7531e+92	    0.14248	    0.29664	     0.0000	     0.0000	     3.8616	     0.0000	
9	7	    0.10932	    0.26234	     64.406	     1.7184	-9.7531e+92	-9.7531e+92	    0.11624	    0.32004	     0.0000	     0.0000	     4.1504	     0.0000	
9	8	 6.3184e-12	 1.5163e-11	     171.65	   0.058843	-9.7531e+92	-9.7531e+92	  0.0022745	 0.00024476	     0.0000	     0.0000	  0.0024579	     0.0000	
9	9	     0.0000	     0.0000	     0.0000	     4.0000	-9.7531e+92	-9.7531e+92	     1.2716	     0.0000	     1.0377	     0.0000	     0.0000	     0.0000	
9	10	 6.0810e-12	 1.4593e-11	     215.04	   0.024096	-9.7531e+92	-9.7531e+92	 0.00011488	 0.00025810	     0.0000	     0.0000	  0.0024259	     0.0000	
9	11	 6.0377e-13	 1.4489e-12	     175.31	   0.054135	-9.7531e+92	-9.7531e+92	 0.00024263	 0.00025068	     0.0000	     0.0000	  0.0024445	     0.0000	
9	12	 8.0235e-13	 1.9255e-12	     214.99	   0.024120	-9.7531e+92	-9.7531e+92	 0.00033249	 0.00025115	     0.0000	     0.0000	  0.0024288	     0.0000	
9	13	    0.26087	    0.62603	     9.0540	     3.9979	-9.7531e+92	-9.7531e+92	    0.23081	    0.51800	     0.0000	     0.0000	     6.9264	     0.0000	
9	14	    0.11958	    0.28698	     38.749	     3.4073	-9.7531e+92	-9.7531e+92	    0.14263	    0.27494	     0.0000	     0.0000	     3.7182	     0.0000	
9	15	 0.00097809	  0.0023472	     117.55	    0.25424	-9.7531e+92	-9.7531e+92	  0.0058981	  0.0036372	     0.0000	     0.0000	   0.039062	     0.0000	
9	16	 1.4178e-12	 3.4024e-12	     159.83	   0.077890	-9.7531e+92	-9.7531e+92	 7.9975e-05	 0.00024366	     0.0000	     0.0000	  0.0024918	     0.0000	
9	17	 3.9933e-12	 9.5831e-12	     293.28	  0.0069951	-9.7531e+92	-9.7531e+92	 8.8076e-05	 0.00025098	     0.0000	     0.0000	  0.0024363	     0.0000	
9	18	    0.12404	    0.29768	     96.665	    0.51699	-9.7531e+92	-9.7531e+92	    0.15031	    0.38163	     0.0000	     0.0000	     4.7015	     0.0000	
9	19	 1.1616e-12	 2.7877e-12	     193.08	   0.036956	-9.7531e+92	-9.7531e+92	 0.00040896	 0.00025190	     0.0000	     0.0000	  0.0024375	     0.0000	
9	20	 5.5508e-12	 1.3321e-11	     174.09	   0.055651	-9.7531e+92	-9.7531e+92	  0.0027178	 0.00024175	     0.0000	     0.0000	  0.0024573	     0.0000	
9	21	   0.019543	   0.046899	     83.320	    0.84769	-9.7531e+92	-9.7531e+92	   0.038450	   0.061410	     0.0000	     0.0000	    0.74327	     0.0000	
9	22	 1.5018e-12	 3.6040e-12	     266.14	   0.010307	-9.7531e+92	-9.7531e+92	 9.4054e-05	 0.00025168	     0.0000	     0.0000	  0.0024380	     0.0000	
9	23	 5.7772e-05	 0.00013864	     121.73	    0.22293	-9.7531e+92	-9.7531e+92	  0.0042163	 0.00044041	     0.0000	     0.0000	  0.0046456	     0.0000	
9	24	 9.1021e-13	 2.1843e-12	     149.07	    0.10229	-9.7531e+92	-9.7531e+92	 0.00022911	 0.00023357	     0.0000	     0.0000	  0.0024927	     0.0000	
10	0	 0.00071618	 0.00027325	     210.64	   0.026161	-9.7531e+92	-9.7531e+92	  0.0022214	 2.3022e-05	     0.0000	     0.0000	 -0.0017541	    0.14783	
10	1	 0.00013247	 5.0541e-05	     228.04	   0.019080	-9.7531e+92	-9.7531e+92	  0.0028033	 5.7927e-06	     0.0000	     0.0000	-0.00044296	    0.18450	
10	2	 3.1669e-13	 1.2083e-13	     213.20	   0.024934	-9.7531e+92	-9.7531e+92	 0.00034516	 2.0529e-06	     0.0000	 -0.0020062	-0.00017146	   0.028403	
10	3	 3.2634e-13	 1.2451e-13	     258.79	   0.011525	-9.7531e+92	-9.7531e+92	 3.5095e-05	 2.0272e-06	     0.0000	-0.00021262	-0.00017016	  0.0015644	
10	4	 8.9671e-13	 3.4212e-13	     204.61	   0.029363	-9.7531e+92	-9.7531e+92	 7.5966e-05	 1.9744e-06	     0.0000	-0.00015412	-0.00017383	  0.0010994	
10	5	   0.086865	   0.033142	     93.726	    0.57518	-9.7531e+92	-9.7531e+92	   0.023104	  0.0024482	  0.0045145	  0.0028359	   -0.22648	  -0.093251	
10	6	  0.0016864	 0.00064341	     153.37	   0.091543	-9.7531e+92	-9.7531e+92	   0.010231	 4.9742e-05	     0.0000	     0.0000	 -0.0044729	    0.31438	
10	7	 0.00011321	 4.3193e-05	     153.29	   0.091732	-9.7531e+92	-9.7531e+92	  0.0044438	 5.3311e-06	     0.0000	     0.0000	-0.00046801	    0.20031	
10	8	    0.18854	   0.071934	     44.054	     3.0993	-9.7531e+92	-9.7531e+92	   0.026750	  0.0046430	   0.023552	   0.027634	   -0.45594	   -0.40813	
10	9	 1.7997e-12	 6.8666e-13	     215.04	   0.024096	-9.7531e+92	-9.7531e+92	  0.0024574	 1.9476e-06	     0.0000	     0.0000	-0.00017347	    0.23713	
10	10	     0.0000	     0.0000	     0.0000	     4.0000	-9.7531e+92	-9.7531e+92	    0.19230	     0.0000	    0.19214	     0.0000	     0.0000	     0.0000	
10	11	    0.42260	    0.16124	     46.926	     2.9109	-9.7531e+92	-9.7531e+92	   0.041915	   0.010053	   0.041474	   0.059338	   -0.84311	   -0.77743	
10	12	    0.11725	   0.044733	     46.012	     2.9721	-9.7531e+92	-9.7531e+92	   0.013305	  0.0021280	   0.012373	   0.018968	   -0.17463	   -0.15371	
10	13	  0.0079421	  0.0030302	     205.99	   0.028587	-9.7531e+92	-9.7531e+92	  0.0072604	 0.00022603	     0.0000	     0.0000	  -0.017698	    0.27076	
10	14	  0.0014115	 0.00053855	     190.48	   0.038997	-9.7531e+92	-9.7531e+92	  0.0052400	 4.2784e-05	     0.0000	 -0.0026763	 -0.0034345	    0.23685	
10	15	 7.2396e-13	 2.7622e-13	     197.67	   0.033672	-9.7531e+92	-9.7531e+92	 0.00023708	 2.0603e-06	     0.0000	-0.00077608	-0.00017676	   0.020622	
10	16	 7.4197e-13	 2.8309e-13	     147.94	    0.10538	-9.7531e+92	-9.7531e+92	 1.2715e-05	 2.0325e-06	     0.0000	 9.8531e-10	-0.00017123	-1.0754e-08	
10	17	 6.5597e-13	 2.5028e-13	     270.72	  0.0096279	-9.7531e+92	-9.7531e+92	 1.5523e-05	 2.0674e-06	     0.0000	-1.8701e-05	-0.00017938	 9.5557e-05	
10	18	   0.093977	   0.035855	     118.82	    0.24422	-9.7531e+92	-9.7531e+92	   0.024739	  0.0026211	     0.0000	 -0.0010147	   -0.23371	   0.096309	
10	19	   0.014413	  0.0054991	     85.643	    0.77653	-9.7531e+92	-9.7531e+92	  0.0034835	 0.00033552	  0.0025309	  0.0026258	  -0.034598	  -0.026805	
10	20	   0.062012	   0.023660	     74.457	     1.1864	-9.7531e+92	-9.7531e+92	   0.014449	  0.0016609	  0.0099271	  0.0090540	   -0.16002	   -0.12174	
10	21	 1.8225e-06	 6.9533e-07	     171.26	   0.059366	-9.7531e+92	-9.7531e+92	  0.0012162	 2.0823e-06	     0.0000	     0.0000	-0.00018016	   0.091509	
10	22	 7.7255e-14	 2.9476e-14	     176.66	   0.052524	-9.7531e+92	-9.7531e+92	 1.9253e-05	 2.0083e-06	     0.0000	-2.5972e-05	-0.00017753	 0.00014770	
10	23	  0.0022503	 0.00085855	     95.614	    0.53700	-9.7531e+92	-9.7531e+92	  0.0041733	 7.1489e-05	  0.0010298	-0.00013919	 -0.0061841	   0.014839	
10	24	 9.3798e-05	 3.5787e-05	     102.71	    0.41717	-9.7531e+92	-9.7531e+92	 0.00066027	 4.9793e-06	 0.00051990	-9.4078e-06	-0.00043014	 0.00052211	
11	0	  0.0040774	  0.0018945	     167.10	   0.065400	-9.7531e+92	-9.7531e+92	  0.0047163	 0.00037674	     0.0000	     0.0000	  -0.035529	    0.54655	
11	1	  0.0019120	 0.00088841	     185.20	   0.043588	-9.7531e+92	-9.7531e+92	  0.0055673	 0.00017811	     0.0000	     0.0000	  -0.016837	    0.70209	
11	2	 8.3313e-09	 3.8711e-09	     197.83	   0.033565	-9.7531e+92	-9.7531e+92	 0.00057929	 6.3419e-06	     0.0000	 -0.0064371	-0.00065352	    0.10982	
11	3	 4.3539e-15	 2.0230e-15	     244.71	   0.014404	-9.7531e+92	-9.7531e+92	 4.0794e-05	 6.2563e-06	     0.0000	-0.00068221	-0.00064864	  0.0060501	
11	4	 2.7590e-15	 1.2820e-15	     218.09	   0.022784	-9.7531e+92	-9.7531e+92	 5.4023e-05	 6.1004e-06	     0.0000	-0.00049450	-0.00066234	  0.0042491	
11	5	    0.23119	    0.10742	     77.490	     1.0576	-9.7531e+92	-9.7531e+92	   0.039513	   0.019782	   0.016874	   0.042256	    -2.2943	    -1.7222	
11	6	   0.056219	   0.026122	     117.04	    0.25846	-9.7531e+92	-9.7531e+92	   0.022238	  0.0049094	     0.0000	     0.0000	   -0.54741	    0.71240	
11	7	   0.019321	  0.0089777	     112.26	    0.30176	-9.7531e+92	-9.7531e+92	   0.010899	  0.0017701	     0.0000	     0.0000	   -0.19207	    0.59365	
11	8	    0.24753	    0.11501	     32.525	     3.6821	-9.7531e+92	-9.7531e+92	   0.032648	   0.015913	   0.028753	   0.093198	    -2.1823	    -1.9974	
11	9	 3.3540e-06	 1.5584e-06	     175.31	   0.054135	-9.7531e+92	-9.7531e+92	  0.0047981	 6.3051e-06	     0.0000	     0.0000	-0.00069412	    0.91655	
11	10	   0.041179	   0.019134	     46.926	     2.9109	-9.7531e+92	-9.7531e+92	  0.0051495	  0.0014035	  0.0049523	  0.0069452	   -0.13056	   -0.11059	
11	11	     0.0000	     0.0000	     0.0000	     4.0000	-9.7531e+92	-9.7531e+92	    0.23502	     0.0000	    0.23449	     0.0000	     0.0000	     0.0000	
11	12	 0.00079855	 0.00037105	     77.218	     1.0686	-9.7531e+92	-9.7531e+92	  0.0020515	 6.9781e-05	 0.00091688	 -0.0014465	 -0.0083550	   0.014539	
11	13	   0.011930	  0.0055433	     166.60	   0.066184	-9.7531e+92	-9.7531e+92	   0.013492	  0.0010472	     0.0000	     0.0000	   -0.10149	     1.0196	
11	14	  0.0023148	  0.0010756	     157.91	   0.081669	-9.7531e+92	-9.7531e+92	  0.0095135	 0.00021301	     0.0000	 -0.0085159	  -0.021148	    0.91089	
11	15	 8.5420e-15	 3.9690e-15	     182.32	   0.046370	-9.7531e+92	-9.7531e+92	 0.00041514	 6.3311e-06	     0.0000	 -0.0024901	-0.00067306	   0.079666	
11	16	 2.1969e-15	 1.0208e-15	     142.85	    0.12075	-9.7531e+92	-9.7531e+92	 1.5485e-05	 6.2166e-06	     0.0000	 3.1549e-09	-0.00063913	-4.0584e-08	
11	17	 5.3166e-15	 2.4703e-15	     290.18	  0.0072979	-9.7531e+92	-9.7531e+92	 1.7536e-05	 6.3733e-06	     0.0000	-6.0002e-05	-0.00068304	 0.00036901	
11	18	    0.20622	   0.095819	     81.269	    0.91620	-9.7531e+92	-9.7531e+92	   0.043047	   0.017557	     0.0000	  0.0054921	    -1.9565	   -0.63633	
11	19	 4.2372e-05	 1.9688e-05	     108.78	    0.33886	-9.7531e+92	-9.7531e+92	  0.0012486	 9.4551e-06	 8.8342e-05	 -0.0024675	 -0.0010923	   0.022836	
11	20	   0.043791	   0.020347	     83.734	    0.83452	-9.7531e+92	-9.7531e+92	   0.012535	  0.0037169	  0.0070281	   0.019854	   -0.43791	   -0.30451	
11	21	 0.00013923	 6.4691e-05	     128.65	    0.18069	-9.7531e+92	-9.7531e+92	  0.0025572	 1.9275e-05	     0.0000	     0.0000	 -0.0020607	    0.35230	
11	22	 3.6061e-15	 1.6756e-15	     200.45	   0.031856	-9.7531e+92	-9.7531e+92	 1.9641e-05	 6.2884e-06	     0.0000	-8.4947e-05	-0.00068015	 0.00057041	
11	23	    0.10421	   0.048422	     53.605	     2.4433	-9.7531e+92	-9.7531e+92	   0.014968	  0.0098135	   0.011140	  0.0072228	    -1.0559	   -0.92713	
11	24	   0.029124	   0.013532	     56.094	     2.2676	-9.7531e+92	-9.7531e+92	  0.0034958	  0.0027460	  0.0033248	  0.0040736	   -0.29477	   -0.27787	
12	0	 0.00043891	 0.00020871	     226.76	   0.019512	-9.7531e+92	-9.7531e+92	  0.0023879	 8.8845e-05	     0.0000	     0.0000	 -0.0055844	    0.71964	
12	1	 0.00056249	 0.00026748	     231.78	   0.017881	-9.7531e+92	-9.7531e+92	  0.0031902	 0.00010934	     0.0000	     0.0000	 -0.0068927	    0.88990	
12	2	 7.7885e-05	 3.7036e-05	     181.48	   0.047226	-9.7531e+92	-9.7531e+92	 0.00058938	 2.6477e-05	     0.0000	  -0.012528	 -0.0018447	    0.13785	
12	3	 1.6216e-13	 7.7110e-14	     227.10	   0.019395	-9.7531e+92	-9.7531e+92	 8.4963e-05	 1.2012e-05	     0.0000	 -0.0013361	-0.00084477	  0.0076398	
12	4	 2.0915e-05	 9.9457e-06	     165.11	   0.068567	-9.7531e+92	-9.7531e+92	 0.00033931	 1.5251e-05	 9.3335e-05	-0.00092170	 -0.0011339	  0.0051257	
12	5	    0.13285	   0.063174	     80.590	    0.94012	-9.7531e+92	-9.7531e+92	   0.035600	   0.021491	   0.012432	   0.035410	    -1.7157	    -1.0033	
12	6	  0.0061402	  0.0029198	     152.49	   0.093630	-9.7531e+92	-9.7531e+92	   0.012299	  0.0010429	     0.0000	     0.0000	  -0.078626	     1.4835	
12	7	 0.00035259	 0.00016766	     158.06	   0.081372	-9.7531e+92	-9.7531e+92	  0.0045698	 7.3780e-05	     0.0000	     0.0000	 -0.0054190	    0.97640	
12	8	    0.18268	   0.086866	     55.069	     2.3397	-9.7531e+92	-9.7531e+92	   0.030008	   0.027232	   0.026023	    0.17236	    -2.2367	    -1.9701	
12	9	 1.0205e-13	 4.8526e-14	     214.99	   0.024120	-9.7531e+92	-9.7531e+92	  0.0030178	 1.1569e-05	     0.0000	     0.0000	-0.00086204	     1.1592	
12	10	   0.071638	   0.034066	     46.012	     2.9721	-9.7531e+92	-9.7531e+92	  0.0091576	   0.010754	  0.0089558	    0.11434	   -0.79900	   -0.72851	
12	11	  0.0074394	  0.0035376	     77.218	     1.0686	-9.7531e+92	-9.7531e+92	  0.0043324	  0.0013005	  0.0037823	  0.0079475	  -0.098273	  -0.077229	
12	12	     0.0000	     0.0000	     0.0000	     4.0000	-9.7531e+92	-9.7531e+92	    0.24592	     0.0000	    0.24475	     0.0000	     0.0000	     0.0000	
12	13	  0.0088744	  0.0042200	     205.94	   0.028617	-9.7531e+92	-9.7531e+92	  0.0089194	  0.0015077	     0.0000	     0.0000	  -0.097317	     1.3025	
12	14	  0.0050891	  0.0024200	     188.63	   0.040536	-9.7531e+92	-9.7531e+92	  0.0072771	 0.00088955	     0.0000	  -0.016255	  -0.059172	     1.1120	
12	15	 1.0250e-12	 4.8742e-13	     166.81	   0.065853	-9.7531e+92	-9.7531e+92	 0.00034420	 1.2199e-05	     0.0000	 -0.0048784	-0.00087913	    0.10090	
12	16	 3.3824e-12	 1.6084e-12	     115.95	    0.26758	-9.7531e+92	-9.7531e+92	 1.5847e-05	 1.1622e-05	     0.0000	 5.6793e-09	-0.00083563	-5.1675e-08	
12	17	 9.4723e-13	 4.5043e-13	     225.22	   0.020047	-9.7531e+92	-9.7531e+92	 2.8039e-05	 1.2173e-05	     0.0000	-0.00011738	-0.00089175	 0.00046789	
12	18	   0.044212	   0.021024	     120.73	    0.22996	-9.7531e+92	-9.7531e+92	   0.025164	  0.0072894	     0.0000	  -0.013823	   -0.54586	     1.0334	
12	19	    0.15026	   0.071454	     44.530	     3.0689	-9.7531e+92	-9.7531e+92	   0.022459	  0.0086644	   0.021271	   0.050989	   -0.94292	   -0.78923	
12	20	    0.38840	    0.18469	     45.010	     3.0379	-9.7531e+92	-9.7531e+92	   0.055971	   0.052711	   0.050335	    0.30660	    -4.6880	    -4.1901	
12	21	 5.3179e-13	 2.5288e-13	     187.39	   0.041605	-9.7531e+92	-9.7531e+92	  0.0012823	 1.2035e-05	     0.0000	     0.0000	-0.00087197	    0.44759	
12	22	 2.7537e-13	 1.3094e-13	     131.16	    0.16782	-9.7531e+92	-9.7531e+92	 4.7576e-05	 1.1120e-05	     0.0000	-0.00014989	-0.00085752	 0.00070218	
12	23	 0.00096845	 0.00046052	     109.85	    0.32696	-9.7531e+92	-9.7531e+92	  0.0023676	 0.00018899	     0.0000	 -0.0010638	  -0.013753	   0.088327	
12	24	 2.8287e-13	 1.3451e-13	     132.31	    0.16230	-9.7531e+92	-9.7531e+92	 0.00010618	 1.2275e-05	     0.0000	-8.6311e-05	-0.00089115	  0.0037095	
13	0	    0.12168	     1.3549	     86.013	    0.76580	-9.7531e+92	-9.7531e+92	    0.54746	    0.42175	     0.0000	     0.0000	     1.6243	    0.10969	
13	1	   0.083413	    0.92880	     57.043	     2.2015	-9.7531e+92	-9.7531e+92	    0.52064	    0.28203	     0.0000	     0.0000	     1.0980	  -0.011704	
13	2	  0.0088489	   0.098533	     127.66	    0.18612	-9.7531e+92	-9.7531e+92	   0.056398	   0.016237	     0.0000	     0.0000	   0.081367	     0.0000	
13	3	 5.0762e-05	 0.00056524	     188.65	   0.040519	-9.7531e+92	-9.7531e+92	  0.0018515	 0.00041604	     0.0000	 -0.0018906	  0.0012839	-0.00081696	
13	4	 6.3305e-12	 7.0490e-11	     217.30	   0.023117	-9.7531e+92	-9.7531e+92	  0.0010117	 0.00024365	     0.0000	 -0.0015640	 0.00075061	-0.00054281	
13	5	  0.0050657	   0.056407	     125.66	    0.19761	-9.7531e+92	-9.7531e+92	    0.12608	   0.019726	     0.0000	  -0.059793	   0.057257	  -0.051234	
13	6	   0.079913	    0.88984	     53.773	     2.4314	-9.7531e+92	-9.7531e+92	    0.60612	    0.27016	     0.0000	     0.0000	    0.87899	  -0.071783	
13	7	    0.11257	     1.2535	     57.312	     2.1828	-9.7531e+92	-9.7531e+92	    0.54188	    0.36123	     0.0000	     0.0000	     1.2991	   0.036478	
13	8	 5.3940e-12	 6.0063e-11	     162.59	   0.072826	-9.7531e+92	-9.7531e+92	   0.011404	 0.00029269	     0.0000	  -0.029879	 0.00065874	 -0.0086315	
13	9	    0.25221	     2.8084	     9.0540	     3.9979	-9.7531e+92	-9.7531e+92	    0.94932	    0.82714	     0.0000	     0.0000	     2.8756	    0.18829	
13	10	 5.2747e-12	 5.8735e-11	     205.99	   0.028587	-9.7531e+92	-9.7531e+92	 0.00054442	 0.00031446	     0.0000	 -0.0020605	 0.00058548	-0.00035070	
13	11	 6.3281e-12	 7.0464e-11	     166.60	   0.066184	-9.7531e+92	-9.7531e+92	  0.0011799	 0.00030167	     0.0000	 -0.0039274	 0.00062614	 -0.0010793	
13	12	 1.2852e-12	 1.4311e-11	     205.94	   0.028617	-9.7531e+92	-9.7531e+92	  0.0016388	 0.00030588	     0.0000	  -0.014062	 0.00059144	 -0.0023547	
13	13	     0.0000	     0.0000	     0.0000	     4.0000	-9.7531e+92	-9.7531e+92	     6.0068	     0.0000	     4.4641	     0.0000	     0.0000	     0.0000	
13	14	    0.13539	     1.5075	     32.765	     3.6733	-9.7531e+92	-9.7531e+92	    0.68735	    0.44739	     0.0000	  0.0054046	     1.5054	   0.048961	
13	15	  0.0026532	   0.029543	     111.52	    0.30921	-9.7531e+92	-9.7531e+92	   0.032437	   0.010484	     0.0000	 -0.0014996	   0.031067	 -0.0061579	
13	16	 1.2077e-12	 1.3448e-11	     153.85	   0.090443	-9.7531e+92	-9.7531e+92	 0.00037108	 0.00029154	     0.0000	 1.6589e-08	 0.00068062	 4.1540e-09	
13	17	 2.2734e-12	 2.5315e-11	     287.27	  0.0075975	-9.7531e+92	-9.7531e+92	 0.00041018	 0.00028632	     0.0000	-0.00026118	 0.00066463	-3.7305e-05	
13	18	    0.14155	     1.5762	     87.611	    0.72124	-9.7531e+92	-9.7531e+92	    0.73724	    0.49890	     0.0000	  0.0024704	     1.6397	  0.0093340	
13	19	 1.5275e-12	 1.7009e-11	     184.51	   0.044238	-9.7531e+92	-9.7531e+92	  0.0020416	 0.00030655	     0.0000	  -0.014302	 0.00060827	 -0.0024747	
13	20	 2.1426e-12	 2.3858e-11	     165.04	   0.068678	-9.7531e+92	-9.7531e+92	   0.013816	 0.00029055	     0.0000	  -0.043410	 0.00065003	  -0.012326	
13	21	   0.056290	    0.62679	     76.619	     1.0932	-9.7531e+92	-9.7531e+92	    0.26511	    0.20157	     0.0000	     0.0000	    0.65956	   0.021741	
13	22	 3.8468e-12	 4.2834e-11	     260.15	   0.011286	-9.7531e+92	-9.7531e+92	 0.00043846	 0.00029260	     0.0000	-0.00038491	 0.00064727	-5.8965e-05	
13	23	 0.00035737	  0.0039794	     113.01	    0.29441	-9.7531e+92	-9.7531e+92	   0.021302	  0.0017515	     0.0000	 -0.0030305	  0.0046193	 -0.0079691	
13	24	 3.0440e-11	 3.3895e-10	     142.21	    0.12286	-9.7531e+92	-9.7531e+92	  0.0011226	 0.00025600	     0.0000	-0.00022672	 0.00084776	-0.00029771	
14	0	   0.080905	    0.69419	     114.85	    0.27729	-9.7531e+92	-9.7531e+92	    0.32095	    0.19958	     0.0000	     0.0000	     1.7518	     0.0000	
14	1	    0.10267	    0.88096	     88.839	    0.68891	-9.7531e+92	-9.7531e+92	    0.40966	    0.23039	     0.0000	     0.0000	     1.9096	     0.0000	
14	2	   0.065206	    0.55949	     97.273	    0.50580	-9.7531e+92	-9.7531e+92	    0.17338	    0.21640	   0.071537	     0.0000	     1.8130	     0.0000	
14	3	 0.00095512	  0.0081953	     161.01	   0.075671	-9.7531e+92	-9.7531e+92	  0.0055509	  0.0035349	     0.0000	     0.0000	   0.028355	     0.0000	
14	4	 5.2718e-06	 4.5234e-05	     184.55	   0.044193	-9.7531e+92	-9.7531e+92	  0.0016010	 0.00024280	     0.0000	     0.0000	  0.0020018	     0.0000	
14	5	  0.0070176	   0.060214	     108.09	    0.34690	-9.7531e+92	-9.7531e+92	    0.10113	   0.023098	     0.0000	     0.0000	    0.19797	     0.0000	
14	6	    0.24387	     2.0925	     41.508	     3.2546	-9.7531e+92	-9.7531e+92	    0.75841	    0.72619	     0.0000	     0.0000	     6.7054	     0.0000	
14	7	   0.055000	    0.47192	     65.464	     1.6549	-9.7531e+92	-9.7531e+92	    0.29516	    0.17308	     0.0000	     0.0000	     1.5303	     0.0000	
14	8	 3.5470e-14	 3.0435e-13	     146.54	    0.10935	-9.7531e+92	-9.7531e+92	  0.0082869	 0.00025079	     0.0000	     0.0000	  0.0018012	     0.0000	
14	9	    0.22252	     1.9093	     38.749	     3.4073	-9.7531e+92	-9.7531e+92	    0.66515	    0.66102	     0.0000	     0.0000	     6.2059	     0.0000	
14	10	 6.3212e-14	 5.4238e-13	     190.48	   0.038997	-9.7531e+92	-9.7531e+92	 0.00041551	 0.00026797	     0.0000	     0.0000	  0.0017507	     0.0000	
14	11	 6.6845e-13	 5.7355e-12	     157.91	   0.081669	-9.7531e+92	-9.7531e+92	 0.00087662	 0.00025842	     0.0000	     0.0000	  0.0017787	     0.0000	
14	12	 1.7081e-13	 1.4656e-12	     188.63	   0.040536	-9.7531e+92	-9.7531e+92	  0.0012598	 0.00025974	     0.0000	     0.0000	  0.0017604	     0.0000	
14	13	   0.091539	    0.78544	     32.765	     3.6733	-9.7531e+92	-9.7531e+92	    0.56364	    0.23185	     0.0000	     0.0000	     2.1511	     0.0000	
14	14	     0.0000	     0.0000	     0.0000	     4.0000	-9.7531e+92	-9.7531e+92	     4.5464	     0.0000	     3.6013	     0.0000	     0.0000	     0.0000	
14	15	   0.065607	    0.56293	     78.991	    0.99899	-9.7531e+92	-9.7531e+92	    0.15264	    0.22060	   0.080742	     0.0000	     1.8703	     0.0000	
14	16	 7.0317e-13	 6.0335e-12	     121.20	    0.22662	-9.7531e+92	-9.7531e+92	 0.00028595	 0.00025590	     0.0000	     0.0000	  0.0018034	     0.0000	
14	17	 9.9875e-14	 8.5696e-13	     254.84	   0.012253	-9.7531e+92	-9.7531e+92	 0.00034515	 0.00025840	     0.0000	     0.0000	  0.0017792	     0.0000	
14	18	   0.059900	    0.51396	     78.249	     1.0276	-9.7531e+92	-9.7531e+92	    0.45719	    0.17955	     0.0000	     0.0000	     1.6346	     0.0000	
14	19	 6.8281e-13	 5.8588e-12	     166.55	   0.066257	-9.7531e+92	-9.7531e+92	  0.0016036	 0.00025936	     0.0000	     0.0000	  0.0017765	     0.0000	
14	20	 2.2897e-13	 1.9647e-12	     147.73	    0.10597	-9.7531e+92	-9.7531e+92	   0.010814	 0.00024625	     0.0000	     0.0000	  0.0018054	     0.0000	
14	21	  0.0041890	   0.035943	     101.18	    0.44014	-9.7531e+92	-9.7531e+92	   0.089247	   0.013449	     0.0000	     0.0000	    0.11956	     0.0000	
14	22	 1.3237e-13	 1.1358e-12	     227.39	   0.019298	-9.7531e+92	-9.7531e+92	 0.00037552	 0.00025846	     0.0000	     0.0000	  0.0017835	     0.0000	
14	23	 0.00060590	  0.0051988	     114.84	    0.27739	-9.7531e+92	-9.7531e+92	   0.014356	  0.0024427	     0.0000	     0.0000	   0.018504	     0.0000	
14	24	 1.3605e-12	 1.1674e-11	     150.00	   0.099849	-9.7531e+92	-9.7531e+92	 0.00071445	 0.00024678	     0.0000	     0.0000	  0.0018004	     0.0000	
15	0	 0.00036321	 0.00046589	     189.51	   0.039789	-9.7531e+92	-9.7531e+92	   0.017852	 0.00026377	     0.0000	     0.0000	 0.00040467	  -0.020624	
15	1	  0.0012486	  0.0016016	     167.83	   0.064291	-9.7531e+92	-9.7531e+92	   0.023304	 0.00078342	     0.0000	     0.0000	  0.0011936	  -0.029669	
15	2	    0.25434	    0.32624	     21.827	     3.9312	-9.7531e+92	-9.7531e+92	   0.086699	    0.16380	   0.071474	    0.66029	  -0.043909	   -0.15871	
15	3	   0.019109	   0.024511	     84.108	    0.82281	-9.7531e+92	-9.7531e+92	  0.0071731	  0.0063549	  0.0062475	   0.024603	  -0.016748	  -0.024021	
15	4	  0.0018547	  0.0023790	     106.18	    0.37015	-9.7531e+92	-9.7531e+92	  0.0017595	 0.00092305	  0.0010960	  0.0042974	 0.00053545	-0.00041117	
15	5	  0.0023378	  0.0029986	     104.94	    0.38615	-9.7531e+92	-9.7531e+92	   0.023242	  0.0015344	     0.0000	  -0.062798	-0.00079633	   0.036650	
15	6	   0.017819	   0.022856	     96.746	    0.51548	-9.7531e+92	-9.7531e+92	   0.054867	   0.010958	     0.0000	     0.0000	 -0.0019692	   0.070112	
15	7	 0.00054781	 0.00070267	     131.62	    0.16559	-9.7531e+92	-9.7531e+92	   0.024234	 0.00039287	     0.0000	     0.0000	-0.00018004	   0.061306	
15	8	 1.1520e-12	 1.4776e-12	     159.01	   0.079481	-9.7531e+92	-9.7531e+92	  0.0023328	 4.5001e-05	     0.0000	  -0.029536	-3.9167e-05	  0.0078135	
15	9	 0.00021804	 0.00027967	     117.55	    0.25424	-9.7531e+92	-9.7531e+92	   0.026609	 0.00017753	     0.0000	     0.0000	-7.8226e-05	   0.072209	
15	10	 8.3089e-13	 1.0658e-12	     197.67	   0.033672	-9.7531e+92	-9.7531e+92	 7.5009e-05	 4.6498e-05	     0.0000	 -0.0020368	-4.6994e-05	 0.00035863	
15	11	 1.7163e-12	 2.2015e-12	     182.32	   0.046370	-9.7531e+92	-9.7531e+92	 0.00019952	 4.5959e-05	     0.0000	 -0.0038822	-4.4772e-05	  0.0010811	
15	12	 2.4286e-12	 3.1151e-12	     166.81	   0.065853	-9.7531e+92	-9.7531e+92	 0.00027850	 4.5194e-05	     0.0000	  -0.013898	-4.5327e-05	  0.0023522	
15	13	   0.063751	   0.081772	     111.52	    0.30921	-9.7531e+92	-9.7531e+92	   0.090852	   0.037521	     0.0000	     0.0000	   0.063123	  -0.028419	
15	14	    0.16229	    0.20817	     78.991	    0.99899	-9.7531e+92	-9.7531e+92	   0.079764	   0.077266	     0.0000	  0.0076123	   -0.22010	  -0.062389	
15	15	     0.0000	     0.0000	     0.0000	     4.0000	-9.7531e+92	-9.7531e+92	    0.64570	     0.0000	    0.63495	     0.0000	     0.0000	     0.0000	
15	16	 1.5253e-12	 1.9565e-12	     65.362	     1.6609	-9.7531e+92	-9.7531e+92	 4.2746e-05	 4.3429e-05	     0.0000	 1.4777e-08	 5.8363e-05	 1.7814e-10	
15	17	 1.0480e-12	 1.3442e-12	     175.81	   0.053534	-9.7531e+92	-9.7531e+92	 0.00010540	 3.8150e-05	     0.0000	-0.00021862	 3.5637e-05	 9.6579e-06	
15	18	    0.47609	    0.61067	     116.73	    0.26100	-9.7531e+92	-9.7531e+92	    0.18099	    0.29122	  0.0074802	    0.13605	   0.073519	   -0.13864	
15	19	 2.9293e-06	 3.7573e-06	     131.26	    0.16732	-9.7531e+92	-9.7531e+92	 0.00035667	 4.7156e-05	     0.0000	  -0.014053	-4.2393e-05	  0.0023331	
15	20	 2.7116e-05	 3.4782e-05	     124.66	    0.20372	-9.7531e+92	-9.7531e+92	  0.0026001	 6.2226e-05	     0.0000	  -0.042803	-5.3446e-05	   0.010950	
15	21	 7.1335e-13	 9.1501e-13	     175.65	   0.053734	-9.7531e+92	-9.7531e+92	  0.0092494	 4.3551e-05	     0.0000	     0.0000	-2.5695e-05	   0.030684	
15	22	 2.9985e-13	 3.8461e-13	     163.21	   0.071746	-9.7531e+92	-9.7531e+92	 0.00012586	 4.0265e-05	     0.0000	-0.00034702	 9.0571e-06	 3.7311e-05	
15	23	 4.5044e-13	 5.7777e-13	     149.47	    0.10124	-9.7531e+92	-9.7531e+92	  0.0039740	 4.5484e-05	     0.0000	 -0.0031324	-3.9656e-05	  0.0078429	
15	24	 2.9033e-13	 3.7240e-13	     189.75	   0.039594	-9.7531e+92	-9.7531e+92	 0.00016048	 4.5863e-05	     0.0000	-0.00022411	-4.4068e-05	 0.00029932	
16	0	   0.021488	     0.0000	     217.18	   0.023165	-9.7531e+92	-9.7531e+92	     0.0000	 4.7568e-05	     0.0000	     0.0000	-9.8585e-12	     0.0000	
16	1	  0.0034256	     0.0000	     207.46	   0.027791	-9.7531e+92	-9.7531e+92	     0.0000	 7.5921e-06	     0.0000	     0.0000	-4.0270e-12	     0.0000	
16	2	   0.044895	     0.0000	     68.097	     1.5042	-9.7531e+92	-9.7531e+92	     0.0000	 0.00011157	     0.0000	     0.0000	-3.4319e-11	     0.0000	
16	3	   0.045288	     0.0000	     111.94	    0.30495	-9.7531e+92	-9.7531e+92	     0.0000	 0.00011601	     0.0000	     0.0000	-3.9329e-11	     0.0000	
16	4	   0.012511	     0.0000	     75.439	     1.1432	-9.7531e+92	-9.7531e+92	     0.0000	 3.1951e-05	     0.0000	     0.0000	-9.4304e-12	     0.0000	
16	5	  0.0060647	     0.0000	     71.546	     1.3237	-9.7531e+92	-9.7531e+92	     0.0000	 1.5512e-05	     0.0000	     0.0000	-5.0274e-12	     0.0000	
16	6	  0.0087806	     0.0000	     111.89	    0.30549	-9.7531e+92	-9.7531e+92	     0.0000	 2.0904e-05	     0.0000	     0.0000	-6.5879e-12	     0.0000	
16	7	   0.040728	     0.0000	     137.28	    0.14083	-9.7531e+92	-9.7531e+92	     0.0000	 0.00010024	     0.0000	     0.0000	-3.2483e-11	     0.0000	
16	8	   0.026654	     0.0000	     112.87	    0.29583	-9.7531e+92	-9.7531e+92	     0.0000	 7.2026e-05	     0.0000	     0.0000	-2.3681e-11	     0.0000	
16	9	   0.034441	     0.0000	     159.83	   0.077890	-9.7531e+92	-9.7531e+92	     0.0000	 8.3409e-05	     0.0000	     0.0000	-2.7161e-11	     0.0000	
16	10	  0.0041473	     0.0000	     147.94	    0.10538	-9.7531e+92	-9.7531e+92	     0.0000	 1.1868e-05	     0.0000	     0.0000	-3.7987e-12	     0.0000	
16	11	   0.032120	     0.0000	     142.85	    0.12075	-9.7531e+92	-9.7531e+92	     0.0000	 8.8982e-05	     0.0000	     0.0000	-2.9298e-11	     0.0000	
16	12	   0.025431	     0.0000	     115.95	    0.26758	-9.7531e+92	-9.7531e+92	     0.0000	 6.9830e-05	     0.0000	     0.0000	-2.1793e-11	     0.0000	
16	13	   0.057234	     0.0000	     153.85	   0.090443	-9.7531e+92	-9.7531e+92	     0.0000	 0.00012129	     0.0000	     0.0000	-2.5546e-11	     0.0000	
16	14	   0.038817	     0.0000	     121.20	    0.22662	-9.7531e+92	-9.7531e+92	     0.0000	 8.7487e-05	     0.0000	     0.0000	-2.0671e-11	     0.0000	
16	15	   0.073367	     0.0000	     65.362	     1.6609	-9.7531e+92	-9.7531e+92	     0.0000	 0.00019496	     0.0000	     0.0000	-6.1458e-11	     0.0000	
16	16	     0.0000	     0.0000	     0.0000	     4.0000	-9.7531e+92	-9.7531e+92	     0.0000	     0.0000	     0.0000	     0.0000	     0.0000	     0.0000	
16	17	   0.011241	     0.0000	     148.25	    0.10451	-9.7531e+92	-9.7531e+92	     0.0000	 3.1158e-05	     0.0000	     0.0000	 7.9970e-12	     0.0000	
16	18	   0.035647	     0.0000	     110.59	    0.31898	-9.7531e+92	-9.7531e+92	     0.0000	 8.3123e-05	     0.0000	     0.0000	-2.3813e-11	     0.0000	
16	19	   0.060222	     0.0000	     73.024	     1.2523	-9.7531e+92	-9.7531e+92	     0.0000	 0.00016533	     0.0000	     0.0000	-5.3295e-11	     0.0000	
16	20	   0.097168	     0.0000	     74.477	     1.1855	-9.7531e+92	-9.7531e+92	     0.0000	 0.00025782	     0.0000	     0.0000	-8.5826e-11	     0.0000	
16	21	   0.040234	     0.0000	     180.81	   0.047925	-9.7531e+92	-9.7531e+92	     0.0000	 0.00010231	     0.0000	     0.0000	-3.2620e-11	     0.0000	
16	22	   0.050519	     0.0000	     106.73	    0.36321	-9.7531e+92	-9.7531e+92	     0.0000	 0.00013924	     0.0000	     0.0000	-3.5371e-11	     0.0000	
16	23	    0.10196	     0.0000	     136.77	    0.14287	-9.7531e+92	-9.7531e+92	     0.0000	 0.00027587	     0.0000	     0.0000	-9.0688e-11	     0.0000	
16	24	   0.055933	     0.0000	     177.80	   0.051213	-9.7531e+92	-9.7531e+92	     0.0000	 0.00015166	     0.0000	     0.0000	-4.9386e-11	     0.0000	
17	0	 1.1081e-10	 4.4512e-11	     353.56	  0.0033150	-9.7531e+92	-9.7531e+92	  0.0020046	 4.1313e-06	     0.0000	     0.0000	-5.2552e-05	   0.055022	
17	1	 2.5266e-11	 1.0149e-11	     342.57	  0.0037606	-9.7531e+92	-9.7531e+92	  0.0021746	 4.0781e-06	     0.0000	     0.0000	-5.1737e-05	   0.067516	
17	2	   0.072075	   0.028951	     160.64	   0.076357	-9.7531e+92	-9.7531e+92	   0.026724	  0.0046064	   0.021957	   0.025286	  -0.074186	  -0.060916	
17	3	    0.26949	    0.10825	     122.41	    0.21829	-9.7531e+92	-9.7531e+92	   0.038477	   0.012584	   0.038187	    0.13184	   -0.28051	   -0.27496	
17	4	    0.60671	    0.24370	     73.525	     1.2289	-9.7531e+92	-9.7531e+92	   0.069637	  0.0087197	   0.069430	   0.081863	   -0.42438	   -0.41407	
17	5	 1.3273e-10	 5.3313e-11	     219.60	   0.022168	-9.7531e+92	-9.7531e+92	  0.0012313	 4.1006e-06	     0.0000	  -0.010074	-7.0966e-05	   0.050934	
17	6	 4.9867e-11	 2.0030e-11	     251.72	   0.012870	-9.7531e+92	-9.7531e+92	  0.0035454	 3.9781e-06	     0.0000	     0.0000	-6.7850e-05	    0.13326	
17	7	 5.1821e-11	 2.0815e-11	     281.54	  0.0082346	-9.7531e+92	-9.7531e+92	  0.0020770	 4.1260e-06	     0.0000	     0.0000	-7.0266e-05	   0.085318	
17	8	 1.2980e-10	 5.2138e-11	     258.50	   0.011577	-9.7531e+92	-9.7531e+92	 0.00015877	 4.2090e-06	     0.0000	 -0.0045110	-7.3486e-05	  0.0090148	
17	9	 7.1039e-11	 2.8535e-11	     293.28	  0.0069951	-9.7531e+92	-9.7531e+92	  0.0035295	 4.0638e-06	     0.0000	     0.0000	-7.0152e-05	    0.10079	
17	10	 3.4708e-11	 1.3942e-11	     270.72	  0.0096279	-9.7531e+92	-9.7531e+92	 2.1936e-05	 4.3048e-06	     0.0000	-0.00031108	-7.4546e-05	 0.00039353	
17	11	 7.9859e-11	 3.2077e-11	     290.18	  0.0072979	-9.7531e+92	-9.7531e+92	 2.7791e-05	 4.2871e-06	     0.0000	-0.00059297	-7.4377e-05	  0.0011961	
17	12	 1.0167e-10	 4.0840e-11	     225.22	   0.020047	-9.7531e+92	-9.7531e+92	 0.00017401	 4.1852e-06	     0.0000	 -0.0021211	-7.4265e-05	  0.0026054	
17	13	 3.2619e-11	 1.3102e-11	     287.27	  0.0075975	-9.7531e+92	-9.7531e+92	   0.016420	 3.9638e-06	     0.0000	     0.0000	-5.1059e-05	    0.10420	
17	14	 0.00065352	 0.00026250	     254.84	   0.012253	-9.7531e+92	-9.7531e+92	  0.0085007	 4.3677e-05	     0.0000	 -0.0067172	-0.00061133	   0.091379	
17	15	 2.7200e-10	 1.0926e-10	     175.81	   0.053534	-9.7531e+92	-9.7531e+92	  0.0081051	 4.2789e-06	  0.0047391	 -0.0018940	-7.2464e-05	  0.0089018	
17	16	 8.4000e-11	 3.3741e-11	     148.25	    0.10451	-9.7531e+92	-9.7531e+92	 1.3386e-05	 4.2048e-06	     0.0000	 2.4592e-09	-5.8350e-05	-3.8989e-09	
17	17	     0.0000	     0.0000	     0.0000	     4.0000	-9.7531e+92	-9.7531e+92	    0.20332	     0.0000	    0.20328	     0.0000	     0.0000	     0.0000	
17	18	 1.0274e-10	 4.1267e-11	     258.46	   0.011584	-9.7531e+92	-9.7531e+92	  0.0050466	 3.9548e-06	     0.0000	 -0.0082618	-6.4449e-05	    0.12850	
17	19	 3.9874e-11	 1.6016e-11	     187.53	   0.041480	-9.7531e+92	-9.7531e+92	 0.00060819	 4.1541e-06	     0.0000	 -0.0021139	-7.2991e-05	  0.0026256	
17	20	 8.3749e-12	 3.3640e-12	     207.02	   0.028026	-9.7531e+92	-9.7531e+92	 0.00043564	 4.1382e-06	     0.0000	 -0.0065443	-7.3274e-05	   0.012752	
17	21	 1.7608e-11	 7.0727e-12	     326.31	  0.0045671	-9.7531e+92	-9.7531e+92	 0.00090514	 4.2234e-06	     0.0000	     0.0000	-7.1549e-05	   0.039246	
17	22	   0.051071	   0.020514	     106.10	    0.37108	-9.7531e+92	-9.7531e+92	  0.0083246	  0.0020352	  0.0082742	   0.025481	  -0.032676	  -0.031859	
17	23	 1.1447e-11	 4.5979e-12	     284.58	  0.0078888	-9.7531e+92	-9.7531e+92	 0.00015083	 4.3071e-06	     0.0000	-0.00047845	-7.3838e-05	  0.0089013	
17	24	 1.1742e-11	 4.7165e-12	     325.25	  0.0046269	-9.7531e+92	-9.7531e+92	 1.8222e-05	 4.3302e-06	     0.0000	-3.4231e-05	-7.4416e-05	 0.00033067	
18	0	   0.033572	    0.16815	     116.29	    0.26473	-9.7531e+92	-9.7531e+92	    0.12154	   0.095801	     0.0000	     0.0000	   -0.21480	  0.0063752	
18	1	   0.076690	    0.38411	     111.77	    0.30668	-9.7531e+92	-9.7531e+92	    0.19016	    0.24907	     0.0000	     0.0000	  -0.085193	  0.0020105	
18	2	 0.00036909	  0.0018486	     137.27	    0.14087	-9.7531e+92	-9.7531e+92	   0.012780	  0.0016567	     0.0000	-0.00065695	 -0.0018171	  0.0024345	
18	3	 1.8414e-06	 9.2230e-06	     199.21	   0.032649	-9.7531e+92	-9.7531e+92	 0.00059855	 0.00027543	     0.0000	-5.2981e-05	-0.00026112	 0.00013740	
18	4	 1.5687e-14	 7.8571e-14	     186.18	   0.042684	-9.7531e+92	-9.7531e+92	 0.00046283	 0.00027225	     0.0000	-4.6702e-05	-0.00033163	 9.8059e-05	
18	5	    0.20635	     1.0335	     53.346	     2.4617	-9.7531e+92	-9.7531e+92	    0.31682	    0.65454	   0.072781	  0.0044182	   -0.75196	  -0.034468	
18	6	    0.30367	     1.5210	     36.723	     3.5078	-9.7531e+92	-9.7531e+92	    0.53032	    0.83640	     0.0000	     0.0000	    -1.5074	  -0.035823	
18	7	    0.10056	    0.50367	     38.248	     3.4331	-9.7531e+92	-9.7531e+92	    0.22743	    0.35196	     0.0000	     0.0000	   -0.44844	 -0.0039238	
18	8	   0.011814	   0.059175	     75.421	     1.1439	-9.7531e+92	-9.7531e+92	   0.032656	   0.042084	     0.0000	 0.00025600	  -0.037288	-0.00078567	
18	9	  0.0056985	   0.028542	     96.665	    0.51699	-9.7531e+92	-9.7531e+92	    0.12116	   0.019425	     0.0000	     0.0000	  -0.025151	   0.019891	
18	10	 5.3250e-15	 2.6671e-14	     118.82	    0.24422	-9.7531e+92	-9.7531e+92	 0.00058092	 0.00026727	     0.0000	-4.2187e-05	-0.00029292	 8.1803e-05	
18	11	 0.00012429	 0.00062252	     81.269	    0.91620	-9.7531e+92	-9.7531e+92	  0.0022595	 0.00069555	     0.0000	-7.1258e-05	-0.00053048	 0.00022041	
18	12	 4.7628e-07	 2.3855e-06	     120.73	    0.22996	-9.7531e+92	-9.7531e+92	  0.0032214	 0.00026768	     0.0000	-0.00028785	-0.00034102	 0.00054167	
18	13	   0.097674	    0.48922	     87.611	    0.72124	-9.7531e+92	-9.7531e+92	    0.29446	    0.28054	     0.0000	     0.0000	   -0.42940	  0.0067982	
18	14	   0.088955	    0.44555	     78.249	     1.0276	-9.7531e+92	-9.7531e+92	    0.24684	    0.28991	     0.0000	-8.3216e-05	   -0.23202	  0.0038482	
18	15	 0.00011239	 0.00056293	     116.73	    0.26100	-9.7531e+92	-9.7531e+92	  0.0096400	 0.00053792	     0.0000	     0.0000	-0.00025946	     0.0000	
18	16	 1.1187e-15	 5.6035e-15	     110.59	    0.31898	-9.7531e+92	-9.7531e+92	 0.00016692	 0.00027784	     0.0000	 3.2810e-10	-0.00038237	-1.0255e-09	
18	17	 1.6545e-14	 8.2871e-14	     258.46	   0.011584	-9.7531e+92	-9.7531e+92	 0.00018478	 0.00029903	     0.0000	-6.1108e-06	-0.00050007	 8.6760e-06	
18	18	     0.0000	     0.0000	     0.0000	     4.0000	-9.7531e+92	-9.7531e+92	     2.7161	     0.0000	     2.0385	     0.0000	     0.0000	     0.0000	
18	19	 2.0092e-05	 0.00010064	     118.15	    0.24945	-9.7531e+92	-9.7531e+92	  0.0042449	 0.00034610	     0.0000	-0.00029041	-0.00042914	 0.00054658	
18	20	  0.0026870	   0.013459	     90.275	    0.65310	-9.7531e+92	-9.7531e+92	   0.035062	  0.0094309	     0.0000	-0.00068651	 -0.0081388	  0.0020519	
18	21	   0.033432	    0.16745	     79.511	    0.97945	-9.7531e+92	-9.7531e+92	   0.082500	    0.12379	     0.0000	     0.0000	   -0.15899	 0.00084092	
18	22	 3.5606e-15	 1.7834e-14	     205.13	   0.029065	-9.7531e+92	-9.7531e+92	 0.00019987	 0.00029553	     0.0000	-8.8179e-06	-0.00047024	 1.3390e-05	
18	23	   0.037237	    0.18651	     36.898	     3.4995	-9.7531e+92	-9.7531e+92	   0.056974	    0.13253	   0.015707	 0.00023024	   -0.11317	 -0.0065747	
18	24	  0.0010288	  0.0051527	     74.739	     1.1738	-9.7531e+92	-9.7531e+92	  0.0018312	  0.0037003	     0.0000	 1.1184e-05	 -0.0018428	-0.00016566	
19	0	 4.6162e-05	 3.2420e-05	     234.49	   0.017074	-9.7531e+92	-9.7531e+92	  0.0034769	 1.4017e-05	     0.0000	     0.0000	-0.00089709	    0.49840	
19	1	 0.00057025	 0.00040050	     226.57	   0.019575	-9.7531e+92	-9.7531e+92	  0.0047688	 7.8293e-05	     0.0000	     0.0000	 -0.0050186	    0.61298	
19	2	  0.0048029	  0.0033732	     139.30	    0.13308	-9.7531e+92	-9.7531e+92	  0.0025304	 0.00063360	     0.0000	 -0.0045322	  -0.044610	   0.056555	
19	3	 1.3731e-05	 9.6436e-06	     184.07	   0.044655	-9.7531e+92	-9.7531e+92	 0.00079947	 1.0206e-05	 0.00029265	-0.00078984	-0.00073187	  0.0051352	
19	4	   0.023415	   0.016445	     119.82	    0.23665	-9.7531e+92	-9.7531e+92	  0.0046045	  0.0028005	  0.0042412	   0.029237	   -0.21745	   -0.18763	
19	5	    0.20114	    0.14126	     64.874	     1.6901	-9.7531e+92	-9.7531e+92	   0.058810	   0.021433	   0.024591	   0.029261	    -1.8496	    -1.2376	
19	6	  0.0060060	  0.0042182	     133.74	    0.15573	-9.7531e+92	-9.7531e+92	   0.017387	 0.00071771	     0.0000	     0.0000	  -0.055274	     1.0195	
19	7	 0.00036243	 0.00025455	     154.38	   0.089237	-9.7531e+92	-9.7531e+92	  0.0065844	 5.3629e-05	     0.0000	     0.0000	 -0.0039839	    0.66994	
19	8	   0.034914	   0.024521	     80.536	    0.94205	-9.7531e+92	-9.7531e+92	   0.021484	  0.0039259	   0.015597	   0.016558	   -0.32153	   -0.21685	
19	9	 6.0370e-14	 4.2400e-14	     193.08	   0.036956	-9.7531e+92	-9.7531e+92	  0.0045937	 8.2142e-06	     0.0000	     0.0000	-0.00061922	    0.79547	
19	10	 0.00094130	 0.00066110	     85.643	    0.77653	-9.7531e+92	-9.7531e+92	  0.0035472	 0.00011905	  0.0032491	 0.00066197	 -0.0091058	 -0.0046715	
19	11	 1.1314e-05	 7.9463e-06	     108.78	    0.33886	-9.7531e+92	-9.7531e+92	  0.0021775	 9.6210e-06	  0.0013651	-0.00082376	-0.00073694	  0.0090944	
19	12	    0.47088	    0.33071	     44.530	     3.0689	-9.7531e+92	-9.7531e+92	   0.087236	   0.038571	   0.085521	    0.28081	    -3.1459	    -2.6508	
19	13	  0.0042181	  0.0029625	     184.51	   0.044238	-9.7531e+92	-9.7531e+92	   0.013196	 0.00051043	     0.0000	     0.0000	  -0.033552	    0.92960	
19	14	   0.012008	  0.0084335	     166.55	   0.066257	-9.7531e+92	-9.7531e+92	   0.012247	  0.0014738	     0.0000	 -0.0091912	  -0.099650	    0.71484	
19	15	 8.5937e-05	 6.0355e-05	     131.26	    0.16732	-9.7531e+92	-9.7531e+92	 0.00083644	 1.9772e-05	     0.0000	 -0.0029222	 -0.0014437	   0.068497	
19	16	 1.3013e-13	 9.1392e-14	     73.024	     1.2523	-9.7531e+92	-9.7531e+92	 2.3405e-05	 8.1722e-06	     0.0000	 3.2820e-09	-0.00054634	-3.1927e-08	
19	17	 5.9502e-13	 4.1790e-13	     187.53	   0.041480	-9.7531e+92	-9.7531e+92	 0.00018725	 8.5136e-06	 0.00011377	-7.0304e-05	-0.00063560	 0.00032084	
19	18	   0.078208	   0.054927	     118.15	    0.24945	-9.7531e+92	-9.7531e+92	   0.037979	  0.0089585	     0.0000	 -0.0049648	   -0.69456	    0.44537	
19	19	     0.0000	     0.0000	     0.0000	     4.0000	-9.7531e+92	-9.7531e+92	    0.36163	     0.0000	    0.35988	     0.0000	     0.0000	     0.0000	
19	20	    0.16101	    0.11308	     28.400	     3.8088	-9.7531e+92	-9.7531e+92	   0.053382	   0.012493	   0.045058	   0.051187	    -1.2283	   -0.98307	
19	21	 1.5922e-14	 1.1182e-14	     197.71	   0.033641	-9.7531e+92	-9.7531e+92	  0.0018804	 8.5556e-06	     0.0000	     0.0000	-0.00062632	    0.30707	
19	22	  0.0013641	 0.00095802	     93.933	    0.57085	-9.7531e+92	-9.7531e+92	 0.00048188	 0.00014149	 0.00039373	  0.0015854	  -0.010907	 -0.0086111	
19	23	 6.8047e-06	 4.7791e-06	     121.29	    0.22600	-9.7531e+92	-9.7531e+92	  0.0023226	 9.5186e-06	     0.0000	-0.00072970	-0.00070156	   0.068644	
19	24	 1.3715e-12	 9.6323e-13	     150.08	   0.099629	-9.7531e+92	-9.7531e+92	 8.7905e-05	 8.7248e-06	     0.0000	-5.2249e-05	-0.00064014	  0.0025437	
20	0	 0.00010648	 9.9562e-05	     206.61	   0.028245	-9.7531e+92	-9.7531e+92	  0.0074067	 7.2399e-05	     0.0000	     0.0000	 -0.0033122	     1.0826	
20	1	 0.00074346	 0.00069518	     199.20	   0.032652	-9.7531e+92	-9.7531e+92	   0.010329	 0.00033696	     0.0000	     0.0000	  -0.015335	     1.3294	
20	2	 0.00091849	 0.00085885	     139.77	    0.13137	-9.7531e+92	-9.7531e+92	  0.0017617	 0.00043947	     0.0000	  -0.019801	  -0.021925	    0.19266	
20	3	 1.9822e-06	 1.8535e-06	     185.64	   0.043179	-9.7531e+92	-9.7531e+92	 0.00018435	 3.0430e-05	     0.0000	 -0.0022679	 -0.0015169	   0.011463	
20	4	 0.00073360	 0.00068596	     135.08	    0.14987	-9.7531e+92	-9.7531e+92	 0.00069520	 0.00034407	 0.00021152	  0.0010295	  -0.018082	 -0.0050614	
20	5	    0.33768	    0.31575	     39.691	     3.3571	-9.7531e+92	-9.7531e+92	    0.10409	   0.096617	   0.058534	   0.048847	    -7.2748	    -4.9448	
20	6	   0.054120	   0.050606	     111.59	    0.30852	-9.7531e+92	-9.7531e+92	   0.043513	   0.021230	     0.0000	     0.0000	    -1.1985	     1.3909	
20	7	  0.0071826	  0.0067162	     126.68	    0.19164	-9.7531e+92	-9.7531e+92	   0.015212	  0.0030903	     0.0000	     0.0000	   -0.16359	     1.3482	
20	8	    0.14964	    0.13992	     51.987	     2.5582	-9.7531e+92	-9.7531e+92	   0.044355	   0.045915	   0.036518	    0.13853	    -2.9750	    -2.2086	
20	9	 1.9575e-07	 1.8304e-07	     174.09	   0.055651	-9.7531e+92	-9.7531e+92	  0.0094793	 2.8087e-05	     0.0000	     0.0000	 -0.0015098	     1.7458	
20	10	  0.0017259	  0.0016138	     74.457	     1.1864	-9.7531e+92	-9.7531e+92	  0.0016029	 0.00067428	  0.0012060	  0.0038277	  -0.037755	  -0.023104	
20	11	  0.0013208	  0.0012350	     83.734	    0.83452	-9.7531e+92	-9.7531e+92	  0.0029215	 0.00053356	  0.0018399	 0.00038523	  -0.030211	 -0.0040260	
20	12	   0.049221	   0.046025	     45.010	     3.0379	-9.7531e+92	-9.7531e+92	   0.021756	   0.012774	   0.019473	   0.063706	   -0.79757	   -0.56215	
20	13	   0.013353	   0.012486	     165.04	   0.068678	-9.7531e+92	-9.7531e+92	   0.026082	  0.0053851	     0.0000	     0.0000	   -0.25261	     1.8820	
20	14	   0.016309	   0.015250	     147.73	    0.10597	-9.7531e+92	-9.7531e+92	   0.022913	  0.0067611	     0.0000	  -0.024720	   -0.32611	     1.4898	
20	15	 5.2531e-05	 4.9120e-05	     124.66	    0.20372	-9.7531e+92	-9.7531e+92	  0.0010366	 5.2294e-05	     0.0000	 -0.0082526	 -0.0027422	    0.15110	
20	16	 1.8115e-15	 1.6939e-15	     74.477	     1.1855	-9.7531e+92	-9.7531e+92	 3.1162e-05	 2.7804e-05	     0.0000	 9.4137e-09	 -0.0014125	-7.5854e-08	
20	17	 1.1307e-15	 1.0573e-15	     207.02	   0.028026	-9.7531e+92	-9.7531e+92	 5.6110e-05	 3.0283e-05	     0.0000	-0.00019993	 -0.0015627	 0.00070549	
20	18	    0.23072	    0.21574	     90.275	    0.65310	-9.7531e+92	-9.7531e+92	   0.089096	   0.083909	     0.0000	   0.018498	    -5.0087	    -1.6228	
20	19	    0.13435	    0.12563	     28.400	     3.8088	-9.7531e+92	-9.7531e+92	   0.034906	   0.038970	   0.032571	    0.22409	    -2.5624	    -1.9584	
20	20	     0.0000	     0.0000	     0.0000	     4.0000	-9.7531e+92	-9.7531e+92	    0.48813	     0.0000	    0.47705	     0.0000	     0.0000	     0.0000	
20	21	 1.1062e-08	 1.0343e-08	     169.84	   0.061351	-9.7531e+92	-9.7531e+92	  0.0041603	 2.9274e-05	     0.0000	     0.0000	 -0.0015242	    0.67435	
20	22	 1.9362e-06	 1.8105e-06	     116.48	    0.26308	-9.7531e+92	-9.7531e+92	 8.8898e-05	 2.8646e-05	     0.0000	-0.00025870	 -0.0015310	  0.0010310	
20	23	  0.0018218	  0.0017035	     93.058	    0.58941	-9.7531e+92	-9.7531e+92	  0.0050134	 0.00082388	     0.0000	 -0.0015970	  -0.043654	    0.11741	
20	24	 4.1834e-15	 3.9117e-15	     121.85	    0.22210	-9.7531e+92	-9.7531e+92	 0.00014727	 2.9610e-05	     0.0000	-0.00014685	 -0.0015552	  0.0055930	
21	0	    0.12387	    0.21811	     39.458	     3.3697	-9.7531e+92	-9.7531e+92	   0.089352	    0.10959	     0.0000	     0.0000	    0.91161	     0.0000	
21	1	    0.21593	    0.38021	     57.297	     2.1839	-9.7531e+92	-9.7531e+92	    0.13415	    0.20541	     0.0000	     0.0000	     1.8123	     0.0000	
21	2	 2.2610e-06	 3.9811e-06	     197.19	   0.033993	-9.7531e+92	-9.7531e+92	  0.0047970	 8.5833e-05	     0.0000	     0.0000	 0.00078536	     0.0000	
21	3	 1.4437e-12	 2.5420e-12	     259.71	   0.011362	-9.7531e+92	-9.7531e+92	 0.00021814	 9.1909e-05	     0.0000	     0.0000	 0.00076577	     0.0000	
21	4	 7.4793e-13	 1.3169e-12	     253.96	   0.012424	-9.7531e+92	-9.7531e+92	 0.00014355	 9.0690e-05	     0.0000	     0.0000	 0.00074947	     0.0000	
21	5	 0.00038999	 0.00068668	     132.91	    0.15951	-9.7531e+92	-9.7531e+92	   0.015729	 0.00060337	     0.0000	     0.0000	  0.0051367	     0.0000	
21	6	    0.12457	    0.21934	     78.899	     1.0025	-9.7531e+92	-9.7531e+92	    0.11188	    0.14860	     0.0000	     0.0000	     1.4159	     0.0000	
21	7	    0.11288	    0.19877	     44.967	     3.0407	-9.7531e+92	-9.7531e+92	   0.087134	    0.12864	     0.0000	     0.0000	     1.3142	     0.0000	
21	8	 5.1570e-05	 9.0803e-05	     132.38	    0.16196	-9.7531e+92	-9.7531e+92	  0.0014542	 0.00016635	     0.0000	     0.0000	  0.0013015	     0.0000	
21	9	   0.022499	   0.039616	     83.320	    0.84769	-9.7531e+92	-9.7531e+92	   0.062502	   0.026772	     0.0000	     0.0000	    0.25793	     0.0000	
21	10	 1.9173e-12	 3.3760e-12	     171.26	   0.059366	-9.7531e+92	-9.7531e+92	 8.1662e-05	 9.8225e-05	     0.0000	     0.0000	 0.00072122	     0.0000	
21	11	 1.6078e-12	 2.8309e-12	     128.65	    0.18069	-9.7531e+92	-9.7531e+92	 0.00016658	 9.5683e-05	     0.0000	     0.0000	 0.00073187	     0.0000	
21	12	 2.0993e-13	 3.6965e-13	     187.39	   0.041605	-9.7531e+92	-9.7531e+92	 0.00022321	 9.5828e-05	     0.0000	     0.0000	 0.00072059	     0.0000	
21	13	    0.22594	    0.39783	     76.619	     1.0932	-9.7531e+92	-9.7531e+92	    0.15448	    0.21919	     0.0000	     0.0000	     2.0642	     0.0000	
21	14	    0.10088	    0.17764	     101.18	    0.44014	-9.7531e+92	-9.7531e+92	   0.098961	    0.12006	     0.0000	     0.0000	     1.1738	     0.0000	
21	15	 1.0667e-12	 1.8782e-12	     175.65	   0.053734	-9.7531e+92	-9.7531e+92	  0.0036797	 9.1988e-05	     0.0000	     0.0000	 0.00074549	     0.0000	
21	16	 1.0170e-12	 1.7906e-12	     180.81	   0.047925	-9.7531e+92	-9.7531e+92	 5.8679e-05	 9.3915e-05	     0.0000	     0.0000	 0.00078163	     0.0000	
21	17	 5.5619e-14	 9.7933e-14	     326.31	  0.0045671	-9.7531e+92	-9.7531e+92	 6.4280e-05	 9.7422e-05	     0.0000	     0.0000	 0.00071761	     0.0000	
21	18	   0.069834	    0.12296	     79.511	    0.97945	-9.7531e+92	-9.7531e+92	   0.088319	   0.081429	     0.0000	     0.0000	    0.78115	     0.0000	
21	19	 3.0539e-13	 5.3772e-13	     197.71	   0.033641	-9.7531e+92	-9.7531e+92	 0.00027126	 9.6219e-05	     0.0000	     0.0000	 0.00072400	     0.0000	
21	20	 2.4615e-12	 4.3342e-12	     169.84	   0.061351	-9.7531e+92	-9.7531e+92	  0.0017450	 9.2683e-05	     0.0000	     0.0000	 0.00073347	     0.0000	
21	21	     0.0000	     0.0000	     0.0000	     4.0000	-9.7531e+92	-9.7531e+92	    0.90092	     0.0000	    0.83533	     0.0000	     0.0000	     0.0000	
21	22	 2.0991e-12	 3.6961e-12	     284.69	  0.0078758	-9.7531e+92	-9.7531e+92	 6.8545e-05	 9.7349e-05	     0.0000	     0.0000	 0.00071969	     0.0000	
21	23	  0.0023537	  0.0041444	     78.648	     1.0121	-9.7531e+92	-9.7531e+92	  0.0037094	  0.0032552	     0.0000	     0.0000	   0.028115	     0.0000	
21	24	 0.00078554	  0.0013832	     85.071	    0.79345	-9.7531e+92	-9.7531e+92	 0.00050064	  0.0011086	     0.0000	     0.0000	   0.010503	     0.0000	
22	0	 5.0207e-13	 2.8422e-13	     321.47	  0.0048482	-9.7531e+92	-9.7531e+92	  0.0026120	 5.5161e-06	     0.0000	     0.0000	-0.00015002	    0.15836	
22	1	 4.7618e-12	 2.6957e-12	     312.59	  0.0054224	-9.7531e+92	-9.7531e+92	  0.0029421	 5.4451e-06	     0.0000	     0.0000	-0.00014845	    0.19534	
22	2	   0.042991	   0.024338	     161.29	   0.075160	-9.7531e+92	-9.7531e+92	   0.029233	  0.0036690	   0.022514	   0.017604	   -0.11673	  -0.083679	
22	3	   0.061912	   0.035049	     164.94	   0.068842	-9.7531e+92	-9.7531e+92	   0.025689	  0.0038919	   0.025281	   0.041199	   -0.16849	   -0.16488	
22	4	    0.69205	    0.39177	     82.638	    0.86986	-9.7531e+92	-9.7531e+92	    0.10450	   0.014262	    0.10421	    0.14329	    -1.5960	    -1.5773	
22	5	   0.019925	   0.011280	     151.89	   0.095092	-9.7531e+92	-9.7531e+92	  0.0087650	  0.0016370	     0.0000	 -0.0080112	  -0.055525	   0.079252	
22	6	 4.7239e-12	 2.6743e-12	     216.08	   0.023641	-9.7531e+92	-9.7531e+92	  0.0059004	 5.3070e-06	     0.0000	     0.0000	-0.00017946	    0.35504	
22	7	 3.9837e-12	 2.2552e-12	     241.36	   0.015218	-9.7531e+92	-9.7531e+92	  0.0030446	 5.5042e-06	     0.0000	     0.0000	-0.00018411	    0.22516	
22	8	 8.8912e-12	 5.0334e-12	     168.70	   0.062994	-9.7531e+92	-9.7531e+92	  0.0020263	 5.6105e-06	     0.0000	 -0.0060689	-0.00019030	   0.023509	
22	9	 3.3509e-12	 1.8970e-12	     266.14	   0.010307	-9.7531e+92	-9.7531e+92	  0.0044672	 5.4213e-06	     0.0000	     0.0000	-0.00018389	    0.26609	
22	10	 4.6222e-12	 2.6167e-12	     176.66	   0.052524	-9.7531e+92	-9.7531e+92	 0.00022371	 5.7372e-06	     0.0000	-0.00041851	-0.00019233	  0.0010224	
22	11	 1.1543e-11	 6.5346e-12	     200.45	   0.031856	-9.7531e+92	-9.7531e+92	 0.00019173	 5.7148e-06	     0.0000	-0.00079781	-0.00019202	  0.0031096	
22	12	 8.9956e-12	 5.0925e-12	     131.16	    0.16782	-9.7531e+92	-9.7531e+92	  0.0047376	 5.5751e-06	  0.0033553	 -0.0028523	-0.00019173	  0.0067739	
22	13	 0.00034177	 0.00019348	     260.15	   0.011286	-9.7531e+92	-9.7531e+92	   0.019070	 3.2381e-05	     0.0000	     0.0000	-0.00090031	    0.30207	
22	14	  0.0030511	  0.0017273	     227.39	   0.019298	-9.7531e+92	-9.7531e+92	   0.011837	 0.00025237	     0.0000	 -0.0088401	 -0.0073744	    0.25113	
22	15	 4.3553e-12	 2.4656e-12	     163.21	   0.071746	-9.7531e+92	-9.7531e+92	  0.0080369	 5.7070e-06	  0.0032931	 -0.0025504	-0.00018842	   0.023290	
22	16	 7.3013e-12	 4.1333e-12	     106.73	    0.36321	-9.7531e+92	-9.7531e+92	 1.8866e-05	 5.4919e-06	     0.0000	 3.0537e-09	-0.00012435	-8.2010e-09	
22	17	  0.0053216	  0.0030126	     106.10	    0.37108	-9.7531e+92	-9.7531e+92	  0.0044700	 0.00026766	  0.0044107	  0.0038293	 -0.0084076	 -0.0081246	
22	18	  0.0029504	  0.0016703	     205.13	   0.029065	-9.7531e+92	-9.7531e+92	  0.0095300	 0.00023841	     0.0000	  -0.010874	 -0.0078134	    0.33978	
22	19	    0.12132	   0.068679	     93.933	    0.57085	-9.7531e+92	-9.7531e+92	   0.018624	   0.010028	   0.017211	    0.13832	   -0.34282	   -0.33302	
22	20	   0.050141	   0.028386	     116.48	    0.26308	-9.7531e+92	-9.7531e+92	   0.010615	  0.0041458	  0.0039055	   0.028574	   -0.14276	   -0.10805	
22	21	 7.3854e-12	 4.1809e-12	     284.69	  0.0078758	-9.7531e+92	-9.7531e+92	  0.0011955	 5.6338e-06	     0.0000	     0.0000	-0.00018658	    0.10307	
22	22	     0.0000	     0.0000	     0.0000	     4.0000	-9.7531e+92	-9.7531e+92	    0.28788	     0.0000	    0.28781	     0.0000	     0.0000	     0.0000	
22	23	 1.6682e-11	 9.4440e-12	     209.07	   0.026949	-9.7531e+92	-9.7531e+92	 0.00040625	 5.7432e-06	     0.0000	-0.00064373	-0.00019098	   0.023185	
22	24	 7.9585e-12	 4.5054e-12	     237.89	   0.016122	-9.7531e+92	-9.7531e+92	 2.9942e-05	 5.7742e-06	     0.0000	-4.6056e-05	-0.00019209	 0.00085958	
23	0	   0.035038	   0.025011	     119.13	    0.24186	-9.7531e+92	-9.7531e+92	   0.019387	  0.0079630	     0.0000	     0.0000	   -0.23827	    0.17979	
23	1	  0.0067421	  0.0048127	     132.72	    0.16037	-9.7531e+92	-9.7531e+92	   0.016695	  0.0016134	     0.0000	     0.0000	  -0.044570	    0.40492	
23	2	 1.5828e-05	 1.1299e-05	     168.40	   0.063436	-9.7531e+92	-9.7531e+92	  0.0013382	 2.1599e-05	     0.0000	 -0.0050029	-0.00064177	   0.067415	
23	3	 4.1375e-15	 2.9534e-15	     228.38	   0.018966	-9.7531e+92	-9.7531e+92	 7.1839e-05	 1.7748e-05	     0.0000	-0.00053092	-0.00051368	  0.0037177	
23	4	 1.1678e-15	 8.3357e-16	     212.30	   0.025355	-9.7531e+92	-9.7531e+92	 5.8863e-05	 1.7504e-05	     0.0000	-0.00038483	-0.00052852	  0.0026134	
23	5	   0.078870	   0.056299	     65.633	     1.6449	-9.7531e+92	-9.7531e+92	   0.024442	   0.018155	     0.0000	  0.0057910	   -0.61415	   -0.17520	
23	6	    0.16550	    0.11814	     73.330	     1.2380	-9.7531e+92	-9.7531e+92	   0.054216	   0.037574	     0.0000	     0.0000	    -1.2796	   -0.18215	
23	7	    0.32339	    0.23084	     58.677	     2.0891	-9.7531e+92	-9.7531e+92	   0.070372	   0.078558	   0.011561	     0.0000	    -2.5383	    -1.3931	
23	8	   0.010834	  0.0077334	     54.810	     2.3580	-9.7531e+92	-9.7531e+92	  0.0036812	  0.0024577	     0.0000	 0.00089632	  -0.076136	  -0.012886	
23	9	 0.00017784	 0.00012694	     121.73	    0.22293	-9.7531e+92	-9.7531e+92	   0.015033	 5.9740e-05	     0.0000	     0.0000	 -0.0019261	    0.56265	
23	10	 4.1977e-05	 2.9964e-05	     95.614	    0.53700	-9.7531e+92	-9.7531e+92	 8.3966e-05	 2.7780e-05	     0.0000	-0.00022685	-0.00082599	  0.0018366	
23	11	  0.0026393	  0.0018839	     53.605	     2.4433	-9.7531e+92	-9.7531e+92	 0.00070885	 0.00061828	     0.0000	 0.00048063	  -0.016991	 -0.0069314	
23	12	 1.4711e-06	 1.0501e-06	     109.85	    0.32696	-9.7531e+92	-9.7531e+92	 0.00030408	 1.7542e-05	     0.0000	 -0.0020036	-0.00054392	   0.014191	
23	13	   0.074275	   0.053019	     113.01	    0.29441	-9.7531e+92	-9.7531e+92	   0.041005	   0.016713	     0.0000	     0.0000	   -0.48798	    0.31640	
23	14	   0.042691	   0.030474	     114.84	    0.27739	-9.7531e+92	-9.7531e+92	   0.025707	   0.010166	     0.0000	 -0.0041487	   -0.29566	    0.34896	
23	15	 1.3230e-07	 9.4441e-08	     149.47	    0.10124	-9.7531e+92	-9.7531e+92	  0.0010065	 1.6969e-05	     0.0000	 -0.0018901	-0.00053449	   0.049030	
23	16	 1.3108e-14	 9.3567e-15	     136.77	    0.14287	-9.7531e+92	-9.7531e+92	 2.3788e-05	 1.7095e-05	     0.0000	 2.1973e-09	-0.00040775	-1.9373e-08	
23	17	 6.7266e-15	 4.8015e-15	     284.58	  0.0078888	-9.7531e+92	-9.7531e+92	 2.6083e-05	 1.8593e-05	     0.0000	-4.6696e-05	-0.00055214	 0.00022724	
23	18	    0.22878	    0.16331	     36.898	     3.4995	-9.7531e+92	-9.7531e+92	   0.064791	   0.042998	     0.0000	  0.0033583	    -1.8133	   -0.52879	
23	19	 7.8460e-06	 5.6006e-06	     121.29	    0.22600	-9.7531e+92	-9.7531e+92	 0.00034680	 1.9449e-05	     0.0000	 -0.0021084	-0.00060048	   0.014428	
23	20	 0.00040180	 0.00028681	     93.058	    0.58941	-9.7531e+92	-9.7531e+92	  0.0027387	 0.00011484	     0.0000	 -0.0059634	 -0.0037091	   0.067539	
23	21	   0.026765	   0.019106	     78.648	     1.0121	-9.7531e+92	-9.7531e+92	   0.011885	  0.0068657	     0.0000	     0.0000	   -0.21362	   0.061239	
23	22	 1.7343e-15	 1.2380e-15	     209.07	   0.026949	-9.7531e+92	-9.7531e+92	 2.7982e-05	 1.8422e-05	     0.0000	-6.6329e-05	-0.00054873	 0.00035123	
23	23	     0.0000	     0.0000	     0.0000	     4.0000	-9.7531e+92	-9.7531e+92	    0.35901	     0.0000	    0.35313	     0.0000	     0.0000	     0.0000	
23	24	  0.0038207	  0.0027272	     40.708	     3.3006	-9.7531e+92	-9.7531e+92	 0.00078384	 0.00086230	 0.00052123	 5.7595e-06	  -0.022431	  -0.013979	
24	0	   0.061075	   0.027456	     123.34	    0.21210	-9.7531e+92	-9.7531e+92	   0.014742	 0.00081497	     0.0000	     0.0000	  -0.092226	   0.014490	
24	1	   0.017996	  0.0080898	     142.19	    0.12292	-9.7531e+92	-9.7531e+92	   0.011658	 0.00024107	     0.0000	     0.0000	  -0.027026	    0.10098	
24	2	 3.2759e-13	 1.4726e-13	     210.29	   0.026336	-9.7531e+92	-9.7531e+92	 0.00072854	 9.7958e-07	     0.0000	-0.00041576	-0.00011365	   0.019122	
24	3	 1.6202e-12	 7.2836e-13	     270.69	  0.0096323	-9.7531e+92	-9.7531e+92	 4.0973e-05	 9.9206e-07	     0.0000	-4.4062e-05	-0.00011285	  0.0010542	
24	4	 3.7800e-13	 1.6992e-13	     253.16	   0.012581	-9.7531e+92	-9.7531e+92	 3.4976e-05	 9.7601e-07	     0.0000	-3.1938e-05	-0.00011513	 0.00073893	
24	5	  0.0031472	  0.0014148	     106.34	    0.36810	-9.7531e+92	-9.7531e+92	  0.0079057	 4.5012e-05	     0.0000	-0.00076754	 -0.0055563	   0.074911	
24	6	   0.018821	  0.0084608	     108.13	    0.34637	-9.7531e+92	-9.7531e+92	   0.019023	 0.00025188	     0.0000	     0.0000	  -0.031965	    0.18426	
24	7	   0.076030	   0.034179	     84.614	    0.80724	-9.7531e+92	-9.7531e+92	   0.020085	  0.0010424	     0.0000	     0.0000	   -0.13076	   0.010517	
24	8	   0.018946	  0.0085170	     77.960	     1.0389	-9.7531e+92	-9.7531e+92	  0.0030794	 0.00026732	     0.0000	 0.00039403	  -0.032948	  -0.017603	
24	9	 8.5908e-05	 3.8619e-05	     149.07	    0.10229	-9.7531e+92	-9.7531e+92	   0.010022	 2.1187e-06	     0.0000	     0.0000	-0.00026262	    0.15929	
24	10	 1.0799e-05	 4.8546e-06	     102.71	    0.41717	-9.7531e+92	-9.7531e+92	 6.3557e-05	 1.0656e-06	     0.0000	-1.3932e-05	-0.00012942	 0.00055457	
24	11	  0.0063218	  0.0028419	     56.094	     2.2676	-9.7531e+92	-9.7531e+92	 0.00091517	 7.0401e-05	 0.00039517	 5.1621e-05	 -0.0083557	 -0.0064574	
24	12	 1.8754e-12	 8.4305e-13	     132.31	    0.16230	-9.7531e+92	-9.7531e+92	 0.00018143	 9.8611e-07	     0.0000	-0.00016933	-0.00011773	  0.0039994	
24	13	    0.25448	    0.11440	     142.21	    0.12286	-9.7531e+92	-9.7531e+92	   0.041809	  0.0032722	     0.0000	     0.0000	   -0.37908	   -0.16447	
24	14	  0.0014653	 0.00065871	     150.00	   0.099849	-9.7531e+92	-9.7531e+92	   0.011941	 2.0798e-05	     0.0000	-0.00055435	 -0.0023815	    0.16137	
24	15	 1.0992e-12	 4.9412e-13	     189.75	   0.039594	-9.7531e+92	-9.7531e+92	 0.00049928	 9.8304e-07	     0.0000	-0.00016083	-0.00011675	   0.013833	
24	16	 1.0894e-12	 4.8971e-13	     177.80	   0.051213	-9.7531e+92	-9.7531e+92	 1.4981e-05	 9.9166e-07	     0.0000	 1.8928e-10	-4.4370e-05	-2.6406e-09	
24	17	 1.7755e-12	 7.9814e-13	     325.25	  0.0046269	-9.7531e+92	-9.7531e+92	 1.6352e-05	 1.0344e-06	     0.0000	-3.8754e-06	-0.00011861	 6.3993e-05	
24	18	    0.32126	    0.14442	     74.739	     1.1738	-9.7531e+92	-9.7531e+92	   0.050025	  0.0039208	     0.0000	 0.00092343	   -0.53448	   -0.29179	
24	19	 7.4939e-14	 3.3688e-14	     150.08	   0.099629	-9.7531e+92	-9.7531e+92	 0.00014521	 9.9824e-07	     0.0000	-0.00017744	-0.00011775	  0.0040786	
24	20	 7.0782e-05	 3.1819e-05	     121.85	    0.22210	-9.7531e+92	-9.7531e+92	  0.0011478	 1.9824e-06	     0.0000	-0.00053005	-0.00024151	   0.019593	
24	21	   0.071128	   0.031975	     85.071	    0.79345	-9.7531e+92	-9.7531e+92	   0.012456	  0.0010094	     0.0000	     0.0000	   -0.12324	  -0.055882	
24	22	 1.4899e-14	 6.6977e-15	     237.89	   0.016122	-9.7531e+92	-9.7531e+92	 1.7476e-05	 1.0287e-06	     0.0000	-5.5048e-06	-0.00011827	 9.8944e-05	
24	23	    0.14916	   0.067054	     40.708	     3.3006	-9.7531e+92	-9.7531e+92	   0.018078	  0.0021062	   0.014375	 0.00058098	   -0.25491	   -0.23034	
24	24	     0.0000	     0.0000	     0.0000	     4.0000	-9.7531e+92	-9.7531e+92	    0.22486	     0.0000	    0.22470	     0.0000	     0.0000	     0.0000	
