#source	Target	value	weight	distance	potential1	geneCorrelation	separation	influenceWeight	betweenness	influence'Weight	betweenness'	nbetweenness	nbetweenness'	
0	0	     0.0000	     0.0000	     0.0000	     4.0000	-9.7531e+92	-9.7531e+92	     9.2212	     0.0000	     7.8825	     0.0000	     0.0000	     0.0000	
0	1	    0.10779	     1.8707	     35.562	     3.5606	-9.7531e+92	-9.7531e+92	    0.88290	    0.12292	     0.0000	 0.00072950	   0.084186	  -0.018613	
0	2	 6.2863e-13	 1.0910e-11	     211.35	   0.025814	-9.7531e+92	-9.7531e+92	    0.14970	 0.00021765	     0.0000	   -0.67546	  0.0016465	   -0.81917	
0	3	 2.4145e-12	 4.1905e-11	     273.88	  0.0091920	-9.7531e+92	-9.7531e+92	   0.032523	 0.00021631	     0.0000	   -0.31835	  0.0016843	   -0.64983	
0	4	 2.8007e-11	 4.8609e-10	     281.58	  0.0082298	-9.7531e+92	-9.7531e+92	   0.083817	 0.00019049	     0.0000	   -0.86277	  0.0016392	    -1.3248	
0	5	 3.1924e-11	 5.5408e-10	     169.69	   0.061568	-9.7531e+92	-9.7531e+92	   0.049417	 0.00020313	     0.0000	  -0.068010	  0.0016007	   -0.13450	
0	6	   0.025076	    0.43521	     105.31	    0.38136	-9.7531e+92	-9.7531e+92	    0.30274	   0.064367	     0.0000	 -0.0025317	    0.61852	  -0.057491	
0	7	    0.16876	     2.9290	     80.265	    0.95180	-9.7531e+92	-9.7531e+92	     1.2365	    0.41996	     0.0000	 0.00016339	     4.1012	    0.85864	
0	8	 5.8421e-13	 1.0139e-11	     172.11	   0.058221	-9.7531e+92	-9.7531e+92	  0.0060311	 0.00019833	     0.0000	  -0.041692	  0.0016483	  -0.042385	
0	9	    0.15188	     2.6360	     86.890	    0.74099	-9.7531e+92	-9.7531e+92	    0.90225	    0.38298	    0.17900	     0.0000	     3.7536	     1.0977	
0	10	 1.4738e-10	 2.5580e-09	     210.64	   0.026161	-9.7531e+92	-9.7531e+92	 0.00067619	 0.00022308	     0.0000	 -0.0033886	  0.0015595	 -0.0022513	
0	11	 5.2776e-11	 9.1597e-10	     167.10	   0.065400	-9.7531e+92	-9.7531e+92	  0.0011232	 0.00020839	     0.0000	 -0.0052998	  0.0016195	 -0.0049540	
0	12	 1.0401e-11	 1.8052e-10	     226.76	   0.019512	-9.7531e+92	-9.7531e+92	  0.0011892	 0.00022292	     0.0000	  -0.032024	  0.0015408	  -0.018348	
0	13	    0.12362	     2.1456	     86.013	    0.76580	-9.7531e+92	-9.7531e+92	    0.94251	    0.32830	     0.0000	    0.13862	     3.0296	    0.50393	
0	14	    0.12843	     2.2291	     114.85	    0.27729	-9.7531e+92	-9.7531e+92	     1.0484	    0.35695	     0.0000	    0.10143	     3.1570	    0.48722	
0	15	 3.9147e-11	 6.7943e-10	     189.51	   0.039789	-9.7531e+92	-9.7531e+92	    0.18864	 0.00020977	     0.0000	  -0.055313	  0.0015718	   -0.49312	
0	16	 3.6483e-11	 6.3320e-10	     217.18	   0.023165	-9.7531e+92	-9.7531e+92	 0.00057839	 0.00021898	     0.0000	 1.9065e-08	  0.0015702	 4.4093e-08	
0	17	 1.5380e-12	 2.6693e-11	     353.56	  0.0033150	-9.7531e+92	-9.7531e+92	  0.0073644	 0.00023350	     0.0000	   -0.18042	  0.0014903	   -0.21097	
0	18	   0.076955	     1.3356	     116.29	    0.26473	-9.7531e+92	-9.7531e+92	    0.92368	    0.17483	     0.0000	 -0.0056998	     1.7713	  -0.039155	
0	19	 5.7033e-11	 9.8985e-10	     234.49	   0.017074	-9.7531e+92	-9.7531e+92	  0.0025451	 0.00022104	     0.0000	  -0.088010	  0.0015447	  -0.058743	
0	20	 2.9295e-10	 5.0844e-09	     206.61	   0.028245	-9.7531e+92	-9.7531e+92	  0.0045344	 0.00021194	     0.0000	  -0.060762	  0.0015644	  -0.046516	
0	21	    0.21452	     3.7231	     39.458	     3.3697	-9.7531e+92	-9.7531e+92	     1.3007	    0.55267	    0.22560	    0.24682	     5.2037	     1.5231	
0	22	 7.5329e-11	 1.3074e-09	     321.47	  0.0048482	-9.7531e+92	-9.7531e+92	  0.0057416	 0.00023484	     0.0000	   -0.12735	  0.0015027	   -0.16603	
0	23	  0.0029661	   0.051478	     119.13	    0.24186	-9.7531e+92	-9.7531e+92	   0.057354	  0.0083186	     0.0000	 -0.0063345	   0.077579	  -0.050529	
0	24	 4.9966e-11	 8.6720e-10	     123.34	    0.21210	-9.7531e+92	-9.7531e+92	  0.0019481	 0.00017433	     0.0000	-0.00060886	  0.0018023	 -0.0024268	
1	0	    0.35118	     5.6153	     35.562	     3.5606	-9.7531e+92	-9.7531e+92	     1.7883	    0.40409	    0.55500	   0.033745	     1.0607	  -0.051887	
1	1	     0.0000	     0.0000	     0.0000	     4.0000	-9.7531e+92	-9.7531e+92	     8.4048	     0.0000	     7.3929	     0.0000	     0.0000	     0.0000	
1	2	  0.0019691	   0.031486	     184.62	   0.044134	-9.7531e+92	-9.7531e+92	    0.12329	  0.0044701	     0.0000	  -0.063877	   0.021767	   0.052150	
1	3	 7.3995e-15	 1.1832e-13	     244.14	   0.014539	-9.7531e+92	-9.7531e+92	   0.029041	 0.00014490	     0.0000	  -0.030849	 0.00073841	   0.040639	
1	4	 1.0052e-11	 1.6073e-10	     272.02	  0.0094459	-9.7531e+92	-9.7531e+92	   0.070026	 0.00012816	     0.0000	  -0.083604	 0.00070833	   0.086968	
1	5	 0.00043064	  0.0068858	     161.91	   0.074033	-9.7531e+92	-9.7531e+92	   0.049485	  0.0010204	     0.0000	 -0.0057468	  0.0051346	  0.0092286	
1	6	   0.067822	     1.0844	     96.519	    0.51972	-9.7531e+92	-9.7531e+92	    0.43138	    0.10799	     0.0000	     0.0000	    0.80071	     0.0000	
1	7	   0.094588	     1.5124	     75.481	     1.1413	-9.7531e+92	-9.7531e+92	    0.87370	    0.16063	     0.0000	 2.2055e-06	    0.99481	 -0.0079947	
1	8	 1.5266e-11	 2.4410e-10	     184.58	   0.044171	-9.7531e+92	-9.7531e+92	  0.0056749	 0.00014184	     0.0000	 -0.0040403	 0.00065866	  0.0031160	
1	9	    0.12366	     1.9772	     55.376	     2.3181	-9.7531e+92	-9.7531e+92	    0.77928	    0.21805	    0.11296	     0.0000	     1.3334	  -0.056596	
1	10	 2.8739e-12	 4.5952e-11	     228.04	   0.019080	-9.7531e+92	-9.7531e+92	 0.00062347	 0.00015350	     0.0000	-0.00032838	 0.00063044	 0.00016931	
1	11	 5.7897e-12	 9.2576e-11	     185.20	   0.043588	-9.7531e+92	-9.7531e+92	  0.0010225	 0.00014522	     0.0000	-0.00051619	 0.00066825	 0.00037135	
1	12	 1.1006e-12	 1.7599e-11	     231.78	   0.017881	-9.7531e+92	-9.7531e+92	  0.0011056	 0.00015267	     0.0000	 -0.0031033	 0.00062114	  0.0013748	
1	13	    0.13781	     2.2035	     57.043	     2.2015	-9.7531e+92	-9.7531e+92	    0.92876	    0.24392	     0.0000	   0.017339	     1.4225	  -0.029948	
1	14	   0.071485	     1.1430	     88.839	    0.68891	-9.7531e+92	-9.7531e+92	    0.74067	    0.12883	     0.0000	 -0.0018857	    0.69838	  0.0050789	
1	15	 4.4796e-14	 7.1627e-13	     167.83	   0.064291	-9.7531e+92	-9.7531e+92	    0.18409	 0.00013935	     0.0000	 -0.0053600	 0.00067592	   0.035352	
1	16	 3.3553e-12	 5.3651e-11	     207.46	   0.027791	-9.7531e+92	-9.7531e+92	 0.00053286	 0.00014836	     0.0000	 1.8260e-09	 0.00067908	-3.3516e-09	
1	17	 1.1843e-11	 1.8937e-10	     342.57	  0.0037606	-9.7531e+92	-9.7531e+92	  0.0062059	 0.00015745	     0.0000	  -0.017483	 0.00059703	   0.015804	
1	18	   0.087138	     1.3933	     111.77	    0.30668	-9.7531e+92	-9.7531e+92	    0.81257	    0.14298	     0.0000	  0.0010511	    0.85855	 -0.0039490	
1	19	 4.9286e-12	 7.8807e-11	     226.57	   0.019575	-9.7531e+92	-9.7531e+92	  0.0023299	 0.00015022	     0.0000	 -0.0085284	 0.00063654	  0.0043395	
1	20	 7.6103e-12	 1.2169e-10	     199.20	   0.032652	-9.7531e+92	-9.7531e+92	  0.0043936	 0.00014441	     0.0000	 -0.0058880	 0.00065464	  0.0034214	
1	21	   0.063888	     1.0216	     57.297	     2.1839	-9.7531e+92	-9.7531e+92	    0.70462	    0.10866	     0.0000	 0.00030753	    0.67344	 -0.0012866	
1	22	 4.5203e-13	 7.2277e-12	     312.59	  0.0054224	-9.7531e+92	-9.7531e+92	  0.0048488	 0.00015857	     0.0000	  -0.012340	 0.00060566	   0.012343	
1	23	 2.9055e-05	 0.00046458	     132.72	    0.16037	-9.7531e+92	-9.7531e+92	   0.039693	 0.00018427	     0.0000	-0.00097600	  0.0010919	  0.0058950	
1	24	 4.2292e-12	 6.7623e-11	     142.19	    0.12292	-9.7531e+92	-9.7531e+92	  0.0015437	 0.00012832	     0.0000	-8.0851e-05	 0.00076720	 0.00016708	
2	0	 0.00041369	  0.0012761	     211.35	   0.025814	-9.7531e+92	-9.7531e+92	  0.0073203	 0.00075070	     0.0000	  -0.027370	  0.0021179	  -0.074636	
2	1	 0.00061320	  0.0018916	     184.62	   0.044134	-9.7531e+92	-9.7531e+92	  0.0079767	  0.0010894	     0.0000	  -0.040059	  0.0028211	  -0.056906	
2	2	     0.0000	     0.0000	     0.0000	     4.0000	-9.7531e+92	-9.7531e+92	     1.6920	     0.0000	     1.4402	     0.0000	     0.0000	     0.0000	
2	3	   0.028187	   0.086950	     63.167	     1.7950	-9.7531e+92	-9.7531e+92	    0.19706	   0.025195	     0.0000	-0.00053005	  -0.073479	  0.0050321	
2	4	    0.92599	     2.8565	     91.235	    0.63030	-9.7531e+92	-9.7531e+92	    0.86956	    0.79108	    0.46210	    0.41224	   -0.82198	    0.28932	
2	5	 6.6096e-05	 0.00020389	     120.45	    0.23204	-9.7531e+92	-9.7531e+92	  0.0038008	 0.00023575	     0.0000	  -0.019072	-0.00024564	 -0.0030118	
2	6	 0.00013586	 0.00041909	     118.53	    0.24644	-9.7531e+92	-9.7531e+92	  0.0038013	 0.00035742	     0.0000	  -0.018435	-0.00036714	 -0.0071360	
2	7	 1.4956e-05	 4.6135e-05	     153.12	   0.092143	-9.7531e+92	-9.7531e+92	   0.011624	 0.00013552	     0.0000	-4.4687e-05	-0.00012280	  -0.021851	
2	8	 2.8156e-13	 8.6856e-13	     174.51	   0.055125	-9.7531e+92	-9.7531e+92	  0.0011990	 0.00012229	     0.0000	  -0.011693	-0.00016143	-0.00081238	
2	9	 9.1392e-05	 0.00028192	     133.64	    0.15619	-9.7531e+92	-9.7531e+92	  0.0039864	 0.00027004	     0.0000	     0.0000	-0.00025631	  -0.010134	
2	10	 6.9945e-14	 2.1576e-13	     213.20	   0.024934	-9.7531e+92	-9.7531e+92	 0.00020208	 0.00012774	     0.0000	-0.00095037	-0.00018244	-3.8357e-05	
2	11	 3.5898e-14	 1.1074e-13	     197.83	   0.033565	-9.7531e+92	-9.7531e+92	 0.00018637	 0.00012605	     0.0000	 -0.0014939	-0.00017699	-8.5923e-05	
2	12	 7.9020e-14	 2.4376e-13	     181.48	   0.047226	-9.7531e+92	-9.7531e+92	  0.0012258	 0.00012508	     0.0000	 -0.0089813	-0.00017887	-0.00031894	
2	13	  0.0036549	   0.011275	     127.66	    0.18612	-9.7531e+92	-9.7531e+92	   0.023935	  0.0054411	     0.0000	  -0.055870	 -0.0031237	  -0.039572	
2	14	   0.014376	   0.044347	     97.273	    0.50580	-9.7531e+92	-9.7531e+92	   0.037538	   0.017873	     0.0000	  -0.039457	  -0.052972	  -0.029285	
2	15	   0.025318	   0.078100	     21.827	     3.9312	-9.7531e+92	-9.7531e+92	   0.073441	   0.032242	     0.0000	 -0.0067888	   0.034608	 -0.0072461	
2	16	 1.3771e-13	 4.2479e-13	     68.097	     1.5042	-9.7531e+92	-9.7531e+92	 0.00010280	 0.00011949	     0.0000	 5.3227e-09	-0.00011682	 6.6940e-10	
2	17	 4.5569e-14	 1.4057e-13	     160.64	   0.076357	-9.7531e+92	-9.7531e+92	   0.070074	 9.1622e-05	  0.0040775	  -0.029332	 7.3422e-05	 -0.0036730	
2	18	  0.0011374	  0.0035086	     137.27	    0.14087	-9.7531e+92	-9.7531e+92	  0.0095038	  0.0020074	     0.0000	  -0.038877	 -0.0011564	  -0.026121	
2	19	 6.6750e-14	 2.0591e-13	     139.30	    0.13308	-9.7531e+92	-9.7531e+92	  0.0092525	 0.00012188	     0.0000	  -0.024683	-0.00015133	 -0.0010995	
2	20	 3.6456e-07	 1.1246e-06	     139.77	    0.13137	-9.7531e+92	-9.7531e+92	  0.0023711	 0.00012167	     0.0000	  -0.017040	-0.00016112	-0.00088930	
2	21	 2.8337e-14	 8.7412e-14	     197.19	   0.033993	-9.7531e+92	-9.7531e+92	  0.0040900	 0.00011205	     0.0000	  -0.028981	-9.9263e-05	  -0.016413	
2	22	 6.7040e-14	 2.0680e-13	     161.29	   0.075160	-9.7531e+92	-9.7531e+92	   0.053407	 9.9015e-05	  0.0014700	  -0.028939	 2.1318e-05	 -0.0030088	
2	23	 1.0900e-13	 3.3624e-13	     168.40	   0.063436	-9.7531e+92	-9.7531e+92	 0.00066774	 0.00012262	     0.0000	 -0.0028349	-0.00016169	 -0.0014731	
2	24	 9.1415e-14	 2.8199e-13	     210.29	   0.026336	-9.7531e+92	-9.7531e+92	 0.00012142	 0.00012417	     0.0000	-0.00023400	-0.00017243	-3.8833e-05	
3	0	  0.0044877	   0.017205	     273.88	  0.0091920	-9.7531e+92	-9.7531e+92	   0.020691	  0.0039725	     0.0000	  -0.030673	  -0.031597	    0.16086	
3	1	   0.010895	   0.041768	     244.14	   0.014539	-9.7531e+92	-9.7531e+92	   0.026398	  0.0096902	     0.0000	  -0.039637	  -0.082439	    0.12424	
3	2	    0.29003	     1.1119	     63.167	     1.7950	-9.7531e+92	-9.7531e+92	    0.42386	    0.11304	    0.11083	   0.086101	    -3.8170	   -0.80304	
3	3	     0.0000	     0.0000	     0.0000	     4.0000	-9.7531e+92	-9.7531e+92	     2.0793	     0.0000	     1.8319	     0.0000	     0.0000	     0.0000	
3	4	    0.49315	     1.8906	     82.606	    0.87092	-9.7531e+92	-9.7531e+92	    0.74233	    0.14166	    0.23593	   0.034755	    -6.3288	    -1.3224	
3	5	 5.3683e-11	 2.0581e-10	     167.87	   0.064235	-9.7531e+92	-9.7531e+92	  0.0043318	 6.2614e-05	     0.0000	  -0.022682	-0.00092804	   0.054589	
3	6	 1.2925e-11	 4.9552e-11	     180.81	   0.047921	-9.7531e+92	-9.7531e+92	  0.0087272	 6.2667e-05	     0.0000	  -0.021914	-0.00092297	    0.12379	
3	7	 2.1501e-11	 8.2429e-11	     215.68	   0.023812	-9.7531e+92	-9.7531e+92	   0.026820	 5.9542e-05	     0.0000	-5.2897e-05	-0.00090265	    0.32565	
3	8	 7.2045e-12	 2.7620e-11	     221.29	   0.021502	-9.7531e+92	-9.7531e+92	  0.0011868	 6.3566e-05	     0.0000	  -0.013839	-0.00095281	   0.017626	
3	9	 2.1180e-11	 8.1201e-11	     191.41	   0.038254	-9.7531e+92	-9.7531e+92	   0.010515	 6.1649e-05	     0.0000	     0.0000	-0.00091499	    0.16604	
3	10	 2.4834e-11	 9.5208e-11	     258.79	   0.011525	-9.7531e+92	-9.7531e+92	 0.00021646	 6.5795e-05	     0.0000	 -0.0011248	-0.00096779	 0.00095060	
3	11	 2.2896e-11	 8.7777e-11	     244.71	   0.014404	-9.7531e+92	-9.7531e+92	 0.00021384	 6.5348e-05	     0.0000	 -0.0017681	-0.00096522	  0.0020872	
3	12	 6.6559e-11	 2.5517e-10	     227.10	   0.019395	-9.7531e+92	-9.7531e+92	  0.0011068	 6.4304e-05	     0.0000	  -0.010629	-0.00096475	  0.0077281	
3	13	   0.034717	    0.13310	     188.65	   0.040519	-9.7531e+92	-9.7531e+92	   0.077553	   0.027272	     0.0000	  -0.037860	   -0.41422	    0.12943	
3	14	   0.036687	    0.14065	     161.01	   0.075671	-9.7531e+92	-9.7531e+92	   0.078518	   0.030313	     0.0000	  -0.030977	   -0.45183	    0.15396	
3	15	    0.12955	    0.49667	     84.108	    0.82281	-9.7531e+92	-9.7531e+92	    0.18429	   0.089200	     0.0000	   0.029506	    -1.5479	   -0.32412	
3	16	 4.8595e-11	 1.8630e-10	     111.94	    0.30495	-9.7531e+92	-9.7531e+92	 0.00012776	 5.9596e-05	     0.0000	 6.1835e-09	-0.00087392	-1.8897e-08	
3	17	 6.0978e-11	 2.3378e-10	     122.41	    0.21829	-9.7531e+92	-9.7531e+92	   0.059864	 3.2223e-05	     0.0000	 -0.0037030	-0.00045192	   0.012135	
3	18	 0.00048752	  0.0018691	     199.21	   0.032649	-9.7531e+92	-9.7531e+92	   0.019810	 0.00049399	     0.0000	  -0.046385	 -0.0071642	    0.30397	
3	19	 3.2347e-12	 1.2401e-11	     184.07	   0.044655	-9.7531e+92	-9.7531e+92	  0.0079756	 6.2707e-05	     0.0000	  -0.029212	-0.00094718	   0.024508	
3	20	 3.5186e-11	 1.3489e-10	     185.64	   0.043179	-9.7531e+92	-9.7531e+92	  0.0021690	 6.2583e-05	     0.0000	  -0.020168	-0.00095199	   0.019351	
3	21	 1.9108e-10	 7.3255e-10	     259.71	   0.011362	-9.7531e+92	-9.7531e+92	   0.010452	 6.0428e-05	     0.0000	  -0.034298	-0.00090218	    0.24377	
3	22	 4.5403e-11	 1.7407e-10	     164.94	   0.068842	-9.7531e+92	-9.7531e+92	   0.045634	 4.1038e-05	     0.0000	  -0.020110	-0.00068752	   0.065811	
3	23	 2.7239e-10	 1.0443e-09	     228.38	   0.018966	-9.7531e+92	-9.7531e+92	  0.0012052	 6.4325e-05	     0.0000	 -0.0033551	-0.00095602	   0.033381	
3	24	 5.7792e-11	 2.2156e-10	     270.69	  0.0096323	-9.7531e+92	-9.7531e+92	 0.00016160	 6.5098e-05	     0.0000	-0.00027693	-0.00096388	 0.00093931	
4	0	  0.0012111	  0.0035973	     281.58	  0.0082298	-9.7531e+92	-9.7531e+92	  0.0097484	  0.0029148	     0.0000	   -0.13078	  -0.014163	    0.31164	
4	1	 0.00045105	  0.0013397	     272.02	  0.0094459	-9.7531e+92	-9.7531e+92	   0.010539	  0.0012019	     0.0000	   -0.19393	 -0.0063864	    0.29039	
4	2	    0.24301	    0.72179	     91.235	    0.63030	-9.7531e+92	-9.7531e+92	    0.29175	    0.11059	   0.049227	  0.0076701	    -6.0978	    -1.4895	
4	3	    0.35662	     1.0593	     82.606	    0.87092	-9.7531e+92	-9.7531e+92	    0.35677	    0.26226	    0.16515	   0.069076	    -9.9413	    -2.9830	
4	4	     0.0000	     0.0000	     0.0000	     4.0000	-9.7531e+92	-9.7531e+92	     1.7873	     0.0000	     1.3949	     0.0000	     0.0000	     0.0000	
4	5	  0.0015925	  0.0047302	     147.08	    0.10778	-9.7531e+92	-9.7531e+92	  0.0069374	  0.0040631	     0.0000	  -0.081653	  -0.045041	    0.12047	
4	6	 3.3773e-13	 1.0031e-12	     179.35	   0.049487	-9.7531e+92	-9.7531e+92	  0.0048650	 0.00016389	     0.0000	  -0.089410	 -0.0018018	    0.30910	
4	7	 1.9999e-12	 5.9401e-12	     209.16	   0.026904	-9.7531e+92	-9.7531e+92	   0.014615	 0.00015547	     0.0000	-0.00021582	 -0.0017547	    0.80813	
4	8	 2.1217e-12	 6.3020e-12	     186.41	   0.042479	-9.7531e+92	-9.7531e+92	  0.0022032	 0.00016639	     0.0000	  -0.056462	 -0.0018713	   0.044365	
4	9	 2.0492e-12	 6.0866e-12	     223.28	   0.020749	-9.7531e+92	-9.7531e+92	  0.0050283	 0.00016054	     0.0000	     0.0000	 -0.0017821	    0.41370	
4	10	 7.5346e-12	 2.2380e-11	     204.61	   0.029363	-9.7531e+92	-9.7531e+92	 0.00029375	 0.00017231	     0.0000	 -0.0045889	 -0.0019060	  0.0024019	
4	11	 4.6976e-12	 1.3953e-11	     218.09	   0.022784	-9.7531e+92	-9.7531e+92	 0.00024376	 0.00017124	     0.0000	 -0.0072136	 -0.0019011	  0.0052708	
4	12	 1.1013e-12	 3.2712e-12	     165.11	   0.068567	-9.7531e+92	-9.7531e+92	  0.0023640	 0.00016813	     0.0000	  -0.043367	 -0.0018963	   0.019514	
4	13	  0.0030545	  0.0090725	     217.30	   0.023117	-9.7531e+92	-9.7531e+92	   0.031711	  0.0067075	     0.0000	   -0.27633	  -0.066420	    0.53347	
4	14	   0.024515	   0.072816	     184.55	   0.044193	-9.7531e+92	-9.7531e+92	   0.045869	   0.049243	     0.0000	   -0.16137	   -0.59814	    0.46827	
4	15	   0.079707	    0.23675	     106.18	    0.37015	-9.7531e+92	-9.7531e+92	    0.10407	    0.14602	     0.0000	   0.042754	    -1.9941	   -0.30533	
4	16	 4.5946e-12	 1.3647e-11	     75.439	     1.1432	-9.7531e+92	-9.7531e+92	 9.8985e-05	 0.00014995	     0.0000	 2.5437e-08	 -0.0016795	-4.7423e-08	
4	17	    0.16076	    0.47751	     73.525	     1.2289	-9.7531e+92	-9.7531e+92	    0.14391	    0.16055	   0.080360	    0.46513	    -2.2855	   -0.65818	
4	18	  0.0011095	  0.0032954	     186.18	   0.042684	-9.7531e+92	-9.7531e+92	   0.012288	  0.0027427	     0.0000	   -0.18779	  -0.029300	    0.73855	
4	19	  0.0094043	   0.027933	     119.82	    0.23665	-9.7531e+92	-9.7531e+92	   0.018840	   0.022952	  0.0010316	   0.069538	   -0.26022	  -0.036021	
4	20	 3.2642e-05	 9.6955e-05	     135.08	    0.14987	-9.7531e+92	-9.7531e+92	  0.0046274	 0.00024325	     0.0000	  -0.081712	 -0.0027775	   0.048371	
4	21	 1.9434e-11	 5.7723e-11	     253.96	   0.012424	-9.7531e+92	-9.7531e+92	  0.0052685	 0.00015757	     0.0000	   -0.13994	 -0.0017533	    0.60484	
4	22	    0.11853	    0.35206	     82.638	    0.86986	-9.7531e+92	-9.7531e+92	    0.10965	    0.13783	   0.059643	    0.41693	    -1.8340	   -0.57060	
4	23	 1.0268e-12	 3.0499e-12	     212.30	   0.025355	-9.7531e+92	-9.7531e+92	 0.00087917	 0.00016866	     0.0000	  -0.013689	 -0.0018801	   0.084130	
4	24	 2.0885e-12	 6.2035e-12	     253.16	   0.012581	-9.7531e+92	-9.7531e+92	 0.00012159	 0.00017059	     0.0000	 -0.0011299	 -0.0018980	  0.0023718	
5	0	  0.0077821	   0.011979	     169.69	   0.061568	-9.7531e+92	-9.7531e+92	   0.046008	  0.0041282	     0.0000	  -0.039913	   -0.16534	     1.1542	
5	1	   0.023777	   0.036599	     161.91	   0.074033	-9.7531e+92	-9.7531e+92	   0.042570	   0.012573	     0.0000	  -0.040752	   -0.52037	    0.67807	
5	2	  0.0068322	   0.010517	     120.45	    0.23204	-9.7531e+92	-9.7531e+92	   0.013302	  0.0039226	     0.0000	   -0.28003	   -0.19456	     1.6494	
5	3	 2.3418e-05	 3.6047e-05	     167.87	   0.064235	-9.7531e+92	-9.7531e+92	  0.0027403	 5.1835e-05	     0.0000	   -0.14397	 -0.0025070	     1.4030	
5	4	 8.4427e-05	 0.00012996	     147.08	    0.10778	-9.7531e+92	-9.7531e+92	  0.0076815	 7.5180e-05	     0.0000	   -0.38976	 -0.0042724	     2.9165	
5	5	     0.0000	     0.0000	     0.0000	     4.0000	-9.7531e+92	-9.7531e+92	    0.79279	     0.0000	    0.77189	     0.0000	     0.0000	     0.0000	
5	6	    0.11990	    0.18456	     72.218	     1.2908	-9.7531e+92	-9.7531e+92	   0.062293	   0.064141	   0.014775	   0.068478	    -3.3896	    -1.9858	
5	7	   0.092500	    0.14239	     89.752	    0.66590	-9.7531e+92	-9.7531e+92	   0.075592	   0.050835	     0.0000	 8.4776e-06	    -2.6374	   -0.21689	
5	8	    0.12668	    0.19500	     54.235	     2.3987	-9.7531e+92	-9.7531e+92	   0.057474	   0.054979	   0.050790	    0.23234	    -3.1773	    -2.3546	
5	9	 1.8782e-05	 2.8911e-05	     134.70	    0.15149	-9.7531e+92	-9.7531e+92	   0.017584	 4.9399e-05	     0.0000	     0.0000	 -0.0024590	    0.93513	
5	10	 8.6790e-06	 1.3360e-05	     93.726	    0.57518	-9.7531e+92	-9.7531e+92	 0.00057517	 3.9303e-05	 0.00012207	 -0.0010389	 -0.0020095	  0.0045776	
5	11	 0.00026414	 0.00040659	     77.490	     1.0576	-9.7531e+92	-9.7531e+92	  0.0027980	 0.00017894	  0.0019245	-0.00088993	 -0.0090509	  0.0051250	
5	12	 0.00037561	 0.00057818	     80.590	    0.94012	-9.7531e+92	-9.7531e+92	  0.0045059	 0.00020869	  0.0015481	 -0.0069289	  -0.011336	   0.029422	
5	13	    0.10313	    0.15874	     125.66	    0.19761	-9.7531e+92	-9.7531e+92	   0.068074	   0.056539	     0.0000	   0.036355	    -2.6331	   -0.56420	
5	14	    0.10297	    0.15850	     108.09	    0.34690	-9.7531e+92	-9.7531e+92	   0.069642	   0.057643	     0.0000	   0.021433	    -2.7552	   -0.46565	
5	15	 0.00041752	 0.00064268	     104.94	    0.38615	-9.7531e+92	-9.7531e+92	   0.013954	 0.00028369	     0.0000	  -0.024813	  -0.014083	     1.1181	
5	16	 3.4385e-15	 5.2928e-15	     71.546	     1.3237	-9.7531e+92	-9.7531e+92	 5.1298e-05	 3.8817e-05	     0.0000	 6.4258e-09	 -0.0018346	-9.6594e-08	
5	17	 1.2258e-15	 1.8869e-15	     219.60	   0.022168	-9.7531e+92	-9.7531e+92	 0.00067310	 4.0820e-05	     0.0000	  -0.081619	 -0.0019778	    0.49184	
5	18	    0.27502	    0.42334	     53.346	     2.4617	-9.7531e+92	-9.7531e+92	    0.14764	    0.13344	   0.023221	    0.12034	    -7.7191	    -4.2387	
5	19	   0.015297	   0.023546	     64.874	     1.6901	-9.7531e+92	-9.7531e+92	   0.012774	  0.0058708	  0.0035447	   0.022817	   -0.35243	   -0.16022	
5	20	    0.10681	    0.16442	     39.691	     3.3571	-9.7531e+92	-9.7531e+92	   0.049930	   0.042865	   0.042604	    0.23491	    -2.6123	    -1.9005	
5	21	 7.3715e-05	 0.00011347	     132.91	    0.15951	-9.7531e+92	-9.7531e+92	   0.033202	 7.8009e-05	     0.0000	  -0.043644	 -0.0040038	     1.3794	
5	22	 2.6232e-15	 4.0378e-15	     151.89	   0.095092	-9.7531e+92	-9.7531e+92	 0.00053109	 3.9105e-05	     0.0000	  -0.051829	 -0.0019253	    0.38576	
5	23	   0.018039	   0.027767	     65.633	     1.6449	-9.7531e+92	-9.7531e+92	   0.016522	  0.0099834	  0.0040084	  0.0021890	   -0.50626	   -0.22069	
5	24	 1.5492e-07	 2.3847e-07	     106.34	    0.36810	-9.7531e+92	-9.7531e+92	 0.00023933	 3.9778e-05	     0.0000	-0.00036499	 -0.0019594	  0.0051963	
6	0	   0.096410	    0.16612	     105.31	    0.38136	-9.7531e+92	-9.7531e+92	    0.10205	   0.096063	     0.0000	 0.00062244	    0.58247	 -0.0051824	
6	1	    0.30340	    0.52276	     96.519	    0.51972	-9.7531e+92	-9.7531e+92	    0.16522	    0.25717	   0.056174	   0.013936	    0.96877	  -0.068097	
6	2	  0.0033697	  0.0058062	     118.53	    0.24644	-9.7531e+92	-9.7531e+92	   0.013092	  0.0047526	     0.0000	  -0.016506	   0.023258	   0.032537	
6	3	 2.9905e-05	 5.1527e-05	     180.81	   0.047921	-9.7531e+92	-9.7531e+92	  0.0027964	 0.00013345	     0.0000	 -0.0081103	 0.00067697	   0.026303	
6	4	 4.5047e-06	 7.7617e-06	     179.35	   0.049487	-9.7531e+92	-9.7531e+92	  0.0073342	 8.6363e-05	     0.0000	  -0.021989	 0.00047984	   0.055071	
6	5	   0.068958	    0.11882	     72.218	     1.2908	-9.7531e+92	-9.7531e+92	   0.034848	   0.083960	   0.011450	     0.0000	    0.54004	 -0.0025761	
6	6	     0.0000	     0.0000	     0.0000	     4.0000	-9.7531e+92	-9.7531e+92	    0.88300	     0.0000	    0.82981	     0.0000	     0.0000	     0.0000	
6	7	    0.10503	    0.18097	     34.871	     3.5904	-9.7531e+92	-9.7531e+92	   0.094747	    0.12062	     0.0000	 1.0925e-06	    0.74292	 -0.0094009	
6	8	 0.00022323	 0.00038463	     109.28	    0.33318	-9.7531e+92	-9.7531e+92	  0.0028606	 0.00039468	     0.0000	-0.00064949	  0.0019225	  0.0017795	
6	9	   0.083523	    0.14391	     62.827	     1.8164	-9.7531e+92	-9.7531e+92	   0.065094	    0.10437	     0.0000	     0.0000	    0.57513	  -0.017856	
6	10	 2.2890e-14	 3.9440e-14	     153.37	   0.091543	-9.7531e+92	-9.7531e+92	 8.7272e-05	 9.7240e-05	     0.0000	-7.6220e-05	 0.00042265	 0.00010104	
6	11	 1.5404e-07	 2.6541e-07	     117.04	    0.25846	-9.7531e+92	-9.7531e+92	 0.00021859	 9.4140e-05	     0.0000	-0.00012056	 0.00043909	 0.00022184	
6	12	 4.5178e-15	 7.7843e-15	     152.49	   0.093630	-9.7531e+92	-9.7531e+92	 0.00028800	 9.5963e-05	     0.0000	-0.00069299	 0.00041999	 0.00082167	
6	13	   0.070038	    0.12068	     53.773	     2.4314	-9.7531e+92	-9.7531e+92	   0.073232	   0.079669	     0.0000	-0.00034866	    0.43570	  0.0017300	
6	14	   0.073261	    0.12623	     41.508	     3.2546	-9.7531e+92	-9.7531e+92	   0.076937	   0.084234	     0.0000	-0.00039989	    0.44681	  0.0028380	
6	15	  0.0019144	  0.0032986	     96.746	    0.51548	-9.7531e+92	-9.7531e+92	   0.015555	  0.0026545	     0.0000	 -0.0013555	   0.013054	   0.020701	
6	16	 6.5814e-15	 1.1340e-14	     111.89	    0.30549	-9.7531e+92	-9.7531e+92	 5.7421e-05	 9.2081e-05	     0.0000	 3.6510e-10	 0.00053860	-1.7729e-09	
6	17	 9.2055e-15	 1.5861e-14	     251.72	   0.012870	-9.7531e+92	-9.7531e+92	 0.00065171	 9.9129e-05	     0.0000	 -0.0045984	 0.00039183	  0.0094465	
6	18	   0.099754	    0.17188	     36.723	     3.5078	-9.7531e+92	-9.7531e+92	   0.095499	    0.10998	     0.0000	 0.00071514	    0.66109	 -0.0077055	
6	19	 5.9979e-08	 1.0335e-07	     133.74	    0.15573	-9.7531e+92	-9.7531e+92	 0.00072510	 9.3651e-05	     0.0000	 -0.0014426	 0.00043873	  0.0026092	
6	20	 8.4146e-05	 0.00014499	     111.59	    0.30852	-9.7531e+92	-9.7531e+92	  0.0023754	 0.00020597	     0.0000	 -0.0010458	 0.00099508	  0.0020241	
6	21	   0.090424	    0.15580	     78.899	     1.0025	-9.7531e+92	-9.7531e+92	   0.079203	    0.11014	     0.0000	  0.0012085	    0.61914	  -0.012006	
6	22	 6.6817e-15	 1.1513e-14	     216.08	   0.023641	-9.7531e+92	-9.7531e+92	 0.00050978	 9.9629e-05	     0.0000	 -0.0032459	 0.00039925	  0.0074017	
6	23	  0.0035732	  0.0061567	     73.330	     1.2380	-9.7531e+92	-9.7531e+92	  0.0063024	  0.0048073	     0.0000	-6.3167e-05	   0.025277	  0.0019810	
6	24	 7.5708e-06	 1.3045e-05	     108.13	    0.34637	-9.7531e+92	-9.7531e+92	 0.00017988	 0.00010021	     0.0000	-2.0553e-05	 0.00049394	 9.6524e-05	
7	0	    0.13424	    0.32139	     80.265	    0.95180	-9.7531e+92	-9.7531e+92	    0.15131	    0.29110	     0.0000	   0.029957	     2.5137	    0.18283	
7	1	    0.11925	    0.28550	     75.481	     1.1413	-9.7531e+92	-9.7531e+92	    0.12846	    0.29317	     0.0000	   0.052626	     2.9741	    0.17626	
7	2	 0.00015814	 0.00037861	     153.12	   0.092143	-9.7531e+92	-9.7531e+92	   0.021790	 0.00087637	     0.0000	   -0.27856	  0.0067944	   -0.21618	
7	3	 3.7701e-13	 9.0264e-13	     215.68	   0.023812	-9.7531e+92	-9.7531e+92	  0.0045779	 0.00025818	     0.0000	   -0.13154	  0.0020539	   -0.17298	
7	4	 3.6792e-13	 8.8087e-13	     209.16	   0.026904	-9.7531e+92	-9.7531e+92	   0.012133	 0.00022723	     0.0000	   -0.35650	  0.0020115	   -0.34992	
7	5	  0.0067545	   0.016172	     89.752	    0.66590	-9.7531e+92	-9.7531e+92	   0.012792	   0.023724	     0.0000	  -0.014146	    0.20981	  -0.017566	
7	6	   0.070218	    0.16811	     34.871	     3.5904	-9.7531e+92	-9.7531e+92	   0.067971	    0.22804	     0.0000	   0.034803	     2.1726	    0.10224	
7	7	     0.0000	     0.0000	     0.0000	     4.0000	-9.7531e+92	-9.7531e+92	     1.2767	     0.0000	     1.0787	     0.0000	     0.0000	     0.0000	
7	8	 0.00020781	 0.00049753	     109.89	    0.32644	-9.7531e+92	-9.7531e+92	  0.0014597	  0.0010216	     0.0000	  -0.016392	  0.0081931	  -0.010442	
7	9	   0.098491	    0.23581	     64.406	     1.7184	-9.7531e+92	-9.7531e+92	   0.095287	    0.32150	     0.0000	     0.0000	     3.0130	    0.14811	
7	10	 2.2266e-13	 5.3310e-13	     153.29	   0.091732	-9.7531e+92	-9.7531e+92	 9.8690e-05	 0.00027286	     0.0000	 -0.0014002	  0.0019263	-0.00058043	
7	11	 2.5919e-06	 6.2056e-06	     112.26	    0.30176	-9.7531e+92	-9.7531e+92	 0.00019811	 0.00026706	     0.0000	 -0.0021897	  0.0020655	 -0.0012714	
7	12	 6.2132e-14	 1.4876e-13	     158.06	   0.081372	-9.7531e+92	-9.7531e+92	 0.00020277	 0.00027035	     0.0000	  -0.013233	  0.0019173	 -0.0047337	
7	13	    0.11910	    0.28515	     57.312	     2.1828	-9.7531e+92	-9.7531e+92	    0.12653	    0.35218	     0.0000	   0.051967	     3.3386	    0.12670	
7	14	    0.15603	    0.37356	     65.464	     1.6549	-9.7531e+92	-9.7531e+92	    0.15452	    0.36312	     0.0000	     0.0000	     3.7900	     0.0000	
7	15	 7.1669e-05	 0.00017159	     131.62	    0.16559	-9.7531e+92	-9.7531e+92	   0.025504	 0.00050784	     0.0000	  -0.022822	  0.0041109	   -0.12810	
7	16	 3.2389e-13	 7.7546e-13	     137.28	    0.14083	-9.7531e+92	-9.7531e+92	 7.9788e-05	 0.00025968	     0.0000	 7.8425e-09	  0.0020107	 1.1236e-08	
7	17	 3.6548e-13	 8.7502e-13	     281.54	  0.0082346	-9.7531e+92	-9.7531e+92	  0.0010618	 0.00028003	     0.0000	  -0.074548	  0.0018718	  -0.054433	
7	18	    0.14992	    0.35894	     38.248	     3.4331	-9.7531e+92	-9.7531e+92	    0.16053	    0.44928	     0.0000	   0.049569	     4.5097	    0.18469	
7	19	 2.3670e-14	 5.6672e-14	     154.38	   0.089237	-9.7531e+92	-9.7531e+92	 0.00045723	 0.00026542	     0.0000	  -0.036366	  0.0019392	  -0.015197	
7	20	 1.2846e-05	 3.0755e-05	     126.68	    0.19164	-9.7531e+92	-9.7531e+92	  0.0010344	 0.00030583	     0.0000	  -0.025038	  0.0023316	  -0.012010	
7	21	    0.13407	    0.32098	     44.967	     3.0407	-9.7531e+92	-9.7531e+92	    0.13631	    0.41979	     0.0000	   0.049654	     4.1034	    0.18916	
7	22	 9.2154e-14	 2.2064e-13	     241.36	   0.015218	-9.7531e+92	-9.7531e+92	 0.00082710	 0.00028178	     0.0000	  -0.052621	  0.0018847	  -0.042900	
7	23	   0.010585	   0.025342	     58.677	     2.0891	-9.7531e+92	-9.7531e+92	   0.013346	   0.034131	     0.0000	  0.0012973	    0.34988	  0.0064129	
7	24	 0.00089800	  0.0021500	     84.614	    0.80724	-9.7531e+92	-9.7531e+92	 0.00078401	  0.0033757	 8.4554e-05	  0.0010259	   0.029880	  0.0017125	
8	0	    0.11685	   0.096098	     172.11	   0.058221	-9.7531e+92	-9.7531e+92	   0.041796	   0.032148	     0.0000	   0.019327	    -2.0963	   -0.63802	
8	1	  0.0026970	  0.0022181	     184.58	   0.044171	-9.7531e+92	-9.7531e+92	   0.014748	 0.00076842	     0.0000	  -0.052959	  -0.051047	     1.0046	
8	2	 1.5753e-05	 1.2956e-05	     174.51	   0.055125	-9.7531e+92	-9.7531e+92	  0.0029047	 2.2305e-05	     0.0000	   -0.25899	 -0.0019433	     1.7225	
8	3	 6.3455e-16	 5.2187e-16	     221.29	   0.021502	-9.7531e+92	-9.7531e+92	 0.00065990	 1.8309e-05	     0.0000	   -0.12209	 -0.0015526	     1.3441	
8	4	 2.5460e-06	 2.0939e-06	     186.41	   0.042479	-9.7531e+92	-9.7531e+92	  0.0018413	 1.6444e-05	     0.0000	   -0.33061	 -0.0016352	     2.7933	
8	5	    0.24356	    0.20031	     54.235	     2.3987	-9.7531e+92	-9.7531e+92	   0.063332	   0.050805	   0.052164	    0.18535	    -5.5157	    -4.6627	
8	6	 0.00073103	 0.00060123	     109.28	    0.33318	-9.7531e+92	-9.7531e+92	  0.0098736	 0.00022775	     0.0000	  -0.023765	  -0.019176	    0.64942	
8	7	   0.021600	   0.017764	     109.89	    0.32644	-9.7531e+92	-9.7531e+92	   0.024030	  0.0060015	     0.0000	-4.5170e-05	   -0.51596	     1.3043	
8	8	     0.0000	     0.0000	     0.0000	     4.0000	-9.7531e+92	-9.7531e+92	    0.42409	     0.0000	    0.42052	     0.0000	     0.0000	     0.0000	
8	9	 1.8865e-07	 1.5515e-07	     171.65	   0.058843	-9.7531e+92	-9.7531e+92	  0.0070258	 1.9286e-05	     0.0000	     0.0000	 -0.0016062	    0.89494	
8	10	  0.0083178	  0.0068408	     44.054	     3.0993	-9.7531e+92	-9.7531e+92	  0.0024207	  0.0017770	  0.0021786	   0.024778	   -0.16612	   -0.14160	
8	11	   0.084164	   0.069219	     32.525	     3.6821	-9.7531e+92	-9.7531e+92	   0.018230	   0.020476	   0.017763	    0.22959	    -1.8053	    -1.5996	
8	12	   0.026963	   0.022175	     55.069	     2.3397	-9.7531e+92	-9.7531e+92	  0.0087444	  0.0046180	  0.0071641	   0.070193	   -0.48138	   -0.38904	
8	13	  0.0025505	  0.0020976	     162.59	   0.072826	-9.7531e+92	-9.7531e+92	   0.015570	 0.00072549	     0.0000	  -0.078806	  -0.055999	     1.3858	
8	14	   0.011402	  0.0093772	     146.54	    0.10935	-9.7531e+92	-9.7531e+92	   0.017609	  0.0032352	     0.0000	  -0.056377	   -0.25628	     1.3856	
8	15	 1.9125e-09	 1.5729e-09	     159.01	   0.079481	-9.7531e+92	-9.7531e+92	  0.0031964	 1.9028e-05	     0.0000	  -0.021213	 -0.0016189	     1.0783	
8	16	 1.5991e-15	 1.3152e-15	     112.87	    0.29583	-9.7531e+92	-9.7531e+92	 2.7408e-05	 1.9472e-05	     0.0000	 6.5926e-09	 -0.0016265	-9.7986e-08	
8	17	 3.3485e-16	 2.7539e-16	     258.50	   0.011577	-9.7531e+92	-9.7531e+92	 0.00017757	 1.9345e-05	     0.0000	  -0.069180	 -0.0016412	    0.47010	
8	18	    0.17935	    0.14750	     75.421	     1.1439	-9.7531e+92	-9.7531e+92	   0.066637	   0.048101	 0.00016251	   0.063329	    -4.1823	    -2.0532	
8	19	  0.0037277	  0.0030658	     80.536	    0.94205	-9.7531e+92	-9.7531e+92	  0.0078241	 0.00077936	  0.0028931	 -0.0069098	  -0.082643	   0.043016	
8	20	    0.19101	    0.15709	     51.987	     2.5582	-9.7531e+92	-9.7531e+92	   0.046338	   0.033390	   0.042423	    0.37696	    -3.8731	    -3.3420	
8	21	 0.00010100	 8.3062e-05	     132.38	    0.16196	-9.7531e+92	-9.7531e+92	   0.016100	 4.7120e-05	     0.0000	  -0.039566	 -0.0039944	     1.3192	
8	22	 7.3126e-16	 6.0141e-16	     168.70	   0.062994	-9.7531e+92	-9.7531e+92	 0.00014568	 1.8718e-05	     0.0000	  -0.045348	 -0.0016169	    0.36778	
8	23	    0.10665	   0.087713	     54.810	     2.3580	-9.7531e+92	-9.7531e+92	   0.028600	   0.030422	   0.021914	   0.037002	    -2.5753	    -2.1497	
8	24	 0.00031684	 0.00026058	     77.960	     1.0389	-9.7531e+92	-9.7531e+92	 0.00042479	 0.00011245	 0.00018452	 0.00012803	 -0.0093299	 -0.0020017	
9	0	    0.18476	    0.36288	     86.890	    0.74099	-9.7531e+92	-9.7531e+92	    0.14645	    0.22831	     0.0000	   0.014855	     3.0293	    0.23390	
9	1	    0.13077	    0.25685	     55.376	     2.3181	-9.7531e+92	-9.7531e+92	    0.10836	    0.16408	     0.0000	     0.0000	     2.4280	    0.23498	
9	2	  0.0028673	  0.0056316	     133.64	    0.15619	-9.7531e+92	-9.7531e+92	   0.021127	  0.0069071	     0.0000	   -0.32826	   0.083584	   -0.42777	
9	3	 7.5199e-05	 0.00014769	     191.41	   0.038254	-9.7531e+92	-9.7531e+92	  0.0040447	 0.00033347	     0.0000	   -0.16015	  0.0040792	   -0.35064	
9	4	 3.4233e-12	 6.7236e-12	     223.28	   0.020749	-9.7531e+92	-9.7531e+92	   0.011582	 0.00013780	     0.0000	   -0.43453	  0.0018996	   -0.71715	
9	5	 0.00026216	 0.00051489	     134.70	    0.15149	-9.7531e+92	-9.7531e+92	  0.0065779	 0.00075982	     0.0000	  -0.033751	  0.0093214	  -0.071651	
9	6	   0.024270	   0.047667	     62.827	     1.8164	-9.7531e+92	-9.7531e+92	   0.034400	   0.048173	     0.0000	 -0.0048162	    0.71290	  -0.035570	
9	7	   0.048132	   0.094534	     64.406	     1.7184	-9.7531e+92	-9.7531e+92	   0.092003	   0.091044	     0.0000	-3.3589e-05	     1.3971	   -0.18748	
9	8	 4.2389e-12	 8.3255e-12	     171.65	   0.058843	-9.7531e+92	-9.7531e+92	 0.00077432	 0.00015619	     0.0000	  -0.020999	  0.0018758	  -0.023066	
9	9	     0.0000	     0.0000	     0.0000	     4.0000	-9.7531e+92	-9.7531e+92	     1.0142	     0.0000	    0.93240	     0.0000	     0.0000	     0.0000	
9	10	 2.8788e-12	 5.6540e-12	     215.04	   0.024096	-9.7531e+92	-9.7531e+92	 7.7587e-05	 0.00016754	     0.0000	 -0.0017067	  0.0018532	 -0.0012266	
9	11	 1.5138e-13	 2.9732e-13	     175.31	   0.054135	-9.7531e+92	-9.7531e+92	 0.00013609	 0.00016157	     0.0000	 -0.0026828	  0.0018693	 -0.0026985	
9	12	 6.9003e-12	 1.3552e-11	     214.99	   0.024120	-9.7531e+92	-9.7531e+92	 0.00014326	 0.00016555	     0.0000	  -0.016129	  0.0018498	 -0.0099943	
9	13	   0.097268	    0.19104	     9.0540	     3.9979	-9.7531e+92	-9.7531e+92	   0.093995	    0.18204	     0.0000	   0.032087	     2.5658	    0.12373	
9	14	    0.20037	    0.39353	     38.749	     3.4073	-9.7531e+92	-9.7531e+92	    0.14670	    0.40778	     0.0000	    0.12799	     5.5796	    0.65580	
9	15	 0.00031124	 0.00061130	     117.55	    0.25424	-9.7531e+92	-9.7531e+92	   0.019353	 0.00086555	     0.0000	  -0.027683	   0.010686	   -0.26635	
9	16	 8.1097e-12	 1.5928e-11	     159.83	   0.077890	-9.7531e+92	-9.7531e+92	 6.5453e-05	 0.00016042	     0.0000	 9.5758e-09	  0.0019193	 2.3892e-08	
9	17	 4.3463e-14	 8.5363e-14	     293.28	  0.0069951	-9.7531e+92	-9.7531e+92	  0.0010021	 0.00016853	     0.0000	  -0.090865	  0.0018381	   -0.11492	
9	18	    0.16772	    0.32942	     96.665	    0.51699	-9.7531e+92	-9.7531e+92	    0.13838	    0.33456	     0.0000	   0.069342	     4.7832	    0.47199	
9	19	 3.7467e-12	 7.3587e-12	     193.08	   0.036956	-9.7531e+92	-9.7531e+92	 0.00032661	 0.00016378	     0.0000	  -0.044326	  0.0018579	  -0.031975	
9	20	 6.6060e-12	 1.2974e-11	     174.09	   0.055651	-9.7531e+92	-9.7531e+92	 0.00058505	 0.00015917	     0.0000	  -0.030603	  0.0018637	  -0.025315	
9	21	    0.14310	    0.28105	     83.320	    0.84769	-9.7531e+92	-9.7531e+92	    0.11646	    0.29804	     0.0000	   0.068106	     4.0896	    0.43908	
9	22	 2.4667e-12	 4.8447e-12	     266.14	   0.010307	-9.7531e+92	-9.7531e+92	 0.00077825	 0.00016992	     0.0000	  -0.064138	  0.0018426	  -0.090403	
9	23	 8.9984e-05	 0.00017673	     121.73	    0.22293	-9.7531e+92	-9.7531e+92	  0.0060842	 0.00035050	     0.0000	 -0.0050343	  0.0044706	  -0.042990	
9	24	 6.0263e-13	 1.1836e-12	     149.07	    0.10229	-9.7531e+92	-9.7531e+92	 0.00020838	 0.00014897	     0.0000	-0.00035494	  0.0019024	 -0.0012150	
10	0	   0.012221	  0.0044959	     210.64	   0.026161	-9.7531e+92	-9.7531e+92	  0.0084779	 0.00025206	     0.0000	 -0.0023503	  -0.022460	    0.11225	
10	1	  0.0028959	  0.0010653	     228.04	   0.019080	-9.7531e+92	-9.7531e+92	  0.0046103	 6.1439e-05	     0.0000	 -0.0039171	 -0.0055643	    0.10724	
10	2	 6.4669e-12	 2.3790e-12	     213.20	   0.024934	-9.7531e+92	-9.7531e+92	 0.00086266	 1.3456e-06	     0.0000	  -0.019222	-0.00015716	    0.18140	
10	3	 1.4410e-12	 5.3011e-13	     258.79	   0.011525	-9.7531e+92	-9.7531e+92	 0.00022418	 1.3647e-06	     0.0000	 -0.0090599	-0.00015534	    0.14163	
10	4	 4.2406e-13	 1.5600e-13	     204.61	   0.029363	-9.7531e+92	-9.7531e+92	 0.00065452	 1.1827e-06	     0.0000	  -0.024505	-0.00015742	    0.29408	
10	5	   0.071696	   0.026375	     93.726	    0.57518	-9.7531e+92	-9.7531e+92	   0.016778	  0.0015009	   0.011783	  0.0075835	   -0.17200	   -0.13201	
10	6	 8.2679e-05	 3.0415e-05	     153.37	   0.091543	-9.7531e+92	-9.7531e+92	  0.0029837	 3.2593e-06	     0.0000	 -0.0018716	-0.00035921	   0.069752	
10	7	  0.0013430	 0.00049406	     153.29	   0.091732	-9.7531e+92	-9.7531e+92	  0.0058230	 2.9480e-05	     0.0000	-4.4619e-06	 -0.0033541	    0.18268	
10	8	    0.18841	   0.069309	     44.054	     3.0993	-9.7531e+92	-9.7531e+92	   0.025728	  0.0035145	   0.024131	   0.039685	   -0.42726	   -0.39449	
10	9	 3.8310e-13	 1.4093e-13	     215.04	   0.024096	-9.7531e+92	-9.7531e+92	  0.0017551	 1.4475e-06	     0.0000	     0.0000	-0.00015992	   0.094121	
10	10	     0.0000	     0.0000	     0.0000	     4.0000	-9.7531e+92	-9.7531e+92	    0.18475	     0.0000	    0.18464	     0.0000	     0.0000	     0.0000	
10	11	    0.15299	   0.056281	     46.926	     2.9109	-9.7531e+92	-9.7531e+92	   0.015363	  0.0026219	   0.015154	   0.030895	   -0.27004	   -0.25030	
10	12	    0.15375	   0.056561	     46.012	     2.9721	-9.7531e+92	-9.7531e+92	   0.016447	  0.0023034	   0.015740	   0.042006	   -0.25777	   -0.23586	
10	13	  0.0035252	  0.0012968	     205.99	   0.028587	-9.7531e+92	-9.7531e+92	  0.0047329	 7.4698e-05	     0.0000	 -0.0057691	 -0.0077303	    0.14486	
10	14	  0.0011477	 0.00042219	     190.48	   0.038997	-9.7531e+92	-9.7531e+92	  0.0047331	 2.5749e-05	     0.0000	 -0.0048031	 -0.0027215	    0.16807	
10	15	 2.0520e-12	 7.5486e-13	     197.67	   0.033672	-9.7531e+92	-9.7531e+92	 0.00098264	 1.4278e-06	     0.0000	 -0.0015741	-0.00016150	    0.11333	
10	16	 1.9910e-12	 7.3243e-13	     147.94	    0.10538	-9.7531e+92	-9.7531e+92	 1.2259e-05	 1.4788e-06	     0.0000	 4.8287e-10	-0.00014216	-8.9183e-09	
10	17	 2.5461e-12	 9.3662e-13	     270.72	  0.0096279	-9.7531e+92	-9.7531e+92	 6.5828e-05	 1.4486e-06	     0.0000	 -0.0051317	-0.00016351	   0.049366	
10	18	    0.15700	   0.057757	     118.82	    0.24422	-9.7531e+92	-9.7531e+92	   0.027365	  0.0032512	     0.0000	  0.0037604	   -0.36597	   -0.16723	
10	19	   0.017778	  0.0065398	     85.643	    0.77653	-9.7531e+92	-9.7531e+92	  0.0068495	 0.00029871	  0.0046439	  0.0033318	  -0.038107	  -0.023813	
10	20	    0.22681	   0.083435	     74.457	     1.1864	-9.7531e+92	-9.7531e+92	   0.027519	  0.0042057	   0.025768	   0.063280	   -0.52671	   -0.48802	
10	21	 4.6803e-05	 1.7217e-05	     171.26	   0.059366	-9.7531e+92	-9.7531e+92	  0.0049295	 2.4098e-06	     0.0000	 -0.0029386	-0.00027015	    0.13893	
10	22	 7.1270e-13	 2.6218e-13	     176.66	   0.052524	-9.7531e+92	-9.7531e+92	 5.6554e-05	 1.4129e-06	     0.0000	 -0.0033052	-0.00016123	   0.038486	
10	23	   0.010042	  0.0036940	     95.614	    0.53700	-9.7531e+92	-9.7531e+92	  0.0058647	 0.00022435	  0.0028742	 6.8806e-05	  -0.024662	 -0.0045266	
10	24	 0.00025586	 9.4121e-05	     102.71	    0.41717	-9.7531e+92	-9.7531e+92	 0.00025876	 7.2185e-06	 0.00015129	 3.1139e-06	-0.00078865	-6.9289e-05	
11	0	   0.032852	   0.014235	     167.10	   0.065400	-9.7531e+92	-9.7531e+92	   0.017416	  0.0017076	     0.0000	 -0.0043355	   -0.16200	    0.20848	
11	1	  0.0084570	  0.0036645	     185.20	   0.043588	-9.7531e+92	-9.7531e+92	  0.0098939	 0.00044732	     0.0000	 -0.0096133	  -0.043097	    0.26500	
11	2	 9.5066e-08	 4.1193e-08	     197.83	   0.033565	-9.7531e+92	-9.7531e+92	  0.0013208	 3.4126e-06	     0.0000	  -0.051959	-0.00042348	    0.49366	
11	3	 7.8568e-14	 3.4044e-14	     244.71	   0.014404	-9.7531e+92	-9.7531e+92	 0.00031561	 3.4524e-06	     0.0000	  -0.024489	-0.00041792	    0.38543	
11	4	 1.0490e-13	 4.5454e-14	     218.09	   0.022784	-9.7531e+92	-9.7531e+92	 0.00078490	 3.0011e-06	     0.0000	  -0.066360	-0.00042363	    0.80029	
11	5	   0.079869	   0.034608	     77.490	     1.0576	-9.7531e+92	-9.7531e+92	   0.015318	  0.0039951	  0.0094340	   0.020031	   -0.51266	   -0.40689	
11	6	  0.0018001	 0.00077998	     117.04	    0.25846	-9.7531e+92	-9.7531e+92	  0.0049469	 0.00010185	     0.0000	 -0.0047476	  -0.012070	    0.17923	
11	7	  0.0053843	  0.0023330	     112.26	    0.30176	-9.7531e+92	-9.7531e+92	   0.012740	 0.00028560	     0.0000	-1.1095e-05	  -0.034892	    0.47247	
11	8	    0.16532	   0.071634	     32.525	     3.6821	-9.7531e+92	-9.7531e+92	   0.020437	  0.0054966	   0.018556	   0.058149	   -0.87049	   -0.80341	
11	9	 1.8279e-06	 7.9205e-07	     175.31	   0.054135	-9.7531e+92	-9.7531e+92	  0.0035231	 3.7288e-06	     0.0000	     0.0000	-0.00044205	    0.25613	
11	10	   0.039260	   0.017011	     46.926	     2.9109	-9.7531e+92	-9.7531e+92	  0.0044007	  0.0012906	  0.0042732	   0.019045	   -0.14579	   -0.13412	
11	11	     0.0000	     0.0000	     0.0000	     4.0000	-9.7531e+92	-9.7531e+92	    0.21793	     0.0000	    0.21768	     0.0000	     0.0000	     0.0000	
11	12	 0.00070737	 0.00030651	     77.218	     1.0686	-9.7531e+92	-9.7531e+92	 0.00099602	 3.4921e-05	 0.00016341	 -0.0011233	 -0.0046937	  0.0066639	
11	13	  0.0066989	  0.0029027	     166.60	   0.066184	-9.7531e+92	-9.7531e+92	  0.0088630	 0.00035405	     0.0000	  -0.014900	  -0.039183	    0.37667	
11	14	  0.0040936	  0.0017738	     157.91	   0.081669	-9.7531e+92	-9.7531e+92	  0.0081415	 0.00022184	     0.0000	  -0.012501	  -0.025086	    0.44043	
11	15	 4.5406e-14	 1.9675e-14	     182.32	   0.046370	-9.7531e+92	-9.7531e+92	  0.0017873	 3.5876e-06	     0.0000	 -0.0042548	-0.00043458	    0.30841	
11	16	 3.0860e-14	 1.3372e-14	     142.85	    0.12075	-9.7531e+92	-9.7531e+92	 1.4440e-05	 3.6352e-06	     0.0000	 1.1545e-09	-0.00037324	-2.3625e-08	
11	17	 5.2809e-14	 2.2882e-14	     290.18	  0.0072979	-9.7531e+92	-9.7531e+92	 7.8646e-05	 3.6500e-06	     0.0000	  -0.013878	-0.00044031	    0.13434	
11	18	    0.31041	    0.13450	     81.269	    0.91620	-9.7531e+92	-9.7531e+92	   0.048423	   0.015971	   0.013400	   0.030463	    -1.9469	    -1.3724	
11	19	 5.7367e-05	 2.4857e-05	     108.78	    0.33886	-9.7531e+92	-9.7531e+92	 0.00087946	 6.0745e-06	     0.0000	 -0.0056327	-0.00079443	   0.036030	
11	20	  0.0097303	  0.0042162	     83.734	    0.83452	-9.7531e+92	-9.7531e+92	  0.0045863	 0.00044903	  0.0025241	  0.0038094	  -0.061594	  -0.030242	
11	21	  0.0017609	 0.00076301	     128.65	    0.18069	-9.7531e+92	-9.7531e+92	   0.010720	 9.7086e-05	     0.0000	 -0.0077231	  -0.011696	    0.36761	
11	22	 2.2738e-15	 9.8525e-16	     200.45	   0.031856	-9.7531e+92	-9.7531e+92	 6.3640e-05	 3.6330e-06	     0.0000	 -0.0095869	-0.00043803	    0.10539	
11	23	    0.30880	    0.13380	     53.605	     2.4433	-9.7531e+92	-9.7531e+92	   0.036861	   0.016956	   0.033338	   0.026959	    -2.0170	    -1.8816	
11	24	   0.024798	   0.010745	     56.094	     2.2676	-9.7531e+92	-9.7531e+92	  0.0028221	  0.0013406	  0.0026955	  0.0064326	   -0.15776	   -0.14923	
12	0	  0.0036182	  0.0015975	     226.76	   0.019512	-9.7531e+92	-9.7531e+92	  0.0074989	 0.00040756	     0.0000	  -0.014843	  -0.027328	    0.49455	
12	1	  0.0011121	 0.00049103	     231.78	   0.017881	-9.7531e+92	-9.7531e+92	  0.0040924	 0.00013191	     0.0000	  -0.022491	 -0.0090036	    0.43048	
12	2	 7.2355e-06	 3.1947e-06	     181.48	   0.047226	-9.7531e+92	-9.7531e+92	  0.0011253	 7.7612e-06	     0.0000	   -0.10719	-0.00071982	    0.71813	
12	3	 8.7429e-15	 3.8603e-15	     227.10	   0.019395	-9.7531e+92	-9.7531e+92	 0.00034383	 7.1350e-06	     0.0000	  -0.050528	-0.00064164	    0.56034	
12	4	 5.3877e-05	 2.3788e-05	     165.11	   0.068567	-9.7531e+92	-9.7531e+92	  0.0012279	 1.1060e-05	     0.0000	   -0.13611	 -0.0011752	     1.1639	
12	5	   0.090184	   0.039819	     80.590	    0.94012	-9.7531e+92	-9.7531e+92	   0.027073	  0.0096783	   0.021077	   0.052677	   -0.88985	   -0.68758	
12	6	 3.3745e-05	 1.4900e-05	     152.49	   0.093630	-9.7531e+92	-9.7531e+92	  0.0032329	 1.1612e-05	     0.0000	  -0.010438	-0.00099960	    0.27695	
12	7	 0.00091390	 0.00040352	     158.06	   0.081372	-9.7531e+92	-9.7531e+92	  0.0058260	 0.00010877	     0.0000	-2.5016e-05	 -0.0096489	    0.72754	
12	8	    0.32032	    0.14143	     55.069	     2.3397	-9.7531e+92	-9.7531e+92	   0.044645	   0.031913	   0.042727	    0.38400	    -3.0359	    -2.7199	
12	9	 2.3573e-14	 1.0408e-14	     214.99	   0.024120	-9.7531e+92	-9.7531e+92	  0.0016356	 7.6782e-06	     0.0000	     0.0000	-0.00066165	    0.37303	
12	10	   0.040343	   0.017813	     46.012	     2.9721	-9.7531e+92	-9.7531e+92	  0.0050728	  0.0034348	  0.0049428	   0.055973	   -0.28565	   -0.24918	
12	11	  0.0097442	  0.0043024	     77.218	     1.0686	-9.7531e+92	-9.7531e+92	  0.0034968	  0.0011263	  0.0032462	   0.014969	  -0.098166	  -0.084539	
12	12	     0.0000	     0.0000	     0.0000	     4.0000	-9.7531e+92	-9.7531e+92	    0.22670	     0.0000	    0.22585	     0.0000	     0.0000	     0.0000	
12	13	 0.00061171	 0.00027009	     205.94	   0.028617	-9.7531e+92	-9.7531e+92	  0.0045388	 7.5115e-05	     0.0000	  -0.033489	 -0.0059995	    0.59357	
12	14	  0.0018734	 0.00082718	     188.63	   0.040536	-9.7531e+92	-9.7531e+92	  0.0050417	 0.00021818	     0.0000	  -0.026542	  -0.017915	    0.65733	
12	15	 1.9442e-15	 8.5843e-16	     166.81	   0.065853	-9.7531e+92	-9.7531e+92	  0.0010008	 7.5238e-06	     0.0000	 -0.0087791	-0.00066846	    0.44941	
12	16	 9.3350e-16	 4.1217e-16	     115.95	    0.26758	-9.7531e+92	-9.7531e+92	 1.4714e-05	 7.8045e-06	     0.0000	 2.8872e-09	-0.00066232	-4.0278e-08	
12	17	 6.2195e-15	 2.7461e-15	     225.22	   0.020047	-9.7531e+92	-9.7531e+92	 0.00011463	 7.5498e-06	     0.0000	  -0.028588	-0.00067627	    0.19591	
12	18	   0.026829	   0.011846	     120.73	    0.22996	-9.7531e+92	-9.7531e+92	   0.018858	  0.0029546	     0.0000	  -0.014879	   -0.25882	    0.47008	
12	19	    0.20736	   0.091558	     44.530	     3.0689	-9.7531e+92	-9.7531e+92	   0.029000	   0.011711	   0.026353	    0.16356	    -1.3484	    -1.1347	
12	20	    0.29690	    0.13109	     45.010	     3.0379	-9.7531e+92	-9.7531e+92	   0.042984	   0.022163	   0.040883	    0.30645	    -2.4656	    -2.1720	
12	21	 2.2299e-08	 9.8459e-09	     187.39	   0.041605	-9.7531e+92	-9.7531e+92	  0.0038354	 7.5175e-06	     0.0000	  -0.016401	-0.00065704	    0.55080	
12	22	 1.3633e-07	 6.0193e-08	     131.16	    0.16782	-9.7531e+92	-9.7531e+92	 0.00010573	 7.0212e-06	     0.0000	  -0.016002	-0.00065299	    0.14943	
12	23	 9.6250e-05	 4.2497e-05	     109.85	    0.32696	-9.7531e+92	-9.7531e+92	  0.0039397	 1.9132e-05	 0.00035044	 -0.0015599	 -0.0016474	   0.072924	
12	24	 1.5056e-15	 6.6477e-16	     132.31	    0.16230	-9.7531e+92	-9.7531e+92	 8.6427e-05	 7.9332e-06	     0.0000	-0.00013242	-0.00067761	  0.0020713	
13	0	   0.056950	    0.48749	     86.013	    0.76580	-9.7531e+92	-9.7531e+92	    0.31681	   0.098006	     0.0000	 -0.0010811	    0.71771	  0.0084555	
13	1	   0.041266	    0.35323	     57.043	     2.2015	-9.7531e+92	-9.7531e+92	    0.26095	   0.067603	     0.0000	 -0.0021110	    0.50167	  0.0097704	
13	2	  0.0059097	   0.050587	     127.66	    0.18612	-9.7531e+92	-9.7531e+92	    0.19065	   0.017179	     0.0000	  -0.026326	    0.12205	   0.051649	
13	3	 0.00011816	  0.0010115	     188.65	   0.040519	-9.7531e+92	-9.7531e+92	   0.088431	 0.00051157	     0.0000	  -0.013350	  0.0038067	   0.043009	
13	4	 9.3017e-12	 7.9622e-11	     217.30	   0.023117	-9.7531e+92	-9.7531e+92	    0.12477	 0.00016641	     0.0000	  -0.036247	  0.0013590	   0.090377	
13	5	  0.0010744	  0.0091965	     125.66	    0.19761	-9.7531e+92	-9.7531e+92	   0.028055	  0.0030377	     0.0000	 -0.0026431	   0.023666	  0.0088455	
13	6	   0.042465	    0.36350	     53.773	     2.4314	-9.7531e+92	-9.7531e+92	    0.16955	    0.10631	     0.0000	  0.0010437	    0.87764	 -0.0082014	
13	7	    0.12732	     1.0899	     57.312	     2.1828	-9.7531e+92	-9.7531e+92	    0.46920	    0.29552	     0.0000	 3.6041e-06	     2.6238	  -0.030922	
13	8	 3.5264e-13	 3.0186e-12	     162.59	   0.072826	-9.7531e+92	-9.7531e+92	  0.0032303	 0.00019164	     0.0000	 -0.0017517	  0.0013138	  0.0030969	
13	9	   0.087602	    0.74987	     9.0540	     3.9979	-9.7531e+92	-9.7531e+92	    0.28318	    0.21514	     0.0000	     0.0000	     1.8145	  -0.032239	
13	10	 4.1829e-11	 3.5805e-10	     205.99	   0.028587	-9.7531e+92	-9.7531e+92	 0.00034390	 0.00020649	     0.0000	-0.00014237	  0.0012795	 0.00016684	
13	11	 9.8994e-12	 8.4738e-11	     166.60	   0.066184	-9.7531e+92	-9.7531e+92	 0.00055898	 0.00019730	     0.0000	-0.00022380	  0.0013118	 0.00036637	
13	12	 1.5770e-11	 1.3499e-10	     205.94	   0.028617	-9.7531e+92	-9.7531e+92	 0.00071034	 0.00020465	     0.0000	 -0.0013454	  0.0012715	  0.0013566	
13	13	     0.0000	     0.0000	     0.0000	     4.0000	-9.7531e+92	-9.7531e+92	     4.5581	     0.0000	     3.9179	     0.0000	     0.0000	     0.0000	
13	14	   0.087841	    0.75192	     32.765	     3.6733	-9.7531e+92	-9.7531e+92	    0.43161	    0.21584	     0.0000	 0.00064119	     1.7347	 -0.0044907	
13	15	    0.37646	     3.2225	     111.52	    0.30921	-9.7531e+92	-9.7531e+92	    0.87140	    0.86523	    0.44622	     0.0000	     8.5464	     0.0000	
13	16	 1.7608e-11	 1.5072e-10	     153.85	   0.090443	-9.7531e+92	-9.7531e+92	 0.00028527	 0.00019918	     0.0000	 8.0049e-10	  0.0013271	-3.2909e-09	
13	17	 1.2135e-11	 1.0388e-10	     287.27	  0.0075975	-9.7531e+92	-9.7531e+92	   0.010345	 0.00020719	     0.0000	 -0.0075797	  0.0012571	   0.015596	
13	18	    0.11644	    0.99675	     87.611	    0.72124	-9.7531e+92	-9.7531e+92	    0.44061	    0.26781	     0.0000	  0.0025955	     2.3371	  -0.023790	
13	19	 3.4722e-13	 2.9722e-12	     184.51	   0.044238	-9.7531e+92	-9.7531e+92	  0.0021872	 0.00019993	     0.0000	 -0.0036975	  0.0012989	  0.0043050	
13	20	 6.9080e-12	 5.9132e-11	     165.04	   0.068678	-9.7531e+92	-9.7531e+92	  0.0026896	 0.00019462	     0.0000	 -0.0025528	  0.0013022	  0.0033998	
13	21	   0.055794	    0.47759	     76.619	     1.0932	-9.7531e+92	-9.7531e+92	    0.27495	    0.13323	     0.0000	-0.00043359	     1.1478	  0.0042948	
13	22	 2.2722e-11	 1.9450e-10	     260.15	   0.011286	-9.7531e+92	-9.7531e+92	  0.0079454	 0.00020955	     0.0000	 -0.0053502	  0.0012621	   0.012216	
13	23	 0.00075453	  0.0064588	     113.01	    0.29441	-9.7531e+92	-9.7531e+92	   0.021697	  0.0021954	     0.0000	-0.00038500	   0.017032	  0.0053150	
13	24	 8.4832e-12	 7.2616e-11	     142.21	    0.12286	-9.7531e+92	-9.7531e+92	 0.00081229	 0.00018361	     0.0000	-3.5053e-05	  0.0013415	 0.00016489	
14	0	   0.033901	    0.20856	     114.85	    0.27729	-9.7531e+92	-9.7531e+92	    0.21383	   0.060615	     0.0000	     0.0000	    0.40471	     0.0000	
14	1	   0.066190	    0.40720	     88.839	    0.68891	-9.7531e+92	-9.7531e+92	    0.22994	    0.13292	     0.0000	     0.0000	     1.1374	     0.0000	
14	2	    0.20123	     1.2380	     97.273	    0.50580	-9.7531e+92	-9.7531e+92	    0.36512	    0.61256	     0.0000	     0.0000	     4.2577	     0.0000	
14	3	 0.00044880	  0.0027610	     161.01	   0.075671	-9.7531e+92	-9.7531e+92	   0.047776	  0.0015303	     0.0000	     0.0000	   0.011020	     0.0000	
14	4	 4.8282e-06	 2.9703e-05	     184.55	   0.044193	-9.7531e+92	-9.7531e+92	    0.18993	 0.00018882	     0.0000	     0.0000	  0.0015106	     0.0000	
14	5	  0.0034519	   0.021236	     108.09	    0.34690	-9.7531e+92	-9.7531e+92	   0.024199	   0.010034	     0.0000	     0.0000	   0.075781	     0.0000	
14	6	   0.060607	    0.37285	     41.508	     3.2546	-9.7531e+92	-9.7531e+92	    0.15586	    0.16371	     0.0000	     0.0000	     1.3025	     0.0000	
14	7	    0.41626	     2.5609	     65.464	     1.6549	-9.7531e+92	-9.7531e+92	    0.74826	     1.0000	    0.23953	     0.0000	     8.9888	     0.0000	
14	8	 6.9488e-15	 4.2749e-14	     146.54	    0.10935	-9.7531e+92	-9.7531e+92	  0.0027131	 0.00020467	     0.0000	     0.0000	  0.0013674	     0.0000	
14	9	   0.045759	    0.28151	     38.749	     3.4073	-9.7531e+92	-9.7531e+92	    0.15976	    0.11127	     0.0000	     0.0000	     1.0159	     0.0000	
14	10	 7.5784e-13	 4.6623e-12	     190.48	   0.038997	-9.7531e+92	-9.7531e+92	 0.00025994	 0.00022193	     0.0000	     0.0000	  0.0013222	     0.0000	
14	11	 1.6353e-12	 1.0060e-11	     157.91	   0.081669	-9.7531e+92	-9.7531e+92	 0.00041797	 0.00021298	     0.0000	     0.0000	  0.0013489	     0.0000	
14	12	 6.3754e-13	 3.9221e-12	     188.63	   0.040536	-9.7531e+92	-9.7531e+92	 0.00065434	 0.00021938	     0.0000	     0.0000	  0.0013187	     0.0000	
14	13	   0.075950	    0.46725	     32.765	     3.6733	-9.7531e+92	-9.7531e+92	    0.24381	    0.18112	     0.0000	     0.0000	     1.4359	     0.0000	
14	14	     0.0000	     0.0000	     0.0000	     4.0000	-9.7531e+92	-9.7531e+92	     3.2273	     0.0000	     2.7315	     0.0000	     0.0000	     0.0000	
14	15	  0.0057854	   0.035592	     78.991	    0.99899	-9.7531e+92	-9.7531e+92	   0.070839	   0.015708	     0.0000	     0.0000	    0.13037	     0.0000	
14	16	 5.5639e-13	 3.4229e-12	     121.20	    0.22662	-9.7531e+92	-9.7531e+92	 0.00020502	 0.00021530	     0.0000	     0.0000	  0.0013550	     0.0000	
14	17	 2.7277e-12	 1.6781e-11	     254.84	   0.012253	-9.7531e+92	-9.7531e+92	   0.015501	 0.00022153	     0.0000	     0.0000	  0.0013057	     0.0000	
14	18	   0.088094	    0.54195	     78.249	     1.0276	-9.7531e+92	-9.7531e+92	    0.28304	    0.21745	     0.0000	     0.0000	     1.8421	     0.0000	
14	19	 6.2401e-13	 3.8389e-12	     166.55	   0.066257	-9.7531e+92	-9.7531e+92	  0.0026732	 0.00021479	     0.0000	     0.0000	  0.0013433	     0.0000	
14	20	 1.3029e-12	 8.0156e-12	     147.73	    0.10597	-9.7531e+92	-9.7531e+92	  0.0023818	 0.00020811	     0.0000	     0.0000	  0.0013552	     0.0000	
14	21	  0.0022621	   0.013916	     101.18	    0.44014	-9.7531e+92	-9.7531e+92	    0.13883	  0.0055864	     0.0000	     0.0000	   0.050484	     0.0000	
14	22	 1.2691e-12	 7.8073e-12	     227.39	   0.019298	-9.7531e+92	-9.7531e+92	   0.011856	 0.00022395	     0.0000	     0.0000	  0.0013115	     0.0000	
14	23	 5.3367e-05	 0.00032831	     114.84	    0.27739	-9.7531e+92	-9.7531e+92	   0.015533	 0.00035425	     0.0000	     0.0000	  0.0025091	     0.0000	
14	24	 1.9896e-12	 1.2240e-11	     150.00	   0.099849	-9.7531e+92	-9.7531e+92	 0.00074236	 0.00019857	     0.0000	     0.0000	  0.0013792	     0.0000	
15	0	   0.012851	   0.016915	     189.51	   0.039789	-9.7531e+92	-9.7531e+92	   0.022402	   0.018974	     0.0000	  -0.062952	    0.20762	   -0.45798	
15	1	   0.041238	   0.054276	     167.83	   0.064291	-9.7531e+92	-9.7531e+92	   0.028478	   0.060467	     0.0000	  -0.038726	    0.64914	   -0.15565	
15	2	    0.23890	    0.31443	     21.827	     3.9312	-9.7531e+92	-9.7531e+92	    0.10998	    0.36026	  0.0025180	     1.0000	     3.4534	     1.0020	
15	3	    0.14006	    0.18434	     84.108	    0.82281	-9.7531e+92	-9.7531e+92	   0.064805	    0.18810	     0.0000	    0.28661	     1.9554	    0.48427	
15	4	   0.020495	   0.026974	     106.18	    0.37015	-9.7531e+92	-9.7531e+92	   0.077307	   0.025863	     0.0000	   -0.56119	    0.29902	   -0.71173	
15	5	  0.0048565	  0.0063919	     104.94	    0.38615	-9.7531e+92	-9.7531e+92	  0.0037461	  0.0085115	     0.0000	  -0.033729	   0.069682	  -0.054630	
15	6	   0.012985	   0.017090	     96.746	    0.51548	-9.7531e+92	-9.7531e+92	   0.013544	   0.022241	     0.0000	  -0.029435	    0.18509	   -0.11266	
15	7	 0.00084509	  0.0011123	     131.62	    0.16559	-9.7531e+92	-9.7531e+92	   0.031442	  0.0014593	     0.0000	-0.00012142	   0.013060	   -0.51930	
15	8	 2.5963e-12	 3.4171e-12	     159.01	   0.079481	-9.7531e+92	-9.7531e+92	 0.00045378	 0.00012060	     0.0000	  -0.032094	 0.00091750	  -0.026799	
15	9	  0.0021607	  0.0028439	     117.55	    0.25424	-9.7531e+92	-9.7531e+92	   0.013724	  0.0037338	     0.0000	     0.0000	   0.031732	   -0.24960	
15	10	 3.7127e-16	 4.8865e-16	     197.67	   0.033672	-9.7531e+92	-9.7531e+92	 5.8076e-05	 0.00012649	     0.0000	 -0.0026084	 0.00090332	 -0.0014217	
15	11	 1.2327e-13	 1.6225e-13	     182.32	   0.046370	-9.7531e+92	-9.7531e+92	 7.7131e-05	 0.00012386	     0.0000	 -0.0041004	 0.00091119	 -0.0031290	
15	12	 1.1520e-13	 1.5162e-13	     166.81	   0.065853	-9.7531e+92	-9.7531e+92	 0.00017790	 0.00012434	     0.0000	  -0.024651	 0.00090305	  -0.011589	
15	13	    0.31843	    0.41911	     111.52	    0.30921	-9.7531e+92	-9.7531e+92	    0.12279	    0.22417	   0.024354	     0.0000	     1.0921	     0.0000	
15	14	    0.18447	    0.24280	     78.991	    0.99899	-9.7531e+92	-9.7531e+92	   0.081312	    0.29885	     0.0000	    0.16965	     2.7164	    0.67842	
15	15	     0.0000	     0.0000	     0.0000	     4.0000	-9.7531e+92	-9.7531e+92	    0.69009	     0.0000	    0.62471	     0.0000	     0.0000	     0.0000	
15	16	 2.5641e-12	 3.3748e-12	     65.362	     1.6609	-9.7531e+92	-9.7531e+92	 4.3862e-05	 0.00012166	     0.0000	 1.4617e-08	 0.00093314	 2.7607e-08	
15	17	 2.7695e-13	 3.6451e-13	     175.81	   0.053534	-9.7531e+92	-9.7531e+92	  0.0062671	 0.00011299	     0.0000	   -0.13887	 0.00097611	   -0.13326	
15	18	   0.022570	   0.029706	     116.73	    0.26100	-9.7531e+92	-9.7531e+92	   0.028123	   0.036243	     0.0000	  -0.078031	    0.32829	   -0.37380	
15	19	 4.9127e-06	 6.4659e-06	     131.26	    0.16732	-9.7531e+92	-9.7531e+92	 0.00093512	 0.00013091	     0.0000	  -0.067689	 0.00098427	  -0.037101	
15	20	 0.00011215	 0.00014761	     124.66	    0.20372	-9.7531e+92	-9.7531e+92	 0.00052996	 0.00032168	     0.0000	  -0.045656	  0.0024529	  -0.028708	
15	21	 1.3788e-05	 1.8147e-05	     175.65	   0.053734	-9.7531e+92	-9.7531e+92	   0.013483	 0.00013173	     0.0000	  -0.079525	  0.0011530	   -0.39288	
15	22	 1.1385e-13	 1.4985e-13	     163.21	   0.071746	-9.7531e+92	-9.7531e+92	  0.0047843	 0.00011680	     0.0000	  -0.098026	 0.00095882	   -0.10491	
15	23	 1.9377e-12	 2.5503e-12	     149.47	    0.10124	-9.7531e+92	-9.7531e+92	  0.0013966	 0.00011812	     0.0000	 -0.0077808	 0.00093068	  -0.050469	
15	24	 1.5729e-12	 2.0701e-12	     189.75	   0.039594	-9.7531e+92	-9.7531e+92	 7.9133e-05	 0.00012091	     0.0000	-0.00064224	 0.00091793	 -0.0014089	
16	0	   0.030054	     0.0000	     217.18	   0.023165	-9.7531e+92	-9.7531e+92	     0.0000	 5.9273e-05	     0.0000	     0.0000	-3.4965e-12	     0.0000	
16	1	   0.035228	     0.0000	     207.46	   0.027791	-9.7531e+92	-9.7531e+92	     0.0000	 6.9558e-05	     0.0000	     0.0000	 8.0178e-11	     0.0000	
16	2	   0.013668	     0.0000	     68.097	     1.5042	-9.7531e+92	-9.7531e+92	     0.0000	 3.3575e-05	     0.0000	     0.0000	 2.6596e-11	     0.0000	
16	3	   0.019345	     0.0000	     111.94	    0.30495	-9.7531e+92	-9.7531e+92	     0.0000	 4.7400e-05	     0.0000	     0.0000	 3.4947e-11	     0.0000	
16	4	   0.086716	     0.0000	     75.439	     1.1432	-9.7531e+92	-9.7531e+92	     0.0000	 0.00018763	     0.0000	     0.0000	 1.7038e-10	     0.0000	
16	5	    0.10190	     0.0000	     71.546	     1.3237	-9.7531e+92	-9.7531e+92	     0.0000	 0.00026683	     0.0000	     0.0000	 1.8174e-10	     0.0000	
16	6	   0.091541	     0.0000	     111.89	    0.30549	-9.7531e+92	-9.7531e+92	     0.0000	 0.00023060	     0.0000	     0.0000	 1.6743e-10	     0.0000	
16	7	   0.065094	     0.0000	     137.28	    0.14083	-9.7531e+92	-9.7531e+92	     0.0000	 0.00015675	     0.0000	     0.0000	 1.2258e-10	     0.0000	
16	8	  0.0013496	     0.0000	     112.87	    0.29583	-9.7531e+92	-9.7531e+92	     0.0000	 3.7521e-06	     0.0000	     0.0000	 2.4325e-12	     0.0000	
16	9	   0.039153	     0.0000	     159.83	   0.077890	-9.7531e+92	-9.7531e+92	     0.0000	 9.7905e-05	     0.0000	     0.0000	 7.5270e-11	     0.0000	
16	10	   0.014954	     0.0000	     147.94	    0.10538	-9.7531e+92	-9.7531e+92	     0.0000	 4.2114e-05	     0.0000	     0.0000	 2.5132e-11	     0.0000	
16	11	   0.048292	     0.0000	     142.85	    0.12075	-9.7531e+92	-9.7531e+92	     0.0000	 0.00013277	     0.0000	     0.0000	 8.0988e-11	     0.0000	
16	12	   0.010935	     0.0000	     115.95	    0.26758	-9.7531e+92	-9.7531e+92	     0.0000	 3.0304e-05	     0.0000	     0.0000	 1.8007e-11	     0.0000	
16	13	   0.036766	     0.0000	     153.85	   0.090443	-9.7531e+92	-9.7531e+92	     0.0000	 8.4036e-05	     0.0000	     0.0000	 6.5242e-11	     0.0000	
16	14	   0.015721	     0.0000	     121.20	    0.22662	-9.7531e+92	-9.7531e+92	     0.0000	 3.7724e-05	     0.0000	     0.0000	 3.4098e-11	     0.0000	
16	15	  0.0050168	     0.0000	     65.362	     1.6609	-9.7531e+92	-9.7531e+92	     0.0000	 1.2957e-05	     0.0000	     0.0000	 9.5517e-12	     0.0000	
16	16	     0.0000	     0.0000	     0.0000	     4.0000	-9.7531e+92	-9.7531e+92	     0.0000	     0.0000	     0.0000	     0.0000	     0.0000	     0.0000	
16	17	    0.13190	     0.0000	     148.25	    0.10451	-9.7531e+92	-9.7531e+92	     0.0000	 0.00035643	     0.0000	     0.0000	 5.3089e-10	     0.0000	
16	18	 0.00049770	     0.0000	     110.59	    0.31898	-9.7531e+92	-9.7531e+92	     0.0000	 1.3180e-06	     0.0000	     0.0000	 1.1064e-12	     0.0000	
16	19	  0.0071998	     0.0000	     73.024	     1.2523	-9.7531e+92	-9.7531e+92	     0.0000	 1.9734e-05	     0.0000	     0.0000	 1.2264e-11	     0.0000	
16	20	  0.0032775	     0.0000	     74.477	     1.1855	-9.7531e+92	-9.7531e+92	     0.0000	 8.8742e-06	     0.0000	     0.0000	 5.6341e-12	     0.0000	
16	21	   0.077024	     0.0000	     180.81	   0.047925	-9.7531e+92	-9.7531e+92	     0.0000	 0.00018820	     0.0000	     0.0000	 1.4454e-10	     0.0000	
16	22	   0.027796	     0.0000	     106.73	    0.36321	-9.7531e+92	-9.7531e+92	     0.0000	 7.6212e-05	     0.0000	     0.0000	 5.6066e-11	     0.0000	
16	23	  0.0061899	     0.0000	     136.77	    0.14287	-9.7531e+92	-9.7531e+92	     0.0000	 1.6493e-05	     0.0000	     0.0000	 1.0940e-11	     0.0000	
16	24	   0.081399	     0.0000	     177.80	   0.051213	-9.7531e+92	-9.7531e+92	     0.0000	 0.00021599	     0.0000	     0.0000	 1.4517e-10	     0.0000	
17	0	 3.2300e-10	 1.4445e-10	     353.56	  0.0033150	-9.7531e+92	-9.7531e+92	 0.00088373	 2.1519e-05	     0.0000	  -0.014292	-0.00013747	   0.065765	
17	1	 9.5719e-11	 4.2807e-11	     342.57	  0.0037606	-9.7531e+92	-9.7531e+92	  0.0010155	 2.1844e-05	     0.0000	  -0.021009	-0.00015029	   0.057908	
17	2	   0.049396	   0.022091	     160.64	   0.076357	-9.7531e+92	-9.7531e+92	   0.027165	  0.0073688	     0.0000	-0.00011642	   -0.20202	   0.048464	
17	3	    0.30026	    0.13428	     122.41	    0.21829	-9.7531e+92	-9.7531e+92	   0.053893	   0.055251	   0.025042	   0.057062	    -1.2842	   -0.34664	
17	4	    0.59737	    0.26715	     73.525	     1.2289	-9.7531e+92	-9.7531e+92	   0.098842	   0.067279	   0.039770	   0.013562	    -2.3054	   -0.61372	
17	5	 1.4170e-09	 6.3368e-10	     219.60	   0.022168	-9.7531e+92	-9.7531e+92	 0.00056459	 2.2786e-05	     0.0000	 -0.0099539	-0.00029444	   0.021328	
17	6	 9.2583e-10	 4.1404e-10	     251.72	   0.012870	-9.7531e+92	-9.7531e+92	 0.00041994	 2.2857e-05	     0.0000	 -0.0096171	-0.00029277	   0.048358	
17	7	 4.3345e-10	 1.9385e-10	     281.54	  0.0082346	-9.7531e+92	-9.7531e+92	  0.0012332	 2.1771e-05	     0.0000	-2.3214e-05	-0.00028596	    0.12718	
17	8	 2.6144e-10	 1.1692e-10	     258.50	   0.011577	-9.7531e+92	-9.7531e+92	 0.00019962	 2.2998e-05	     0.0000	 -0.0060731	-0.00030241	  0.0068890	
17	9	 6.1319e-10	 2.7423e-10	     293.28	  0.0069951	-9.7531e+92	-9.7531e+92	 0.00045171	 2.2516e-05	     0.0000	     0.0000	-0.00029008	   0.064858	
17	10	 2.0666e-10	 9.2421e-11	     270.72	  0.0096279	-9.7531e+92	-9.7531e+92	 3.1891e-05	 2.3743e-05	     0.0000	-0.00049359	-0.00030724	 0.00037161	
17	11	 1.2795e-09	 5.7220e-10	     290.18	  0.0072979	-9.7531e+92	-9.7531e+92	 2.8623e-05	 2.3640e-05	     0.0000	-0.00077591	-0.00030656	 0.00081589	
17	12	 1.2851e-09	 5.7471e-10	     225.22	   0.020047	-9.7531e+92	-9.7531e+92	 0.00020941	 2.3190e-05	     0.0000	 -0.0046646	-0.00030612	  0.0030210	
17	13	 1.1688e-10	 5.2269e-11	     287.27	  0.0075975	-9.7531e+92	-9.7531e+92	  0.0029589	 2.0833e-05	     0.0000	  -0.030987	-0.00023143	   0.093894	
17	14	 7.4346e-10	 3.3249e-10	     254.84	   0.012253	-9.7531e+92	-9.7531e+92	  0.0036821	 2.0234e-05	     0.0000	  -0.024938	-0.00025837	    0.11006	
17	15	 1.4146e-09	 6.3263e-10	     175.81	   0.053534	-9.7531e+92	-9.7531e+92	  0.0083440	 1.9448e-05	     0.0000	 -0.0080203	-0.00028317	   0.078801	
17	16	 1.1689e-10	 5.2275e-11	     148.25	    0.10451	-9.7531e+92	-9.7531e+92	 1.4904e-05	 2.0559e-05	     0.0000	 2.2054e-09	-0.00010905	-1.2791e-09	
17	17	     0.0000	     0.0000	     0.0000	     4.0000	-9.7531e+92	-9.7531e+92	    0.23159	     0.0000	    0.22202	     0.0000	     0.0000	     0.0000	
17	18	 1.0166e-09	 4.5465e-10	     258.46	   0.011584	-9.7531e+92	-9.7531e+92	  0.0010471	 2.1742e-05	     0.0000	  -0.020480	-0.00027264	    0.11934	
17	19	 1.8297e-09	 8.1826e-10	     187.53	   0.041480	-9.7531e+92	-9.7531e+92	  0.0015956	 2.2666e-05	     0.0000	  -0.012819	-0.00029974	  0.0095790	
17	20	 8.1939e-10	 3.6644e-10	     207.02	   0.028026	-9.7531e+92	-9.7531e+92	 0.00043734	 2.2611e-05	     0.0000	 -0.0088506	-0.00030197	  0.0075629	
17	21	 5.9961e-09	 2.6815e-09	     326.31	  0.0045671	-9.7531e+92	-9.7531e+92	 0.00047389	 2.2079e-05	     0.0000	  -0.015052	-0.00028580	   0.095198	
17	22	   0.052972	   0.023690	     106.10	    0.37108	-9.7531e+92	-9.7531e+92	   0.011987	   0.012963	  0.0044574	   0.018400	   -0.17918	  -0.058554	
17	23	 1.0875e-09	 4.8636e-10	     284.58	  0.0078888	-9.7531e+92	-9.7531e+92	 8.3692e-05	 2.3398e-05	     0.0000	 -0.0014724	-0.00030380	   0.013047	
17	24	 2.7905e-09	 1.2479e-09	     325.25	  0.0046269	-9.7531e+92	-9.7531e+92	 1.7224e-05	 2.3637e-05	     0.0000	-0.00012153	-0.00030625	 0.00036718	
18	0	    0.22156	    0.82749	     116.29	    0.26473	-9.7531e+92	-9.7531e+92	    0.30508	    0.48652	   0.017015	   0.025750	    -1.6622	   -0.42601	
18	1	    0.10156	    0.37931	     111.77	    0.30668	-9.7531e+92	-9.7531e+92	    0.18721	    0.22749	     0.0000	   0.018393	   -0.68900	   -0.11804	
18	2	 0.00089387	  0.0033384	     137.27	    0.14087	-9.7531e+92	-9.7531e+92	   0.026715	  0.0033501	     0.0000	   -0.14110	 -0.0074545	    0.35370	
18	3	 6.7467e-07	 2.5197e-06	     199.21	   0.032649	-9.7531e+92	-9.7531e+92	  0.0059057	 0.00023461	     0.0000	  -0.067237	-0.00046434	    0.27767	
18	4	 8.6351e-07	 3.2250e-06	     186.18	   0.042684	-9.7531e+92	-9.7531e+92	   0.015057	 0.00020632	     0.0000	   -0.18222	-0.00053401	    0.58022	
18	5	   0.057740	    0.21564	     53.346	     2.4617	-9.7531e+92	-9.7531e+92	   0.067842	    0.15703	   0.017126	   0.031829	   -0.35300	   -0.17488	
18	6	   0.078441	    0.29296	     36.723	     3.5078	-9.7531e+92	-9.7531e+92	    0.11241	    0.22811	     0.0000	   0.020815	   -0.60093	   -0.21471	
18	7	   0.089934	    0.33588	     38.248	     3.4331	-9.7531e+92	-9.7531e+92	    0.20131	    0.23900	     0.0000	 2.7426e-06	   -0.67282	  -0.031852	
18	8	  0.0015728	  0.0058740	     75.421	     1.1439	-9.7531e+92	-9.7531e+92	  0.0074218	  0.0047470	     0.0000	 -0.0050768	  -0.010175	   0.012442	
18	9	  0.0044206	   0.016510	     96.665	    0.51699	-9.7531e+92	-9.7531e+92	   0.066874	   0.012329	     0.0000	     0.0000	  -0.032509	    0.16720	
18	10	 2.4061e-17	 8.9861e-17	     118.82	    0.24422	-9.7531e+92	-9.7531e+92	 0.00020135	 0.00021147	     0.0000	-0.00068683	-0.00042392	  0.0010600	
18	11	 0.00030545	  0.0011408	     81.269	    0.91620	-9.7531e+92	-9.7531e+92	 0.00085184	  0.0010379	     0.0000	-0.00031265	 -0.0014773	 0.00051895	
18	12	 3.2434e-09	 1.2113e-08	     120.73	    0.22996	-9.7531e+92	-9.7531e+92	 0.00062593	 0.00022369	     0.0000	 -0.0065494	-0.00056251	  0.0086211	
18	13	   0.088100	    0.32903	     87.611	    0.72124	-9.7531e+92	-9.7531e+92	    0.17134	    0.23579	     0.0000	  0.0079531	   -0.65253	  -0.050734	
18	14	   0.081184	    0.30320	     78.249	     1.0276	-9.7531e+92	-9.7531e+92	    0.17534	    0.23438	     0.0000	 0.00023879	   -0.58021	 -0.0021675	
18	15	 0.00024205	 0.00090399	     116.73	    0.26100	-9.7531e+92	-9.7531e+92	   0.034527	  0.0010294	     0.0000	  -0.011626	 -0.0028155	    0.22511	
18	16	 1.1738e-17	 4.3837e-17	     110.59	    0.31898	-9.7531e+92	-9.7531e+92	 0.00012446	 0.00023478	     0.0000	 3.6914e-09	-0.00064173	-2.0797e-08	
18	17	 5.9062e-17	 2.2058e-16	     258.46	   0.011584	-9.7531e+92	-9.7531e+92	  0.0013450	 0.00025017	     0.0000	  -0.038105	-0.00073550	   0.099116	
18	18	     0.0000	     0.0000	     0.0000	     4.0000	-9.7531e+92	-9.7531e+92	     1.9989	     0.0000	     1.6971	     0.0000	     0.0000	     0.0000	
18	19	 2.2511e-05	 8.4072e-05	     118.15	    0.24945	-9.7531e+92	-9.7531e+92	  0.0015063	 0.00028782	     0.0000	  -0.017244	-0.00069531	   0.027284	
18	20	 0.00021794	 0.00081396	     90.275	    0.65310	-9.7531e+92	-9.7531e+92	  0.0049740	 0.00085077	     0.0000	  -0.011485	 -0.0019234	   0.020633	
18	21	    0.20309	    0.75849	     79.511	    0.97945	-9.7531e+92	-9.7531e+92	    0.27309	    0.47135	   0.041742	     0.0000	    -1.3648	   -0.55279	
18	22	 3.2475e-17	 1.2129e-16	     205.13	   0.029065	-9.7531e+92	-9.7531e+92	  0.0010534	 0.00024909	     0.0000	  -0.026897	-0.00070238	   0.077679	
18	23	   0.069784	    0.26063	     36.898	     3.4995	-9.7531e+92	-9.7531e+92	   0.073271	    0.19608	   0.042910	  0.0090314	   -0.39801	   -0.25904	
18	24	 0.00092237	  0.0034448	     74.739	     1.1738	-9.7531e+92	-9.7531e+92	  0.0013518	  0.0027272	 0.00026070	 0.00037719	 -0.0048856	 -0.0025104	
19	0	 0.00031812	 0.00023100	     234.49	   0.017074	-9.7531e+92	-9.7531e+92	   0.010799	 7.2316e-05	     0.0000	  -0.019072	 -0.0039702	    0.64554	
19	1	  0.0026804	  0.0019463	     226.57	   0.019575	-9.7531e+92	-9.7531e+92	  0.0081589	 0.00052243	     0.0000	  -0.026961	  -0.029231	    0.52425	
19	2	  0.0087729	  0.0063703	     139.30	    0.13308	-9.7531e+92	-9.7531e+92	  0.0050749	  0.0014256	     0.0000	   -0.11654	   -0.12116	    0.80109	
19	3	 1.4062e-05	 1.0211e-05	     184.07	   0.044655	-9.7531e+92	-9.7531e+92	  0.0022148	 1.3572e-05	     0.0000	  -0.061738	 -0.0010967	    0.70001	
19	4	   0.033428	   0.024273	     119.82	    0.23665	-9.7531e+92	-9.7531e+92	  0.0097582	  0.0046252	     0.0000	   -0.11964	   -0.45900	     1.0870	
19	5	    0.35301	    0.25634	     64.874	     1.6901	-9.7531e+92	-9.7531e+92	   0.080301	   0.062264	   0.070440	    0.26825	    -4.8556	    -3.7909	
19	6	 0.00037357	 0.00027127	     133.74	    0.15573	-9.7531e+92	-9.7531e+92	  0.0080168	 8.6476e-05	     0.0000	  -0.012663	 -0.0061794	    0.34225	
19	7	 0.00010620	 7.7120e-05	     154.38	   0.089237	-9.7531e+92	-9.7531e+92	   0.011616	 3.2640e-05	     0.0000	-3.1067e-05	 -0.0024013	    0.91808	
19	8	   0.075115	   0.054544	     80.536	    0.94205	-9.7531e+92	-9.7531e+92	   0.032637	   0.013261	   0.029484	    0.10841	    -1.0309	   -0.79235	
19	9	 3.1913e-13	 2.3173e-13	     193.08	   0.036956	-9.7531e+92	-9.7531e+92	  0.0031210	 1.3062e-05	     0.0000	     0.0000	-0.00093382	    0.46612	
19	10	   0.013599	  0.0098750	     85.643	    0.77653	-9.7531e+92	-9.7531e+92	  0.0036666	  0.0023901	  0.0034528	   0.029293	   -0.17888	   -0.14175	
19	11	 7.7013e-07	 5.5922e-07	     108.78	    0.33886	-9.7531e+92	-9.7531e+92	  0.0020397	 1.3352e-05	  0.0016276	 -0.0010124	-0.00096070	  0.0057414	
19	12	    0.21419	    0.15554	     44.530	     3.0689	-9.7531e+92	-9.7531e+92	   0.043137	   0.028117	   0.041741	    0.34279	    -2.1285	    -1.5797	
19	13	  0.0066545	  0.0048321	     184.51	   0.044238	-9.7531e+92	-9.7531e+92	   0.011090	  0.0012565	     0.0000	  -0.037831	  -0.083521	    0.68128	
19	14	  0.0039197	  0.0028463	     166.55	   0.066257	-9.7531e+92	-9.7531e+92	   0.011166	 0.00075097	     0.0000	  -0.031793	  -0.051852	    0.80000	
19	15	  0.0014018	  0.0010179	     131.26	    0.16732	-9.7531e+92	-9.7531e+92	  0.0030300	 0.00027546	     0.0000	  -0.010492	  -0.020727	    0.54573	
19	16	 8.0091e-13	 5.8158e-13	     73.024	     1.2523	-9.7531e+92	-9.7531e+92	 2.4199e-05	 1.3153e-05	     0.0000	 3.6416e-09	-0.00094270	-5.1247e-08	
19	17	 3.8580e-14	 2.8015e-14	     187.53	   0.041480	-9.7531e+92	-9.7531e+92	 0.00081178	 1.2060e-05	     0.0000	  -0.034528	-0.00094266	    0.24481	
19	18	   0.072558	   0.052687	     118.15	    0.24945	-9.7531e+92	-9.7531e+92	   0.038085	   0.013550	     0.0000	 -0.0028163	   -0.98524	   0.090600	
19	19	     0.0000	     0.0000	     0.0000	     4.0000	-9.7531e+92	-9.7531e+92	    0.37488	     0.0000	    0.37052	     0.0000	     0.0000	     0.0000	
19	20	    0.21282	    0.15454	     28.400	     3.8088	-9.7531e+92	-9.7531e+92	   0.054072	   0.024284	   0.050616	    0.19510	    -2.2030	    -1.6282	
19	21	 4.0414e-13	 2.9346e-13	     197.71	   0.033641	-9.7531e+92	-9.7531e+92	  0.0071915	 1.2783e-05	     0.0000	  -0.020170	-0.00092672	    0.68826	
19	22	  0.0010304	 0.00074825	     93.933	    0.57085	-9.7531e+92	-9.7531e+92	 0.00081639	 0.00015364	     0.0000	  -0.011704	  -0.012373	    0.13827	
19	23	 3.6017e-06	 2.6153e-06	     121.29	    0.22600	-9.7531e+92	-9.7531e+92	  0.0042748	 1.4063e-05	     0.0000	 -0.0019333	 -0.0010041	   0.092183	
19	24	 4.2828e-13	 3.1099e-13	     150.08	   0.099629	-9.7531e+92	-9.7531e+92	 8.8959e-05	 1.3535e-05	     0.0000	-0.00016285	-0.00095757	  0.0025883	
20	0	  0.0035880	  0.0029149	     206.61	   0.028245	-9.7531e+92	-9.7531e+92	   0.016846	 0.00095750	     0.0000	  -0.033984	  -0.061228	     1.1019	
20	1	   0.018729	   0.015215	     199.20	   0.032652	-9.7531e+92	-9.7531e+92	   0.013492	  0.0049776	     0.0000	  -0.036897	   -0.32448	    0.68752	
20	2	  0.0012244	 0.00099469	     139.77	    0.13137	-9.7531e+92	-9.7531e+92	  0.0032015	 0.00032597	     0.0000	   -0.24166	  -0.028462	     1.5803	
20	3	 8.7467e-07	 7.1058e-07	     185.64	   0.043179	-9.7531e+92	-9.7531e+92	 0.00089978	 1.7377e-05	     0.0000	   -0.11564	 -0.0014728	     1.2515	
20	4	  0.0017850	  0.0014502	     135.08	    0.14987	-9.7531e+92	-9.7531e+92	  0.0032168	 0.00040885	     0.0000	   -0.30753	  -0.040887	     2.5661	
20	5	    0.23932	    0.19442	     39.691	     3.3571	-9.7531e+92	-9.7531e+92	   0.071208	   0.048926	   0.060176	    0.19838	    -5.0991	    -4.2905	
20	6	  0.0024830	  0.0020171	     111.59	    0.30852	-9.7531e+92	-9.7531e+92	  0.0092569	 0.00069239	     0.0000	  -0.021298	  -0.057394	    0.56962	
20	7	  0.0077315	  0.0062810	     126.68	    0.19164	-9.7531e+92	-9.7531e+92	   0.015835	  0.0020534	     0.0000	-5.2482e-05	   -0.17389	     1.4900	
20	8	    0.22244	    0.18071	     51.987	     2.5582	-9.7531e+92	-9.7531e+92	   0.058328	   0.042491	   0.054800	    0.36913	    -4.3664	    -3.7897	
20	9	 5.2632e-08	 4.2758e-08	     174.09	   0.055651	-9.7531e+92	-9.7531e+92	  0.0043804	 1.8279e-05	     0.0000	     0.0000	 -0.0015009	    0.83342	
20	10	  0.0019689	  0.0015995	     74.457	     1.1864	-9.7531e+92	-9.7531e+92	  0.0016320	 0.00040380	  0.0013929	  0.0050386	  -0.036451	  -0.027301	
20	11	  0.0049435	  0.0040161	     83.734	    0.83452	-9.7531e+92	-9.7531e+92	  0.0037972	  0.0013166	  0.0033362	   0.015161	   -0.11189	  -0.089301	
20	12	   0.085123	   0.069153	     45.010	     3.0379	-9.7531e+92	-9.7531e+92	   0.024843	   0.013818	   0.023282	    0.22290	    -1.4051	    -1.1878	
20	13	  0.0043457	  0.0035305	     165.04	   0.068678	-9.7531e+92	-9.7531e+92	   0.012655	  0.0011609	     0.0000	  -0.072789	  -0.088347	     1.2580	
20	14	   0.012413	   0.010084	     147.73	    0.10597	-9.7531e+92	-9.7531e+92	   0.014643	  0.0033371	     0.0000	  -0.052618	   -0.26104	     1.2713	
20	15	 7.1839e-05	 5.8362e-05	     124.66	    0.20372	-9.7531e+92	-9.7531e+92	  0.0027592	 3.7314e-05	     0.0000	  -0.020063	 -0.0031458	     1.0027	
20	16	 2.7142e-14	 2.2050e-14	     74.477	     1.1855	-9.7531e+92	-9.7531e+92	 2.7073e-05	 1.8481e-05	     0.0000	 6.4340e-09	 -0.0015242	-9.1580e-08	
20	17	 2.8001e-14	 2.2747e-14	     207.02	   0.028026	-9.7531e+92	-9.7531e+92	 0.00028797	 1.8138e-05	     0.0000	  -0.065420	 -0.0015342	    0.43782	
20	18	    0.15232	    0.12374	     90.275	    0.65310	-9.7531e+92	-9.7531e+92	   0.057680	   0.039130	     0.0000	   0.043776	    -3.3246	    -1.3869	
20	19	    0.24104	    0.19582	     28.400	     3.8088	-9.7531e+92	-9.7531e+92	   0.054465	   0.039726	   0.049594	    0.53049	    -4.4446	    -3.8057	
20	20	     0.0000	     0.0000	     0.0000	     4.0000	-9.7531e+92	-9.7531e+92	    0.42525	     0.0000	    0.42138	     0.0000	     0.0000	     0.0000	
20	21	 2.3123e-06	 1.8785e-06	     169.84	   0.061351	-9.7531e+92	-9.7531e+92	   0.010587	 1.8452e-05	     0.0000	  -0.037535	 -0.0015402	     1.2305	
20	22	 9.3334e-06	 7.5824e-06	     116.48	    0.26308	-9.7531e+92	-9.7531e+92	 0.00025539	 1.9181e-05	     0.0000	  -0.038195	 -0.0016799	    0.33299	
20	23	 0.00046147	 0.00037489	     93.058	    0.58941	-9.7531e+92	-9.7531e+92	  0.0066342	 0.00014548	 3.0058e-05	 -0.0030106	  -0.012055	    0.15550	
20	24	 2.4121e-14	 1.9595e-14	     121.85	    0.22210	-9.7531e+92	-9.7531e+92	 0.00013389	 1.8815e-05	     0.0000	-0.00030290	 -0.0015344	  0.0046288	
21	0	   0.083690	    0.20167	     39.458	     3.3697	-9.7531e+92	-9.7531e+92	    0.13016	    0.11737	     0.0000	 0.00026294	    0.66836	  0.0019472	
21	1	    0.15224	    0.36684	     57.297	     2.1839	-9.7531e+92	-9.7531e+92	    0.14332	    0.28469	     0.0000	   0.027909	     2.8906	    0.41621	
21	2	 1.1001e-06	 2.6509e-06	     197.19	   0.033993	-9.7531e+92	-9.7531e+92	   0.023274	 0.00020626	     0.0000	   -0.31151	  0.0016103	   -0.35711	
21	3	 3.9839e-13	 9.5999e-13	     259.71	   0.011362	-9.7531e+92	-9.7531e+92	  0.0046495	 0.00020290	     0.0000	   -0.14682	  0.0016152	   -0.28327	
21	4	 7.5591e-14	 1.8215e-13	     253.96	   0.012424	-9.7531e+92	-9.7531e+92	   0.012856	 0.00017795	     0.0000	   -0.39790	  0.0015794	   -0.57754	
21	5	 0.00019158	 0.00046165	     132.91	    0.15951	-9.7531e+92	-9.7531e+92	   0.011169	 0.00074439	     0.0000	  -0.030280	  0.0060763	  -0.057815	
21	6	   0.015385	   0.037074	     78.899	     1.0025	-9.7531e+92	-9.7531e+92	   0.040536	   0.039118	     0.0000	  -0.015267	    0.37707	  -0.067095	
21	7	   0.080258	    0.19340	     44.967	     3.0407	-9.7531e+92	-9.7531e+92	    0.12904	    0.18602	     0.0000	-2.2291e-06	     1.9541	  -0.010928	
21	8	 2.7389e-05	 6.6000e-05	     132.38	    0.16196	-9.7531e+92	-9.7531e+92	  0.0013189	 0.00027299	     0.0000	  -0.019102	  0.0021930	  -0.018364	
21	9	   0.011238	   0.027079	     83.320	    0.84769	-9.7531e+92	-9.7531e+92	   0.043704	   0.027028	     0.0000	     0.0000	    0.27911	   -0.13219	
21	10	 3.3538e-15	 8.0815e-15	     171.26	   0.059366	-9.7531e+92	-9.7531e+92	 9.8390e-05	 0.00020994	     0.0000	 -0.0015628	  0.0015209	-0.00098175	
21	11	 1.2513e-13	 3.0153e-13	     128.65	    0.18069	-9.7531e+92	-9.7531e+92	 0.00020504	 0.00019759	     0.0000	 -0.0023958	  0.0015723	 -0.0021603	
21	12	 7.2898e-13	 1.7566e-12	     187.39	   0.041605	-9.7531e+92	-9.7531e+92	 0.00019514	 0.00020982	     0.0000	  -0.014769	  0.0015020	 -0.0080009	
21	13	    0.10578	    0.25490	     76.619	     1.0932	-9.7531e+92	-9.7531e+92	    0.11942	    0.26360	     0.0000	   0.040542	     2.4672	    0.13925	
21	14	    0.19386	    0.46714	     101.18	    0.44014	-9.7531e+92	-9.7531e+92	    0.17157	    0.52451	     0.0000	    0.11083	     4.6935	    0.50308	
21	15	 1.8509e-13	 4.4601e-13	     175.65	   0.053734	-9.7531e+92	-9.7531e+92	   0.024208	 0.00019913	     0.0000	  -0.025509	  0.0015342	   -0.21502	
21	16	 8.2087e-14	 1.9781e-13	     180.81	   0.047925	-9.7531e+92	-9.7531e+92	 8.0305e-05	 0.00019989	     0.0000	 8.7527e-09	  0.0016192	 1.9072e-08	
21	17	 7.1905e-13	 1.7327e-12	     326.31	  0.0045671	-9.7531e+92	-9.7531e+92	  0.0011205	 0.00021745	     0.0000	  -0.083205	  0.0014688	  -0.091999	
21	18	    0.35334	    0.85144	     79.511	    0.97945	-9.7531e+92	-9.7531e+92	    0.26845	    0.73265	   0.073682	   0.093331	     8.1978	     1.1545	
21	19	 2.7723e-13	 6.6804e-13	     197.71	   0.033641	-9.7531e+92	-9.7531e+92	 0.00044092	 0.00020717	     0.0000	  -0.040589	  0.0015157	  -0.025615	
21	20	 3.1698e-13	 7.6382e-13	     169.84	   0.061351	-9.7531e+92	-9.7531e+92	 0.00093585	 0.00019986	     0.0000	  -0.028023	  0.0015301	  -0.020283	
21	21	     0.0000	     0.0000	     0.0000	     4.0000	-9.7531e+92	-9.7531e+92	     1.2683	     0.0000	     1.1191	     0.0000	     0.0000	     0.0000	
21	22	 1.2534e-13	 3.0203e-13	     284.69	  0.0078758	-9.7531e+92	-9.7531e+92	 0.00087192	 0.00021873	     0.0000	  -0.058731	  0.0014787	  -0.072399	
21	23	  0.0036375	  0.0087653	     78.648	     1.0121	-9.7531e+92	-9.7531e+92	   0.012973	  0.0097258	     0.0000	 -0.0024381	   0.092803	  -0.019138	
21	24	 0.00035654	 0.00085915	     85.071	    0.79345	-9.7531e+92	-9.7531e+92	 0.00052048	  0.0010757	     0.0000	 0.00016674	   0.010912	 0.00056270	
22	0	 3.4996e-12	 2.0968e-12	     321.47	  0.0048482	-9.7531e+92	-9.7531e+92	  0.0018392	 1.6669e-05	     0.0000	  -0.011098	-7.6286e-05	   0.026890	
22	1	 3.6656e-13	 2.1962e-13	     312.59	  0.0054224	-9.7531e+92	-9.7531e+92	  0.0017094	 1.6919e-05	     0.0000	  -0.016315	-8.5572e-05	   0.024696	
22	2	   0.044146	   0.026450	     161.29	   0.075160	-9.7531e+92	-9.7531e+92	   0.030027	  0.0052822	     0.0000	 -0.0026384	   -0.11550	   0.029357	
22	3	    0.10187	   0.061037	     164.94	   0.068842	-9.7531e+92	-9.7531e+92	   0.040867	   0.014846	  0.0022137	  0.0077839	   -0.28152	  -0.028376	
22	4	    0.64182	    0.38454	     82.638	    0.86986	-9.7531e+92	-9.7531e+92	    0.12636	   0.059120	   0.047215	   0.021340	    -1.5680	   -0.33032	
22	5	  0.0032053	  0.0019205	     151.89	   0.095092	-9.7531e+92	-9.7531e+92	  0.0074829	 0.00086492	     0.0000	 -0.0058993	 -0.0093225	  0.0085778	
22	6	 1.7093e-12	 1.0241e-12	     216.08	   0.023641	-9.7531e+92	-9.7531e+92	  0.0011306	 1.7705e-05	     0.0000	 -0.0074682	-0.00018904	   0.025448	
22	7	 8.2072e-13	 4.9173e-13	     241.36	   0.015218	-9.7531e+92	-9.7531e+92	  0.0023022	 1.6866e-05	     0.0000	-1.8027e-05	-0.00018410	   0.066569	
22	8	 9.9765e-13	 5.9774e-13	     168.70	   0.062994	-9.7531e+92	-9.7531e+92	  0.0031412	 1.7811e-05	 0.00053955	 -0.0047161	-0.00019605	  0.0036499	
22	9	 2.6911e-13	 1.6124e-13	     266.14	   0.010307	-9.7531e+92	-9.7531e+92	 0.00072925	 1.7444e-05	     0.0000	     0.0000	-0.00018709	   0.034066	
22	10	 5.3270e-13	 3.1916e-13	     176.66	   0.052524	-9.7531e+92	-9.7531e+92	 0.00031145	 1.8387e-05	 0.00013508	-0.00038331	-0.00019954	 0.00019753	
22	11	 2.2783e-12	 1.3650e-12	     200.45	   0.031856	-9.7531e+92	-9.7531e+92	 0.00021681	 1.8308e-05	     0.0000	-0.00060254	-0.00019909	 0.00043349	
22	12	 3.4416e-12	 2.0620e-12	     131.16	    0.16782	-9.7531e+92	-9.7531e+92	  0.0035194	 1.7956e-05	  0.0023682	 -0.0036224	-0.00019861	  0.0016050	
22	13	 2.4134e-12	 1.4460e-12	     260.15	   0.011286	-9.7531e+92	-9.7531e+92	  0.0037794	 1.6155e-05	     0.0000	  -0.024063	-0.00014475	   0.046137	
22	14	 0.00056747	 0.00034000	     227.39	   0.019298	-9.7531e+92	-9.7531e+92	  0.0048735	 0.00014926	     0.0000	  -0.019230	 -0.0015618	   0.055240	
22	15	 1.6717e-13	 1.0016e-13	     163.21	   0.071746	-9.7531e+92	-9.7531e+92	  0.0088170	 1.5134e-05	     0.0000	 -0.0062434	-0.00018162	   0.041597	
22	16	 9.4535e-12	 5.6640e-12	     106.73	    0.36321	-9.7531e+92	-9.7531e+92	 1.9967e-05	 1.6908e-05	     0.0000	 2.1187e-09	-0.00014354	-3.9033e-09	
22	17	  0.0070672	  0.0042343	     106.10	    0.37108	-9.7531e+92	-9.7531e+92	   0.011245	  0.0012240	     0.0000	 -0.0047772	 -0.0084505	  0.0027495	
22	18	 5.8090e-05	 3.4805e-05	     205.13	   0.029065	-9.7531e+92	-9.7531e+92	  0.0044541	 3.1493e-05	     0.0000	  -0.015892	-0.00032616	   0.061716	
22	19	    0.17339	    0.10389	     93.933	    0.57085	-9.7531e+92	-9.7531e+92	   0.028680	   0.045571	   0.025088	    0.28068	   -0.50118	   -0.14319	
22	20	   0.027874	   0.016701	     116.48	    0.26308	-9.7531e+92	-9.7531e+92	  0.0086023	  0.0073262	  0.0057508	   0.033883	  -0.081841	  -0.019755	
22	21	 1.0147e-12	 6.0798e-13	     284.69	  0.0078758	-9.7531e+92	-9.7531e+92	  0.0011153	 1.7104e-05	     0.0000	  -0.011689	-0.00018397	   0.049824	
22	22	     0.0000	     0.0000	     0.0000	     4.0000	-9.7531e+92	-9.7531e+92	    0.30737	     0.0000	    0.29728	     0.0000	     0.0000	     0.0000	
22	23	 1.9459e-12	 1.1659e-12	     209.07	   0.026949	-9.7531e+92	-9.7531e+92	 0.00046944	 1.8122e-05	     0.0000	 -0.0011434	-0.00019708	  0.0069204	
22	24	 1.7697e-12	 1.0603e-12	     237.89	   0.016122	-9.7531e+92	-9.7531e+92	 2.8292e-05	 1.8306e-05	     0.0000	-9.4376e-05	-0.00019885	 0.00019506	
23	0	    0.15392	    0.10290	     119.13	    0.24186	-9.7531e+92	-9.7531e+92	   0.046527	   0.044442	     0.0000	   0.020088	    -1.3547	   -0.52322	
23	1	    0.11478	   0.076735	     132.72	    0.16037	-9.7531e+92	-9.7531e+92	   0.034546	   0.034825	     0.0000	   0.024142	    -1.0110	   -0.36198	
23	2	 1.5924e-05	 1.0646e-05	     168.40	   0.063436	-9.7531e+92	-9.7531e+92	  0.0032122	 2.9200e-05	     0.0000	   -0.13912	-0.00094987	    0.74068	
23	3	 4.9084e-14	 3.2814e-14	     228.38	   0.018966	-9.7531e+92	-9.7531e+92	 0.00080473	 2.3732e-05	     0.0000	  -0.065580	-0.00075398	    0.57761	
23	4	 3.2234e-15	 2.1549e-15	     212.30	   0.025355	-9.7531e+92	-9.7531e+92	  0.0018641	 2.0720e-05	     0.0000	   -0.17773	-0.00076893	     1.2012	
23	5	   0.086255	   0.057663	     65.633	     1.6449	-9.7531e+92	-9.7531e+92	   0.017676	   0.028298	  0.0085984	   0.061367	   -0.98905	   -0.66911	
23	6	   0.018016	   0.012044	     73.330	     1.2380	-9.7531e+92	-9.7531e+92	   0.011611	  0.0062240	     0.0000	 -0.0056273	   -0.21186	    0.11914	
23	7	    0.21492	    0.14368	     58.677	     2.0891	-9.7531e+92	-9.7531e+92	   0.053239	   0.069059	     0.0000	 4.6277e-05	    -2.4844	    -1.2123	
23	8	   0.016275	   0.010880	     54.810	     2.3580	-9.7531e+92	-9.7531e+92	  0.0041927	  0.0048823	  0.0012898	   0.015579	   -0.16445	  -0.094351	
23	9	 0.00010525	 7.0364e-05	     121.73	    0.22293	-9.7531e+92	-9.7531e+92	   0.010724	 5.8588e-05	     0.0000	     0.0000	 -0.0020110	    0.38418	
23	10	 1.0396e-05	 6.9497e-06	     95.614	    0.53700	-9.7531e+92	-9.7531e+92	 5.9265e-05	 2.6734e-05	     0.0000	-0.00057093	-0.00085724	  0.0019488	
23	11	  0.0015959	  0.0010669	     53.605	     2.4433	-9.7531e+92	-9.7531e+92	 0.00049353	 0.00043378	 0.00011414	 0.00078957	  -0.010711	 -0.0046833	
23	12	 5.5363e-07	 3.7011e-07	     109.85	    0.32696	-9.7531e+92	-9.7531e+92	 0.00019074	 2.3644e-05	     0.0000	 -0.0061064	-0.00078034	   0.017511	
23	13	   0.060320	   0.040325	     113.01	    0.29441	-9.7531e+92	-9.7531e+92	   0.026370	   0.019652	     0.0000	 -0.0085079	   -0.62493	    0.11921	
23	14	  0.0092226	  0.0061655	     114.84	    0.27739	-9.7531e+92	-9.7531e+92	   0.019653	  0.0031255	     0.0000	  -0.031236	   -0.10074	    0.61304	
23	15	 1.5571e-07	 1.0410e-07	     149.47	    0.10124	-9.7531e+92	-9.7531e+92	  0.0052268	 2.3979e-05	     0.0000	  -0.011394	-0.00079708	    0.46427	
23	16	 1.6304e-14	 1.0899e-14	     136.77	    0.14287	-9.7531e+92	-9.7531e+92	 2.2279e-05	 2.4773e-05	     0.0000	 3.5583e-09	-0.00078455	-4.2404e-08	
23	17	 1.9046e-15	 1.2732e-15	     284.58	  0.0078888	-9.7531e+92	-9.7531e+92	 0.00017388	 2.5253e-05	     0.0000	  -0.037165	-0.00081315	    0.20253	
23	18	    0.22944	    0.15338	     36.898	     3.4995	-9.7531e+92	-9.7531e+92	   0.058793	   0.059528	  0.0047588	   0.021521	    -2.6482	    -1.3509	
23	19	 4.6627e-06	 3.1171e-06	     121.29	    0.22600	-9.7531e+92	-9.7531e+92	 0.00038487	 2.5117e-05	     0.0000	  -0.017340	-0.00084003	   0.055999	
23	20	 0.00012973	 8.6725e-05	     93.058	    0.58941	-9.7531e+92	-9.7531e+92	  0.0014740	 6.6272e-05	     0.0000	  -0.011338	 -0.0022823	   0.043060	
23	21	   0.090870	   0.060748	     78.648	     1.0121	-9.7531e+92	-9.7531e+92	   0.033021	   0.029205	     0.0000	  0.0063553	    -1.0510	   -0.26492	
23	22	 5.4237e-14	 3.6258e-14	     209.07	   0.026949	-9.7531e+92	-9.7531e+92	 0.00013769	 2.5305e-05	     0.0000	  -0.026199	-0.00080796	    0.15885	
23	23	     0.0000	     0.0000	     0.0000	     4.0000	-9.7531e+92	-9.7531e+92	    0.33727	     0.0000	    0.33184	     0.0000	     0.0000	     0.0000	
23	24	  0.0041214	  0.0027552	     40.708	     3.3006	-9.7531e+92	-9.7531e+92	 0.00078068	  0.0012949	 0.00058537	  0.0011165	  -0.039951	  -0.028732	
24	0	    0.24921	    0.11147	     123.34	    0.21210	-9.7531e+92	-9.7531e+92	   0.042182	  0.0026721	  0.0076792	  0.0014942	   -0.43273	   -0.28975	
24	1	    0.10861	   0.048582	     142.19	    0.12292	-9.7531e+92	-9.7531e+92	   0.022944	  0.0012013	     0.0000	 0.00070483	   -0.19262	  -0.078074	
24	2	 4.5084e-13	 2.0167e-13	     210.29	   0.026336	-9.7531e+92	-9.7531e+92	  0.0017830	 8.4389e-07	     0.0000	 -0.0046164	-0.00014473	    0.17161	
24	3	 3.7863e-12	 1.6937e-12	     270.69	  0.0096323	-9.7531e+92	-9.7531e+92	 0.00041972	 8.4877e-07	     0.0000	 -0.0021758	-0.00014314	    0.13416	
24	4	 6.5269e-12	 2.9196e-12	     253.16	   0.012581	-9.7531e+92	-9.7531e+92	  0.0010254	 7.4297e-07	     0.0000	 -0.0058966	-0.00014498	    0.27815	
24	5	  0.0015685	 0.00070163	     106.34	    0.36810	-9.7531e+92	-9.7531e+92	  0.0028822	 2.0916e-05	     0.0000	-0.00039612	 -0.0036175	   0.025669	
24	6	  0.0057585	  0.0025759	     108.13	    0.34637	-9.7531e+92	-9.7531e+92	  0.0056607	 7.4111e-05	     0.0000	-0.00036703	  -0.012866	   0.053697	
24	7	   0.070750	   0.031648	     84.614	    0.80724	-9.7531e+92	-9.7531e+92	   0.021284	 0.00082443	     0.0000	     0.0000	   -0.15463	   0.025470	
24	8	   0.011928	  0.0053356	     77.960	     1.0389	-9.7531e+92	-9.7531e+92	  0.0019159	 0.00015011	     0.0000	 0.00043096	  -0.026532	  -0.016458	
24	9	 0.00011039	 4.9381e-05	     149.07	    0.10229	-9.7531e+92	-9.7531e+92	  0.0069823	 2.2271e-06	     0.0000	     0.0000	-0.00038999	   0.088642	
24	10	 1.4612e-05	 6.5363e-06	     102.71	    0.41717	-9.7531e+92	-9.7531e+92	 6.0320e-05	 1.0679e-06	     0.0000	-1.8253e-05	-0.00017972	 0.00045907	
24	11	   0.013946	  0.0062382	     56.094	     2.2676	-9.7531e+92	-9.7531e+92	  0.0016804	 0.00014256	  0.0014265	 0.00022287	  -0.025407	  -0.023596	
24	12	 4.6686e-12	 2.0884e-12	     132.31	    0.16230	-9.7531e+92	-9.7531e+92	 7.5769e-05	 8.8863e-07	     0.0000	-0.00021191	-0.00014967	  0.0040447	
24	13	   0.014730	  0.0065891	     142.21	    0.12286	-9.7531e+92	-9.7531e+92	   0.012478	 0.00017620	     0.0000	 -0.0011678	  -0.029588	    0.11667	
24	14	  0.0017361	 0.00077657	     150.00	   0.099849	-9.7531e+92	-9.7531e+92	   0.011652	 2.1826e-05	     0.0000	 -0.0011205	 -0.0037411	    0.15867	
24	15	 4.0380e-12	 1.8063e-12	     189.75	   0.039594	-9.7531e+92	-9.7531e+92	  0.0024968	 8.6530e-07	     0.0000	-0.00037803	-0.00014844	    0.10690	
24	16	 1.4439e-12	 6.4586e-13	     177.80	   0.051213	-9.7531e+92	-9.7531e+92	 1.4907e-05	 8.7258e-07	     0.0000	 7.9592e-11	-3.8638e-05	-2.3186e-09	
24	17	 2.0251e-12	 9.0587e-13	     325.25	  0.0046269	-9.7531e+92	-9.7531e+92	 9.8498e-05	 9.0891e-07	     0.0000	 -0.0012330	-0.00015037	   0.046504	
24	18	    0.26398	    0.11808	     74.739	     1.1738	-9.7531e+92	-9.7531e+92	   0.043365	  0.0029214	  0.0072100	  0.0019113	   -0.56779	   -0.38114	
24	19	 2.8914e-12	 1.2934e-12	     150.08	   0.099629	-9.7531e+92	-9.7531e+92	 0.00011042	 8.8453e-07	     0.0000	-0.00059354	-0.00014943	   0.012880	
24	20	 0.00011906	 5.3255e-05	     121.85	    0.22210	-9.7531e+92	-9.7531e+92	 0.00040998	 2.3930e-06	     0.0000	-0.00039451	-0.00041492	  0.0099241	
24	21	    0.11898	   0.053221	     85.071	    0.79345	-9.7531e+92	-9.7531e+92	   0.026288	  0.0014251	     0.0000	 0.00060664	   -0.26017	   -0.12080	
24	22	 1.5328e-12	 6.8567e-13	     237.89	   0.016122	-9.7531e+92	-9.7531e+92	 7.8453e-05	 9.1570e-07	     0.0000	-0.00087005	-0.00015000	   0.036491	
24	23	    0.13857	   0.061986	     40.708	     3.3006	-9.7531e+92	-9.7531e+92	   0.017628	  0.0017022	   0.013991	 0.00088226	   -0.30148	   -0.27611	
24	24	     0.0000	     0.0000	     0.0000	     4.0000	-9.7531e+92	-9.7531e+92	    0.22376	     0.0000	    0.22363	     0.0000	     0.0000	     0.0000	
