#source	Target	value	weight	distance	potential1	geneCorrelation	separation	influenceWeight	betweenness	influence'Weight	betweenness'	nbetweenness	nbetweenness'	
0	0	     0.0000	     0.0000	     0.0000	     4.0000	-9.7531e+92	-9.7531e+92	     5.0911	     0.0000	     4.3416	     0.0000	     0.0000	     0.0000	
0	1	   0.090144	    0.87978	     35.562	     3.5606	-9.7531e+92	-9.7531e+92	    0.43325	   0.049295	     0.0000	     0.0000	    0.63321	     0.0000	
0	2	 1.0647e-12	 1.0391e-11	     211.35	   0.025814	-9.7531e+92	-9.7531e+92	   0.072816	 5.4165e-05	     0.0000	     0.0000	 0.00079644	     0.0000	
0	3	 4.6162e-13	 4.5053e-12	     273.88	  0.0091920	-9.7531e+92	-9.7531e+92	   0.015777	 5.6752e-05	     0.0000	     0.0000	 0.00082009	     0.0000	
0	4	 4.2573e-11	 4.1550e-10	     281.58	  0.0082298	-9.7531e+92	-9.7531e+92	   0.011549	 5.7447e-05	     0.0000	     0.0000	 0.00077501	     0.0000	
0	5	 0.00027892	  0.0027222	     169.69	   0.061568	-9.7531e+92	-9.7531e+92	   0.092360	 0.00029774	     0.0000	     0.0000	  0.0040150	     0.0000	
0	6	  0.0049581	   0.048390	     105.31	    0.38136	-9.7531e+92	-9.7531e+92	    0.14205	  0.0039340	     0.0000	     0.0000	   0.058824	     0.0000	
0	7	   0.024528	    0.23939	     80.265	    0.95180	-9.7531e+92	-9.7531e+92	    0.27078	   0.017858	     0.0000	     0.0000	    0.29135	     0.0000	
0	8	 1.9428e-11	 1.8961e-10	     172.11	   0.058221	-9.7531e+92	-9.7531e+92	  0.0019436	 6.0478e-05	     0.0000	     0.0000	 0.00073773	     0.0000	
0	9	   0.026273	    0.25642	     86.890	    0.74099	-9.7531e+92	-9.7531e+92	    0.26923	   0.017890	     0.0000	     0.0000	    0.31438	     0.0000	
0	10	 6.7517e-12	 6.5895e-11	     210.64	   0.026161	-9.7531e+92	-9.7531e+92	 0.00037349	 6.3113e-05	     0.0000	     0.0000	 0.00071391	     0.0000	
0	11	 5.8422e-11	 5.7019e-10	     167.10	   0.065400	-9.7531e+92	-9.7531e+92	 0.00042964	 6.1279e-05	     0.0000	     0.0000	 0.00074113	     0.0000	
0	12	 1.9492e-13	 1.9024e-12	     226.76	   0.019512	-9.7531e+92	-9.7531e+92	 0.00048440	 6.2859e-05	     0.0000	     0.0000	 0.00071053	     0.0000	
0	13	    0.63265	     6.1745	     86.013	    0.76580	-9.7531e+92	-9.7531e+92	     1.7691	    0.37786	    0.53793	     0.0000	     5.4881	     0.0000	
0	14	   0.061740	    0.60257	     114.85	    0.27729	-9.7531e+92	-9.7531e+92	    0.50087	   0.038040	     0.0000	     0.0000	    0.54357	     0.0000	
0	15	 1.2290e-11	 1.1995e-10	     189.51	   0.039789	-9.7531e+92	-9.7531e+92	   0.067621	 5.5214e-05	     0.0000	     0.0000	 0.00076268	     0.0000	
0	16	 9.0216e-12	 8.8049e-11	     217.18	   0.023165	-9.7531e+92	-9.7531e+92	 0.00032525	 5.6605e-05	     0.0000	     0.0000	 0.00086556	     0.0000	
0	17	 2.4658e-11	 2.4066e-10	     353.56	  0.0033150	-9.7531e+92	-9.7531e+92	 0.00055441	 6.3745e-05	     0.0000	     0.0000	 0.00070540	     0.0000	
0	18	   0.023771	    0.23200	     116.29	    0.26473	-9.7531e+92	-9.7531e+92	    0.37926	   0.017806	     0.0000	     0.0000	    0.27548	     0.0000	
0	19	 1.3761e-11	 1.3430e-10	     234.49	   0.017074	-9.7531e+92	-9.7531e+92	 0.00069899	 6.1583e-05	     0.0000	     0.0000	 0.00072356	     0.0000	
0	20	 3.1129e-11	 3.0382e-10	     206.61	   0.028245	-9.7531e+92	-9.7531e+92	  0.0010053	 6.0573e-05	     0.0000	     0.0000	 0.00072859	     0.0000	
0	21	    0.13500	     1.3176	     39.458	     3.3697	-9.7531e+92	-9.7531e+92	    0.62370	   0.093250	     0.0000	     0.0000	     1.6102	     0.0000	
0	22	 2.6173e-11	 2.5544e-10	     321.47	  0.0048482	-9.7531e+92	-9.7531e+92	  0.0011880	 6.2874e-05	     0.0000	     0.0000	 0.00071059	     0.0000	
0	23	 0.00065241	  0.0063674	     119.13	    0.24186	-9.7531e+92	-9.7531e+92	   0.011687	 0.00061543	     0.0000	     0.0000	  0.0084227	     0.0000	
0	24	 3.6200e-12	 3.5330e-11	     123.34	    0.21210	-9.7531e+92	-9.7531e+92	 0.00070552	 5.4887e-05	     0.0000	     0.0000	 0.00083909	     0.0000	
1	0	    0.12270	     1.1766	     35.562	     3.5606	-9.7531e+92	-9.7531e+92	    0.49083	   0.077615	     0.0000	     0.0000	    0.99654	     0.0000	
1	1	     0.0000	     0.0000	     0.0000	     4.0000	-9.7531e+92	-9.7531e+92	     5.0376	     0.0000	     4.1879	     0.0000	     0.0000	     0.0000	
1	2	  0.0015013	   0.014397	     184.62	   0.044134	-9.7531e+92	-9.7531e+92	   0.046308	  0.0013813	     0.0000	     0.0000	   0.017776	     0.0000	
1	3	 4.3614e-14	 4.1823e-13	     244.14	   0.014539	-9.7531e+92	-9.7531e+92	  0.0095570	 6.1904e-05	     0.0000	     0.0000	 0.00078728	     0.0000	
1	4	 2.3531e-14	 2.2564e-13	     272.02	  0.0094459	-9.7531e+92	-9.7531e+92	  0.0073755	 6.2590e-05	     0.0000	     0.0000	 0.00073681	     0.0000	
1	5	  0.0022863	   0.021924	     161.91	   0.074033	-9.7531e+92	-9.7531e+92	    0.12724	  0.0020666	     0.0000	     0.0000	   0.025930	     0.0000	
1	6	   0.028187	    0.27029	     96.519	    0.51972	-9.7531e+92	-9.7531e+92	    0.19062	   0.022896	     0.0000	     0.0000	    0.32008	     0.0000	
1	7	    0.12505	     1.1991	     75.481	     1.1413	-9.7531e+92	-9.7531e+92	    0.50016	   0.094478	     0.0000	     0.0000	     1.4370	     0.0000	
1	8	 1.7374e-13	 1.6661e-12	     184.58	   0.044171	-9.7531e+92	-9.7531e+92	  0.0023725	 6.3771e-05	     0.0000	     0.0000	 0.00070859	     0.0000	
1	9	   0.078570	    0.75343	     55.376	     2.3181	-9.7531e+92	-9.7531e+92	    0.30590	   0.056427	     0.0000	     0.0000	    0.90283	     0.0000	
1	10	 3.5474e-14	 3.4017e-13	     228.04	   0.019080	-9.7531e+92	-9.7531e+92	 0.00037093	 6.7535e-05	     0.0000	     0.0000	 0.00067756	     0.0000	
1	11	 2.3112e-13	 2.2163e-12	     185.20	   0.043588	-9.7531e+92	-9.7531e+92	 0.00045477	 6.5848e-05	     0.0000	     0.0000	 0.00069328	     0.0000	
1	12	 3.5478e-14	 3.4021e-13	     231.78	   0.017881	-9.7531e+92	-9.7531e+92	 0.00049031	 6.7381e-05	     0.0000	     0.0000	 0.00067324	     0.0000	
1	13	    0.20284	     1.9451	     57.043	     2.2015	-9.7531e+92	-9.7531e+92	    0.81317	    0.13301	     0.0000	     0.0000	     1.6969	     0.0000	
1	14	    0.15427	     1.4794	     88.839	    0.68891	-9.7531e+92	-9.7531e+92	    0.70317	    0.11382	     0.0000	     0.0000	     1.5215	     0.0000	
1	15	 2.6744e-06	 2.5645e-05	     167.83	   0.064291	-9.7531e+92	-9.7531e+92	   0.035573	 6.3277e-05	     0.0000	     0.0000	 0.00074974	     0.0000	
1	16	 4.8648e-13	 4.6650e-12	     207.46	   0.027791	-9.7531e+92	-9.7531e+92	 0.00031957	 6.4125e-05	     0.0000	     0.0000	 0.00072847	     0.0000	
1	17	 4.8622e-14	 4.6625e-13	     342.57	  0.0037606	-9.7531e+92	-9.7531e+92	 0.00047217	 6.9446e-05	     0.0000	     0.0000	 0.00065853	     0.0000	
1	18	    0.13537	     1.2981	     111.77	    0.30668	-9.7531e+92	-9.7531e+92	    0.59236	   0.099393	     0.0000	     0.0000	     1.3302	     0.0000	
1	19	 1.6270e-13	 1.5602e-12	     226.57	   0.019575	-9.7531e+92	-9.7531e+92	 0.00069186	 6.5668e-05	     0.0000	     0.0000	 0.00068896	     0.0000	
1	20	 3.8687e-14	 3.7098e-13	     199.20	   0.032652	-9.7531e+92	-9.7531e+92	  0.0011686	 6.4543e-05	     0.0000	     0.0000	 0.00069442	     0.0000	
1	21	    0.14911	     1.4298	     57.297	     2.1839	-9.7531e+92	-9.7531e+92	    0.70638	    0.11309	     0.0000	     0.0000	     1.7020	     0.0000	
1	22	 3.9777e-14	 3.8143e-13	     312.59	  0.0054224	-9.7531e+92	-9.7531e+92	 0.00087880	 6.8173e-05	     0.0000	     0.0000	 0.00066671	     0.0000	
1	23	 0.00011318	  0.0010853	     132.72	    0.16037	-9.7531e+92	-9.7531e+92	   0.013927	 0.00016628	     0.0000	     0.0000	  0.0019716	     0.0000	
1	24	 5.6635e-14	 5.4309e-13	     142.19	    0.12292	-9.7531e+92	-9.7531e+92	 0.00087152	 6.0539e-05	     0.0000	     0.0000	 0.00075954	     0.0000	
2	0	 0.00056398	  0.0020545	     211.35	   0.025814	-9.7531e+92	-9.7531e+92	   0.046246	 0.00038132	     0.0000	   -0.24757	  0.0010008	   0.037848	
2	1	   0.020208	   0.073614	     184.62	   0.044134	-9.7531e+92	-9.7531e+92	   0.060711	   0.012837	     0.0000	     0.0000	   0.039732	   0.037740	
2	2	     0.0000	     0.0000	     0.0000	     4.0000	-9.7531e+92	-9.7531e+92	     1.9422	     0.0000	     1.8584	     0.0000	     0.0000	     0.0000	
2	3	    0.19694	    0.71742	     63.167	     1.7950	-9.7531e+92	-9.7531e+92	    0.24545	   0.055381	    0.20679	    0.42102	   -0.87774	    -1.0713	
2	4	    0.20904	    0.76152	     91.235	    0.63030	-9.7531e+92	-9.7531e+92	    0.24824	   0.071090	    0.21369	    0.95479	   -0.10789	   -0.47593	
2	5	   0.010133	   0.036912	     120.45	    0.23204	-9.7531e+92	-9.7531e+92	   0.055571	  0.0070960	     0.0000	   -0.31500	  -0.010723	    0.11793	
2	6	   0.010122	   0.036872	     118.53	    0.24644	-9.7531e+92	-9.7531e+92	   0.036067	  0.0069272	     0.0000	  -0.022777	  -0.013595	    0.10411	
2	7	 4.4666e-05	 0.00016271	     153.12	   0.092143	-9.7531e+92	-9.7531e+92	   0.052515	 7.3605e-05	     0.0000	     0.0000	-0.00014964	    0.25087	
2	8	 5.4232e-14	 1.9756e-13	     174.51	   0.055125	-9.7531e+92	-9.7531e+92	 0.00080399	 4.6963e-05	     0.0000	  -0.014796	-0.00012284	  0.0055638	
2	9	 0.00090679	  0.0033033	     133.64	    0.15619	-9.7531e+92	-9.7531e+92	   0.032606	 0.00064447	     0.0000	  -0.019659	 -0.0012131	    0.12404	
2	10	 7.4692e-14	 2.7210e-13	     213.20	   0.024934	-9.7531e+92	-9.7531e+92	 0.00015081	 4.7857e-05	     0.0000	-0.00088642	-0.00014422	 0.00021571	
2	11	 1.5080e-14	 5.4936e-14	     197.83	   0.033565	-9.7531e+92	-9.7531e+92	 0.00015799	 4.7793e-05	     0.0000	 -0.0011350	-0.00014195	 0.00039082	
2	12	 1.1122e-14	 4.0517e-14	     181.48	   0.047226	-9.7531e+92	-9.7531e+92	 0.00040059	 4.7297e-05	     0.0000	 -0.0045820	-0.00014167	 0.00099851	
2	13	    0.16014	    0.58337	     127.66	    0.18612	-9.7531e+92	-9.7531e+92	    0.22971	   0.085918	     0.0000	   0.028944	  -0.087872	  -0.012631	
2	14	    0.19467	    0.70916	     97.273	    0.50580	-9.7531e+92	-9.7531e+92	    0.27882	    0.12027	     0.0000	   0.050237	 -0.0081851	  -0.089639	
2	15	    0.18469	    0.67281	     21.827	     3.9312	-9.7531e+92	-9.7531e+92	    0.23811	   0.089360	    0.17313	    0.23871	   0.066653	   -0.29954	
2	16	 3.2695e-15	 1.1910e-14	     68.097	     1.5042	-9.7531e+92	-9.7531e+92	 0.00012140	 4.4809e-05	     0.0000	 2.8591e-08	-7.5314e-05	-1.6188e-08	
2	17	 3.2184e-14	 1.1724e-13	     160.64	   0.076357	-9.7531e+92	-9.7531e+92	  0.0046629	 3.2302e-05	  0.0031217	 -0.0040279	 0.00014060	 0.00016180	
2	18	   0.012533	   0.045657	     137.27	    0.14087	-9.7531e+92	-9.7531e+92	   0.090335	  0.0082480	     0.0000	   -0.29184	 -0.0015802	    0.25999	
2	19	 3.0814e-07	 1.1225e-06	     139.30	    0.13308	-9.7531e+92	-9.7531e+92	  0.0027248	 4.6055e-05	     0.0000	 -0.0095142	-0.00011639	  0.0025661	
2	20	 6.1180e-06	 2.2287e-05	     139.77	    0.13137	-9.7531e+92	-9.7531e+92	 0.00097449	 5.0130e-05	     0.0000	  -0.011312	-0.00013109	  0.0032898	
2	21	 4.2598e-14	 1.5518e-13	     197.19	   0.033993	-9.7531e+92	-9.7531e+92	   0.055431	 4.2956e-05	     0.0000	   -0.16257	-9.0342e-05	    0.43552	
2	22	 3.0804e-14	 1.1222e-13	     161.29	   0.075160	-9.7531e+92	-9.7531e+92	   0.018164	 3.6270e-05	   0.012829	  -0.016368	 3.8431e-05	  0.0027045	
2	23	 1.7877e-14	 6.5123e-14	     168.40	   0.063436	-9.7531e+92	-9.7531e+92	  0.0022135	 4.6953e-05	     0.0000	  -0.011308	-0.00012912	   0.019535	
2	24	 7.5488e-15	 2.7499e-14	     210.29	   0.026336	-9.7531e+92	-9.7531e+92	 0.00018600	 4.7140e-05	     0.0000	-0.00062882	-0.00013767	 0.00079900	
3	0	 1.5224e-10	 6.4220e-10	     273.88	  0.0091920	-9.7531e+92	-9.7531e+92	   0.034652	 2.2519e-05	     0.0000	   -0.17940	-0.00033973	    0.35800	
3	1	  0.0039358	   0.016603	     244.14	   0.014539	-9.7531e+92	-9.7531e+92	   0.040486	  0.0013715	     0.0000	     0.0000	  -0.020197	    0.39937	
3	2	    0.34578	     1.4586	     63.167	     1.7950	-9.7531e+92	-9.7531e+92	    0.49752	   0.059540	    0.40051	    0.54584	    -3.0461	    -2.5494	
3	3	     0.0000	     0.0000	     0.0000	     4.0000	-9.7531e+92	-9.7531e+92	     2.2409	     0.0000	     2.1962	     0.0000	     0.0000	     0.0000	
3	4	    0.29948	     1.2633	     82.606	    0.87092	-9.7531e+92	-9.7531e+92	    0.40051	   0.046131	    0.36051	     1.0000	    -2.1863	    -1.9105	
3	5	  0.0040408	   0.017046	     167.87	   0.064235	-9.7531e+92	-9.7531e+92	   0.045612	  0.0014891	     0.0000	   -0.25963	  -0.031522	    0.33138	
3	6	 2.3001e-10	 9.7027e-10	     180.81	   0.047921	-9.7531e+92	-9.7531e+92	   0.023006	 2.3954e-05	     0.0000	  -0.021205	-0.00052841	    0.31698	
3	7	 5.8831e-10	 2.4818e-09	     215.68	   0.023812	-9.7531e+92	-9.7531e+92	   0.039586	 2.3343e-05	     0.0000	     0.0000	-0.00052894	    0.58969	
3	8	 7.5026e-11	 3.1649e-10	     221.29	   0.021502	-9.7531e+92	-9.7531e+92	 0.00088060	 2.4369e-05	     0.0000	  -0.010643	-0.00055273	   0.012404	
3	9	 4.6669e-11	 1.9687e-10	     191.41	   0.038254	-9.7531e+92	-9.7531e+92	   0.023872	 2.3589e-05	     0.0000	  -0.014450	-0.00052449	    0.30086	
3	10	 5.0855e-10	 2.1453e-09	     258.79	   0.011525	-9.7531e+92	-9.7531e+92	 0.00017878	 2.4734e-05	     0.0000	-0.00063764	-0.00056825	 0.00046622	
3	11	 1.4982e-10	 6.3200e-10	     244.71	   0.014404	-9.7531e+92	-9.7531e+92	 0.00017758	 2.4765e-05	     0.0000	-0.00081644	-0.00056673	 0.00084734	
3	12	 1.4639e-10	 6.1754e-10	     227.10	   0.019395	-9.7531e+92	-9.7531e+92	 0.00055776	 2.4432e-05	     0.0000	 -0.0032960	-0.00056643	  0.0021643	
3	13	   0.058785	    0.24798	     188.65	   0.040519	-9.7531e+92	-9.7531e+92	    0.17040	   0.018437	     0.0000	  -0.041390	   -0.32034	    0.30640	
3	14	   0.074127	    0.31270	     161.01	   0.075671	-9.7531e+92	-9.7531e+92	    0.21795	   0.025088	     0.0000	  -0.044688	   -0.47659	    0.38613	
3	15	    0.21219	    0.89509	     84.108	    0.82281	-9.7531e+92	-9.7531e+92	    0.32903	   0.052988	    0.25378	    0.25829	    -1.4043	    -1.1764	
3	16	 3.7374e-11	 1.5766e-10	     111.94	    0.30495	-9.7531e+92	-9.7531e+92	 0.00014058	 2.3446e-05	     0.0000	 2.0286e-08	-0.00053540	-3.4609e-08	
3	17	 2.2017e-11	 9.2879e-11	     122.41	    0.21829	-9.7531e+92	-9.7531e+92	  0.0074649	 1.4553e-05	  0.0056802	 -0.0025136	-0.00022317	  0.0010662	
3	18	  0.0016695	  0.0070427	     199.21	   0.032649	-9.7531e+92	-9.7531e+92	   0.067295	 0.00059900	     0.0000	   -0.22920	  -0.012034	    0.81581	
3	19	 3.1022e-10	 1.3087e-09	     184.07	   0.044655	-9.7531e+92	-9.7531e+92	  0.0042690	 2.3715e-05	 0.00079554	 -0.0068373	-0.00055025	  0.0056626	
3	20	 4.1575e-11	 1.7538e-10	     185.64	   0.043179	-9.7531e+92	-9.7531e+92	  0.0012935	 2.3872e-05	     0.0000	 -0.0081880	-0.00055416	  0.0073306	
3	21	 1.6859e-10	 7.1117e-10	     259.71	   0.011362	-9.7531e+92	-9.7531e+92	   0.041026	 2.2894e-05	     0.0000	   -0.11695	-0.00053074	     1.0179	
3	22	 4.2543e-11	 1.7946e-10	     164.94	   0.068842	-9.7531e+92	-9.7531e+92	   0.029246	 1.7272e-05	   0.023069	  -0.010649	-0.00036928	  0.0072073	
3	23	 3.4568e-11	 1.4582e-10	     228.38	   0.018966	-9.7531e+92	-9.7531e+92	  0.0017178	 2.4536e-05	     0.0000	 -0.0081347	-0.00055893	   0.042958	
3	24	 7.7238e-10	 3.2582e-09	     270.69	  0.0096323	-9.7531e+92	-9.7531e+92	 0.00018978	 2.4668e-05	     0.0000	-0.00045234	-0.00056578	  0.0017328	
4	0	 8.9736e-13	 2.2299e-12	     281.58	  0.0082298	-9.7531e+92	-9.7531e+92	   0.014484	 2.9311e-05	     0.0000	   -0.24831	-0.00070786	    0.76016	
4	1	 6.7964e-13	 1.6889e-12	     272.02	  0.0094459	-9.7531e+92	-9.7531e+92	   0.016994	 2.9480e-05	     0.0000	     0.0000	-0.00070943	    0.88460	
4	2	    0.32294	    0.80249	     91.235	    0.63030	-9.7531e+92	-9.7531e+92	    0.28240	   0.078738	    0.22525	    0.84803	    -4.9498	    -4.2305	
4	3	    0.25324	    0.62928	     82.606	    0.87092	-9.7531e+92	-9.7531e+92	    0.22251	   0.042019	    0.19613	    0.76850	    -4.2775	    -3.7814	
4	4	     0.0000	     0.0000	     0.0000	     4.0000	-9.7531e+92	-9.7531e+92	     1.3395	     0.0000	     1.3159	     0.0000	     0.0000	     0.0000	
4	5	   0.013255	   0.032937	     147.08	    0.10778	-9.7531e+92	-9.7531e+92	   0.031847	  0.0061576	     0.0000	   -0.29020	   -0.19284	    0.51698	
4	6	 2.2778e-12	 5.6603e-12	     179.35	   0.049487	-9.7531e+92	-9.7531e+92	   0.010366	 3.0658e-05	     0.0000	  -0.029351	-0.00098988	    0.60884	
4	7	 3.8045e-13	 9.4540e-13	     209.16	   0.026904	-9.7531e+92	-9.7531e+92	   0.016710	 2.9902e-05	     0.0000	     0.0000	-0.00099065	     1.1324	
4	8	 3.2568e-12	 8.0930e-12	     186.41	   0.042479	-9.7531e+92	-9.7531e+92	  0.0014026	 3.1010e-05	     0.0000	  -0.014727	 -0.0010238	   0.023640	
4	9	 8.4026e-13	 2.0880e-12	     223.28	   0.020749	-9.7531e+92	-9.7531e+92	  0.0097143	 3.0293e-05	     0.0000	  -0.020001	-0.00098436	    0.57862	
4	10	 5.1822e-14	 1.2877e-13	     204.61	   0.029363	-9.7531e+92	-9.7531e+92	 0.00015903	 3.1431e-05	     0.0000	-0.00088231	 -0.0010452	 0.00088436	
4	11	 2.6429e-12	 6.5674e-12	     218.09	   0.022784	-9.7531e+92	-9.7531e+92	 0.00012732	 3.1524e-05	     0.0000	 -0.0011300	 -0.0010442	  0.0016081	
4	12	 8.7168e-14	 2.1661e-13	     165.11	   0.068567	-9.7531e+92	-9.7531e+92	  0.0013148	 3.1006e-05	 0.00044043	 -0.0045593	 -0.0010412	  0.0041072	
4	13	   0.011760	   0.029223	     217.30	   0.023117	-9.7531e+92	-9.7531e+92	   0.067675	  0.0048953	     0.0000	  -0.098537	   -0.12701	     1.1118	
4	14	   0.016109	   0.040030	     184.55	   0.044193	-9.7531e+92	-9.7531e+92	   0.089842	  0.0070531	     0.0000	   -0.11570	   -0.20352	     1.4507	
4	15	    0.19619	    0.48751	     106.18	    0.37015	-9.7531e+92	-9.7531e+92	    0.18346	   0.073329	    0.13913	    0.60407	    -2.8226	    -2.3999	
4	16	 1.6732e-13	 4.1577e-13	     75.439	     1.1432	-9.7531e+92	-9.7531e+92	 8.2812e-05	 2.9271e-05	     0.0000	 2.5126e-08	-0.00096334	-6.1085e-08	
4	17	   0.036345	   0.090316	     73.525	     1.2289	-9.7531e+92	-9.7531e+92	   0.024557	  0.0077350	   0.023506	    0.22566	   -0.20108	   -0.17164	
4	18	  0.0018065	  0.0044889	     186.18	   0.042684	-9.7531e+92	-9.7531e+92	   0.036603	 0.00082651	     0.0000	   -0.31690	  -0.025102	     1.6053	
4	19	  0.0034397	  0.0085473	     119.82	    0.23665	-9.7531e+92	-9.7531e+92	   0.013590	  0.0015450	   0.011544	   0.032864	  -0.051926	  -0.037545	
4	20	 0.00024594	 0.00061114	     135.08	    0.14987	-9.7531e+92	-9.7531e+92	  0.0032168	 0.00014160	 0.00060922	 -0.0084855	 -0.0047848	   0.010470	
4	21	 4.5870e-13	 1.1399e-12	     253.96	   0.012424	-9.7531e+92	-9.7531e+92	   0.019703	 2.9359e-05	     0.0000	   -0.16187	-0.00099345	     1.9534	
4	22	    0.14467	    0.35950	     82.638	    0.86986	-9.7531e+92	-9.7531e+92	   0.097398	   0.037493	   0.093759	    0.98238	    -1.1608	    -1.0379	
4	23	 1.2803e-12	 3.1815e-12	     212.30	   0.025355	-9.7531e+92	-9.7531e+92	 0.00093154	 3.1317e-05	     0.0000	  -0.011259	 -0.0010337	   0.081701	
4	24	 1.2124e-12	 3.0127e-12	     253.16	   0.012581	-9.7531e+92	-9.7531e+92	 0.00010770	 3.1498e-05	     0.0000	-0.00062609	 -0.0010436	  0.0032887	
5	0	 4.1077e-05	 0.00010426	     169.69	   0.061568	-9.7531e+92	-9.7531e+92	   0.032151	 7.4647e-05	     0.0000	  -0.087148	 -0.0016078	    0.45845	
5	1	 7.3000e-05	 0.00018529	     161.91	   0.074033	-9.7531e+92	-9.7531e+92	   0.065612	 9.2966e-05	     0.0000	     0.0000	 -0.0021875	    0.53218	
5	2	 0.00019935	 0.00050601	     120.45	    0.23204	-9.7531e+92	-9.7531e+92	  0.0039598	 0.00018306	     0.0000	  -0.078432	 -0.0051260	    0.16569	
5	3	 5.5295e-07	 1.4035e-06	     167.87	   0.064235	-9.7531e+92	-9.7531e+92	 0.00088745	 4.8155e-05	     0.0000	  -0.053834	 -0.0012648	   0.075576	
5	4	 6.9504e-07	 1.7642e-06	     147.08	    0.10778	-9.7531e+92	-9.7531e+92	 0.00076679	 4.8104e-05	     0.0000	  -0.053782	 -0.0013437	   0.070969	
5	5	     0.0000	     0.0000	     0.0000	     4.0000	-9.7531e+92	-9.7531e+92	     1.2976	     0.0000	     1.1658	     0.0000	     0.0000	     0.0000	
5	6	  0.0068864	   0.017480	     72.218	     1.2908	-9.7531e+92	-9.7531e+92	   0.032420	  0.0042934	     0.0000	     0.0000	   -0.13393	    0.27935	
5	7	  0.0010593	  0.0026888	     89.752	    0.66590	-9.7531e+92	-9.7531e+92	   0.046442	 0.00080257	     0.0000	     0.0000	  -0.022800	    0.62516	
5	8	  0.0053491	   0.013578	     54.235	     2.3987	-9.7531e+92	-9.7531e+92	  0.0053675	  0.0032225	 0.00095555	  0.0060128	  -0.093761	  -0.021938	
5	9	 1.3935e-06	 3.5370e-06	     134.70	    0.15149	-9.7531e+92	-9.7531e+92	   0.011882	 4.9398e-05	     0.0000	 -0.0064487	 -0.0013745	    0.32395	
5	10	 6.8697e-08	 1.7437e-07	     93.726	    0.57518	-9.7531e+92	-9.7531e+92	 0.00015239	 4.5955e-05	     0.0000	-0.00025391	 -0.0012192	 0.00044261	
5	11	 0.00012267	 0.00031136	     77.490	     1.0576	-9.7531e+92	-9.7531e+92	 0.00033071	 0.00012670	     0.0000	 2.8469e-05	 -0.0033680	-7.2547e-05	
5	12	 3.5817e-06	 9.0914e-06	     80.590	    0.94012	-9.7531e+92	-9.7531e+92	 0.00047793	 4.8066e-05	     0.0000	 -0.0012878	 -0.0013063	  0.0021195	
5	13	  0.0059803	   0.015180	     125.66	    0.19761	-9.7531e+92	-9.7531e+92	   0.052239	  0.0039360	     0.0000	  -0.036479	  -0.093253	    0.70827	
5	14	  0.0060402	   0.015332	     108.09	    0.34690	-9.7531e+92	-9.7531e+92	   0.088232	  0.0029544	     0.0000	     0.0000	   -0.13529	     1.0821	
5	15	 1.6067e-05	 4.0781e-05	     104.94	    0.38615	-9.7531e+92	-9.7531e+92	  0.0027976	 5.7794e-05	     0.0000	  -0.040601	 -0.0016753	    0.13711	
5	16	 2.1693e-15	 5.5064e-15	     71.546	     1.3237	-9.7531e+92	-9.7531e+92	 8.4590e-05	 5.1818e-05	     0.0000	 1.0132e-08	 -0.0013882	-3.5832e-08	
5	17	 2.4431e-15	 6.2012e-15	     219.60	   0.022168	-9.7531e+92	-9.7531e+92	 0.00010333	 5.3719e-05	     0.0000	 -0.0026140	 -0.0014370	  0.0028449	
5	18	    0.96471	     2.4487	     53.346	     2.4617	-9.7531e+92	-9.7531e+92	    0.65358	    0.64339	    0.32167	    0.71866	    -18.362	    -5.9177	
5	19	 0.00072125	  0.0018307	     64.874	     1.6901	-9.7531e+92	-9.7531e+92	  0.0013614	 0.00045568	     0.0000	-8.6903e-05	  -0.012977	 0.00019242	
5	20	  0.0063758	   0.016184	     39.691	     3.3571	-9.7531e+92	-9.7531e+92	  0.0049863	  0.0038266	  0.0023228	   0.012439	   -0.11120	  -0.032270	
5	21	 7.5780e-07	 1.9235e-06	     132.91	    0.15951	-9.7531e+92	-9.7531e+92	    0.22294	 4.3877e-05	     0.0000	  -0.035738	 -0.0013588	     1.0917	
5	22	 3.0804e-16	 7.8190e-16	     151.89	   0.095092	-9.7531e+92	-9.7531e+92	 0.00014817	 4.9059e-05	     0.0000	 -0.0083453	 -0.0013308	   0.011110	
5	23	  0.0024149	  0.0061296	     65.633	     1.6449	-9.7531e+92	-9.7531e+92	   0.013188	  0.0017663	     0.0000	 -0.0019430	  -0.048506	   0.026242	
5	24	 1.0488e-08	 2.6621e-08	     106.34	    0.36810	-9.7531e+92	-9.7531e+92	 0.00036716	 5.1730e-05	     0.0000	-0.00021270	 -0.0014071	  0.0018209	
6	0	   0.064688	    0.12305	     105.31	    0.38136	-9.7531e+92	-9.7531e+92	   0.064449	   0.029067	     0.0000	-0.00086586	    0.42985	 0.00093413	
6	1	    0.12303	    0.23404	     96.519	    0.51972	-9.7531e+92	-9.7531e+92	   0.098750	   0.053879	     0.0000	     0.0000	    0.70999	 -0.0026833	
6	2	 0.00083441	  0.0015873	     118.53	    0.24644	-9.7531e+92	-9.7531e+92	  0.0067018	 0.00047615	     0.0000	 -0.0047833	  0.0060697	  0.0027844	
6	3	 4.3411e-06	 8.2580e-06	     180.81	   0.047921	-9.7531e+92	-9.7531e+92	  0.0014417	 3.9408e-05	     0.0000	 -0.0033765	 0.00049455	  0.0012798	
6	4	 6.6861e-08	 1.2719e-07	     179.35	   0.049487	-9.7531e+92	-9.7531e+92	  0.0011116	 3.7344e-05	     0.0000	 -0.0033843	 0.00043897	  0.0012740	
6	5	    0.21045	    0.40033	     72.218	     1.2908	-9.7531e+92	-9.7531e+92	    0.12013	    0.11576	   0.021394	   0.026208	     1.3952	  -0.021343	
6	6	     0.0000	     0.0000	     0.0000	     4.0000	-9.7531e+92	-9.7531e+92	    0.97304	     0.0000	    0.88837	     0.0000	     0.0000	     0.0000	
6	7	    0.17664	    0.33602	     34.871	     3.5904	-9.7531e+92	-9.7531e+92	    0.11839	   0.086014	     0.0000	     0.0000	     1.2386	  -0.013136	
6	8	 0.00012672	 0.00024105	     109.28	    0.33318	-9.7531e+92	-9.7531e+92	 0.00094221	 0.00011279	     0.0000	-0.00029997	  0.0012365	 0.00022766	
6	9	   0.019534	   0.037160	     62.827	     1.8164	-9.7531e+92	-9.7531e+92	   0.028829	  0.0086729	     0.0000	     0.0000	    0.14296	     0.0000	
6	10	 1.4214e-16	 2.7039e-16	     153.37	   0.091543	-9.7531e+92	-9.7531e+92	 7.8414e-05	 4.0800e-05	     0.0000	-1.9442e-05	 0.00040736	 9.3224e-06	
6	11	 1.5369e-08	 2.9237e-08	     117.04	    0.25846	-9.7531e+92	-9.7531e+92	 0.00010936	 4.0050e-05	     0.0000	-2.4891e-05	 0.00041814	 1.6929e-05	
6	12	 2.8316e-16	 5.3866e-16	     152.49	   0.093630	-9.7531e+92	-9.7531e+92	 0.00012604	 4.0547e-05	     0.0000	-0.00010050	 0.00040601	 4.3248e-05	
6	13	    0.12061	    0.22944	     53.773	     2.4314	-9.7531e+92	-9.7531e+92	    0.11164	   0.046848	     0.0000	-1.3441e-05	    0.49868	 0.00041880	
6	14	    0.12964	    0.24662	     41.508	     3.2546	-9.7531e+92	-9.7531e+92	    0.11257	   0.058675	     0.0000	-0.00022755	    0.73923	  0.0011777	
6	15	 0.00089011	  0.0016932	     96.746	    0.51548	-9.7531e+92	-9.7531e+92	  0.0054680	 0.00052077	     0.0000	 -0.0024220	  0.0062659	  0.0024013	
6	16	 1.0359e-15	 1.9705e-15	     111.89	    0.30549	-9.7531e+92	-9.7531e+92	 6.3395e-05	 3.9523e-05	     0.0000	 6.5752e-10	 0.00042925	-6.8931e-10	
6	17	 6.3699e-17	 1.2117e-16	     251.72	   0.012870	-9.7531e+92	-9.7531e+92	 8.7245e-05	 4.1329e-05	     0.0000	-0.00016418	 0.00039784	 5.4164e-05	
6	18	    0.14670	    0.27907	     36.723	     3.5078	-9.7531e+92	-9.7531e+92	    0.16468	   0.071247	     0.0000	 0.00085363	    0.92770	 -0.0018798	
6	19	 2.2275e-07	 4.2374e-07	     133.74	    0.15573	-9.7531e+92	-9.7531e+92	 0.00022710	 3.9756e-05	     0.0000	-0.00021005	 0.00041724	 0.00011267	
6	20	 2.0215e-05	 3.8455e-05	     111.59	    0.30852	-9.7531e+92	-9.7531e+92	 0.00060420	 5.0751e-05	     0.0000	-0.00024453	 0.00054776	 0.00014278	
6	21	  0.0054357	   0.010340	     78.899	     1.0025	-9.7531e+92	-9.7531e+92	   0.088090	  0.0027610	     0.0000	 -0.0034297	   0.036803	   0.019241	
6	22	 3.6630e-16	 6.9680e-16	     216.08	   0.023641	-9.7531e+92	-9.7531e+92	 0.00014893	 4.0685e-05	     0.0000	-0.00054528	 0.00040207	 0.00021067	
6	23	  0.0013872	  0.0026389	     73.330	     1.2380	-9.7531e+92	-9.7531e+92	  0.0042267	 0.00080341	     0.0000	-0.00018805	   0.010392	 0.00064870	
6	24	 2.3596e-06	 4.4886e-06	     108.13	    0.34637	-9.7531e+92	-9.7531e+92	 0.00018591	 3.9802e-05	     0.0000	-1.3650e-05	 0.00044811	 3.4265e-05	
7	0	   0.094949	    0.17860	     80.265	    0.95180	-9.7531e+92	-9.7531e+92	   0.082656	   0.077919	     0.0000	     0.0000	     1.0252	     0.0000	
7	1	    0.15958	    0.30017	     75.481	     1.1413	-9.7531e+92	-9.7531e+92	    0.11764	    0.11081	     0.0000	     0.0000	     1.0852	     0.0000	
7	2	 9.3059e-05	 0.00017505	     153.12	   0.092143	-9.7531e+92	-9.7531e+92	  0.0067468	 0.00015632	     0.0000	     0.0000	  0.0017605	     0.0000	
7	3	 4.4101e-09	 8.2956e-09	     215.68	   0.023812	-9.7531e+92	-9.7531e+92	  0.0014459	 6.8382e-05	     0.0000	     0.0000	 0.00075983	     0.0000	
7	4	 3.2055e-16	 6.0298e-16	     209.16	   0.026904	-9.7531e+92	-9.7531e+92	  0.0011132	 6.9149e-05	     0.0000	     0.0000	 0.00070662	     0.0000	
7	5	  0.0071618	   0.013472	     89.752	    0.66590	-9.7531e+92	-9.7531e+92	   0.027537	  0.0073448	     0.0000	     0.0000	   0.077153	     0.0000	
7	6	   0.087494	    0.16458	     34.871	     3.5904	-9.7531e+92	-9.7531e+92	   0.060334	   0.075632	     0.0000	     0.0000	     1.0012	     0.0000	
7	7	     0.0000	     0.0000	     0.0000	     4.0000	-9.7531e+92	-9.7531e+92	    0.98375	     0.0000	    0.82824	     0.0000	     0.0000	     0.0000	
7	8	 0.00041282	 0.00077653	     109.89	    0.32644	-9.7531e+92	-9.7531e+92	 0.00082572	 0.00051638	     0.0000	     0.0000	  0.0048358	     0.0000	
7	9	   0.021437	   0.040325	     64.406	     1.7184	-9.7531e+92	-9.7531e+92	   0.031581	   0.018992	     0.0000	     0.0000	    0.23673	     0.0000	
7	10	 1.0097e-14	 1.8992e-14	     153.29	   0.091732	-9.7531e+92	-9.7531e+92	 7.5067e-05	 7.5520e-05	     0.0000	     0.0000	 0.00063973	     0.0000	
7	11	 8.5653e-07	 1.6112e-06	     112.26	    0.30176	-9.7531e+92	-9.7531e+92	 0.00010001	 7.4266e-05	     0.0000	     0.0000	 0.00067782	     0.0000	
7	12	 6.7473e-16	 1.2692e-15	     158.06	   0.081372	-9.7531e+92	-9.7531e+92	 0.00010370	 7.5207e-05	     0.0000	     0.0000	 0.00063630	     0.0000	
7	13	    0.12284	    0.23106	     57.312	     2.1828	-9.7531e+92	-9.7531e+92	    0.12119	   0.092849	     0.0000	     0.0000	     1.0634	     0.0000	
7	14	   0.083638	    0.15733	     65.464	     1.6549	-9.7531e+92	-9.7531e+92	    0.11963	   0.059619	     0.0000	     0.0000	    0.62604	     0.0000	
7	15	 9.3909e-05	 0.00017665	     131.62	    0.16559	-9.7531e+92	-9.7531e+92	  0.0054373	 0.00015969	     0.0000	     0.0000	  0.0016822	     0.0000	
7	16	 3.3522e-15	 6.3057e-15	     137.28	    0.14083	-9.7531e+92	-9.7531e+92	 6.2688e-05	 6.4445e-05	     0.0000	     0.0000	 0.00090276	     0.0000	
7	17	 4.4586e-15	 8.3868e-15	     281.54	  0.0082346	-9.7531e+92	-9.7531e+92	 8.6528e-05	 7.6726e-05	     0.0000	     0.0000	 0.00062547	     0.0000	
7	18	    0.15157	    0.28512	     38.248	     3.4331	-9.7531e+92	-9.7531e+92	    0.12402	    0.13195	     0.0000	     0.0000	     1.5781	     0.0000	
7	19	 2.7867e-15	 5.2419e-15	     154.38	   0.089237	-9.7531e+92	-9.7531e+92	 0.00014199	 7.3585e-05	     0.0000	     0.0000	 0.00065202	     0.0000	
7	20	 2.4283e-06	 4.5678e-06	     126.68	    0.19164	-9.7531e+92	-9.7531e+92	 0.00027365	 7.4928e-05	     0.0000	     0.0000	 0.00068357	     0.0000	
7	21	    0.26441	    0.49738	     44.967	     3.0407	-9.7531e+92	-9.7531e+92	    0.19014	    0.22203	     0.0000	     0.0000	     2.9451	     0.0000	
7	22	 8.5507e-16	 1.6084e-15	     241.36	   0.015218	-9.7531e+92	-9.7531e+92	 0.00014817	 7.5552e-05	     0.0000	     0.0000	 0.00063248	     0.0000	
7	23	  0.0055476	   0.010435	     58.677	     2.0891	-9.7531e+92	-9.7531e+92	  0.0053186	  0.0053134	     0.0000	     0.0000	   0.068814	     0.0000	
7	24	 0.00076999	  0.0014484	     84.614	    0.80724	-9.7531e+92	-9.7531e+92	 0.00053023	 0.00085255	     0.0000	     0.0000	  0.0091758	     0.0000	
8	0	  0.0014319	  0.0014062	     172.11	   0.058221	-9.7531e+92	-9.7531e+92	  0.0089592	 0.00019319	     0.0000	  -0.076039	  -0.031544	     1.5450	
8	1	 0.00047958	 0.00047096	     184.58	   0.044171	-9.7531e+92	-9.7531e+92	   0.016071	 6.9791e-05	     0.0000	     0.0000	  -0.011547	     1.8139	
8	2	 7.9034e-06	 7.7613e-06	     174.51	   0.055125	-9.7531e+92	-9.7531e+92	  0.0014222	 9.4486e-06	     0.0000	  -0.070271	 -0.0017848	    0.53339	
8	3	 4.5219e-15	 4.4406e-15	     221.29	   0.021502	-9.7531e+92	-9.7531e+92	 0.00035000	 8.4913e-06	     0.0000	  -0.047834	 -0.0015780	    0.24270	
8	4	 2.9396e-09	 2.8867e-09	     186.41	   0.042479	-9.7531e+92	-9.7531e+92	 0.00052921	 8.3165e-06	     0.0000	  -0.047775	 -0.0016318	    0.22402	
8	5	    0.31411	    0.30846	     54.235	     2.3987	-9.7531e+92	-9.7531e+92	   0.094685	   0.040484	   0.043716	    0.60892	    -7.6670	    -6.2196	
8	6	  0.0038760	  0.0038063	     109.28	    0.33318	-9.7531e+92	-9.7531e+92	  0.0086166	 0.00051958	     0.0000	 -0.0083268	  -0.097409	    0.97583	
8	7	  0.0017157	  0.0016849	     109.89	    0.32644	-9.7531e+92	-9.7531e+92	   0.012830	 0.00022995	     0.0000	     0.0000	  -0.044058	     1.9463	
8	8	     0.0000	     0.0000	     0.0000	     4.0000	-9.7531e+92	-9.7531e+92	    0.50001	     0.0000	    0.49830	     0.0000	     0.0000	     0.0000	
8	9	 1.3511e-07	 1.3268e-07	     171.65	   0.058843	-9.7531e+92	-9.7531e+92	  0.0033966	 8.8016e-06	     0.0000	 -0.0062409	 -0.0016490	     1.0183	
8	10	  0.0086214	  0.0084664	     44.054	     3.0993	-9.7531e+92	-9.7531e+92	  0.0029055	 0.00076326	  0.0027799	   0.016156	   -0.17482	   -0.16676	
8	11	   0.027931	   0.027429	     32.525	     3.6821	-9.7531e+92	-9.7531e+92	  0.0072951	  0.0026395	  0.0071199	   0.034949	   -0.58046	   -0.55890	
8	12	   0.028279	   0.027770	     55.069	     2.3397	-9.7531e+92	-9.7531e+92	  0.0099477	  0.0018354	  0.0096022	   0.036784	   -0.48135	   -0.45741	
8	13	   0.012879	   0.012648	     162.59	   0.072826	-9.7531e+92	-9.7531e+92	   0.016991	  0.0016123	     0.0000	  -0.030557	   -0.27038	     2.3038	
8	14	   0.012514	   0.012289	     146.54	    0.10935	-9.7531e+92	-9.7531e+92	   0.024289	  0.0015932	     0.0000	  -0.036990	   -0.28629	     2.8359	
8	15	 8.3510e-07	 8.2009e-07	     159.01	   0.079481	-9.7531e+92	-9.7531e+92	 0.00095986	 8.8428e-06	     0.0000	  -0.036109	 -0.0016796	    0.42965	
8	16	 4.6474e-15	 4.5639e-15	     112.87	    0.29583	-9.7531e+92	-9.7531e+92	 3.2726e-05	 8.7763e-06	     0.0000	 8.0661e-09	 -0.0016627	-1.0794e-07	
8	17	 5.3484e-15	 5.2522e-15	     258.50	   0.011577	-9.7531e+92	-9.7531e+92	 4.4247e-05	 9.0182e-06	     0.0000	 -0.0023225	 -0.0016961	  0.0088114	
8	18	    0.36224	    0.35573	     75.421	     1.1439	-9.7531e+92	-9.7531e+92	    0.15023	   0.045267	   0.021822	    0.17585	    -8.5302	    -5.2864	
8	19	  0.0085883	  0.0084339	     80.536	    0.94205	-9.7531e+92	-9.7531e+92	  0.0097366	 0.00088125	  0.0089280	   0.018880	   -0.20261	   -0.17823	
8	20	    0.17825	    0.17504	     51.987	     2.5582	-9.7531e+92	-9.7531e+92	   0.047073	   0.017016	   0.046043	    0.34819	    -4.1003	    -3.9610	
8	21	 1.4993e-05	 1.4723e-05	     132.38	    0.16196	-9.7531e+92	-9.7531e+92	   0.052102	 1.0394e-05	     0.0000	  -0.050504	 -0.0020244	     3.4233	
8	22	 2.9582e-15	 2.9050e-15	     168.70	   0.062994	-9.7531e+92	-9.7531e+92	 8.7142e-05	 8.5414e-06	     0.0000	 -0.0073180	 -0.0016751	   0.034222	
8	23	   0.038598	   0.037904	     54.810	     2.3580	-9.7531e+92	-9.7531e+92	   0.013044	  0.0044769	  0.0073553	  0.0024470	   -0.91911	   -0.75991	
8	24	 0.00046405	 0.00045571	     77.960	     1.0389	-9.7531e+92	-9.7531e+92	 0.00031530	 6.8804e-05	 2.5498e-05	 0.00014876	  -0.013179	 -0.0056886	
9	0	    0.16656	    0.34077	     86.890	    0.74099	-9.7531e+92	-9.7531e+92	    0.12601	   0.073306	     0.0000	     0.0000	     2.3897	    0.20415	
9	1	    0.22102	    0.45220	     55.376	     2.3181	-9.7531e+92	-9.7531e+92	    0.15629	    0.10259	     0.0000	     0.0000	     3.0294	    0.30086	
9	2	  0.0021745	  0.0044489	     133.64	    0.15619	-9.7531e+92	-9.7531e+92	   0.010203	  0.0014131	     0.0000	  -0.035805	   0.038348	  -0.045691	
9	3	 4.3255e-05	 8.8498e-05	     191.41	   0.038254	-9.7531e+92	-9.7531e+92	  0.0021548	 7.2639e-05	     0.0000	  -0.026804	  0.0018989	  -0.023197	
9	4	 1.4660e-12	 2.9994e-12	     223.28	   0.020749	-9.7531e+92	-9.7531e+92	  0.0016341	 4.4588e-05	     0.0000	  -0.026966	  0.0011358	  -0.020585	
9	5	  0.0015792	  0.0032310	     134.70	    0.15149	-9.7531e+92	-9.7531e+92	   0.028806	  0.0011505	     0.0000	  -0.066319	   0.028019	   -0.10990	
9	6	    0.16822	    0.34417	     62.827	     1.8164	-9.7531e+92	-9.7531e+92	    0.10748	    0.10792	   0.016415	   0.014315	     2.8838	    0.26902	
9	7	   0.086183	    0.17633	     64.406	     1.7184	-9.7531e+92	-9.7531e+92	   0.090786	   0.052725	     0.0000	     0.0000	     1.4811	  0.0074748	
9	8	 2.4861e-12	 5.0865e-12	     171.65	   0.058843	-9.7531e+92	-9.7531e+92	 0.00042739	 4.8037e-05	     0.0000	 -0.0025858	  0.0011165	 -0.0036213	
9	9	     0.0000	     0.0000	     0.0000	     4.0000	-9.7531e+92	-9.7531e+92	     1.0531	     0.0000	    0.96614	     0.0000	     0.0000	     0.0000	
9	10	 2.2385e-12	 4.5798e-12	     215.04	   0.024096	-9.7531e+92	-9.7531e+92	 7.8558e-05	 4.9618e-05	     0.0000	-0.00015492	  0.0011039	-0.00013233	
9	11	 2.4532e-13	 5.0192e-13	     175.31	   0.054135	-9.7531e+92	-9.7531e+92	 9.0775e-05	 4.8978e-05	     0.0000	-0.00019835	  0.0011089	-0.00024120	
9	12	 1.5607e-13	 3.1931e-13	     214.99	   0.024120	-9.7531e+92	-9.7531e+92	 0.00010317	 4.9205e-05	     0.0000	-0.00080077	  0.0011039	-0.00061595	
9	13	    0.20485	    0.41910	     9.0540	     3.9979	-9.7531e+92	-9.7531e+92	    0.18611	   0.072428	     0.0000	     0.0000	     1.8999	     0.0000	
9	14	    0.10453	    0.21386	     38.749	     3.4073	-9.7531e+92	-9.7531e+92	    0.11465	   0.060166	     0.0000	 -0.0059043	     1.7183	  -0.080798	
9	15	 0.00087452	  0.0017892	     117.55	    0.25424	-9.7531e+92	-9.7531e+92	  0.0082977	 0.00061111	     0.0000	  -0.019316	   0.016028	  -0.036751	
9	16	 7.7216e-14	 1.5798e-13	     159.83	   0.077890	-9.7531e+92	-9.7531e+92	 6.8182e-05	 4.6592e-05	     0.0000	 5.2392e-09	  0.0011557	 9.5645e-09	
9	17	 5.4714e-12	 1.1194e-11	     293.28	  0.0069951	-9.7531e+92	-9.7531e+92	 0.00010185	 4.9336e-05	     0.0000	 -0.0013081	  0.0011053	-0.00076952	
9	18	   0.027267	   0.055788	     96.665	    0.51699	-9.7531e+92	-9.7531e+92	   0.080345	   0.017212	     0.0000	  -0.044655	    0.46896	   -0.22884	
9	19	 4.8637e-12	 9.9510e-12	     193.08	   0.036956	-9.7531e+92	-9.7531e+92	 0.00014728	 4.8363e-05	     0.0000	 -0.0016742	  0.0011107	 -0.0016376	
9	20	 2.2404e-12	 4.5837e-12	     174.09	   0.055651	-9.7531e+92	-9.7531e+92	 0.00024293	 4.7556e-05	     0.0000	 -0.0019893	  0.0011143	 -0.0021274	
9	21	   0.016656	   0.034077	     83.320	    0.84769	-9.7531e+92	-9.7531e+92	   0.076124	   0.010142	     0.0000	  -0.025087	    0.28620	   -0.27311	
9	22	 8.5686e-15	 1.7531e-14	     266.14	   0.010307	-9.7531e+92	-9.7531e+92	 0.00019189	 4.8809e-05	     0.0000	 -0.0043447	  0.0011064	 -0.0030205	
9	23	 4.8298e-05	 9.8815e-05	     121.73	    0.22293	-9.7531e+92	-9.7531e+92	  0.0021244	 8.0295e-05	     0.0000	 -0.0019597	  0.0019399	  -0.012284	
9	24	 1.8712e-13	 3.8284e-13	     149.07	    0.10229	-9.7531e+92	-9.7531e+92	 0.00014833	 4.6429e-05	     0.0000	-0.00010990	  0.0011252	-0.00049341	
10	0	  0.0022959	 0.00089705	     210.64	   0.026161	-9.7531e+92	-9.7531e+92	  0.0024625	 2.9115e-05	     0.0000	 -0.0072244	 -0.0060798	    0.18918	
10	1	 0.00023136	 9.0399e-05	     228.04	   0.019080	-9.7531e+92	-9.7531e+92	  0.0039992	 3.6524e-06	     0.0000	     0.0000	-0.00076993	    0.22527	
10	2	 3.6795e-13	 1.4376e-13	     213.20	   0.024934	-9.7531e+92	-9.7531e+92	 0.00041861	 8.1181e-07	     0.0000	 -0.0067565	-0.00019362	   0.065656	
10	3	 1.4322e-13	 5.5961e-14	     258.79	   0.011525	-9.7531e+92	-9.7531e+92	 0.00011781	 8.1504e-07	     0.0000	 -0.0045978	-0.00019158	   0.029881	
10	4	 5.6160e-13	 2.1943e-13	     204.61	   0.029363	-9.7531e+92	-9.7531e+92	 0.00024936	 8.0125e-07	     0.0000	 -0.0045967	-0.00019773	   0.027535	
10	5	    0.13082	   0.051115	     93.726	    0.57518	-9.7531e+92	-9.7531e+92	   0.025519	  0.0016652	  0.0052392	   0.017737	   -0.38722	   -0.23009	
10	6	 8.9636e-05	 3.5023e-05	     153.37	   0.091543	-9.7531e+92	-9.7531e+92	  0.0020031	 1.9940e-06	     0.0000	-0.00087846	-0.00046804	    0.13105	
10	7	 6.4364e-05	 2.5148e-05	     153.29	   0.091732	-9.7531e+92	-9.7531e+92	  0.0031188	 1.6324e-06	     0.0000	     0.0000	-0.00039257	    0.24397	
10	8	    0.27545	    0.10762	     44.054	     3.0993	-9.7531e+92	-9.7531e+92	   0.035839	  0.0030476	   0.035160	   0.056379	   -0.80238	   -0.78643	
10	9	 1.8001e-13	 7.0334e-14	     215.04	   0.024096	-9.7531e+92	-9.7531e+92	 0.00082851	 8.4465e-07	     0.0000	-0.00059982	-0.00019931	    0.12511	
10	10	     0.0000	     0.0000	     0.0000	     4.0000	-9.7531e+92	-9.7531e+92	    0.19661	     0.0000	    0.19656	     0.0000	     0.0000	     0.0000	
10	11	   0.097702	   0.038174	     46.926	     2.9109	-9.7531e+92	-9.7531e+92	   0.010216	 0.00092273	   0.010146	   0.017899	   -0.22698	   -0.22276	
10	12	    0.18204	   0.071126	     46.012	     2.9721	-9.7531e+92	-9.7531e+92	   0.019636	  0.0013009	   0.019498	   0.037809	   -0.34205	   -0.33429	
10	13	 0.00085395	 0.00033366	     205.99	   0.028587	-9.7531e+92	-9.7531e+92	  0.0040119	 1.1016e-05	     0.0000	 -0.0032482	 -0.0023507	    0.31579	
10	14	  0.0031551	  0.0012328	     190.48	   0.038997	-9.7531e+92	-9.7531e+92	  0.0059305	 3.9447e-05	     0.0000	 -0.0038303	 -0.0089144	    0.37536	
10	15	 3.0868e-14	 1.2061e-14	     197.67	   0.033672	-9.7531e+92	-9.7531e+92	 0.00026411	 8.4073e-07	     0.0000	 -0.0034707	-0.00020082	   0.052772	
10	16	 1.0717e-14	 4.1874e-15	     147.94	    0.10538	-9.7531e+92	-9.7531e+92	 1.3021e-05	 8.4792e-07	     0.0000	 7.6989e-10	-0.00015863	-1.0396e-08	
10	17	 5.4539e-14	 2.1309e-14	     270.72	  0.0096279	-9.7531e+92	-9.7531e+92	 1.8319e-05	 8.6863e-07	     0.0000	-0.00022332	-0.00020509	  0.0010811	
10	18	    0.13546	   0.052926	     118.82	    0.24422	-9.7531e+92	-9.7531e+92	   0.037507	  0.0016530	     0.0000	 0.00033433	   -0.38695	  -0.012786	
10	19	   0.021997	  0.0085946	     85.643	    0.77653	-9.7531e+92	-9.7531e+92	  0.0062178	 0.00024491	  0.0058961	  0.0061842	  -0.064881	  -0.061618	
10	20	    0.14209	   0.055518	     74.457	     1.1864	-9.7531e+92	-9.7531e+92	   0.019582	  0.0015367	   0.019172	   0.037039	   -0.41370	   -0.40506	
10	21	 1.0345e-06	 4.0419e-07	     171.26	   0.059366	-9.7531e+92	-9.7531e+92	   0.013005	 8.3062e-07	     0.0000	 -0.0048544	-0.00020329	    0.42055	
10	22	 8.5428e-15	 3.3379e-15	     176.66	   0.052524	-9.7531e+92	-9.7531e+92	 4.0757e-05	 8.3782e-07	     0.0000	-0.00071818	-0.00020357	  0.0042134	
10	23	  0.0076666	  0.0029955	     95.614	    0.53700	-9.7531e+92	-9.7531e+92	  0.0029095	 9.9181e-05	 0.00064594	 9.8996e-05	  -0.023553	 -0.0058023	
10	24	 8.5118e-05	 3.3258e-05	     102.71	    0.41717	-9.7531e+92	-9.7531e+92	 0.00016659	 1.9740e-06	 5.1282e-05	-1.1300e-05	-0.00046496	 0.00043434	
11	0	   0.022198	   0.010052	     167.10	   0.065400	-9.7531e+92	-9.7531e+92	  0.0064745	 0.00029550	     0.0000	 -0.0055233	  -0.047543	    0.11406	
11	1	 0.00014304	 6.4771e-05	     185.20	   0.043588	-9.7531e+92	-9.7531e+92	  0.0066173	 2.7651e-06	     0.0000	     0.0000	-0.00044981	    0.18548	
11	2	 1.7224e-06	 7.7992e-07	     197.83	   0.033565	-9.7531e+92	-9.7531e+92	 0.00050255	 8.9916e-07	     0.0000	 -0.0070467	-0.00016576	   0.054274	
11	3	 2.5364e-15	 1.1485e-15	     244.71	   0.014404	-9.7531e+92	-9.7531e+92	 0.00012393	 8.8101e-07	     0.0000	 -0.0047958	-0.00015980	   0.024692	
11	4	 1.4486e-13	 6.5597e-14	     218.09	   0.022784	-9.7531e+92	-9.7531e+92	 0.00013345	 8.6777e-07	     0.0000	 -0.0048023	-0.00016519	   0.022783	
11	5	    0.20243	   0.091662	     77.490	     1.0576	-9.7531e+92	-9.7531e+92	   0.033716	  0.0027494	   0.010214	   0.035280	   -0.50032	   -0.36314	
11	6	 0.00054961	 0.00024887	     117.04	    0.25846	-9.7531e+92	-9.7531e+92	  0.0035128	 8.4540e-06	     0.0000	-0.00090668	 -0.0015414	    0.10735	
11	7	  0.0085243	  0.0038599	     112.26	    0.30176	-9.7531e+92	-9.7531e+92	  0.0069781	 0.00011516	     0.0000	     0.0000	  -0.021493	    0.18128	
11	8	    0.30504	    0.13813	     32.525	     3.6821	-9.7531e+92	-9.7531e+92	   0.037497	  0.0030118	   0.036710	   0.052153	   -0.67651	   -0.65602	
11	9	 1.1613e-07	 5.2584e-08	     175.31	   0.054135	-9.7531e+92	-9.7531e+92	  0.0014625	 9.1211e-07	     0.0000	-0.00062556	-0.00016684	    0.10355	
11	10	   0.050351	   0.022799	     46.926	     2.9109	-9.7531e+92	-9.7531e+92	  0.0059654	 0.00037726	  0.0059075	  0.0081231	  -0.052808	  -0.049972	
11	11	     0.0000	     0.0000	     0.0000	     4.0000	-9.7531e+92	-9.7531e+92	    0.22728	     0.0000	    0.22720	     0.0000	     0.0000	     0.0000	
11	12	 0.00076397	 0.00034594	     77.218	     1.0686	-9.7531e+92	-9.7531e+92	  0.0014900	 9.2780e-06	  0.0013307	 0.00016079	 -0.0018914	 -0.0010632	
11	13	  0.0041945	  0.0018993	     166.60	   0.066184	-9.7531e+92	-9.7531e+92	  0.0073978	 5.4812e-05	     0.0000	 -0.0032974	 -0.0090277	    0.25270	
11	14	 0.00038923	 0.00017625	     157.91	   0.081669	-9.7531e+92	-9.7531e+92	  0.0087436	 5.9995e-06	     0.0000	 -0.0040750	 -0.0010510	    0.31593	
11	15	 1.4470e-13	 6.5521e-14	     182.32	   0.046370	-9.7531e+92	-9.7531e+92	 0.00037493	 9.0693e-07	     0.0000	 -0.0036197	-0.00016788	   0.043691	
11	16	 7.6913e-14	 3.4827e-14	     142.85	    0.12075	-9.7531e+92	-9.7531e+92	 1.5090e-05	 9.2740e-07	     0.0000	 8.5330e-10	-0.00016702	-1.0891e-08	
11	17	 9.2984e-15	 4.2105e-15	     290.18	  0.0072979	-9.7531e+92	-9.7531e+92	 1.8375e-05	 9.3986e-07	     0.0000	-0.00023305	-0.00017165	 0.00089577	
11	18	    0.22847	    0.10346	     81.269	    0.91620	-9.7531e+92	-9.7531e+92	   0.056500	  0.0029758	     0.0000	  0.0074741	   -0.54477	   -0.22684	
11	19	 4.2740e-05	 1.9353e-05	     108.78	    0.33886	-9.7531e+92	-9.7531e+92	  0.0011906	 1.4063e-06	 0.00081771	-0.00024609	-0.00027458	  0.0017544	
11	20	   0.014116	  0.0063918	     83.734	    0.83452	-9.7531e+92	-9.7531e+92	  0.0057567	 0.00017500	  0.0052815	  0.0039273	  -0.034969	  -0.031660	
11	21	 0.00010578	 4.7900e-05	     128.65	    0.18069	-9.7531e+92	-9.7531e+92	   0.020470	 2.2772e-06	     0.0000	 -0.0050590	-0.00043239	    0.34788	
11	22	 4.9661e-14	 2.2487e-14	     200.45	   0.031856	-9.7531e+92	-9.7531e+92	 2.7520e-05	 9.1589e-07	     0.0000	-0.00076446	-0.00017073	  0.0035030	
11	23	    0.13978	   0.063292	     53.605	     2.4433	-9.7531e+92	-9.7531e+92	   0.017841	  0.0018740	   0.015218	  0.0056447	   -0.35084	   -0.32900	
11	24	   0.022905	   0.010372	     56.094	     2.2676	-9.7531e+92	-9.7531e+92	  0.0026786	 0.00030497	  0.0025449	  0.0016005	  -0.055439	  -0.053504	
12	0	 0.00023263	 0.00010417	     226.76	   0.019512	-9.7531e+92	-9.7531e+92	  0.0021138	 1.4345e-05	     0.0000	  -0.030262	 -0.0019362	    0.48603	
12	1	 1.1946e-05	 5.3489e-06	     231.78	   0.017881	-9.7531e+92	-9.7531e+92	  0.0037538	 3.7442e-06	     0.0000	     0.0000	-0.00051108	    0.56476	
12	2	 8.0655e-05	 3.6115e-05	     181.48	   0.047226	-9.7531e+92	-9.7531e+92	 0.00055328	 6.8831e-06	     0.0000	  -0.027382	 -0.0010877	    0.16553	
12	3	 1.8849e-14	 8.4401e-15	     227.10	   0.019395	-9.7531e+92	-9.7531e+92	 0.00017666	 3.1233e-06	     0.0000	  -0.018694	-0.00048704	   0.075521	
12	4	 3.9878e-05	 1.7856e-05	     165.11	   0.068567	-9.7531e+92	-9.7531e+92	 0.00051650	 4.8419e-06	     0.0000	  -0.018399	-0.00080470	   0.069491	
12	5	   0.069402	   0.031076	     80.590	    0.94012	-9.7531e+92	-9.7531e+92	   0.026882	  0.0033975	  0.0036423	   0.016000	   -0.52380	   -0.12919	
12	6	 0.00038132	 0.00017074	     152.49	   0.093630	-9.7531e+92	-9.7531e+92	  0.0020285	 2.2004e-05	     0.0000	 -0.0035571	 -0.0034214	    0.33034	
12	7	 4.7994e-06	 2.1490e-06	     158.06	   0.081372	-9.7531e+92	-9.7531e+92	  0.0029392	 3.4339e-06	     0.0000	     0.0000	-0.00054673	    0.61950	
12	8	    0.54903	    0.24584	     55.069	     2.3397	-9.7531e+92	-9.7531e+92	   0.066747	   0.023028	   0.065969	    0.42964	    -4.0232	    -3.9330	
12	9	 1.0731e-13	 4.8052e-14	     214.99	   0.024120	-9.7531e+92	-9.7531e+92	 0.00084116	 3.2583e-06	     0.0000	 -0.0024448	-0.00050844	    0.31738	
12	10	   0.078418	   0.035113	     46.012	     2.9721	-9.7531e+92	-9.7531e+92	  0.0093666	  0.0026101	  0.0093093	   0.070506	   -0.38688	   -0.37532	
12	11	  0.0075515	  0.0033813	     77.218	     1.0686	-9.7531e+92	-9.7531e+92	  0.0023123	 0.00036260	  0.0022325	  0.0080954	  -0.058409	  -0.056001	
12	12	     0.0000	     0.0000	     0.0000	     4.0000	-9.7531e+92	-9.7531e+92	    0.22792	     0.0000	    0.22777	     0.0000	     0.0000	     0.0000	
12	13	  0.0031349	  0.0014037	     205.94	   0.028617	-9.7531e+92	-9.7531e+92	  0.0043664	 0.00014864	     0.0000	  -0.012999	  -0.020525	    0.77442	
12	14	  0.0016210	 0.00072582	     188.63	   0.040536	-9.7531e+92	-9.7531e+92	  0.0058307	 7.9876e-05	     0.0000	  -0.015786	  -0.011827	    0.95591	
12	15	 1.6945e-07	 7.5872e-08	     166.81	   0.065853	-9.7531e+92	-9.7531e+92	 0.00033179	 3.2413e-06	     0.0000	  -0.014137	-0.00051393	    0.13396	
12	16	 1.7678e-14	 7.9156e-15	     115.95	    0.26758	-9.7531e+92	-9.7531e+92	 1.4922e-05	 3.2571e-06	     0.0000	 3.1656e-09	-0.00049603	-3.2429e-08	
12	17	 7.7794e-14	 3.4834e-14	     225.22	   0.020047	-9.7531e+92	-9.7531e+92	 2.5229e-05	 3.3064e-06	     0.0000	-0.00090481	-0.00052366	  0.0027495	
12	18	   0.037406	   0.016749	     120.73	    0.22996	-9.7531e+92	-9.7531e+92	   0.034837	  0.0017643	     0.0000	  -0.028050	   -0.27179	    0.66482	
12	19	   0.098902	   0.044285	     44.530	     3.0689	-9.7531e+92	-9.7531e+92	   0.015552	  0.0026430	   0.015183	   0.059490	   -0.55903	   -0.54055	
12	20	    0.15329	   0.068639	     45.010	     3.0379	-9.7531e+92	-9.7531e+92	   0.026105	  0.0048615	   0.025635	    0.10058	   -0.99863	   -0.97030	
12	21	 5.4566e-15	 2.4433e-15	     187.39	   0.041605	-9.7531e+92	-9.7531e+92	   0.012103	 3.1537e-06	     0.0000	  -0.019787	-0.00051090	     1.0673	
12	22	 5.0408e-14	 2.2571e-14	     131.16	    0.16782	-9.7531e+92	-9.7531e+92	 7.5211e-05	 2.9855e-06	     0.0000	 -0.0026289	-0.00050435	   0.010379	
12	23	 0.00049119	 0.00021994	     109.85	    0.32696	-9.7531e+92	-9.7531e+92	  0.0022528	 2.7525e-05	     0.0000	 -0.0011104	 -0.0043411	   0.040072	
12	24	 5.1193e-14	 2.2923e-14	     132.31	    0.16230	-9.7531e+92	-9.7531e+92	 7.5103e-05	 3.3464e-06	     0.0000	-7.4847e-05	-0.00052341	  0.0017606	
13	0	   0.082986	    0.84160	     86.013	    0.76580	-9.7531e+92	-9.7531e+92	    0.40879	   0.059047	     0.0000	     0.0000	     1.3343	     0.0000	
13	1	   0.069726	    0.70712	     57.043	     2.2015	-9.7531e+92	-9.7531e+92	    0.42836	   0.088655	     0.0000	     0.0000	     2.3161	   -0.18363	
13	2	   0.058592	    0.59420	     127.66	    0.18612	-9.7531e+92	-9.7531e+92	    0.20487	   0.094979	     0.0000	    0.25225	     2.3164	    0.33314	
13	3	 0.00056271	  0.0057067	     188.65	   0.040519	-9.7531e+92	-9.7531e+92	   0.044255	  0.0011062	     0.0000	   -0.10480	   0.025316	  -0.093866	
13	4	 1.2029e-12	 1.2199e-11	     217.30	   0.023117	-9.7531e+92	-9.7531e+92	   0.031611	 0.00012228	     0.0000	   -0.11091	  0.0026739	  -0.087619	
13	5	  0.0066997	   0.067945	     125.66	    0.19761	-9.7531e+92	-9.7531e+92	    0.14041	   0.013274	     0.0000	   -0.24502	    0.27123	   -0.42020	
13	6	   0.063748	    0.64650	     53.773	     2.4314	-9.7531e+92	-9.7531e+92	    0.29142	    0.10977	     0.0000	  0.0091518	     2.5646	    0.17799	
13	7	   0.079339	    0.80461	     57.312	     2.1828	-9.7531e+92	-9.7531e+92	    0.40422	    0.12835	     0.0000	     0.0000	     3.1977	  -0.031532	
13	8	 8.8174e-12	 8.9421e-11	     162.59	   0.072826	-9.7531e+92	-9.7531e+92	  0.0029174	 0.00013603	     0.0000	  -0.010635	  0.0026082	  -0.015414	
13	9	    0.19057	     1.9327	     9.0540	     3.9979	-9.7531e+92	-9.7531e+92	    0.56200	    0.28119	    0.13079	   0.050268	     7.7082	     1.3716	
13	10	 1.1750e-12	 1.1916e-11	     205.99	   0.028587	-9.7531e+92	-9.7531e+92	 0.00039632	 0.00014214	     0.0000	-0.00063715	  0.0025591	-0.00056322	
13	11	 6.0894e-12	 6.1755e-11	     166.60	   0.066184	-9.7531e+92	-9.7531e+92	 0.00050232	 0.00013874	     0.0000	-0.00081580	  0.0025817	 -0.0010266	
13	12	 3.4269e-13	 3.4753e-12	     205.94	   0.028617	-9.7531e+92	-9.7531e+92	 0.00054960	 0.00014111	     0.0000	 -0.0032935	  0.0025607	 -0.0026217	
13	13	     0.0000	     0.0000	     0.0000	     4.0000	-9.7531e+92	-9.7531e+92	     5.4415	     0.0000	     4.1622	     0.0000	     0.0000	     0.0000	
13	14	   0.089480	    0.90746	     32.765	     3.6733	-9.7531e+92	-9.7531e+92	    0.59216	    0.13938	     0.0000	  -0.034367	     3.5090	   -0.48675	
13	15	   0.062186	    0.63065	     111.52	    0.30921	-9.7531e+92	-9.7531e+92	    0.19949	    0.10457	   0.018583	    0.20830	     2.5209	    0.41015	
13	16	 4.7316e-14	 4.7986e-13	     153.85	   0.090443	-9.7531e+92	-9.7531e+92	 0.00033797	 0.00013024	     0.0000	 2.1548e-08	  0.0026197	 4.0709e-08	
13	17	 7.5137e-12	 7.6200e-11	     287.27	  0.0075975	-9.7531e+92	-9.7531e+92	 0.00093433	 0.00013877	     0.0000	 -0.0053802	  0.0025812	 -0.0032753	
13	18	    0.19308	     1.9581	     87.611	    0.72124	-9.7531e+92	-9.7531e+92	    0.73372	    0.33166	     0.0000	    0.11015	     7.7949	    0.58421	
13	19	 2.5644e-13	 2.6007e-12	     184.51	   0.044238	-9.7531e+92	-9.7531e+92	 0.00098640	 0.00013791	     0.0000	 -0.0068856	  0.0025878	 -0.0069700	
13	20	 2.7497e-12	 2.7886e-11	     165.04	   0.068678	-9.7531e+92	-9.7531e+92	  0.0013602	 0.00013440	     0.0000	 -0.0081817	  0.0026086	 -0.0090550	
13	21	    0.10114	     1.0257	     76.619	     1.0932	-9.7531e+92	-9.7531e+92	    0.62590	    0.16365	     0.0000	  -0.033811	     4.0648	   -0.38092	
13	22	 4.6916e-12	 4.7580e-11	     260.15	   0.011286	-9.7531e+92	-9.7531e+92	  0.0026592	 0.00013824	     0.0000	  -0.017869	  0.0025788	  -0.012856	
13	23	  0.0018927	   0.019195	     113.01	    0.29441	-9.7531e+92	-9.7531e+92	   0.020172	  0.0037268	     0.0000	 -0.0054464	   0.078143	  -0.035331	
13	24	 1.3403e-12	 1.3593e-11	     142.21	    0.12286	-9.7531e+92	-9.7531e+92	 0.00088705	 0.00012559	     0.0000	-0.00045199	  0.0026627	 -0.0021001	
14	0	    0.16387	     1.0055	     114.85	    0.27729	-9.7531e+92	-9.7531e+92	    0.34388	    0.20144	     0.0000	   0.013162	     2.7553	  -0.018643	
14	1	   0.076985	    0.47236	     88.839	    0.68891	-9.7531e+92	-9.7531e+92	    0.25121	   0.085636	     0.0000	     0.0000	     1.0117	  0.0025480	
14	2	   0.031445	    0.19294	     97.273	    0.50580	-9.7531e+92	-9.7531e+92	   0.069289	   0.040181	     0.0000	  0.0038914	    0.52673	 -0.0028197	
14	3	 0.00067964	  0.0041701	     161.01	   0.075671	-9.7531e+92	-9.7531e+92	   0.012861	  0.0010451	     0.0000	 -0.0067164	   0.012903	  0.0031791	
14	4	 5.8406e-06	 3.5837e-05	     184.55	   0.044193	-9.7531e+92	-9.7531e+92	   0.010172	 0.00010797	     0.0000	 -0.0071873	  0.0012647	  0.0033481	
14	5	    0.23832	     1.4623	     108.09	    0.34690	-9.7531e+92	-9.7531e+92	    0.41560	    0.36922	   0.097139	   0.065486	     4.1550	  -0.066009	
14	6	   0.062522	    0.38362	     41.508	     3.2546	-9.7531e+92	-9.7531e+92	    0.16066	   0.090518	     0.0000	 0.00055560	     1.1038	 -0.0065969	
14	7	    0.21320	     1.3081	     65.464	     1.6549	-9.7531e+92	-9.7531e+92	    0.41947	    0.29135	     0.0000	     0.0000	     3.7784	  -0.047857	
14	8	 2.8035e-06	 1.7201e-05	     146.54	    0.10935	-9.7531e+92	-9.7531e+92	  0.0026964	 0.00011615	     0.0000	-0.00068848	  0.0011525	 0.00064232	
14	9	   0.039605	    0.24301	     38.749	     3.4073	-9.7531e+92	-9.7531e+92	    0.11770	   0.056032	     0.0000	-6.4298e-05	    0.69645	  0.0010620	
14	10	 1.9335e-13	 1.1863e-12	     190.48	   0.038997	-9.7531e+92	-9.7531e+92	 0.00025128	 0.00011839	     0.0000	-4.1316e-05	  0.0010508	 2.4297e-05	
14	11	 6.5873e-14	 4.0419e-13	     157.91	   0.081669	-9.7531e+92	-9.7531e+92	 0.00033872	 0.00011589	     0.0000	-5.2901e-05	  0.0010681	 4.4137e-05	
14	12	 1.1469e-12	 7.0374e-12	     188.63	   0.040536	-9.7531e+92	-9.7531e+92	 0.00040900	 0.00011807	     0.0000	-0.00021356	  0.0010463	 0.00011274	
14	13	   0.075598	    0.46386	     32.765	     3.6733	-9.7531e+92	-9.7531e+92	    0.33354	   0.089712	     0.0000	 -0.0020492	     1.1723	   0.010486	
14	14	     0.0000	     0.0000	     0.0000	     4.0000	-9.7531e+92	-9.7531e+92	     3.2391	     0.0000	     2.3764	     0.0000	     0.0000	     0.0000	
14	15	   0.010567	   0.064836	     78.991	    0.99899	-9.7531e+92	-9.7531e+92	   0.036573	   0.013209	     0.0000	 -0.0022019	    0.20054	  0.0026908	
14	16	 7.5547e-13	 4.6354e-12	     121.20	    0.22662	-9.7531e+92	-9.7531e+92	 0.00020448	 0.00011346	     0.0000	 1.3975e-09	  0.0010801	-1.7942e-09	
14	17	 6.0234e-13	 3.6958e-12	     254.84	   0.012253	-9.7531e+92	-9.7531e+92	 0.00040173	 0.00011528	     0.0000	-0.00034888	  0.0010745	 0.00014117	
14	18	   0.085794	    0.52642	     78.249	     1.0276	-9.7531e+92	-9.7531e+92	    0.44685	    0.10936	     0.0000	-0.00043856	     1.4204	   0.014281	
14	19	 1.3094e-13	 8.0341e-13	     166.55	   0.066257	-9.7531e+92	-9.7531e+92	 0.00080942	 0.00011445	     0.0000	-0.00044650	  0.0010784	 0.00029419	
14	20	 3.2589e-13	 1.9996e-12	     147.73	    0.10597	-9.7531e+92	-9.7531e+92	  0.0019833	 0.00011213	     0.0000	-0.00053054	  0.0010922	 0.00038063	
14	21	  0.0013273	  0.0081440	     101.18	    0.44014	-9.7531e+92	-9.7531e+92	    0.25925	  0.0013544	     0.0000	     0.0000	   0.027296	     0.0000	
14	22	 4.9162e-13	 3.0165e-12	     227.39	   0.019298	-9.7531e+92	-9.7531e+92	 0.00095887	 0.00011507	     0.0000	 -0.0011587	  0.0010693	 0.00054942	
14	23	 7.5319e-05	 0.00046214	     114.84	    0.27739	-9.7531e+92	-9.7531e+92	   0.010388	 0.00023214	     0.0000	-0.00052016	  0.0023809	  0.0022035	
14	24	 1.2457e-13	 7.6431e-13	     150.00	   0.099849	-9.7531e+92	-9.7531e+92	 0.00057491	 0.00010823	     0.0000	-2.9309e-05	  0.0011221	 9.0257e-05	
15	0	 0.00054439	 0.00088191	     189.51	   0.039789	-9.7531e+92	-9.7531e+92	   0.026184	 0.00029805	     0.0000	   -0.19120	  0.0034709	   -0.21463	
15	1	  0.0082377	   0.013345	     167.83	   0.064291	-9.7531e+92	-9.7531e+92	   0.027181	  0.0043198	     0.0000	     0.0000	   0.051265	   -0.22369	
15	2	    0.22073	    0.35758	     21.827	     3.9312	-9.7531e+92	-9.7531e+92	    0.12050	   0.072666	   0.083240	    0.43751	    0.73911	    0.13033	
15	3	    0.17841	    0.28902	     84.108	    0.82281	-9.7531e+92	-9.7531e+92	   0.091619	   0.049519	   0.074424	    0.47337	    0.39464	  -0.054092	
15	4	   0.023147	   0.037498	     106.18	    0.37015	-9.7531e+92	-9.7531e+92	   0.036935	  0.0075214	   0.021572	   0.070645	    0.11180	   0.024903	
15	5	   0.019969	   0.032350	     104.94	    0.38615	-9.7531e+92	-9.7531e+92	   0.034102	   0.011465	     0.0000	   -0.19195	   0.086588	  -0.045764	
15	6	  0.0085733	   0.013889	     96.746	    0.51548	-9.7531e+92	-9.7531e+92	   0.018317	  0.0048204	     0.0000	  -0.018969	   0.035886	  -0.047110	
15	7	 0.00026837	 0.00043476	     131.62	    0.16559	-9.7531e+92	-9.7531e+92	   0.030328	 0.00018162	     0.0000	     0.0000	  0.0013901	   -0.10776	
15	8	 9.0188e-13	 1.4610e-12	     159.01	   0.079481	-9.7531e+92	-9.7531e+92	 0.00035561	 3.8608e-05	     0.0000	  -0.011791	 0.00025466	 -0.0018998	
15	9	 0.00058665	 0.00095037	     117.55	    0.25424	-9.7531e+92	-9.7531e+92	   0.016644	 0.00035414	     0.0000	  -0.015788	  0.0027539	  -0.056115	
15	10	 1.5504e-12	 2.5116e-12	     197.67	   0.033672	-9.7531e+92	-9.7531e+92	 6.4088e-05	 3.9333e-05	     0.0000	-0.00070642	 0.00024063	-6.2724e-05	
15	11	 1.8740e-13	 3.0359e-13	     182.32	   0.046370	-9.7531e+92	-9.7531e+92	 7.1741e-05	 3.9258e-05	     0.0000	-0.00090450	 0.00024258	-0.00011562	
15	12	 3.7873e-13	 6.1354e-13	     166.81	   0.065853	-9.7531e+92	-9.7531e+92	 0.00011601	 3.8882e-05	     0.0000	 -0.0036515	 0.00024215	-0.00029498	
15	13	    0.18093	    0.29311	     111.52	    0.30921	-9.7531e+92	-9.7531e+92	    0.11305	   0.076977	     0.0000	   0.032034	    0.63369	    0.14001	
15	14	    0.33331	    0.53995	     78.991	    0.99899	-9.7531e+92	-9.7531e+92	    0.17560	    0.17304	     0.0000	    0.14302	     1.6977	    0.40815	
15	15	     0.0000	     0.0000	     0.0000	     4.0000	-9.7531e+92	-9.7531e+92	    0.83891	     0.0000	    0.81001	     0.0000	     0.0000	     0.0000	
15	16	 4.7494e-13	 7.6940e-13	     65.362	     1.6609	-9.7531e+92	-9.7531e+92	 5.3987e-05	 3.7707e-05	     0.0000	 2.3149e-08	 0.00025890	 4.2123e-09	
15	17	 5.4200e-15	 8.7804e-15	     175.81	   0.053534	-9.7531e+92	-9.7531e+92	 0.00073172	 3.0339e-05	 4.6351e-05	 -0.0040443	 0.00037435	-0.00073053	
15	18	   0.025276	   0.040947	     116.73	    0.26100	-9.7531e+92	-9.7531e+92	   0.053416	   0.013659	     0.0000	   -0.20754	    0.12450	   -0.19052	
15	19	 5.8704e-06	 9.5100e-06	     131.26	    0.16732	-9.7531e+92	-9.7531e+92	 0.00048693	 4.1234e-05	     0.0000	 -0.0075376	 0.00028008	-0.00082498	
15	20	 1.6057e-05	 2.6012e-05	     124.66	    0.20372	-9.7531e+92	-9.7531e+92	 0.00031293	 4.6978e-05	     0.0000	 -0.0089232	 0.00031576	 -0.0010756	
15	21	 3.1576e-12	 5.1152e-12	     175.65	   0.053734	-9.7531e+92	-9.7531e+92	   0.030762	 3.5486e-05	     0.0000	   -0.12956	 0.00027594	   -0.18367	
15	22	 1.8542e-13	 3.0038e-13	     163.21	   0.071746	-9.7531e+92	-9.7531e+92	  0.0027411	 3.2327e-05	 0.00036890	  -0.015171	 0.00033371	 -0.0020712	
15	23	 6.6613e-13	 1.0791e-12	     149.47	    0.10124	-9.7531e+92	-9.7531e+92	  0.0012585	 3.8522e-05	     0.0000	 -0.0090121	 0.00025185	 -0.0062279	
15	24	 5.5557e-13	 9.0002e-13	     189.75	   0.039594	-9.7531e+92	-9.7531e+92	 9.1046e-05	 3.8674e-05	     0.0000	-0.00050113	 0.00024649	-0.00023675	
16	0	    0.14299	     0.0000	     217.18	   0.023165	-9.7531e+92	-9.7531e+92	     0.0000	 0.00012248	     0.0000	     0.0000	-6.1302e-09	     0.0000	
16	1	   0.035517	     0.0000	     207.46	   0.027791	-9.7531e+92	-9.7531e+92	     0.0000	 3.1024e-05	     0.0000	     0.0000	-1.5185e-09	     0.0000	
16	2	   0.041050	     0.0000	     68.097	     1.5042	-9.7531e+92	-9.7531e+92	     0.0000	 3.9526e-05	     0.0000	     0.0000	-1.9816e-09	     0.0000	
16	3	 7.2644e-05	     0.0000	     111.94	    0.30495	-9.7531e+92	-9.7531e+92	     0.0000	 1.3494e-07	     0.0000	     0.0000	-6.6927e-12	     0.0000	
16	4	   0.015484	     0.0000	     75.439	     1.1432	-9.7531e+92	-9.7531e+92	     0.0000	 1.5293e-05	     0.0000	     0.0000	-7.6262e-10	     0.0000	
16	5	   0.039949	     0.0000	     71.546	     1.3237	-9.7531e+92	-9.7531e+92	     0.0000	 4.1170e-05	     0.0000	     0.0000	-1.9669e-09	     0.0000	
16	6	   0.010500	     0.0000	     111.89	    0.30549	-9.7531e+92	-9.7531e+92	     0.0000	 1.0831e-05	     0.0000	     0.0000	-5.2557e-10	     0.0000	
16	7	    0.23420	     0.0000	     137.28	    0.14083	-9.7531e+92	-9.7531e+92	     0.0000	 0.00023316	     0.0000	     0.0000	-1.1656e-08	     0.0000	
16	8	   0.020770	     0.0000	     112.87	    0.29583	-9.7531e+92	-9.7531e+92	     0.0000	 2.2414e-05	     0.0000	     0.0000	-1.0542e-09	     0.0000	
16	9	   0.035667	     0.0000	     159.83	   0.077890	-9.7531e+92	-9.7531e+92	     0.0000	 3.5663e-05	     0.0000	     0.0000	-1.7726e-09	     0.0000	
16	10	   0.040916	     0.0000	     147.94	    0.10538	-9.7531e+92	-9.7531e+92	     0.0000	 4.5753e-05	     0.0000	     0.0000	-2.0961e-09	     0.0000	
16	11	  0.0023454	     0.0000	     142.85	    0.12075	-9.7531e+92	-9.7531e+92	     0.0000	 2.6686e-06	     0.0000	     0.0000	-1.2322e-10	     0.0000	
16	12	   0.020816	     0.0000	     115.95	    0.26758	-9.7531e+92	-9.7531e+92	     0.0000	 2.3087e-05	     0.0000	     0.0000	-1.0669e-09	     0.0000	
16	13	  0.0018862	     0.0000	     153.85	   0.090443	-9.7531e+92	-9.7531e+92	     0.0000	 1.6736e-06	     0.0000	     0.0000	-8.2338e-11	     0.0000	
16	14	   0.016083	     0.0000	     121.20	    0.22662	-9.7531e+92	-9.7531e+92	     0.0000	 1.4976e-05	     0.0000	     0.0000	-7.4049e-10	     0.0000	
16	15	  0.0015535	     0.0000	     65.362	     1.6609	-9.7531e+92	-9.7531e+92	     0.0000	 1.6460e-06	     0.0000	     0.0000	-8.0927e-11	     0.0000	
16	16	     0.0000	     0.0000	     0.0000	     4.0000	-9.7531e+92	-9.7531e+92	     0.0000	     0.0000	     0.0000	     0.0000	     0.0000	     0.0000	
16	17	    0.10820	     0.0000	     148.25	    0.10451	-9.7531e+92	-9.7531e+92	     0.0000	 0.00011916	     0.0000	     0.0000	 1.0046e-11	     0.0000	
16	18	   0.037873	     0.0000	     110.59	    0.31898	-9.7531e+92	-9.7531e+92	     0.0000	 3.6294e-05	     0.0000	     0.0000	-1.7970e-09	     0.0000	
16	19	   0.022217	     0.0000	     73.024	     1.2523	-9.7531e+92	-9.7531e+92	     0.0000	 2.4099e-05	     0.0000	     0.0000	-1.1298e-09	     0.0000	
16	20	  0.0031748	     0.0000	     74.477	     1.1855	-9.7531e+92	-9.7531e+92	     0.0000	 3.4670e-06	     0.0000	     0.0000	-1.6435e-10	     0.0000	
16	21	   0.015381	     0.0000	     180.81	   0.047925	-9.7531e+92	-9.7531e+92	     0.0000	 1.5021e-05	     0.0000	     0.0000	-7.6954e-10	     0.0000	
16	22	   0.092755	     0.0000	     106.73	    0.36321	-9.7531e+92	-9.7531e+92	     0.0000	 0.00010096	     0.0000	     0.0000	-4.6952e-09	     0.0000	
16	23	   0.056653	     0.0000	     136.77	    0.14287	-9.7531e+92	-9.7531e+92	     0.0000	 6.1160e-05	     0.0000	     0.0000	-2.8830e-09	     0.0000	
16	24	  0.0033642	     0.0000	     177.80	   0.051213	-9.7531e+92	-9.7531e+92	     0.0000	 3.7163e-06	     0.0000	     0.0000	-1.7505e-10	     0.0000	
17	0	 5.4359e-09	 2.2068e-09	     353.56	  0.0033150	-9.7531e+92	-9.7531e+92	  0.0014420	 1.3716e-06	     0.0000	  -0.011367	-0.00011175	    0.12674	
17	1	 1.7186e-09	 6.9769e-10	     342.57	  0.0037606	-9.7531e+92	-9.7531e+92	  0.0017359	 1.3699e-06	     0.0000	     0.0000	-0.00011216	    0.14691	
17	2	    0.10912	   0.044297	     160.64	   0.076357	-9.7531e+92	-9.7531e+92	   0.031957	  0.0017377	   0.022621	   0.023375	   -0.21483	   -0.16556	
17	3	    0.23881	   0.096949	     122.41	    0.21829	-9.7531e+92	-9.7531e+92	   0.038745	  0.0033265	   0.034436	   0.084083	   -0.47186	   -0.43957	
17	4	    0.60594	    0.24599	     73.525	     1.2289	-9.7531e+92	-9.7531e+92	   0.073657	  0.0042993	   0.069807	   0.096003	    -1.1598	    -1.1188	
17	5	 1.0051e-09	 4.0802e-10	     219.60	   0.022168	-9.7531e+92	-9.7531e+92	  0.0027812	 1.4295e-06	     0.0000	  -0.017838	-0.00013306	    0.10132	
17	6	 6.0526e-10	 2.4572e-10	     251.72	   0.012870	-9.7531e+92	-9.7531e+92	  0.0010337	 1.4248e-06	     0.0000	 -0.0013436	-0.00013495	   0.088056	
17	7	 1.2087e-09	 4.9069e-10	     281.54	  0.0082346	-9.7531e+92	-9.7531e+92	  0.0016556	 1.3903e-06	     0.0000	     0.0000	-0.00013501	    0.16374	
17	8	 6.0998e-10	 2.4763e-10	     258.50	   0.011577	-9.7531e+92	-9.7531e+92	 0.00014298	 1.4386e-06	     0.0000	-0.00067438	-0.00013768	  0.0033762	
17	9	 5.0417e-09	 2.0467e-09	     293.28	  0.0069951	-9.7531e+92	-9.7531e+92	 0.00098205	 1.4110e-06	     0.0000	-0.00091558	-0.00013452	   0.083856	
17	10	 2.0509e-10	 8.3259e-11	     270.72	  0.0096279	-9.7531e+92	-9.7531e+92	 2.1373e-05	 1.4588e-06	     0.0000	-4.0402e-05	-0.00013943	 0.00012532	
17	11	 6.1009e-09	 2.4768e-09	     290.18	  0.0072979	-9.7531e+92	-9.7531e+92	 1.8258e-05	 1.4622e-06	     0.0000	-5.1728e-05	-0.00013928	 0.00022805	
17	12	 9.9170e-10	 4.0259e-10	     225.22	   0.020047	-9.7531e+92	-9.7531e+92	 0.00013173	 1.4405e-06	     0.0000	-0.00020884	-0.00013922	 0.00058246	
17	13	 7.3877e-10	 2.9991e-10	     287.27	  0.0075975	-9.7531e+92	-9.7531e+92	  0.0068427	 1.3155e-06	     0.0000	 -0.0049911	-0.00011102	    0.20627	
17	14	 2.3363e-10	 9.4844e-11	     254.84	   0.012253	-9.7531e+92	-9.7531e+92	  0.0088240	 1.3625e-06	     0.0000	 -0.0059807	-0.00012248	    0.25351	
17	15	 1.1695e-08	 4.7476e-09	     175.81	   0.053534	-9.7531e+92	-9.7531e+92	   0.014538	 1.2960e-06	  0.0072959	 -0.0042602	-0.00013502	   0.035406	
17	16	 3.4786e-09	 1.4122e-09	     148.25	    0.10451	-9.7531e+92	-9.7531e+92	 1.3529e-05	 1.3331e-06	     0.0000	 1.6407e-09	-1.6284e-05	-1.7553e-09	
17	17	     0.0000	     0.0000	     0.0000	     4.0000	-9.7531e+92	-9.7531e+92	    0.20434	     0.0000	    0.20417	     0.0000	     0.0000	     0.0000	
17	18	 1.6786e-09	 6.8147e-10	     258.46	   0.011584	-9.7531e+92	-9.7531e+92	  0.0034052	 1.3665e-06	     0.0000	  -0.014710	-0.00012729	    0.24482	
17	19	 1.4279e-09	 5.7968e-10	     187.53	   0.041480	-9.7531e+92	-9.7531e+92	  0.0012922	 1.3954e-06	 0.00095789	-0.00043022	-0.00013746	  0.0015348	
17	20	 2.5514e-09	 1.0358e-09	     207.02	   0.028026	-9.7531e+92	-9.7531e+92	 0.00031340	 1.4107e-06	     0.0000	-0.00051880	-0.00013792	  0.0019900	
17	21	 1.6386e-09	 6.6521e-10	     326.31	  0.0045671	-9.7531e+92	-9.7531e+92	  0.0018992	 1.3669e-06	     0.0000	 -0.0074100	-0.00013525	    0.28211	
17	22	   0.046120	   0.018723	     106.10	    0.37108	-9.7531e+92	-9.7531e+92	   0.010039	 0.00074048	  0.0094444	   0.021500	  -0.087293	  -0.083357	
17	23	 2.9193e-09	 1.1851e-09	     284.58	  0.0078888	-9.7531e+92	-9.7531e+92	 9.4524e-05	 1.4541e-06	     0.0000	-0.00051542	-0.00013845	   0.011629	
17	24	 6.2523e-09	 2.5382e-09	     325.25	  0.0046269	-9.7531e+92	-9.7531e+92	 1.5999e-05	 1.4629e-06	     0.0000	-2.8660e-05	-0.00013926	 0.00046644	
18	0	   0.012692	   0.056870	     116.29	    0.26473	-9.7531e+92	-9.7531e+92	    0.11264	   0.018939	     0.0000	  -0.096521	   -0.13112	   0.028534	
18	1	    0.11423	    0.51184	     111.77	    0.30668	-9.7531e+92	-9.7531e+92	    0.23458	    0.15473	     0.0000	     0.0000	    -1.6268	  -0.012033	
18	2	 0.00042019	  0.0018828	     137.27	    0.14087	-9.7531e+92	-9.7531e+92	   0.012478	 0.00083271	     0.0000	   -0.10299	 -0.0074839	   0.031489	
18	3	 1.9072e-06	 8.5455e-06	     199.21	   0.032649	-9.7531e+92	-9.7531e+92	  0.0026355	 0.00012343	     0.0000	  -0.071380	-0.00098447	   0.013805	
18	4	 2.3709e-08	 1.0624e-07	     186.18	   0.042684	-9.7531e+92	-9.7531e+92	  0.0020998	 0.00012023	     0.0000	  -0.071529	 -0.0011240	   0.014871	
18	5	   0.035041	    0.15701	     53.346	     2.4617	-9.7531e+92	-9.7531e+92	   0.093421	   0.026684	     0.0000	-3.2420e-05	   -0.56330	   0.020270	
18	6	   0.052217	    0.23397	     36.723	     3.5078	-9.7531e+92	-9.7531e+92	   0.099781	   0.076570	     0.0000	 0.00017202	   -0.85629	  -0.012833	
18	7	   0.052453	    0.23503	     38.248	     3.4331	-9.7531e+92	-9.7531e+92	    0.16095	   0.080502	     0.0000	     0.0000	   -0.88008	   0.050604	
18	8	  0.0013129	  0.0058829	     75.421	     1.1439	-9.7531e+92	-9.7531e+92	  0.0047654	  0.0017427	     0.0000	-0.00077469	  -0.018588	 0.00033151	
18	9	  0.0012725	  0.0057018	     96.665	    0.51699	-9.7531e+92	-9.7531e+92	   0.040369	  0.0022265	     0.0000	 -0.0090336	  -0.022915	   0.067854	
18	10	 7.2376e-16	 3.2430e-15	     118.82	    0.24422	-9.7531e+92	-9.7531e+92	 0.00020245	 0.00010610	     0.0000	-0.00038060	 -0.0010335	 0.00011680	
18	11	 0.00018279	 0.00081904	     81.269	    0.91620	-9.7531e+92	-9.7531e+92	 0.00049802	 0.00036188	     0.0000	 0.00028294	 -0.0034903	-0.00013422	
18	12	 8.9462e-09	 4.0086e-08	     120.73	    0.22996	-9.7531e+92	-9.7531e+92	 0.00032065	 0.00010959	     0.0000	 -0.0019930	 -0.0010998	 0.00054094	
18	13	   0.036106	    0.16178	     87.611	    0.72124	-9.7531e+92	-9.7531e+92	    0.17073	   0.045690	     0.0000	  -0.036257	   -0.57670	   0.034754	
18	14	   0.026053	    0.11674	     78.249	     1.0276	-9.7531e+92	-9.7531e+92	    0.30251	   0.035442	     0.0000	 -0.0036091	   -0.42626	    0.11570	
18	15	 0.00017208	 0.00077105	     116.73	    0.26100	-9.7531e+92	-9.7531e+92	  0.0089552	 0.00041311	     0.0000	  -0.053363	 -0.0042134	   0.030167	
18	16	 5.4758e-16	 2.4536e-15	     110.59	    0.31898	-9.7531e+92	-9.7531e+92	 0.00014932	 0.00012269	     0.0000	 1.3826e-08	 -0.0012550	-8.7323e-09	
18	17	 2.9359e-16	 1.3155e-15	     258.46	   0.011584	-9.7531e+92	-9.7531e+92	 0.00019603	 0.00013448	     0.0000	 -0.0034699	 -0.0013498	 0.00067833	
18	18	     0.0000	     0.0000	     0.0000	     4.0000	-9.7531e+92	-9.7531e+92	     2.3794	     0.0000	     1.7935	     0.0000	     0.0000	     0.0000	
18	19	 6.9335e-06	 3.1067e-05	     118.15	    0.24945	-9.7531e+92	-9.7531e+92	 0.00045334	 0.00011152	     0.0000	 -0.0032765	 -0.0011586	  0.0013829	
18	20	 0.00021373	 0.00095769	     90.275	    0.65310	-9.7531e+92	-9.7531e+92	  0.0012393	 0.00041059	     0.0000	 -0.0032549	 -0.0043281	  0.0014100	
18	21	    0.63344	     2.8383	     79.511	    0.97945	-9.7531e+92	-9.7531e+92	    0.80865	     1.0000	    0.17174	    0.26008	    -10.909	   -0.82678	
18	22	 1.4881e-16	 6.6678e-16	     205.13	   0.029065	-9.7531e+92	-9.7531e+92	 0.00031302	 0.00012603	     0.0000	  -0.011517	 -0.0012734	  0.0026263	
18	23	   0.033620	    0.15065	     36.898	     3.4995	-9.7531e+92	-9.7531e+92	   0.041829	   0.046746	   0.015870	   0.023263	   -0.47094	  -0.050229	
18	24	 0.00056623	  0.0025371	     74.739	     1.1738	-9.7531e+92	-9.7531e+92	  0.0011511	 0.00088731	     0.0000	 0.00036778	 -0.0084631	-0.00053465	
19	0	 2.0501e-05	 1.6077e-05	     234.49	   0.017074	-9.7531e+92	-9.7531e+92	  0.0044036	 6.8749e-06	     0.0000	  -0.047625	-0.00079808	    0.68271	
19	1	 9.8558e-05	 7.7289e-05	     226.57	   0.019575	-9.7531e+92	-9.7531e+92	  0.0081171	 1.2934e-05	     0.0000	     0.0000	 -0.0015181	    0.79045	
19	2	  0.0069037	  0.0054138	     139.30	    0.13308	-9.7531e+92	-9.7531e+92	  0.0046430	 0.00051925	     0.0000	  -0.029177	  -0.073238	    0.16347	
19	3	 0.00018448	 0.00014467	     184.07	   0.044655	-9.7531e+92	-9.7531e+92	  0.0022553	 1.8492e-05	     0.0000	  -0.027769	 -0.0026126	    0.10443	
19	4	   0.048235	   0.037826	     119.82	    0.23665	-9.7531e+92	-9.7531e+92	   0.011002	  0.0032381	  0.0035649	    0.10559	   -0.51714	   -0.40284	
19	5	    0.33893	    0.26578	     64.874	     1.6901	-9.7531e+92	-9.7531e+92	   0.085139	   0.027144	   0.044438	    0.41176	    -3.6388	    -2.9869	
19	6	  0.0027968	  0.0021932	     133.74	    0.15573	-9.7531e+92	-9.7531e+92	  0.0046520	 0.00023103	     0.0000	 -0.0052771	  -0.031145	    0.43980	
19	7	 5.0876e-05	 3.9896e-05	     154.38	   0.089237	-9.7531e+92	-9.7531e+92	  0.0061652	 9.2807e-06	     0.0000	     0.0000	 -0.0012802	    0.87206	
19	8	   0.077503	   0.060777	     80.536	    0.94205	-9.7531e+92	-9.7531e+92	   0.029698	  0.0055302	   0.028335	   0.093097	   -0.82599	   -0.78376	
19	9	 1.1805e-12	 9.2571e-13	     193.08	   0.036956	-9.7531e+92	-9.7531e+92	  0.0018972	 5.3564e-06	     0.0000	 -0.0038370	-0.00072420	    0.44697	
19	10	 0.00057650	 0.00045209	     85.643	    0.77653	-9.7531e+92	-9.7531e+92	  0.0018135	 4.5938e-05	  0.0017131	  0.0010816	 -0.0066200	 -0.0051425	
19	11	 6.3444e-06	 4.9752e-06	     108.78	    0.33886	-9.7531e+92	-9.7531e+92	 0.00076796	 5.8221e-06	 0.00062810	-0.00018773	-0.00080812	  0.0011338	
19	12	    0.15808	    0.12396	     44.530	     3.0689	-9.7531e+92	-9.7531e+92	   0.034533	  0.0099087	   0.034257	    0.31307	    -1.4602	    -1.4084	
19	13	  0.0087891	  0.0068924	     184.51	   0.044238	-9.7531e+92	-9.7531e+92	   0.010087	 0.00067475	     0.0000	  -0.019464	  -0.080277	     1.0347	
19	14	  0.0087970	  0.0068986	     166.55	   0.066257	-9.7531e+92	-9.7531e+92	   0.013875	 0.00068841	     0.0000	  -0.023498	  -0.088181	     1.2735	
19	15	  0.0015715	  0.0012324	     131.26	    0.16732	-9.7531e+92	-9.7531e+92	  0.0025114	 0.00012902	     0.0000	  -0.019990	  -0.017912	    0.17205	
19	16	 4.5460e-12	 3.5649e-12	     73.024	     1.2523	-9.7531e+92	-9.7531e+92	 2.6134e-05	 5.3006e-06	     0.0000	 4.7883e-09	-0.00071135	-4.6080e-08	
19	17	 9.6351e-13	 7.5558e-13	     187.53	   0.041480	-9.7531e+92	-9.7531e+92	 0.00022955	 5.1552e-06	     0.0000	 -0.0013320	-0.00073637	  0.0038273	
19	18	   0.094633	   0.074211	     118.15	    0.24945	-9.7531e+92	-9.7531e+92	   0.074375	  0.0073328	     0.0000	  -0.017085	   -0.97634	    0.36274	
19	19	     0.0000	     0.0000	     0.0000	     4.0000	-9.7531e+92	-9.7531e+92	    0.40248	     0.0000	    0.40183	     0.0000	     0.0000	     0.0000	
19	20	    0.25003	    0.19607	     28.400	     3.8088	-9.7531e+92	-9.7531e+92	   0.055967	  0.0095047	   0.055144	    0.16151	    -1.8597	    -1.7743	
19	21	 1.0809e-13	 8.4764e-14	     197.71	   0.033641	-9.7531e+92	-9.7531e+92	   0.025829	 5.1828e-06	     0.0000	  -0.031054	-0.00072784	     1.5033	
19	22	  0.0027906	  0.0021884	     93.933	    0.57085	-9.7531e+92	-9.7531e+92	  0.0013878	 0.00015287	 0.00023948	  0.0026801	  -0.022941	  -0.010734	
19	23	 1.1043e-05	 8.6597e-06	     121.29	    0.22600	-9.7531e+92	-9.7531e+92	  0.0021904	 6.3325e-06	     0.0000	 -0.0019761	-0.00086421	   0.061771	
19	24	 1.0336e-13	 8.1057e-14	     150.08	   0.099629	-9.7531e+92	-9.7531e+92	 7.5191e-05	 5.5088e-06	     0.0000	-0.00011862	-0.00074682	  0.0024818	
20	0	 0.00012164	 0.00010432	     206.61	   0.028245	-9.7531e+92	-9.7531e+92	  0.0057670	 1.6869e-05	     0.0000	  -0.054092	 -0.0021265	    0.83704	
20	1	 0.00011309	 9.6990e-05	     199.20	   0.032652	-9.7531e+92	-9.7531e+92	   0.010026	 1.5969e-05	     0.0000	     0.0000	 -0.0020388	    0.97018	
20	2	  0.0066858	  0.0057337	     139.77	    0.13137	-9.7531e+92	-9.7531e+92	  0.0032720	 0.00058813	     0.0000	  -0.034775	  -0.087226	    0.20293	
20	3	 1.1459e-05	 9.8273e-06	     185.64	   0.043179	-9.7531e+92	-9.7531e+92	 0.00083553	 6.8282e-06	     0.0000	  -0.033336	-0.00099887	    0.12998	
20	4	 0.00061709	 0.00052922	     135.08	    0.14987	-9.7531e+92	-9.7531e+92	  0.0023661	 5.7738e-05	     0.0000	  -0.030822	 -0.0090360	    0.11243	
20	5	    0.25661	    0.22007	     39.691	     3.3571	-9.7531e+92	-9.7531e+92	   0.080380	   0.022863	   0.035868	    0.32773	    -3.3871	    -2.6068	
20	6	  0.0048744	  0.0041802	     111.59	    0.30852	-9.7531e+92	-9.7531e+92	  0.0060990	 0.00045148	     0.0000	 -0.0056212	  -0.066076	    0.51155	
20	7	  0.0017457	  0.0014971	     126.68	    0.19164	-9.7531e+92	-9.7531e+92	  0.0081969	 0.00016243	     0.0000	     0.0000	  -0.024254	     1.0456	
20	8	    0.13837	    0.11867	     51.987	     2.5582	-9.7531e+92	-9.7531e+92	   0.040678	  0.0083941	   0.039188	    0.11902	    -1.5958	    -1.5150	
20	9	 1.4679e-07	 1.2589e-07	     174.09	   0.055651	-9.7531e+92	-9.7531e+92	  0.0027875	 6.1025e-06	     0.0000	 -0.0043637	-0.00089264	    0.54715	
20	10	  0.0061629	  0.0052853	     74.457	     1.1864	-9.7531e+92	-9.7531e+92	  0.0025374	 0.00042479	  0.0024277	   0.010417	  -0.067778	  -0.063712	
20	11	  0.0033435	  0.0028674	     83.734	    0.83452	-9.7531e+92	-9.7531e+92	  0.0015636	 0.00028578	  0.0014107	  0.0053407	  -0.044506	  -0.040757	
20	12	   0.077542	   0.066500	     45.010	     3.0379	-9.7531e+92	-9.7531e+92	   0.023290	  0.0046691	   0.022988	    0.12378	   -0.81256	   -0.77499	
20	13	   0.035675	   0.030595	     165.04	   0.068678	-9.7531e+92	-9.7531e+92	   0.016855	  0.0030961	     0.0000	  -0.017072	   -0.39996	    0.97977	
20	14	   0.020599	   0.017666	     147.73	    0.10597	-9.7531e+92	-9.7531e+92	   0.018329	  0.0018121	     0.0000	  -0.023986	   -0.25354	     1.4215	
20	15	  0.0010290	 0.00088250	     124.66	    0.20372	-9.7531e+92	-9.7531e+92	  0.0015631	 9.9019e-05	     0.0000	  -0.023778	  -0.014739	    0.21762	
20	16	 4.9078e-16	 4.2089e-16	     74.477	     1.1855	-9.7531e+92	-9.7531e+92	 2.8580e-05	 6.1184e-06	     0.0000	 5.7967e-09	-0.00090676	-5.8473e-08	
20	17	 3.2391e-16	 2.7778e-16	     207.02	   0.028026	-9.7531e+92	-9.7531e+92	 7.3565e-05	 6.1730e-06	     0.0000	 -0.0016150	-0.00091727	  0.0047422	
20	18	    0.14496	    0.12432	     90.275	    0.65310	-9.7531e+92	-9.7531e+92	   0.087753	   0.012712	     0.0000	  0.0075179	    -1.8416	   -0.17208	
20	19	    0.29758	    0.25521	     28.400	     3.8088	-9.7531e+92	-9.7531e+92	   0.067257	   0.015131	   0.066551	    0.29279	    -3.0405	    -2.9009	
20	20	     0.0000	     0.0000	     0.0000	     4.0000	-9.7531e+92	-9.7531e+92	    0.44307	     0.0000	    0.44217	     0.0000	     0.0000	     0.0000	
20	21	 1.1372e-07	 9.7525e-08	     169.84	   0.061351	-9.7531e+92	-9.7531e+92	   0.030933	 5.8923e-06	     0.0000	  -0.035317	-0.00089655	     1.8401	
20	22	 4.4762e-06	 3.8388e-06	     116.48	    0.26308	-9.7531e+92	-9.7531e+92	 0.00029713	 5.8383e-06	     0.0000	 -0.0045636	-0.00092839	   0.017571	
20	23	  0.0039441	  0.0033825	     93.058	    0.58941	-9.7531e+92	-9.7531e+92	  0.0034585	 0.00036175	     0.0000	-0.00052640	  -0.054299	   0.023474	
20	24	 5.2164e-10	 4.4736e-10	     121.85	    0.22210	-9.7531e+92	-9.7531e+92	 9.7363e-05	 6.2157e-06	     0.0000	-0.00012829	-0.00091505	  0.0030356	
21	0	   0.088675	    0.15942	     39.458	     3.3697	-9.7531e+92	-9.7531e+92	   0.083256	    0.10925	     0.0000	  0.0088043	     1.3210	   0.020951	
21	1	    0.12934	    0.23252	     57.297	     2.1839	-9.7531e+92	-9.7531e+92	   0.095657	    0.15278	     0.0000	     0.0000	     1.7281	   0.071752	
21	2	 3.6647e-06	 6.5886e-06	     197.19	   0.033993	-9.7531e+92	-9.7531e+92	  0.0087676	 0.00012083	     0.0000	  -0.051924	  0.0012781	  -0.035325	
21	3	 4.5552e-13	 8.1895e-13	     259.71	   0.011362	-9.7531e+92	-9.7531e+92	  0.0017588	 0.00011930	     0.0000	  -0.035342	  0.0012551	  -0.016484	
21	4	 1.7988e-12	 3.2339e-12	     253.96	   0.012424	-9.7531e+92	-9.7531e+92	  0.0013774	 0.00011937	     0.0000	  -0.035409	  0.0011464	  -0.014091	
21	5	 0.00034902	 0.00062747	     132.91	    0.15951	-9.7531e+92	-9.7531e+92	   0.040197	 0.00053524	     0.0000	-0.00090005	  0.0073454	  -0.077147	
21	6	   0.017541	   0.031537	     78.899	     1.0025	-9.7531e+92	-9.7531e+92	   0.030110	   0.027553	     0.0000	 -0.0040995	    0.30637	  -0.039698	
21	7	   0.072426	    0.13021	     44.967	     3.0407	-9.7531e+92	-9.7531e+92	   0.082109	   0.092587	     0.0000	     0.0000	     1.3459	  -0.015176	
21	8	 6.2186e-05	 0.00011180	     132.38	    0.16196	-9.7531e+92	-9.7531e+92	 0.00050369	 0.00020445	     0.0000	 -0.0027853	  0.0022746	 -0.0023155	
21	9	  0.0076811	   0.013809	     83.320	    0.84769	-9.7531e+92	-9.7531e+92	   0.024837	   0.012310	     0.0000	 -0.0037772	    0.13364	  -0.051464	
21	10	 2.5662e-12	 4.6136e-12	     171.26	   0.059366	-9.7531e+92	-9.7531e+92	 7.0151e-05	 0.00011834	     0.0000	-0.00020342	  0.0011066	-8.6795e-05	
21	11	 8.5123e-15	 1.5304e-14	     128.65	    0.18069	-9.7531e+92	-9.7531e+92	 8.5328e-05	 0.00011252	     0.0000	-0.00026046	  0.0011524	-0.00015842	
21	12	 9.4083e-13	 1.6914e-12	     187.39	   0.041605	-9.7531e+92	-9.7531e+92	 9.6155e-05	 0.00011962	     0.0000	 -0.0010515	  0.0010848	-0.00040449	
21	13	   0.082383	    0.14811	     76.619	     1.0932	-9.7531e+92	-9.7531e+92	   0.098429	    0.10228	     0.0000	 -0.0087391	     1.2477	  -0.078461	
21	14	    0.55384	    0.99571	     101.18	    0.44014	-9.7531e+92	-9.7531e+92	    0.28766	    0.80738	   0.034882	   0.088358	     9.9480	    0.67474	
21	15	 7.3440e-13	 1.3203e-12	     175.65	   0.053734	-9.7531e+92	-9.7531e+92	  0.0057973	 0.00011677	     0.0000	  -0.026674	  0.0011105	  -0.026003	
21	16	 3.1327e-12	 5.6320e-12	     180.81	   0.047925	-9.7531e+92	-9.7531e+92	 5.9914e-05	 0.00011902	     0.0000	 6.8844e-09	  0.0010969	 6.2259e-09	
21	17	 2.1354e-12	 3.8390e-12	     326.31	  0.0045671	-9.7531e+92	-9.7531e+92	 8.8425e-05	 0.00013201	     0.0000	 -0.0017177	 0.00099877	-0.00050490	
21	18	   0.045540	   0.081874	     79.511	    0.97945	-9.7531e+92	-9.7531e+92	   0.079912	   0.038034	     0.0000	     0.0000	    0.54936	     0.0000	
21	19	 1.1349e-12	 2.0404e-12	     197.71	   0.033641	-9.7531e+92	-9.7531e+92	 0.00014423	 0.00011473	     0.0000	 -0.0021984	  0.0011152	 -0.0010830	
21	20	 6.2916e-14	 1.1311e-13	     169.84	   0.061351	-9.7531e+92	-9.7531e+92	 0.00027515	 0.00011211	     0.0000	 -0.0026122	  0.0011266	 -0.0014091	
21	21	     0.0000	     0.0000	     0.0000	     4.0000	-9.7531e+92	-9.7531e+92	    0.95327	     0.0000	    0.69773	     0.0000	     0.0000	     0.0000	
21	22	 3.0737e-12	 5.5260e-12	     284.69	  0.0078758	-9.7531e+92	-9.7531e+92	 0.00016439	 0.00012723	     0.0000	 -0.0057052	  0.0010293	 -0.0019883	
21	23	  0.0017117	  0.0030774	     78.648	     1.0121	-9.7531e+92	-9.7531e+92	  0.0026890	  0.0027832	     0.0000	 -0.0017634	   0.032084	 -0.0057412	
21	24	 0.00045436	 0.00081686	     85.071	    0.79345	-9.7531e+92	-9.7531e+92	 0.00033642	 0.00076881	     0.0000	 0.00012447	   0.010111	 0.00031939	
22	0	 5.6478e-12	 3.1694e-12	     321.47	  0.0048482	-9.7531e+92	-9.7531e+92	  0.0019886	 5.3704e-06	     0.0000	  -0.046558	-0.00015900	    0.17400	
22	1	 1.2037e-11	 6.7546e-12	     312.59	  0.0054224	-9.7531e+92	-9.7531e+92	  0.0028308	 5.3604e-06	     0.0000	     0.0000	-0.00015985	    0.20225	
22	2	   0.060778	   0.034107	     161.29	   0.075160	-9.7531e+92	-9.7531e+92	   0.029669	  0.0037209	   0.016763	   0.041490	   -0.18929	   -0.11004	
22	3	    0.12424	   0.069718	     164.94	   0.068842	-9.7531e+92	-9.7531e+92	   0.032520	  0.0065971	   0.026563	    0.16967	   -0.39573	   -0.33760	
22	4	    0.50179	    0.28159	     82.638	    0.86986	-9.7531e+92	-9.7531e+92	   0.081309	   0.012391	   0.075987	    0.30746	    -1.4149	    -1.3024	
22	5	   0.070097	   0.039336	     151.89	   0.095092	-9.7531e+92	-9.7531e+92	   0.019680	  0.0058504	     0.0000	   0.025572	   -0.21964	  -0.053530	
22	6	 2.3237e-12	 1.3040e-12	     216.08	   0.023641	-9.7531e+92	-9.7531e+92	  0.0016259	 5.5496e-06	     0.0000	 -0.0055032	-0.00021347	    0.13381	
22	7	 1.2972e-12	 7.2797e-13	     241.36	   0.015218	-9.7531e+92	-9.7531e+92	  0.0024543	 5.4162e-06	     0.0000	     0.0000	-0.00021362	    0.24887	
22	8	 6.1756e-13	 3.4656e-13	     168.70	   0.062994	-9.7531e+92	-9.7531e+92	  0.0027269	 5.5932e-06	  0.0017515	 -0.0027619	-0.00021987	  0.0051779	
22	9	 1.4411e-12	 8.0871e-13	     266.14	   0.010307	-9.7531e+92	-9.7531e+92	  0.0011800	 5.4990e-06	     0.0000	 -0.0037501	-0.00021244	    0.12724	
22	10	 4.2474e-12	 2.3835e-12	     176.66	   0.052524	-9.7531e+92	-9.7531e+92	 0.00018049	 5.6659e-06	 0.00010868	-0.00016546	-0.00022394	 0.00019330	
22	11	 7.1045e-14	 3.9868e-14	     200.45	   0.031856	-9.7531e+92	-9.7531e+92	 9.2129e-05	 5.6826e-06	     0.0000	-0.00021188	-0.00022367	 0.00035156	
22	12	 4.3629e-12	 2.4483e-12	     131.16	    0.16782	-9.7531e+92	-9.7531e+92	  0.0029430	 5.5924e-06	  0.0027455	-0.00085520	-0.00022330	 0.00089791	
22	13	 0.00012136	 6.8102e-05	     260.15	   0.011286	-9.7531e+92	-9.7531e+92	  0.0076878	 1.4492e-05	     0.0000	  -0.020420	-0.00044516	    0.28112	
22	14	 0.00031912	 0.00017908	     227.39	   0.019298	-9.7531e+92	-9.7531e+92	   0.010189	 3.0735e-05	     0.0000	  -0.024441	 -0.0010649	    0.36604	
22	15	 0.00011770	 6.6049e-05	     163.21	   0.071746	-9.7531e+92	-9.7531e+92	   0.014501	 1.3880e-05	  0.0044910	  -0.017326	-0.00058661	   0.053507	
22	16	 6.8231e-13	 3.8289e-13	     106.73	    0.36321	-9.7531e+92	-9.7531e+92	 1.8701e-05	 5.1961e-06	     0.0000	 3.9037e-09	-0.00011209	-6.9462e-09	
22	17	  0.0034882	  0.0019575	     106.10	    0.37108	-9.7531e+92	-9.7531e+92	  0.0019937	 0.00018933	  0.0017562	  0.0060490	 -0.0068475	 -0.0056351	
22	18	  0.0010209	 0.00057290	     205.13	   0.029065	-9.7531e+92	-9.7531e+92	   0.014681	 8.6792e-05	     0.0000	  -0.059780	 -0.0031831	    0.35880	
22	19	    0.21894	    0.12286	     93.933	    0.57085	-9.7531e+92	-9.7531e+92	   0.032738	   0.017665	   0.032276	    0.50581	   -0.70770	   -0.67555	
22	20	   0.019086	   0.010711	     116.48	    0.26308	-9.7531e+92	-9.7531e+92	  0.0073900	  0.0015702	  0.0068011	   0.039050	  -0.063083	  -0.056192	
22	21	 5.8113e-12	 3.2611e-12	     284.69	  0.0078758	-9.7531e+92	-9.7531e+92	  0.0057435	 5.3263e-06	     0.0000	  -0.030350	-0.00021418	    0.42915	
22	22	     0.0000	     0.0000	     0.0000	     4.0000	-9.7531e+92	-9.7531e+92	    0.28656	     0.0000	    0.28574	     0.0000	     0.0000	     0.0000	
22	23	 1.1104e-11	 6.2313e-12	     209.07	   0.026949	-9.7531e+92	-9.7531e+92	 0.00038751	 5.6564e-06	     0.0000	 -0.0021111	-0.00022174	   0.017879	
22	24	 1.0797e-11	 6.0589e-12	     237.89	   0.016122	-9.7531e+92	-9.7531e+92	 2.7534e-05	 5.6907e-06	     0.0000	-0.00011739	-0.00022361	 0.00071899	
23	0	   0.054639	   0.039660	     119.13	    0.24186	-9.7531e+92	-9.7531e+92	   0.020019	  0.0044020	     0.0000	 -0.0050780	   -0.26034	   0.083139	
23	1	   0.015510	   0.011258	     132.72	    0.16037	-9.7531e+92	-9.7531e+92	   0.019179	  0.0012339	     0.0000	     0.0000	  -0.075108	    0.27498	
23	2	 2.5528e-05	 1.8530e-05	     168.40	   0.063436	-9.7531e+92	-9.7531e+92	  0.0015995	 7.9375e-06	     0.0000	  -0.015923	-0.00050914	   0.097897	
23	3	 1.2824e-13	 9.3081e-14	     228.38	   0.018966	-9.7531e+92	-9.7531e+92	 0.00035971	 5.8663e-06	     0.0000	  -0.010848	-0.00036251	   0.044558	
23	4	 7.5586e-14	 5.4865e-14	     212.30	   0.025355	-9.7531e+92	-9.7531e+92	 0.00029456	 5.8220e-06	     0.0000	  -0.010869	-0.00037926	   0.041183	
23	5	    0.11206	   0.081337	     65.633	     1.6449	-9.7531e+92	-9.7531e+92	   0.031036	  0.0084397	     0.0000	   0.022400	   -0.63238	   -0.26226	
23	6	   0.058776	   0.042663	     73.330	     1.2380	-9.7531e+92	-9.7531e+92	   0.018127	  0.0050017	     0.0000	 0.00066498	   -0.33682	  -0.062954	
23	7	    0.17531	    0.12725	     58.677	     2.0891	-9.7531e+92	-9.7531e+92	   0.043100	   0.014610	     0.0000	     0.0000	    -1.0019	   -0.40890	
23	8	    0.11636	   0.084461	     54.810	     2.3580	-9.7531e+92	-9.7531e+92	   0.021849	  0.0090354	   0.020587	   0.054167	   -0.62069	   -0.47772	
23	9	 0.00025990	 0.00018865	     121.73	    0.22293	-9.7531e+92	-9.7531e+92	  0.0052892	 2.8410e-05	     0.0000	 -0.0014064	 -0.0018723	    0.18611	
23	10	 2.4139e-05	 1.7521e-05	     95.614	    0.53700	-9.7531e+92	-9.7531e+92	 0.00016679	 7.8672e-06	 7.3912e-05	-3.4072e-05	-0.00050669	 0.00016577	
23	11	  0.0019260	  0.0013980	     53.605	     2.4433	-9.7531e+92	-9.7531e+92	 0.00070828	 0.00014452	 0.00057883	 0.00064509	 -0.0075040	 -0.0047839	
23	12	 5.0431e-07	 3.6605e-07	     109.85	    0.32696	-9.7531e+92	-9.7531e+92	 0.00047661	 5.8378e-06	 0.00022121	-0.00029587	-0.00038428	  0.0012949	
23	13	   0.069425	   0.050393	     113.01	    0.29441	-9.7531e+92	-9.7531e+92	   0.030194	  0.0052147	     0.0000	 -0.0034740	   -0.33703	    0.21098	
23	14	   0.014054	   0.010201	     114.84	    0.27739	-9.7531e+92	-9.7531e+92	   0.023351	  0.0011289	     0.0000	 -0.0083204	  -0.074187	    0.51361	
23	15	 7.3383e-07	 5.3266e-07	     149.47	    0.10124	-9.7531e+92	-9.7531e+92	  0.0013216	 5.9662e-06	     0.0000	 -0.0081874	-0.00039114	   0.079036	
23	16	 3.0691e-14	 2.2277e-14	     136.77	    0.14287	-9.7531e+92	-9.7531e+92	 2.4190e-05	 6.0072e-06	     0.0000	 1.8964e-09	-0.00033485	-1.7427e-08	
23	17	 1.5035e-13	 1.0913e-13	     284.58	  0.0078888	-9.7531e+92	-9.7531e+92	 3.0924e-05	 6.3695e-06	     0.0000	-0.00052726	-0.00039999	  0.0016222	
23	18	    0.35742	    0.25944	     36.898	     3.4995	-9.7531e+92	-9.7531e+92	   0.095678	   0.023780	 0.00076554	   0.025167	    -2.0545	   -0.98216	
23	19	 3.4706e-06	 2.5191e-06	     121.29	    0.22600	-9.7531e+92	-9.7531e+92	 0.00050153	 6.0668e-06	     0.0000	-0.00065512	-0.00040807	  0.0034042	
23	20	 0.00052820	 0.00038340	     93.058	    0.58941	-9.7531e+92	-9.7531e+92	  0.0022900	 5.0261e-05	  0.0015284	-0.00035853	 -0.0034180	  0.0020550	
23	21	   0.020002	   0.014518	     78.648	     1.0121	-9.7531e+92	-9.7531e+92	   0.044062	  0.0016787	     0.0000	 -0.0098425	   -0.11544	    0.54120	
23	22	 6.2296e-14	 4.5218e-14	     209.07	   0.026949	-9.7531e+92	-9.7531e+92	 4.7996e-05	 6.1825e-06	     0.0000	 -0.0017487	-0.00039680	  0.0063431	
23	23	     0.0000	     0.0000	     0.0000	     4.0000	-9.7531e+92	-9.7531e+92	    0.36532	     0.0000	    0.36111	     0.0000	     0.0000	     0.0000	
23	24	  0.0036810	  0.0026719	     40.708	     3.3006	-9.7531e+92	-9.7531e+92	 0.00076222	 0.00027766	 0.00054801	 0.00012738	  -0.014953	 -0.0098765	
24	0	    0.12107	   0.055521	     123.34	    0.21210	-9.7531e+92	-9.7531e+92	   0.020717	 0.00054693	     0.0000	 0.00060778	  -0.047469	  -0.015255	
24	1	   0.051561	   0.023645	     142.19	    0.12292	-9.7531e+92	-9.7531e+92	   0.016237	 0.00022858	     0.0000	     0.0000	  -0.020465	   0.012857	
24	2	 6.1447e-12	 2.8178e-12	     210.29	   0.026336	-9.7531e+92	-9.7531e+92	  0.0010313	 3.1887e-07	     0.0000	-0.00095848	-2.9804e-05	  0.0089351	
24	3	 1.3670e-11	 6.2688e-12	     270.69	  0.0096323	-9.7531e+92	-9.7531e+92	 0.00023046	 3.2343e-07	     0.0000	-0.00065228	-2.9426e-05	  0.0040661	
24	4	 4.9006e-12	 2.2473e-12	     253.16	   0.012581	-9.7531e+92	-9.7531e+92	 0.00018385	 3.2188e-07	     0.0000	-0.00065352	-3.0542e-05	  0.0037478	
24	5	  0.0084719	  0.0038850	     106.34	    0.36810	-9.7531e+92	-9.7531e+92	  0.0065893	 4.0109e-05	     0.0000	 -0.0013872	 -0.0038951	   0.017247	
24	6	  0.0047350	  0.0021714	     108.13	    0.34637	-9.7531e+92	-9.7531e+92	  0.0053847	 2.3385e-05	     0.0000	-0.00011158	 -0.0022175	   0.015974	
24	7	   0.052568	   0.024107	     84.614	    0.80724	-9.7531e+92	-9.7531e+92	   0.014871	 0.00024228	     0.0000	     0.0000	  -0.024098	   0.012121	
24	8	   0.029226	   0.013403	     77.960	     1.0389	-9.7531e+92	-9.7531e+92	  0.0046490	 0.00014160	  0.0038519	 0.00097354	  -0.013464	  -0.011213	
24	9	 0.00019924	 9.1366e-05	     149.07	    0.10229	-9.7531e+92	-9.7531e+92	  0.0034996	 1.2943e-06	     0.0000	-8.4682e-05	-0.00012265	   0.016950	
24	10	 9.5874e-05	 4.3966e-05	     102.71	    0.41717	-9.7531e+92	-9.7531e+92	 8.5010e-05	 8.1343e-07	 2.6333e-05	 1.8850e-06	-7.4051e-05	-1.3953e-05	
24	11	   0.010164	  0.0046608	     56.094	     2.2676	-9.7531e+92	-9.7531e+92	  0.0012710	 3.7591e-05	  0.0011892	 6.5631e-05	 -0.0014629	-0.00092682	
24	12	 4.2918e-12	 1.9681e-12	     132.31	    0.16230	-9.7531e+92	-9.7531e+92	 0.00011922	 3.3776e-07	     0.0000	-1.9013e-05	-3.1384e-05	 0.00011770	
24	13	   0.046878	   0.021497	     142.21	    0.12286	-9.7531e+92	-9.7531e+92	   0.019272	 0.00020429	     0.0000	-0.00029170	  -0.018359	   0.027180	
24	14	  0.0025499	  0.0011694	     150.00	   0.099849	-9.7531e+92	-9.7531e+92	   0.016078	 1.1891e-05	     0.0000	-0.00054570	 -0.0011149	   0.051289	
24	15	 2.8885e-12	 1.3246e-12	     189.75	   0.039594	-9.7531e+92	-9.7531e+92	 0.00084622	 3.2993e-07	     0.0000	-0.00049230	-3.1075e-05	  0.0071837	
24	16	 3.4354e-12	 1.5754e-12	     177.80	   0.051213	-9.7531e+92	-9.7531e+92	 1.5282e-05	 3.4544e-07	     0.0000	 1.2313e-10	-2.7971e-05	-1.6458e-09	
24	17	 7.5060e-12	 3.4421e-12	     325.25	  0.0046269	-9.7531e+92	-9.7531e+92	 1.9496e-05	 3.5232e-07	     0.0000	-3.1703e-05	-3.1899e-05	 0.00014719	
24	18	    0.42935	    0.19689	     74.739	     1.1738	-9.7531e+92	-9.7531e+92	   0.062634	  0.0018429	  0.0026709	  0.0030706	   -0.19176	   -0.11429	
24	19	 1.8498e-11	 8.4828e-12	     150.08	   0.099629	-9.7531e+92	-9.7531e+92	 0.00012533	 3.3462e-07	     0.0000	-4.0390e-05	-3.1468e-05	 0.00031045	
24	20	 0.00014639	 6.7133e-05	     121.85	    0.22210	-9.7531e+92	-9.7531e+92	 0.00051776	 1.0542e-06	 3.6561e-05	-4.0678e-05	-0.00010015	 0.00034274	
24	21	    0.11261	   0.051642	     85.071	    0.79345	-9.7531e+92	-9.7531e+92	   0.038468	 0.00052036	     0.0000	-0.00014372	  -0.051888	   0.011949	
24	22	 6.3982e-12	 2.9341e-12	     237.89	   0.016122	-9.7531e+92	-9.7531e+92	 2.9891e-05	 3.4532e-07	     0.0000	-0.00010529	-3.1763e-05	 0.00057563	
24	23	    0.13037	   0.059784	     40.708	     3.3006	-9.7531e+92	-9.7531e+92	   0.016284	 0.00060642	   0.013628	 0.00081424	  -0.055267	  -0.046357	
24	24	     0.0000	     0.0000	     0.0000	     4.0000	-9.7531e+92	-9.7531e+92	    0.22938	     0.0000	    0.22924	     0.0000	     0.0000	     0.0000	
