#source	Target	value	weight	distance	potential1	geneCorrelation	separation	influenceWeight	betweenness	influence'Weight	betweenness'	nbetweenness	nbetweenness'	
0	0	     0.0000	     0.0000	     0.0000	     4.0000	-9.7531e+92	-9.7531e+92	     4.4908	     0.0000	     3.9103	     0.0000	     0.0000	     0.0000	
0	1	   0.099384	    0.86246	     35.562	     3.5606	-9.7531e+92	-9.7531e+92	    0.31035	   0.063276	     0.0000	  0.0018412	     1.3980	   0.024870	
0	2	 0.00031517	  0.0027351	     211.35	   0.025814	-9.7531e+92	-9.7531e+92	   0.055240	 0.00031972	     0.0000	 -0.0071073	  0.0076803	  -0.018474	
0	3	 1.0881e-13	 9.4428e-13	     273.88	  0.0091920	-9.7531e+92	-9.7531e+92	  0.0050507	 6.0662e-05	     0.0000	 -0.0021886	  0.0013457	 -0.0045981	
0	4	 5.6927e-13	 4.9402e-12	     281.58	  0.0082298	-9.7531e+92	-9.7531e+92	  0.0021112	 6.2686e-05	     0.0000	 -0.0010450	  0.0012670	 -0.0019836	
0	5	 1.2860e-07	 1.1160e-06	     169.69	   0.061568	-9.7531e+92	-9.7531e+92	   0.030992	 6.1668e-05	     0.0000	-0.00024955	  0.0012571	 -0.0052294	
0	6	  0.0061154	   0.053070	     105.31	    0.38136	-9.7531e+92	-9.7531e+92	    0.27390	  0.0049980	     0.0000	 -0.0069895	    0.11734	  -0.050090	
0	7	   0.032712	    0.28387	     80.265	    0.95180	-9.7531e+92	-9.7531e+92	    0.20360	   0.029268	     0.0000	 -0.0010653	    0.62437	 -0.0066769	
0	8	 9.3039e-13	 8.0740e-12	     172.11	   0.058221	-9.7531e+92	-9.7531e+92	  0.0045750	 6.5170e-05	     0.0000	-0.00024137	  0.0012275	 -0.0010207	
0	9	    0.11726	     1.0176	     86.890	    0.74099	-9.7531e+92	-9.7531e+92	    0.41676	   0.082311	     0.0000	 2.0720e-05	     2.2783	 0.00024672	
0	10	 7.7908e-13	 6.7609e-12	     210.64	   0.026161	-9.7531e+92	-9.7531e+92	 0.00039887	 6.7466e-05	     0.0000	-2.3060e-05	  0.0012031	-4.6980e-05	
0	11	 3.5017e-14	 3.0388e-13	     167.10	   0.065400	-9.7531e+92	-9.7531e+92	 0.00086344	 6.6164e-05	     0.0000	-3.4408e-05	  0.0012202	-0.00012651	
0	12	 7.3889e-13	 6.4122e-12	     226.76	   0.019512	-9.7531e+92	-9.7531e+92	 0.00038121	 6.7313e-05	     0.0000	-2.7855e-05	  0.0012011	-4.8318e-05	
0	13	    0.11745	     1.0193	     86.013	    0.76580	-9.7531e+92	-9.7531e+92	    0.50020	   0.073123	     0.0000	     0.0000	     1.6833	 -0.0024093	
0	14	   0.095122	    0.82548	     114.85	    0.27729	-9.7531e+92	-9.7531e+92	    0.41916	   0.054691	     0.0000	     0.0000	     1.1757	     0.0000	
0	15	 0.00011965	  0.0010383	     189.51	   0.039789	-9.7531e+92	-9.7531e+92	   0.036499	 0.00014795	     0.0000	 -0.0025676	  0.0035482	  -0.018869	
0	16	 2.7592e-13	 2.3944e-12	     217.18	   0.023165	-9.7531e+92	-9.7531e+92	 0.00040786	 6.5077e-05	     0.0000	-6.9923e-05	  0.0012145	-0.00013802	
0	17	 1.0163e-13	 8.8199e-13	     353.56	  0.0033150	-9.7531e+92	-9.7531e+92	 0.00038832	 6.6308e-05	     0.0000	-0.00011462	  0.0012014	-0.00018497	
0	18	    0.42315	     3.6721	     116.29	    0.26473	-9.7531e+92	-9.7531e+92	     1.1467	    0.36101	    0.10683	   0.030120	     8.1595	    0.13302	
0	19	 2.8934e-13	 2.5109e-12	     234.49	   0.017074	-9.7531e+92	-9.7531e+92	 0.00062348	 6.5300e-05	     0.0000	-7.6187e-05	  0.0012133	-0.00016213	
0	20	 3.1430e-13	 2.7275e-12	     206.61	   0.028245	-9.7531e+92	-9.7531e+92	  0.0011001	 6.4813e-05	     0.0000	-0.00012440	  0.0012179	-0.00032222	
0	21	    0.10626	    0.92217	     39.458	     3.3697	-9.7531e+92	-9.7531e+92	    0.29797	   0.082436	   0.029613	 0.00045434	     2.1370	   0.032352	
0	22	 8.8304e-13	 7.6631e-12	     321.47	  0.0048482	-9.7531e+92	-9.7531e+92	 0.00031250	 6.7282e-05	     0.0000	-2.3763e-05	  0.0012048	-4.0259e-05	
0	23	  0.0021047	   0.018265	     119.13	    0.24186	-9.7531e+92	-9.7531e+92	    0.47105	  0.0018056	     0.0000	 -0.0015589	   0.041191	  -0.041743	
0	24	 2.4888e-06	 2.1598e-05	     123.34	    0.21210	-9.7531e+92	-9.7531e+92	  0.0077975	 6.4313e-05	     0.0000	-0.00011775	  0.0013539	 -0.0013361	
1	0	    0.14322	     1.2941	     35.562	     3.5606	-9.7531e+92	-9.7531e+92	    0.49304	   0.054568	     0.0000	 0.00022948	    0.97706	  -0.010179	
1	1	     0.0000	     0.0000	     0.0000	     4.0000	-9.7531e+92	-9.7531e+92	     4.6494	     0.0000	     4.2461	     0.0000	     0.0000	     0.0000	
1	2	  0.0016499	   0.014908	     184.62	   0.044134	-9.7531e+92	-9.7531e+92	   0.062157	 0.00088089	     0.0000	 -0.0020954	   0.018754	  0.0054487	
1	3	 1.2852e-10	 1.1613e-09	     244.14	   0.014539	-9.7531e+92	-9.7531e+92	  0.0057072	 3.6536e-05	     0.0000	-0.00066696	 0.00072087	  0.0014877	
1	4	 1.9614e-11	 1.7722e-10	     272.02	  0.0094459	-9.7531e+92	-9.7531e+92	  0.0023515	 3.7551e-05	     0.0000	-0.00031847	 0.00066416	 0.00075195	
1	5	 1.2898e-05	 0.00011654	     161.91	   0.074033	-9.7531e+92	-9.7531e+92	   0.017169	 4.3896e-05	     0.0000	-7.5968e-05	 0.00078097	  0.0020822	
1	6	   0.017574	    0.15879	     96.519	    0.51972	-9.7531e+92	-9.7531e+92	    0.30868	  0.0081959	     0.0000	 -0.0019182	    0.17512	   0.016880	
1	7	    0.23129	     2.0899	     75.481	     1.1413	-9.7531e+92	-9.7531e+92	    0.63012	    0.12075	    0.19436	  0.0018860	     2.3362	  -0.031124	
1	8	 4.5806e-11	 4.1389e-10	     184.58	   0.044171	-9.7531e+92	-9.7531e+92	  0.0026859	 3.8509e-05	     0.0000	-7.3555e-05	 0.00063793	 0.00041866	
1	9	    0.12329	     1.1140	     55.376	     2.3181	-9.7531e+92	-9.7531e+92	    0.46706	   0.048225	     0.0000	 7.2974e-05	     1.2815	 -0.0011028	
1	10	 5.7311e-11	 5.1785e-10	     228.04	   0.019080	-9.7531e+92	-9.7531e+92	 0.00037502	 3.9699e-05	     0.0000	-7.0273e-06	 0.00062362	 1.9647e-05	
1	11	 2.2669e-11	 2.0483e-10	     185.20	   0.043588	-9.7531e+92	-9.7531e+92	 0.00062525	 3.9015e-05	     0.0000	-1.0486e-05	 0.00063504	 5.2793e-05	
1	12	 1.5934e-11	 1.4398e-10	     231.78	   0.017881	-9.7531e+92	-9.7531e+92	 0.00037492	 3.9623e-05	     0.0000	-8.4887e-06	 0.00062237	 2.0190e-05	
1	13	   0.098008	    0.88558	     57.043	     2.2015	-9.7531e+92	-9.7531e+92	    0.50169	   0.031806	     0.0000	     0.0000	    0.48869	  0.0029981	
1	14	    0.14387	     1.3000	     88.839	    0.68891	-9.7531e+92	-9.7531e+92	    0.53248	   0.064221	     0.0000	 0.00029326	     1.3471	 -0.0046488	
1	15	 0.00042701	  0.0038584	     167.83	   0.064291	-9.7531e+92	-9.7531e+92	   0.041940	 0.00024493	     0.0000	-0.00084761	  0.0049804	  0.0067890	
1	16	 1.0110e-12	 9.1350e-12	     207.46	   0.027791	-9.7531e+92	-9.7531e+92	 0.00043161	 3.9058e-05	     0.0000	-2.1309e-05	 0.00062503	 5.7721e-05	
1	17	 4.6200e-11	 4.1745e-10	     342.57	  0.0037606	-9.7531e+92	-9.7531e+92	 0.00041150	 3.9388e-05	     0.0000	-3.4929e-05	 0.00062030	 7.7251e-05	
1	18	   0.092458	    0.83543	     111.77	    0.30668	-9.7531e+92	-9.7531e+92	    0.60065	   0.046783	     0.0000	-0.00083265	    0.93841	  0.0042942	
1	19	 1.3400e-11	 1.2108e-10	     226.57	   0.019575	-9.7531e+92	-9.7531e+92	 0.00055033	 3.8517e-05	     0.0000	-2.3217e-05	 0.00062973	 6.6884e-05	
1	20	 1.7439e-11	 1.5758e-10	     199.20	   0.032652	-9.7531e+92	-9.7531e+92	 0.00082704	 3.8219e-05	     0.0000	-3.7909e-05	 0.00063308	 0.00013253	
1	21	    0.14805	     1.3377	     57.297	     2.1839	-9.7531e+92	-9.7531e+92	    0.46408	   0.065846	    0.18466	     0.0000	     1.6529	     0.0000	
1	22	 1.8326e-11	 1.6559e-10	     312.59	  0.0054224	-9.7531e+92	-9.7531e+92	 0.00032681	 3.9916e-05	     0.0000	-7.2416e-06	 0.00062268	 1.6731e-05	
1	23	 0.00015109	  0.0013652	     132.72	    0.16037	-9.7531e+92	-9.7531e+92	    0.24728	 0.00010879	     0.0000	-0.00048458	  0.0021687	   0.017205	
1	24	 5.9143e-11	 5.3440e-10	     142.19	    0.12292	-9.7531e+92	-9.7531e+92	  0.0044567	 3.7534e-05	     0.0000	-3.5913e-05	 0.00065699	 0.00055712	
2	0	 0.00014971	  0.0011885	     211.35	   0.025814	-9.7531e+92	-9.7531e+92	   0.087544	 0.00027081	     0.0000	  -0.041158	 0.00094724	   0.068887	
2	1	 0.00081610	  0.0064788	     184.62	   0.044134	-9.7531e+92	-9.7531e+92	   0.036581	  0.0011066	     0.0000	  -0.072067	  0.0040635	   0.036970	
2	2	     0.0000	     0.0000	     0.0000	     4.0000	-9.7531e+92	-9.7531e+92	     4.2842	     0.0000	     3.9563	     0.0000	     0.0000	     0.0000	
2	3	   0.065826	    0.52257	     63.167	     1.7950	-9.7531e+92	-9.7531e+92	    0.27884	   0.028013	    0.19664	   0.062747	   -0.80972	   -0.77930	
2	4	   0.020672	    0.16411	     91.235	    0.63030	-9.7531e+92	-9.7531e+92	    0.10092	   0.014262	   0.064134	   0.059321	 -0.0019547	  -0.061006	
2	5	 0.00099663	  0.0079119	     120.45	    0.23204	-9.7531e+92	-9.7531e+92	  0.0083232	  0.0012854	     0.0000	  -0.011200	-0.00083188	   0.052936	
2	6	  0.0059907	   0.047558	     118.53	    0.24644	-9.7531e+92	-9.7531e+92	    0.25996	  0.0073586	     0.0000	   -0.34202	 -0.0013653	    0.45007	
2	7	 1.6671e-05	 0.00013234	     153.12	   0.092143	-9.7531e+92	-9.7531e+92	   0.026594	 0.00010776	     0.0000	   -0.16171	-0.00011988	    0.22317	
2	8	 4.5854e-12	 3.6402e-11	     174.51	   0.055125	-9.7531e+92	-9.7531e+92	  0.0010065	 8.7588e-05	     0.0000	  -0.011798	-0.00014082	   0.012245	
2	9	 0.00044078	  0.0034992	     133.64	    0.15619	-9.7531e+92	-9.7531e+92	    0.12469	 0.00058115	     0.0000	   -0.20607	-0.00039645	    0.50363	
2	10	 1.3077e-12	 1.0381e-11	     213.20	   0.024934	-9.7531e+92	-9.7531e+92	 0.00030330	 8.9561e-05	     0.0000	 -0.0011272	-0.00018004	 0.00059528	
2	11	 9.4438e-13	 7.4971e-12	     197.83	   0.033565	-9.7531e+92	-9.7531e+92	 0.00035221	 8.9383e-05	     0.0000	 -0.0016819	-0.00017462	  0.0015935	
2	12	 8.6936e-12	 6.9016e-11	     181.48	   0.047226	-9.7531e+92	-9.7531e+92	 0.00032433	 8.7362e-05	     0.0000	 -0.0013616	-0.00014688	 0.00061088	
2	13	   0.023435	    0.18604	     127.66	    0.18612	-9.7531e+92	-9.7531e+92	    0.24166	   0.022931	     0.0000	     0.0000	 -0.0049046	  -0.013950	
2	14	   0.058828	    0.46702	     97.273	    0.50580	-9.7531e+92	-9.7531e+92	    0.52133	   0.066407	     0.0000	  -0.068314	    0.12171	   0.055025	
2	15	    0.81963	     6.5068	     21.827	     3.9312	-9.7531e+92	-9.7531e+92	     1.7943	    0.70815	     1.4508	    0.62925	   -0.96016	    -3.3325	
2	16	  0.0014303	   0.011354	     68.097	     1.5042	-9.7531e+92	-9.7531e+92	  0.0068366	  0.0010896	  0.0037339	  0.0038318	   0.014284	  0.0050175	
2	17	 1.8392e-12	 1.4601e-11	     160.64	   0.076357	-9.7531e+92	-9.7531e+92	  0.0049918	 5.8237e-05	  0.0010146	 -0.0029993	 0.00023855	 0.00061425	
2	18	  0.0017614	   0.013983	     137.27	    0.14087	-9.7531e+92	-9.7531e+92	   0.099835	  0.0022012	     0.0000	   -0.57396	  0.0015606	    0.38558	
2	19	 4.7339e-11	 3.7581e-10	     139.30	    0.13308	-9.7531e+92	-9.7531e+92	 0.00058254	 8.3033e-05	     0.0000	 -0.0037170	-9.8540e-05	  0.0019772	
2	20	 1.6725e-06	 1.3277e-05	     139.77	    0.13137	-9.7531e+92	-9.7531e+92	 0.00065095	 8.7024e-05	     0.0000	 -0.0060669	-0.00013117	  0.0038880	
2	21	 5.7726e-12	 4.5827e-11	     197.19	   0.033993	-9.7531e+92	-9.7531e+92	   0.014211	 8.4509e-05	     0.0000	 -0.0091094	-9.9535e-05	    0.14597	
2	22	 4.8714e-12	 3.8672e-11	     161.29	   0.075160	-9.7531e+92	-9.7531e+92	  0.0012287	 6.5255e-05	     0.0000	-0.00075740	 0.00015775	 0.00024163	
2	23	 3.6807e-12	 2.9220e-11	     168.40	   0.063436	-9.7531e+92	-9.7531e+92	   0.041697	 8.0190e-05	     0.0000	  -0.077843	-0.00012008	    0.48975	
2	24	 4.0489e-12	 3.2143e-11	     210.29	   0.026336	-9.7531e+92	-9.7531e+92	 0.00093026	 8.9221e-05	     0.0000	 -0.0057603	-0.00017668	   0.016769	
3	0	 1.1226e-11	 7.4456e-11	     273.88	  0.0091920	-9.7531e+92	-9.7531e+92	   0.047556	 2.6771e-05	     0.0000	  -0.019304	-0.00027944	    0.28896	
3	1	 0.00042185	  0.0027978	     244.14	   0.014539	-9.7531e+92	-9.7531e+92	   0.021190	 0.00019680	     0.0000	  -0.034028	 -0.0019833	    0.18618	
3	2	    0.59694	     3.9591	     63.167	     1.7950	-9.7531e+92	-9.7531e+92	     1.1912	    0.12626	    0.91724	     1.0000	    -5.0601	    -4.1218	
3	3	     0.0000	     0.0000	     0.0000	     4.0000	-9.7531e+92	-9.7531e+92	     3.4730	     0.0000	     3.4043	     0.0000	     0.0000	     0.0000	
3	4	    0.19410	     1.2873	     82.606	    0.87092	-9.7531e+92	-9.7531e+92	    0.36655	   0.030928	    0.33581	    0.24858	    -1.1376	    -1.0645	
3	5	 3.8850e-06	 2.5766e-05	     167.87	   0.064235	-9.7531e+92	-9.7531e+92	  0.0041150	 2.7843e-05	     0.0000	 -0.0057063	-0.00047223	   0.078272	
3	6	  0.0034539	   0.022907	     180.81	   0.047921	-9.7531e+92	-9.7531e+92	    0.13468	  0.0013751	     0.0000	   -0.16357	  -0.021885	    0.70191	
3	7	 1.1593e-11	 7.6887e-11	     215.68	   0.023812	-9.7531e+92	-9.7531e+92	   0.015251	 2.7069e-05	     0.0000	  -0.075697	-0.00044969	    0.30717	
3	8	 1.2249e-12	 8.1241e-12	     221.29	   0.021502	-9.7531e+92	-9.7531e+92	 0.00068448	 2.7438e-05	     0.0000	 -0.0055210	-0.00047120	   0.015900	
3	9	 5.1528e-12	 3.4174e-11	     191.41	   0.038254	-9.7531e+92	-9.7531e+92	   0.066199	 2.5468e-05	     0.0000	  -0.096797	-0.00043477	    0.72333	
3	10	 1.2176e-11	 8.0753e-11	     258.79	   0.011525	-9.7531e+92	-9.7531e+92	 0.00025130	 2.7810e-05	     0.0000	-0.00052746	-0.00048502	 0.00075155	
3	11	 1.0809e-11	 7.1688e-11	     244.71	   0.014404	-9.7531e+92	-9.7531e+92	 0.00027994	 2.7887e-05	     0.0000	-0.00078705	-0.00048352	  0.0020179	
3	12	 8.2876e-12	 5.4966e-11	     227.10	   0.019395	-9.7531e+92	-9.7531e+92	 0.00028416	 2.7391e-05	     0.0000	-0.00063715	-0.00048091	 0.00077211	
3	13	   0.029763	    0.19739	     188.65	   0.040519	-9.7531e+92	-9.7531e+92	    0.15366	   0.010878	     0.0000	     0.0000	   -0.11319	    0.33904	
3	14	   0.034612	    0.22956	     161.01	   0.075671	-9.7531e+92	-9.7531e+92	    0.27334	   0.013161	     0.0000	  -0.047338	   -0.15510	    0.32456	
3	15	    0.13801	    0.91534	     84.108	    0.82281	-9.7531e+92	-9.7531e+92	    0.76599	   0.036822	    0.47905	   0.047777	   -0.93941	   -0.60477	
3	16	 0.00086613	  0.0057444	     111.94	    0.30495	-9.7531e+92	-9.7531e+92	   0.010335	 0.00030214	  0.0077425	  0.0018558	 -0.0054974	 -0.0032790	
3	17	 3.4965e-11	 2.3190e-10	     122.41	    0.21829	-9.7531e+92	-9.7531e+92	   0.017390	 1.6057e-05	   0.014067	 -0.0011568	-7.0756e-05	 0.00052976	
3	18	  0.0018164	   0.012046	     199.21	   0.032649	-9.7531e+92	-9.7531e+92	   0.053332	 0.00071431	     0.0000	   -0.26847	  -0.010850	    0.66028	
3	19	 5.2913e-12	 3.5093e-11	     184.07	   0.044655	-9.7531e+92	-9.7531e+92	 0.00082401	 2.6331e-05	     0.0000	 -0.0017359	-0.00046593	  0.0025456	
3	20	 4.8625e-12	 3.2250e-11	     185.64	   0.043179	-9.7531e+92	-9.7531e+92	 0.00060424	 2.6694e-05	     0.0000	 -0.0028454	-0.00047019	  0.0050387	
3	21	 2.0268e-11	 1.3442e-10	     259.71	   0.011362	-9.7531e+92	-9.7531e+92	  0.0081814	 2.6979e-05	     0.0000	 -0.0042628	-0.00045366	    0.19848	
3	22	 1.4399e-12	 9.5495e-12	     164.94	   0.068842	-9.7531e+92	-9.7531e+92	  0.0037144	 1.9111e-05	  0.0026460	-0.00031158	-0.00023789	 0.00034997	
3	23	 4.7131e-12	 3.1259e-11	     228.38	   0.018966	-9.7531e+92	-9.7531e+92	   0.022376	 2.5440e-05	     0.0000	  -0.036427	-0.00046248	    0.65069	
3	24	 6.2218e-13	 4.1265e-12	     270.69	  0.0096323	-9.7531e+92	-9.7531e+92	 0.00058165	 2.7909e-05	     0.0000	 -0.0026956	-0.00048347	   0.021283	
4	0	 3.7806e-10	 1.0958e-09	     281.58	  0.0082298	-9.7531e+92	-9.7531e+92	   0.016766	 2.0722e-05	     0.0000	  -0.016709	-0.00076883	    0.76955	
4	1	 9.2748e-11	 2.6882e-10	     272.02	  0.0094459	-9.7531e+92	-9.7531e+92	  0.0068665	 2.0833e-05	     0.0000	  -0.029735	-0.00075957	    0.50759	
4	2	    0.29820	    0.86429	     91.235	    0.63030	-9.7531e+92	-9.7531e+92	    0.37165	   0.067258	    0.25192	    0.65063	    -3.9397	    -3.2548	
4	3	    0.35087	     1.0170	     82.606	    0.87092	-9.7531e+92	-9.7531e+92	    0.30732	   0.038003	    0.27731	    0.37483	    -5.8923	    -5.5651	
4	4	     0.0000	     0.0000	     0.0000	     4.0000	-9.7531e+92	-9.7531e+92	     1.5106	     0.0000	     1.4971	     0.0000	     0.0000	     0.0000	
4	5	 0.00096602	  0.0027999	     147.08	    0.10778	-9.7531e+92	-9.7531e+92	  0.0029129	 0.00032099	     0.0000	 -0.0045479	  -0.014712	    0.15720	
4	6	 0.00063903	  0.0018522	     179.35	   0.049487	-9.7531e+92	-9.7531e+92	   0.048299	 0.00021356	     0.0000	   -0.14496	 -0.0096466	     1.6236	
4	7	 2.2946e-10	 6.6507e-10	     209.16	   0.026904	-9.7531e+92	-9.7531e+92	  0.0051244	 2.0863e-05	     0.0000	  -0.065522	-0.00094918	    0.67265	
4	8	 1.0940e-10	 3.1710e-10	     186.41	   0.042479	-9.7531e+92	-9.7531e+92	 0.00046376	 2.1192e-05	     0.0000	 -0.0047783	-0.00097294	   0.034150	
4	9	 1.1898e-10	 3.4484e-10	     223.28	   0.020749	-9.7531e+92	-9.7531e+92	   0.023258	 1.9872e-05	     0.0000	  -0.083786	-0.00093398	     1.6036	
4	10	 5.1370e-11	 1.4889e-10	     204.61	   0.029363	-9.7531e+92	-9.7531e+92	 0.00011674	 2.1397e-05	     0.0000	-0.00045649	-0.00098617	  0.0015982	
4	11	 8.6149e-11	 2.4969e-10	     218.09	   0.022784	-9.7531e+92	-9.7531e+92	 0.00012447	 2.1489e-05	     0.0000	-0.00068123	-0.00098533	  0.0042958	
4	12	 2.0086e-10	 5.8218e-10	     165.11	   0.068567	-9.7531e+92	-9.7531e+92	 0.00020417	 2.1117e-05	     0.0000	-0.00055106	-0.00098050	  0.0016426	
4	13	  0.0047436	   0.013749	     217.30	   0.023117	-9.7531e+92	-9.7531e+92	   0.046045	  0.0014032	     0.0000	     0.0000	  -0.051892	     1.2618	
4	14	   0.020454	   0.059285	     184.55	   0.044193	-9.7531e+92	-9.7531e+92	    0.10033	  0.0061488	     0.0000	  -0.048753	   -0.23888	     1.0239	
4	15	    0.17081	    0.49507	     106.18	    0.37015	-9.7531e+92	-9.7531e+92	    0.30843	   0.042269	    0.18303	   0.093919	    -2.3232	    -1.6996	
4	16	   0.039084	    0.11328	     75.439	     1.1432	-9.7531e+92	-9.7531e+92	   0.030220	   0.010710	   0.029087	    0.13449	   -0.51917	   -0.51309	
4	17	   0.093822	    0.27194	     73.525	     1.2289	-9.7531e+92	-9.7531e+92	   0.070848	   0.014983	   0.069396	    0.16058	   -0.47229	   -0.46740	
4	18	  0.0013692	  0.0039685	     186.18	   0.042684	-9.7531e+92	-9.7531e+92	   0.019787	 0.00042040	     0.0000	   -0.23326	  -0.018937	     1.5434	
4	19	 0.00085920	  0.0024903	     119.82	    0.23665	-9.7531e+92	-9.7531e+92	  0.0020829	 0.00028045	 0.00078909	  0.0018755	  -0.013187	 -0.0067965	
4	20	 8.7269e-05	 0.00025294	     135.08	    0.14987	-9.7531e+92	-9.7531e+92	 0.00088837	 4.7569e-05	     0.0000	 -0.0021764	 -0.0022376	  0.0095583	
4	21	 1.2095e-10	 3.5056e-10	     253.96	   0.012424	-9.7531e+92	-9.7531e+92	  0.0027597	 2.0872e-05	     0.0000	 -0.0036898	-0.00095373	    0.43298	
4	22	   0.018105	   0.052477	     82.638	    0.86986	-9.7531e+92	-9.7531e+92	   0.014484	  0.0032395	   0.014017	   0.035181	   -0.10962	   -0.10803	
4	23	 2.1671e-10	 6.2812e-10	     212.30	   0.025355	-9.7531e+92	-9.7531e+92	  0.0083584	 1.9682e-05	     0.0000	  -0.031531	-0.00096331	     1.4086	
4	24	 1.3799e-10	 3.9996e-10	     253.16	   0.012581	-9.7531e+92	-9.7531e+92	 0.00023182	 2.1494e-05	     0.0000	 -0.0023333	-0.00098473	   0.045344	
5	0	 0.00025932	 0.00042433	     169.69	   0.061568	-9.7531e+92	-9.7531e+92	   0.022176	 6.8282e-05	     0.0000	 -0.0080372	 -0.0084904	     1.3986	
5	1	  0.0027036	  0.0044239	     161.91	   0.074033	-9.7531e+92	-9.7531e+92	   0.012340	 0.00061168	     0.0000	  -0.013817	  -0.071046	    0.87392	
5	2	   0.072476	    0.11859	     120.45	    0.23204	-9.7531e+92	-9.7531e+92	   0.047828	   0.015792	     0.0000	   0.052913	    -1.8926	   -0.66271	
5	3	 7.3001e-05	 0.00011945	     167.87	   0.064235	-9.7531e+92	-9.7531e+92	  0.0066422	 3.1822e-05	     0.0000	  -0.021281	 -0.0037353	    0.22279	
5	4	 3.8557e-06	 6.3091e-06	     147.08	    0.10778	-9.7531e+92	-9.7531e+92	  0.0023742	 1.6220e-05	     0.0000	  -0.010223	 -0.0020249	    0.10622	
5	5	     0.0000	     0.0000	     0.0000	     4.0000	-9.7531e+92	-9.7531e+92	    0.83060	     0.0000	    0.81059	     0.0000	     0.0000	     0.0000	
5	6	    0.17425	    0.28512	     72.218	     1.2908	-9.7531e+92	-9.7531e+92	    0.12298	   0.038464	     0.0000	   0.031407	    -4.9686	    -1.2220	
5	7	  0.0091913	   0.015040	     89.752	    0.66590	-9.7531e+92	-9.7531e+92	   0.018368	  0.0020148	     0.0000	  -0.025842	   -0.26933	    0.92352	
5	8	   0.068248	    0.11167	     54.235	     2.3987	-9.7531e+92	-9.7531e+92	   0.030050	   0.010281	   0.026034	   0.012792	    -1.6590	    -1.2677	
5	9	 0.00010274	 0.00016812	     134.70	    0.15149	-9.7531e+92	-9.7531e+92	   0.051128	 3.7119e-05	     0.0000	  -0.041405	 -0.0049035	     2.7315	
5	10	 1.0322e-06	 1.6891e-06	     93.726	    0.57518	-9.7531e+92	-9.7531e+92	 0.00056837	 1.3122e-05	 0.00027874	-0.00015023	 -0.0018258	  0.0024053	
5	11	 0.00024151	 0.00039518	     77.490	     1.0576	-9.7531e+92	-9.7531e+92	 0.00049405	 5.9678e-05	     0.0000	-3.4963e-05	 -0.0082013	  0.0012117	
5	12	 2.0798e-05	 3.4031e-05	     80.590	    0.94012	-9.7531e+92	-9.7531e+92	 0.00068475	 1.5459e-05	 0.00039001	-0.00012840	 -0.0022147	  0.0018876	
5	13	   0.086984	    0.14233	     125.66	    0.19761	-9.7531e+92	-9.7531e+92	   0.071644	   0.018616	     0.0000	     0.0000	    -2.1479	    0.71767	
5	14	    0.15003	    0.24549	     108.09	    0.34690	-9.7531e+92	-9.7531e+92	    0.10391	   0.033110	     0.0000	   0.011096	    -3.8722	   -0.85836	
5	15	    0.10865	    0.17779	     104.94	    0.38615	-9.7531e+92	-9.7531e+92	   0.068059	   0.023661	     0.0000	   0.041565	    -3.0566	    -1.4909	
5	16	 0.00030332	 0.00049633	     71.546	     1.3237	-9.7531e+92	-9.7531e+92	 0.00033461	 8.7230e-05	     0.0000	-4.5068e-05	  -0.010927	 0.00051833	
5	17	 9.4253e-13	 1.5423e-12	     219.60	   0.022168	-9.7531e+92	-9.7531e+92	 0.00016578	 1.5934e-05	     0.0000	 -0.0011223	 -0.0020009	   0.010528	
5	18	    0.25477	    0.41689	     53.346	     2.4617	-9.7531e+92	-9.7531e+92	    0.14435	   0.046249	     0.0000	    0.11785	    -7.1971	    -3.0585	
5	19	  0.0065917	   0.010786	     64.874	     1.6901	-9.7531e+92	-9.7531e+92	  0.0045138	 0.00099461	  0.0037834	  0.0046180	   -0.16061	   -0.11868	
5	20	   0.025501	   0.041727	     39.691	     3.3571	-9.7531e+92	-9.7531e+92	   0.012656	  0.0036942	   0.011313	   0.012457	   -0.61242	   -0.46839	
5	21	 1.0329e-06	 1.6901e-06	     132.91	    0.15951	-9.7531e+92	-9.7531e+92	  0.0059419	 1.5246e-05	     0.0000	 -0.0018250	 -0.0019835	    0.73315	
5	22	 1.0126e-12	 1.6570e-12	     151.89	   0.095092	-9.7531e+92	-9.7531e+92	 7.9039e-05	 1.5406e-05	     0.0000	-0.00022351	 -0.0019573	  0.0022843	
5	23	   0.039598	   0.064795	     65.633	     1.6449	-9.7531e+92	-9.7531e+92	   0.076982	  0.0075558	     0.0000	 -0.0030245	    -1.1245	     1.3959	
5	24	 1.5857e-07	 2.5946e-07	     106.34	    0.36810	-9.7531e+92	-9.7531e+92	  0.0012747	 1.4988e-05	     0.0000	 -0.0010925	 -0.0019669	   0.075992	
6	0	   0.016245	   0.052281	     105.31	    0.38136	-9.7531e+92	-9.7531e+92	   0.084524	   0.024306	     0.0000	 -0.0058687	    0.38747	   -0.20231	
6	1	  0.0094845	   0.030523	     96.519	    0.51972	-9.7531e+92	-9.7531e+92	   0.064594	   0.014076	     0.0000	  -0.010861	    0.22428	   -0.14073	
6	2	  0.0022428	  0.0072177	     118.53	    0.24644	-9.7531e+92	-9.7531e+92	   0.026821	  0.0032313	     0.0000	  -0.062196	   0.054123	   -0.15502	
6	3	 4.9906e-05	 0.00016061	     180.81	   0.047921	-9.7531e+92	-9.7531e+92	  0.0023983	 0.00018414	     0.0000	  -0.020000	  0.0028188	  -0.040275	
6	4	 1.6636e-06	 5.3537e-06	     179.35	   0.049487	-9.7531e+92	-9.7531e+92	 0.00095337	 0.00011334	     0.0000	 -0.0095928	  0.0015184	  -0.017431	
6	5	  0.0019649	  0.0063234	     72.218	     1.2908	-9.7531e+92	-9.7531e+92	  0.0060410	  0.0028876	     0.0000	 -0.0019220	   0.048054	  -0.038538	
6	6	     0.0000	     0.0000	     0.0000	     4.0000	-9.7531e+92	-9.7531e+92	     1.7036	     0.0000	     1.3135	     0.0000	     0.0000	     0.0000	
6	7	   0.033688	    0.10842	     34.871	     3.5904	-9.7531e+92	-9.7531e+92	   0.058681	   0.053853	     0.0000	 -0.0091677	    0.74745	  -0.054981	
6	8	 6.9262e-05	 0.00022290	     109.28	    0.33318	-9.7531e+92	-9.7531e+92	 0.00085239	 0.00022377	     0.0000	 -0.0021522	  0.0030327	 -0.0087064	
6	9	    0.69610	     2.2402	     62.827	     1.8164	-9.7531e+92	-9.7531e+92	    0.61849	    0.93228	    0.24340	    0.19296	     15.716	     2.1991	
6	10	 4.2020e-15	 1.3523e-14	     153.37	   0.091543	-9.7531e+92	-9.7531e+92	 0.00013126	 0.00011934	     0.0000	-0.00021175	  0.0013941	-0.00041261	
6	11	 8.2445e-09	 2.6533e-08	     117.04	    0.25846	-9.7531e+92	-9.7531e+92	 0.00019596	 0.00011467	     0.0000	-0.00031595	  0.0014491	 -0.0011111	
6	12	 2.3996e-12	 7.7225e-12	     152.49	   0.093630	-9.7531e+92	-9.7531e+92	 0.00013319	 0.00011922	     0.0000	-0.00025579	  0.0013907	-0.00042436	
6	13	   0.063740	    0.20513	     53.773	     2.4314	-9.7531e+92	-9.7531e+92	    0.25775	   0.070206	     0.0000	     0.0000	     1.0532	   -0.23934	
6	14	   0.068695	    0.22107	     41.508	     3.2546	-9.7531e+92	-9.7531e+92	    0.14028	   0.053884	     0.0000	     0.0000	    0.56933	     0.0000	
6	15	  0.0011954	  0.0038471	     96.746	    0.51548	-9.7531e+92	-9.7531e+92	   0.016824	  0.0015864	     0.0000	  -0.022990	   0.027824	   -0.16180	
6	16	 5.1653e-08	 1.6623e-07	     111.89	    0.30549	-9.7531e+92	-9.7531e+92	 0.00016101	 0.00011431	     0.0000	-0.00064198	  0.0014005	 -0.0012120	
6	17	 9.6377e-14	 3.1016e-13	     251.72	   0.012870	-9.7531e+92	-9.7531e+92	 0.00015199	 0.00011896	     0.0000	 -0.0010525	  0.0013557	 -0.0016246	
6	18	    0.10102	    0.32510	     36.723	     3.5078	-9.7531e+92	-9.7531e+92	    0.14715	    0.13934	     0.0000	  -0.017279	     2.2371	  -0.073093	
6	19	 3.1531e-08	 1.0147e-07	     133.74	    0.15573	-9.7531e+92	-9.7531e+92	 0.00019640	 0.00011410	     0.0000	-0.00069955	  0.0014239	 -0.0014240	
6	20	 1.9781e-05	 6.3660e-05	     111.59	    0.30852	-9.7531e+92	-9.7531e+92	 0.00030252	 0.00014420	     0.0000	 -0.0011124	  0.0018841	 -0.0027563	
6	21	  0.0010291	  0.0033120	     78.899	     1.0025	-9.7531e+92	-9.7531e+92	   0.022607	  0.0016714	     0.0000	 -0.0016543	   0.024521	   -0.11272	
6	22	 2.1307e-13	 6.8572e-13	     216.08	   0.023641	-9.7531e+92	-9.7531e+92	 0.00011750	 0.00012062	     0.0000	-0.00021821	  0.0013662	-0.00035360	
6	23	  0.0044565	   0.014342	     73.330	     1.2380	-9.7531e+92	-9.7531e+92	   0.063812	  0.0059216	     0.0000	  -0.013970	    0.10753	   -0.35788	
6	24	 1.1826e-06	 3.8059e-06	     108.13	    0.34637	-9.7531e+92	-9.7531e+92	  0.0011161	 0.00010994	     0.0000	 -0.0010817	  0.0015599	  -0.011740	
7	0	   0.026229	   0.048144	     80.265	    0.95180	-9.7531e+92	-9.7531e+92	   0.039710	   0.015248	     0.0000	 -0.0034778	    0.25281	   -0.11749	
7	1	   0.023646	   0.043403	     75.481	     1.1413	-9.7531e+92	-9.7531e+92	   0.031894	  0.0088319	     0.0000	     0.0000	   0.075311	  0.0014401	
7	2	 0.00010879	 0.00019969	     153.12	   0.092143	-9.7531e+92	-9.7531e+92	  0.0080315	 0.00012070	     0.0000	  -0.048594	  0.0021045	   -0.11819	
7	3	 1.2659e-06	 2.3235e-06	     215.68	   0.023812	-9.7531e+92	-9.7531e+92	 0.00078998	 4.9320e-05	     0.0000	  -0.014887	 0.00079424	  -0.029239	
7	4	 1.2000e-12	 2.2026e-12	     209.16	   0.026904	-9.7531e+92	-9.7531e+92	 0.00034907	 4.9289e-05	     0.0000	 -0.0071094	 0.00069691	  -0.012580	
7	5	 0.00076060	  0.0013961	     89.752	    0.66590	-9.7531e+92	-9.7531e+92	  0.0083045	 0.00059048	     0.0000	 -0.0015917	  0.0085871	  -0.031064	
7	6	   0.033312	   0.061145	     34.871	     3.5904	-9.7531e+92	-9.7531e+92	   0.063694	   0.021302	     0.0000	  -0.036329	    0.35293	   -0.24277	
7	7	     0.0000	     0.0000	     0.0000	     4.0000	-9.7531e+92	-9.7531e+92	    0.94787	     0.0000	    0.85935	     0.0000	     0.0000	     0.0000	
7	8	 1.9147e-05	 3.5145e-05	     109.89	    0.32644	-9.7531e+92	-9.7531e+92	  0.0011803	 6.2625e-05	     0.0000	 -0.0016289	 0.00087962	 -0.0064115	
7	9	  0.0084498	   0.015510	     64.406	     1.7184	-9.7531e+92	-9.7531e+92	   0.036563	  0.0051184	     0.0000	  -0.026704	   0.090370	   -0.29631	
7	10	 5.2594e-13	 9.6536e-13	     153.29	   0.091732	-9.7531e+92	-9.7531e+92	 8.8426e-05	 5.0482e-05	     0.0000	-0.00015688	 0.00065947	-0.00029737	
7	11	 5.8013e-08	 1.0648e-07	     112.26	    0.30176	-9.7531e+92	-9.7531e+92	 0.00020807	 4.9406e-05	     0.0000	-0.00023403	 0.00068285	-0.00080065	
7	12	 2.9906e-13	 5.4893e-13	     158.06	   0.081372	-9.7531e+92	-9.7531e+92	 8.2979e-05	 5.0774e-05	     0.0000	-0.00018950	 0.00065100	-0.00030584	
7	13	   0.049401	   0.090676	     57.312	     2.1828	-9.7531e+92	-9.7531e+92	   0.066687	   0.025832	     0.0000	     0.0000	    0.41271	   -0.21536	
7	14	   0.047458	   0.087110	     65.464	     1.6549	-9.7531e+92	-9.7531e+92	   0.066059	   0.030490	     0.0000	  -0.011654	    0.52936	   -0.17801	
7	15	 0.00012947	 0.00023765	     131.62	    0.16559	-9.7531e+92	-9.7531e+92	  0.0056856	 0.00013195	     0.0000	  -0.019053	  0.0021082	   -0.11974	
7	16	 3.2724e-12	 6.0065e-12	     137.28	    0.14083	-9.7531e+92	-9.7531e+92	 8.0336e-05	 5.1267e-05	     0.0000	-0.00047569	 0.00064196	-0.00087362	
7	17	 3.0113e-12	 5.5274e-12	     281.54	  0.0082346	-9.7531e+92	-9.7531e+92	 7.7569e-05	 5.1345e-05	     0.0000	-0.00077975	 0.00063777	 -0.0011708	
7	18	    0.53350	    0.97925	     38.248	     3.4331	-9.7531e+92	-9.7531e+92	    0.29733	    0.31991	   0.077391	    0.27948	     5.4929	     1.1520	
7	19	 7.1599e-14	 1.3142e-13	     154.38	   0.089237	-9.7531e+92	-9.7531e+92	 0.00014289	 4.9426e-05	     0.0000	-0.00051830	 0.00065954	 -0.0010265	
7	20	 6.4324e-07	 1.1807e-06	     126.68	    0.19164	-9.7531e+92	-9.7531e+92	 0.00026802	 4.9237e-05	     0.0000	-0.00084554	 0.00067439	 -0.0020385	
7	21	    0.27562	    0.50590	     44.967	     3.0407	-9.7531e+92	-9.7531e+92	    0.13639	    0.16016	   0.079631	     0.0000	     3.2840	    0.68632	
7	22	 2.1234e-13	 3.8975e-13	     241.36	   0.015218	-9.7531e+92	-9.7531e+92	 6.5172e-05	 5.1900e-05	     0.0000	-0.00016166	 0.00064209	-0.00025485	
7	23	  0.0013319	  0.0024447	     58.677	     2.0891	-9.7531e+92	-9.7531e+92	    0.12173	 0.00082995	     0.0000	  -0.010689	   0.016560	   -0.26650	
7	24	 3.4256e-05	 6.2877e-05	     84.614	    0.80724	-9.7531e+92	-9.7531e+92	  0.0020539	 7.0518e-05	     0.0000	-0.00079297	  0.0011301	 -0.0083721	
8	0	  0.0025145	  0.0022612	     172.11	   0.058221	-9.7531e+92	-9.7531e+92	  0.0070437	 0.00024311	     0.0000	 -0.0049555	  -0.048973	     1.1537	
8	1	 0.00028622	 0.00025739	     184.58	   0.044171	-9.7531e+92	-9.7531e+92	  0.0039384	 3.3942e-05	     0.0000	 -0.0091042	 -0.0066451	    0.78953	
8	2	 0.00013919	 0.00012517	     174.51	   0.055125	-9.7531e+92	-9.7531e+92	  0.0067472	 1.9072e-05	     0.0000	  -0.043549	 -0.0039479	    0.74670	
8	3	 6.4277e-07	 5.7803e-07	     221.29	   0.021502	-9.7531e+92	-9.7531e+92	 0.00089498	 6.4747e-06	     0.0000	  -0.013352	 -0.0013215	    0.19104	
8	4	 3.9376e-07	 3.5411e-07	     186.41	   0.042479	-9.7531e+92	-9.7531e+92	 0.00040536	 6.4916e-06	     0.0000	 -0.0063741	 -0.0014005	   0.090102	
8	5	    0.34069	    0.30637	     54.235	     2.3987	-9.7531e+92	-9.7531e+92	   0.085658	   0.027805	   0.074661	   0.010575	    -6.9972	    -6.3862	
8	6	   0.043396	   0.039025	     109.28	    0.33318	-9.7531e+92	-9.7531e+92	   0.036267	  0.0040972	     0.0000	  -0.028850	   -0.90159	     1.5278	
8	7	  0.0012897	  0.0011598	     109.89	    0.32644	-9.7531e+92	-9.7531e+92	  0.0092204	 0.00012967	     0.0000	  -0.019651	  -0.028740	    0.94011	
8	8	     0.0000	     0.0000	     0.0000	     4.0000	-9.7531e+92	-9.7531e+92	    0.45632	     0.0000	    0.45411	     0.0000	     0.0000	     0.0000	
8	9	 5.8141e-07	 5.2285e-07	     171.65	   0.058843	-9.7531e+92	-9.7531e+92	   0.014944	 6.2889e-06	     0.0000	  -0.025819	 -0.0014156	     2.3161	
8	10	   0.030709	   0.027616	     44.054	     3.0993	-9.7531e+92	-9.7531e+92	  0.0072509	  0.0018483	  0.0070917	   0.015180	   -0.44948	   -0.41459	
8	11	   0.012421	   0.011170	     32.525	     3.6821	-9.7531e+92	-9.7531e+92	  0.0036980	 0.00089326	  0.0033710	  0.0032642	   -0.21226	   -0.19325	
8	12	  0.0075872	  0.0068231	     55.069	     2.3397	-9.7531e+92	-9.7531e+92	  0.0028160	 0.00054789	  0.0026540	  0.0065941	   -0.13673	   -0.12561	
8	13	  0.0084672	  0.0076144	     162.59	   0.072826	-9.7531e+92	-9.7531e+92	   0.018923	 0.00079244	     0.0000	     0.0000	   -0.15529	     1.9667	
8	14	   0.013045	   0.011731	     146.54	    0.10935	-9.7531e+92	-9.7531e+92	   0.025837	  0.0012419	     0.0000	  -0.016278	   -0.24871	     1.7253	
8	15	 5.0875e-05	 4.5751e-05	     159.01	   0.079481	-9.7531e+92	-9.7531e+92	  0.0083503	 1.0918e-05	     0.0000	  -0.017119	 -0.0024100	    0.83650	
8	16	 9.6650e-09	 8.6916e-09	     112.87	    0.29583	-9.7531e+92	-9.7531e+92	 8.2237e-05	 6.7133e-06	     0.0000	-0.00042612	 -0.0014465	  0.0066466	
8	17	 1.4203e-12	 1.2772e-12	     258.50	   0.011577	-9.7531e+92	-9.7531e+92	 4.8981e-05	 6.6661e-06	     0.0000	-0.00069920	 -0.0014474	  0.0089005	
8	18	    0.35254	    0.31703	     75.421	     1.1439	-9.7531e+92	-9.7531e+92	    0.11126	   0.030479	  0.0035053	    0.13880	    -7.1887	    -4.4701	
8	19	  0.0074929	  0.0067383	     80.536	    0.94205	-9.7531e+92	-9.7531e+92	  0.0046684	 0.00054068	  0.0042669	  0.0051285	   -0.14507	   -0.12890	
8	20	   0.068440	   0.061547	     51.987	     2.5582	-9.7531e+92	-9.7531e+92	   0.018361	  0.0048292	   0.017623	   0.037458	    -1.3107	    -1.2226	
8	21	 1.7077e-05	 1.5357e-05	     132.38	    0.16196	-9.7531e+92	-9.7531e+92	  0.0025769	 8.1198e-06	     0.0000	 -0.0011364	 -0.0017824	    0.62027	
8	22	 3.8574e-13	 3.4689e-13	     168.70	   0.062994	-9.7531e+92	-9.7531e+92	 3.5518e-05	 6.5166e-06	     0.0000	-0.00013994	 -0.0014293	  0.0019245	
8	23	    0.11015	   0.099054	     54.810	     2.3580	-9.7531e+92	-9.7531e+92	   0.072401	  0.0096960	     0.0000	 0.00082196	    -2.3350	   -0.21166	
8	24	 0.00077246	 0.00069467	     77.960	     1.0389	-9.7531e+92	-9.7531e+92	  0.0014455	 8.2025e-05	     0.0000	-0.00053033	  -0.018030	   0.048428	
9	0	    0.10608	    0.25429	     86.890	    0.74099	-9.7531e+92	-9.7531e+92	    0.11613	    0.11712	     0.0000	  0.0041284	     2.3417	   0.012937	
9	1	    0.10604	    0.25418	     55.376	     2.3181	-9.7531e+92	-9.7531e+92	    0.10170	    0.11395	     0.0000	   0.017274	     2.2711	   0.021947	
9	2	  0.0014149	  0.0033918	     133.64	    0.15619	-9.7531e+92	-9.7531e+92	   0.035122	  0.0018626	     0.0000	  -0.057860	   0.038510	  -0.010958	
9	3	 0.00010703	 0.00025658	     191.41	   0.038254	-9.7531e+92	-9.7531e+92	  0.0028576	 0.00023797	     0.0000	  -0.018118	  0.0045166	 -0.0017951	
9	4	 1.0177e-11	 2.4396e-11	     223.28	   0.020749	-9.7531e+92	-9.7531e+92	  0.0010858	 9.4452e-05	     0.0000	 -0.0087421	  0.0016109	 0.00048457	
9	5	 4.4546e-05	 0.00010678	     134.70	    0.15149	-9.7531e+92	-9.7531e+92	  0.0024699	 0.00014636	     0.0000	 -0.0020800	  0.0027103	  0.0024423	
9	6	   0.066481	    0.15936	     62.827	     1.8164	-9.7531e+92	-9.7531e+92	    0.12319	   0.041774	     0.0000	     0.0000	     1.6302	     0.0000	
9	7	   0.012749	   0.030562	     64.406	     1.7184	-9.7531e+92	-9.7531e+92	   0.043125	   0.017454	     0.0000	  -0.020368	    0.30703	  0.0066074	
9	8	 5.9245e-12	 1.4202e-11	     171.65	   0.058843	-9.7531e+92	-9.7531e+92	 0.00041902	 9.5590e-05	     0.0000	 -0.0020191	  0.0015712	 0.00061435	
9	9	     0.0000	     0.0000	     0.0000	     4.0000	-9.7531e+92	-9.7531e+92	     1.2799	     0.0000	     1.0005	     0.0000	     0.0000	     0.0000	
9	10	 1.5510e-11	 3.7180e-11	     215.04	   0.024096	-9.7531e+92	-9.7531e+92	 9.3796e-05	 0.00010053	     0.0000	-0.00019290	  0.0015221	 3.2613e-05	
9	11	 2.5888e-11	 6.2056e-11	     175.31	   0.054135	-9.7531e+92	-9.7531e+92	 0.00012686	 9.8133e-05	     0.0000	-0.00028784	  0.0015481	 8.6520e-05	
9	12	 2.3241e-11	 5.5711e-11	     214.99	   0.024120	-9.7531e+92	-9.7531e+92	 9.6424e-05	 0.00010029	     0.0000	-0.00023302	  0.0015209	 3.3357e-05	
9	13	    0.58734	     1.4079	     9.0540	     3.9979	-9.7531e+92	-9.7531e+92	    0.40216	    0.53467	    0.10841	     0.0000	     10.905	    0.23182	
9	14	    0.10520	    0.25219	     38.749	     3.4073	-9.7531e+92	-9.7531e+92	    0.13402	   0.094730	     0.0000	-9.0977e-05	     2.0204	 -0.0012840	
9	15	  0.0013627	  0.0032666	     117.55	    0.25424	-9.7531e+92	-9.7531e+92	   0.019709	  0.0016838	     0.0000	  -0.022759	   0.034819	 0.00095391	
9	16	 2.4173e-11	 5.7946e-11	     159.83	   0.077890	-9.7531e+92	-9.7531e+92	 0.00014383	 9.7912e-05	     0.0000	-0.00058493	  0.0015294	 9.5832e-05	
9	17	 4.1712e-11	 9.9991e-11	     293.28	  0.0069951	-9.7531e+92	-9.7531e+92	 0.00013081	 9.9942e-05	     0.0000	-0.00095883	  0.0015093	 0.00012722	
9	18	  0.0076563	   0.018353	     96.665	    0.51699	-9.7531e+92	-9.7531e+92	   0.075342	  0.0096085	     0.0000	  -0.093330	    0.18972	 -0.0011264	
9	19	 1.9659e-12	 4.7126e-12	     193.08	   0.036956	-9.7531e+92	-9.7531e+92	 0.00013297	 9.6903e-05	     0.0000	-0.00063733	  0.0015416	 0.00010199	
9	20	 3.6507e-11	 8.7513e-11	     174.09	   0.055651	-9.7531e+92	-9.7531e+92	 0.00017582	 9.5529e-05	     0.0000	 -0.0010406	  0.0015549	 0.00019819	
9	21	  0.0054834	   0.013144	     83.320	    0.84769	-9.7531e+92	-9.7531e+92	   0.026877	  0.0070892	     0.0000	 -0.0012824	    0.13483	  0.0050803	
9	22	 1.7590e-11	 4.2166e-11	     266.14	   0.010307	-9.7531e+92	-9.7531e+92	 9.1097e-05	 0.00010127	     0.0000	-0.00019879	  0.0015158	 2.6738e-05	
9	23	 3.8950e-05	 9.3369e-05	     121.73	    0.22293	-9.7531e+92	-9.7531e+92	   0.031239	 0.00012775	     0.0000	  -0.013317	  0.0025735	   0.022666	
9	24	 4.0297e-11	 9.6599e-11	     149.07	    0.10229	-9.7531e+92	-9.7531e+92	 0.00058511	 9.3996e-05	     0.0000	-0.00098583	  0.0015890	 0.00090448	
10	0	 0.00039964	 0.00015722	     210.64	   0.026161	-9.7531e+92	-9.7531e+92	  0.0017317	 6.0156e-06	     0.0000	-0.00073041	 -0.0013390	    0.18700	
10	1	 4.9371e-05	 1.9422e-05	     228.04	   0.019080	-9.7531e+92	-9.7531e+92	  0.0010022	 1.5096e-06	     0.0000	 -0.0013062	-0.00033134	    0.12458	
10	2	 0.00043315	 0.00017040	     213.20	   0.024934	-9.7531e+92	-9.7531e+92	  0.0018591	 6.1824e-06	     0.0000	 -0.0061705	 -0.0014526	    0.11631	
10	3	 6.3990e-12	 2.5174e-12	     258.79	   0.011525	-9.7531e+92	-9.7531e+92	 0.00024648	 8.5527e-07	     0.0000	 -0.0019056	-0.00019826	   0.029959	
10	4	 3.6656e-11	 1.4420e-11	     204.61	   0.029363	-9.7531e+92	-9.7531e+92	 0.00017093	 8.6382e-07	     0.0000	-0.00090986	-0.00021037	   0.014111	
10	5	   0.048310	   0.019005	     93.726	    0.57518	-9.7531e+92	-9.7531e+92	   0.017523	 0.00062649	   0.012713	 0.00050655	   -0.15477	   -0.11332	
10	6	  0.0013795	 0.00054270	     153.37	   0.091543	-9.7531e+92	-9.7531e+92	  0.0077875	 1.8380e-05	     0.0000	 -0.0063358	 -0.0045342	    0.36822	
10	7	 4.5524e-05	 1.7909e-05	     153.29	   0.091732	-9.7531e+92	-9.7531e+92	  0.0023822	 1.4673e-06	     0.0000	 -0.0028787	-0.00035956	    0.15106	
10	8	    0.34828	    0.13701	     44.054	     3.0993	-9.7531e+92	-9.7531e+92	   0.039704	  0.0034123	   0.038738	   0.019515	   -0.96738	   -0.93949	
10	9	 9.9788e-12	 3.9257e-12	     215.04	   0.024096	-9.7531e+92	-9.7531e+92	  0.0033017	 8.3862e-07	     0.0000	 -0.0036846	-0.00021200	    0.36263	
10	10	     0.0000	     0.0000	     0.0000	     4.0000	-9.7531e+92	-9.7531e+92	    0.19834	     0.0000	    0.19827	     0.0000	     0.0000	     0.0000	
10	11	    0.19039	   0.074898	     46.926	     2.9109	-9.7531e+92	-9.7531e+92	   0.019389	  0.0019145	   0.019246	   0.010805	   -0.45087	   -0.43861	
10	12	    0.12099	   0.047596	     46.012	     2.9721	-9.7531e+92	-9.7531e+92	   0.012695	 0.00095856	   0.012624	   0.012548	   -0.19674	   -0.18921	
10	13	  0.0032316	  0.0012713	     205.99	   0.028587	-9.7531e+92	-9.7531e+92	  0.0048698	 4.1209e-05	     0.0000	     0.0000	 -0.0091098	    0.32309	
10	14	  0.0024899	 0.00097950	     190.48	   0.038997	-9.7531e+92	-9.7531e+92	  0.0062268	 3.2531e-05	     0.0000	 -0.0025780	 -0.0073518	    0.30047	
10	15	 3.5840e-06	 1.4099e-06	     197.67	   0.033672	-9.7531e+92	-9.7531e+92	  0.0020439	 8.7576e-07	     0.0000	 -0.0024457	-0.00021790	    0.13118	
10	16	 1.3641e-11	 5.3662e-12	     147.94	    0.10538	-9.7531e+92	-9.7531e+92	 4.2257e-05	 9.0270e-07	     0.0000	-6.0860e-05	-0.00021845	  0.0010400	
10	17	 4.3534e-12	 1.7126e-12	     270.72	  0.0096279	-9.7531e+92	-9.7531e+92	 2.1128e-05	 8.9351e-07	     0.0000	-9.9794e-05	-0.00021838	  0.0013926	
10	18	    0.16338	   0.064273	     118.82	    0.24422	-9.7531e+92	-9.7531e+92	   0.034384	  0.0019891	     0.0000	  0.0037549	   -0.50291	   -0.13075	
10	19	   0.017054	  0.0067092	     85.643	    0.77653	-9.7531e+92	-9.7531e+92	  0.0054117	 0.00020343	  0.0052360	  0.0024609	  -0.053853	  -0.051437	
10	20	   0.097988	   0.038548	     74.457	     1.1864	-9.7531e+92	-9.7531e+92	   0.014114	  0.0011681	   0.013791	   0.011727	   -0.30860	   -0.30010	
10	21	 7.3015e-11	 2.8724e-11	     171.26	   0.059366	-9.7531e+92	-9.7531e+92	 0.00067904	 8.7570e-07	     0.0000	-0.00016226	-0.00021440	   0.097145	
10	22	 4.8571e-12	 1.9108e-12	     176.66	   0.052524	-9.7531e+92	-9.7531e+92	 1.6468e-05	 8.9387e-07	     0.0000	-2.0446e-05	-0.00021728	 0.00030211	
10	23	  0.0052405	  0.0020616	     95.614	    0.53700	-9.7531e+92	-9.7531e+92	   0.018441	 6.5309e-05	     0.0000	 -0.0012664	  -0.017115	    0.29826	
10	24	 0.00033972	 0.00013364	     102.71	    0.41717	-9.7531e+92	-9.7531e+92	 0.00097283	 5.4618e-06	     0.0000	-9.0554e-05	 -0.0013255	  0.0089666	
11	0	  0.0029041	  0.0013059	     167.10	   0.065400	-9.7531e+92	-9.7531e+92	  0.0037067	 4.8108e-05	     0.0000	-0.00083237	  -0.012857	    0.26914	
11	1	  0.0032795	  0.0014747	     185.20	   0.043588	-9.7531e+92	-9.7531e+92	  0.0023093	 5.5089e-05	     0.0000	 -0.0014347	  -0.014383	    0.17286	
11	2	 6.5539e-05	 2.9471e-05	     197.83	   0.033565	-9.7531e+92	-9.7531e+92	  0.0023542	 2.0927e-06	     0.0000	 -0.0073726	-0.00057865	    0.17544	
11	3	 9.2042e-11	 4.1389e-11	     244.71	   0.014404	-9.7531e+92	-9.7531e+92	 0.00029268	 1.0950e-06	     0.0000	 -0.0022565	-0.00029824	   0.044753	
11	4	 3.3202e-12	 1.4930e-12	     218.09	   0.022784	-9.7531e+92	-9.7531e+92	 0.00013270	 1.1058e-06	     0.0000	 -0.0010775	-0.00031605	   0.021038	
11	5	    0.12391	   0.055721	     77.490	     1.0576	-9.7531e+92	-9.7531e+92	   0.022360	  0.0020665	   0.016861	  0.0021666	   -0.59668	   -0.52338	
11	6	   0.020200	  0.0090832	     117.04	    0.25846	-9.7531e+92	-9.7531e+92	   0.014248	 0.00032785	     0.0000	 -0.0063259	  -0.095460	    0.46295	
11	7	  0.0024052	  0.0010815	     112.26	    0.30176	-9.7531e+92	-9.7531e+92	  0.0048909	 4.0767e-05	     0.0000	 -0.0032420	  -0.011881	    0.21409	
11	8	    0.24916	    0.11204	     32.525	     3.6821	-9.7531e+92	-9.7531e+92	   0.030542	  0.0037248	   0.029438	   0.020893	    -1.1558	    -1.1142	
11	9	 6.2377e-07	 2.8049e-07	     175.31	   0.054135	-9.7531e+92	-9.7531e+92	  0.0061726	 1.0778e-06	     0.0000	 -0.0043632	-0.00032140	    0.54052	
11	10	   0.047396	   0.021313	     46.926	     2.9109	-9.7531e+92	-9.7531e+92	  0.0058612	 0.00032821	  0.0057816	  0.0022822	  -0.067871	  -0.061936	
11	11	     0.0000	     0.0000	     0.0000	     4.0000	-9.7531e+92	-9.7531e+92	    0.22568	     0.0000	    0.22552	     0.0000	     0.0000	     0.0000	
11	12	  0.0012883	 0.00057932	     77.218	     1.0686	-9.7531e+92	-9.7531e+92	 0.00079182	 1.8452e-05	 0.00071082	 0.00021346	 -0.0054477	 -0.0045811	
11	13	   0.026601	   0.011962	     166.60	   0.066184	-9.7531e+92	-9.7531e+92	   0.010281	 0.00042311	     0.0000	     0.0000	   -0.11105	    0.38920	
11	14	   0.015008	  0.0067487	     157.91	   0.081669	-9.7531e+92	-9.7531e+92	   0.011541	 0.00024415	     0.0000	 -0.0026947	  -0.065275	    0.39662	
11	15	 9.3754e-06	 4.2159e-06	     182.32	   0.046370	-9.7531e+92	-9.7531e+92	  0.0025621	 1.2098e-06	     0.0000	 -0.0028957	-0.00035444	    0.19567	
11	16	 1.8792e-12	 8.4501e-13	     142.85	    0.12075	-9.7531e+92	-9.7531e+92	 2.9407e-05	 1.1550e-06	     0.0000	-7.2086e-05	-0.00032796	  0.0015487	
11	17	 4.8444e-12	 2.1784e-12	     290.18	  0.0072979	-9.7531e+92	-9.7531e+92	 2.1213e-05	 1.1436e-06	     0.0000	-0.00011818	-0.00032783	  0.0020739	
11	18	    0.29065	    0.13070	     81.269	    0.91620	-9.7531e+92	-9.7531e+92	   0.051949	  0.0043822	     0.0000	   0.017276	    -1.3460	   -0.76691	
11	19	 3.8719e-05	 1.7411e-05	     108.78	    0.33886	-9.7531e+92	-9.7531e+92	 0.00098771	 1.6934e-06	 0.00078699	-6.6338e-05	-0.00050950	  0.0016084	
11	20	   0.028974	   0.013029	     83.734	    0.83452	-9.7531e+92	-9.7531e+92	  0.0051828	 0.00046450	  0.0048137	  0.0044884	   -0.14009	   -0.13267	
11	21	 0.00088377	 0.00039741	     128.65	    0.18069	-9.7531e+92	-9.7531e+92	  0.0015105	 1.5818e-05	     0.0000	-0.00018666	 -0.0045821	    0.14061	
11	22	 3.1024e-12	 1.3951e-12	     200.45	   0.031856	-9.7531e+92	-9.7531e+92	 1.6697e-05	 1.1510e-06	     0.0000	-2.4403e-05	-0.00032686	 0.00045007	
11	23	    0.12258	   0.055120	     53.605	     2.4433	-9.7531e+92	-9.7531e+92	   0.038301	  0.0018869	     0.0000	 0.00036164	   -0.59098	   -0.10778	
11	24	   0.064651	   0.029072	     56.094	     2.2676	-9.7531e+92	-9.7531e+92	  0.0079023	  0.0010663	  0.0064612	  0.0021855	   -0.30757	   -0.28490	
12	0	 8.3912e-05	 3.4761e-05	     226.76	   0.019512	-9.7531e+92	-9.7531e+92	  0.0015720	 3.3392e-06	     0.0000	 -0.0013342	-0.00066190	    0.28947	
12	1	 3.9880e-05	 1.6521e-05	     231.78	   0.017881	-9.7531e+92	-9.7531e+92	 0.00089541	 2.3788e-06	     0.0000	 -0.0023753	-0.00046554	    0.19195	
12	2	   0.017611	  0.0072954	     181.48	   0.047226	-9.7531e+92	-9.7531e+92	  0.0051153	 0.00037428	     0.0000	 -0.0065041	  -0.078642	    0.10393	
12	3	 6.2664e-06	 2.5959e-06	     227.10	   0.019395	-9.7531e+92	-9.7531e+92	 0.00060719	 1.6003e-06	     0.0000	 -0.0034623	-0.00033224	   0.046177	
12	4	 0.00021661	 8.9734e-05	     165.11	   0.068567	-9.7531e+92	-9.7531e+92	 0.00064951	 6.2480e-06	     0.0000	 -0.0015749	 -0.0013698	   0.020768	
12	5	    0.13026	   0.053963	     80.590	    0.94012	-9.7531e+92	-9.7531e+92	   0.028342	  0.0029047	   0.023276	  0.0032150	   -0.64058	   -0.57268	
12	6	  0.0020747	 0.00085947	     152.49	   0.093630	-9.7531e+92	-9.7531e+92	  0.0078226	 4.6528e-05	     0.0000	  -0.011452	  -0.010300	    0.56550	
12	7	 1.1074e-05	 4.5876e-06	     158.06	   0.081372	-9.7531e+92	-9.7531e+92	  0.0017153	 1.7397e-06	     0.0000	 -0.0052375	-0.00038263	    0.23366	
12	8	    0.14805	   0.061332	     55.069	     2.3397	-9.7531e+92	-9.7531e+92	   0.022719	  0.0031031	   0.021702	   0.019588	   -0.71182	   -0.69073	
12	9	 2.2566e-12	 9.3479e-13	     214.99	   0.024120	-9.7531e+92	-9.7531e+92	  0.0032986	 1.4349e-06	     0.0000	 -0.0066989	-0.00032534	    0.56037	
12	10	   0.087818	   0.036379	     46.012	     2.9721	-9.7531e+92	-9.7531e+92	  0.0097196	  0.0013306	  0.0096463	   0.016111	   -0.24127	   -0.23530	
12	11	   0.039755	   0.016469	     77.218	     1.0686	-9.7531e+92	-9.7531e+92	  0.0052708	 0.00088122	  0.0051201	  0.0064776	   -0.19520	   -0.19094	
12	12	     0.0000	     0.0000	     0.0000	     4.0000	-9.7531e+92	-9.7531e+92	    0.20988	     0.0000	    0.20981	     0.0000	     0.0000	     0.0000	
12	13	  0.0035761	  0.0014814	     205.94	   0.028617	-9.7531e+92	-9.7531e+92	  0.0048340	 7.8151e-05	     0.0000	     0.0000	  -0.015379	    0.49575	
12	14	  0.0028552	  0.0011828	     188.63	   0.040536	-9.7531e+92	-9.7531e+92	  0.0065230	 6.3733e-05	     0.0000	 -0.0046710	  -0.012860	    0.46137	
12	15	  0.0011644	 0.00048235	     166.81	   0.065853	-9.7531e+92	-9.7531e+92	  0.0044452	 2.6213e-05	     0.0000	 -0.0043271	 -0.0058478	    0.19714	
12	16	 1.3917e-07	 5.7654e-08	     115.95	    0.26758	-9.7531e+92	-9.7531e+92	 0.00014560	 1.5403e-06	     0.0000	-0.00011037	-0.00033580	  0.0016077	
12	17	 1.7967e-12	 7.4431e-13	     225.22	   0.020047	-9.7531e+92	-9.7531e+92	 4.4246e-05	 1.5218e-06	     0.0000	-0.00018133	-0.00033527	  0.0021538	
12	18	   0.039737	   0.016461	     120.73	    0.22996	-9.7531e+92	-9.7531e+92	   0.020934	 0.00083204	     0.0000	  -0.012614	   -0.18776	    0.37298	
12	19	    0.28825	    0.11941	     44.530	     3.0689	-9.7531e+92	-9.7531e+92	   0.034392	  0.0037544	   0.034207	   0.042319	    -1.0479	    -1.0280	
12	20	    0.23507	   0.097378	     45.010	     3.0379	-9.7531e+92	-9.7531e+92	   0.032994	  0.0035591	   0.032654	   0.033674	   -0.95924	   -0.94101	
12	21	 3.1468e-12	 1.3036e-12	     187.39	   0.041605	-9.7531e+92	-9.7531e+92	 0.00052215	 1.4974e-06	     0.0000	-0.00029501	-0.00032913	    0.15016	
12	22	 1.7003e-11	 7.0437e-12	     131.16	    0.16782	-9.7531e+92	-9.7531e+92	 3.0253e-05	 1.4512e-06	     0.0000	-3.4498e-05	-0.00032647	 0.00045654	
12	23	  0.0034203	  0.0014169	     109.85	    0.32696	-9.7531e+92	-9.7531e+92	   0.011370	 7.3624e-05	     0.0000	 -0.0024079	  -0.017279	    0.47002	
12	24	 9.4291e-12	 3.9061e-12	     132.31	    0.16230	-9.7531e+92	-9.7531e+92	 0.00037016	 1.5371e-06	     0.0000	-0.00018639	-0.00033496	   0.015547	
13	0	    0.10786	     1.1765	     86.013	    0.76580	-9.7531e+92	-9.7531e+92	    0.49137	    0.10720	     0.0000	  0.0019222	     1.1032	  -0.011080	
13	1	    0.11520	     1.2567	     57.043	     2.2015	-9.7531e+92	-9.7531e+92	    0.42469	    0.11487	     0.0000	  0.0088432	     1.1954	  -0.017966	
13	2	    0.13189	     1.4386	     127.66	    0.18612	-9.7531e+92	-9.7531e+92	    0.44283	    0.14512	     0.0000	   0.058513	     1.8257	  -0.027551	
13	3	 0.00010583	  0.0011544	     188.65	   0.040519	-9.7531e+92	-9.7531e+92	   0.031896	 0.00020767	     0.0000	 -0.0080712	  0.0024556	  0.0037039	
13	4	 4.4821e-11	 4.8891e-10	     217.30	   0.023117	-9.7531e+92	-9.7531e+92	   0.011750	 8.5645e-05	     0.0000	 -0.0038939	 0.00085717	  0.0024330	
13	5	 0.00052914	  0.0057719	     125.66	    0.19761	-9.7531e+92	-9.7531e+92	   0.017632	 0.00073024	     0.0000	-0.00088947	  0.0077458	  0.0068609	
13	6	    0.17961	     1.9592	     53.773	     2.4314	-9.7531e+92	-9.7531e+92	    0.80710	    0.17253	     0.0000	     0.0000	     2.2523	  -0.030132	
13	7	   0.068131	    0.74317	     57.312	     2.1828	-9.7531e+92	-9.7531e+92	    0.30822	   0.084206	     0.0000	  0.0050839	    0.87171	  -0.011531	
13	8	 1.8188e-11	 1.9840e-10	     162.59	   0.072826	-9.7531e+92	-9.7531e+92	  0.0026294	 8.9813e-05	     0.0000	-0.00089937	 0.00080083	  0.0014877	
13	9	    0.11158	     1.2171	     9.0540	     3.9979	-9.7531e+92	-9.7531e+92	    0.67668	   0.078052	     0.0000	     0.0000	     1.6105	     0.0000	
13	10	 9.8374e-12	 1.0731e-10	     205.99	   0.028587	-9.7531e+92	-9.7531e+92	 0.00044068	 9.4227e-05	     0.0000	-8.5924e-05	 0.00075169	 7.1278e-05	
13	11	 5.3529e-11	 5.8390e-10	     166.60	   0.066184	-9.7531e+92	-9.7531e+92	 0.00066404	 9.1309e-05	     0.0000	-0.00012821	 0.00079531	 0.00019110	
13	12	 1.1997e-11	 1.3086e-10	     205.94	   0.028617	-9.7531e+92	-9.7531e+92	 0.00044759	 9.4035e-05	     0.0000	-0.00010379	 0.00074974	 7.3188e-05	
13	13	     0.0000	     0.0000	     0.0000	     4.0000	-9.7531e+92	-9.7531e+92	     5.8068	     0.0000	     4.4701	     0.0000	     0.0000	     0.0000	
13	14	    0.18568	     2.0254	     32.765	     3.6733	-9.7531e+92	-9.7531e+92	    0.76100	    0.18842	     0.0000	  0.0079085	     2.2101	  -0.021113	
13	15	  0.0041701	   0.045487	     111.52	    0.30921	-9.7531e+92	-9.7531e+92	    0.21606	  0.0044223	     0.0000	 -0.0094584	   0.052867	   0.018848	
13	16	 1.0999e-11	 1.1998e-10	     153.85	   0.090443	-9.7531e+92	-9.7531e+92	  0.0010988	 8.9342e-05	     0.0000	-0.00026054	 0.00077669	 0.00020942	
13	17	 2.2833e-12	 2.4906e-11	     287.27	  0.0075975	-9.7531e+92	-9.7531e+92	 0.00091417	 9.1790e-05	     0.0000	-0.00042709	 0.00074665	 0.00027988	
13	18	   0.078010	    0.85094	     87.611	    0.72124	-9.7531e+92	-9.7531e+92	    0.52762	   0.089467	     0.0000	  -0.015529	     1.0187	   0.019399	
13	19	 8.9220e-11	 9.7322e-10	     184.51	   0.044238	-9.7531e+92	-9.7531e+92	 0.00065568	 9.0596e-05	     0.0000	-0.00028388	 0.00077569	 0.00023916	
13	20	 3.5724e-11	 3.8968e-10	     165.04	   0.068678	-9.7531e+92	-9.7531e+92	 0.00093455	 8.9708e-05	     0.0000	-0.00046352	 0.00078367	 0.00047240	
13	21	   0.016868	    0.18400	     76.619	     1.0932	-9.7531e+92	-9.7531e+92	    0.15297	   0.018507	     0.0000	-0.00031546	    0.23394	  0.0082551	
13	22	 1.6894e-11	 1.8428e-10	     260.15	   0.011286	-9.7531e+92	-9.7531e+92	 0.00047940	 9.3504e-05	     0.0000	-8.8543e-05	 0.00075107	 6.0299e-05	
13	23	 0.00037001	  0.0040360	     113.01	    0.29441	-9.7531e+92	-9.7531e+92	    0.21828	 0.00049596	     0.0000	 -0.0059120	  0.0056724	   0.060000	
13	24	 2.8444e-11	 3.1027e-10	     142.21	    0.12286	-9.7531e+92	-9.7531e+92	  0.0038633	 8.7404e-05	     0.0000	-0.00043911	 0.00083873	  0.0020134	
14	0	    0.23137	     1.9809	     114.85	    0.27729	-9.7531e+92	-9.7531e+92	    0.60180	    0.31057	   0.029095	  0.0019246	     4.4576	   0.031613	
14	1	   0.021761	    0.18631	     88.839	    0.68891	-9.7531e+92	-9.7531e+92	    0.14752	   0.027904	     0.0000	-0.00071474	    0.38608	 -0.0044554	
14	2	   0.063354	    0.54243	     97.273	    0.50580	-9.7531e+92	-9.7531e+92	    0.19739	   0.071993	     0.0000	 0.00054891	     1.0962	  0.0041282	
14	3	 0.00010877	 0.00093127	     161.01	   0.075671	-9.7531e+92	-9.7531e+92	   0.020932	 0.00023563	     0.0000	 -0.0014622	  0.0035265	 -0.0018196	
14	4	 5.9133e-06	 5.0629e-05	     184.55	   0.044193	-9.7531e+92	-9.7531e+92	  0.0075200	 0.00010600	     0.0000	-0.00075413	  0.0014411	-0.00070044	
14	5	 0.00035441	  0.0030344	     108.09	    0.34690	-9.7531e+92	-9.7531e+92	   0.010847	 0.00060956	     0.0000	-0.00022494	  0.0086310	 -0.0017124	
14	6	    0.54147	     4.6360	     41.508	     3.2546	-9.7531e+92	-9.7531e+92	     1.3051	    0.76668	    0.26718	   0.023654	     10.751	   0.065302	
14	7	  0.0071118	   0.060891	     65.464	     1.6549	-9.7531e+92	-9.7531e+92	   0.099006	   0.011084	     0.0000	 -0.0026195	    0.14089	 -0.0060098	
14	8	 8.8448e-13	 7.5729e-12	     146.54	    0.10935	-9.7531e+92	-9.7531e+92	  0.0016665	 0.00010953	     0.0000	-0.00022409	  0.0012741	-0.00033438	
14	9	   0.038687	    0.33124	     38.749	     3.4073	-9.7531e+92	-9.7531e+92	    0.60792	   0.050069	     0.0000	 -0.0026262	    0.77605	  -0.011692	
14	10	 7.1678e-12	 6.1370e-11	     190.48	   0.038997	-9.7531e+92	-9.7531e+92	 0.00033811	 0.00011586	     0.0000	-2.1409e-05	  0.0012079	-1.5076e-05	
14	11	 2.7312e-11	 2.3385e-10	     157.91	   0.081669	-9.7531e+92	-9.7531e+92	 0.00046587	 0.00011248	     0.0000	-3.1945e-05	  0.0012506	-4.0692e-05	
14	12	 1.3272e-11	 1.1363e-10	     188.63	   0.040536	-9.7531e+92	-9.7531e+92	 0.00034712	 0.00011531	     0.0000	-2.5861e-05	  0.0012085	-1.5518e-05	
14	13	   0.041436	    0.35477	     32.765	     3.6733	-9.7531e+92	-9.7531e+92	    0.39086	   0.045881	     0.0000	     0.0000	    0.62109	  -0.016842	
14	14	     0.0000	     0.0000	     0.0000	     4.0000	-9.7531e+92	-9.7531e+92	     4.4999	     0.0000	     3.5661	     0.0000	     0.0000	     0.0000	
14	15	   0.044814	    0.38370	     78.991	    0.99899	-9.7531e+92	-9.7531e+92	    0.18656	   0.046088	     0.0000	     0.0000	    0.81417	     0.0000	
14	16	 3.3471e-12	 2.8658e-11	     121.20	    0.22662	-9.7531e+92	-9.7531e+92	 0.00073314	 0.00010086	     0.0000	-4.5666e-05	  0.0013222	-4.4290e-05	
14	17	 7.3790e-12	 6.3178e-11	     254.84	   0.012253	-9.7531e+92	-9.7531e+92	 0.00063778	 0.00010794	     0.0000	-9.7218e-05	  0.0012359	-5.9443e-05	
14	18	  0.0087958	   0.075309	     78.249	     1.0276	-9.7531e+92	-9.7531e+92	    0.29086	   0.012279	     0.0000	  -0.010253	    0.17608	  -0.018191	
14	19	 4.8718e-12	 4.1711e-11	     166.55	   0.066257	-9.7531e+92	-9.7531e+92	 0.00049348	 0.00011041	     0.0000	-7.0732e-05	  0.0012421	-5.2794e-05	
14	20	 2.3896e-11	 2.0459e-10	     147.73	    0.10597	-9.7531e+92	-9.7531e+92	 0.00067677	 0.00010950	     0.0000	-0.00011549	  0.0012517	-0.00010525	
14	21	 0.00067077	  0.0057430	     101.18	    0.44014	-9.7531e+92	-9.7531e+92	   0.064607	  0.0010527	     0.0000	-0.00016926	   0.014949	 -0.0043816	
14	22	 4.9650e-12	 4.2510e-11	     227.39	   0.019298	-9.7531e+92	-9.7531e+92	 0.00036006	 0.00011058	     0.0000	-2.0594e-05	  0.0012388	-1.3007e-05	
14	23	 6.4951e-05	 0.00055611	     114.84	    0.27739	-9.7531e+92	-9.7531e+92	    0.12223	 0.00017161	     0.0000	 -0.0014776	  0.0027853	  -0.014178	
14	24	 3.1479e-11	 2.6952e-10	     150.00	   0.099849	-9.7531e+92	-9.7531e+92	  0.0022341	 0.00010994	     0.0000	-0.00010941	  0.0012661	-0.00043082	
15	0	 0.00059769	  0.0023905	     189.51	   0.039789	-9.7531e+92	-9.7531e+92	   0.077574	  0.0010357	     0.0000	  -0.062320	   0.014846	    -1.2882	
15	1	  0.0010137	  0.0040545	     167.83	   0.064291	-9.7531e+92	-9.7531e+92	   0.031241	  0.0016885	     0.0000	   -0.10936	   0.024383	   -0.85430	
15	2	    0.20164	    0.80646	     21.827	     3.9312	-9.7531e+92	-9.7531e+92	    0.30366	   0.071443	    0.13845	   0.046946	   -0.69586	   -0.26885	
15	3	    0.13325	    0.53295	     84.108	    0.82281	-9.7531e+92	-9.7531e+92	    0.16294	   0.084657	    0.12153	    0.39081	     1.5402	     1.5442	
15	4	   0.030831	    0.12331	     106.18	    0.37015	-9.7531e+92	-9.7531e+92	   0.053108	   0.026274	   0.034573	    0.19351	    0.57076	    0.45399	
15	5	  0.0027076	   0.010829	     104.94	    0.38615	-9.7531e+92	-9.7531e+92	  0.0063509	  0.0039246	     0.0000	  -0.014462	   0.050314	   -0.15422	
15	6	   0.079669	    0.31864	     96.746	    0.51548	-9.7531e+92	-9.7531e+92	    0.24251	    0.12093	     0.0000	   -0.18841	     1.4349	   -0.70807	
15	7	 0.00024202	 0.00096795	     131.62	    0.16559	-9.7531e+92	-9.7531e+92	   0.023786	 0.00049067	     0.0000	   -0.24535	  0.0052061	   -0.78553	
15	8	 9.2982e-13	 3.7189e-12	     159.01	   0.079481	-9.7531e+92	-9.7531e+92	 0.00071154	 0.00010629	     0.0000	  -0.017985	  0.0010971	  -0.038143	
15	9	  0.0022461	  0.0089835	     117.55	    0.25424	-9.7531e+92	-9.7531e+92	    0.11422	  0.0033793	     0.0000	   -0.30925	   0.040291	    -1.9015	
15	10	 4.9049e-12	 1.9617e-11	     197.67	   0.033672	-9.7531e+92	-9.7531e+92	 0.00015672	 0.00010894	     0.0000	 -0.0017182	  0.0010560	 -0.0017378	
15	11	 2.0856e-12	 8.3413e-12	     182.32	   0.046370	-9.7531e+92	-9.7531e+92	 0.00019955	 0.00010898	     0.0000	 -0.0025638	  0.0010611	 -0.0046849	
15	12	 2.0215e-12	 8.0849e-12	     166.81	   0.065853	-9.7531e+92	-9.7531e+92	 0.00016670	 0.00010607	     0.0000	 -0.0020755	  0.0010817	 -0.0017880	
15	13	    0.13188	    0.52744	     111.52	    0.30921	-9.7531e+92	-9.7531e+92	    0.21050	    0.17568	     0.0000	     0.0000	     2.8018	    0.18765	
15	14	    0.37545	     1.5016	     78.991	    0.99899	-9.7531e+92	-9.7531e+92	    0.46326	    0.52209	   0.027012	    0.55050	     7.5065	     5.1566	
15	15	     0.0000	     0.0000	     0.0000	     4.0000	-9.7531e+92	-9.7531e+92	     2.1515	     0.0000	     1.9785	     0.0000	     0.0000	     0.0000	
15	16	  0.0015862	  0.0063441	     65.362	     1.6609	-9.7531e+92	-9.7531e+92	  0.0031622	  0.0014691	  0.0015990	  0.0058122	   0.039211	   0.026581	
15	17	 3.8364e-12	 1.5344e-11	     175.81	   0.053534	-9.7531e+92	-9.7531e+92	  0.0026208	 7.4648e-05	 0.00061710	 -0.0058444	  0.0013521	 -0.0076660	
15	18	   0.038840	    0.15534	     116.73	    0.26100	-9.7531e+92	-9.7531e+92	   0.096744	   0.057606	     0.0000	   -0.60047	    0.73805	    -1.4216	
15	19	 1.2379e-06	 4.9511e-06	     131.26	    0.16732	-9.7531e+92	-9.7531e+92	 0.00031197	 0.00010228	     0.0000	 -0.0056535	  0.0011498	 -0.0060209	
15	20	 3.8898e-05	 0.00015558	     124.66	    0.20372	-9.7531e+92	-9.7531e+92	 0.00039288	 0.00016201	     0.0000	 -0.0087916	  0.0017637	  -0.011405	
15	21	 6.0358e-12	 2.4140e-11	     175.65	   0.053734	-9.7531e+92	-9.7531e+92	   0.012441	 0.00010495	     0.0000	  -0.013886	  0.0011203	   -0.50335	
15	22	 3.8125e-12	 1.5248e-11	     163.21	   0.071746	-9.7531e+92	-9.7531e+92	 0.00064054	 8.1156e-05	     0.0000	 -0.0013433	  0.0013132	 -0.0016187	
15	23	 1.1669e-05	 4.6671e-05	     149.47	    0.10124	-9.7531e+92	-9.7531e+92	   0.040162	 0.00011587	     0.0000	   -0.11865	  0.0012988	    -1.6057	
15	24	 4.3094e-12	 1.7236e-11	     189.75	   0.039594	-9.7531e+92	-9.7531e+92	 0.00076901	 0.00010956	     0.0000	 -0.0087809	  0.0010517	  -0.049558	
16	0	 1.8213e-05	 7.1517e-06	     217.18	   0.023165	-9.7531e+92	-9.7531e+92	  0.0028084	 2.2088e-06	     0.0000	 -0.0013297	-2.7025e-05	   0.019661	
16	1	 4.5057e-05	 1.7693e-05	     207.46	   0.027791	-9.7531e+92	-9.7531e+92	  0.0011344	 2.9223e-06	     0.0000	 -0.0023646	-3.4683e-05	   0.012804	
16	2	    0.69178	    0.27164	     68.097	     1.5042	-9.7531e+92	-9.7531e+92	   0.077832	   0.014386	   0.061612	    0.15002	   -0.29335	   -0.23381	
16	3	   0.012182	  0.0047835	     111.94	    0.30495	-9.7531e+92	-9.7531e+92	  0.0085858	 0.00022499	  0.0045200	 0.00041087	 -0.0059095	-0.00079613	
16	4	   0.064287	   0.025244	     75.439	     1.1432	-9.7531e+92	-9.7531e+92	  0.0088442	 0.00066622	  0.0070244	  0.0056072	  -0.021559	  -0.017591	
16	5	   0.024125	  0.0094731	     71.546	     1.3237	-9.7531e+92	-9.7531e+92	  0.0028239	 0.00063487	     0.0000	 0.00038466	  -0.011325	 -0.0050893	
16	6	  0.0012876	 0.00050561	     111.89	    0.30549	-9.7531e+92	-9.7531e+92	  0.0082356	 3.4425e-05	     0.0000	  -0.011478	-0.00059514	   0.047602	
16	7	 6.1709e-05	 2.4232e-05	     137.28	    0.14083	-9.7531e+92	-9.7531e+92	 0.00089361	 3.3712e-06	     0.0000	 -0.0052091	-6.0425e-05	   0.020352	
16	8	 5.9826e-05	 2.3492e-05	     112.87	    0.29583	-9.7531e+92	-9.7531e+92	 0.00020565	 3.3770e-06	     0.0000	-0.00037052	-6.1831e-05	  0.0010261	
16	9	 1.6151e-06	 6.3423e-07	     159.83	   0.077890	-9.7531e+92	-9.7531e+92	  0.0039225	 1.7115e-06	     0.0000	 -0.0066695	-3.1280e-05	   0.048058	
16	10	 5.3333e-12	 2.0943e-12	     147.94	    0.10538	-9.7531e+92	-9.7531e+92	 1.9665e-05	 1.7978e-06	     0.0000	-3.6298e-05	-3.3252e-05	 4.9687e-05	
16	11	 1.2731e-11	 4.9994e-12	     142.85	    0.12075	-9.7531e+92	-9.7531e+92	 1.9743e-05	 1.8065e-06	     0.0000	-5.4211e-05	-3.3368e-05	 0.00013343	
16	12	 9.5166e-08	 3.7369e-08	     115.95	    0.26758	-9.7531e+92	-9.7531e+92	 5.5354e-05	 1.7746e-06	     0.0000	-4.3599e-05	-3.2123e-05	 5.1006e-05	
16	13	  0.0073097	  0.0028703	     153.85	   0.090443	-9.7531e+92	-9.7531e+92	  0.0073020	 0.00018156	     0.0000	     0.0000	 -0.0020516	   0.029060	
16	14	   0.035282	   0.013854	     121.20	    0.22662	-9.7531e+92	-9.7531e+92	   0.016952	 0.00089237	     0.0000	 -0.0032324	  -0.011503	   0.021877	
16	15	    0.14758	   0.057953	     65.362	     1.6609	-9.7531e+92	-9.7531e+92	   0.048257	  0.0033198	   0.031268	  0.0084784	  -0.064033	  -0.040473	
16	16	     0.0000	     0.0000	     0.0000	     4.0000	-9.7531e+92	-9.7531e+92	    0.19662	     0.0000	    0.19646	     0.0000	     0.0000	     0.0000	
16	17	 4.3162e-13	 1.6949e-13	     148.25	    0.10451	-9.7531e+92	-9.7531e+92	 0.00042734	 1.3586e-06	 0.00023061	-0.00011431	-1.9539e-05	 0.00011488	
16	18	  0.0064523	  0.0025337	     110.59	    0.31898	-9.7531e+92	-9.7531e+92	  0.0040848	 0.00016019	     0.0000	  -0.017772	 -0.0026884	   0.042405	
16	19	  0.0069459	  0.0027275	     73.024	     1.2523	-9.7531e+92	-9.7531e+92	 0.00077993	 0.00017721	 0.00060465	  0.0020049	 -0.0027511	 -0.0023781	
16	20	  0.0025630	  0.0010064	     74.477	     1.1855	-9.7531e+92	-9.7531e+92	 0.00046944	 6.8019e-05	 0.00014711	 0.00046518	 -0.0012289	-0.00078956	
16	21	 6.4587e-12	 2.5362e-12	     180.81	   0.047925	-9.7531e+92	-9.7531e+92	 0.00046170	 1.7534e-06	     0.0000	-0.00029372	-3.1659e-05	   0.013162	
16	22	 1.4108e-05	 5.5400e-06	     106.73	    0.36321	-9.7531e+92	-9.7531e+92	 9.9061e-05	 1.7086e-06	 3.5804e-05	-2.0684e-05	-2.3652e-05	 2.1187e-05	
16	23	 3.4003e-06	 1.3352e-06	     136.77	    0.14287	-9.7531e+92	-9.7531e+92	  0.0017647	 1.7387e-06	     0.0000	 -0.0025099	-3.3825e-05	   0.043108	
16	24	 1.5675e-12	 6.1553e-13	     177.80	   0.051213	-9.7531e+92	-9.7531e+92	 4.1379e-05	 1.8063e-06	     0.0000	-0.00018574	-3.3405e-05	  0.0014074	
17	0	 3.7429e-10	 1.6031e-10	     353.56	  0.0033150	-9.7531e+92	-9.7531e+92	  0.0016181	 3.0578e-06	     0.0000	 -0.0025762	-2.0825e-05	   0.022363	
17	1	 1.0709e-09	 4.5867e-10	     342.57	  0.0037606	-9.7531e+92	-9.7531e+92	 0.00068402	 3.0753e-06	     0.0000	 -0.0045846	-1.9961e-05	   0.014387	
17	2	    0.17298	   0.074085	     160.64	   0.076357	-9.7531e+92	-9.7531e+92	   0.044841	  0.0068957	   0.027149	   0.065138	  -0.069758	  -0.049067	
17	3	    0.25236	    0.10809	     122.41	    0.21829	-9.7531e+92	-9.7531e+92	   0.041892	  0.0083197	   0.037457	    0.10634	   -0.14880	   -0.13772	
17	4	    0.51869	    0.22215	     73.525	     1.2289	-9.7531e+92	-9.7531e+92	   0.061954	  0.0058023	   0.059969	   0.050656	   -0.13560	   -0.13842	
17	5	 2.0338e-09	 8.7107e-10	     219.60	   0.022168	-9.7531e+92	-9.7531e+92	 0.00025276	 3.1061e-06	     0.0000	-0.00076179	-3.7825e-05	  0.0069135	
17	6	 1.2953e-09	 5.5479e-10	     251.72	   0.012870	-9.7531e+92	-9.7531e+92	  0.0046941	 2.9871e-06	     0.0000	  -0.022469	-3.4125e-05	   0.062509	
17	7	 1.9262e-09	 8.2500e-10	     281.54	  0.0082346	-9.7531e+92	-9.7531e+92	 0.00050868	 3.0766e-06	     0.0000	  -0.010102	-3.7500e-05	   0.027058	
17	8	 1.9663e-09	 8.4217e-10	     258.50	   0.011577	-9.7531e+92	-9.7531e+92	 5.7181e-05	 3.1323e-06	     0.0000	-0.00073681	-3.9737e-05	  0.0014157	
17	9	 1.3895e-09	 5.9511e-10	     293.28	  0.0069951	-9.7531e+92	-9.7531e+92	  0.0022710	 2.9497e-06	     0.0000	  -0.012918	-3.6111e-05	   0.063275	
17	10	 1.8597e-10	 7.9649e-11	     270.72	  0.0096279	-9.7531e+92	-9.7531e+92	 1.6982e-05	 3.1577e-06	     0.0000	-7.0394e-05	-4.0964e-05	 6.7279e-05	
17	11	 2.4035e-09	 1.0294e-09	     290.18	  0.0072979	-9.7531e+92	-9.7531e+92	 1.7800e-05	 3.1715e-06	     0.0000	-0.00010504	-4.0859e-05	 0.00018054	
17	12	 7.5611e-10	 3.2384e-10	     225.22	   0.020047	-9.7531e+92	-9.7531e+92	 2.8699e-05	 3.1309e-06	     0.0000	-8.5032e-05	-4.0664e-05	 6.9104e-05	
17	13	 9.1413e-11	 3.9152e-11	     287.27	  0.0075975	-9.7531e+92	-9.7531e+92	  0.0045991	 2.9307e-06	     0.0000	     0.0000	-1.5865e-05	   0.031918	
17	14	 0.00046348	 0.00019851	     254.84	   0.012253	-9.7531e+92	-9.7531e+92	  0.0095214	 2.3725e-05	     0.0000	 -0.0092102	-0.00016959	   0.036744	
17	15	   0.034710	   0.014866	     175.81	   0.053534	-9.7531e+92	-9.7531e+92	   0.030687	  0.0014266	   0.012157	 -0.0014310	  -0.017114	  0.0042089	
17	16	 7.8673e-10	 3.3696e-10	     148.25	    0.10451	-9.7531e+92	-9.7531e+92	  0.0012993	 2.9640e-06	  0.0011319	-0.00019800	-3.6078e-05	 0.00018417	
17	17	     0.0000	     0.0000	     0.0000	     4.0000	-9.7531e+92	-9.7531e+92	    0.21706	     0.0000	    0.21684	     0.0000	     0.0000	     0.0000	
17	18	 5.9154e-10	 2.5335e-10	     258.46	   0.011584	-9.7531e+92	-9.7531e+92	  0.0019097	 2.8841e-06	     0.0000	  -0.036380	-3.1162e-05	   0.056953	
17	19	 1.3082e-09	 5.6031e-10	     187.53	   0.041480	-9.7531e+92	-9.7531e+92	 0.00027702	 3.0327e-06	 8.5840e-05	-0.00023089	-3.8835e-05	 0.00022703	
17	20	 7.5193e-10	 3.2205e-10	     207.02	   0.028026	-9.7531e+92	-9.7531e+92	 0.00012011	 3.0613e-06	     0.0000	-0.00037974	-3.9672e-05	 0.00044900	
17	21	 3.7783e-10	 1.6182e-10	     326.31	  0.0045671	-9.7531e+92	-9.7531e+92	 0.00027621	 3.0839e-06	     0.0000	-0.00056890	-3.7929e-05	   0.017522	
17	22	   0.020798	  0.0089076	     106.10	    0.37108	-9.7531e+92	-9.7531e+92	  0.0028275	 0.00072916	  0.0027585	  0.0093369	 -0.0033182	 -0.0038227	
17	23	 2.6748e-09	 1.1456e-09	     284.58	  0.0078888	-9.7531e+92	-9.7531e+92	 0.00081352	 2.9092e-06	     0.0000	 -0.0048615	-3.8822e-05	   0.057688	
17	24	 1.2134e-09	 5.1969e-10	     325.25	  0.0046269	-9.7531e+92	-9.7531e+92	 2.7629e-05	 3.1696e-06	     0.0000	-0.00035975	-4.0782e-05	  0.0019033	
18	0	  0.0044913	   0.019914	     116.29	    0.26473	-9.7531e+92	-9.7531e+92	   0.055308	  0.0040456	     0.0000	-0.00049832	   -0.10791	    0.10646	
18	1	  0.0017428	  0.0077273	     111.77	    0.30668	-9.7531e+92	-9.7531e+92	   0.033913	  0.0022395	     0.0000	 -0.0075391	  -0.027241	  0.0025256	
18	2	 0.00020283	 0.00089930	     137.27	    0.14087	-9.7531e+92	-9.7531e+92	   0.021906	 0.00043175	     0.0000	  -0.046950	 -0.0023756	  0.0054111	
18	3	 2.7730e-07	 1.2295e-06	     199.21	   0.032649	-9.7531e+92	-9.7531e+92	  0.0022911	 0.00011469	     0.0000	  -0.014418	-0.00067127	  0.0022493	
18	4	 8.4660e-09	 3.7537e-08	     186.18	   0.042684	-9.7531e+92	-9.7531e+92	 0.00097571	 0.00011676	     0.0000	 -0.0068845	-0.00099683	  0.0021319	
18	5	   0.015545	   0.068924	     53.346	     2.4617	-9.7531e+92	-9.7531e+92	   0.062846	   0.022017	  0.0086269	 0.00044859	   -0.21255	 -0.0018482	
18	6	   0.062624	    0.27766	     36.723	     3.5078	-9.7531e+92	-9.7531e+92	    0.22581	   0.091580	     0.0000	  -0.023469	   -0.91115	   0.026123	
18	7	   0.028202	    0.12504	     38.248	     3.4331	-9.7531e+92	-9.7531e+92	    0.11562	   0.030026	     0.0000	 -0.0027384	   -0.32118	  -0.016439	
18	8	 0.00015264	 0.00067679	     75.421	     1.1439	-9.7531e+92	-9.7531e+92	  0.0087219	 0.00028827	     0.0000	 -0.0014161	 -0.0024636	 0.00086354	
18	9	 0.00044201	  0.0019598	     96.665	    0.51699	-9.7531e+92	-9.7531e+92	   0.097188	 0.00073766	     0.0000	  -0.027773	 -0.0077026	   0.058027	
18	10	 1.3182e-13	 5.8446e-13	     118.82	    0.24422	-9.7531e+92	-9.7531e+92	 0.00032743	 0.00010047	     0.0000	-0.00015086	-0.00086234	 6.9866e-05	
18	11	 2.6261e-06	 1.1644e-05	     81.269	    0.91620	-9.7531e+92	-9.7531e+92	  0.0012760	 9.6136e-05	     0.0000	-0.00022235	-0.00077093	 0.00018530	
18	12	 1.8323e-12	 8.1242e-12	     120.73	    0.22996	-9.7531e+92	-9.7531e+92	 0.00026276	 0.00010963	     0.0000	-0.00018293	 -0.0010262	 7.1686e-05	
18	13	   0.043361	    0.19225	     87.611	    0.72124	-9.7531e+92	-9.7531e+92	    0.14663	   0.055831	     0.0000	     0.0000	   -0.51511	 -0.0051812	
18	14	   0.033992	    0.15071	     78.249	     1.0276	-9.7531e+92	-9.7531e+92	    0.19263	   0.048732	     0.0000	  -0.012995	   -0.36853	  0.0067905	
18	15	 0.00014516	 0.00064360	     116.73	    0.26100	-9.7531e+92	-9.7531e+92	   0.017833	 0.00032583	     0.0000	  -0.018444	 -0.0029223	   0.016945	
18	16	 7.9241e-09	 3.5134e-08	     110.59	    0.31898	-9.7531e+92	-9.7531e+92	 0.00020943	 0.00012077	     0.0000	-0.00046063	 -0.0012057	 0.00020527	
18	17	 8.6413e-14	 3.8314e-13	     258.46	   0.011584	-9.7531e+92	-9.7531e+92	 0.00019358	 0.00012241	     0.0000	-0.00075509	 -0.0012287	 0.00027400	
18	18	     0.0000	     0.0000	     0.0000	     4.0000	-9.7531e+92	-9.7531e+92	     2.4217	     0.0000	     1.8905	     0.0000	     0.0000	     0.0000	
18	19	 2.8309e-07	 1.2552e-06	     118.15	    0.24945	-9.7531e+92	-9.7531e+92	 0.00062607	 0.00010517	     0.0000	-0.00050021	 -0.0010011	 0.00023126	
18	20	 7.4211e-06	 3.2904e-05	     90.275	    0.65310	-9.7531e+92	-9.7531e+92	  0.0015504	 0.00010708	     0.0000	-0.00080871	-0.00098487	 0.00045134	
18	21	  0.0020970	  0.0092979	     79.511	    0.97945	-9.7531e+92	-9.7531e+92	   0.029263	  0.0029145	     0.0000	 -0.0010116	  -0.030157	   0.015801	
18	22	 1.1091e-12	 4.9175e-12	     205.13	   0.029065	-9.7531e+92	-9.7531e+92	 0.00015877	 0.00012245	     0.0000	-0.00015654	 -0.0011960	 5.8762e-05	
18	23	    0.80696	     3.5779	     36.898	     3.4995	-9.7531e+92	-9.7531e+92	    0.98074	     1.0000	    0.53951	   0.073968	    -10.440	   -0.40521	
18	24	 2.7845e-05	 0.00012346	     74.739	     1.1738	-9.7531e+92	-9.7531e+92	   0.015359	 0.00012327	  0.0011491	-0.00062357	-0.00098062	 0.00033129	
19	0	 1.5313e-06	 1.1483e-06	     234.49	   0.017074	-9.7531e+92	-9.7531e+92	  0.0035409	 4.0339e-06	     0.0000	 -0.0036057	-0.00083794	    0.80789	
19	1	 2.5642e-05	 1.9229e-05	     226.57	   0.019575	-9.7531e+92	-9.7531e+92	  0.0019811	 5.4969e-06	     0.0000	 -0.0064131	 -0.0011265	    0.53523	
19	2	   0.041951	   0.031460	     139.30	    0.13308	-9.7531e+92	-9.7531e+92	   0.015975	  0.0023681	     0.0000	 0.00047497	   -0.52210	 -0.0078404	
19	3	 0.00027363	 0.00020520	     184.07	   0.044655	-9.7531e+92	-9.7531e+92	  0.0025263	 1.9782e-05	     0.0000	 -0.0090890	 -0.0043260	    0.12537	
19	4	   0.022433	   0.016823	     119.82	    0.23665	-9.7531e+92	-9.7531e+92	  0.0052065	  0.0012991	  0.0017312	   0.017244	   -0.30362	   -0.23710	
19	5	    0.26225	    0.19666	     64.874	     1.6901	-9.7531e+92	-9.7531e+92	   0.070239	   0.015147	   0.061069	   0.016262	    -3.5835	    -3.3634	
19	6	  0.0054014	  0.0040505	     133.74	    0.15573	-9.7531e+92	-9.7531e+92	   0.017959	 0.00031619	     0.0000	  -0.030049	  -0.073452	     1.5322	
19	7	 1.5963e-05	 1.1971e-05	     154.38	   0.089237	-9.7531e+92	-9.7531e+92	  0.0034993	 4.9143e-06	     0.0000	  -0.014135	 -0.0011358	    0.65115	
19	8	    0.10376	   0.077809	     80.536	    0.94205	-9.7531e+92	-9.7531e+92	   0.028999	  0.0058535	   0.027159	   0.036451	    -1.4150	    -1.3605	
19	9	 1.5172e-11	 1.1377e-11	     193.08	   0.036956	-9.7531e+92	-9.7531e+92	  0.0075796	 3.8216e-06	     0.0000	  -0.018081	-0.00090866	     1.5618	
19	10	 0.00040274	 0.00030202	     85.643	    0.77653	-9.7531e+92	-9.7531e+92	  0.0013486	 2.5149e-05	  0.0012158	 0.00020836	 -0.0061373	 -0.0037598	
19	11	 1.3461e-06	 1.0094e-06	     108.78	    0.33886	-9.7531e+92	-9.7531e+92	 0.00071852	 4.0491e-06	 0.00044580	-0.00013463	-0.00094526	  0.0040490	
19	12	   0.074248	   0.055679	     44.530	     3.0689	-9.7531e+92	-9.7531e+92	   0.016470	  0.0024539	   0.016335	   0.031430	   -0.61173	   -0.59505	
19	13	  0.0066856	  0.0050136	     184.51	   0.044238	-9.7531e+92	-9.7531e+92	   0.011236	 0.00038658	     0.0000	     0.0000	  -0.079609	     1.3459	
19	14	  0.0058007	  0.0043500	     166.55	   0.066257	-9.7531e+92	-9.7531e+92	   0.015648	 0.00034127	     0.0000	  -0.012258	  -0.072115	     1.2504	
19	15	   0.012327	  0.0092438	     131.26	    0.16732	-9.7531e+92	-9.7531e+92	   0.014337	 0.00070201	     0.0000	 -0.0085772	   -0.16441	    0.40381	
19	16	  0.0055652	  0.0041734	     73.024	     1.2523	-9.7531e+92	-9.7531e+92	  0.0012647	 0.00034172	 0.00097158	  0.0047651	  -0.078288	  -0.071772	
19	17	 1.3865e-12	 1.0397e-12	     187.53	   0.041480	-9.7531e+92	-9.7531e+92	 0.00026896	 4.0105e-06	     0.0000	-0.00048605	-0.00093402	  0.0059964	
19	18	   0.069498	   0.052117	     118.15	    0.24945	-9.7531e+92	-9.7531e+92	   0.042272	  0.0038621	     0.0000	  -0.021409	   -0.91653	    0.65390	
19	19	     0.0000	     0.0000	     0.0000	     4.0000	-9.7531e+92	-9.7531e+92	    0.38708	     0.0000	    0.38674	     0.0000	     0.0000	     0.0000	
19	20	    0.38823	    0.29114	     28.400	     3.8088	-9.7531e+92	-9.7531e+92	   0.078933	   0.011671	   0.078317	   0.097694	    -3.9218	    -3.8333	
19	21	 2.5864e-12	 1.9396e-12	     197.71	   0.033641	-9.7531e+92	-9.7531e+92	  0.0010920	 3.9834e-06	     0.0000	-0.00079626	-0.00091923	    0.41851	
19	22	 0.00058900	 0.00044170	     93.933	    0.57085	-9.7531e+92	-9.7531e+92	 0.00018866	 3.0172e-05	 6.7852e-05	 0.00036979	 -0.0074496	 -0.0055148	
19	23	 0.00054226	 0.00040665	     121.29	    0.22600	-9.7531e+92	-9.7531e+92	   0.021085	 3.4135e-05	     0.0000	 -0.0066151	 -0.0084275	     1.3491	
19	24	 9.7148e-12	 7.2852e-12	     150.08	   0.099629	-9.7531e+92	-9.7531e+92	 0.00038585	 4.0829e-06	     0.0000	-0.00050331	-0.00093555	   0.043329	
20	0	 4.1218e-06	 3.4080e-06	     206.61	   0.028245	-9.7531e+92	-9.7531e+92	  0.0045500	 5.6304e-06	     0.0000	 -0.0048287	 -0.0011159	     1.0288	
20	1	 0.00035729	 0.00029541	     199.20	   0.032652	-9.7531e+92	-9.7531e+92	  0.0026908	 3.3976e-05	     0.0000	 -0.0085249	 -0.0066310	    0.67647	
20	2	   0.011091	  0.0091706	     139.77	    0.13137	-9.7531e+92	-9.7531e+92	   0.010139	 0.00084938	     0.0000	  -0.029978	   -0.17785	    0.47048	
20	3	 2.0176e-05	 1.6682e-05	     185.64	   0.043179	-9.7531e+92	-9.7531e+92	  0.0014536	 6.8475e-06	     0.0000	  -0.012498	 -0.0014175	    0.16375	
20	4	  0.0014660	  0.0012122	     135.08	    0.14987	-9.7531e+92	-9.7531e+92	  0.0014189	 0.00012102	     0.0000	 -0.0040586	  -0.026570	   0.052634	
20	5	    0.30900	    0.25549	     39.691	     3.3571	-9.7531e+92	-9.7531e+92	   0.081619	   0.022935	   0.071508	   0.019793	    -5.3702	    -5.0421	
20	6	   0.026198	   0.021661	     111.59	    0.30852	-9.7531e+92	-9.7531e+92	   0.025835	  0.0020469	     0.0000	  -0.033026	   -0.45300	     1.6027	
20	7	 2.1787e-05	 1.8014e-05	     126.68	    0.19164	-9.7531e+92	-9.7531e+92	  0.0053313	 7.0781e-06	     0.0000	  -0.018928	 -0.0015612	    0.83006	
20	8	    0.12345	    0.10207	     51.987	     2.5582	-9.7531e+92	-9.7531e+92	   0.033396	  0.0084760	   0.031367	   0.047656	    -2.0636	    -1.9764	
20	9	 2.0208e-07	 1.6708e-07	     174.09	   0.055651	-9.7531e+92	-9.7531e+92	   0.010633	 5.1680e-06	     0.0000	  -0.024215	 -0.0011704	     1.9910	
20	10	  0.0015797	  0.0013062	     74.457	     1.1864	-9.7531e+92	-9.7531e+92	  0.0014562	 0.00010861	  0.0013099	  0.0012126	  -0.025542	  -0.022239	
20	11	 0.00070278	 0.00058108	     83.734	    0.83452	-9.7531e+92	-9.7531e+92	 0.00081993	 5.8717e-05	 0.00051924	 0.00021940	  -0.013256	 -0.0068283	
20	12	   0.048421	   0.040036	     45.010	     3.0379	-9.7531e+92	-9.7531e+92	   0.012538	  0.0023291	   0.012389	   0.029219	   -0.60455	   -0.58414	
20	13	  0.0035943	  0.0029718	     165.04	   0.068678	-9.7531e+92	-9.7531e+92	   0.013645	 0.00028249	     0.0000	     0.0000	  -0.055346	     1.7588	
20	14	  0.0056490	  0.0046708	     147.73	    0.10597	-9.7531e+92	-9.7531e+92	   0.018854	 0.00044818	     0.0000	  -0.016441	  -0.090118	     1.5947	
20	15	   0.011719	  0.0096897	     124.66	    0.20372	-9.7531e+92	-9.7531e+92	   0.012169	 0.00090102	     0.0000	  -0.011721	   -0.20073	    0.52475	
20	16	 0.00071916	 0.00059463	     74.477	     1.1855	-9.7531e+92	-9.7531e+92	 0.00038574	 6.4620e-05	 6.2586e-05	 0.00048357	  -0.014109	 -0.0069328	
20	17	 1.6993e-12	 1.4050e-12	     207.02	   0.028026	-9.7531e+92	-9.7531e+92	 9.4048e-05	 5.4504e-06	     0.0000	-0.00065506	 -0.0012024	  0.0076543	
20	18	    0.19903	    0.16457	     90.275	    0.65310	-9.7531e+92	-9.7531e+92	   0.070724	   0.014811	     0.0000	   0.044901	    -3.3684	    -1.3058	
20	19	    0.23785	    0.19666	     28.400	     3.8088	-9.7531e+92	-9.7531e+92	   0.052989	  0.0078221	   0.052620	   0.068841	    -2.7200	    -2.6248	
20	20	     0.0000	     0.0000	     0.0000	     4.0000	-9.7531e+92	-9.7531e+92	    0.42744	     0.0000	    0.42676	     0.0000	     0.0000	     0.0000	
20	21	 7.2623e-12	 6.0047e-12	     169.84	   0.061351	-9.7531e+92	-9.7531e+92	  0.0015714	 5.3664e-06	     0.0000	 -0.0010664	 -0.0011806	    0.53358	
20	22	 3.9296e-07	 3.2491e-07	     116.48	    0.26308	-9.7531e+92	-9.7531e+92	 5.7018e-05	 4.9354e-06	     0.0000	-0.00011506	 -0.0011421	  0.0015662	
20	23	   0.019118	   0.015807	     93.058	    0.58941	-9.7531e+92	-9.7531e+92	   0.036312	  0.0014413	     0.0000	 -0.0069727	   -0.34064	     1.3977	
20	24	 2.2129e-09	 1.8297e-09	     121.85	    0.22210	-9.7531e+92	-9.7531e+92	 0.00062877	 5.4887e-06	     0.0000	-0.00067323	 -0.0012009	   0.055252	
21	0	    0.14394	    0.23819	     39.458	     3.3697	-9.7531e+92	-9.7531e+92	   0.089294	   0.052469	     0.0000	  0.0069042	    0.99014	    0.12198	
21	1	    0.15514	    0.25674	     57.297	     2.1839	-9.7531e+92	-9.7531e+92	   0.082736	   0.043680	  0.0088667	  0.0019398	    0.67202	  -0.084323	
21	2	 0.00042336	 0.00070059	     197.19	   0.033993	-9.7531e+92	-9.7531e+92	   0.012586	 0.00025050	     0.0000	  -0.071604	  0.0053521	  -0.080744	
21	3	 3.1740e-11	 5.2525e-11	     259.71	   0.011362	-9.7531e+92	-9.7531e+92	  0.0011187	 3.5840e-05	     0.0000	  -0.022108	 0.00071384	  -0.019447	
21	4	 2.4779e-12	 4.1005e-12	     253.96	   0.012424	-9.7531e+92	-9.7531e+92	 0.00045753	 3.6380e-05	     0.0000	  -0.010556	 0.00065813	 -0.0074876	
21	5	 0.00035172	 0.00058203	     132.91	    0.15951	-9.7531e+92	-9.7531e+92	  0.0039698	 0.00022729	     0.0000	 -0.0024480	  0.0040480	  -0.018359	
21	6	   0.046776	   0.077407	     78.899	     1.0025	-9.7531e+92	-9.7531e+92	   0.068978	   0.023090	     0.0000	  -0.045694	    0.46564	   -0.12366	
21	7	    0.14333	    0.23719	     44.967	     3.0407	-9.7531e+92	-9.7531e+92	   0.083382	   0.057209	  0.0035757	   0.023677	     1.7460	    0.29302	
21	8	 1.8628e-05	 3.0827e-05	     132.38	    0.16196	-9.7531e+92	-9.7531e+92	 0.00060369	 4.7307e-05	     0.0000	 -0.0024192	 0.00081192	 -0.0035652	
21	9	   0.014836	   0.024552	     83.320	    0.84769	-9.7531e+92	-9.7531e+92	   0.049404	  0.0068021	     0.0000	  -0.037312	    0.14846	   -0.16325	
21	10	 2.3451e-13	 3.8807e-13	     171.26	   0.059366	-9.7531e+92	-9.7531e+92	 7.0865e-05	 3.7807e-05	     0.0000	-0.00023294	 0.00062333	-0.00016230	
21	11	 4.5926e-12	 7.6000e-12	     128.65	    0.18069	-9.7531e+92	-9.7531e+92	 0.00012984	 3.7410e-05	     0.0000	-0.00034757	 0.00063155	-0.00043798	
21	12	 2.4283e-11	 4.0184e-11	     187.39	   0.041605	-9.7531e+92	-9.7531e+92	 6.9857e-05	 3.7767e-05	     0.0000	-0.00028138	 0.00062148	-0.00016705	
21	13	    0.19169	    0.31721	     76.619	     1.0932	-9.7531e+92	-9.7531e+92	    0.11751	   0.081153	     0.0000	     0.0000	     1.7851	    0.15002	
21	14	    0.13037	    0.21575	     101.18	    0.44014	-9.7531e+92	-9.7531e+92	   0.094100	   0.062066	     0.0000	  0.0058782	     1.3466	   0.042714	
21	15	 0.00027095	 0.00044838	     175.65	   0.053734	-9.7531e+92	-9.7531e+92	  0.0081247	 0.00016970	     0.0000	  -0.028198	  0.0034017	  -0.073549	
21	16	 6.2103e-13	 1.0277e-12	     180.81	   0.047925	-9.7531e+92	-9.7531e+92	 8.0959e-05	 3.7867e-05	     0.0000	-0.00070632	 0.00062076	-0.00047680	
21	17	 5.8283e-12	 9.6449e-12	     326.31	  0.0045671	-9.7531e+92	-9.7531e+92	 7.6623e-05	 3.7804e-05	     0.0000	 -0.0011578	 0.00061886	-0.00063985	
21	18	    0.16433	    0.27194	     79.511	    0.97945	-9.7531e+92	-9.7531e+92	    0.13189	   0.080227	     0.0000	   0.044523	     1.6529	   0.077179	
21	19	 7.4697e-12	 1.2361e-11	     197.71	   0.033641	-9.7531e+92	-9.7531e+92	 0.00010622	 3.6867e-05	     0.0000	-0.00076960	 0.00062725	-0.00056761	
21	20	 2.4832e-12	 4.1092e-12	     169.84	   0.061351	-9.7531e+92	-9.7531e+92	 0.00016879	 3.6625e-05	     0.0000	 -0.0012566	 0.00063012	 -0.0011313	
21	21	     0.0000	     0.0000	     0.0000	     4.0000	-9.7531e+92	-9.7531e+92	    0.85130	     0.0000	    0.80013	     0.0000	     0.0000	     0.0000	
21	22	 9.4707e-12	 1.5672e-11	     284.69	  0.0078758	-9.7531e+92	-9.7531e+92	 6.0110e-05	 3.8245e-05	     0.0000	-0.00024004	 0.00062114	-0.00013994	
21	23	  0.0072096	   0.011931	     78.648	     1.0121	-9.7531e+92	-9.7531e+92	   0.056946	  0.0035290	     0.0000	  -0.014923	   0.072329	   -0.14123	
21	24	  0.0013136	  0.0021738	     85.071	    0.79345	-9.7531e+92	-9.7531e+92	  0.0014986	 0.00074233	     0.0000	-0.00069296	   0.013692	 -0.0026988	
22	0	 1.0227e-10	 5.7022e-11	     321.47	  0.0048482	-9.7531e+92	-9.7531e+92	  0.0021048	 7.4008e-07	     0.0000	-0.00056633	-2.6561e-05	   0.026632	
22	1	 2.5902e-10	 1.4442e-10	     312.59	  0.0054224	-9.7531e+92	-9.7531e+92	 0.00090457	 7.4405e-07	     0.0000	 -0.0010078	-2.6256e-05	   0.017575	
22	2	    0.15410	   0.085921	     161.29	   0.075160	-9.7531e+92	-9.7531e+92	   0.048839	  0.0015117	   0.025808	   0.012566	  -0.064802	  -0.045864	
22	3	    0.11569	   0.064505	     164.94	   0.068842	-9.7531e+92	-9.7531e+92	   0.033837	 0.00098252	   0.028064	   0.010887	  -0.053865	  -0.047799	
22	4	    0.50004	    0.27881	     82.638	    0.86986	-9.7531e+92	-9.7531e+92	   0.075403	  0.0020662	   0.072819	   0.016696	   -0.20972	   -0.20568	
22	5	  0.0028690	  0.0015997	     151.89	   0.095092	-9.7531e+92	-9.7531e+92	  0.0052981	 3.3329e-05	     0.0000	-0.00012799	 -0.0014312	  0.0044820	
22	6	 2.1353e-10	 1.1906e-10	     216.08	   0.023641	-9.7531e+92	-9.7531e+92	  0.0066368	 7.2682e-07	     0.0000	 -0.0049394	-3.1232e-05	   0.056132	
22	7	 9.9679e-12	 5.5577e-12	     241.36	   0.015218	-9.7531e+92	-9.7531e+92	 0.00082183	 7.5001e-07	     0.0000	 -0.0022208	-3.2417e-05	   0.023102	
22	8	 6.7633e-11	 3.7710e-11	     168.70	   0.062994	-9.7531e+92	-9.7531e+92	  0.0019791	 7.6518e-07	 0.00061069	-0.00016195	-3.3203e-05	  0.0011719	
22	9	 8.0945e-11	 4.5132e-11	     266.14	   0.010307	-9.7531e+92	-9.7531e+92	  0.0031195	 7.1675e-07	     0.0000	 -0.0028398	-3.1932e-05	   0.055102	
22	10	 1.3065e-10	 7.2846e-11	     176.66	   0.052524	-9.7531e+92	-9.7531e+92	 0.00010778	 7.7241e-07	 9.0904e-06	-1.5472e-05	-3.3622e-05	 5.4818e-05	
22	11	 7.8648e-12	 4.3851e-12	     200.45	   0.031856	-9.7531e+92	-9.7531e+92	 6.8256e-05	 7.7523e-07	     0.0000	-2.3089e-05	-3.3596e-05	 0.00014735	
22	12	 1.3370e-10	 7.4545e-11	     131.16	    0.16782	-9.7531e+92	-9.7531e+92	  0.0010551	 7.6563e-07	 0.00095462	-1.8675e-05	-3.3458e-05	 5.6341e-05	
22	13	 7.4306e-05	 4.1430e-05	     260.15	   0.011286	-9.7531e+92	-9.7531e+92	  0.0057860	 1.4973e-06	     0.0000	     0.0000	-5.2289e-05	   0.045546	
22	14	  0.0046183	  0.0025750	     227.39	   0.019298	-9.7531e+92	-9.7531e+92	   0.012173	 5.0791e-05	     0.0000	 -0.0019473	 -0.0018741	   0.041751	
22	15	   0.043182	   0.024077	     163.21	   0.071746	-9.7531e+92	-9.7531e+92	   0.035741	 0.00043590	   0.011618	-3.4235e-06	  -0.019881	 4.0838e-05	
22	16	 0.00081326	 0.00045344	     106.73	    0.36321	-9.7531e+92	-9.7531e+92	  0.0017462	 9.6439e-06	  0.0015283	 6.6630e-05	-0.00043005	-0.00023914	
22	17	  0.0016027	 0.00089360	     106.10	    0.37108	-9.7531e+92	-9.7531e+92	  0.0037733	 1.2865e-05	  0.0034940	 0.00010318	-7.5797e-05	-5.3917e-05	
22	18	 0.00023603	 0.00013160	     205.13	   0.029065	-9.7531e+92	-9.7531e+92	  0.0052206	 3.1838e-06	     0.0000	 -0.0079816	-0.00013691	   0.053651	
22	19	    0.15027	   0.083785	     93.933	    0.57085	-9.7531e+92	-9.7531e+92	   0.022183	  0.0016658	   0.021935	   0.019936	  -0.073062	  -0.072863	
22	20	   0.026499	   0.014775	     116.48	    0.26308	-9.7531e+92	-9.7531e+92	  0.0082860	 0.00029754	  0.0078284	  0.0028415	  -0.013187	  -0.012636	
22	21	 9.9385e-11	 5.5413e-11	     284.69	  0.0078758	-9.7531e+92	-9.7531e+92	 0.00038942	 7.5090e-07	     0.0000	-0.00012506	-3.2569e-05	   0.014868	
22	22	     0.0000	     0.0000	     0.0000	     4.0000	-9.7531e+92	-9.7531e+92	    0.27952	     0.0000	    0.27943	     0.0000	     0.0000	     0.0000	
22	23	 1.4267e-11	 7.9548e-12	     209.07	   0.026949	-9.7531e+92	-9.7531e+92	  0.0024569	 7.0929e-07	     0.0000	 -0.0010687	-3.2883e-05	   0.048352	
22	24	 2.8056e-11	 1.5643e-11	     237.89	   0.016122	-9.7531e+92	-9.7531e+92	 5.9771e-05	 7.7403e-07	     0.0000	-7.9084e-05	-3.3569e-05	  0.0015554	
23	0	   0.012159	   0.015643	     119.13	    0.24186	-9.7531e+92	-9.7531e+92	   0.024799	  0.0092370	     0.0000	 -0.0032052	   -0.16910	  -0.088837	
23	1	   0.017058	   0.021945	     132.72	    0.16037	-9.7531e+92	-9.7531e+92	   0.015858	   0.016272	     0.0000	  -0.017781	   -0.17548	  -0.046304	
23	2	 0.00076782	 0.00098779	     168.40	   0.063436	-9.7531e+92	-9.7531e+92	  0.0095132	 0.00092049	     0.0000	   -0.13467	 -0.0068173	  -0.061014	
23	3	 8.5881e-08	 1.1049e-07	     228.38	   0.018966	-9.7531e+92	-9.7531e+92	 0.00099428	 7.7915e-05	     0.0000	  -0.041931	-0.00061220	  -0.013381	
23	4	 3.4999e-12	 4.5025e-12	     212.30	   0.025355	-9.7531e+92	-9.7531e+92	 0.00039751	 7.9058e-05	     0.0000	  -0.020022	-0.00084007	 -0.0032421	
23	5	   0.084941	    0.10928	     65.633	     1.6449	-9.7531e+92	-9.7531e+92	   0.031945	   0.084353	   0.016213	   0.028555	    -1.0185	   0.037047	
23	6	    0.14561	    0.18733	     73.330	     1.2380	-9.7531e+92	-9.7531e+92	   0.092321	    0.15133	     0.0000	   0.028174	    -1.7841	   0.018406	
23	7	    0.13031	    0.16764	     58.677	     2.0891	-9.7531e+92	-9.7531e+92	   0.054751	    0.10969	     0.0000	   0.056412	    -1.4767	   0.044371	
23	8	   0.011932	   0.015351	     54.810	     2.3580	-9.7531e+92	-9.7531e+92	  0.0055250	   0.010670	  0.0023675	   0.017893	   -0.11941	  0.0037468	
23	9	 0.00021704	 0.00027922	     121.73	    0.22293	-9.7531e+92	-9.7531e+92	   0.039903	 0.00029494	     0.0000	  -0.080927	 -0.0036396	  -0.073304	
23	10	 5.6419e-06	 7.2582e-06	     95.614	    0.53700	-9.7531e+92	-9.7531e+92	 0.00015446	 7.5166e-05	     0.0000	-0.00041925	-0.00085669	-3.2809e-05	
23	11	  0.0019673	  0.0025309	     53.605	     2.4433	-9.7531e+92	-9.7531e+92	 0.00082776	  0.0018517	 0.00035990	  0.0036880	  -0.018739	 0.00053715	
23	12	 1.0361e-07	 1.3329e-07	     109.85	    0.32696	-9.7531e+92	-9.7531e+92	 0.00010394	 7.4743e-05	     0.0000	-0.00053320	-0.00088150	-3.5895e-05	
23	13	   0.080136	    0.10309	     113.01	    0.29441	-9.7531e+92	-9.7531e+92	   0.054534	   0.077121	     0.0000	     0.0000	   -0.66326	  -0.083994	
23	14	    0.21735	    0.27961	     114.84	    0.27739	-9.7531e+92	-9.7531e+92	   0.096955	    0.22511	     0.0000	   0.057498	    -1.9048	    0.17341	
23	15	 5.3329e-05	 6.8607e-05	     149.47	    0.10124	-9.7531e+92	-9.7531e+92	  0.0081860	 0.00012896	     0.0000	  -0.053754	 -0.0014025	  -0.038143	
23	16	 7.6436e-13	 9.8334e-13	     136.77	    0.14287	-9.7531e+92	-9.7531e+92	 7.0267e-05	 8.1929e-05	     0.0000	 -0.0013397	-0.00098775	-0.00010154	
23	17	 1.2438e-12	 1.6001e-12	     284.58	  0.0078888	-9.7531e+92	-9.7531e+92	 6.1526e-05	 8.2396e-05	     0.0000	 -0.0021960	-0.00099759	-0.00013849	
23	18	    0.25936	    0.33366	     36.898	     3.4995	-9.7531e+92	-9.7531e+92	    0.12670	   0.092575	     0.0000	 0.00013409	    -4.4200	   -0.32432	
23	19	 1.6971e-06	 2.1832e-06	     121.29	    0.22600	-9.7531e+92	-9.7531e+92	 0.00028464	 7.3949e-05	     0.0000	 -0.0014532	-0.00089190	-0.00013978	
23	20	 0.00021079	 0.00027118	     93.058	    0.58941	-9.7531e+92	-9.7531e+92	 0.00080146	 0.00027925	     0.0000	 -0.0017183	 -0.0033477	-0.00020768	
23	21	  0.0070528	  0.0090734	     78.648	     1.0121	-9.7531e+92	-9.7531e+92	   0.013369	  0.0070642	     0.0000	 -0.0027558	  -0.088882	  -0.012217	
23	22	 2.6229e-12	 3.3743e-12	     209.07	   0.026949	-9.7531e+92	-9.7531e+92	 4.7188e-05	 8.2533e-05	     0.0000	-0.00045527	-0.00097834	-3.2042e-05	
23	23	     0.0000	     0.0000	     0.0000	     4.0000	-9.7531e+92	-9.7531e+92	    0.69743	     0.0000	    0.56941	     0.0000	     0.0000	     0.0000	
23	24	   0.030870	   0.039714	     40.708	     3.3006	-9.7531e+92	-9.7531e+92	   0.010829	   0.023304	  0.0067065	 0.00087164	   -0.17993	   0.077597	
24	0	   0.077586	   0.038053	     123.34	    0.21210	-9.7531e+92	-9.7531e+92	   0.014330	  0.0017514	     0.0000	 6.1912e-05	   -0.12447	  -0.011592	
24	1	   0.011777	  0.0057764	     142.19	    0.12292	-9.7531e+92	-9.7531e+92	  0.0051542	 0.00029670	     0.0000	-0.00054406	  -0.018245	   0.035548	
24	2	 3.7069e-05	 1.8181e-05	     210.29	   0.026336	-9.7531e+92	-9.7531e+92	  0.0020348	 2.7575e-06	     0.0000	 -0.0035210	-0.00015907	   0.045532	
24	3	 8.7976e-12	 4.3149e-12	     270.69	  0.0096323	-9.7531e+92	-9.7531e+92	 0.00020548	 1.8568e-06	     0.0000	 -0.0010769	-0.00010553	   0.011635	
24	4	 2.2955e-11	 1.1259e-11	     253.16	   0.012581	-9.7531e+92	-9.7531e+92	 9.1551e-05	 1.8827e-06	     0.0000	-0.00051422	-0.00011544	  0.0055044	
24	5	  0.0046442	  0.0022778	     106.34	    0.36810	-9.7531e+92	-9.7531e+92	  0.0042738	 0.00012591	     0.0000	-7.5983e-05	 -0.0082466	  0.0092575	
24	6	   0.092725	   0.045478	     108.13	    0.34637	-9.7531e+92	-9.7531e+92	   0.024845	  0.0024335	     0.0000	-0.00085466	   -0.15916	   0.034272	
24	7	   0.039318	   0.019284	     84.614	    0.80724	-9.7531e+92	-9.7531e+92	   0.012384	 0.00097026	     0.0000	-0.00028931	  -0.068278	   0.010924	
24	8	  0.0046483	  0.0022798	     77.960	     1.0389	-9.7531e+92	-9.7531e+92	  0.0013035	 0.00012231	 9.9679e-05	 0.00011027	 -0.0081055	 -0.0028040	
24	9	 0.00015738	 7.7188e-05	     149.07	    0.10229	-9.7531e+92	-9.7531e+92	   0.011137	 5.8076e-06	     0.0000	 -0.0020795	-0.00039115	    0.14135	
24	10	 1.7717e-05	 8.6898e-06	     102.71	    0.41717	-9.7531e+92	-9.7531e+92	 6.6665e-05	 2.2692e-06	     0.0000	-8.7194e-06	-0.00014022	 0.00011626	
24	11	  0.0082807	  0.0040614	     56.094	     2.2676	-9.7531e+92	-9.7531e+92	  0.0011157	 0.00018812	 0.00093728	 0.00022444	 -0.0051229	 -0.0020394	
24	12	 2.8404e-11	 1.3931e-11	     132.31	    0.16230	-9.7531e+92	-9.7531e+92	 3.2609e-05	 1.8721e-06	     0.0000	-1.3456e-05	-0.00011824	 0.00014233	
24	13	   0.048698	   0.023885	     142.21	    0.12286	-9.7531e+92	-9.7531e+92	   0.016587	  0.0012079	     0.0000	     0.0000	  -0.071151	   0.077269	
24	14	  0.0055003	  0.0026977	     150.00	   0.099849	-9.7531e+92	-9.7531e+92	   0.014321	 0.00014470	     0.0000	 -0.0014158	 -0.0084929	    0.11311	
24	15	 1.5885e-05	 7.7913e-06	     189.75	   0.039594	-9.7531e+92	-9.7531e+92	  0.0014953	 2.1741e-06	     0.0000	 -0.0013817	-0.00013942	   0.051095	
24	16	 7.4406e-12	 3.6493e-12	     177.80	   0.051213	-9.7531e+92	-9.7531e+92	 2.1748e-05	 1.9604e-06	     0.0000	-3.4406e-05	-0.00012199	 0.00040678	
24	17	 1.7266e-12	 8.4683e-13	     325.25	  0.0046269	-9.7531e+92	-9.7531e+92	 2.0646e-05	 1.9555e-06	     0.0000	-5.6400e-05	-0.00012209	 0.00054469	
24	18	    0.35873	    0.17594	     74.739	     1.1738	-9.7531e+92	-9.7531e+92	   0.062724	  0.0064920	  0.0039546	  0.0053423	   -0.63005	   -0.28160	
24	19	 1.4967e-11	 7.3409e-12	     150.08	   0.099629	-9.7531e+92	-9.7531e+92	 6.2739e-05	 1.8324e-06	     0.0000	-3.7448e-05	-0.00011935	 0.00047379	
24	20	 0.00012877	 6.3157e-05	     121.85	    0.22210	-9.7531e+92	-9.7531e+92	 0.00017428	 5.2241e-06	     0.0000	-5.0707e-05	-0.00034618	 0.00077968	
24	21	   0.013115	  0.0064326	     85.071	    0.79345	-9.7531e+92	-9.7531e+92	  0.0049622	 0.00034215	     0.0000	-5.2792e-05	  -0.023002	   0.021845	
24	22	 9.9225e-12	 4.8667e-12	     237.89	   0.016122	-9.7531e+92	-9.7531e+92	 1.7405e-05	 1.9704e-06	     0.0000	-1.1693e-05	-0.00012155	 0.00011819	
24	23	    0.33462	    0.16412	     40.708	     3.3006	-9.7531e+92	-9.7531e+92	   0.066747	  0.0068586	   0.017938	 0.00071401	   -0.46262	   -0.22986	
24	24	     0.0000	     0.0000	     0.0000	     4.0000	-9.7531e+92	-9.7531e+92	    0.24631	     0.0000	    0.24474	     0.0000	     0.0000	     0.0000	
