#source	Target	value	weight	distance	potential1	geneCorrelation	separation	influenceWeight	betweenness	influence'Weight	betweenness'	nbetweenness	nbetweenness'	
0	0	     0.0000	     0.0000	     0.0000	     4.0000	-9.7531e+92	-9.7531e+92	     3.4142	     0.0000	     3.0387	     0.0000	     0.0000	     0.0000	
0	1	    0.13197	    0.86225	     35.562	     3.5606	-9.7531e+92	-9.7531e+92	    0.30470	   0.075887	   0.053224	     0.0000	    0.96932	     0.0000	
0	2	 2.9965e-10	 1.9578e-09	     211.35	   0.025814	-9.7531e+92	-9.7531e+92	   0.099586	 5.0900e-05	     0.0000	     0.0000	 0.00063500	     0.0000	
0	3	 1.7631e-09	 1.1519e-08	     273.88	  0.0091920	-9.7531e+92	-9.7531e+92	   0.022009	 5.2160e-05	     0.0000	     0.0000	 0.00065732	     0.0000	
0	4	 1.1876e-10	 7.7590e-10	     281.58	  0.0082298	-9.7531e+92	-9.7531e+92	   0.017600	 5.2672e-05	     0.0000	     0.0000	 0.00062838	     0.0000	
0	5	 9.3646e-10	 6.1184e-09	     169.69	   0.061568	-9.7531e+92	-9.7531e+92	   0.016224	 5.4616e-05	     0.0000	     0.0000	 0.00060711	     0.0000	
0	6	  0.0072297	   0.047235	     105.31	    0.38136	-9.7531e+92	-9.7531e+92	   0.090720	  0.0049992	     0.0000	     0.0000	   0.069729	     0.0000	
0	7	   0.071509	    0.46721	     80.265	    0.95180	-9.7531e+92	-9.7531e+92	    0.35599	   0.051865	     0.0000	     0.0000	    0.66650	     0.0000	
0	8	 9.1886e-10	 6.0034e-09	     172.11	   0.058221	-9.7531e+92	-9.7531e+92	   0.010205	 5.6253e-05	     0.0000	     0.0000	 0.00059180	     0.0000	
0	9	   0.061254	    0.40020	     86.890	    0.74099	-9.7531e+92	-9.7531e+92	    0.30327	   0.045511	     0.0000	     0.0000	    0.56104	     0.0000	
0	10	 1.0179e-09	 6.6508e-09	     210.64	   0.026161	-9.7531e+92	-9.7531e+92	 0.00041887	 6.0306e-05	     0.0000	     0.0000	 0.00057302	     0.0000	
0	11	 1.7348e-10	 1.1334e-09	     167.10	   0.065400	-9.7531e+92	-9.7531e+92	  0.0014650	 5.8127e-05	     0.0000	     0.0000	 0.00058507	     0.0000	
0	12	 1.0686e-10	 6.9816e-10	     226.76	   0.019512	-9.7531e+92	-9.7531e+92	 0.00051223	 5.9951e-05	     0.0000	     0.0000	 0.00057270	     0.0000	
0	13	   0.089227	    0.58297	     86.013	    0.76580	-9.7531e+92	-9.7531e+92	    0.28243	   0.055942	     0.0000	     0.0000	    0.64727	     0.0000	
0	14	    0.49132	     3.2100	     114.85	    0.27729	-9.7531e+92	-9.7531e+92	     1.0055	    0.25304	    0.28319	     0.0000	     2.6949	     0.0000	
0	15	 1.3725e-09	 8.9676e-09	     189.51	   0.039789	-9.7531e+92	-9.7531e+92	   0.051847	 5.2791e-05	     0.0000	     0.0000	 0.00060831	     0.0000	
0	16	 1.0268e-09	 6.7089e-09	     217.18	   0.023165	-9.7531e+92	-9.7531e+92	  0.0018470	 5.8924e-05	     0.0000	     0.0000	 0.00057392	     0.0000	
0	17	 3.2966e-10	 2.1538e-09	     353.56	  0.0033150	-9.7531e+92	-9.7531e+92	 0.00059450	 6.0245e-05	     0.0000	     0.0000	 0.00056912	     0.0000	
0	18	  0.0078472	   0.051270	     116.29	    0.26473	-9.7531e+92	-9.7531e+92	    0.10390	  0.0059527	     0.0000	     0.0000	   0.072225	     0.0000	
0	19	 1.4338e-09	 9.3674e-09	     234.49	   0.017074	-9.7531e+92	-9.7531e+92	  0.0010142	 5.8260e-05	     0.0000	     0.0000	 0.00058261	     0.0000	
0	20	 2.9688e-09	 1.9397e-08	     206.61	   0.028245	-9.7531e+92	-9.7531e+92	  0.0026902	 5.6333e-05	     0.0000	     0.0000	 0.00058878	     0.0000	
0	21	    0.13868	    0.90608	     39.458	     3.3697	-9.7531e+92	-9.7531e+92	    0.31997	    0.10088	     0.0000	     0.0000	     1.3608	     0.0000	
0	22	 4.7569e-10	 3.1079e-09	     321.47	  0.0048482	-9.7531e+92	-9.7531e+92	  0.0010975	 5.9965e-05	     0.0000	     0.0000	 0.00057296	     0.0000	
0	23	 0.00095919	  0.0062669	     119.13	    0.24186	-9.7531e+92	-9.7531e+92	    0.12348	 0.00079483	     0.0000	     0.0000	  0.0094835	     0.0000	
0	24	 3.4615e-10	 2.2616e-09	     123.34	    0.21210	-9.7531e+92	-9.7531e+92	  0.0015606	 5.4264e-05	     0.0000	     0.0000	 0.00066143	     0.0000	
1	0	   0.048348	    0.32345	     35.562	     3.5606	-9.7531e+92	-9.7531e+92	    0.24059	   0.017319	     0.0000	     0.0000	    0.26841	     0.0000	
1	1	     0.0000	     0.0000	     0.0000	     4.0000	-9.7531e+92	-9.7531e+92	     3.4493	     0.0000	     3.1918	     0.0000	     0.0000	     0.0000	
1	2	 0.00019359	  0.0012951	     184.62	   0.044134	-9.7531e+92	-9.7531e+92	    0.12906	 0.00015034	     0.0000	  -0.018985	  0.0024375	  -0.032721	
1	3	 1.1041e-12	 7.3864e-12	     244.14	   0.014539	-9.7531e+92	-9.7531e+92	   0.028405	 3.9331e-05	     0.0000	  -0.016739	 0.00063995	  -0.019960	
1	4	 5.2485e-13	 3.5112e-12	     272.02	  0.0094459	-9.7531e+92	-9.7531e+92	   0.022664	 3.9549e-05	     0.0000	  -0.017744	 0.00062119	  -0.018730	
1	5	 5.2462e-06	 3.5097e-05	     161.91	   0.074033	-9.7531e+92	-9.7531e+92	   0.015333	 4.4843e-05	     0.0000	 -0.0088484	 0.00065367	  -0.024165	
1	6	  0.0018271	   0.012223	     96.519	    0.51972	-9.7531e+92	-9.7531e+92	   0.094875	  0.0010615	     0.0000	     0.0000	   0.017551	  -0.034482	
1	7	   0.031543	    0.21102	     75.481	     1.1413	-9.7531e+92	-9.7531e+92	    0.28596	   0.017912	     0.0000	  -0.026704	    0.29031	  -0.093782	
1	8	 4.7280e-13	 3.1630e-12	     184.58	   0.044171	-9.7531e+92	-9.7531e+92	  0.0085355	 4.2454e-05	     0.0000	  -0.010630	 0.00059572	  -0.019454	
1	9	   0.061068	    0.40854	     55.376	     2.3181	-9.7531e+92	-9.7531e+92	    0.30826	   0.032939	     0.0000	 -0.0057756	    0.55394	  -0.027045	
1	10	 3.8072e-12	 2.5470e-11	     228.04	   0.019080	-9.7531e+92	-9.7531e+92	 0.00039643	 4.5195e-05	     0.0000	-0.00095473	 0.00058434	-0.00096213	
1	11	 3.3722e-12	 2.2560e-11	     185.20	   0.043588	-9.7531e+92	-9.7531e+92	  0.0012650	 4.3805e-05	     0.0000	 -0.0020207	 0.00059135	 -0.0041029	
1	12	 3.2573e-12	 2.1791e-11	     231.78	   0.017881	-9.7531e+92	-9.7531e+92	 0.00048685	 4.4916e-05	     0.0000	 -0.0016025	 0.00058438	 -0.0015166	
1	13	   0.057285	    0.38323	     57.043	     2.2015	-9.7531e+92	-9.7531e+92	    0.24806	   0.026893	     0.0000	 -0.0062216	    0.42887	  -0.015957	
1	14	    0.68508	     4.5831	     88.839	    0.68891	-9.7531e+92	-9.7531e+92	     1.3036	    0.29113	    0.56401	   0.032900	     4.8457	    0.49092	
1	15	 5.5025e-07	 3.6811e-06	     167.83	   0.064291	-9.7531e+92	-9.7531e+92	   0.067011	 4.0426e-05	     0.0000	 -0.0095962	 0.00061308	  -0.018402	
1	16	 3.1785e-13	 2.1264e-12	     207.46	   0.027791	-9.7531e+92	-9.7531e+92	  0.0023327	 4.4254e-05	     0.0000	 -0.0010143	 0.00058580	 -0.0012403	
1	17	 2.5488e-13	 1.7051e-12	     342.57	  0.0037606	-9.7531e+92	-9.7531e+92	 0.00070765	 4.5042e-05	     0.0000	-0.00097338	 0.00058311	-0.00079754	
1	18	  0.0087932	   0.058826	     111.77	    0.30668	-9.7531e+92	-9.7531e+92	    0.11058	  0.0051518	     0.0000	 -0.0039871	   0.081211	  -0.057354	
1	19	 1.3601e-12	 9.0991e-12	     226.57	   0.019575	-9.7531e+92	-9.7531e+92	  0.0010117	 4.3744e-05	     0.0000	 -0.0033257	 0.00059076	 -0.0036396	
1	20	 8.9321e-13	 5.9755e-12	     199.20	   0.032652	-9.7531e+92	-9.7531e+92	  0.0024927	 4.2442e-05	     0.0000	 -0.0061395	 0.00059451	 -0.0090650	
1	21	    0.10584	    0.70807	     57.297	     2.1839	-9.7531e+92	-9.7531e+92	    0.26710	   0.059323	     0.0000	  0.0051498	     1.0149	   0.041255	
1	22	 1.1330e-12	 7.5795e-12	     312.59	  0.0054224	-9.7531e+92	-9.7531e+92	  0.0013545	 4.4841e-05	     0.0000	 -0.0019282	 0.00058542	 -0.0018534	
1	23	 1.8659e-05	 0.00012483	     132.72	    0.16037	-9.7531e+92	-9.7531e+92	   0.098566	 5.0775e-05	     0.0000	  -0.012693	 0.00077585	  -0.085682	
1	24	 2.9269e-14	 1.9581e-13	     142.19	    0.12292	-9.7531e+92	-9.7531e+92	  0.0013146	 4.2287e-05	     0.0000	-0.00044978	 0.00061592	 -0.0017701	
2	0	 3.2677e-05	 0.00011981	     211.35	   0.025814	-9.7531e+92	-9.7531e+92	   0.037331	 9.1054e-05	     0.0000	   -0.10382	 0.00027475	   0.034678	
2	1	 0.00068738	  0.0025202	     184.62	   0.044134	-9.7531e+92	-9.7531e+92	   0.024403	 0.00066820	     0.0000	   -0.10916	  0.0018023	   0.020797	
2	2	     0.0000	     0.0000	     0.0000	     4.0000	-9.7531e+92	-9.7531e+92	     1.9689	     0.0000	     1.8237	     0.0000	     0.0000	     0.0000	
2	3	    0.26038	    0.95466	     63.167	     1.7950	-9.7531e+92	-9.7531e+92	    0.32955	    0.13912	    0.24192	    0.68438	   -0.45694	   -0.92534	
2	4	    0.20086	    0.73642	     91.235	    0.63030	-9.7531e+92	-9.7531e+92	    0.28780	    0.10206	    0.20431	    0.56117	   0.045601	   -0.50134	
2	5	  0.0058942	   0.021610	     120.45	    0.23204	-9.7531e+92	-9.7531e+92	   0.013194	  0.0063498	     0.0000	  -0.091707	  0.0048990	   0.055194	
2	6	  0.0037103	   0.013603	     118.53	    0.24644	-9.7531e+92	-9.7531e+92	   0.029091	  0.0039802	     0.0000	     0.0000	  0.0037396	   0.090102	
2	7	 0.00035303	  0.0012943	     153.12	   0.092143	-9.7531e+92	-9.7531e+92	   0.058831	 0.00042648	     0.0000	   -0.43875	 0.00040124	    0.32522	
2	8	 1.0791e-12	 3.9563e-12	     174.51	   0.055125	-9.7531e+92	-9.7531e+92	  0.0032856	 7.2000e-05	     0.0000	   -0.13739	 2.3778e-05	   0.060746	
2	9	  0.0042881	   0.015722	     133.64	    0.15619	-9.7531e+92	-9.7531e+92	    0.10798	  0.0045778	     0.0000	   -0.20324	  0.0058493	    0.18016	
2	10	 1.6391e-14	 6.0096e-14	     213.20	   0.024934	-9.7531e+92	-9.7531e+92	 0.00021081	 7.5574e-05	     0.0000	  -0.012340	 2.9780e-07	  0.0032155	
2	11	 1.7209e-13	 6.3094e-13	     197.83	   0.033565	-9.7531e+92	-9.7531e+92	 0.00049201	 7.4442e-05	     0.0000	  -0.026118	 4.1124e-06	   0.013596	
2	12	 3.8675e-13	 1.4180e-12	     181.48	   0.047226	-9.7531e+92	-9.7531e+92	 0.00038488	 7.4801e-05	     0.0000	  -0.020712	 4.2733e-06	  0.0050485	
2	13	    0.16427	    0.60226	     127.66	    0.18612	-9.7531e+92	-9.7531e+92	    0.20825	    0.17165	     0.0000	    0.38700	    0.78433	 -0.0057740	
2	14	    0.18290	    0.67059	     97.273	    0.50580	-9.7531e+92	-9.7531e+92	    0.25280	    0.12926	     0.0000	   0.010327	   -0.21066	   -0.14434	
2	15	    0.11710	    0.42934	     21.827	     3.9312	-9.7531e+92	-9.7531e+92	    0.18281	   0.078692	   0.099837	    0.14687	    0.28452	   -0.11973	
2	16	   0.028778	    0.10551	     68.097	     1.5042	-9.7531e+92	-9.7531e+92	   0.030786	   0.022199	   0.024888	    0.10794	    0.15324	   0.022312	
2	17	 1.1530e-12	 4.2273e-12	     160.64	   0.076357	-9.7531e+92	-9.7531e+92	  0.0062557	 5.2836e-05	  0.0023825	 -0.0076304	 0.00021408	  0.0011689	
2	18	   0.030743	    0.11272	     137.27	    0.14087	-9.7531e+92	-9.7531e+92	   0.055091	   0.032434	     0.0000	  -0.035203	   0.059102	   0.079950	
2	19	 7.9948e-09	 2.9312e-08	     139.30	    0.13308	-9.7531e+92	-9.7531e+92	  0.0027788	 7.2275e-05	     0.0000	  -0.042986	 2.7100e-05	   0.011575	
2	20	 1.8205e-06	 6.6746e-06	     139.77	    0.13137	-9.7531e+92	-9.7531e+92	  0.0025060	 7.2837e-05	     0.0000	  -0.079343	 3.1712e-05	   0.028406	
2	21	 4.2673e-15	 1.5646e-14	     197.19	   0.033993	-9.7531e+92	-9.7531e+92	   0.027536	 7.2042e-05	     0.0000	  -0.072016	 4.4563e-05	    0.13099	
2	22	 2.3186e-13	 8.5010e-13	     161.29	   0.075160	-9.7531e+92	-9.7531e+92	   0.014429	 5.6987e-05	  0.0057636	  -0.017368	 0.00017761	  0.0037898	
2	23	 1.6303e-13	 5.9772e-13	     168.40	   0.063436	-9.7531e+92	-9.7531e+92	   0.020993	 6.9793e-05	     0.0000	   -0.16409	 1.9256e-05	    0.27403	
2	24	 1.6046e-13	 5.8829e-13	     210.29	   0.026336	-9.7531e+92	-9.7531e+92	 0.00036106	 7.4692e-05	     0.0000	 -0.0058135	 4.9176e-06	  0.0059112	
3	0	 9.1970e-09	 3.9691e-08	     273.88	  0.0091920	-9.7531e+92	-9.7531e+92	   0.027243	 4.2660e-05	     0.0000	   -0.11403	-0.00015011	    0.11817	
3	1	 8.3766e-11	 3.6150e-10	     244.14	   0.014539	-9.7531e+92	-9.7531e+92	   0.017246	 4.2548e-05	     0.0000	   -0.12495	-0.00015145	   0.076872	
3	2	    0.19072	    0.82309	     63.167	     1.7950	-9.7531e+92	-9.7531e+92	    0.39739	   0.059737	    0.22658	    0.18558	    -1.2410	   -0.80633	
3	3	     0.0000	     0.0000	     0.0000	     4.0000	-9.7531e+92	-9.7531e+92	     2.3559	     0.0000	     2.2527	     0.0000	     0.0000	     0.0000	
3	4	    0.45216	     1.9514	     82.606	    0.87092	-9.7531e+92	-9.7531e+92	    0.59562	    0.10799	    0.49735	    0.90830	    -2.4912	    -2.0142	
3	5	 1.6638e-09	 7.1802e-09	     167.87	   0.064235	-9.7531e+92	-9.7531e+92	  0.0066726	 4.5315e-05	     0.0000	   -0.11166	-0.00030921	    0.11606	
3	6	 4.6210e-09	 1.9943e-08	     180.81	   0.047921	-9.7531e+92	-9.7531e+92	   0.021368	 4.5591e-05	     0.0000	     0.0000	-0.00030023	    0.16816	
3	7	 1.4695e-10	 6.3420e-10	     215.68	   0.023812	-9.7531e+92	-9.7531e+92	   0.037833	 4.3273e-05	     0.0000	   -0.42932	-0.00030031	    0.55775	
3	8	 3.7050e-09	 1.5989e-08	     221.29	   0.021502	-9.7531e+92	-9.7531e+92	  0.0022198	 4.5262e-05	     0.0000	   -0.13412	-0.00033180	   0.099386	
3	9	 3.8870e-10	 1.6775e-09	     191.41	   0.038254	-9.7531e+92	-9.7531e+92	   0.068157	 4.5003e-05	     0.0000	   -0.20788	-0.00027812	    0.33581	
3	10	 8.5827e-10	 3.7040e-09	     258.79	   0.011525	-9.7531e+92	-9.7531e+92	 0.00022348	 4.7247e-05	     0.0000	  -0.012046	-0.00034935	  0.0051515	
3	11	 1.3697e-09	 5.9110e-09	     244.71	   0.014404	-9.7531e+92	-9.7531e+92	 0.00040685	 4.6730e-05	     0.0000	  -0.025495	-0.00034708	   0.021838	
3	12	 2.4364e-09	 1.0515e-08	     227.10	   0.019395	-9.7531e+92	-9.7531e+92	 0.00048725	 4.6814e-05	     0.0000	  -0.020219	-0.00034735	  0.0080979	
3	13	   0.044771	    0.19321	     188.65	   0.040519	-9.7531e+92	-9.7531e+92	    0.12439	   0.030286	     0.0000	   -0.13187	  -0.053500	   0.045557	
3	14	   0.083676	    0.36111	     161.01	   0.075671	-9.7531e+92	-9.7531e+92	    0.20308	   0.046673	     0.0000	  -0.013720	   -0.25759	   0.054770	
3	15	    0.22510	    0.97143	     84.108	    0.82281	-9.7531e+92	-9.7531e+92	    0.33363	   0.097462	    0.23597	    0.34369	   -0.77700	   -0.62398	
3	16	 1.7457e-09	 7.5337e-09	     111.94	    0.30495	-9.7531e+92	-9.7531e+92	   0.010726	 3.4915e-05	  0.0037829	 -0.0074046	-0.00019343	  0.0047509	
3	17	 2.0276e-09	 8.7505e-09	     122.41	    0.21829	-9.7531e+92	-9.7531e+92	   0.012837	 2.6532e-05	  0.0082777	 -0.0052432	-3.9942e-05	 0.00069644	
3	18	  0.0035684	   0.015400	     199.21	   0.032649	-9.7531e+92	-9.7531e+92	   0.031060	  0.0024427	     0.0000	  -0.054101	  -0.013362	    0.24045	
3	19	 7.8655e-11	 3.3945e-10	     184.07	   0.044655	-9.7531e+92	-9.7531e+92	  0.0047952	 4.5383e-05	     0.0000	  -0.041962	-0.00033176	   0.018828	
3	20	 4.7406e-09	 2.0459e-08	     185.64	   0.043179	-9.7531e+92	-9.7531e+92	  0.0025079	 4.4743e-05	     0.0000	  -0.077464	-0.00033000	   0.046428	
3	21	 6.3899e-10	 2.7576e-09	     259.71	   0.011362	-9.7531e+92	-9.7531e+92	   0.017830	 4.5996e-05	     0.0000	  -0.070300	-0.00031655	    0.21865	
3	22	 4.4427e-10	 1.9173e-09	     164.94	   0.068842	-9.7531e+92	-9.7531e+92	   0.029748	 3.2602e-05	   0.019548	  -0.014553	-0.00017235	  0.0060554	
3	23	 5.6390e-10	 2.4336e-09	     228.38	   0.018966	-9.7531e+92	-9.7531e+92	   0.013533	 4.4258e-05	     0.0000	   -0.16018	-0.00033719	    0.44500	
3	24	 2.3580e-09	 1.0176e-08	     270.69	  0.0096323	-9.7531e+92	-9.7531e+92	 0.00029653	 4.7266e-05	     0.0000	 -0.0056749	-0.00034844	  0.0094726	
4	0	 3.0191e-11	 8.3710e-11	     281.58	  0.0082298	-9.7531e+92	-9.7531e+92	   0.011857	 5.3408e-05	     0.0000	   -0.15391	-0.00052025	    0.43634	
4	1	 6.1191e-12	 1.6967e-11	     272.02	  0.0094459	-9.7531e+92	-9.7531e+92	  0.0075662	 5.3562e-05	     0.0000	   -0.16864	-0.00051791	    0.28852	
4	2	    0.33671	    0.93359	     91.235	    0.63030	-9.7531e+92	-9.7531e+92	    0.33091	    0.14794	    0.22117	    0.64165	    -4.1120	    -3.2798	
4	3	    0.36708	     1.0178	     82.606	    0.87092	-9.7531e+92	-9.7531e+92	    0.34814	   0.091375	    0.28187	    0.66116	    -5.7959	    -4.9335	
4	4	     0.0000	     0.0000	     0.0000	     4.0000	-9.7531e+92	-9.7531e+92	     1.5355	     0.0000	     1.4724	     0.0000	     0.0000	     0.0000	
4	5	 0.00055338	  0.0015344	     147.08	    0.10778	-9.7531e+92	-9.7531e+92	  0.0069296	 0.00051760	     0.0000	   -0.14791	 -0.0070011	    0.30626	
4	6	 1.5825e-11	 4.3879e-11	     179.35	   0.049487	-9.7531e+92	-9.7531e+92	   0.010103	 5.6309e-05	     0.0000	     0.0000	-0.00074166	    0.45677	
4	7	 1.1988e-11	 3.3240e-11	     209.16	   0.026904	-9.7531e+92	-9.7531e+92	   0.017655	 5.3280e-05	     0.0000	   -0.57947	-0.00074146	     1.5159	
4	8	 3.7895e-11	 1.0507e-10	     186.41	   0.042479	-9.7531e+92	-9.7531e+92	  0.0021811	 5.5522e-05	     0.0000	   -0.18102	-0.00078458	    0.26122	
4	9	 3.5747e-11	 9.9116e-11	     223.28	   0.020749	-9.7531e+92	-9.7531e+92	   0.030131	 5.5471e-05	     0.0000	   -0.28058	-0.00071024	    0.93787	
4	10	 4.8984e-12	 1.3582e-11	     204.61	   0.029363	-9.7531e+92	-9.7531e+92	 0.00020649	 5.7888e-05	     0.0000	  -0.016259	-0.00080827	   0.013316	
4	11	 3.9990e-12	 1.1088e-11	     218.09	   0.022784	-9.7531e+92	-9.7531e+92	 0.00033180	 5.7339e-05	     0.0000	  -0.034412	-0.00080610	   0.056567	
4	12	 1.4816e-11	 4.1081e-11	     165.11	   0.068567	-9.7531e+92	-9.7531e+92	 0.00082078	 5.7281e-05	     0.0000	  -0.027290	-0.00080389	   0.020953	
4	13	  0.0020074	  0.0055660	     217.30	   0.023117	-9.7531e+92	-9.7531e+92	   0.054218	  0.0017297	     0.0000	   -0.42416	  -0.013382	    0.49159	
4	14	   0.014087	   0.039060	     184.55	   0.044193	-9.7531e+92	-9.7531e+92	   0.085834	   0.010132	     0.0000	  -0.077666	   -0.11908	    0.72880	
4	15	    0.12168	    0.33738	     106.18	    0.37015	-9.7531e+92	-9.7531e+92	    0.15675	   0.074014	   0.093999	    0.35530	    -1.2738	   -0.99503	
4	16	   0.014955	   0.041465	     75.439	     1.1432	-9.7531e+92	-9.7531e+92	   0.016511	  0.0089469	   0.012050	   0.073177	   -0.11120	   -0.10055	
4	17	   0.041915	    0.11622	     73.525	     1.2289	-9.7531e+92	-9.7531e+92	   0.032813	   0.014902	   0.029884	    0.15659	   -0.11878	   -0.11683	
4	18	 0.00023238	 0.00064433	     186.18	   0.042684	-9.7531e+92	-9.7531e+92	   0.016590	 0.00024753	     0.0000	  -0.076292	 -0.0029767	    0.73417	
4	19	  0.0018559	  0.0051458	     119.82	    0.23665	-9.7531e+92	-9.7531e+92	   0.011608	  0.0015880	     0.0000	  -0.033329	  -0.022295	   0.028991	
4	20	 8.8059e-05	 0.00024416	     135.08	    0.14987	-9.7531e+92	-9.7531e+92	  0.0047567	 0.00012677	     0.0000	   -0.10374	 -0.0018038	    0.12096	
4	21	 8.3695e-12	 2.3206e-11	     253.96	   0.012424	-9.7531e+92	-9.7531e+92	  0.0079100	 5.6642e-05	     0.0000	  -0.094885	-0.00076424	    0.58358	
4	22	   0.098840	    0.27405	     82.638	    0.86986	-9.7531e+92	-9.7531e+92	   0.076406	   0.047362	   0.069853	    0.53668	   -0.55960	   -0.54380	
4	23	 1.5648e-11	 4.3386e-11	     212.30	   0.025355	-9.7531e+92	-9.7531e+92	  0.0065131	 5.4424e-05	     0.0000	   -0.21620	-0.00079297	     1.1628	
4	24	 1.7438e-11	 4.8351e-11	     253.16	   0.012581	-9.7531e+92	-9.7531e+92	 0.00016835	 5.8101e-05	     0.0000	 -0.0076597	-0.00080860	   0.024491	
5	0	 0.00087184	  0.0013000	     169.69	   0.061568	-9.7531e+92	-9.7531e+92	   0.018241	 0.00033155	     0.0000	  -0.028666	  -0.016127	    0.48480	
5	1	 0.00065394	 0.00097509	     161.91	   0.074033	-9.7531e+92	-9.7531e+92	  0.0097636	 0.00025862	     0.0000	  -0.031351	  -0.012308	    0.32236	
5	2	  0.0048289	  0.0072004	     120.45	    0.23204	-9.7531e+92	-9.7531e+92	  0.0089639	  0.0017012	     0.0000	  -0.053946	  -0.091874	    0.32210	
5	3	 7.9980e-06	 1.1926e-05	     167.87	   0.064235	-9.7531e+92	-9.7531e+92	  0.0021548	 2.6010e-05	     0.0000	  -0.053891	 -0.0013711	    0.21737	
5	4	 1.6467e-05	 2.4554e-05	     147.08	    0.10778	-9.7531e+92	-9.7531e+92	  0.0022449	 2.8384e-05	     0.0000	  -0.057105	 -0.0015995	    0.21569	
5	5	     0.0000	     0.0000	     0.0000	     4.0000	-9.7531e+92	-9.7531e+92	    0.77318	     0.0000	    0.72884	     0.0000	     0.0000	     0.0000	
5	6	    0.12509	    0.18652	     72.218	     1.2908	-9.7531e+92	-9.7531e+92	   0.062518	   0.044415	     0.0000	     0.0000	    -2.4636	   -0.78892	
5	7	   0.061811	   0.092167	     89.752	    0.66590	-9.7531e+92	-9.7531e+92	   0.081269	   0.019635	     0.0000	  -0.060153	    -1.2109	    0.82564	
5	8	    0.20406	    0.30427	     54.235	     2.3987	-9.7531e+92	-9.7531e+92	   0.090942	   0.056832	   0.055007	    0.15163	    -3.7279	    -1.6125	
5	9	 0.00017130	 0.00025543	     134.70	    0.15149	-9.7531e+92	-9.7531e+92	   0.033335	 8.4907e-05	     0.0000	  -0.052965	 -0.0046229	    0.89942	
5	10	 1.1439e-06	 1.7056e-06	     93.726	    0.57518	-9.7531e+92	-9.7531e+92	  0.0020880	 2.1795e-05	 0.00020769	 -0.0024013	 -0.0012646	   0.011343	
5	11	 0.00030445	 0.00045397	     77.490	     1.0576	-9.7531e+92	-9.7531e+92	  0.0082000	 0.00011516	 0.00051064	 -0.0044156	 -0.0067922	   0.043845	
5	12	 0.00078144	  0.0011652	     80.590	    0.94012	-9.7531e+92	-9.7531e+92	  0.0045962	 0.00024353	  0.0016903	 -0.0017372	  -0.014739	  0.0090924	
5	13	   0.065080	   0.097041	     125.66	    0.19761	-9.7531e+92	-9.7531e+92	   0.047851	   0.023294	     0.0000	  -0.011551	    -1.0630	   0.086649	
5	14	   0.088084	    0.13134	     108.09	    0.34690	-9.7531e+92	-9.7531e+92	   0.059539	   0.029339	     0.0000	 -0.0041675	    -1.5235	    0.19297	
5	15	  0.0030241	  0.0045093	     104.94	    0.38615	-9.7531e+92	-9.7531e+92	  0.0047723	  0.0011247	     0.0000	  -0.026771	  -0.061268	    0.19133	
5	16	 6.9926e-05	 0.00010427	     71.546	     1.3237	-9.7531e+92	-9.7531e+92	 0.00024292	 4.8813e-05	     0.0000	 -0.0031049	 -0.0026181	   0.014867	
5	17	 1.2829e-12	 1.9130e-12	     219.60	   0.022168	-9.7531e+92	-9.7531e+92	 9.8186e-05	 2.5758e-05	     0.0000	 -0.0031349	 -0.0013709	  0.0099849	
5	18	    0.24787	    0.36961	     53.346	     2.4617	-9.7531e+92	-9.7531e+92	    0.13503	   0.072392	   0.018742	   0.031483	    -4.8198	    -1.5880	
5	19	   0.032522	   0.048493	     64.874	     1.6901	-9.7531e+92	-9.7531e+92	   0.020716	  0.0072865	   0.013904	   0.017783	   -0.51785	   -0.18581	
5	20	    0.15574	    0.23222	     39.691	     3.3571	-9.7531e+92	-9.7531e+92	   0.072210	   0.039122	   0.055409	    0.10166	    -2.7225	    -1.1820	
5	21	 5.9218e-07	 8.8300e-07	     132.91	    0.15951	-9.7531e+92	-9.7531e+92	   0.010130	 2.4301e-05	     0.0000	  -0.017944	 -0.0013422	    0.54206	
5	22	 1.0611e-12	 1.5821e-12	     151.89	   0.095092	-9.7531e+92	-9.7531e+92	 0.00019600	 2.3705e-05	     0.0000	 -0.0056090	 -0.0013204	   0.023094	
5	23	  0.0090095	   0.013434	     65.633	     1.6449	-9.7531e+92	-9.7531e+92	   0.042030	  0.0027233	     0.0000	  -0.022466	   -0.17026	    0.92500	
5	24	 2.2250e-08	 3.3177e-08	     106.34	    0.36810	-9.7531e+92	-9.7531e+92	 0.00063834	 2.3817e-05	     0.0000	 -0.0013915	 -0.0013279	   0.022179	
6	0	    0.15821	    0.27632	     105.31	    0.38136	-9.7531e+92	-9.7531e+92	   0.095343	   0.077734	     0.0000	     0.0000	    0.31642	     0.0000	
6	1	   0.039416	   0.068843	     96.519	    0.51972	-9.7531e+92	-9.7531e+92	   0.039259	   0.019258	     0.0000	     0.0000	   0.078008	     0.0000	
6	2	  0.0034885	  0.0060928	     118.53	    0.24644	-9.7531e+92	-9.7531e+92	   0.013523	  0.0019417	     0.0000	     0.0000	  0.0072960	     0.0000	
6	3	 2.7578e-05	 4.8168e-05	     180.81	   0.047921	-9.7531e+92	-9.7531e+92	  0.0030907	 5.2430e-05	     0.0000	     0.0000	 0.00021836	     0.0000	
6	4	 1.2292e-06	 2.1468e-06	     179.35	   0.049487	-9.7531e+92	-9.7531e+92	  0.0024883	 3.8014e-05	     0.0000	     0.0000	 0.00013093	     0.0000	
6	5	   0.013063	   0.022815	     72.218	     1.2908	-9.7531e+92	-9.7531e+92	   0.014263	  0.0066679	     0.0000	     0.0000	   0.030885	     0.0000	
6	6	     0.0000	     0.0000	     0.0000	     4.0000	-9.7531e+92	-9.7531e+92	    0.89257	     0.0000	    0.81552	     0.0000	     0.0000	     0.0000	
6	7	    0.15883	    0.27741	     34.871	     3.5904	-9.7531e+92	-9.7531e+92	    0.14602	   0.082004	     0.0000	     0.0000	    0.30298	     0.0000	
6	8	 0.00013598	 0.00023751	     109.28	    0.33318	-9.7531e+92	-9.7531e+92	  0.0052458	 0.00011521	     0.0000	     0.0000	 0.00036791	     0.0000	
6	9	    0.18916	    0.33038	     62.827	     1.8164	-9.7531e+92	-9.7531e+92	    0.13062	    0.10555	     0.0000	     0.0000	    0.34210	     0.0000	
6	10	 1.2720e-13	 2.2216e-13	     153.37	   0.091543	-9.7531e+92	-9.7531e+92	 0.00016114	 4.1565e-05	     0.0000	     0.0000	 9.8452e-05	     0.0000	
6	11	 2.6845e-08	 4.6887e-08	     117.04	    0.25846	-9.7531e+92	-9.7531e+92	 0.00066214	 3.9495e-05	     0.0000	     0.0000	 0.00012078	     0.0000	
6	12	 7.4529e-13	 1.3017e-12	     152.49	   0.093630	-9.7531e+92	-9.7531e+92	 0.00022163	 4.1153e-05	     0.0000	     0.0000	 0.00010059	     0.0000	
6	13	    0.10738	    0.18755	     53.773	     2.4314	-9.7531e+92	-9.7531e+92	   0.079768	   0.053559	     0.0000	     0.0000	    0.18045	     0.0000	
6	14	    0.13146	    0.22960	     41.508	     3.2546	-9.7531e+92	-9.7531e+92	    0.11534	   0.053302	     0.0000	     0.0000	  0.0069787	     0.0000	
6	15	  0.0025888	  0.0045216	     96.746	    0.51548	-9.7531e+92	-9.7531e+92	  0.0074250	  0.0014817	     0.0000	     0.0000	  0.0046942	     0.0000	
6	16	 5.9306e-13	 1.0358e-12	     111.89	    0.30549	-9.7531e+92	-9.7531e+92	 0.00028138	 4.1528e-05	     0.0000	     0.0000	 8.9823e-05	     0.0000	
6	17	 9.8825e-13	 1.7260e-12	     251.72	   0.012870	-9.7531e+92	-9.7531e+92	 0.00011170	 4.2678e-05	     0.0000	     0.0000	 7.8311e-05	     0.0000	
6	18	    0.18537	    0.32377	     36.723	     3.5078	-9.7531e+92	-9.7531e+92	    0.10386	   0.090085	     0.0000	     0.0000	    0.26178	     0.0000	
6	19	 7.9652e-08	 1.3912e-07	     133.74	    0.15573	-9.7531e+92	-9.7531e+92	 0.00054991	 3.9480e-05	     0.0000	     0.0000	 0.00011290	     0.0000	
6	20	 0.00015205	 0.00026557	     111.59	    0.30852	-9.7531e+92	-9.7531e+92	  0.0018487	 0.00012457	     0.0000	     0.0000	 0.00038598	     0.0000	
6	21	  0.0060897	   0.010636	     78.899	     1.0025	-9.7531e+92	-9.7531e+92	   0.040121	  0.0035562	     0.0000	     0.0000	   0.010534	     0.0000	
6	22	 5.2360e-13	 9.1450e-13	     216.08	   0.023641	-9.7531e+92	-9.7531e+92	 0.00018372	 4.2182e-05	     0.0000	     0.0000	 8.5148e-05	     0.0000	
6	23	  0.0046258	  0.0080792	     73.330	     1.2380	-9.7531e+92	-9.7531e+92	   0.052814	  0.0023608	     0.0000	     0.0000	   0.013583	     0.0000	
6	24	 1.6531e-06	 2.8872e-06	     108.13	    0.34637	-9.7531e+92	-9.7531e+92	 0.00062338	 4.0823e-05	     0.0000	     0.0000	 0.00012071	     0.0000	
7	0	   0.072655	    0.12799	     80.265	    0.95180	-9.7531e+92	-9.7531e+92	   0.053851	    0.10625	     0.0000	  0.0047379	    0.43043	 -0.0026411	
7	1	   0.024927	   0.043913	     75.481	     1.1413	-9.7531e+92	-9.7531e+92	   0.024869	   0.039119	     0.0000	 -0.0069491	    0.17805	  0.0022556	
7	2	 7.8266e-05	 0.00013788	     153.12	   0.092143	-9.7531e+92	-9.7531e+92	  0.0076843	 0.00025970	     0.0000	  -0.037919	  0.0010654	   0.012777	
7	3	 1.2194e-08	 2.1482e-08	     215.68	   0.023812	-9.7531e+92	-9.7531e+92	  0.0017755	 0.00012275	     0.0000	  -0.033335	 0.00054983	  0.0069166	
7	4	 5.8457e-13	 1.0298e-12	     209.16	   0.026904	-9.7531e+92	-9.7531e+92	  0.0014828	 0.00012290	     0.0000	  -0.035338	 0.00044657	  0.0084133	
7	5	 0.00077984	  0.0013738	     89.752	    0.66590	-9.7531e+92	-9.7531e+92	   0.027379	  0.0014074	     0.0000	  -0.015850	  0.0053485	   0.012635	
7	6	   0.018556	   0.032690	     34.871	     3.5904	-9.7531e+92	-9.7531e+92	   0.040130	   0.027836	     0.0000	     0.0000	    0.12528	   0.010823	
7	7	     0.0000	     0.0000	     0.0000	     4.0000	-9.7531e+92	-9.7531e+92	    0.95270	     0.0000	    0.69480	     0.0000	     0.0000	     0.0000	
7	8	 0.00010867	 0.00019143	     109.89	    0.32644	-9.7531e+92	-9.7531e+92	   0.023721	 0.00030589	     0.0000	  -0.019377	  0.0010326	   0.011221	
7	9	   0.017862	   0.031467	     64.406	     1.7184	-9.7531e+92	-9.7531e+92	   0.044713	   0.022128	     0.0000	  -0.015773	    0.11078	   0.029653	
7	10	 6.5068e-13	 1.1463e-12	     153.29	   0.091732	-9.7531e+92	-9.7531e+92	 0.00047647	 0.00013150	     0.0000	 -0.0019013	 0.00032653	 0.00059026	
7	11	 1.3530e-06	 2.3835e-06	     112.26	    0.30176	-9.7531e+92	-9.7531e+92	  0.0029057	 0.00012297	     0.0000	 -0.0035887	 0.00039796	  0.0024984	
7	12	 5.5814e-13	 9.8325e-13	     158.06	   0.081372	-9.7531e+92	-9.7531e+92	 0.00060651	 0.00013161	     0.0000	 -0.0031913	 0.00031994	 0.00092732	
7	13	   0.044055	   0.077610	     57.312	     2.1828	-9.7531e+92	-9.7531e+92	   0.059313	   0.059548	     0.0000	  -0.021296	    0.19121	  0.0029140	
7	14	   0.071274	    0.12556	     65.464	     1.6549	-9.7531e+92	-9.7531e+92	   0.073625	    0.10354	     0.0000	 -0.0044944	    0.46282	  0.0067278	
7	15	 5.7675e-05	 0.00010160	     131.62	    0.16559	-9.7531e+92	-9.7531e+92	  0.0040359	 0.00023185	     0.0000	  -0.019062	 0.00070385	  0.0096763	
7	16	 4.7067e-13	 8.2917e-13	     137.28	    0.14083	-9.7531e+92	-9.7531e+92	 0.00018715	 0.00013603	     0.0000	 -0.0020199	 0.00027991	 0.00077492	
7	17	 2.5204e-13	 4.4401e-13	     281.54	  0.0082346	-9.7531e+92	-9.7531e+92	 9.0786e-05	 0.00013974	     0.0000	 -0.0019385	 0.00027074	 0.00048760	
7	18	   0.071204	    0.12544	     38.248	     3.4331	-9.7531e+92	-9.7531e+92	   0.089616	   0.072512	     0.0000	     0.0000	    0.25611	  0.0053421	
7	19	 1.0435e-12	 1.8383e-12	     154.38	   0.089237	-9.7531e+92	-9.7531e+92	  0.0011589	 0.00012695	     0.0000	 -0.0066232	 0.00034464	  0.0021414	
7	20	 3.5202e-06	 6.2014e-06	     126.68	    0.19164	-9.7531e+92	-9.7531e+92	  0.0045206	 0.00012414	     0.0000	  -0.011524	 0.00040078	  0.0052671	
7	21	   0.012520	   0.022057	     44.967	     3.0407	-9.7531e+92	-9.7531e+92	   0.022464	   0.014094	     0.0000	     0.0000	    0.11990	  -0.017022	
7	22	 1.6928e-12	 2.9821e-12	     241.36	   0.015218	-9.7531e+92	-9.7531e+92	 0.00013527	 0.00013769	     0.0000	 -0.0038399	 0.00028852	  0.0011153	
7	23	    0.66587	     1.1730	     58.677	     2.0891	-9.7531e+92	-9.7531e+92	    0.32094	     1.0000	    0.13401	    0.11375	     4.8806	   -0.26687	
7	24	 4.7703e-05	 8.4036e-05	     84.614	    0.80724	-9.7531e+92	-9.7531e+92	  0.0031151	 0.00019335	     0.0000	-0.00074124	 0.00081766	  0.0010617	
8	0	  0.0014161	  0.0012473	     172.11	   0.058221	-9.7531e+92	-9.7531e+92	  0.0069733	 0.00043005	     0.0000	  -0.035063	  -0.028338	    0.70552	
8	1	 0.00022798	 0.00020081	     184.58	   0.044171	-9.7531e+92	-9.7531e+92	  0.0036507	 8.7199e-05	     0.0000	  -0.039155	 -0.0055991	    0.47915	
8	2	 1.7346e-05	 1.5279e-05	     174.51	   0.055125	-9.7531e+92	-9.7531e+92	  0.0022275	 2.4286e-05	     0.0000	  -0.075851	 -0.0017371	    0.53629	
8	3	 3.6008e-12	 3.1716e-12	     221.29	   0.021502	-9.7531e+92	-9.7531e+92	 0.00058225	 1.9069e-05	     0.0000	  -0.066578	 -0.0013534	    0.31833	
8	4	 1.2948e-07	 1.1404e-07	     186.41	   0.042479	-9.7531e+92	-9.7531e+92	 0.00074832	 1.8770e-05	     0.0000	  -0.070577	 -0.0014150	    0.31525	
8	5	    0.14747	    0.12990	     54.235	     2.3987	-9.7531e+92	-9.7531e+92	   0.050792	   0.030121	   0.024595	   0.054303	    -3.0334	    -1.5890	
8	6	  0.0066912	  0.0058937	     109.28	    0.33318	-9.7531e+92	-9.7531e+92	   0.014137	  0.0020059	     0.0000	     0.0000	   -0.14660	    0.53201	
8	7	  0.0046482	  0.0040943	     109.89	    0.32644	-9.7531e+92	-9.7531e+92	   0.036101	  0.0012150	     0.0000	   -0.12460	   -0.10149	     2.0162	
8	8	     0.0000	     0.0000	     0.0000	     4.0000	-9.7531e+92	-9.7531e+92	    0.46152	     0.0000	    0.44029	     0.0000	     0.0000	     0.0000	
8	9	 1.8179e-06	 1.6013e-06	     171.65	   0.058843	-9.7531e+92	-9.7531e+92	   0.011365	 1.9827e-05	     0.0000	  -0.065530	 -0.0014651	     1.3153	
8	10	   0.021841	   0.019238	     44.054	     3.0993	-9.7531e+92	-9.7531e+92	  0.0070358	  0.0041004	  0.0059251	   0.025098	   -0.35458	   -0.19590	
8	11	    0.16701	    0.14711	     32.525	     3.6821	-9.7531e+92	-9.7531e+92	   0.039440	   0.036999	   0.034898	    0.10162	    -3.1086	    -1.9249	
8	12	   0.028105	   0.024755	     55.069	     2.3397	-9.7531e+92	-9.7531e+92	  0.0085262	  0.0060129	  0.0068097	   0.048937	   -0.51714	   -0.30548	
8	13	  0.0065713	  0.0057881	     162.59	   0.072826	-9.7531e+92	-9.7531e+92	   0.015736	  0.0019287	     0.0000	  -0.092930	   -0.12131	    0.83188	
8	14	   0.013755	   0.012116	     146.54	    0.10935	-9.7531e+92	-9.7531e+92	   0.016410	  0.0038451	     0.0000	  -0.022080	   -0.26368	     1.2166	
8	15	 2.7946e-06	 2.4616e-06	     159.01	   0.079481	-9.7531e+92	-9.7531e+92	  0.0010923	 2.0850e-05	     0.0000	  -0.038165	 -0.0015160	    0.32204	
8	16	 2.4014e-12	 2.1152e-12	     112.87	    0.29583	-9.7531e+92	-9.7531e+92	 7.8034e-05	 2.0514e-05	     0.0000	 -0.0040307	 -0.0014948	   0.022749	
8	17	 1.5279e-12	 1.3458e-12	     258.50	   0.011577	-9.7531e+92	-9.7531e+92	 4.5640e-05	 2.0978e-05	     0.0000	 -0.0038716	 -0.0015013	   0.014536	
8	18	    0.24739	    0.21790	     75.421	     1.1439	-9.7531e+92	-9.7531e+92	   0.085984	   0.066951	   0.017289	   0.038771	    -5.1920	    -2.3145	
8	19	   0.010329	  0.0090982	     80.536	    0.94205	-9.7531e+92	-9.7531e+92	  0.0084900	  0.0024212	  0.0044658	   0.011556	   -0.21428	  -0.080282	
8	20	    0.15485	    0.13640	     51.987	     2.5582	-9.7531e+92	-9.7531e+92	   0.043386	   0.032791	   0.033461	    0.16901	    -3.0785	    -1.8703	
8	21	 2.1757e-05	 1.9164e-05	     132.38	    0.16196	-9.7531e+92	-9.7531e+92	  0.0039287	 2.5927e-05	     0.0000	  -0.022152	 -0.0019368	    0.78974	
8	22	 1.1080e-14	 9.7592e-15	     168.70	   0.062994	-9.7531e+92	-9.7531e+92	 8.0940e-05	 1.9962e-05	     0.0000	 -0.0074862	 -0.0014775	   0.033627	
8	23	    0.18843	    0.16597	     54.810	     2.3580	-9.7531e+92	-9.7531e+92	   0.061121	   0.046065	     0.0000	   0.020157	    -3.9164	    -1.1487	
8	24	  0.0012234	  0.0010776	     77.960	     1.0389	-9.7531e+92	-9.7531e+92	  0.0012772	 0.00037008	     0.0000	-0.00071795	  -0.027892	   0.014341	
9	0	   0.029652	   0.071150	     86.890	    0.74099	-9.7531e+92	-9.7531e+92	   0.066164	   0.047533	     0.0000	  -0.073966	     1.0424	   -0.42262	
9	1	   0.070685	    0.16961	     55.376	     2.3181	-9.7531e+92	-9.7531e+92	   0.072168	    0.11485	     0.0000	    0.13994	     2.4804	    0.48889	
9	2	  0.0010203	  0.0024482	     133.64	    0.15619	-9.7531e+92	-9.7531e+92	   0.012391	  0.0019018	     0.0000	   -0.31400	   0.039795	   -0.57263	
9	3	 3.0033e-05	 7.2064e-05	     191.41	   0.038254	-9.7531e+92	-9.7531e+92	  0.0028706	 0.00018071	     0.0000	   -0.28242	  0.0036104	   -0.35581	
9	4	 5.2991e-11	 1.2715e-10	     223.28	   0.020749	-9.7531e+92	-9.7531e+92	  0.0023326	 0.00012681	     0.0000	   -0.29976	  0.0024537	   -0.33552	
9	5	 0.00012758	 0.00030613	     134.70	    0.15149	-9.7531e+92	-9.7531e+92	   0.010226	 0.00038337	     0.0000	   -0.14887	  0.0070610	   -0.43242	
9	6	   0.019785	   0.047474	     62.827	     1.8164	-9.7531e+92	-9.7531e+92	   0.033167	   0.032809	     0.0000	     0.0000	    0.73713	   -0.35634	
9	7	    0.32191	    0.77243	     64.406	     1.7184	-9.7531e+92	-9.7531e+92	    0.31530	    0.59394	     0.0000	    0.68763	     11.731	     2.5669	
9	8	 6.1249e-12	 1.4697e-11	     171.65	   0.058843	-9.7531e+92	-9.7531e+92	  0.0081579	 0.00013714	     0.0000	   -0.17957	  0.0023945	   -0.35009	
9	9	     0.0000	     0.0000	     0.0000	     4.0000	-9.7531e+92	-9.7531e+92	     1.2498	     0.0000	     1.0244	     0.0000	     0.0000	     0.0000	
9	10	 1.0615e-11	 2.5472e-11	     215.04	   0.024096	-9.7531e+92	-9.7531e+92	 0.00022994	 0.00014742	     0.0000	  -0.016129	  0.0023623	  -0.017335	
9	11	 1.4999e-11	 3.5991e-11	     175.31	   0.054135	-9.7531e+92	-9.7531e+92	  0.0010751	 0.00014114	     0.0000	  -0.034136	  0.0023847	  -0.073912	
9	12	 1.4924e-11	 3.5810e-11	     214.99	   0.024120	-9.7531e+92	-9.7531e+92	 0.00028290	 0.00014653	     0.0000	  -0.027071	  0.0023628	  -0.027323	
9	13	   0.058126	    0.13947	     9.0540	     3.9979	-9.7531e+92	-9.7531e+92	   0.078971	   0.034594	     0.0000	     0.0000	    0.73344	     0.0000	
9	14	   0.079447	    0.19063	     38.749	     3.4073	-9.7531e+92	-9.7531e+92	    0.11472	    0.11400	     0.0000	  -0.030217	     2.6600	   -0.47391	
9	15	 0.00088928	  0.0021338	     117.55	    0.25424	-9.7531e+92	-9.7531e+92	  0.0067029	  0.0017802	     0.0000	   -0.15574	   0.034873	   -0.31756	
9	16	 5.3512e-12	 1.2840e-11	     159.83	   0.077890	-9.7531e+92	-9.7531e+92	 0.00028464	 0.00014215	     0.0000	  -0.017135	  0.0023762	  -0.022355	
9	17	 2.7617e-11	 6.6266e-11	     293.28	  0.0069951	-9.7531e+92	-9.7531e+92	 0.00013031	 0.00014629	     0.0000	  -0.016444	  0.0023617	  -0.014368	
9	18	  0.0043363	   0.010405	     96.665	    0.51699	-9.7531e+92	-9.7531e+92	   0.044019	  0.0079097	     0.0000	  -0.071690	    0.16014	    -1.0921	
9	19	 2.9451e-11	 7.0668e-11	     193.08	   0.036956	-9.7531e+92	-9.7531e+92	 0.00051782	 0.00014232	     0.0000	  -0.056184	  0.0023800	  -0.065518	
9	20	 3.9223e-11	 9.4116e-11	     174.09	   0.055651	-9.7531e+92	-9.7531e+92	  0.0017259	 0.00013732	     0.0000	   -0.10372	  0.0023917	   -0.16314	
9	21	    0.41398	    0.99334	     83.320	    0.84769	-9.7531e+92	-9.7531e+92	    0.26968	    0.81166	    0.13777	    0.61431	     15.053	     5.2369	
9	22	 2.6352e-11	 6.3232e-11	     266.14	   0.010307	-9.7531e+92	-9.7531e+92	 0.00019805	 0.00014588	     0.0000	  -0.032574	  0.0023665	  -0.033380	
9	23	 1.3487e-05	 3.2362e-05	     121.73	    0.22293	-9.7531e+92	-9.7531e+92	    0.10691	 0.00014866	     0.0000	   -0.21444	  0.0029210	    -1.5426	
9	24	 2.6957e-11	 6.4683e-11	     149.07	    0.10229	-9.7531e+92	-9.7531e+92	  0.0012148	 0.00013846	     0.0000	 -0.0075983	  0.0024030	  -0.031892	
10	0	 0.00025473	 0.00010121	     210.64	   0.026161	-9.7531e+92	-9.7531e+92	  0.0016930	 7.8626e-06	     0.0000	 -0.0044963	-0.00069488	    0.10468	
10	1	 1.5179e-05	 6.0308e-06	     228.04	   0.019080	-9.7531e+92	-9.7531e+92	 0.00090878	 2.0350e-06	     0.0000	 -0.0049465	-0.00017635	   0.070054	
10	2	 8.4112e-12	 3.3420e-12	     213.20	   0.024934	-9.7531e+92	-9.7531e+92	 0.00069663	 1.5957e-06	     0.0000	 -0.0095337	-0.00015528	   0.077729	
10	3	 5.9668e-12	 2.3707e-12	     258.79	   0.011525	-9.7531e+92	-9.7531e+92	 0.00020407	 1.5673e-06	     0.0000	 -0.0083646	-0.00015277	   0.046151	
10	4	 7.5729e-11	 3.0089e-11	     204.61	   0.029363	-9.7531e+92	-9.7531e+92	 0.00033479	 1.5394e-06	     0.0000	 -0.0088670	-0.00015872	   0.045628	
10	5	   0.052495	   0.020858	     93.726	    0.57518	-9.7531e+92	-9.7531e+92	   0.016752	  0.0011827	  0.0049349	  0.0028458	   -0.12723	  -0.046990	
10	6	 0.00040477	 0.00016082	     153.37	   0.091543	-9.7531e+92	-9.7531e+92	  0.0034869	 1.1864e-05	     0.0000	     0.0000	 -0.0011483	   0.089837	
10	7	 0.00035236	 0.00014000	     153.29	   0.091732	-9.7531e+92	-9.7531e+92	  0.0088834	 9.7495e-06	     0.0000	  -0.016963	 -0.0010192	    0.30034	
10	8	    0.43083	    0.17118	     44.054	     3.0993	-9.7531e+92	-9.7531e+92	   0.052481	  0.0080362	   0.042906	   0.054052	   -0.94496	   -0.75148	
10	9	 3.4125e-12	 1.3559e-12	     215.04	   0.024096	-9.7531e+92	-9.7531e+92	  0.0028990	 1.6452e-06	     0.0000	 -0.0082330	-0.00016014	    0.19030	
10	10	     0.0000	     0.0000	     0.0000	     4.0000	-9.7531e+92	-9.7531e+92	    0.20058	     0.0000	    0.20008	     0.0000	     0.0000	     0.0000	
10	11	    0.16995	   0.067526	     46.926	     2.9109	-9.7531e+92	-9.7531e+92	   0.021552	  0.0030353	   0.019503	   0.016087	   -0.27780	   -0.21370	
10	12	    0.12097	   0.048065	     46.012	     2.9721	-9.7531e+92	-9.7531e+92	   0.013815	  0.0021797	   0.013040	   0.029708	   -0.20687	   -0.16339	
10	13	  0.0022782	 0.00090518	     205.99	   0.028587	-9.7531e+92	-9.7531e+92	  0.0040538	 5.7843e-05	     0.0000	  -0.012400	 -0.0048564	    0.12871	
10	14	  0.0014848	 0.00058993	     190.48	   0.038997	-9.7531e+92	-9.7531e+92	  0.0041700	 3.6398e-05	     0.0000	 -0.0031253	 -0.0033474	    0.19926	
10	15	 1.2440e-10	 4.9426e-11	     197.67	   0.033672	-9.7531e+92	-9.7531e+92	 0.00032030	 1.6553e-06	     0.0000	 -0.0047954	-0.00016309	   0.046563	
10	16	 2.2400e-11	 8.8999e-12	     147.94	    0.10538	-9.7531e+92	-9.7531e+92	 3.1438e-05	 1.7142e-06	     0.0000	-0.00050683	-0.00016804	  0.0032843	
10	17	 1.8168e-11	 7.2187e-12	     270.72	  0.0096279	-9.7531e+92	-9.7531e+92	 2.0566e-05	 1.7197e-06	     0.0000	-0.00048641	-0.00016770	  0.0020990	
10	18	   0.047506	   0.018875	     118.82	    0.24422	-9.7531e+92	-9.7531e+92	   0.021852	  0.0011474	     0.0000	-0.00087878	   -0.11166	   0.060474	
10	19	   0.024790	  0.0098496	     85.643	    0.77653	-9.7531e+92	-9.7531e+92	  0.0067402	 0.00053593	  0.0049250	  0.0061550	  -0.058882	  -0.041082	
10	20	    0.14074	   0.055918	     74.457	     1.1864	-9.7531e+92	-9.7531e+92	   0.023063	  0.0027964	   0.018586	   0.026037	   -0.31909	   -0.24882	
10	21	 5.4779e-11	 2.1765e-11	     171.26	   0.059366	-9.7531e+92	-9.7531e+92	 0.00097731	 1.6750e-06	     0.0000	 -0.0027842	-0.00016426	    0.11418	
10	22	 1.8448e-11	 7.3300e-12	     176.66	   0.052524	-9.7531e+92	-9.7531e+92	 4.1136e-05	 1.6618e-06	     0.0000	-0.00094328	-0.00016576	  0.0048563	
10	23	  0.0077555	  0.0030814	     95.614	    0.53700	-9.7531e+92	-9.7531e+92	   0.011353	 0.00018237	     0.0000	 -0.0053729	  -0.019310	    0.20713	
10	24	 0.00017896	 7.1105e-05	     102.71	    0.41717	-9.7531e+92	-9.7531e+92	 0.00037567	 5.9649e-06	     0.0000	-0.00015569	-0.00059253	  0.0041951	
11	0	 0.00069621	 0.00032003	     167.10	   0.065400	-9.7531e+92	-9.7531e+92	  0.0037471	 6.0509e-05	     0.0000	  -0.013170	 -0.0053539	    0.32180	
11	1	  0.0010760	 0.00049462	     185.20	   0.043588	-9.7531e+92	-9.7531e+92	  0.0020715	 9.2168e-05	     0.0000	  -0.014198	 -0.0079817	    0.21105	
11	2	 8.4702e-07	 3.8936e-07	     197.83	   0.033565	-9.7531e+92	-9.7531e+92	 0.00096516	 5.2686e-06	     0.0000	  -0.028141	-0.00051039	    0.24062	
11	3	 3.2468e-12	 1.4925e-12	     244.71	   0.014404	-9.7531e+92	-9.7531e+92	 0.00024409	 5.1210e-06	     0.0000	  -0.024690	-0.00049572	    0.14289	
11	4	 1.8822e-12	 8.6520e-13	     218.09	   0.022784	-9.7531e+92	-9.7531e+92	 0.00025141	 5.0347e-06	     0.0000	  -0.026173	-0.00051522	    0.14122	
11	5	    0.12403	   0.057015	     77.490	     1.0576	-9.7531e+92	-9.7531e+92	   0.022867	  0.0088164	  0.0091952	   0.033698	   -0.97271	   -0.60236	
11	6	  0.0054214	  0.0024921	     117.04	    0.25846	-9.7531e+92	-9.7531e+92	  0.0072895	 0.00044662	     0.0000	     0.0000	  -0.043385	    0.24609	
11	7	  0.0018117	 0.00083282	     112.26	    0.30176	-9.7531e+92	-9.7531e+92	   0.019432	 0.00013879	     0.0000	  -0.049569	  -0.014807	    0.92006	
11	8	    0.26545	    0.12202	     32.525	     3.6821	-9.7531e+92	-9.7531e+92	   0.038381	   0.012702	   0.027303	   0.060325	    -1.7068	    -1.2128	
11	9	 3.7613e-06	 1.7290e-06	     175.31	   0.054135	-9.7531e+92	-9.7531e+92	  0.0064042	 5.6056e-06	     0.0000	  -0.024301	-0.00054920	    0.58891	
11	10	   0.068886	   0.031666	     46.926	     2.9109	-9.7531e+92	-9.7531e+92	  0.0085960	  0.0036745	  0.0080164	   0.033398	   -0.38226	   -0.28276	
11	11	     0.0000	     0.0000	     0.0000	     4.0000	-9.7531e+92	-9.7531e+92	    0.23412	     0.0000	    0.23174	     0.0000	     0.0000	     0.0000	
11	12	  0.0035568	  0.0016350	     77.218	     1.0686	-9.7531e+92	-9.7531e+92	  0.0017556	 0.00025880	 0.00085983	  0.0017310	  -0.027704	  -0.010492	
11	13	   0.016267	  0.0074778	     166.60	   0.066184	-9.7531e+92	-9.7531e+92	  0.0094332	  0.0013036	     0.0000	  -0.029628	   -0.10986	    0.32290	
11	14	  0.0072431	  0.0033295	     157.91	   0.081669	-9.7531e+92	-9.7531e+92	  0.0078407	 0.00055634	     0.0000	 -0.0087385	  -0.051198	    0.58474	
11	15	 1.1556e-11	 5.3120e-12	     182.32	   0.046370	-9.7531e+92	-9.7531e+92	 0.00049949	 5.3913e-06	     0.0000	  -0.014155	-0.00052957	    0.14408	
11	16	 5.6117e-13	 2.5796e-13	     142.85	    0.12075	-9.7531e+92	-9.7531e+92	 3.3847e-05	 5.5825e-06	     0.0000	 -0.0014960	-0.00054597	   0.010159	
11	17	 2.4676e-12	 1.1343e-12	     290.18	  0.0072979	-9.7531e+92	-9.7531e+92	 2.0818e-05	 5.6149e-06	     0.0000	 -0.0014358	-0.00054484	  0.0064931	
11	18	    0.26830	    0.12333	     81.269	    0.91620	-9.7531e+92	-9.7531e+92	   0.046709	   0.020706	   0.010859	   0.016153	    -2.0467	    -1.1657	
11	19	 0.00017441	 8.0173e-05	     108.78	    0.33886	-9.7531e+92	-9.7531e+92	  0.0016011	 1.7894e-05	     0.0000	 -0.0044720	 -0.0019127	   0.028187	
11	20	   0.010048	  0.0046190	     83.734	    0.83452	-9.7531e+92	-9.7531e+92	  0.0071515	 0.00071139	  0.0019718	-0.00081293	  -0.079110	  0.0075239	
11	21	 8.5396e-05	 3.9255e-05	     128.65	    0.18069	-9.7531e+92	-9.7531e+92	  0.0022230	 1.2292e-05	     0.0000	 -0.0082056	 -0.0012144	    0.35272	
11	22	 9.5484e-12	 4.3892e-12	     200.45	   0.031856	-9.7531e+92	-9.7531e+92	 3.0690e-05	 5.4876e-06	     0.0000	 -0.0028408	-0.00054125	   0.015023	
11	23	    0.20863	   0.095902	     53.605	     2.4433	-9.7531e+92	-9.7531e+92	   0.035442	   0.015255	     0.0000	   0.014710	    -1.6525	   -0.66639	
11	24	   0.018319	  0.0084207	     56.094	     2.2676	-9.7531e+92	-9.7531e+92	  0.0025292	  0.0011054	  0.0014885	 0.00097937	   -0.10241	  -0.067744	
12	0	 5.9703e-06	 2.5444e-06	     226.76	   0.019512	-9.7531e+92	-9.7531e+92	  0.0016659	 3.5083e-06	     0.0000	 -0.0096716	-0.00027085	    0.18470	
12	1	 5.6025e-06	 2.3876e-06	     231.78	   0.017881	-9.7531e+92	-9.7531e+92	 0.00091124	 3.5430e-06	     0.0000	  -0.010597	-0.00026827	    0.12307	
12	2	 0.00044884	 0.00019128	     181.48	   0.047226	-9.7531e+92	-9.7531e+92	  0.0011312	 2.4129e-05	     0.0000	  -0.020183	 -0.0020734	    0.13552	
12	3	 7.2063e-12	 3.0711e-12	     227.10	   0.019395	-9.7531e+92	-9.7531e+92	 0.00036227	 3.0608e-06	     0.0000	  -0.017908	-0.00026407	   0.081320	
12	4	 0.00029370	 0.00012516	     165.11	   0.068567	-9.7531e+92	-9.7531e+92	 0.00077671	 1.6118e-05	     0.0000	  -0.018709	 -0.0014833	   0.079511	
12	5	    0.13864	   0.059084	     80.590	    0.94012	-9.7531e+92	-9.7531e+92	   0.029420	  0.0060474	   0.016746	   0.027473	   -0.57966	   -0.39523	
12	6	 0.00030882	 0.00013161	     152.49	   0.093630	-9.7531e+92	-9.7531e+92	  0.0039891	 1.8586e-05	     0.0000	     0.0000	 -0.0015845	    0.15913	
12	7	 7.9086e-05	 3.3704e-05	     158.06	   0.081372	-9.7531e+92	-9.7531e+92	  0.0084401	 6.7066e-06	     0.0000	  -0.036397	-0.00061459	    0.53182	
12	8	    0.24769	    0.10556	     55.069	     2.3397	-9.7531e+92	-9.7531e+92	   0.037398	  0.0099563	   0.027128	   0.078188	   -0.97990	   -0.76534	
12	9	 4.6777e-12	 1.9935e-12	     214.99	   0.024120	-9.7531e+92	-9.7531e+92	  0.0030080	 3.2394e-06	     0.0000	  -0.017633	-0.00027722	    0.33610	
12	10	   0.057252	   0.024399	     46.012	     2.9721	-9.7531e+92	-9.7531e+92	  0.0071830	  0.0019906	  0.0066455	   0.026932	   -0.15353	   -0.12108	
12	11	  0.0072005	  0.0030686	     77.218	     1.0686	-9.7531e+92	-9.7531e+92	  0.0046305	 0.00033717	  0.0024328	 0.00077830	  -0.030356	 -0.0076852	
12	12	     0.0000	     0.0000	     0.0000	     4.0000	-9.7531e+92	-9.7531e+92	    0.21654	     0.0000	    0.21571	     0.0000	     0.0000	     0.0000	
12	13	  0.0030132	  0.0012841	     205.94	   0.028617	-9.7531e+92	-9.7531e+92	  0.0042353	 0.00014998	     0.0000	  -0.026292	  -0.010963	    0.22332	
12	14	  0.0014002	 0.00059673	     188.63	   0.040536	-9.7531e+92	-9.7531e+92	  0.0048863	 6.7790e-05	     0.0000	 -0.0066986	 -0.0054527	    0.35028	
12	15	 5.4418e-08	 2.3191e-08	     166.81	   0.065853	-9.7531e+92	-9.7531e+92	 0.00046403	 3.2469e-06	     0.0000	  -0.010270	-0.00028276	   0.082309	
12	16	 1.1169e-13	 4.7599e-14	     115.95	    0.26758	-9.7531e+92	-9.7531e+92	 5.0146e-05	 3.3435e-06	     0.0000	 -0.0010852	-0.00029084	  0.0058145	
12	17	 2.0340e-12	 8.6683e-13	     225.22	   0.020047	-9.7531e+92	-9.7531e+92	 3.1216e-05	 3.3496e-06	     0.0000	 -0.0010407	-0.00029048	  0.0037153	
12	18	   0.022880	  0.0097507	     120.73	    0.22996	-9.7531e+92	-9.7531e+92	   0.019849	  0.0010910	     0.0000	 -0.0033993	  -0.093143	    0.19269	
12	19	    0.20611	   0.087836	     44.530	     3.0689	-9.7531e+92	-9.7531e+92	   0.027500	  0.0060122	   0.025553	   0.071226	   -0.65399	   -0.53286	
12	20	    0.31342	    0.13357	     45.010	     3.0379	-9.7531e+92	-9.7531e+92	   0.044993	   0.010779	   0.040191	   0.099389	    -1.1494	   -0.94728	
12	21	 1.2833e-11	 5.4690e-12	     187.39	   0.041605	-9.7531e+92	-9.7531e+92	 0.00096969	 3.2981e-06	     0.0000	 -0.0059631	-0.00028472	    0.20191	
12	22	 5.9757e-11	 2.5466e-11	     131.16	    0.16782	-9.7531e+92	-9.7531e+92	 9.8037e-05	 3.0464e-06	     0.0000	 -0.0018217	-0.00027841	  0.0083892	
12	23	  0.0012637	 0.00053856	     109.85	    0.32696	-9.7531e+92	-9.7531e+92	  0.0074364	 6.1507e-05	     0.0000	  -0.012704	 -0.0057112	    0.39067	
12	24	 5.9712e-13	 2.5447e-13	     132.31	    0.16230	-9.7531e+92	-9.7531e+92	 0.00015855	 3.3358e-06	     0.0000	-0.00047460	-0.00028917	  0.0082526	
13	0	   0.070315	    0.57080	     86.013	    0.76580	-9.7531e+92	-9.7531e+92	    0.26384	   0.060254	     0.0000	     0.0000	    0.54268	     0.0000	
13	1	   0.035994	    0.29218	     57.043	     2.2015	-9.7531e+92	-9.7531e+92	    0.19411	   0.032078	     0.0000	     0.0000	    0.30065	     0.0000	
13	2	  0.0013529	   0.010982	     127.66	    0.18612	-9.7531e+92	-9.7531e+92	   0.039209	  0.0012385	     0.0000	     0.0000	   0.011509	     0.0000	
13	3	 4.6527e-06	 3.7769e-05	     188.65	   0.040519	-9.7531e+92	-9.7531e+92	  0.0090188	 6.8884e-05	     0.0000	     0.0000	 0.00065545	     0.0000	
13	4	 3.0263e-13	 2.4567e-12	     217.30	   0.023117	-9.7531e+92	-9.7531e+92	  0.0073641	 6.6869e-05	     0.0000	     0.0000	 0.00061975	     0.0000	
13	5	 0.00016747	  0.0013595	     125.66	    0.19761	-9.7531e+92	-9.7531e+92	   0.019631	 0.00025391	     0.0000	     0.0000	  0.0021414	     0.0000	
13	6	   0.036784	    0.29860	     53.773	     2.4314	-9.7531e+92	-9.7531e+92	    0.13587	   0.037514	     0.0000	     0.0000	    0.34065	     0.0000	
13	7	   0.032196	    0.26135	     57.312	     2.1828	-9.7531e+92	-9.7531e+92	    0.52826	   0.032722	     0.0000	     0.0000	    0.29492	     0.0000	
13	8	 1.0221e-13	 8.2973e-13	     162.59	   0.072826	-9.7531e+92	-9.7531e+92	   0.014278	 7.6051e-05	     0.0000	     0.0000	 0.00058473	     0.0000	
13	9	    0.76432	     6.2045	     9.0540	     3.9979	-9.7531e+92	-9.7531e+92	     1.6617	    0.80070	    0.89914	     0.0000	     6.9493	     0.0000	
13	10	 6.3246e-12	 5.1341e-11	     205.99	   0.028587	-9.7531e+92	-9.7531e+92	 0.00054577	 8.2360e-05	     0.0000	     0.0000	 0.00055445	     0.0000	
13	11	 1.4221e-12	 1.1544e-11	     166.60	   0.066184	-9.7531e+92	-9.7531e+92	  0.0020194	 7.8350e-05	     0.0000	     0.0000	 0.00058349	     0.0000	
13	12	 2.7050e-12	 2.1959e-11	     205.94	   0.028617	-9.7531e+92	-9.7531e+92	 0.00065693	 8.1833e-05	     0.0000	     0.0000	 0.00055466	     0.0000	
13	13	     0.0000	     0.0000	     0.0000	     4.0000	-9.7531e+92	-9.7531e+92	     4.2020	     0.0000	     3.5881	     0.0000	     0.0000	     0.0000	
13	14	   0.049318	    0.40035	     32.765	     3.6733	-9.7531e+92	-9.7531e+92	    0.34645	   0.039580	     0.0000	     0.0000	    0.33871	     0.0000	
13	15	 0.00058667	  0.0047624	     111.52	    0.30921	-9.7531e+92	-9.7531e+92	   0.020675	 0.00064233	     0.0000	     0.0000	  0.0060724	     0.0000	
13	16	 1.6476e-13	 1.3375e-12	     153.85	   0.090443	-9.7531e+92	-9.7531e+92	 0.00091653	 7.7024e-05	     0.0000	     0.0000	 0.00058673	     0.0000	
13	17	 8.8131e-12	 7.1542e-11	     287.27	  0.0075975	-9.7531e+92	-9.7531e+92	 0.00042960	 7.9481e-05	     0.0000	     0.0000	 0.00056083	     0.0000	
13	18	  0.0059503	   0.048303	     87.611	    0.72124	-9.7531e+92	-9.7531e+92	   0.098985	  0.0059349	     0.0000	     0.0000	   0.052421	     0.0000	
13	19	 1.1219e-12	 9.1075e-12	     184.51	   0.044238	-9.7531e+92	-9.7531e+92	  0.0011606	 7.9184e-05	     0.0000	     0.0000	 0.00056972	     0.0000	
13	20	 2.1776e-13	 1.7677e-12	     165.04	   0.068678	-9.7531e+92	-9.7531e+92	  0.0033901	 7.6212e-05	     0.0000	     0.0000	 0.00058045	     0.0000	
13	21	  0.0029536	   0.023977	     76.619	     1.0932	-9.7531e+92	-9.7531e+92	    0.38354	  0.0032266	     0.0000	     0.0000	   0.027991	     0.0000	
13	22	 4.4885e-12	 3.6436e-11	     260.15	   0.011286	-9.7531e+92	-9.7531e+92	 0.00064285	 7.9820e-05	     0.0000	     0.0000	 0.00056214	     0.0000	
13	23	 5.6858e-05	 0.00046155	     113.01	    0.29441	-9.7531e+92	-9.7531e+92	    0.17999	 0.00012547	     0.0000	     0.0000	  0.0011993	     0.0000	
13	24	 4.6487e-12	 3.7736e-11	     142.21	    0.12286	-9.7531e+92	-9.7531e+92	  0.0021665	 7.6400e-05	     0.0000	     0.0000	 0.00061325	     0.0000	
14	0	    0.16267	     1.0744	     114.85	    0.27729	-9.7531e+92	-9.7531e+92	    0.35496	    0.19484	     0.0000	     0.0000	     4.0116	    0.96058	
14	1	   0.083671	    0.55261	     88.839	    0.68891	-9.7531e+92	-9.7531e+92	    0.20962	   0.081697	     0.0000	     0.0000	     1.6585	    0.20546	
14	2	    0.16991	     1.1222	     97.273	    0.50580	-9.7531e+92	-9.7531e+92	    0.35195	    0.32626	   0.090545	     1.0000	     5.9561	     1.7347	
14	3	 0.00031422	  0.0020753	     161.01	   0.075671	-9.7531e+92	-9.7531e+92	   0.076853	 0.00077092	     0.0000	   -0.26294	   0.013652	   -0.31553	
14	4	 2.5785e-05	 0.00017030	     184.55	   0.044193	-9.7531e+92	-9.7531e+92	   0.060956	 0.00019615	     0.0000	   -0.28213	  0.0033378	   -0.29980	
14	5	  0.0030182	   0.019934	     108.09	    0.34690	-9.7531e+92	-9.7531e+92	   0.025483	  0.0071133	     0.0000	   -0.12657	    0.11015	   -0.34807	
14	6	    0.10236	    0.67606	     41.508	     3.2546	-9.7531e+92	-9.7531e+92	    0.21842	    0.21311	     0.0000	     0.0000	     3.6884	    0.76084	
14	7	   0.063522	    0.41954	     65.464	     1.6549	-9.7531e+92	-9.7531e+92	    0.32255	    0.13606	     0.0000	   -0.30690	     2.2746	    -1.0853	
14	8	 9.0477e-11	 5.9757e-10	     146.54	    0.10935	-9.7531e+92	-9.7531e+92	   0.010676	 0.00016281	     0.0000	   -0.16920	  0.0023333	   -0.31187	
14	9	    0.13033	    0.86081	     38.749	     3.4073	-9.7531e+92	-9.7531e+92	    0.40977	    0.28197	     0.0000	    0.10125	     4.6709	    0.47733	
14	10	 2.8328e-12	 1.8710e-11	     190.48	   0.038997	-9.7531e+92	-9.7531e+92	 0.00043783	 0.00017486	     0.0000	  -0.015197	  0.0022882	  -0.015426	
14	11	 1.1650e-11	 7.6946e-11	     157.91	   0.081669	-9.7531e+92	-9.7531e+92	  0.0014826	 0.00016890	     0.0000	  -0.032164	  0.0023098	  -0.065781	
14	12	 4.1674e-11	 2.7524e-10	     188.63	   0.040536	-9.7531e+92	-9.7531e+92	 0.00057888	 0.00017325	     0.0000	  -0.025508	  0.0022926	  -0.024315	
14	13	    0.12303	    0.81258	     32.765	     3.6733	-9.7531e+92	-9.7531e+92	    0.33623	    0.25460	     0.0000	    0.25473	     4.4901	    0.65698	
14	14	     0.0000	     0.0000	     0.0000	     4.0000	-9.7531e+92	-9.7531e+92	     3.5807	     0.0000	     2.8506	     0.0000	     0.0000	     0.0000	
14	15	   0.083174	    0.54933	     78.991	    0.99899	-9.7531e+92	-9.7531e+92	    0.18288	    0.16222	   0.033414	    0.40937	     3.0240	    0.79050	
14	16	 2.4157e-11	 1.5955e-10	     121.20	    0.22662	-9.7531e+92	-9.7531e+92	  0.0059660	 0.00015998	     0.0000	  -0.016145	  0.0023698	  -0.019886	
14	17	 1.6311e-11	 1.0773e-10	     254.84	   0.012253	-9.7531e+92	-9.7531e+92	  0.0015208	 0.00016787	     0.0000	  -0.015494	  0.0023125	  -0.012787	
14	18	   0.076292	    0.50388	     78.249	     1.0276	-9.7531e+92	-9.7531e+92	    0.20277	    0.16923	     0.0000	 -0.0016157	     2.7530	  -0.023395	
14	19	 2.1282e-12	 1.4056e-11	     166.55	   0.066257	-9.7531e+92	-9.7531e+92	  0.0015919	 0.00016714	     0.0000	  -0.052938	  0.0023229	  -0.058349	
14	20	 5.6829e-11	 3.7534e-10	     147.73	    0.10597	-9.7531e+92	-9.7531e+92	  0.0036760	 0.00016144	     0.0000	  -0.097727	  0.0023377	   -0.14532	
14	21	  0.0016086	   0.010624	     101.18	    0.44014	-9.7531e+92	-9.7531e+92	    0.12773	  0.0037708	     0.0000	  -0.086094	   0.059777	   -0.69455	
14	22	 2.1013e-11	 1.3878e-10	     227.39	   0.019298	-9.7531e+92	-9.7531e+92	  0.0032553	 0.00016854	     0.0000	  -0.030692	  0.0023140	  -0.029715	
14	23	 6.1961e-05	 0.00040923	     114.84	    0.27739	-9.7531e+92	-9.7531e+92	    0.11246	 0.00029186	     0.0000	   -0.20196	  0.0045458	    -1.3731	
14	24	 1.0491e-11	 6.9289e-11	     150.00	   0.099849	-9.7531e+92	-9.7531e+92	  0.0014313	 0.00016295	     0.0000	 -0.0071594	  0.0023440	  -0.028380	
15	0	 0.00034745	 0.00056690	     189.51	   0.039789	-9.7531e+92	-9.7531e+92	   0.019412	 0.00025133	     0.0000	  -0.075425	  0.0021722	   -0.15022	
15	1	 0.00061817	  0.0010086	     167.83	   0.064291	-9.7531e+92	-9.7531e+92	   0.012175	 0.00040682	     0.0000	  -0.080842	  0.0034638	   -0.10049	
15	2	    0.31046	    0.50655	     21.827	     3.9312	-9.7531e+92	-9.7531e+92	    0.16909	    0.13225	    0.10451	    0.43756	     1.0628	    0.35464	
15	3	    0.20476	    0.33409	     84.108	    0.82281	-9.7531e+92	-9.7531e+92	    0.12300	   0.064737	   0.084004	    0.26718	    0.32920	  -0.052088	
15	4	   0.064341	    0.10498	     106.18	    0.37015	-9.7531e+92	-9.7531e+92	   0.074141	   0.025312	   0.036986	    0.12513	    0.26369	   0.069911	
15	5	  0.0040932	  0.0066785	     104.94	    0.38615	-9.7531e+92	-9.7531e+92	  0.0049621	  0.0028457	     0.0000	  -0.068107	   0.017610	  -0.046083	
15	6	   0.024139	   0.039385	     96.746	    0.51548	-9.7531e+92	-9.7531e+92	   0.022222	   0.016460	     0.0000	     0.0000	    0.10467	  -0.036778	
15	7	 0.00025597	 0.00041765	     131.62	    0.16559	-9.7531e+92	-9.7531e+92	   0.028388	 0.00021048	     0.0000	   -0.30315	  0.0013877	   -0.26958	
15	8	 4.0238e-13	 6.5653e-13	     159.01	   0.079481	-9.7531e+92	-9.7531e+92	  0.0013742	 4.6005e-05	     0.0000	  -0.094866	 0.00026601	  -0.040864	
15	9	   0.011420	   0.018632	     117.55	    0.25424	-9.7531e+92	-9.7531e+92	   0.047338	  0.0077621	     0.0000	   -0.12918	   0.051698	   -0.16087	
15	10	 2.4333e-12	 3.9702e-12	     197.67	   0.033672	-9.7531e+92	-9.7531e+92	 8.8927e-05	 4.8200e-05	     0.0000	 -0.0085206	 0.00025363	 -0.0019357	
15	11	 1.2008e-12	 1.9593e-12	     182.32	   0.046370	-9.7531e+92	-9.7531e+92	 0.00021260	 4.7520e-05	     0.0000	  -0.018034	 0.00025595	 -0.0083017	
15	12	 2.9002e-12	 4.7319e-12	     166.81	   0.065853	-9.7531e+92	-9.7531e+92	 0.00014067	 4.7778e-05	     0.0000	  -0.014301	 0.00025518	 -0.0030592	
15	13	    0.10070	    0.16430	     111.52	    0.30921	-9.7531e+92	-9.7531e+92	   0.075377	   0.067822	     0.0000	   0.075445	    0.63208	   0.072233	
15	14	    0.24574	    0.40095	     78.991	    0.99899	-9.7531e+92	-9.7531e+92	    0.14207	    0.12173	     0.0000	   0.036284	    0.79939	    0.28713	
15	15	     0.0000	     0.0000	     0.0000	     4.0000	-9.7531e+92	-9.7531e+92	    0.85034	     0.0000	    0.81342	     0.0000	     0.0000	     0.0000	
15	16	  0.0025598	  0.0041765	     65.362	     1.6609	-9.7531e+92	-9.7531e+92	  0.0041235	  0.0014503	  0.0014986	  0.0036389	   0.017710	  0.0035298	
15	17	 5.9409e-12	 9.6931e-12	     175.81	   0.053534	-9.7531e+92	-9.7531e+92	  0.0016346	 3.7492e-05	     0.0000	 -0.0061812	 0.00034390	 -0.0019322	
15	18	   0.030529	   0.049811	     116.73	    0.26100	-9.7531e+92	-9.7531e+92	   0.027258	   0.020681	     0.0000	  -0.024417	    0.14681	  -0.099865	
15	19	 1.8439e-06	 3.0085e-06	     131.26	    0.16732	-9.7531e+92	-9.7531e+92	 0.00078258	 4.7691e-05	     0.0000	  -0.029669	 0.00027350	 -0.0075573	
15	20	 2.8837e-05	 4.7050e-05	     124.66	    0.20372	-9.7531e+92	-9.7531e+92	 0.00084858	 6.5269e-05	     0.0000	  -0.054652	 0.00038326	  -0.018950	
15	21	 1.7124e-12	 2.7939e-12	     175.65	   0.053734	-9.7531e+92	-9.7531e+92	   0.012422	 4.6249e-05	     0.0000	  -0.049725	 0.00027711	  -0.097142	
15	22	 5.7365e-13	 9.3597e-13	     163.21	   0.071746	-9.7531e+92	-9.7531e+92	  0.0037405	 4.0280e-05	     0.0000	  -0.014063	 0.00031607	 -0.0037855	
15	23	 8.4156e-12	 1.3731e-11	     149.47	    0.10124	-9.7531e+92	-9.7531e+92	   0.010123	 4.4710e-05	     0.0000	   -0.11330	 0.00026399	   -0.17741	
15	24	 1.0712e-12	 1.7478e-12	     189.75	   0.039594	-9.7531e+92	-9.7531e+92	 0.00016921	 4.7807e-05	     0.0000	 -0.0040141	 0.00025650	 -0.0035630	
16	0	 5.9579e-06	 1.4185e-06	     217.18	   0.023165	-9.7531e+92	-9.7531e+92	  0.0013715	 3.4382e-06	     0.0000	 -0.0072928	 2.4063e-05	  -0.013726	
16	1	 6.0554e-05	 1.4417e-05	     207.46	   0.027791	-9.7531e+92	-9.7531e+92	 0.00085156	 6.0091e-06	     0.0000	 -0.0079789	 4.1682e-05	 -0.0092587	
16	2	    0.31055	   0.073939	     68.097	     1.5042	-9.7531e+92	-9.7531e+92	   0.026717	  0.0078080	   0.017294	   0.027469	  0.0093662	 -0.0011908	
16	3	   0.045933	   0.010936	     111.94	    0.30495	-9.7531e+92	-9.7531e+92	   0.012033	  0.0015421	  0.0063429	  0.0078232	  0.0085090	  0.0036824	
16	4	    0.28227	   0.067205	     75.439	     1.1432	-9.7531e+92	-9.7531e+92	   0.023184	  0.0082854	   0.017762	   0.079358	   0.058032	   0.038483	
16	5	    0.10879	   0.025900	     71.546	     1.3237	-9.7531e+92	-9.7531e+92	  0.0072557	  0.0054666	 0.00017466	   0.018995	   0.024293	   0.013105	
16	6	  0.0011187	 0.00026635	     111.89	    0.30549	-9.7531e+92	-9.7531e+92	  0.0016110	 5.9917e-05	     0.0000	     0.0000	 0.00027172	 -0.0072883	
16	7	 0.00042283	 0.00010067	     137.28	    0.14083	-9.7531e+92	-9.7531e+92	  0.0025739	 2.3476e-05	     0.0000	  -0.027380	 0.00011196	  -0.024799	
16	8	 0.00057092	 0.00013593	     112.87	    0.29583	-9.7531e+92	-9.7531e+92	  0.0010573	 3.1980e-05	     0.0000	 -0.0083748	 0.00013134	 -0.0036886	
16	9	 8.1050e-05	 1.9297e-05	     159.83	   0.077890	-9.7531e+92	-9.7531e+92	  0.0031666	 7.3706e-06	     0.0000	  -0.013284	 3.6167e-05	  -0.016808	
16	10	 1.0834e-12	 2.5795e-13	     147.94	    0.10538	-9.7531e+92	-9.7531e+92	 4.0682e-05	 3.4967e-06	     0.0000	-0.00077047	 1.2900e-05	-0.00017940	
16	11	 2.6393e-12	 6.2837e-13	     142.85	    0.12075	-9.7531e+92	-9.7531e+92	 0.00010764	 3.4576e-06	     0.0000	 -0.0016307	 1.2990e-05	-0.00076917	
16	12	 7.5436e-07	 1.7960e-07	     115.95	    0.26758	-9.7531e+92	-9.7531e+92	 0.00010974	 3.5049e-06	     0.0000	 -0.0012927	 1.3220e-05	-0.00028338	
16	13	   0.013216	  0.0031466	     153.85	   0.090443	-9.7531e+92	-9.7531e+92	  0.0054144	 0.00066217	     0.0000	  -0.017042	  0.0051403	  -0.016341	
16	14	   0.052200	   0.012428	     121.20	    0.22662	-9.7531e+92	-9.7531e+92	  0.0095304	  0.0021824	     0.0000	 -0.0015335	   0.014122	  -0.014017	
16	15	    0.15810	   0.037642	     65.362	     1.6609	-9.7531e+92	-9.7531e+92	   0.014183	  0.0064299	  0.0087950	   0.028491	   0.042953	   0.025109	
16	16	     0.0000	     0.0000	     0.0000	     4.0000	-9.7531e+92	-9.7531e+92	    0.11962	     0.0000	    0.11924	     0.0000	     0.0000	     0.0000	
16	17	 9.3739e-13	 2.2318e-13	     148.25	    0.10451	-9.7531e+92	-9.7531e+92	 0.00050207	 2.8079e-06	 0.00025055	-0.00058407	 2.1185e-05	-0.00019868	
16	18	  0.0080271	  0.0019111	     110.59	    0.31898	-9.7531e+92	-9.7531e+92	  0.0031934	 0.00040209	     0.0000	 -0.0032532	  0.0021700	  -0.013475	
16	19	  0.0066247	  0.0015773	     73.024	     1.2523	-9.7531e+92	-9.7531e+92	 0.00085855	 0.00033764	     0.0000	  0.0012588	  0.0014168	 0.00032805	
16	20	   0.011925	  0.0028391	     74.477	     1.1855	-9.7531e+92	-9.7531e+92	  0.0015779	 0.00059537	     0.0000	 0.00031106	  0.0025322	 0.00011030	
16	21	 2.0182e-11	 4.8050e-12	     180.81	   0.047925	-9.7531e+92	-9.7531e+92	 0.00085330	 3.4025e-06	     0.0000	 -0.0044964	 1.4487e-05	 -0.0089641	
16	22	 9.4909e-05	 2.2597e-05	     106.73	    0.36321	-9.7531e+92	-9.7531e+92	  0.0011670	 7.1172e-06	 0.00060430	 -0.0011892	 4.6638e-05	-0.00038615	
16	23	 3.5704e-08	 8.5006e-09	     136.77	    0.14287	-9.7531e+92	-9.7531e+92	  0.0010582	 3.2763e-06	     0.0000	  -0.010245	 1.3499e-05	  -0.016416	
16	24	 7.5130e-12	 1.7887e-12	     177.80	   0.051213	-9.7531e+92	-9.7531e+92	 2.1256e-05	 3.4974e-06	     0.0000	-0.00036297	 1.2937e-05	-0.00033022	
17	0	 1.2292e-09	 5.2514e-10	     353.56	  0.0033150	-9.7531e+92	-9.7531e+92	  0.0011152	 2.6480e-06	     0.0000	 -0.0075104	-1.8740e-06	  0.0022151	
17	1	 2.7945e-09	 1.1939e-09	     342.57	  0.0037606	-9.7531e+92	-9.7531e+92	 0.00071525	 2.6725e-06	     0.0000	 -0.0082291	-1.7034e-06	  0.0013592	
17	2	   0.084087	   0.035923	     160.64	   0.076357	-9.7531e+92	-9.7531e+92	   0.031298	  0.0025262	   0.014389	   0.011136	  -0.012701	 -0.0051894	
17	3	    0.21756	   0.092944	     122.41	    0.21829	-9.7531e+92	-9.7531e+92	   0.045214	  0.0050684	   0.035004	   0.051152	  -0.047181	  -0.033132	
17	4	    0.66536	    0.28425	     73.525	     1.2289	-9.7531e+92	-9.7531e+92	   0.087465	  0.0093201	   0.077736	   0.088193	   -0.15000	   -0.13290	
17	5	 3.2414e-09	 1.3848e-09	     219.60	   0.022168	-9.7531e+92	-9.7531e+92	 0.00062714	 2.7212e-06	     0.0000	 -0.0073543	-1.0670e-05	  0.0042115	
17	6	 1.4887e-08	 6.3601e-09	     251.72	   0.012870	-9.7531e+92	-9.7531e+92	 0.00092629	 2.7557e-06	     0.0000	     0.0000	-1.0220e-05	  0.0060215	
17	7	 6.0476e-10	 2.5836e-10	     281.54	  0.0082346	-9.7531e+92	-9.7531e+92	  0.0016687	 2.5978e-06	     0.0000	  -0.028276	-1.0204e-05	   0.019956	
17	8	 6.3043e-10	 2.6933e-10	     258.50	   0.011577	-9.7531e+92	-9.7531e+92	 0.00021525	 2.7015e-06	     0.0000	 -0.0088332	-1.1788e-05	  0.0037114	
17	9	 9.5715e-09	 4.0891e-09	     293.28	  0.0069951	-9.7531e+92	-9.7531e+92	  0.0028664	 2.7069e-06	     0.0000	  -0.013691	-9.0565e-06	   0.011575	
17	10	 4.4971e-09	 1.9212e-09	     270.72	  0.0096279	-9.7531e+92	-9.7531e+92	 2.5812e-05	 2.8148e-06	     0.0000	-0.00079337	-1.2659e-05	 0.00019628	
17	11	 4.5067e-10	 1.9253e-10	     290.18	  0.0072979	-9.7531e+92	-9.7531e+92	 3.8810e-05	 2.7878e-06	     0.0000	 -0.0016792	-1.2567e-05	 0.00083001	
17	12	 9.7278e-10	 4.1558e-10	     225.22	   0.020047	-9.7531e+92	-9.7531e+92	 8.5698e-05	 2.7905e-06	     0.0000	 -0.0013316	-1.2538e-05	 0.00030820	
17	13	 7.3467e-09	 3.1386e-09	     287.27	  0.0075975	-9.7531e+92	-9.7531e+92	  0.0052263	 2.7134e-06	     0.0000	  -0.021261	 1.2247e-06	 0.00046184	
17	14	 7.7954e-09	 3.3303e-09	     254.84	   0.012253	-9.7531e+92	-9.7531e+92	  0.0079533	 2.4626e-06	     0.0000	 -0.0050606	-2.6834e-06	  0.0041015	
17	15	 1.1768e-09	 5.0273e-10	     175.81	   0.053534	-9.7531e+92	-9.7531e+92	   0.012662	 2.3542e-06	  0.0029942	 -0.0063463	-9.2405e-06	  0.0031373	
17	16	 8.9676e-09	 3.8311e-09	     148.25	    0.10451	-9.7531e+92	-9.7531e+92	  0.0011332	 2.3705e-06	 0.00044587	-0.00060087	-5.7680e-06	 0.00017352	
17	17	     0.0000	     0.0000	     0.0000	     4.0000	-9.7531e+92	-9.7531e+92	    0.21551	     0.0000	    0.21505	     0.0000	     0.0000	     0.0000	
17	18	 1.7054e-09	 7.2856e-10	     258.46	   0.011584	-9.7531e+92	-9.7531e+92	  0.0015501	 2.6918e-06	     0.0000	 -0.0037339	-7.3718e-06	  0.0081147	
17	19	 2.8745e-09	 1.2280e-09	     187.53	   0.041480	-9.7531e+92	-9.7531e+92	  0.0011308	 2.7120e-06	     0.0000	 -0.0027637	-1.1626e-05	 0.00070700	
17	20	 4.3248e-09	 1.8476e-09	     207.02	   0.028026	-9.7531e+92	-9.7531e+92	 0.00046857	 2.6774e-06	     0.0000	 -0.0051019	-1.1654e-05	  0.0017357	
17	21	 6.9859e-09	 2.9845e-09	     326.31	  0.0045671	-9.7531e+92	-9.7531e+92	 0.00075657	 2.7616e-06	     0.0000	 -0.0046300	-1.1041e-05	  0.0080099	
17	22	   0.032986	   0.014092	     106.10	    0.37108	-9.7531e+92	-9.7531e+92	  0.0078794	 0.00099878	  0.0068696	   0.011850	  0.0043151	  0.0033851	
17	23	 1.8444e-09	 7.8796e-10	     284.58	  0.0078888	-9.7531e+92	-9.7531e+92	 0.00062279	 2.6509e-06	     0.0000	  -0.010550	-1.2093e-05	   0.016737	
17	24	 1.2453e-08	 5.3201e-09	     325.25	  0.0046269	-9.7531e+92	-9.7531e+92	 2.1552e-05	 2.8293e-06	     0.0000	-0.00037376	-1.2665e-05	 0.00036084	
18	0	   0.021025	   0.070112	     116.29	    0.26473	-9.7531e+92	-9.7531e+92	   0.071395	   0.016554	     0.0000	 -0.0081408	   -0.37645	    0.11402	
18	1	   0.012556	   0.041871	     111.77	    0.30668	-9.7531e+92	-9.7531e+92	   0.040216	  0.0099179	     0.0000	 -0.0094729	   -0.22486	   0.080630	
18	2	 0.00061039	  0.0020355	     137.27	    0.14087	-9.7531e+92	-9.7531e+92	   0.014330	 0.00055510	     0.0000	  -0.026669	  -0.013317	    0.13294	
18	3	 1.2586e-06	 4.1973e-06	     199.21	   0.032649	-9.7531e+92	-9.7531e+92	  0.0033044	 5.7193e-05	     0.0000	  -0.023763	 -0.0012828	   0.079889	
18	4	 3.4383e-08	 1.1466e-07	     186.18	   0.042684	-9.7531e+92	-9.7531e+92	  0.0027764	 5.6066e-05	     0.0000	  -0.025192	 -0.0013466	   0.079621	
18	5	   0.076267	    0.25433	     53.346	     2.4617	-9.7531e+92	-9.7531e+92	   0.084865	   0.050461	     0.0000	  0.0097100	    -1.5001	   -0.15758	
18	6	   0.085397	    0.28478	     36.723	     3.5078	-9.7531e+92	-9.7531e+92	    0.10931	   0.063397	     0.0000	     0.0000	    -1.7396	   -0.14870	
18	7	    0.55120	     1.8381	     38.248	     3.4331	-9.7531e+92	-9.7531e+92	    0.55108	    0.39602	   0.062903	    0.12121	    -11.285	    -1.4574	
18	8	  0.0015217	  0.0050745	     75.421	     1.1439	-9.7531e+92	-9.7531e+92	   0.024689	  0.0010629	     0.0000	 -0.0074647	  -0.029725	   0.068183	
18	9	   0.052092	    0.17371	     96.665	    0.51699	-9.7531e+92	-9.7531e+92	    0.12833	   0.043766	     0.0000	  -0.010433	    -1.0701	    0.14838	
18	10	 7.3784e-12	 2.4605e-11	     118.82	    0.24422	-9.7531e+92	-9.7531e+92	 0.00059507	 5.4794e-05	     0.0000	 -0.0011274	 -0.0013367	  0.0044724	
18	11	 2.6952e-05	 8.9877e-05	     81.269	    0.91620	-9.7531e+92	-9.7531e+92	  0.0029065	 6.6317e-05	     0.0000	 -0.0015663	 -0.0016855	   0.013651	
18	12	 2.0075e-11	 6.6946e-11	     120.73	    0.22996	-9.7531e+92	-9.7531e+92	 0.00091549	 5.5328e-05	     0.0000	 -0.0019191	 -0.0013625	  0.0070422	
18	13	    0.10529	    0.35113	     87.611	    0.72124	-9.7531e+92	-9.7531e+92	    0.14520	   0.087382	     0.0000	   0.014207	    -1.7186	  -0.087813	
18	14	   0.059882	    0.19969	     78.249	     1.0276	-9.7531e+92	-9.7531e+92	    0.13014	   0.041587	     0.0000	 -0.0041305	    -1.1588	    0.15836	
18	15	 0.00011276	 0.00037604	     116.73	    0.26100	-9.7531e+92	-9.7531e+92	  0.0074091	 0.00015355	     0.0000	  -0.013556	 -0.0037687	   0.081293	
18	16	 2.5042e-13	 8.3509e-13	     110.59	    0.31898	-9.7531e+92	-9.7531e+92	 0.00035212	 6.1828e-05	     0.0000	 -0.0014388	 -0.0014706	  0.0057993	
18	17	 6.4717e-13	 2.1581e-12	     258.46	   0.011584	-9.7531e+92	-9.7531e+92	 0.00017121	 6.4009e-05	     0.0000	 -0.0013819	 -0.0014910	  0.0037032	
18	18	     0.0000	     0.0000	     0.0000	     4.0000	-9.7531e+92	-9.7531e+92	     1.7465	     0.0000	     1.4864	     0.0000	     0.0000	     0.0000	
18	19	 2.6188e-06	 8.7332e-06	     118.15	    0.24945	-9.7531e+92	-9.7531e+92	  0.0027357	 5.4576e-05	     0.0000	 -0.0038053	 -0.0014064	   0.016688	
18	20	 0.00058651	  0.0019559	     90.275	    0.65310	-9.7531e+92	-9.7531e+92	  0.0099421	 0.00043897	     0.0000	 -0.0050066	  -0.012256	   0.032911	
18	21	  0.0055953	   0.018659	     79.511	    0.97945	-9.7531e+92	-9.7531e+92	   0.043762	  0.0047263	     0.0000	 -0.0071056	   -0.11837	    0.18024	
18	22	 4.2061e-13	 1.4026e-12	     205.13	   0.029065	-9.7531e+92	-9.7531e+92	 0.00025542	 6.2053e-05	     0.0000	 -0.0027118	 -0.0014627	  0.0085628	
18	23	   0.026835	   0.089487	     36.898	     3.4995	-9.7531e+92	-9.7531e+92	    0.21025	   0.018203	     0.0000	 -0.0069556	   -0.50773	    0.26524	
18	24	 0.00099241	  0.0033094	     74.739	     1.1738	-9.7531e+92	-9.7531e+92	  0.0029745	 0.00078232	     0.0000	-0.00019888	  -0.019263	  0.0035629	
19	0	 2.1495e-07	 1.6195e-07	     234.49	   0.017074	-9.7531e+92	-9.7531e+92	  0.0036388	 7.8958e-06	     0.0000	  -0.021497	-0.00056767	    0.41619	
19	1	 2.4151e-06	 1.8196e-06	     226.57	   0.019575	-9.7531e+92	-9.7531e+92	  0.0020022	 8.2713e-06	     0.0000	  -0.023553	-0.00058365	    0.27731	
19	2	  0.0070421	  0.0053057	     139.30	    0.13308	-9.7531e+92	-9.7531e+92	  0.0046400	 0.00079144	     0.0000	  -0.037204	  -0.065335	    0.25394	
19	3	 2.5101e-05	 1.8911e-05	     184.07	   0.044655	-9.7531e+92	-9.7531e+92	  0.0019177	 9.8442e-06	     0.0000	  -0.039559	-0.00083220	    0.18306	
19	4	   0.020062	   0.015115	     119.82	    0.23665	-9.7531e+92	-9.7531e+92	  0.0056062	  0.0020236	     0.0000	 -0.0048450	   -0.18972	   0.021411	
19	5	    0.36727	    0.27671	     64.874	     1.6901	-9.7531e+92	-9.7531e+92	   0.087518	   0.036393	   0.065110	    0.15746	    -3.4534	    -2.7108	
19	6	  0.0014761	  0.0011121	     133.74	    0.15573	-9.7531e+92	-9.7531e+92	  0.0096238	 0.00018634	     0.0000	     0.0000	  -0.014869	    0.34909	
19	7	 8.8842e-06	 6.6936e-06	     154.38	   0.089237	-9.7531e+92	-9.7531e+92	   0.017339	 8.5128e-06	     0.0000	  -0.080929	-0.00072847	     1.1992	
19	8	   0.056508	   0.042574	     80.536	    0.94205	-9.7531e+92	-9.7531e+92	   0.032573	  0.0059576	   0.014416	   0.027493	   -0.53770	   -0.26502	
19	9	 3.7615e-12	 2.8340e-12	     193.08	   0.036956	-9.7531e+92	-9.7531e+92	  0.0065758	 7.9233e-06	     0.0000	  -0.039188	-0.00063307	    0.75746	
19	10	  0.0026789	  0.0020183	     85.643	    0.77653	-9.7531e+92	-9.7531e+92	  0.0023828	 0.00029385	  0.0014327	  0.0022766	  -0.025149	  -0.011646	
19	11	 2.7840e-05	 2.0975e-05	     108.78	    0.33886	-9.7531e+92	-9.7531e+92	  0.0032306	 1.1023e-05	     0.0000	 -0.0045290	-0.00092704	   0.042797	
19	12	   0.096948	   0.073043	     44.530	     3.0689	-9.7531e+92	-9.7531e+92	   0.021772	  0.0078158	   0.020304	   0.093112	   -0.67024	   -0.53261	
19	13	  0.0016098	  0.0012129	     184.51	   0.044238	-9.7531e+92	-9.7531e+92	  0.0090733	 0.00019997	     0.0000	  -0.059561	  -0.013558	    0.51282	
19	14	  0.0091037	  0.0068590	     166.55	   0.066257	-9.7531e+92	-9.7531e+92	   0.012512	  0.0010311	     0.0000	  -0.013838	  -0.077632	    0.73358	
19	15	  0.0012420	 0.00093579	     131.26	    0.16732	-9.7531e+92	-9.7531e+92	  0.0018212	 0.00015310	     0.0000	  -0.021571	  -0.012646	    0.17531	
19	16	 0.00043439	 0.00032728	     73.024	     1.2523	-9.7531e+92	-9.7531e+92	 0.00023597	 5.9583e-05	     0.0000	 -0.0017279	 -0.0049255	  0.0094201	
19	17	 2.1031e-12	 1.5845e-12	     187.53	   0.041480	-9.7531e+92	-9.7531e+92	 0.00014973	 7.8286e-06	     0.0000	 -0.0022838	-0.00065726	  0.0083739	
19	18	   0.039623	   0.029853	     118.15	    0.24945	-9.7531e+92	-9.7531e+92	   0.038502	  0.0045875	     0.0000	 -0.0052622	   -0.36784	    0.30247	
19	19	     0.0000	     0.0000	     0.0000	     4.0000	-9.7531e+92	-9.7531e+92	    0.38951	     0.0000	    0.38607	     0.0000	     0.0000	     0.0000	
19	20	    0.39260	    0.29579	     28.400	     3.8088	-9.7531e+92	-9.7531e+92	   0.089297	   0.028852	   0.080807	    0.20589	    -3.0658	    -2.4697	
19	21	 1.3834e-12	 1.0423e-12	     197.71	   0.033641	-9.7531e+92	-9.7531e+92	  0.0020644	 8.0655e-06	     0.0000	  -0.013252	-0.00065077	    0.45507	
19	22	  0.0032761	  0.0024683	     93.933	    0.57085	-9.7531e+92	-9.7531e+92	 0.00094117	 0.00026667	     0.0000	  0.0010674	  -0.023547	 -0.0055880	
19	23	 6.9046e-05	 5.2021e-05	     121.29	    0.22600	-9.7531e+92	-9.7531e+92	   0.010236	 1.5355e-05	     0.0000	  -0.028748	 -0.0013348	    0.89054	
19	24	 1.7869e-12	 1.3463e-12	     150.08	   0.099629	-9.7531e+92	-9.7531e+92	 0.00018883	 8.1846e-06	     0.0000	 -0.0010692	-0.00066338	   0.018601	
20	0	 3.5275e-06	 3.0167e-06	     206.61	   0.028245	-9.7531e+92	-9.7531e+92	  0.0057158	 1.5517e-05	     0.0000	  -0.040388	 -0.0010663	    0.68620	
20	1	 2.3252e-05	 1.9885e-05	     199.20	   0.032652	-9.7531e+92	-9.7531e+92	  0.0031785	 2.0175e-05	     0.0000	  -0.044229	 -0.0013588	    0.45691	
20	2	  0.0096704	  0.0082701	     139.77	    0.13137	-9.7531e+92	-9.7531e+92	  0.0052351	  0.0020824	     0.0000	  -0.064410	   -0.16008	    0.38606	
20	3	 2.9129e-05	 2.4911e-05	     185.64	   0.043179	-9.7531e+92	-9.7531e+92	  0.0016015	 2.0133e-05	     0.0000	  -0.074669	 -0.0015491	    0.30251	
20	4	  0.0090492	  0.0077388	     135.08	    0.14987	-9.7531e+92	-9.7531e+92	  0.0036154	  0.0018598	     0.0000	  -0.047602	   -0.15349	    0.18094	
20	5	    0.21725	    0.18579	     39.691	     3.3571	-9.7531e+92	-9.7531e+92	   0.067382	   0.033342	   0.041948	   0.096591	    -3.5518	    -2.4074	
20	6	  0.0081640	  0.0069818	     111.59	    0.30852	-9.7531e+92	-9.7531e+92	   0.012525	  0.0018538	     0.0000	     0.0000	   -0.14213	    0.48771	
20	7	 0.00064631	 0.00055272	     126.68	    0.19164	-9.7531e+92	-9.7531e+92	   0.030837	 0.00014792	     0.0000	   -0.15139	  -0.012292	     1.9782	
20	8	    0.18744	    0.16030	     51.987	     2.5582	-9.7531e+92	-9.7531e+92	   0.055123	   0.031012	   0.034513	    0.18115	    -2.9778	    -2.0376	
20	9	 1.9531e-07	 1.6703e-07	     174.09	   0.055651	-9.7531e+92	-9.7531e+92	   0.010315	 1.4841e-05	     0.0000	  -0.073629	 -0.0011378	     1.2543	
20	10	   0.016790	   0.014359	     74.457	     1.1864	-9.7531e+92	-9.7531e+92	  0.0050845	  0.0029387	  0.0040061	   0.036088	   -0.25464	   -0.18361	
20	11	  0.0034858	  0.0029811	     83.734	    0.83452	-9.7531e+92	-9.7531e+92	  0.0059623	 0.00073116	  0.0015522	 -0.0024162	  -0.060895	   0.022258	
20	12	   0.050665	   0.043328	     45.010	     3.0379	-9.7531e+92	-9.7531e+92	   0.014793	  0.0069380	   0.013126	   0.075402	   -0.65361	   -0.46573	
20	13	  0.0086714	  0.0074157	     165.04	   0.068678	-9.7531e+92	-9.7531e+92	   0.013653	  0.0019480	     0.0000	   -0.10124	   -0.12643	    0.76350	
20	14	   0.025906	   0.022155	     147.73	    0.10597	-9.7531e+92	-9.7531e+92	   0.018214	  0.0054774	     0.0000	  -0.021699	   -0.39349	     1.0094	
20	15	 0.00081786	 0.00069943	     124.66	    0.20372	-9.7531e+92	-9.7531e+92	  0.0018514	 0.00019678	     0.0000	  -0.041335	  -0.015328	    0.29627	
20	16	 0.00028117	 0.00024046	     74.477	     1.1855	-9.7531e+92	-9.7531e+92	 0.00020869	 7.8185e-05	     0.0000	 -0.0037035	 -0.0061312	   0.017785	
20	17	 2.7833e-12	 2.3802e-12	     207.02	   0.028026	-9.7531e+92	-9.7531e+92	 0.00010637	 1.5343e-05	     0.0000	 -0.0043433	 -0.0011904	   0.013891	
20	18	    0.26218	    0.22421	     90.275	    0.65310	-9.7531e+92	-9.7531e+92	   0.081476	   0.055464	   0.014780	   0.047367	    -4.3625	    -2.3974	
20	19	    0.19755	    0.16894	     28.400	     3.8088	-9.7531e+92	-9.7531e+92	   0.047316	   0.021759	   0.043409	    0.16117	    -2.5795	    -1.8657	
20	20	     0.0000	     0.0000	     0.0000	     4.0000	-9.7531e+92	-9.7531e+92	    0.44912	     0.0000	    0.43948	     0.0000	     0.0000	     0.0000	
20	21	 4.6258e-12	 3.9559e-12	     169.84	   0.061351	-9.7531e+92	-9.7531e+92	  0.0033113	 1.5043e-05	     0.0000	  -0.024900	 -0.0011659	    0.75429	
20	22	 1.4237e-06	 1.2175e-06	     116.48	    0.26308	-9.7531e+92	-9.7531e+92	 0.00028632	 1.3613e-05	     0.0000	 -0.0072819	 -0.0011417	   0.030774	
20	23	  0.0013705	  0.0011720	     93.058	    0.58941	-9.7531e+92	-9.7531e+92	   0.017875	 0.00029466	     0.0000	  -0.049009	  -0.025103	     1.4588	
20	24	 1.0660e-11	 9.1168e-12	     121.85	    0.22210	-9.7531e+92	-9.7531e+92	 0.00032329	 1.5122e-05	     0.0000	 -0.0019958	 -0.0011836	   0.030855	
21	0	    0.13216	    0.17157	     39.458	     3.3697	-9.7531e+92	-9.7531e+92	   0.062549	   0.086101	     0.0000	   0.030361	     1.4802	   0.019414	
21	1	   0.090055	    0.11691	     57.297	     2.1839	-9.7531e+92	-9.7531e+92	   0.042046	   0.063863	     0.0000	   0.034341	     1.0821	   0.013874	
21	2	 7.6537e-06	 9.9360e-06	     197.19	   0.033993	-9.7531e+92	-9.7531e+92	  0.0053712	 6.7204e-05	     0.0000	  -0.049373	  0.0010933	 -0.0037887	
21	3	 6.0741e-12	 7.8854e-12	     259.71	   0.011362	-9.7531e+92	-9.7531e+92	  0.0012409	 6.1563e-05	     0.0000	  -0.043327	  0.0010008	 -0.0031742	
21	4	 2.2311e-11	 2.8964e-11	     253.96	   0.012424	-9.7531e+92	-9.7531e+92	  0.0010263	 6.1604e-05	     0.0000	  -0.045930	 0.00097065	 -0.0010124	
21	5	 0.00018343	 0.00023813	     132.91	    0.15951	-9.7531e+92	-9.7531e+92	  0.0076286	 0.00024272	     0.0000	  -0.022766	  0.0035520	 0.00085527	
21	6	  0.0066921	  0.0086877	     78.899	     1.0025	-9.7531e+92	-9.7531e+92	   0.015699	  0.0059508	     0.0000	     0.0000	   0.098026	 0.00053560	
21	7	    0.61750	    0.80164	     44.967	     3.0407	-9.7531e+92	-9.7531e+92	    0.23314	    0.55120	   0.043092	    0.28297	     8.8615	 -0.0063302	
21	8	 4.2128e-05	 5.4690e-05	     132.38	    0.16196	-9.7531e+92	-9.7531e+92	  0.0060656	 0.00010731	     0.0000	  -0.027466	  0.0015211	  0.0015364	
21	9	  0.0077505	   0.010062	     83.320	    0.84769	-9.7531e+92	-9.7531e+92	   0.032687	  0.0047113	     0.0000	     0.0000	    0.11233	     0.0000	
21	10	 1.1892e-11	 1.5439e-11	     171.26	   0.059366	-9.7531e+92	-9.7531e+92	 0.00015403	 6.9863e-05	     0.0000	 -0.0024712	 0.00091689	 0.00010965	
21	11	 1.6217e-11	 2.1053e-11	     128.65	    0.18069	-9.7531e+92	-9.7531e+92	 0.00080049	 6.7792e-05	     0.0000	 -0.0052303	 0.00092562	 0.00044908	
21	12	 2.2728e-11	 2.9505e-11	     187.39	   0.041605	-9.7531e+92	-9.7531e+92	 0.00019118	 6.9454e-05	     0.0000	 -0.0041478	 0.00091697	 0.00016967	
21	13	   0.083113	    0.10790	     76.619	     1.0932	-9.7531e+92	-9.7531e+92	   0.049496	   0.050143	     0.0000	     0.0000	    0.84887	  0.0026045	
21	14	   0.020321	   0.026381	     101.18	    0.44014	-9.7531e+92	-9.7531e+92	   0.052367	   0.015885	     0.0000	  -0.013396	    0.28823	  -0.023869	
21	15	 5.9475e-12	 7.7210e-12	     175.65	   0.053734	-9.7531e+92	-9.7531e+92	  0.0028142	 6.3093e-05	     0.0000	  -0.024839	 0.00095114	 0.00047233	
21	16	 1.5627e-11	 2.0287e-11	     180.81	   0.047925	-9.7531e+92	-9.7531e+92	 0.00013219	 6.8851e-05	     0.0000	 -0.0026254	 0.00091713	 0.00015568	
21	17	 1.4060e-11	 1.8253e-11	     326.31	  0.0045671	-9.7531e+92	-9.7531e+92	 6.5481e-05	 6.9813e-05	     0.0000	 -0.0025195	 0.00091541	 8.9167e-05	
21	18	   0.039096	   0.050754	     79.511	    0.97945	-9.7531e+92	-9.7531e+92	   0.037619	   0.035581	     0.0000	 -0.0058050	    0.56740	 -0.0029894	
21	19	 4.7603e-11	 6.1799e-11	     197.71	   0.033641	-9.7531e+92	-9.7531e+92	 0.00035739	 6.7770e-05	     0.0000	 -0.0086084	 0.00092572	 0.00032125	
21	20	 2.2876e-12	 2.9697e-12	     169.84	   0.061351	-9.7531e+92	-9.7531e+92	  0.0012588	 6.5858e-05	     0.0000	  -0.015892	 0.00093075	 0.00073385	
21	21	     0.0000	     0.0000	     0.0000	     4.0000	-9.7531e+92	-9.7531e+92	    0.66456	     0.0000	    0.59319	     0.0000	     0.0000	     0.0000	
21	22	 4.5328e-13	 5.8845e-13	     284.69	  0.0078758	-9.7531e+92	-9.7531e+92	 9.5567e-05	 6.9460e-05	     0.0000	 -0.0049909	 0.00091867	 0.00018895	
21	23	  0.0022476	  0.0029178	     78.648	     1.0121	-9.7531e+92	-9.7531e+92	   0.079618	  0.0021234	     0.0000	  -0.032165	   0.032870	  0.0076369	
21	24	 0.00082965	  0.0010770	     85.071	    0.79345	-9.7531e+92	-9.7531e+92	  0.0010828	 0.00088067	     0.0000	-0.00072537	   0.012849	 0.00012524	
22	0	 2.7187e-10	 1.5321e-10	     321.47	  0.0048482	-9.7531e+92	-9.7531e+92	  0.0015378	 6.0548e-06	     0.0000	  -0.017429	-1.4871e-05	   0.011723	
22	1	 3.2568e-10	 1.8353e-10	     312.59	  0.0054224	-9.7531e+92	-9.7531e+92	 0.00095152	 6.1103e-06	     0.0000	  -0.019097	-1.4443e-05	  0.0075448	
22	2	    0.10359	   0.058373	     161.29	   0.075160	-9.7531e+92	-9.7531e+92	   0.035755	  0.0070300	   0.013451	   0.036546	  -0.053710	  -0.025212	
22	3	   0.097552	   0.054973	     164.94	   0.068842	-9.7531e+92	-9.7531e+92	   0.035869	  0.0050742	   0.022401	   0.043712	  -0.065435	  -0.038372	
22	4	    0.49776	    0.28050	     82.638	    0.86986	-9.7531e+92	-9.7531e+92	   0.085099	   0.014790	   0.072267	    0.13705	   -0.34736	   -0.28890	
22	5	  0.0020943	  0.0011802	     151.89	   0.095092	-9.7531e+92	-9.7531e+92	  0.0096418	 0.00020094	     0.0000	  -0.015864	 -0.0011761	   0.012575	
22	6	 2.4775e-10	 1.3961e-10	     216.08	   0.023641	-9.7531e+92	-9.7531e+92	  0.0019768	 6.2916e-06	     0.0000	     0.0000	-3.5266e-05	   0.019521	
22	7	 7.8498e-11	 4.4235e-11	     241.36	   0.015218	-9.7531e+92	-9.7531e+92	  0.0036620	 5.9308e-06	     0.0000	  -0.065617	-3.5230e-05	   0.064729	
22	8	 1.5783e-11	 8.8941e-12	     168.70	   0.062994	-9.7531e+92	-9.7531e+92	  0.0038418	 6.1632e-06	     0.0000	  -0.020498	-3.9062e-05	   0.011688	
22	9	 8.3737e-10	 4.7187e-10	     266.14	   0.010307	-9.7531e+92	-9.7531e+92	  0.0036409	 6.1809e-06	     0.0000	  -0.031772	-3.2429e-05	   0.038537	
22	10	 3.8350e-11	 2.1611e-11	     176.66	   0.052524	-9.7531e+92	-9.7531e+92	 0.00030325	 6.4188e-06	     0.0000	 -0.0018411	-4.1137e-05	 0.00060969	
22	11	 6.6516e-12	 3.7483e-12	     200.45	   0.031856	-9.7531e+92	-9.7531e+92	 0.00040619	 6.3608e-06	     0.0000	 -0.0038967	-4.0980e-05	  0.0025825	
22	12	 4.8043e-10	 2.7074e-10	     131.16	    0.16782	-9.7531e+92	-9.7531e+92	  0.0022303	 6.3579e-06	  0.0011321	 -0.0030902	-4.0609e-05	 0.00095806	
22	13	 5.9694e-11	 3.3639e-11	     260.15	   0.011286	-9.7531e+92	-9.7531e+92	  0.0063033	 6.2062e-06	     0.0000	  -0.049339	-7.3337e-06	  0.0094520	
22	14	  0.0020522	  0.0011565	     227.39	   0.019298	-9.7531e+92	-9.7531e+92	  0.0094496	 0.00017845	     0.0000	  -0.011506	-0.00053149	   0.021755	
22	15	 0.00022056	 0.00012429	     163.21	   0.071746	-9.7531e+92	-9.7531e+92	   0.011875	 2.3002e-05	     0.0000	  -0.014527	-0.00014213	   0.010029	
22	16	 4.9604e-10	 2.7953e-10	     106.73	    0.36321	-9.7531e+92	-9.7531e+92	  0.0011930	 5.3544e-06	 0.00028642	 -0.0013760	-2.5130e-05	 0.00059512	
22	17	   0.015621	  0.0088030	     106.10	    0.37108	-9.7531e+92	-9.7531e+92	  0.0040299	 0.00094735	  0.0034346	   0.012384	  0.0040584	  0.0037619	
22	18	 7.5258e-10	 4.2410e-10	     205.13	   0.029065	-9.7531e+92	-9.7531e+92	  0.0060744	 6.1483e-06	     0.0000	 -0.0086648	-2.8320e-05	   0.028352	
22	19	    0.24540	    0.13829	     93.933	    0.57085	-9.7531e+92	-9.7531e+92	   0.036914	   0.022591	   0.034339	    0.34259	   -0.13435	   -0.11848	
22	20	   0.035708	   0.020122	     116.48	    0.26308	-9.7531e+92	-9.7531e+92	   0.013784	  0.0032681	  0.0074338	   0.025839	  -0.020663	  -0.011920	
22	21	 4.1313e-10	 2.3281e-10	     284.69	  0.0078758	-9.7531e+92	-9.7531e+92	  0.0010002	 6.3046e-06	     0.0000	  -0.010744	-3.7272e-05	   0.025560	
22	22	     0.0000	     0.0000	     0.0000	     4.0000	-9.7531e+92	-9.7531e+92	    0.28610	     0.0000	    0.28476	     0.0000	     0.0000	     0.0000	
22	23	 1.8639e-10	 1.0504e-10	     209.07	   0.026949	-9.7531e+92	-9.7531e+92	  0.0017878	 6.0506e-06	     0.0000	  -0.024481	-3.9836e-05	   0.052451	
22	24	 1.6767e-10	 9.4483e-11	     237.89	   0.016122	-9.7531e+92	-9.7531e+92	 4.4750e-05	 6.4560e-06	     0.0000	-0.00086735	-4.1228e-05	  0.0011210	
23	0	   0.025886	   0.018504	     119.13	    0.24186	-9.7531e+92	-9.7531e+92	   0.014390	   0.021133	     0.0000	  -0.012514	   -0.19237	   0.025743	
23	1	  0.0079778	  0.0057028	     132.72	    0.16037	-9.7531e+92	-9.7531e+92	  0.0069213	  0.0068654	     0.0000	  -0.019765	  -0.055748	   0.024470	
23	2	 3.8048e-05	 2.7198e-05	     168.40	   0.063436	-9.7531e+92	-9.7531e+92	  0.0025864	 9.5547e-05	     0.0000	  -0.047990	-0.00084095	   0.040793	
23	3	 1.2679e-11	 9.0635e-12	     228.38	   0.018966	-9.7531e+92	-9.7531e+92	 0.00060968	 6.1464e-05	     0.0000	  -0.042146	-0.00049887	   0.023452	
23	4	 6.3261e-12	 4.5221e-12	     212.30	   0.025355	-9.7531e+92	-9.7531e+92	 0.00053462	 6.1136e-05	     0.0000	  -0.044677	-0.00057354	   0.025008	
23	5	    0.12747	   0.091119	     65.633	     1.6449	-9.7531e+92	-9.7531e+92	   0.029971	    0.10925	  0.0087107	   0.073271	    -1.1454	   -0.11698	
23	6	    0.12455	   0.089031	     73.330	     1.2380	-9.7531e+92	-9.7531e+92	   0.030993	    0.10470	     0.0000	     0.0000	    -1.1110	  -0.094690	
23	7	    0.14493	    0.10360	     58.677	     2.0891	-9.7531e+92	-9.7531e+92	   0.056148	   0.061142	     0.0000	     0.0000	   -0.95189	     0.0000	
23	8	    0.12300	   0.087922	     54.810	     2.3580	-9.7531e+92	-9.7531e+92	   0.027652	   0.094098	   0.010425	    0.10998	   -0.92949	   -0.12298	
23	9	 0.00056119	 0.00040116	     121.73	    0.22293	-9.7531e+92	-9.7531e+92	   0.020431	 0.00047676	     0.0000	  -0.041235	 -0.0055643	    0.10542	
23	10	 1.4514e-05	 1.0375e-05	     95.614	    0.53700	-9.7531e+92	-9.7531e+92	 0.00050528	 7.5918e-05	     0.0000	 -0.0023747	-0.00074000	  0.0015127	
23	11	  0.0030613	  0.0021883	     53.605	     2.4433	-9.7531e+92	-9.7531e+92	  0.0033414	  0.0024628	     0.0000	 -0.0020330	  -0.021370	  0.0025981	
23	12	 2.3500e-07	 1.6798e-07	     109.85	    0.32696	-9.7531e+92	-9.7531e+92	 0.00064631	 6.4269e-05	     0.0000	 -0.0040342	-0.00064516	  0.0024086	
23	13	    0.12243	   0.087515	     113.01	    0.29441	-9.7531e+92	-9.7531e+92	   0.034166	   0.095661	     0.0000	   0.039778	   -0.89463	  -0.032416	
23	14	   0.040125	   0.028683	     114.84	    0.27739	-9.7531e+92	-9.7531e+92	   0.023242	   0.032037	     0.0000	  -0.010174	   -0.28935	   0.057039	
23	15	 1.0863e-05	 7.7653e-06	     149.47	    0.10124	-9.7531e+92	-9.7531e+92	  0.0013607	 7.3529e-05	     0.0000	  -0.024150	-0.00072756	   0.026797	
23	16	 6.8418e-13	 4.8907e-13	     136.77	    0.14287	-9.7531e+92	-9.7531e+92	 6.8720e-05	 6.7776e-05	     0.0000	 -0.0025538	-0.00069288	  0.0019959	
23	17	 1.2537e-12	 8.9618e-13	     284.58	  0.0078888	-9.7531e+92	-9.7531e+92	 3.5419e-05	 6.8984e-05	     0.0000	 -0.0024508	-0.00069353	  0.0012667	
23	18	    0.25095	    0.17939	     36.898	     3.4995	-9.7531e+92	-9.7531e+92	   0.062636	    0.16398	  0.0068869	     0.0000	    -2.3892	   -0.18272	
23	19	 2.7746e-06	 1.9834e-06	     121.29	    0.22600	-9.7531e+92	-9.7531e+92	  0.0012287	 6.5622e-05	     0.0000	 -0.0083685	-0.00067147	  0.0056465	
23	20	 0.00059521	 0.00042548	     93.058	    0.58941	-9.7531e+92	-9.7531e+92	  0.0050203	 0.00058731	     0.0000	  -0.014638	 -0.0061789	   0.013230	
23	21	   0.010060	  0.0071914	     78.648	     1.0121	-9.7531e+92	-9.7531e+92	  0.0082536	  0.0074942	     0.0000	     0.0000	  -0.082286	   0.054447	
23	22	 2.5277e-12	 1.8069e-12	     209.07	   0.026949	-9.7531e+92	-9.7531e+92	 5.2797e-05	 6.7960e-05	     0.0000	 -0.0048548	-0.00068147	  0.0029159	
23	23	     0.0000	     0.0000	     0.0000	     4.0000	-9.7531e+92	-9.7531e+92	    0.38038	     0.0000	    0.30453	     0.0000	     0.0000	     0.0000	
23	24	   0.018346	   0.013114	     40.708	     3.3006	-9.7531e+92	-9.7531e+92	  0.0035903	   0.014841	  0.0019720	  0.0083070	   -0.13116	  -0.020658	
24	0	   0.098704	   0.039771	     123.34	    0.21210	-9.7531e+92	-9.7531e+92	   0.014339	  0.0014473	     0.0000	 0.00042081	  -0.046713	 -0.0094387	
24	1	   0.023232	  0.0093610	     142.19	    0.12292	-9.7531e+92	-9.7531e+92	  0.0054398	 0.00035117	     0.0000	-0.00025522	  -0.010866	  0.0034820	
24	2	 3.0246e-10	 1.2187e-10	     210.29	   0.026336	-9.7531e+92	-9.7531e+92	  0.0012912	 1.0277e-06	     0.0000	 -0.0012404	-3.4061e-05	  0.0097495	
24	3	 1.5089e-10	 6.0798e-11	     270.69	  0.0096323	-9.7531e+92	-9.7531e+92	 0.00030457	 1.0244e-06	     0.0000	 -0.0010883	-3.3200e-05	  0.0057879	
24	4	 1.5223e-10	 6.1338e-11	     253.16	   0.012581	-9.7531e+92	-9.7531e+92	 0.00026127	 1.0156e-06	     0.0000	 -0.0011537	-3.5101e-05	  0.0057242	
24	5	  0.0075538	  0.0030437	     106.34	    0.36810	-9.7531e+92	-9.7531e+92	  0.0062601	 0.00011644	     0.0000	-0.00042853	 -0.0041261	  0.0057501	
24	6	  0.0083615	  0.0033691	     108.13	    0.34637	-9.7531e+92	-9.7531e+92	  0.0060116	 0.00012972	     0.0000	     0.0000	 -0.0045518	  0.0092212	
24	7	    0.10499	   0.042306	     84.614	    0.80724	-9.7531e+92	-9.7531e+92	   0.028297	  0.0013246	     0.0000	-0.00026995	  -0.054383	   0.010716	
24	8	   0.019345	  0.0077945	     77.960	     1.0389	-9.7531e+92	-9.7531e+92	  0.0075922	 0.00028199	     0.0000	-0.00011977	 -0.0098957	  0.0012437	
24	9	 0.00042442	 0.00017101	     149.07	    0.10229	-9.7531e+92	-9.7531e+92	  0.0081992	 7.1996e-06	     0.0000	 -0.0010664	-0.00026152	   0.023767	
24	10	 9.4723e-05	 3.8167e-05	     102.71	    0.41717	-9.7531e+92	-9.7531e+92	 0.00087133	 2.5933e-06	 0.00036322	-5.2544e-05	-8.5137e-05	 0.00029293	
24	11	    0.20753	   0.083622	     56.094	     2.2676	-9.7531e+92	-9.7531e+92	   0.021688	  0.0029086	   0.019610	  0.0028982	  -0.065042	  -0.022960	
24	12	 5.0522e-12	 2.0357e-12	     132.31	    0.16230	-9.7531e+92	-9.7531e+92	 0.00026489	 1.0937e-06	     0.0000	-0.00010327	-3.7036e-05	 0.00050097	
24	13	   0.054846	   0.022099	     142.21	    0.12286	-9.7531e+92	-9.7531e+92	   0.012816	 0.00079243	     0.0000	-0.00045811	  -0.024926	  0.0045790	
24	14	   0.023044	  0.0092850	     150.00	   0.099849	-9.7531e+92	-9.7531e+92	   0.012171	 0.00032874	     0.0000	-0.00032634	  -0.010855	   0.020044	
24	15	 3.1659e-11	 1.2757e-11	     189.75	   0.039594	-9.7531e+92	-9.7531e+92	 0.00067556	 1.0691e-06	     0.0000	-0.00062393	-3.6471e-05	  0.0058427	
24	16	 6.6228e-11	 2.6685e-11	     177.80	   0.051213	-9.7531e+92	-9.7531e+92	 3.5274e-05	 1.1339e-06	     0.0000	-6.5946e-05	-3.8164e-05	 0.00041222	
24	17	 1.5122e-11	 6.0931e-12	     325.25	  0.0046269	-9.7531e+92	-9.7531e+92	 1.9106e-05	 1.1425e-06	     0.0000	-6.3287e-05	-3.8060e-05	 0.00026344	
24	18	    0.27535	    0.11095	     74.739	     1.1738	-9.7531e+92	-9.7531e+92	   0.038432	  0.0036668	  0.0070073	 0.00073841	   -0.14690	  -0.048990	
24	19	 5.3311e-11	 2.1481e-11	     150.08	   0.099629	-9.7531e+92	-9.7531e+92	 0.00033508	 1.0738e-06	     0.0000	-0.00021623	-3.7114e-05	  0.0011895	
24	20	 6.5120e-05	 2.6239e-05	     121.85	    0.22210	-9.7531e+92	-9.7531e+92	  0.0013913	 2.0344e-06	     0.0000	-0.00039513	-7.2490e-05	  0.0029356	
24	21	   0.026084	   0.010510	     85.071	    0.79345	-9.7531e+92	-9.7531e+92	  0.0060902	 0.00038642	     0.0000	-0.00019046	  -0.013924	  0.0075332	
24	22	 1.9518e-12	 7.8646e-13	     237.89	   0.016122	-9.7531e+92	-9.7531e+92	 2.7183e-05	 1.1298e-06	     0.0000	-0.00012536	-3.7802e-05	 0.00060950	
24	23	    0.15037	   0.060588	     40.708	     3.3006	-9.7531e+92	-9.7531e+92	   0.028124	  0.0019241	     0.0000	 0.00013716	  -0.054366	 -0.0066782	
24	24	     0.0000	     0.0000	     0.0000	     4.0000	-9.7531e+92	-9.7531e+92	    0.20195	     0.0000	    0.20104	     0.0000	     0.0000	     0.0000	
