#source	Target	value	weight	distance	potential1	geneCorrelation	separation	influenceWeight	betweenness	influence'Weight	betweenness'	nbetweenness	nbetweenness'	
0	0	     0.0000	     0.0000	     0.0000	     4.0000	-9.7531e+92	-9.7531e+92	     8.0208	     0.0000	     6.5529	     0.0000	     0.0000	     0.0000	
0	1	    0.23257	     3.5398	     35.562	     3.5606	-9.7531e+92	-9.7531e+92	     1.3275	    0.20891	     0.0000	     0.0000	     3.8589	     0.0000	
0	2	 1.7799e-11	 2.7091e-10	     211.35	   0.025814	-9.7531e+92	-9.7531e+92	   0.018056	 9.4953e-05	     0.0000	     0.0000	  0.0017058	     0.0000	
0	3	 3.0094e-11	 4.5804e-10	     273.88	  0.0091920	-9.7531e+92	-9.7531e+92	  0.0078743	 9.4962e-05	     0.0000	     0.0000	  0.0017296	     0.0000	
0	4	 5.4384e-11	 8.2773e-10	     281.58	  0.0082298	-9.7531e+92	-9.7531e+92	  0.0038517	 9.8844e-05	     0.0000	     0.0000	  0.0016802	     0.0000	
0	5	 7.5949e-11	 1.1560e-09	     169.69	   0.061568	-9.7531e+92	-9.7531e+92	   0.024734	 9.0814e-05	     0.0000	     0.0000	  0.0017003	     0.0000	
0	6	   0.073352	     1.1164	     105.31	    0.38136	-9.7531e+92	-9.7531e+92	    0.88945	   0.084113	     0.0000	     0.0000	     1.8564	     0.0000	
0	7	    0.10240	     1.5585	     80.265	    0.95180	-9.7531e+92	-9.7531e+92	    0.72599	    0.12663	     0.0000	     0.0000	     2.6387	     0.0000	
0	8	 9.7254e-11	 1.4802e-09	     172.11	   0.058221	-9.7531e+92	-9.7531e+92	  0.0022791	 0.00010026	     0.0000	     0.0000	  0.0016575	     0.0000	
0	9	    0.15737	     2.3952	     86.890	    0.74099	-9.7531e+92	-9.7531e+92	    0.99623	    0.18604	     0.0000	     0.0000	     4.0712	     0.0000	
0	10	 6.1808e-12	 9.4073e-11	     210.64	   0.026161	-9.7531e+92	-9.7531e+92	 0.00061754	 0.00010484	     0.0000	     0.0000	  0.0016230	     0.0000	
0	11	 3.3584e-12	 5.1116e-11	     167.10	   0.065400	-9.7531e+92	-9.7531e+92	 0.00074777	 0.00010223	     0.0000	     0.0000	  0.0016565	     0.0000	
0	12	 4.2520e-11	 6.4716e-10	     226.76	   0.019512	-9.7531e+92	-9.7531e+92	 0.00060423	 0.00010634	     0.0000	     0.0000	  0.0016084	     0.0000	
0	13	   0.079558	     1.2109	     86.013	    0.76580	-9.7531e+92	-9.7531e+92	    0.62011	   0.078341	     0.0000	     0.0000	     1.5452	     0.0000	
0	14	    0.10891	     1.6577	     114.85	    0.27729	-9.7531e+92	-9.7531e+92	    0.75210	    0.10626	     0.0000	     0.0000	     2.1256	     0.0000	
0	15	 6.8390e-11	 1.0409e-09	     189.51	   0.039789	-9.7531e+92	-9.7531e+92	   0.033095	 9.5345e-05	     0.0000	     0.0000	  0.0016682	     0.0000	
0	16	 3.8736e-11	 5.8957e-10	     217.18	   0.023165	-9.7531e+92	-9.7531e+92	 0.00057583	 0.00010533	     0.0000	     0.0000	  0.0016119	     0.0000	
0	17	 6.7675e-11	 1.0300e-09	     353.56	  0.0033150	-9.7531e+92	-9.7531e+92	 0.00057333	 0.00010928	     0.0000	     0.0000	  0.0015895	     0.0000	
0	18	    0.11853	     1.8040	     116.29	    0.26473	-9.7531e+92	-9.7531e+92	     1.1253	    0.14027	     0.0000	     0.0000	     3.0045	     0.0000	
0	19	 2.3438e-11	 3.5674e-10	     234.49	   0.017074	-9.7531e+92	-9.7531e+92	 0.00089110	 0.00010118	     0.0000	     0.0000	  0.0016333	     0.0000	
0	20	 4.6086e-11	 7.0143e-10	     206.61	   0.028245	-9.7531e+92	-9.7531e+92	  0.0012841	 0.00010244	     0.0000	     0.0000	  0.0016285	     0.0000	
0	21	    0.12263	     1.8664	     39.458	     3.3697	-9.7531e+92	-9.7531e+92	    0.63585	    0.16757	     0.0000	     0.0000	     3.1424	     0.0000	
0	22	 4.1878e-11	 6.3738e-10	     321.47	  0.0048482	-9.7531e+92	-9.7531e+92	 0.00067604	 0.00010714	     0.0000	     0.0000	  0.0016050	     0.0000	
0	23	  0.0044361	   0.067519	     119.13	    0.24186	-9.7531e+92	-9.7531e+92	   0.027517	  0.0061248	     0.0000	     0.0000	    0.12057	     0.0000	
0	24	 0.00023766	  0.0036171	     123.34	    0.21210	-9.7531e+92	-9.7531e+92	  0.0020166	 0.00039619	     0.0000	     0.0000	  0.0085902	     0.0000	
1	0	    0.14304	     2.2764	     35.562	     3.5606	-9.7531e+92	-9.7531e+92	    0.96380	    0.15535	     0.0000	     0.0000	     3.3636	     0.0000	
1	1	     0.0000	     0.0000	     0.0000	     4.0000	-9.7531e+92	-9.7531e+92	     8.4935	     0.0000	     6.4398	     0.0000	     0.0000	     0.0000	
1	2	  0.0018259	   0.029060	     184.62	   0.044134	-9.7531e+92	-9.7531e+92	   0.025700	  0.0034688	     0.0000	     0.0000	   0.071011	     0.0000	
1	3	 5.9976e-13	 9.5452e-12	     244.14	   0.014539	-9.7531e+92	-9.7531e+92	  0.0086663	 0.00012229	     0.0000	     0.0000	  0.0025286	     0.0000	
1	4	 3.3122e-13	 5.2713e-12	     272.02	  0.0094459	-9.7531e+92	-9.7531e+92	  0.0046045	 0.00012826	     0.0000	     0.0000	  0.0024786	     0.0000	
1	5	 0.00024922	  0.0039664	     161.91	   0.074033	-9.7531e+92	-9.7531e+92	   0.023782	 0.00057838	     0.0000	     0.0000	   0.011745	     0.0000	
1	6	   0.071022	     1.1303	     96.519	    0.51972	-9.7531e+92	-9.7531e+92	    0.87641	   0.099111	     0.0000	     0.0000	     2.6327	     0.0000	
1	7	   0.080855	     1.2868	     75.481	     1.1413	-9.7531e+92	-9.7531e+92	    0.72387	    0.13030	     0.0000	     0.0000	     3.0465	     0.0000	
1	8	 1.1624e-12	 1.8500e-11	     184.58	   0.044171	-9.7531e+92	-9.7531e+92	  0.0020124	 0.00012915	     0.0000	     0.0000	  0.0024530	     0.0000	
1	9	    0.37070	     5.8997	     55.376	     2.3181	-9.7531e+92	-9.7531e+92	     1.7665	    0.58187	    0.23408	     0.0000	     13.985	     0.0000	
1	10	 3.9160e-13	 6.2324e-12	     228.04	   0.019080	-9.7531e+92	-9.7531e+92	 0.00063215	 0.00013405	     0.0000	     0.0000	  0.0024254	     0.0000	
1	11	 5.6151e-13	 8.9365e-12	     185.20	   0.043588	-9.7531e+92	-9.7531e+92	 0.00072679	 0.00013163	     0.0000	     0.0000	  0.0024461	     0.0000	
1	12	 1.1616e-12	 1.8486e-11	     231.78	   0.017881	-9.7531e+92	-9.7531e+92	 0.00062790	 0.00013888	     0.0000	     0.0000	  0.0023887	     0.0000	
1	13	   0.083405	     1.3274	     57.043	     2.2015	-9.7531e+92	-9.7531e+92	    0.67400	    0.10252	     0.0000	     0.0000	     2.3936	     0.0000	
1	14	   0.058458	    0.93037	     88.839	    0.68891	-9.7531e+92	-9.7531e+92	    0.68162	   0.081138	     0.0000	     0.0000	     1.9665	     0.0000	
1	15	 4.7601e-07	 7.5757e-06	     167.83	   0.064291	-9.7531e+92	-9.7531e+92	   0.032458	 0.00012107	     0.0000	     0.0000	  0.0025113	     0.0000	
1	16	 9.0122e-14	 1.4343e-12	     207.46	   0.027791	-9.7531e+92	-9.7531e+92	 0.00061273	 0.00013652	     0.0000	     0.0000	  0.0024055	     0.0000	
1	17	 6.0935e-13	 9.6979e-12	     342.57	  0.0037606	-9.7531e+92	-9.7531e+92	 0.00060922	 0.00014235	     0.0000	     0.0000	  0.0023716	     0.0000	
1	18	   0.068331	     1.0875	     111.77	    0.30668	-9.7531e+92	-9.7531e+92	    0.97289	   0.092098	     0.0000	     0.0000	     2.3711	     0.0000	
1	19	 1.4726e-12	 2.3436e-11	     226.57	   0.019575	-9.7531e+92	-9.7531e+92	 0.00092084	 0.00013229	     0.0000	     0.0000	  0.0024184	     0.0000	
1	20	 3.1999e-14	 5.0926e-13	     199.20	   0.032652	-9.7531e+92	-9.7531e+92	  0.0012804	 0.00013302	     0.0000	     0.0000	  0.0024192	     0.0000	
1	21	    0.12205	     1.9424	     57.297	     2.1839	-9.7531e+92	-9.7531e+92	    0.64492	    0.20545	     0.0000	     0.0000	     4.6244	     0.0000	
1	22	 1.7100e-15	 2.7214e-14	     312.59	  0.0054224	-9.7531e+92	-9.7531e+92	 0.00073052	 0.00013992	     0.0000	     0.0000	  0.0023861	     0.0000	
1	23	 7.5939e-05	  0.0012086	     132.72	    0.16037	-9.7531e+92	-9.7531e+92	   0.011436	 0.00026039	     0.0000	     0.0000	  0.0053679	     0.0000	
1	24	 6.9262e-13	 1.1023e-11	     142.19	    0.12292	-9.7531e+92	-9.7531e+92	  0.0011719	 0.00011674	     0.0000	     0.0000	  0.0025803	     0.0000	
2	0	  0.0016845	  0.0055925	     211.35	   0.025814	-9.7531e+92	-9.7531e+92	   0.060307	 0.00073429	     0.0000	     0.0000	  -0.022915	     1.2250	
2	1	   0.019901	   0.066069	     184.62	   0.044134	-9.7531e+92	-9.7531e+92	   0.092537	  0.0081992	     0.0000	  -0.063935	   -0.25742	     1.3803	
2	2	     0.0000	     0.0000	     0.0000	     4.0000	-9.7531e+92	-9.7531e+92	     1.7327	     0.0000	     1.7079	     0.0000	     0.0000	     0.0000	
2	3	    0.17114	    0.56815	     63.167	     1.7950	-9.7531e+92	-9.7531e+92	    0.21795	   0.032584	    0.19769	    0.39465	    -3.2821	    -3.0327	
2	4	    0.15590	    0.51758	     91.235	    0.63030	-9.7531e+92	-9.7531e+92	    0.17261	   0.030704	    0.16066	    0.45758	    -2.5860	    -2.4274	
2	5	 0.00083807	  0.0027823	     120.45	    0.23204	-9.7531e+92	-9.7531e+92	  0.0054575	 0.00039237	     0.0000	  -0.039171	  -0.017443	    0.13685	
2	6	    0.10689	    0.35486	     118.53	    0.24644	-9.7531e+92	-9.7531e+92	    0.17023	   0.042934	     0.0000	     0.0000	    -1.9764	     1.0634	
2	7	 0.00021707	 0.00072066	     153.12	   0.092143	-9.7531e+92	-9.7531e+92	   0.046956	 0.00012225	     0.0000	     0.0000	 -0.0053791	     1.5782	
2	8	 2.3896e-13	 7.9333e-13	     174.51	   0.055125	-9.7531e+92	-9.7531e+92	 0.00038736	 2.9836e-05	     0.0000	 -0.0042854	 -0.0013161	   0.014431	
2	9	  0.0017507	  0.0058121	     133.64	    0.15619	-9.7531e+92	-9.7531e+92	   0.046567	 0.00076346	     0.0000	     0.0000	  -0.034427	     1.7202	
2	10	 3.1595e-12	 1.0489e-11	     213.20	   0.024934	-9.7531e+92	-9.7531e+92	 0.00013159	 3.0308e-05	     0.0000	-0.00055982	 -0.0013322	  0.0013396	
2	11	 8.9267e-13	 2.9636e-12	     197.83	   0.033565	-9.7531e+92	-9.7531e+92	 0.00014093	 3.0290e-05	     0.0000	-0.00073032	 -0.0013297	  0.0020973	
2	12	 1.2477e-12	 4.1422e-12	     181.48	   0.047226	-9.7531e+92	-9.7531e+92	 0.00016710	 3.0051e-05	     0.0000	-0.00085518	 -0.0013284	  0.0013445	
2	13	    0.11961	    0.39709	     127.66	    0.18612	-9.7531e+92	-9.7531e+92	    0.15740	   0.050015	     0.0000	     0.0000	    -1.7637	   -0.54457	
2	14	    0.19120	    0.63476	     97.273	    0.50580	-9.7531e+92	-9.7531e+92	    0.23429	   0.074247	     0.0000	   0.032733	    -3.2253	    -1.5666	
2	15	    0.21264	    0.70594	     21.827	     3.9312	-9.7531e+92	-9.7531e+92	    0.23429	   0.065364	    0.19787	    0.37791	    -3.5520	    -3.2564	
2	16	  0.0030533	   0.010136	     68.097	     1.5042	-9.7531e+92	-9.7531e+92	  0.0035309	  0.0010128	  0.0030898	   0.013413	  -0.038380	  -0.035492	
2	17	 5.0748e-13	 1.6848e-12	     160.64	   0.076357	-9.7531e+92	-9.7531e+92	  0.0030165	 1.9903e-05	  0.0023892	-0.00096399	-0.00098921	  0.0017613	
2	18	   0.015175	   0.050380	     137.27	    0.14087	-9.7531e+92	-9.7531e+92	    0.11170	  0.0061604	     0.0000	   -0.12701	   -0.26288	     2.5165	
2	19	 1.1175e-07	 3.7100e-07	     139.30	    0.13308	-9.7531e+92	-9.7531e+92	 0.00092758	 2.9052e-05	     0.0000	 -0.0027859	 -0.0013099	  0.0057532	
2	20	 5.5479e-06	 1.8418e-05	     139.77	    0.13137	-9.7531e+92	-9.7531e+92	 0.00047543	 3.1751e-05	     0.0000	 -0.0048447	 -0.0014235	  0.0092948	
2	21	 2.1619e-13	 7.1771e-13	     197.19	   0.033993	-9.7531e+92	-9.7531e+92	   0.019332	 2.9785e-05	     0.0000	  -0.063132	 -0.0012819	    0.80963	
2	22	 1.3000e-13	 4.3158e-13	     161.29	   0.075160	-9.7531e+92	-9.7531e+92	  0.0071810	 2.2270e-05	  0.0059619	 -0.0023930	 -0.0010909	  0.0047822	
2	23	 2.5588e-12	 8.4949e-12	     168.40	   0.063436	-9.7531e+92	-9.7531e+92	  0.0011031	 3.0095e-05	     0.0000	 -0.0021048	 -0.0013205	   0.057143	
2	24	 1.6756e-12	 5.5629e-12	     210.29	   0.026336	-9.7531e+92	-9.7531e+92	 0.00015287	 3.0380e-05	     0.0000	-0.00028785	 -0.0013291	  0.0027876	
3	0	  0.0011794	  0.0047202	     273.88	  0.0091920	-9.7531e+92	-9.7531e+92	   0.050300	 0.00049151	     0.0000	     0.0000	  -0.020444	     1.4960	
3	1	   0.018012	   0.072087	     244.14	   0.014539	-9.7531e+92	-9.7531e+92	   0.085552	  0.0070276	     0.0000	  -0.068933	   -0.29036	     1.7080	
3	2	    0.22093	    0.88417	     63.167	     1.7950	-9.7531e+92	-9.7531e+92	    0.32512	   0.050916	    0.29513	    0.44511	    -4.9010	    -4.4870	
3	3	     0.0000	     0.0000	     0.0000	     4.0000	-9.7531e+92	-9.7531e+92	     2.1579	     0.0000	     2.1335	     0.0000	     0.0000	     0.0000	
3	4	    0.29265	     1.1712	     82.606	    0.87092	-9.7531e+92	-9.7531e+92	    0.35086	   0.042262	    0.33645	    0.76812	    -5.7966	    -5.4124	
3	5	 9.6901e-10	 3.8781e-09	     167.87	   0.064235	-9.7531e+92	-9.7531e+92	  0.0044009	 2.7305e-05	     0.0000	  -0.046613	 -0.0015557	    0.18171	
3	6	  0.0010976	  0.0043928	     180.81	   0.047921	-9.7531e+92	-9.7531e+92	   0.090523	 0.00043613	     0.0000	     0.0000	  -0.026030	     3.5112	
3	7	 3.6528e-10	 1.4619e-09	     215.68	   0.023812	-9.7531e+92	-9.7531e+92	   0.036746	 2.6819e-05	     0.0000	     0.0000	 -0.0015276	     1.8885	
3	8	 1.6615e-10	 6.6493e-10	     221.29	   0.021502	-9.7531e+92	-9.7531e+92	 0.00042815	 2.7665e-05	     0.0000	 -0.0045419	 -0.0015823	   0.017198	
3	9	 3.3016e-10	 1.3213e-09	     191.41	   0.038254	-9.7531e+92	-9.7531e+92	   0.038012	 2.6346e-05	     0.0000	     0.0000	 -0.0015291	     2.0911	
3	10	 4.2102e-11	 1.6849e-10	     258.79	   0.011525	-9.7531e+92	-9.7531e+92	 0.00015806	 2.8025e-05	     0.0000	-0.00059333	 -0.0015989	  0.0015958	
3	11	 1.4818e-10	 5.9303e-10	     244.71	   0.014404	-9.7531e+92	-9.7531e+92	 0.00016516	 2.8037e-05	     0.0000	-0.00077403	 -0.0015964	  0.0024986	
3	12	 3.7447e-11	 1.4987e-10	     227.10	   0.019395	-9.7531e+92	-9.7531e+92	 0.00022909	 2.7836e-05	     0.0000	-0.00090636	 -0.0015970	  0.0016017	
3	13	   0.044837	    0.17944	     188.65	   0.040519	-9.7531e+92	-9.7531e+92	    0.11775	   0.017860	     0.0000	     0.0000	   -0.80825	    0.62123	
3	14	    0.11298	    0.45216	     161.01	   0.075671	-9.7531e+92	-9.7531e+92	    0.21703	   0.042593	     0.0000	  0.0078527	    -2.2630	   -0.41844	
3	15	    0.30386	     1.2161	     84.108	    0.82281	-9.7531e+92	-9.7531e+92	    0.38688	   0.078201	    0.34298	    0.45874	    -5.9177	    -5.4123	
3	16	 7.1727e-10	 2.8705e-09	     111.94	    0.30495	-9.7531e+92	-9.7531e+92	  0.0021417	 2.2779e-05	  0.0016099	-0.00044285	 -0.0014345	  0.0013675	
3	17	 4.0898e-11	 1.6368e-10	     122.41	    0.21829	-9.7531e+92	-9.7531e+92	  0.0060396	 1.4978e-05	  0.0052834	-0.00078909	-0.00097354	  0.0016778	
3	18	  0.0044524	   0.017819	     199.21	   0.032649	-9.7531e+92	-9.7531e+92	   0.097619	  0.0017024	     0.0000	   -0.14416	  -0.094945	     3.2294	
3	19	 1.2146e-10	 4.8611e-10	     184.07	   0.044655	-9.7531e+92	-9.7531e+92	  0.0017023	 2.7009e-05	 0.00021556	 -0.0029539	 -0.0015811	  0.0068583	
3	20	 4.5796e-11	 1.8328e-10	     185.64	   0.043179	-9.7531e+92	-9.7531e+92	 0.00067993	 2.7207e-05	     0.0000	 -0.0051924	 -0.0015835	   0.011201	
3	21	 4.6851e-11	 1.8750e-10	     259.71	   0.011362	-9.7531e+92	-9.7531e+92	   0.015763	 2.7654e-05	     0.0000	  -0.066910	 -0.0015448	    0.96590	
3	22	 9.6246e-10	 3.8518e-09	     164.94	   0.068842	-9.7531e+92	-9.7531e+92	   0.014503	 1.8921e-05	   0.013033	 -0.0022770	 -0.0012795	  0.0054983	
3	23	 7.5625e-12	 3.0266e-11	     228.38	   0.018966	-9.7531e+92	-9.7531e+92	 0.00094945	 2.7996e-05	     0.0000	 -0.0022307	 -0.0015881	   0.068088	
3	24	 4.2195e-10	 1.6887e-09	     270.69	  0.0096323	-9.7531e+92	-9.7531e+92	 0.00017059	 2.8186e-05	     0.0000	-0.00030508	 -0.0015959	  0.0033209	
4	0	 1.7142e-05	 4.2832e-05	     281.58	  0.0082298	-9.7531e+92	-9.7531e+92	   0.022599	 2.9862e-05	     0.0000	     0.0000	 -0.0017381	     1.9379	
4	1	 0.00036225	 0.00090514	     272.02	  0.0094459	-9.7531e+92	-9.7531e+92	   0.034898	 0.00015040	     0.0000	  -0.076097	 -0.0087309	     2.5409	
4	2	    0.28519	    0.71258	     91.235	    0.63030	-9.7531e+92	-9.7531e+92	    0.24371	   0.063461	    0.22498	    0.68387	    -7.6442	    -7.1863	
4	3	    0.41070	     1.0262	     82.606	    0.87092	-9.7531e+92	-9.7531e+92	    0.32241	   0.054531	    0.30716	     1.0000	    -11.362	    -10.804	
4	4	     0.0000	     0.0000	     0.0000	     4.0000	-9.7531e+92	-9.7531e+92	     1.3377	     0.0000	     1.3287	     0.0000	     0.0000	     0.0000	
4	5	 0.00089810	  0.0022440	     147.08	    0.10778	-9.7531e+92	-9.7531e+92	  0.0043468	 0.00035838	     0.0000	  -0.039557	  -0.027039	    0.19817	
4	6	 0.00099112	  0.0024765	     179.35	   0.049487	-9.7531e+92	-9.7531e+92	   0.049672	 0.00035637	     0.0000	     0.0000	  -0.028556	     4.3222	
4	7	 1.0450e-12	 2.6110e-12	     209.16	   0.026904	-9.7531e+92	-9.7531e+92	   0.017135	 2.4109e-05	     0.0000	     0.0000	 -0.0018393	     2.3172	
4	8	 2.7221e-13	 6.8014e-13	     186.41	   0.042479	-9.7531e+92	-9.7531e+92	 0.00051114	 2.4822e-05	     0.0000	 -0.0043270	 -0.0018966	   0.021023	
4	9	 1.1515e-12	 2.8773e-12	     223.28	   0.020749	-9.7531e+92	-9.7531e+92	   0.016839	 2.3776e-05	     0.0000	     0.0000	 -0.0018414	     2.5654	
4	10	 2.2504e-12	 5.6229e-12	     204.61	   0.029363	-9.7531e+92	-9.7531e+92	 0.00011346	 2.5105e-05	     0.0000	-0.00056525	 -0.0019135	  0.0019487	
4	11	 1.3252e-12	 3.3111e-12	     218.09	   0.022784	-9.7531e+92	-9.7531e+92	 0.00011390	 2.5135e-05	     0.0000	-0.00073740	 -0.0019112	  0.0030515	
4	12	 3.7692e-12	 9.4178e-12	     165.11	   0.068567	-9.7531e+92	-9.7531e+92	 0.00037513	 2.4946e-05	 3.1983e-05	-0.00086347	 -0.0019104	  0.0019559	
4	13	   0.017926	   0.044792	     217.30	   0.023117	-9.7531e+92	-9.7531e+92	   0.054341	  0.0064640	     0.0000	     0.0000	   -0.40246	     1.3671	
4	14	   0.041299	    0.10319	     184.55	   0.044193	-9.7531e+92	-9.7531e+92	   0.095486	   0.014440	     0.0000	  -0.018753	    -1.0012	     1.1427	
4	15	   0.096280	    0.24057	     106.18	    0.37015	-9.7531e+92	-9.7531e+92	    0.14299	   0.027593	    0.11557	    0.25368	    -2.5929	    -2.2263	
4	16	  0.0068583	   0.017136	     75.439	     1.1432	-9.7531e+92	-9.7531e+92	  0.0051554	  0.0020207	  0.0048234	   0.039160	   -0.16313	   -0.15485	
4	17	   0.033522	   0.083760	     73.525	     1.2289	-9.7531e+92	-9.7531e+92	   0.022601	  0.0059730	   0.022129	    0.17153	   -0.56422	   -0.53547	
4	18	   0.023386	   0.058433	     186.18	   0.042684	-9.7531e+92	-9.7531e+92	   0.057405	  0.0079372	     0.0000	   -0.12128	   -0.59990	     3.5331	
4	19	  0.0012473	  0.0031165	     119.82	    0.23665	-9.7531e+92	-9.7531e+92	  0.0057607	 0.00047567	  0.0048325	  0.0086804	  -0.037143	  -0.025855	
4	20	 1.3346e-05	 3.3347e-05	     135.08	    0.14987	-9.7531e+92	-9.7531e+92	  0.0016547	 2.9259e-05	 0.00024336	 -0.0048144	 -0.0022751	   0.013324	
4	21	 1.5588e-12	 3.8948e-12	     253.96	   0.012424	-9.7531e+92	-9.7531e+92	  0.0070583	 2.4806e-05	     0.0000	  -0.063744	 -0.0018570	     1.1838	
4	22	   0.081314	    0.20317	     82.638	    0.86986	-9.7531e+92	-9.7531e+92	   0.054859	   0.016379	   0.053942	    0.40003	    -1.4670	    -1.3977	
4	23	 1.4405e-12	 3.5992e-12	     212.30	   0.025355	-9.7531e+92	-9.7531e+92	 0.00054315	 2.5169e-05	     0.0000	 -0.0021252	 -0.0019034	   0.083195	
4	24	 2.6469e-12	 6.6137e-12	     253.16	   0.012581	-9.7531e+92	-9.7531e+92	 0.00010336	 2.5279e-05	     0.0000	-0.00029064	 -0.0019106	  0.0040560	
5	0	 0.00083618	  0.0012852	     169.69	   0.061568	-9.7531e+92	-9.7531e+92	   0.049543	 0.00019900	     0.0000	     0.0000	  -0.023697	     2.2105	
5	1	 0.00071404	  0.0010975	     161.91	   0.074033	-9.7531e+92	-9.7531e+92	   0.049603	 0.00017086	     0.0000	  -0.029442	  -0.020196	     2.9309	
5	2	 0.00027404	 0.00042120	     120.45	    0.23204	-9.7531e+92	-9.7531e+92	  0.0052248	 7.9870e-05	     0.0000	  -0.019083	  -0.010927	    0.20050	
5	3	 8.2916e-07	 1.2744e-06	     167.87	   0.064235	-9.7531e+92	-9.7531e+92	  0.0025533	 1.5428e-05	     0.0000	  -0.023405	 -0.0021445	    0.16748	
5	4	 1.8973e-05	 2.9160e-05	     147.08	    0.10778	-9.7531e+92	-9.7531e+92	  0.0010602	 1.9750e-05	     0.0000	  -0.016058	 -0.0027832	   0.099707	
5	5	     0.0000	     0.0000	     0.0000	     4.0000	-9.7531e+92	-9.7531e+92	    0.77455	     0.0000	    0.76183	     0.0000	     0.0000	     0.0000	
5	6	   0.045352	   0.069704	     72.218	     1.2908	-9.7531e+92	-9.7531e+92	   0.078445	  0.0091451	     0.0000	     0.0000	    -1.4514	     3.3920	
5	7	   0.014434	   0.022184	     89.752	    0.66590	-9.7531e+92	-9.7531e+92	   0.041827	  0.0033072	     0.0000	     0.0000	   -0.47041	     2.0612	
5	8	   0.031470	   0.048368	     54.235	     2.3987	-9.7531e+92	-9.7531e+92	   0.014158	  0.0058530	   0.012879	   0.030934	   -0.92686	   -0.78467	
5	9	 5.2070e-05	 8.0030e-05	     134.70	    0.15149	-9.7531e+92	-9.7531e+92	   0.031347	 2.7284e-05	     0.0000	     0.0000	 -0.0038636	     2.7323	
5	10	 1.5296e-06	 2.3510e-06	     93.726	    0.57518	-9.7531e+92	-9.7531e+92	 0.00053309	 1.4636e-05	 0.00032244	-0.00015122	 -0.0021317	  0.0018912	
5	11	 4.8863e-05	 7.5102e-05	     77.490	     1.0576	-9.7531e+92	-9.7531e+92	 0.00066969	 2.4714e-05	 0.00039759	-0.00011199	 -0.0035633	  0.0016668	
5	12	 3.6516e-05	 5.6124e-05	     80.590	    0.94012	-9.7531e+92	-9.7531e+92	 0.00050381	 1.7731e-05	 0.00029273	-7.4776e-05	 -0.0027592	 0.00078557	
5	13	  0.0087407	   0.013434	     125.66	    0.19761	-9.7531e+92	-9.7531e+92	   0.039788	  0.0019589	     0.0000	     0.0000	   -0.24478	     1.7626	
5	14	    0.76877	     1.1816	     108.09	    0.34690	-9.7531e+92	-9.7531e+92	    0.31622	    0.17209	    0.17729	    0.10677	    -22.546	    -17.393	
5	15	 0.00016596	 0.00025508	     104.94	    0.38615	-9.7531e+92	-9.7531e+92	   0.012462	 5.4160e-05	     0.0000	  -0.025316	 -0.0076452	    0.30869	
5	16	 1.0256e-05	 1.5763e-05	     71.546	     1.3237	-9.7531e+92	-9.7531e+92	 8.2952e-05	 1.7902e-05	     0.0000	-0.00019463	 -0.0024276	  0.0015552	
5	17	 5.9545e-13	 9.1519e-13	     219.60	   0.022168	-9.7531e+92	-9.7531e+92	 6.9198e-05	 1.6719e-05	     0.0000	-0.00072032	 -0.0022392	  0.0035750	
5	18	   0.088711	    0.13635	     53.346	     2.4617	-9.7531e+92	-9.7531e+92	   0.086998	   0.017431	     0.0000	  -0.025552	    -2.7548	     2.0832	
5	19	  0.0012174	  0.0018711	     64.874	     1.6901	-9.7531e+92	-9.7531e+92	  0.0028902	 0.00018164	  0.0023192	 0.00081770	  -0.032690	  -0.019730	
5	20	   0.034012	   0.052276	     39.691	     3.3571	-9.7531e+92	-9.7531e+92	   0.014047	  0.0053095	   0.013179	   0.044423	   -0.93168	   -0.78797	
5	21	 3.6680e-05	 5.6376e-05	     132.91	    0.15951	-9.7531e+92	-9.7531e+92	   0.010499	 2.4026e-05	     0.0000	  -0.024709	 -0.0033792	     1.2580	
5	22	 2.6080e-12	 4.0084e-12	     151.89	   0.095092	-9.7531e+92	-9.7531e+92	 9.6619e-05	 1.5593e-05	     0.0000	 -0.0014200	 -0.0021732	  0.0086514	
5	23	  0.0050935	  0.0078286	     65.633	     1.6449	-9.7531e+92	-9.7531e+92	  0.0035325	  0.0011810	     0.0000	 0.00021199	   -0.16626	  -0.058725	
5	24	 3.2820e-07	 5.0443e-07	     106.34	    0.36810	-9.7531e+92	-9.7531e+92	 0.00011809	 1.6152e-05	     0.0000	-0.00010912	 -0.0022308	  0.0042754	
6	0	   0.091731	    0.32100	     105.31	    0.38136	-9.7531e+92	-9.7531e+92	    0.16216	    0.16058	     0.0000	     0.0000	     1.7537	 -0.0072907	
6	1	    0.15911	    0.55679	     96.519	    0.51972	-9.7531e+92	-9.7531e+92	    0.25252	    0.28215	     0.0000	  0.0033536	     3.1979	   0.045813	
6	2	 0.00058273	  0.0020392	     118.53	    0.24644	-9.7531e+92	-9.7531e+92	  0.0041901	  0.0014208	     0.0000	 -0.0089338	   0.012556	 -0.0086769	
6	3	 7.9197e-06	 2.7714e-05	     180.81	   0.047921	-9.7531e+92	-9.7531e+92	  0.0018558	 0.00017359	     0.0000	  -0.011438	  0.0014766	 -0.0077289	
6	4	 2.2115e-08	 7.7389e-08	     179.35	   0.049487	-9.7531e+92	-9.7531e+92	 0.00089962	 0.00016039	     0.0000	 -0.0079210	  0.0012321	 -0.0044183	
6	5	   0.025016	   0.087541	     72.218	     1.2908	-9.7531e+92	-9.7531e+92	   0.028795	   0.055858	     0.0000	   0.017210	    0.47791	   0.020622	
6	6	     0.0000	     0.0000	     0.0000	     4.0000	-9.7531e+92	-9.7531e+92	     1.9381	     0.0000	     1.3549	     0.0000	     0.0000	     0.0000	
6	7	    0.13452	    0.47073	     34.871	     3.5904	-9.7531e+92	-9.7531e+92	    0.18595	    0.25807	     0.0000	     0.0000	     2.6667	   0.059063	
6	8	 3.1546e-05	 0.00011039	     109.28	    0.33318	-9.7531e+92	-9.7531e+92	  0.0010181	 0.00020992	     0.0000	-0.00078734	  0.0020084	-0.00089327	
6	9	   0.069336	    0.24263	     62.827	     1.8164	-9.7531e+92	-9.7531e+92	    0.14675	    0.13836	     0.0000	     0.0000	     1.3564	  -0.033710	
6	10	 5.1811e-13	 1.8131e-12	     153.37	   0.091543	-9.7531e+92	-9.7531e+92	 0.00015882	 0.00015361	     0.0000	-0.00010726	  0.0012752	-8.4904e-05	
6	11	 1.9667e-07	 6.8821e-07	     117.04	    0.25846	-9.7531e+92	-9.7531e+92	 0.00020051	 0.00014945	     0.0000	-0.00013968	  0.0013305	-0.00013305	
6	12	 2.1551e-13	 7.5416e-13	     152.49	   0.093630	-9.7531e+92	-9.7531e+92	 0.00015321	 0.00016932	     0.0000	-0.00016385	  0.0011465	-8.5258e-05	
6	13	   0.081549	    0.28537	     53.773	     2.4314	-9.7531e+92	-9.7531e+92	    0.14092	    0.13882	     0.0000	     0.0000	     1.3428	 0.00058092	
6	14	   0.074270	    0.25990	     41.508	     3.2546	-9.7531e+92	-9.7531e+92	    0.14352	    0.13329	     0.0000	 -0.0012477	     1.3103	  -0.022459	
6	15	  0.0016167	  0.0056574	     96.746	    0.51548	-9.7531e+92	-9.7531e+92	  0.0078960	  0.0037216	     0.0000	  -0.010714	   0.031789	  -0.011436	
6	16	 5.2579e-13	 1.8400e-12	     111.89	    0.30549	-9.7531e+92	-9.7531e+92	 0.00013304	 0.00016553	     0.0000	-0.00012437	  0.0011828	-7.9623e-05	
6	17	 3.9978e-13	 1.3990e-12	     251.72	   0.012870	-9.7531e+92	-9.7531e+92	 0.00013206	 0.00017948	     0.0000	-0.00035288	  0.0010669	-0.00014747	
6	18	    0.34844	     1.2193	     36.723	     3.5078	-9.7531e+92	-9.7531e+92	    0.42629	    0.35856	     0.0000	     0.0000	     3.8997	     0.0000	
6	19	 6.5789e-09	 2.3022e-08	     133.74	    0.15573	-9.7531e+92	-9.7531e+92	 0.00029283	 0.00016056	     0.0000	-0.00053401	  0.0011845	-0.00036999	
6	20	 1.0257e-05	 3.5894e-05	     111.59	    0.30852	-9.7531e+92	-9.7531e+92	 0.00073404	 0.00018339	     0.0000	-0.00091941	  0.0013919	-0.00059255	
6	21	   0.012513	   0.043786	     78.899	     1.0025	-9.7531e+92	-9.7531e+92	   0.051501	   0.024282	     0.0000	-8.7347e-06	    0.25280	  -0.039113	
6	22	 2.4444e-13	 8.5540e-13	     216.08	   0.023641	-9.7531e+92	-9.7531e+92	 0.00015604	 0.00017522	     0.0000	-0.00075421	  0.0010977	-0.00036343	
6	23	  0.0012708	  0.0044470	     73.330	     1.2380	-9.7531e+92	-9.7531e+92	  0.0044737	  0.0026252	     0.0000	-0.00023391	   0.030157	 -0.0021234	
6	24	 6.9046e-07	 2.4162e-06	     108.13	    0.34637	-9.7531e+92	-9.7531e+92	 0.00024782	 0.00014593	     0.0000	-5.4894e-05	  0.0013496	-0.00017645	
7	0	    0.12630	    0.31191	     80.265	    0.95180	-9.7531e+92	-9.7531e+92	    0.13492	    0.12295	     0.0000	     0.0000	     2.3550	     0.0000	
7	1	   0.090002	    0.22227	     75.481	     1.1413	-9.7531e+92	-9.7531e+92	    0.14133	   0.088190	     0.0000	     0.0000	     1.7061	     0.0000	
7	2	 0.00078178	  0.0019307	     153.12	   0.092143	-9.7531e+92	-9.7531e+92	  0.0031641	  0.0012081	     0.0000	     0.0000	   0.020743	     0.0000	
7	3	 9.0625e-12	 2.2381e-11	     215.68	   0.023812	-9.7531e+92	-9.7531e+92	  0.0012608	 9.4764e-05	     0.0000	     0.0000	  0.0016495	     0.0000	
7	4	 6.8766e-13	 1.6983e-12	     209.16	   0.026904	-9.7531e+92	-9.7531e+92	 0.00063801	 9.7920e-05	     0.0000	     0.0000	  0.0016035	     0.0000	
7	5	  0.0029692	  0.0073327	     89.752	    0.66590	-9.7531e+92	-9.7531e+92	  0.0071776	  0.0041767	     0.0000	     0.0000	   0.074510	     0.0000	
7	6	    0.10223	    0.25246	     34.871	     3.5904	-9.7531e+92	-9.7531e+92	    0.18691	    0.11146	     0.0000	     0.0000	     2.5115	     0.0000	
7	7	     0.0000	     0.0000	     0.0000	     4.0000	-9.7531e+92	-9.7531e+92	     1.2893	     0.0000	     1.0742	     0.0000	     0.0000	     0.0000	
7	8	 0.00036460	 0.00090041	     109.89	    0.32644	-9.7531e+92	-9.7531e+92	 0.00071993	 0.00062444	     0.0000	     0.0000	   0.010561	     0.0000	
7	9	   0.096848	    0.23918	     64.406	     1.7184	-9.7531e+92	-9.7531e+92	    0.11464	    0.10755	     0.0000	     0.0000	     2.4925	     0.0000	
7	10	 7.0002e-13	 1.7288e-12	     153.29	   0.091732	-9.7531e+92	-9.7531e+92	 0.00011262	 0.00010273	     0.0000	     0.0000	  0.0015671	     0.0000	
7	11	 3.3692e-05	 8.3205e-05	     112.26	    0.30176	-9.7531e+92	-9.7531e+92	 0.00016512	 0.00015125	     0.0000	     0.0000	  0.0024025	     0.0000	
7	12	 3.6768e-12	 9.0802e-12	     158.06	   0.081372	-9.7531e+92	-9.7531e+92	 0.00010230	 0.00010444	     0.0000	     0.0000	  0.0015509	     0.0000	
7	13	    0.11357	    0.28046	     57.312	     2.1828	-9.7531e+92	-9.7531e+92	    0.11796	    0.12056	     0.0000	     0.0000	     2.3698	     0.0000	
7	14	   0.098219	    0.24256	     65.464	     1.6549	-9.7531e+92	-9.7531e+92	    0.11224	    0.10439	     0.0000	     0.0000	     2.0879	     0.0000	
7	15	 0.00010700	 0.00026424	     131.62	    0.16559	-9.7531e+92	-9.7531e+92	  0.0051181	 0.00024804	     0.0000	     0.0000	  0.0041568	     0.0000	
7	16	 4.8439e-13	 1.1963e-12	     137.28	    0.14083	-9.7531e+92	-9.7531e+92	 9.3684e-05	 0.00010418	     0.0000	     0.0000	  0.0015485	     0.0000	
7	17	 1.8645e-12	 4.6045e-12	     281.54	  0.0082346	-9.7531e+92	-9.7531e+92	 9.3247e-05	 0.00010766	     0.0000	     0.0000	  0.0015241	     0.0000	
7	18	    0.29241	    0.72214	     38.248	     3.4331	-9.7531e+92	-9.7531e+92	    0.27754	    0.34057	     0.0000	     0.0000	     7.0760	     0.0000	
7	19	 1.1687e-12	 2.8861e-12	     154.38	   0.089237	-9.7531e+92	-9.7531e+92	 0.00016080	 9.9990e-05	     0.0000	     0.0000	  0.0015704	     0.0000	
7	20	 8.5066e-06	 2.1008e-05	     126.68	    0.19164	-9.7531e+92	-9.7531e+92	 0.00028590	 0.00011346	     0.0000	     0.0000	  0.0017703	     0.0000	
7	21	   0.067983	    0.16789	     44.967	     3.0407	-9.7531e+92	-9.7531e+92	   0.068045	   0.093654	     0.0000	     0.0000	     1.6701	     0.0000	
7	22	 9.3135e-13	 2.3001e-12	     241.36	   0.015218	-9.7531e+92	-9.7531e+92	 0.00011023	 0.00010571	     0.0000	     0.0000	  0.0015385	     0.0000	
7	23	  0.0077217	   0.019069	     58.677	     2.0891	-9.7531e+92	-9.7531e+92	  0.0068385	   0.010352	     0.0000	     0.0000	    0.20468	     0.0000	
7	24	 0.00045611	  0.0011264	     84.614	    0.80724	-9.7531e+92	-9.7531e+92	 0.00045578	 0.00072934	     0.0000	     0.0000	   0.013089	     0.0000	
8	0	  0.0075243	  0.0065480	     172.11	   0.058221	-9.7531e+92	-9.7531e+92	   0.017148	 0.00068150	     0.0000	     0.0000	   -0.14170	     1.6282	
8	1	  0.0027184	  0.0023657	     184.58	   0.044171	-9.7531e+92	-9.7531e+92	   0.022737	 0.00024706	     0.0000	  -0.018901	  -0.051356	     2.2861	
8	2	 2.7781e-05	 2.4177e-05	     174.51	   0.055125	-9.7531e+92	-9.7531e+92	 0.00074972	 8.6811e-06	     0.0000	  -0.012875	 -0.0021225	    0.16292	
8	3	 3.4830e-12	 3.0311e-12	     221.29	   0.021502	-9.7531e+92	-9.7531e+92	 0.00035656	 5.9140e-06	     0.0000	  -0.015268	 -0.0014844	    0.13164	
8	4	 8.1885e-08	 7.1260e-08	     186.41	   0.042479	-9.7531e+92	-9.7531e+92	 0.00020509	 5.9648e-06	     0.0000	  -0.010550	 -0.0015180	   0.078713	
8	5	    0.20964	    0.18244	     54.235	     2.3987	-9.7531e+92	-9.7531e+92	   0.052961	   0.018055	   0.045759	    0.23329	    -4.7311	    -4.4551	
8	6	    0.10778	   0.093793	     109.28	    0.33318	-9.7531e+92	-9.7531e+92	   0.064725	  0.0091614	     0.0000	     0.0000	    -2.4146	     1.2961	
8	7	   0.040185	   0.034970	     109.89	    0.32644	-9.7531e+92	-9.7531e+92	   0.022739	  0.0036734	     0.0000	     0.0000	   -0.91423	     1.0455	
8	8	     0.0000	     0.0000	     0.0000	     4.0000	-9.7531e+92	-9.7531e+92	    0.44300	     0.0000	    0.44228	     0.0000	     0.0000	     0.0000	
8	9	 1.7527e-06	 1.5252e-06	     171.65	   0.058843	-9.7531e+92	-9.7531e+92	   0.011106	 6.2152e-06	     0.0000	     0.0000	 -0.0015583	     2.1465	
8	10	   0.061787	   0.053770	     44.054	     3.0993	-9.7531e+92	-9.7531e+92	   0.014378	  0.0035992	   0.014259	   0.040817	   -0.98503	   -0.95622	
8	11	   0.080266	   0.069851	     32.525	     3.6821	-9.7531e+92	-9.7531e+92	   0.018286	  0.0054346	   0.018132	   0.060838	    -1.4768	    -1.4389	
8	12	   0.010117	  0.0088042	     55.069	     2.3397	-9.7531e+92	-9.7531e+92	  0.0032604	 0.00070388	  0.0031408	   0.018963	   -0.19731	   -0.19031	
8	13	   0.046373	   0.040356	     162.59	   0.072826	-9.7531e+92	-9.7531e+92	   0.022700	  0.0042273	     0.0000	     0.0000	   -0.91157	    0.66883	
8	14	  0.0067764	  0.0058971	     146.54	    0.10935	-9.7531e+92	-9.7531e+92	   0.033313	 0.00062032	     0.0000	 -0.0085917	   -0.14120	     1.6919	
8	15	 2.0019e-06	 1.7422e-06	     159.01	   0.079481	-9.7531e+92	-9.7531e+92	  0.0014568	 6.3032e-06	     0.0000	  -0.016763	 -0.0015818	    0.24597	
8	16	 2.2118e-12	 1.9248e-12	     112.87	    0.29583	-9.7531e+92	-9.7531e+92	 3.9999e-05	 6.3792e-06	     0.0000	-0.00016459	 -0.0015612	  0.0015219	
8	17	 8.0577e-14	 7.0122e-14	     258.50	   0.011577	-9.7531e+92	-9.7531e+92	 3.2530e-05	 6.3992e-06	     0.0000	-0.00047025	 -0.0015609	  0.0028041	
8	18	    0.26006	    0.22632	     75.421	     1.1439	-9.7531e+92	-9.7531e+92	   0.091228	   0.022014	     0.0000	   0.020111	    -5.6118	    -1.9783	
8	19	  0.0059054	  0.0051391	     80.536	    0.94205	-9.7531e+92	-9.7531e+92	  0.0042045	 0.00045712	  0.0038812	  0.0091399	   -0.13105	   -0.12045	
8	20	   0.052757	   0.045912	     51.987	     2.5582	-9.7531e+92	-9.7531e+92	   0.014050	  0.0030002	   0.013559	   0.061622	    -1.0027	   -0.96927	
8	21	 0.00039601	 0.00034463	     132.38	    0.16196	-9.7531e+92	-9.7531e+92	  0.0051181	 4.3356e-05	     0.0000	  -0.015983	  -0.010584	    0.97948	
8	22	 2.5051e-12	 2.1800e-12	     168.70	   0.062994	-9.7531e+92	-9.7531e+92	 3.9315e-05	 6.1852e-06	     0.0000	-0.00097216	 -0.0015463	  0.0068408	
8	23	    0.10709	   0.093192	     54.810	     2.3580	-9.7531e+92	-9.7531e+92	   0.025248	  0.0098204	   0.022561	   0.010461	    -2.4416	    -2.3260	
8	24	 0.00059583	 0.00051852	     77.960	     1.0389	-9.7531e+92	-9.7531e+92	  0.0010768	 6.2657e-05	 0.00089105	 0.00020975	  -0.015364	  -0.010213	
9	0	    0.12688	    0.30436	     86.890	    0.74099	-9.7531e+92	-9.7531e+92	    0.14183	    0.14954	     0.0000	     0.0000	     5.2932	    0.13180	
9	1	    0.10910	    0.26171	     55.376	     2.3181	-9.7531e+92	-9.7531e+92	    0.14451	   0.089679	     0.0000	     0.0000	     3.0058	     0.0000	
9	2	  0.0040546	  0.0097266	     133.64	    0.15619	-9.7531e+92	-9.7531e+92	  0.0066891	  0.0078314	     0.0000	 -0.0079708	    0.21858	  -0.014110	
9	3	 0.00013069	 0.00031351	     191.41	   0.038254	-9.7531e+92	-9.7531e+92	  0.0024866	 0.00037235	     0.0000	  -0.020254	   0.010516	  -0.024725	
9	4	 6.7129e-12	 1.6104e-11	     223.28	   0.020749	-9.7531e+92	-9.7531e+92	  0.0011587	 0.00013018	     0.0000	  -0.014318	  0.0035150	  -0.014716	
9	5	 0.00026101	 0.00062614	     134.70	    0.15149	-9.7531e+92	-9.7531e+92	  0.0039118	 0.00062040	     0.0000	  -0.014748	   0.017336	  -0.032989	
9	6	    0.11230	    0.26940	     62.827	     1.8164	-9.7531e+92	-9.7531e+92	    0.15454	    0.16823	     0.0000	     0.0000	     5.9691	   -0.22773	
9	7	    0.19549	    0.46897	     64.406	     1.7184	-9.7531e+92	-9.7531e+92	    0.16803	    0.32013	     0.0000	     0.0000	     10.495	    0.45027	
9	8	 1.7567e-11	 4.2140e-11	     171.65	   0.058843	-9.7531e+92	-9.7531e+92	 0.00031528	 0.00013297	     0.0000	 -0.0014842	  0.0034943	 -0.0031721	
9	9	     0.0000	     0.0000	     0.0000	     4.0000	-9.7531e+92	-9.7531e+92	     1.2634	     0.0000	     1.0324	     0.0000	     0.0000	     0.0000	
9	10	 1.7008e-11	 4.0800e-11	     215.04	   0.024096	-9.7531e+92	-9.7531e+92	 9.5689e-05	 0.00013760	     0.0000	-0.00019388	  0.0034668	-0.00029100	
9	11	 3.8391e-12	 9.2096e-12	     175.31	   0.054135	-9.7531e+92	-9.7531e+92	 0.00011025	 0.00013564	     0.0000	-0.00025293	  0.0034806	-0.00045638	
9	12	 3.5789e-11	 8.5854e-11	     214.99	   0.024120	-9.7531e+92	-9.7531e+92	 9.4971e-05	 0.00013974	     0.0000	-0.00029617	  0.0034553	-0.00029216	
9	13	    0.11829	    0.28378	     9.0540	     3.9979	-9.7531e+92	-9.7531e+92	    0.12203	    0.16982	     0.0000	     0.0000	     5.7805	    0.15972	
9	14	    0.27003	    0.64779	     38.749	     3.4073	-9.7531e+92	-9.7531e+92	    0.20879	    0.40298	     0.0000	   0.024988	     13.632	    0.76373	
9	15	  0.0020995	  0.0050365	     117.55	    0.25424	-9.7531e+92	-9.7531e+92	   0.010240	  0.0040911	     0.0000	  -0.018361	    0.11403	  -0.036562	
9	16	 1.1744e-11	 2.8173e-11	     159.83	   0.077890	-9.7531e+92	-9.7531e+92	 0.00010253	 0.00013874	     0.0000	-0.00022481	  0.0034627	-0.00027356	
9	17	 5.2873e-12	 1.2684e-11	     293.28	  0.0069951	-9.7531e+92	-9.7531e+92	 9.9650e-05	 0.00014273	     0.0000	-0.00063785	  0.0034425	-0.00050549	
9	18	   0.053504	    0.12835	     96.665	    0.51699	-9.7531e+92	-9.7531e+92	    0.13296	   0.083797	     0.0000	  -0.032835	     2.8343	   -0.47520	
9	19	 1.8114e-11	 4.3453e-11	     193.08	   0.036956	-9.7531e+92	-9.7531e+92	 0.00014205	 0.00013414	     0.0000	-0.00096527	  0.0034760	 -0.0012617	
9	20	 8.0938e-13	 1.9416e-12	     174.09	   0.055651	-9.7531e+92	-9.7531e+92	 0.00019939	 0.00013498	     0.0000	 -0.0016968	  0.0034732	 -0.0020622	
9	21	  0.0078385	   0.018804	     83.320	    0.84769	-9.7531e+92	-9.7531e+92	   0.034811	   0.014595	     0.0000	  -0.017980	    0.41890	   -0.15058	
9	22	 1.1294e-11	 2.7093e-11	     266.14	   0.010307	-9.7531e+92	-9.7531e+92	 0.00012914	 0.00014054	     0.0000	 -0.0013633	  0.0034538	 -0.0012430	
9	23	 1.6925e-05	 4.0602e-05	     121.73	    0.22293	-9.7531e+92	-9.7531e+92	  0.0018156	 0.00015934	     0.0000	-0.00072487	  0.0044286	  -0.012429	
9	24	 1.3414e-11	 3.2179e-11	     149.07	    0.10229	-9.7531e+92	-9.7531e+92	 0.00016614	 0.00012504	     0.0000	-9.9692e-05	  0.0035382	-0.00060688	
10	0	  0.0061283	  0.0024560	     210.64	   0.026161	-9.7531e+92	-9.7531e+92	  0.0054771	 0.00010436	     0.0000	     0.0000	  -0.019264	    0.27667	
10	1	 0.00060014	 0.00024052	     228.04	   0.019080	-9.7531e+92	-9.7531e+92	  0.0087916	 1.1083e-05	     0.0000	 -0.0035628	 -0.0020489	    0.38881	
10	2	 1.6732e-11	 6.7056e-12	     213.20	   0.024934	-9.7531e+92	-9.7531e+92	 0.00023292	 1.1540e-06	     0.0000	 -0.0023960	-0.00025014	   0.027417	
10	3	 6.4335e-13	 2.5783e-13	     258.79	   0.011525	-9.7531e+92	-9.7531e+92	 0.00011325	 1.1128e-06	     0.0000	 -0.0028308	-0.00024770	   0.022068	
10	4	 2.5033e-11	 1.0032e-11	     204.61	   0.029363	-9.7531e+92	-9.7531e+92	 8.7955e-05	 1.1235e-06	     0.0000	 -0.0019574	-0.00025307	   0.013199	
10	5	   0.041764	   0.016737	     93.726	    0.57518	-9.7531e+92	-9.7531e+92	   0.012579	 0.00073317	  0.0092623	  0.0081173	   -0.16004	   -0.12641	
10	6	  0.0017680	 0.00070857	     153.37	   0.091543	-9.7531e+92	-9.7531e+92	   0.021637	 2.9471e-05	     0.0000	     0.0000	 -0.0068558	    0.60701	
10	7	 0.00010120	 4.0556e-05	     153.29	   0.091732	-9.7531e+92	-9.7531e+92	  0.0051321	 2.8955e-06	     0.0000	     0.0000	-0.00063685	    0.32484	
10	8	    0.35353	    0.14168	     44.054	     3.0993	-9.7531e+92	-9.7531e+92	   0.038727	  0.0035632	   0.038393	   0.040363	   -0.98385	   -0.96170	
10	9	 2.5529e-11	 1.0231e-11	     215.04	   0.024096	-9.7531e+92	-9.7531e+92	  0.0036454	 1.1404e-06	     0.0000	     0.0000	-0.00025343	    0.35992	
10	10	     0.0000	     0.0000	     0.0000	     4.0000	-9.7531e+92	-9.7531e+92	    0.20206	     0.0000	    0.20200	     0.0000	     0.0000	     0.0000	
10	11	   0.063128	   0.025300	     46.926	     2.9109	-9.7531e+92	-9.7531e+92	  0.0079668	 0.00076830	  0.0078958	  0.0092220	   -0.15717	   -0.15322	
10	12	   0.081609	   0.032706	     46.012	     2.9721	-9.7531e+92	-9.7531e+92	  0.0087879	  0.0011197	  0.0087328	   0.031994	   -0.23299	   -0.22807	
10	13	  0.0019418	 0.00077820	     205.99	   0.028587	-9.7531e+92	-9.7531e+92	  0.0056099	 3.4339e-05	     0.0000	     0.0000	 -0.0065715	    0.25501	
10	14	 0.00066022	 0.00026459	     190.48	   0.038997	-9.7531e+92	-9.7531e+92	  0.0086029	 1.2383e-05	     0.0000	 -0.0017092	 -0.0025016	    0.30410	
10	15	 2.8980e-11	 1.1614e-11	     197.67	   0.033672	-9.7531e+92	-9.7531e+92	 0.00039751	 1.1537e-06	     0.0000	 -0.0031083	-0.00025635	   0.041255	
10	16	 1.7908e-11	 7.1771e-12	     147.94	    0.10538	-9.7531e+92	-9.7531e+92	 2.1456e-05	 1.2094e-06	     0.0000	-3.0705e-05	-0.00026106	 0.00025527	
10	17	 3.1683e-11	 1.2697e-11	     270.72	  0.0096279	-9.7531e+92	-9.7531e+92	 1.4873e-05	 1.2070e-06	     0.0000	-8.7214e-05	-0.00026058	 0.00047032	
10	18	    0.36465	    0.14614	     118.82	    0.24422	-9.7531e+92	-9.7531e+92	   0.051809	  0.0058618	     0.0000	  0.0078898	    -1.3117	   -0.70155	
10	19	   0.013878	  0.0055620	     85.643	    0.77653	-9.7531e+92	-9.7531e+92	  0.0044133	 0.00022873	  0.0042644	  0.0051894	  -0.052884	  -0.050712	
10	20	   0.068581	   0.027485	     74.457	     1.1864	-9.7531e+92	-9.7531e+92	  0.0096696	  0.0010508	  0.0094432	   0.024949	   -0.25373	   -0.24782	
10	21	 2.3471e-06	 9.4066e-07	     171.26	   0.059366	-9.7531e+92	-9.7531e+92	  0.0016112	 1.2242e-06	     0.0000	 -0.0029898	-0.00026388	    0.16573	
10	22	 2.6200e-13	 1.0500e-13	     176.66	   0.052524	-9.7531e+92	-9.7531e+92	 1.8601e-05	 1.1876e-06	     0.0000	-0.00018447	-0.00025934	  0.0011524	
10	23	  0.0016388	 0.00065679	     95.614	    0.53700	-9.7531e+92	-9.7531e+92	  0.0029070	 3.0422e-05	  0.0016697	-3.6845e-05	 -0.0065996	  0.0052896	
10	24	 2.2352e-05	 8.9578e-06	     102.71	    0.41717	-9.7531e+92	-9.7531e+92	 0.00041555	 1.6014e-06	 0.00033002	-1.1175e-05	-0.00034609	 0.00047715	
11	0	   0.013809	  0.0064853	     167.10	   0.065400	-9.7531e+92	-9.7531e+92	   0.010035	 0.00024197	     0.0000	     0.0000	  -0.041780	    0.24396	
11	1	  0.0043368	  0.0020367	     185.20	   0.043588	-9.7531e+92	-9.7531e+92	   0.012481	 7.5845e-05	     0.0000	 -0.0035060	  -0.013094	    0.36373	
11	2	 4.2173e-07	 1.9806e-07	     197.83	   0.033565	-9.7531e+92	-9.7531e+92	 0.00030365	 1.2066e-06	     0.0000	 -0.0024282	-0.00024423	   0.026468	
11	3	 2.1464e-12	 1.0080e-12	     244.71	   0.014404	-9.7531e+92	-9.7531e+92	 0.00015015	 1.1567e-06	     0.0000	 -0.0028691	-0.00024030	   0.021303	
11	4	 1.8808e-12	 8.8331e-13	     218.09	   0.022784	-9.7531e+92	-9.7531e+92	 8.3885e-05	 1.1683e-06	     0.0000	 -0.0019841	-0.00024557	   0.012744	
11	5	    0.10267	   0.048219	     77.490	     1.0576	-9.7531e+92	-9.7531e+92	   0.017309	  0.0018608	   0.013423	   0.022946	   -0.38101	   -0.34347	
11	6	   0.043608	   0.020480	     117.04	    0.25846	-9.7531e+92	-9.7531e+92	   0.030275	 0.00072696	     0.0000	     0.0000	   -0.15833	    0.43751	
11	7	   0.010511	  0.0049364	     112.26	    0.30176	-9.7531e+92	-9.7531e+92	  0.0086989	 0.00018894	     0.0000	     0.0000	  -0.038912	    0.27615	
11	8	    0.24227	    0.11378	     32.525	     3.6821	-9.7531e+92	-9.7531e+92	   0.030955	  0.0021387	   0.030564	   0.021385	   -0.57478	   -0.55574	
11	9	 5.8776e-06	 2.7603e-06	     175.31	   0.054135	-9.7531e+92	-9.7531e+92	  0.0054205	 1.2877e-06	     0.0000	     0.0000	-0.00026757	    0.34750	
11	10	   0.065682	   0.030847	     46.926	     2.9109	-9.7531e+92	-9.7531e+92	  0.0087387	 0.00080474	  0.0086743	  0.0099498	   -0.14784	   -0.14296	
11	11	     0.0000	     0.0000	     0.0000	     4.0000	-9.7531e+92	-9.7531e+92	    0.23642	     0.0000	    0.23634	     0.0000	     0.0000	     0.0000	
11	12	 0.00036858	 0.00017310	     77.218	     1.0686	-9.7531e+92	-9.7531e+92	 0.00063680	 7.1462e-06	 0.00057231	 0.00014032	 -0.0015176	 -0.0010173	
11	13	  0.0032228	  0.0015136	     166.60	   0.066184	-9.7531e+92	-9.7531e+92	  0.0074266	 5.8256e-05	     0.0000	     0.0000	  -0.010427	    0.24189	
11	14	   0.011163	  0.0052426	     157.91	   0.081669	-9.7531e+92	-9.7531e+92	   0.013468	 0.00019834	     0.0000	 -0.0015298	  -0.037455	    0.25905	
11	15	 1.4059e-11	 6.6027e-12	     182.32	   0.046370	-9.7531e+92	-9.7531e+92	 0.00059554	 1.1981e-06	     0.0000	 -0.0031504	-0.00024879	   0.039838	
11	16	 3.8147e-12	 1.7915e-12	     142.85	    0.12075	-9.7531e+92	-9.7531e+92	 1.8197e-05	 1.2566e-06	     0.0000	-3.1117e-05	-0.00025340	 0.00024653	
11	17	 4.3896e-12	 2.0615e-12	     290.18	  0.0072979	-9.7531e+92	-9.7531e+92	 1.7103e-05	 1.2554e-06	     0.0000	-8.8399e-05	-0.00025296	 0.00045422	
11	18	    0.32124	    0.15086	     81.269	    0.91620	-9.7531e+92	-9.7531e+92	   0.057232	  0.0053296	     0.0000	  0.0062458	    -1.1213	   -0.52882	
11	19	 9.9768e-05	 4.6855e-05	     108.78	    0.33886	-9.7531e+92	-9.7531e+92	 0.00065743	 2.8736e-06	 0.00048296	-8.1087e-05	-0.00061732	 0.00074755	
11	20	  0.0062265	  0.0029242	     83.734	    0.83452	-9.7531e+92	-9.7531e+92	  0.0023174	 9.9335e-05	  0.0020522	  0.0020767	  -0.022524	  -0.020095	
11	21	 7.0700e-05	 3.3204e-05	     128.65	    0.18069	-9.7531e+92	-9.7531e+92	  0.0025574	 2.5219e-06	     0.0000	 -0.0030254	-0.00050925	    0.15977	
11	22	 5.3968e-12	 2.5346e-12	     200.45	   0.031856	-9.7531e+92	-9.7531e+92	 1.9623e-05	 1.2367e-06	     0.0000	-0.00018744	-0.00025188	  0.0011139	
11	23	   0.079623	   0.037394	     53.605	     2.4433	-9.7531e+92	-9.7531e+92	   0.012503	  0.0014539	   0.011053	  0.0018508	   -0.29546	   -0.27861	
11	24	   0.095098	   0.044662	     56.094	     2.2676	-9.7531e+92	-9.7531e+92	   0.011271	  0.0017070	   0.011171	  0.0078532	   -0.34081	   -0.33340	
12	0	 0.00020426	 8.4494e-05	     226.76	   0.019512	-9.7531e+92	-9.7531e+92	  0.0041726	 5.9097e-06	     0.0000	     0.0000	 -0.0010292	    0.36059	
12	1	 0.00041287	 0.00017079	     231.78	   0.017881	-9.7531e+92	-9.7531e+92	  0.0053616	 1.0314e-05	     0.0000	 -0.0046988	 -0.0017993	    0.47619	
12	2	 2.7842e-06	 1.1517e-06	     181.48	   0.047226	-9.7531e+92	-9.7531e+92	 0.00052351	 1.5471e-06	     0.0000	 -0.0031526	-0.00031905	   0.033609	
12	3	 8.3067e-12	 3.4362e-12	     227.10	   0.019395	-9.7531e+92	-9.7531e+92	 0.00024392	 1.4299e-06	     0.0000	 -0.0037254	-0.00030328	   0.027058	
12	4	 5.0980e-05	 2.1089e-05	     165.11	   0.068567	-9.7531e+92	-9.7531e+92	 0.00030292	 2.5292e-06	     0.0000	 -0.0025266	-0.00054620	   0.015953	
12	5	    0.22970	   0.095018	     80.590	    0.94012	-9.7531e+92	-9.7531e+92	   0.037395	  0.0052237	   0.033972	   0.071462	    -1.0778	    -1.0247	
12	6	  0.0055796	  0.0023081	     152.49	   0.093630	-9.7531e+92	-9.7531e+92	   0.011593	 0.00011710	     0.0000	     0.0000	  -0.025832	    0.72716	
12	7	 3.9301e-05	 1.6257e-05	     158.06	   0.081372	-9.7531e+92	-9.7531e+92	  0.0039430	 2.3602e-06	     0.0000	     0.0000	-0.00049254	    0.39869	
12	8	    0.15485	   0.064055	     55.069	     2.3397	-9.7531e+92	-9.7531e+92	   0.021550	  0.0032161	   0.021206	   0.044741	   -0.69764	   -0.68411	
12	9	 9.5870e-14	 3.9658e-14	     214.99	   0.024120	-9.7531e+92	-9.7531e+92	  0.0027939	 1.4713e-06	     0.0000	     0.0000	-0.00031037	    0.44144	
12	10	   0.046617	   0.019284	     46.012	     2.9721	-9.7531e+92	-9.7531e+92	  0.0056251	 0.00080334	  0.0055684	   0.014243	   -0.14382	   -0.14048	
12	11	  0.0054162	  0.0022405	     77.218	     1.0686	-9.7531e+92	-9.7531e+92	  0.0016305	 0.00012276	  0.0015573	  0.0020045	  -0.025639	  -0.024476	
12	12	     0.0000	     0.0000	     0.0000	     4.0000	-9.7531e+92	-9.7531e+92	    0.20923	     0.0000	    0.20917	     0.0000	     0.0000	     0.0000	
12	13	  0.0016371	 0.00067719	     205.94	   0.028617	-9.7531e+92	-9.7531e+92	  0.0043426	 3.7678e-05	     0.0000	     0.0000	 -0.0068130	    0.31335	
12	14	  0.0042618	  0.0017629	     188.63	   0.040536	-9.7531e+92	-9.7531e+92	   0.018282	 9.5272e-05	     0.0000	 -0.0021607	  -0.018217	    0.35757	
12	15	 7.5944e-08	 3.1415e-08	     166.81	   0.065853	-9.7531e+92	-9.7531e+92	 0.00080267	 1.4876e-06	     0.0000	 -0.0040926	-0.00031433	   0.050606	
12	16	 2.0381e-12	 8.4307e-13	     115.95	    0.26758	-9.7531e+92	-9.7531e+92	 6.3843e-05	 1.5533e-06	 8.8762e-06	-4.0287e-05	-0.00031937	 0.00031311	
12	17	 4.5716e-12	 1.8911e-12	     225.22	   0.020047	-9.7531e+92	-9.7531e+92	 1.8947e-05	 1.5463e-06	     0.0000	-0.00011453	-0.00031885	 0.00057703	
12	18	   0.046928	   0.019413	     120.73	    0.22996	-9.7531e+92	-9.7531e+92	   0.019559	 0.00097660	     0.0000	 -0.0062579	   -0.20682	    0.51787	
12	19	    0.30466	    0.12603	     44.530	     3.0689	-9.7531e+92	-9.7531e+92	   0.036291	  0.0036456	   0.036138	   0.071626	   -0.93425	   -0.91385	
12	20	    0.19951	   0.082529	     45.010	     3.0379	-9.7531e+92	-9.7531e+92	   0.027204	  0.0031208	   0.026970	   0.068411	   -0.78384	   -0.76902	
12	21	 7.1716e-13	 2.9666e-13	     187.39	   0.041605	-9.7531e+92	-9.7531e+92	  0.0010817	 1.5262e-06	     0.0000	 -0.0039376	-0.00031222	    0.20328	
12	22	 5.1980e-11	 2.1502e-11	     131.16	    0.16782	-9.7531e+92	-9.7531e+92	 3.7636e-05	 1.4299e-06	     0.0000	-0.00022067	-0.00030777	  0.0013686	
12	23	 0.00013644	 5.6440e-05	     109.85	    0.32696	-9.7531e+92	-9.7531e+92	  0.0014724	 4.7167e-06	 0.00019521	-0.00012105	-0.00096690	   0.013558	
12	24	 1.0022e-11	 4.1456e-12	     132.31	    0.16230	-9.7531e+92	-9.7531e+92	 0.00010288	 1.5557e-06	 1.4592e-05	-1.7895e-05	-0.00031871	 0.00069163	
13	0	    0.14151	     1.7248	     86.013	    0.76580	-9.7531e+92	-9.7531e+92	    0.72389	    0.12774	     0.0000	     0.0000	     1.9433	     0.0000	
13	1	    0.19160	     2.3353	     57.043	     2.2015	-9.7531e+92	-9.7531e+92	    0.96796	    0.16906	     0.0000	     0.0000	     2.5011	     0.0000	
13	2	  0.0048013	   0.058521	     127.66	    0.18612	-9.7531e+92	-9.7531e+92	   0.029600	  0.0054830	     0.0000	     0.0000	   0.082118	     0.0000	
13	3	 4.6047e-05	 0.00056125	     188.65	   0.040519	-9.7531e+92	-9.7531e+92	  0.0095535	 0.00013087	     0.0000	     0.0000	  0.0019117	     0.0000	
13	4	 1.1395e-10	 1.3889e-09	     217.30	   0.023117	-9.7531e+92	-9.7531e+92	  0.0048910	 8.1909e-05	     0.0000	     0.0000	  0.0011229	     0.0000	
13	5	 0.00038228	  0.0046594	     125.66	    0.19761	-9.7531e+92	-9.7531e+92	   0.023736	 0.00054990	     0.0000	     0.0000	  0.0075422	     0.0000	
13	6	    0.11653	     1.4203	     53.773	     2.4314	-9.7531e+92	-9.7531e+92	    0.87163	    0.11918	     0.0000	     0.0000	     1.9648	     0.0000	
13	7	   0.091597	     1.1164	     57.312	     2.1828	-9.7531e+92	-9.7531e+92	    0.54071	    0.10091	     0.0000	     0.0000	     1.5800	     0.0000	
13	8	 7.0411e-11	 8.5820e-10	     162.59	   0.072826	-9.7531e+92	-9.7531e+92	  0.0017891	 8.6330e-05	     0.0000	     0.0000	  0.0011182	     0.0000	
13	9	   0.073641	    0.89757	     9.0540	     3.9979	-9.7531e+92	-9.7531e+92	    0.55162	   0.078471	     0.0000	     0.0000	     1.2769	     0.0000	
13	10	 3.1289e-11	 3.8136e-10	     205.99	   0.028587	-9.7531e+92	-9.7531e+92	 0.00049301	 9.1159e-05	     0.0000	     0.0000	  0.0010624	     0.0000	
13	11	 7.7764e-12	 9.4783e-11	     166.60	   0.066184	-9.7531e+92	-9.7531e+92	 0.00058739	 9.0087e-05	     0.0000	     0.0000	  0.0010719	     0.0000	
13	12	 6.9112e-12	 8.4237e-11	     205.94	   0.028617	-9.7531e+92	-9.7531e+92	 0.00048595	 9.2758e-05	     0.0000	     0.0000	  0.0010474	     0.0000	
13	13	     0.0000	     0.0000	     0.0000	     4.0000	-9.7531e+92	-9.7531e+92	     6.3531	     0.0000	     5.3649	     0.0000	     0.0000	     0.0000	
13	14	    0.12077	     1.4720	     32.765	     3.6733	-9.7531e+92	-9.7531e+92	    0.61684	    0.11347	     0.0000	     0.0000	     1.6672	     0.0000	
13	15	  0.0025986	   0.031673	     111.52	    0.30921	-9.7531e+92	-9.7531e+92	   0.036674	  0.0031358	     0.0000	     0.0000	   0.046065	     0.0000	
13	16	 4.5998e-11	 5.6065e-10	     153.85	   0.090443	-9.7531e+92	-9.7531e+92	 0.00049859	 8.8636e-05	     0.0000	     0.0000	  0.0011160	     0.0000	
13	17	 1.8839e-11	 2.2962e-10	     287.27	  0.0075975	-9.7531e+92	-9.7531e+92	 0.00048954	 9.2466e-05	     0.0000	     0.0000	  0.0010601	     0.0000	
13	18	    0.17498	     2.1327	     87.611	    0.72124	-9.7531e+92	-9.7531e+92	     1.0477	    0.17884	     0.0000	     0.0000	     2.8840	     0.0000	
13	19	 1.9352e-12	 2.3587e-11	     184.51	   0.044238	-9.7531e+92	-9.7531e+92	 0.00073645	 8.8392e-05	     0.0000	     0.0000	  0.0010723	     0.0000	
13	20	 7.8038e-12	 9.5117e-11	     165.04	   0.068678	-9.7531e+92	-9.7531e+92	  0.0011076	 8.8981e-05	     0.0000	     0.0000	  0.0010737	     0.0000	
13	21	   0.081435	    0.99258	     76.619	     1.0932	-9.7531e+92	-9.7531e+92	    0.39160	   0.097656	     0.0000	     0.0000	     1.3932	     0.0000	
13	22	 8.6981e-11	 1.0602e-09	     260.15	   0.011286	-9.7531e+92	-9.7531e+92	 0.00061536	 9.1537e-05	     0.0000	     0.0000	  0.0010638	     0.0000	
13	23	 0.00011596	  0.0014134	     113.01	    0.29441	-9.7531e+92	-9.7531e+92	   0.010160	 0.00023093	     0.0000	     0.0000	  0.0030815	     0.0000	
13	24	 7.8377e-11	 9.5530e-10	     142.21	    0.12286	-9.7531e+92	-9.7531e+92	 0.00088393	 8.4875e-05	     0.0000	     0.0000	  0.0011159	     0.0000	
14	0	    0.20515	     1.8513	     114.85	    0.27729	-9.7531e+92	-9.7531e+92	    0.66078	    0.25387	     0.0000	     0.0000	   -0.45744	   -0.35304	
14	1	    0.13458	     1.2144	     88.839	    0.68891	-9.7531e+92	-9.7531e+92	    0.59712	    0.17143	     0.0000	 0.00082661	  -0.026413	  -0.017078	
14	2	   0.020750	    0.18724	     97.273	    0.50580	-9.7531e+92	-9.7531e+92	   0.074144	   0.029537	  0.0065302	   0.023747	  -0.060841	  -0.061509	
14	3	 0.00022954	  0.0020714	     161.01	   0.075671	-9.7531e+92	-9.7531e+92	   0.036490	 0.00042638	     0.0000	  -0.015084	-0.00087363	   0.026421	
14	4	 1.0296e-05	 9.2911e-05	     184.55	   0.044193	-9.7531e+92	-9.7531e+92	   0.014076	 0.00012018	     0.0000	  -0.010813	-0.00024363	   0.016642	
14	5	  0.0012599	   0.011370	     108.09	    0.34690	-9.7531e+92	-9.7531e+92	   0.018320	  0.0012908	     0.0000	     0.0000	  0.0046903	     0.0000	
14	6	    0.13542	     1.2220	     41.508	     3.2546	-9.7531e+92	-9.7531e+92	    0.63757	    0.19035	     0.0000	     0.0000	   -0.38618	    0.14474	
14	7	    0.12388	     1.1179	     65.464	     1.6549	-9.7531e+92	-9.7531e+92	    0.46604	    0.18836	     0.0000	     0.0000	   -0.37551	   -0.17318	
14	8	 3.8463e-11	 3.4709e-10	     146.54	    0.10935	-9.7531e+92	-9.7531e+92	  0.0012635	 0.00011224	     0.0000	-0.00070312	-0.00024618	  0.0037625	
14	9	   0.075309	    0.67959	     38.749	     3.4073	-9.7531e+92	-9.7531e+92	    0.40359	   0.098720	     0.0000	     0.0000	   -0.16276	   0.099632	
14	10	 1.1400e-12	 1.0287e-11	     190.48	   0.038997	-9.7531e+92	-9.7531e+92	 0.00036273	 0.00012024	     0.0000	-0.00012984	-0.00033386	 0.00034955	
14	11	 1.1694e-12	 1.0553e-11	     157.91	   0.081669	-9.7531e+92	-9.7531e+92	 0.00042088	 0.00011760	     0.0000	-0.00015860	-0.00029806	 0.00054720	
14	12	 2.8692e-11	 2.5892e-10	     188.63	   0.040536	-9.7531e+92	-9.7531e+92	 0.00036186	 0.00011398	     0.0000	-0.00016366	-0.00022889	 0.00035083	
14	13	    0.12902	     1.1643	     32.765	     3.6733	-9.7531e+92	-9.7531e+92	    0.46887	    0.16734	     0.0000	     0.0000	   -0.34282	   -0.17232	
14	14	     0.0000	     0.0000	     0.0000	     4.0000	-9.7531e+92	-9.7531e+92	     4.7344	     0.0000	     3.9187	     0.0000	     0.0000	     0.0000	
14	15	   0.070936	    0.64012	     78.991	    0.99899	-9.7531e+92	-9.7531e+92	    0.18363	    0.10546	   0.084634	   0.094596	   -0.17322	   -0.28934	
14	16	 6.3401e-12	 5.7213e-11	     121.20	    0.22662	-9.7531e+92	-9.7531e+92	 0.00060983	 0.00011271	     0.0000	-0.00015724	-0.00021410	 0.00033014	
14	17	 8.6472e-13	 7.8032e-12	     254.84	   0.012253	-9.7531e+92	-9.7531e+92	 0.00053842	 0.00011952	     0.0000	-0.00048311	-0.00031977	 0.00060729	
14	18	    0.10035	    0.90553	     78.249	     1.0276	-9.7531e+92	-9.7531e+92	    0.58827	    0.14638	     0.0000	  -0.014547	   -0.12988	    0.28364	
14	19	 4.9728e-12	 4.4874e-11	     166.55	   0.066257	-9.7531e+92	-9.7531e+92	 0.00059346	 0.00010279	     0.0000	-0.00038344	-0.00012586	  0.0015009	
14	20	 1.2948e-12	 1.1685e-11	     147.73	    0.10597	-9.7531e+92	-9.7531e+92	 0.00083981	 0.00010948	     0.0000	-0.00085759	-0.00021574	  0.0024510	
14	21	  0.0030482	   0.027507	     101.18	    0.44014	-9.7531e+92	-9.7531e+92	    0.12634	  0.0052832	     0.0000	  -0.015416	  -0.011882	    0.19614	
14	22	 1.0335e-11	 9.3261e-11	     227.39	   0.019298	-9.7531e+92	-9.7531e+92	 0.00088367	 0.00011465	     0.0000	 -0.0010161	-0.00024574	  0.0014870	
14	23	 6.3849e-05	 0.00057617	     114.84	    0.27739	-9.7531e+92	-9.7531e+92	  0.0069842	 0.00020734	     0.0000	-0.00024547	-0.00030422	   0.014589	
14	24	 8.5989e-12	 7.7597e-11	     150.00	   0.099849	-9.7531e+92	-9.7531e+92	 0.00060837	 0.00011590	     0.0000	-7.5507e-05	-0.00032400	 0.00072725	
15	0	  0.0038793	  0.0061298	     189.51	   0.039789	-9.7531e+92	-9.7531e+92	   0.029048	  0.0020181	     0.0000	     0.0000	  -0.010016	    0.20648	
15	1	   0.056011	   0.088504	     167.83	   0.064291	-9.7531e+92	-9.7531e+92	   0.058821	   0.028372	     0.0000	  -0.048602	   -0.12664	    0.14886	
15	2	    0.17143	    0.27087	     21.827	     3.9312	-9.7531e+92	-9.7531e+92	   0.092384	   0.055500	   0.080545	    0.36077	    -1.0636	   -0.84683	
15	3	    0.28636	    0.45249	     84.108	    0.82281	-9.7531e+92	-9.7531e+92	    0.13388	   0.066900	    0.12423	    0.73827	    -2.1025	    -1.7389	
15	4	   0.024206	   0.038249	     106.18	    0.37015	-9.7531e+92	-9.7531e+92	   0.037463	  0.0079739	   0.031775	    0.12284	   -0.13326	  -0.094462	
15	5	  0.0056630	  0.0089481	     104.94	    0.38615	-9.7531e+92	-9.7531e+92	  0.0045494	  0.0029388	     0.0000	  -0.014073	  -0.039959	   0.015494	
15	6	   0.050769	   0.080222	     96.746	    0.51548	-9.7531e+92	-9.7531e+92	   0.074611	   0.025075	     0.0000	     0.0000	   -0.33491	    0.63911	
15	7	 0.00085114	  0.0013449	     131.62	    0.16559	-9.7531e+92	-9.7531e+92	   0.022290	 0.00048655	     0.0000	     0.0000	 -0.0063765	    0.50002	
15	8	 2.9389e-12	 4.6438e-12	     159.01	   0.079481	-9.7531e+92	-9.7531e+92	 0.00023897	 3.6807e-05	     0.0000	 -0.0048652	-0.00050276	  0.0047878	
15	9	  0.0014769	  0.0023337	     117.55	    0.25424	-9.7531e+92	-9.7531e+92	   0.023687	 0.00079027	     0.0000	     0.0000	  -0.010665	    0.55159	
15	10	 3.4545e-13	 5.4585e-13	     197.67	   0.033672	-9.7531e+92	-9.7531e+92	 6.4349e-05	 3.7557e-05	     0.0000	-0.00063556	-0.00051745	 0.00044920	
15	11	 6.2310e-13	 9.8457e-13	     182.32	   0.046370	-9.7531e+92	-9.7531e+92	 7.2678e-05	 3.7461e-05	     0.0000	-0.00082912	-0.00051435	 0.00070220	
15	12	 1.6930e-12	 2.6752e-12	     166.81	   0.065853	-9.7531e+92	-9.7531e+92	 7.2958e-05	 3.7081e-05	     0.0000	-0.00097087	-0.00051231	 0.00045072	
15	13	   0.079705	    0.12594	     111.52	    0.30921	-9.7531e+92	-9.7531e+92	   0.061195	   0.041034	     0.0000	     0.0000	   -0.29975	  0.0044416	
15	14	    0.15894	    0.25114	     78.991	    0.99899	-9.7531e+92	-9.7531e+92	   0.099890	   0.068161	     0.0000	  0.0014135	    -1.1201	   -0.35468	
15	15	     0.0000	     0.0000	     0.0000	     4.0000	-9.7531e+92	-9.7531e+92	    0.82576	     0.0000	    0.80843	     0.0000	     0.0000	     0.0000	
15	16	  0.0016036	  0.0025338	     65.362	     1.6609	-9.7531e+92	-9.7531e+92	 0.00098302	 0.00075608	 0.00077306	   0.010898	 -0.0060870	 -0.0046939	
15	17	 3.9193e-12	 6.1930e-12	     175.81	   0.053534	-9.7531e+92	-9.7531e+92	 0.00068340	 2.8890e-05	 0.00038484	 -0.0014192	-0.00034330	 0.00055444	
15	18	    0.15897	    0.25120	     116.73	    0.26100	-9.7531e+92	-9.7531e+92	    0.10169	   0.079289	     0.0000	 -0.0070396	   -0.89594	   0.035197	
15	19	 3.0955e-05	 4.8912e-05	     131.26	    0.16732	-9.7531e+92	-9.7531e+92	 0.00027741	 5.2242e-05	     0.0000	 -0.0028433	-0.00072782	  0.0017201	
15	20	 0.00010535	 0.00016647	     124.66	    0.20372	-9.7531e+92	-9.7531e+92	 0.00025423	 9.3243e-05	     0.0000	 -0.0043877	 -0.0012953	  0.0024643	
15	21	 2.1803e-07	 3.4451e-07	     175.65	   0.053734	-9.7531e+92	-9.7531e+92	  0.0096392	 3.6980e-05	     0.0000	  -0.071672	-0.00047932	    0.26160	
15	22	 2.8250e-12	 4.4638e-12	     163.21	   0.071746	-9.7531e+92	-9.7531e+92	  0.0015878	 3.1200e-05	  0.0010076	 -0.0034341	-0.00040091	  0.0016155	
15	23	 2.7852e-13	 4.4009e-13	     149.47	    0.10124	-9.7531e+92	-9.7531e+92	 0.00073763	 3.6930e-05	     0.0000	 -0.0023895	-0.00050318	   0.019043	
15	24	 3.3144e-12	 5.2372e-12	     189.75	   0.039594	-9.7531e+92	-9.7531e+92	 7.7470e-05	 3.7597e-05	     0.0000	-0.00032679	-0.00051483	 0.00093287	
16	0	 0.00037233	 8.4540e-05	     217.18	   0.023165	-9.7531e+92	-9.7531e+92	  0.0028002	 3.2349e-06	     0.0000	     0.0000	-7.3762e-05	   0.013480	
16	1	 0.00086675	 0.00019680	     207.46	   0.027791	-9.7531e+92	-9.7531e+92	  0.0042164	 6.7797e-06	     0.0000	 -0.0012584	-0.00015281	   0.017494	
16	2	    0.32144	   0.072985	     68.097	     1.5042	-9.7531e+92	-9.7531e+92	   0.022376	  0.0017903	   0.020675	   0.018943	  -0.076121	  -0.062375	
16	3	   0.012661	  0.0028748	     111.94	    0.30495	-9.7531e+92	-9.7531e+92	  0.0074672	 7.2166e-05	  0.0060816	 0.00066606	 -0.0031140	 -0.0013602	
16	4	    0.20498	   0.046541	     75.439	     1.1432	-9.7531e+92	-9.7531e+92	   0.014837	 0.00091617	   0.014020	   0.016320	  -0.039843	  -0.031687	
16	5	    0.10095	   0.022922	     71.546	     1.3237	-9.7531e+92	-9.7531e+92	  0.0061539	 0.00079791	  0.0042749	  0.0083066	  -0.025818	  -0.020017	
16	6	   0.026197	  0.0059482	     111.89	    0.30549	-9.7531e+92	-9.7531e+92	  0.0083130	 0.00018718	     0.0000	     0.0000	 -0.0064007	   0.028841	
16	7	 0.00028735	 6.5245e-05	     137.28	    0.14083	-9.7531e+92	-9.7531e+92	  0.0022799	 2.7123e-06	     0.0000	     0.0000	-8.8658e-05	   0.018309	
16	8	 7.1527e-05	 1.6241e-05	     112.87	    0.29583	-9.7531e+92	-9.7531e+92	 0.00016791	 1.0992e-06	     0.0000	-6.5008e-05	-3.5979e-05	 0.00015278	
16	9	 7.8598e-06	 1.7846e-06	     159.83	   0.077890	-9.7531e+92	-9.7531e+92	  0.0020738	 5.6361e-07	     0.0000	     0.0000	-1.8708e-05	   0.020345	
16	10	 2.5462e-12	 5.7814e-13	     147.94	    0.10538	-9.7531e+92	-9.7531e+92	 1.4403e-05	 5.3782e-07	     0.0000	-9.3568e-06	-1.7528e-05	 1.5665e-05	
16	11	 4.4020e-12	 9.9950e-13	     142.85	    0.12075	-9.7531e+92	-9.7531e+92	 1.5993e-05	 5.3853e-07	     0.0000	-1.2237e-05	-1.7576e-05	 2.4520e-05	
16	12	 1.6272e-07	 3.6946e-08	     115.95	    0.26758	-9.7531e+92	-9.7531e+92	 3.4657e-05	 5.3332e-07	 3.4741e-06	-1.4119e-05	-1.7043e-05	 1.5568e-05	
16	13	   0.032872	  0.0074639	     153.85	   0.090443	-9.7531e+92	-9.7531e+92	  0.0059909	 0.00024631	     0.0000	     0.0000	 -0.0061991	  0.0075766	
16	14	   0.055166	   0.012526	     121.20	    0.22662	-9.7531e+92	-9.7531e+92	   0.010827	 0.00040482	     0.0000	-0.00021812	  -0.011701	  0.0061595	
16	15	    0.12933	   0.029366	     65.362	     1.6609	-9.7531e+92	-9.7531e+92	   0.011964	 0.00087391	  0.0094734	  0.0084203	  -0.029392	  -0.022660	
16	16	     0.0000	     0.0000	     0.0000	     4.0000	-9.7531e+92	-9.7531e+92	    0.11363	     0.0000	    0.11360	     0.0000	     0.0000	     0.0000	
16	17	 1.6276e-11	 3.6956e-12	     148.25	    0.10451	-9.7531e+92	-9.7531e+92	 0.00025734	 4.4283e-07	 0.00021444	-2.1936e-05	-1.4134e-05	 2.1743e-05	
16	18	    0.10637	   0.024151	     110.59	    0.31898	-9.7531e+92	-9.7531e+92	   0.011222	 0.00075954	     0.0000	-0.00084479	  -0.024122	   0.011425	
16	19	  0.0055282	  0.0012552	     73.024	     1.2523	-9.7531e+92	-9.7531e+92	 0.00044704	 4.2344e-05	 0.00036269	 0.00076666	 -0.0012206	-0.00095836	
16	20	  0.0028838	 0.00065478	     74.477	     1.1855	-9.7531e+92	-9.7531e+92	 0.00035364	 2.2811e-05	 0.00022539	 0.00038444	-0.00072900	-0.00050643	
16	21	 6.4818e-12	 1.4717e-12	     180.81	   0.047925	-9.7531e+92	-9.7531e+92	 0.00086334	 5.2704e-07	     0.0000	 -0.0010583	-1.6934e-05	  0.0094164	
16	22	 1.4996e-05	 3.4050e-06	     106.73	    0.36321	-9.7531e+92	-9.7531e+92	 0.00061623	 5.5203e-07	 0.00053286	-4.4896e-05	-1.7556e-05	 5.1577e-05	
16	23	 1.7273e-10	 3.9219e-11	     136.77	    0.14287	-9.7531e+92	-9.7531e+92	 0.00010376	 5.3683e-07	     0.0000	-3.5280e-05	-1.7488e-05	 0.00066759	
16	24	 8.7012e-13	 1.9757e-13	     177.80	   0.051213	-9.7531e+92	-9.7531e+92	 1.0593e-05	 5.3879e-07	     0.0000	-4.8252e-06	-1.7582e-05	 3.2587e-05	
17	0	 4.4467e-09	 1.7549e-09	     353.56	  0.0033150	-9.7531e+92	-9.7531e+92	  0.0022726	 1.1738e-06	     0.0000	     0.0000	-2.7181e-05	   0.037034	
17	1	 6.6180e-09	 2.6119e-09	     342.57	  0.0037606	-9.7531e+92	-9.7531e+92	  0.0035776	 1.1571e-06	     0.0000	 -0.0036182	-2.6423e-05	   0.048159	
17	2	    0.11480	   0.045308	     160.64	   0.076357	-9.7531e+92	-9.7531e+92	   0.027306	  0.0017196	   0.024348	   0.023317	  -0.068688	  -0.060527	
17	3	    0.32849	    0.12964	     122.41	    0.21829	-9.7531e+92	-9.7531e+92	   0.049925	  0.0040399	   0.047517	   0.087619	   -0.19912	   -0.18380	
17	4	    0.51020	    0.20135	     73.525	     1.2289	-9.7531e+92	-9.7531e+92	   0.061905	  0.0029333	   0.060484	   0.059272	   -0.18952	   -0.17194	
17	5	 1.3431e-09	 5.3005e-10	     219.60	   0.022168	-9.7531e+92	-9.7531e+92	 0.00041196	 1.2430e-06	     0.0000	 -0.0021055	-4.2331e-05	  0.0049101	
17	6	 8.8137e-09	 3.4784e-09	     251.72	   0.012870	-9.7531e+92	-9.7531e+92	  0.0048374	 1.1190e-06	     0.0000	     0.0000	-4.0184e-05	   0.094540	
17	7	 3.4847e-09	 1.3753e-09	     281.54	  0.0082346	-9.7531e+92	-9.7531e+92	  0.0017094	 1.2003e-06	     0.0000	     0.0000	-4.1323e-05	   0.050789	
17	8	 1.2326e-08	 4.8647e-09	     258.50	   0.011577	-9.7531e+92	-9.7531e+92	 6.1760e-05	 1.2391e-06	     0.0000	-0.00020516	-4.3104e-05	 0.00046621	
17	9	 2.1261e-09	 8.3908e-10	     293.28	  0.0069951	-9.7531e+92	-9.7531e+92	  0.0017047	 1.1864e-06	     0.0000	     0.0000	-4.1393e-05	   0.056259	
17	10	 8.6688e-09	 3.4212e-09	     270.72	  0.0096279	-9.7531e+92	-9.7531e+92	 1.6911e-05	 1.2534e-06	     0.0000	-2.6798e-05	-4.3624e-05	 4.3352e-05	
17	11	 9.3522e-09	 3.6909e-09	     290.18	  0.0072979	-9.7531e+92	-9.7531e+92	 1.6824e-05	 1.2545e-06	     0.0000	-3.4961e-05	-4.3551e-05	 6.7857e-05	
17	12	 4.7579e-09	 1.8777e-09	     225.22	   0.020047	-9.7531e+92	-9.7531e+92	 4.6178e-05	 1.2487e-06	     0.0000	-4.0938e-05	-4.3562e-05	 4.3511e-05	
17	13	 7.4175e-10	 2.9274e-10	     287.27	  0.0075975	-9.7531e+92	-9.7531e+92	  0.0053301	 1.1894e-06	     0.0000	     0.0000	-3.0576e-05	   0.034969	
17	14	  0.0038303	  0.0015117	     254.84	   0.012253	-9.7531e+92	-9.7531e+92	  0.0097008	 6.8556e-05	     0.0000	 -0.0016396	 -0.0019984	   0.041616	
17	15	 1.8334e-09	 7.2355e-10	     175.81	   0.053534	-9.7531e+92	-9.7531e+92	   0.013833	 1.1005e-06	  0.0095038	 -0.0024675	-4.1005e-05	  0.0063831	
17	16	 7.8487e-10	 3.0975e-10	     148.25	    0.10451	-9.7531e+92	-9.7531e+92	 0.00027854	 1.1175e-06	 0.00022610	-2.3935e-05	-3.7820e-05	 3.5837e-05	
17	17	     0.0000	     0.0000	     0.0000	     4.0000	-9.7531e+92	-9.7531e+92	    0.19839	     0.0000	    0.19831	     0.0000	     0.0000	     0.0000	
17	18	 3.6458e-09	 1.4388e-09	     258.46	   0.011584	-9.7531e+92	-9.7531e+92	  0.0049236	 1.1219e-06	     0.0000	 -0.0066909	-3.7258e-05	   0.087410	
17	19	 4.2554e-09	 1.6794e-09	     187.53	   0.041480	-9.7531e+92	-9.7531e+92	 0.00064533	 1.2154e-06	 0.00049871	-0.00013343	-4.2990e-05	 0.00018601	
17	20	 2.2448e-08	 8.8594e-09	     207.02	   0.028026	-9.7531e+92	-9.7531e+92	 0.00019430	 1.2211e-06	     0.0000	-0.00023454	-4.3138e-05	 0.00030374	
17	21	 1.1311e-09	 4.4642e-10	     326.31	  0.0045671	-9.7531e+92	-9.7531e+92	 0.00070984	 1.2341e-06	     0.0000	 -0.0030224	-4.1869e-05	   0.026042	
17	22	   0.042673	   0.016841	     106.10	    0.37108	-9.7531e+92	-9.7531e+92	  0.0067514	 0.00058417	  0.0066065	   0.015678	  -0.016111	  -0.014830	
17	23	 9.3020e-09	 3.6711e-09	     284.58	  0.0078888	-9.7531e+92	-9.7531e+92	 5.6786e-05	 1.2557e-06	     0.0000	-0.00010076	-4.3314e-05	  0.0018475	
17	24	 5.8303e-09	 2.3010e-09	     325.25	  0.0046269	-9.7531e+92	-9.7531e+92	 1.5361e-05	 1.2591e-06	     0.0000	-1.3780e-05	-4.3528e-05	 9.0186e-05	
18	0	   0.034412	    0.21098	     116.29	    0.26473	-9.7531e+92	-9.7531e+92	    0.20494	   0.058337	     0.0000	     0.0000	   -0.16703	   0.046658	
18	1	    0.17662	     1.0829	     111.77	    0.30668	-9.7531e+92	-9.7531e+92	    0.46860	    0.31787	     0.0000	  0.0029209	   -0.17526	  -0.034440	
18	2	 0.00017495	  0.0010726	     137.27	    0.14087	-9.7531e+92	-9.7531e+92	  0.0052338	 0.00057986	     0.0000	 -0.0052001	 -0.0012502	  0.0085566	
18	3	 1.0805e-07	 6.6246e-07	     199.21	   0.032649	-9.7531e+92	-9.7531e+92	  0.0022401	 0.00016101	     0.0000	 -0.0062918	-0.00029206	  0.0069743	
18	4	 1.2179e-08	 7.4666e-08	     186.18	   0.042684	-9.7531e+92	-9.7531e+92	  0.0011961	 0.00016573	     0.0000	 -0.0043517	-0.00041496	  0.0042738	
18	5	   0.016821	    0.10313	     53.346	     2.4617	-9.7531e+92	-9.7531e+92	   0.044718	   0.039048	     0.0000	  0.0048407	  -0.099693	  -0.010678	
18	6	    0.63834	     3.9137	     36.723	     3.5078	-9.7531e+92	-9.7531e+92	     1.1513	     1.0000	    0.12950	     0.0000	    -3.3181	   -0.55234	
18	7	   0.028620	    0.17547	     38.248	     3.4331	-9.7531e+92	-9.7531e+92	    0.19552	   0.052199	     0.0000	     0.0000	   -0.12187	   0.070769	
18	8	 0.00081312	  0.0049853	     75.421	     1.1439	-9.7531e+92	-9.7531e+92	  0.0028733	  0.0018497	     0.0000	 2.6885e-05	 -0.0028742	-5.7895e-05	
18	9	  0.0016206	  0.0099357	     96.665	    0.51699	-9.7531e+92	-9.7531e+92	    0.16994	  0.0036057	     0.0000	     0.0000	 -0.0093747	    0.11476	
18	10	 4.6088e-12	 2.8256e-11	     118.82	    0.24422	-9.7531e+92	-9.7531e+92	 0.00031944	 0.00013654	     0.0000	-5.8929e-05	-7.8112e-05	 9.0453e-05	
18	11	 0.00012527	 0.00076801	     81.269	    0.91620	-9.7531e+92	-9.7531e+92	 0.00057127	 0.00039682	     0.0000	 1.0223e-05	-0.00034197	-1.8823e-05	
18	12	 3.8982e-12	 2.3900e-11	     120.73	    0.22996	-9.7531e+92	-9.7531e+92	 0.00027775	 0.00016973	     0.0000	-9.0020e-05	-0.00047148	 9.0777e-05	
18	13	   0.065603	    0.40221	     87.611	    0.72124	-9.7531e+92	-9.7531e+92	    0.22154	    0.11012	     0.0000	     0.0000	   -0.48848	   0.013366	
18	14	   0.022698	    0.13916	     78.249	     1.0276	-9.7531e+92	-9.7531e+92	    0.17258	   0.043860	     0.0000	 -0.0028668	  -0.086405	   0.065970	
18	15	 3.2200e-05	 0.00019742	     116.73	    0.26100	-9.7531e+92	-9.7531e+92	  0.0087454	 0.00022035	     0.0000	 -0.0068883	-0.00054888	   0.013508	
18	16	 5.6362e-13	 3.4555e-12	     110.59	    0.31898	-9.7531e+92	-9.7531e+92	 0.00022451	 0.00016886	     0.0000	-6.8329e-05	-0.00046882	 8.5498e-05	
18	17	 1.2192e-13	 7.4752e-13	     258.46	   0.011584	-9.7531e+92	-9.7531e+92	 0.00022497	 0.00018615	     0.0000	-0.00019387	-0.00063989	 0.00015715	
18	18	     0.0000	     0.0000	     0.0000	     4.0000	-9.7531e+92	-9.7531e+92	     3.3854	     0.0000	     2.3668	     0.0000	     0.0000	     0.0000	
18	19	 2.5250e-06	 1.5481e-05	     118.15	    0.24945	-9.7531e+92	-9.7531e+92	 0.00053085	 0.00016439	     0.0000	-0.00029096	-0.00041940	 0.00038449	
18	20	 0.00012668	 0.00077667	     90.275	    0.65310	-9.7531e+92	-9.7531e+92	  0.0013781	 0.00045165	     0.0000	-0.00038480	 -0.0010750	 0.00047234	
18	21	  0.0052475	   0.032172	     79.511	    0.97945	-9.7531e+92	-9.7531e+92	   0.074010	  0.0074378	     0.0000	     0.0000	 -0.0039708	     0.0000	
18	22	 2.0155e-13	 1.2357e-12	     205.13	   0.029065	-9.7531e+92	-9.7531e+92	 0.00025782	 0.00017963	     0.0000	-0.00041435	-0.00057513	 0.00038452	
18	23	  0.0085774	   0.052588	     36.898	     3.4995	-9.7531e+92	-9.7531e+92	   0.017086	   0.018812	     0.0000	 0.00040648	  -0.037162	 -0.0070661	
18	24	 0.00016444	  0.0010082	     74.739	     1.1738	-9.7531e+92	-9.7531e+92	 0.00062730	 0.00046992	     0.0000	 3.5912e-06	-0.00055846	-2.2295e-05	
19	0	 0.00016433	 0.00012560	     234.49	   0.017074	-9.7531e+92	-9.7531e+92	   0.010393	 1.6815e-05	     0.0000	     0.0000	 -0.0032109	     1.3227	
19	1	 0.00037328	 0.00028531	     226.57	   0.019575	-9.7531e+92	-9.7531e+92	   0.013057	 3.1571e-05	     0.0000	  -0.016038	 -0.0060402	     1.7468	
19	2	  0.0060714	  0.0046405	     139.30	    0.13308	-9.7531e+92	-9.7531e+92	  0.0026858	 0.00044848	     0.0000	 -0.0019556	   -0.10288	   0.022623	
19	3	 2.3957e-05	 1.8311e-05	     184.07	   0.044655	-9.7531e+92	-9.7531e+92	  0.0011605	 6.3376e-06	     0.0000	  -0.012477	 -0.0015063	   0.098672	
19	4	  0.0091348	  0.0069819	     119.82	    0.23665	-9.7531e+92	-9.7531e+92	  0.0023904	 0.00062643	     0.0000	   0.013169	   -0.15550	  -0.093375	
19	5	    0.39598	    0.30266	     64.874	     1.6901	-9.7531e+92	-9.7531e+92	   0.089731	   0.029442	   0.083406	    0.41541	    -6.7729	    -6.5504	
19	6	  0.0051121	  0.0039073	     133.74	    0.15573	-9.7531e+92	-9.7531e+92	   0.025129	 0.00035644	     0.0000	     0.0000	  -0.086587	     2.6697	
19	7	 0.00017763	 0.00013577	     154.38	   0.089237	-9.7531e+92	-9.7531e+92	  0.0089801	 1.8044e-05	     0.0000	     0.0000	 -0.0041470	     1.4570	
19	8	   0.025598	   0.019565	     80.536	    0.94205	-9.7531e+92	-9.7531e+92	   0.014797	  0.0018411	   0.014160	   0.025796	   -0.43726	   -0.41794	
19	9	 8.7509e-12	 6.6885e-12	     193.08	   0.036956	-9.7531e+92	-9.7531e+92	  0.0069872	 4.8826e-06	     0.0000	     0.0000	 -0.0011341	     1.6158	
19	10	 0.00024564	 0.00018775	     85.643	    0.77653	-9.7531e+92	-9.7531e+92	  0.0010341	 2.1873e-05	 0.00092932	 0.00024299	 -0.0051921	 -0.0028746	
19	11	 6.5119e-06	 4.9772e-06	     108.78	    0.33886	-9.7531e+92	-9.7531e+92	 0.00072251	 5.5348e-06	 0.00058719	-0.00014039	 -0.0012714	  0.0017838	
19	12	   0.090153	   0.068906	     44.530	     3.0689	-9.7531e+92	-9.7531e+92	   0.018772	  0.0038931	   0.018667	   0.098066	   -0.96645	   -0.94656	
19	13	  0.0080263	  0.0061347	     184.51	   0.044238	-9.7531e+92	-9.7531e+92	   0.010861	 0.00059643	     0.0000	     0.0000	   -0.11836	     1.0561	
19	14	   0.063854	   0.048805	     166.55	   0.066257	-9.7531e+92	-9.7531e+92	   0.052512	  0.0046801	     0.0000	 -0.0022765	   -0.98365	    0.40446	
19	15	 0.00042969	 0.00032842	     131.26	    0.16732	-9.7531e+92	-9.7531e+92	  0.0026304	 3.6439e-05	     0.0000	  -0.013338	 -0.0085274	    0.17793	
19	16	  0.0023095	  0.0017652	     73.024	     1.2523	-9.7531e+92	-9.7531e+92	 0.00050667	 0.00018085	 0.00040510	  0.0045675	  -0.041234	  -0.038468	
19	17	 1.8738e-12	 1.4322e-12	     187.53	   0.041480	-9.7531e+92	-9.7531e+92	 6.6069e-05	 5.0025e-06	     0.0000	-0.00038086	 -0.0011582	  0.0020997	
19	18	    0.11827	   0.090397	     118.15	    0.24945	-9.7531e+92	-9.7531e+92	   0.045538	  0.0081666	     0.0000	 -0.0085972	    -1.9037	    0.76354	
19	19	     0.0000	     0.0000	     0.0000	     4.0000	-9.7531e+92	-9.7531e+92	    0.39434	     0.0000	    0.39406	     0.0000	     0.0000	     0.0000	
19	20	    0.27345	    0.20900	     28.400	     3.8088	-9.7531e+92	-9.7531e+92	   0.057675	  0.0092789	   0.057244	    0.18749	    -3.1870	    -3.1243	
19	21	 1.8928e-12	 1.4467e-12	     197.71	   0.033641	-9.7531e+92	-9.7531e+92	  0.0025986	 5.0615e-06	     0.0000	  -0.013436	 -0.0011409	    0.74406	
19	22	 0.00061495	 0.00047002	     93.933	    0.57085	-9.7531e+92	-9.7531e+92	 0.00024497	 3.8713e-05	     0.0000	 0.00060151	 -0.0096757	 -0.0043910	
19	23	 9.5242e-07	 7.2795e-07	     121.29	    0.22600	-9.7531e+92	-9.7531e+92	  0.0013577	 5.2114e-06	     0.0000	-0.00043850	 -0.0011778	   0.051946	
19	24	 2.6144e-12	 1.9982e-12	     150.08	   0.099629	-9.7531e+92	-9.7531e+92	 7.3839e-05	 5.1579e-06	     0.0000	-6.1198e-05	 -0.0011647	  0.0025311	
20	0	 0.00043539	 0.00034623	     206.61	   0.028245	-9.7531e+92	-9.7531e+92	  0.0095356	 3.3756e-05	     0.0000	     0.0000	 -0.0060300	     1.1275	
20	1	  0.0027802	  0.0022109	     199.20	   0.032652	-9.7531e+92	-9.7531e+92	   0.013512	 0.00018881	     0.0000	  -0.014165	  -0.033767	     1.4650	
20	2	  0.0018918	  0.0015044	     139.77	    0.13137	-9.7531e+92	-9.7531e+92	  0.0014321	 0.00013371	     0.0000	 -0.0072184	  -0.028429	   0.078594	
20	3	 6.5632e-06	 5.2193e-06	     185.64	   0.043179	-9.7531e+92	-9.7531e+92	 0.00056708	 4.8181e-06	     0.0000	  -0.011421	 -0.0010540	   0.084731	
20	4	 0.00078730	 0.00062609	     135.08	    0.14987	-9.7531e+92	-9.7531e+92	 0.00075993	 5.6005e-05	     0.0000	 -0.0061031	  -0.012532	   0.039451	
20	5	    0.24948	    0.19839	     39.691	     3.3571	-9.7531e+92	-9.7531e+92	   0.071884	   0.015647	   0.065303	    0.20491	    -3.6030	    -3.4029	
20	6	   0.014332	   0.011397	     111.59	    0.30852	-9.7531e+92	-9.7531e+92	   0.029975	 0.00091382	     0.0000	     0.0000	   -0.20846	     2.1559	
20	7	 0.00043988	 0.00034981	     126.68	    0.19164	-9.7531e+92	-9.7531e+92	  0.0091809	 3.4604e-05	     0.0000	     0.0000	 -0.0074447	     1.2441	
20	8	    0.22802	    0.18133	     51.987	     2.5582	-9.7531e+92	-9.7531e+92	   0.050190	   0.013685	   0.049528	    0.17684	    -3.1867	    -3.1001	
20	9	 5.8708e-07	 4.6687e-07	     174.09	   0.055651	-9.7531e+92	-9.7531e+92	  0.0066195	 4.5625e-06	     0.0000	     0.0000	-0.00099086	     1.3839	
20	10	  0.0015063	  0.0011979	     74.457	     1.1864	-9.7531e+92	-9.7531e+92	  0.0021894	 9.4491e-05	  0.0020804	  0.0015452	  -0.020879	  -0.018588	
20	11	 0.00042905	 0.00034119	     83.734	    0.83452	-9.7531e+92	-9.7531e+92	  0.0022307	 3.3569e-05	  0.0020899	 0.00035754	 -0.0073131	 -0.0045933	
20	12	   0.030678	   0.024396	     45.010	     3.0379	-9.7531e+92	-9.7531e+92	  0.0096726	  0.0013115	  0.0095634	   0.031579	   -0.30968	   -0.29829	
20	13	   0.010420	  0.0082865	     165.04	   0.068678	-9.7531e+92	-9.7531e+92	   0.011437	 0.00071396	     0.0000	     0.0000	   -0.13264	    0.87369	
20	14	  0.0079493	  0.0063215	     147.73	    0.10597	-9.7531e+92	-9.7531e+92	   0.036846	 0.00054287	     0.0000	 -0.0063520	   -0.10673	     1.0729	
20	15	 7.3346e-05	 5.8327e-05	     124.66	    0.20372	-9.7531e+92	-9.7531e+92	  0.0017009	 9.5644e-06	     0.0000	  -0.012482	 -0.0020848	    0.15758	
20	16	 0.00040904	 0.00032528	     74.477	     1.1855	-9.7531e+92	-9.7531e+92	 0.00019411	 3.3665e-05	 8.8443e-05	 0.00063123	 -0.0071597	 -0.0050451	
20	17	 1.9683e-13	 1.5652e-13	     207.02	   0.028026	-9.7531e+92	-9.7531e+92	 3.9411e-05	 4.7337e-06	     0.0000	-0.00035121	 -0.0010083	  0.0018090	
20	18	    0.13123	    0.10436	     90.275	    0.65310	-9.7531e+92	-9.7531e+92	   0.053535	  0.0083356	     0.0000	 -0.0056526	    -1.8292	    0.47747	
20	19	    0.31908	    0.25374	     28.400	     3.8088	-9.7531e+92	-9.7531e+92	   0.067069	   0.010329	   0.066773	    0.16515	    -3.1550	    -3.0464	
20	20	     0.0000	     0.0000	     0.0000	     4.0000	-9.7531e+92	-9.7531e+92	    0.41037	     0.0000	    0.40993	     0.0000	     0.0000	     0.0000	
20	21	 5.5899e-08	 4.4452e-08	     169.84	   0.061351	-9.7531e+92	-9.7531e+92	  0.0026482	 4.6836e-06	     0.0000	  -0.012093	-0.00098885	    0.63728	
20	22	 8.9895e-07	 7.1487e-07	     116.48	    0.26308	-9.7531e+92	-9.7531e+92	 7.8955e-05	 4.2566e-06	     0.0000	-0.00064104	-0.00096062	  0.0041622	
20	23	 5.5201e-05	 4.3897e-05	     93.058	    0.58941	-9.7531e+92	-9.7531e+92	  0.0033189	 8.6421e-06	 0.00086363	-0.00035655	 -0.0018338	   0.043687	
20	24	 1.4108e-09	 1.1219e-09	     121.85	    0.22210	-9.7531e+92	-9.7531e+92	 0.00016005	 4.7709e-06	     0.0000	-5.4900e-05	 -0.0010083	  0.0021682	
21	0	   0.075024	    0.14853	     39.458	     3.3697	-9.7531e+92	-9.7531e+92	   0.075849	   0.041548	     0.0000	     0.0000	     1.2817	     0.0000	
21	1	   0.086716	    0.17168	     57.297	     2.1839	-9.7531e+92	-9.7531e+92	    0.11460	   0.048514	     0.0000	     0.0000	     1.4702	     0.0000	
21	2	 2.0933e-06	 4.1442e-06	     197.19	   0.033993	-9.7531e+92	-9.7531e+92	  0.0013081	 6.4397e-05	     0.0000	     0.0000	  0.0017478	     0.0000	
21	3	 1.1558e-11	 2.2883e-11	     259.71	   0.011362	-9.7531e+92	-9.7531e+92	 0.00058224	 6.1611e-05	     0.0000	     0.0000	  0.0017025	     0.0000	
21	4	 8.8194e-12	 1.7460e-11	     253.96	   0.012424	-9.7531e+92	-9.7531e+92	 0.00032656	 6.3333e-05	     0.0000	     0.0000	  0.0016816	     0.0000	
21	5	 0.00023291	 0.00046111	     132.91	    0.15951	-9.7531e+92	-9.7531e+92	  0.0058256	 0.00028587	     0.0000	     0.0000	  0.0075435	     0.0000	
21	6	   0.012317	   0.024385	     78.899	     1.0025	-9.7531e+92	-9.7531e+92	    0.15354	  0.0097677	     0.0000	     0.0000	    0.31483	     0.0000	
21	7	   0.038055	   0.075340	     44.967	     3.0407	-9.7531e+92	-9.7531e+92	   0.054186	   0.031335	     0.0000	     0.0000	    0.98480	     0.0000	
21	8	 2.7626e-05	 5.4693e-05	     132.38	    0.16196	-9.7531e+92	-9.7531e+92	 0.00045385	 9.2100e-05	     0.0000	     0.0000	  0.0023628	     0.0000	
21	9	  0.0068993	   0.013659	     83.320	    0.84769	-9.7531e+92	-9.7531e+92	   0.043203	  0.0058869	     0.0000	     0.0000	    0.17758	     0.0000	
21	10	 1.4898e-11	 2.9494e-11	     171.26	   0.059366	-9.7531e+92	-9.7531e+92	 8.6047e-05	 6.7142e-05	     0.0000	     0.0000	  0.0016574	     0.0000	
21	11	 3.7179e-11	 7.3606e-11	     128.65	    0.18069	-9.7531e+92	-9.7531e+92	 0.00011975	 6.6336e-05	     0.0000	     0.0000	  0.0016653	     0.0000	
21	12	 1.2061e-12	 2.3878e-12	     187.39	   0.041605	-9.7531e+92	-9.7531e+92	 8.1264e-05	 6.8046e-05	     0.0000	     0.0000	  0.0016504	     0.0000	
21	13	   0.066519	    0.13169	     76.619	     1.0932	-9.7531e+92	-9.7531e+92	   0.069477	   0.044515	     0.0000	     0.0000	     1.4138	     0.0000	
21	14	   0.023200	   0.045930	     101.18	    0.44014	-9.7531e+92	-9.7531e+92	   0.044927	   0.018705	     0.0000	     0.0000	    0.58484	     0.0000	
21	15	 7.5644e-11	 1.4976e-10	     175.65	   0.053734	-9.7531e+92	-9.7531e+92	  0.0021733	 6.2310e-05	     0.0000	     0.0000	  0.0016788	     0.0000	
21	16	 1.8383e-12	 3.6394e-12	     180.81	   0.047925	-9.7531e+92	-9.7531e+92	 7.1053e-05	 6.7681e-05	     0.0000	     0.0000	  0.0016540	     0.0000	
21	17	 1.4212e-11	 2.8137e-11	     326.31	  0.0045671	-9.7531e+92	-9.7531e+92	 7.1639e-05	 6.9111e-05	     0.0000	     0.0000	  0.0016460	     0.0000	
21	18	    0.68856	     1.3632	     79.511	    0.97945	-9.7531e+92	-9.7531e+92	    0.40006	    0.54946	   0.071146	     0.0000	     17.493	     0.0000	
21	19	 2.6341e-11	 5.2149e-11	     197.71	   0.033641	-9.7531e+92	-9.7531e+92	 0.00012858	 6.5708e-05	     0.0000	     0.0000	  0.0016591	     0.0000	
21	20	 1.1352e-12	 2.2474e-12	     169.84	   0.061351	-9.7531e+92	-9.7531e+92	 0.00023356	 6.5913e-05	     0.0000	     0.0000	  0.0016592	     0.0000	
21	21	     0.0000	     0.0000	     0.0000	     4.0000	-9.7531e+92	-9.7531e+92	     1.0085	     0.0000	    0.92113	     0.0000	     0.0000	     0.0000	
21	22	 8.7470e-12	 1.7317e-11	     284.69	  0.0078758	-9.7531e+92	-9.7531e+92	 8.0796e-05	 6.8258e-05	     0.0000	     0.0000	  0.0016504	     0.0000	
21	23	  0.0017237	  0.0034125	     78.648	     1.0121	-9.7531e+92	-9.7531e+92	  0.0032212	  0.0016780	     0.0000	     0.0000	   0.045586	     0.0000	
21	24	 0.00072374	  0.0014328	     85.071	    0.79345	-9.7531e+92	-9.7531e+92	 0.00049431	 0.00072118	 7.1783e-05	     0.0000	   0.020379	     0.0000	
22	0	 2.5053e-10	 1.3828e-10	     321.47	  0.0048482	-9.7531e+92	-9.7531e+92	  0.0044152	 2.8183e-06	     0.0000	     0.0000	-0.00010256	    0.14221	
22	1	 3.7629e-11	 2.0770e-11	     312.59	  0.0054224	-9.7531e+92	-9.7531e+92	  0.0059624	 2.7779e-06	     0.0000	 -0.0090669	-0.00010033	    0.18616	
22	2	   0.075316	   0.041570	     161.29	   0.075160	-9.7531e+92	-9.7531e+92	   0.027800	  0.0026736	   0.023664	   0.036982	   -0.15825	   -0.13646	
22	3	    0.11309	   0.062421	     164.94	   0.068842	-9.7531e+92	-9.7531e+92	   0.037021	  0.0032742	   0.033653	   0.073216	   -0.23916	   -0.21634	
22	4	    0.52075	    0.28743	     82.638	    0.86986	-9.7531e+92	-9.7531e+92	   0.081031	  0.0066266	   0.079044	    0.15642	   -0.81148	   -0.76218	
22	5	  0.0083004	  0.0045814	     151.89	   0.095092	-9.7531e+92	-9.7531e+92	  0.0074642	 0.00037149	  0.0028965	 4.9791e-05	  -0.018418	-0.00016346	
22	6	 3.8075e-11	 2.1016e-11	     216.08	   0.023641	-9.7531e+92	-9.7531e+92	  0.0090232	 2.6722e-06	     0.0000	     0.0000	-0.00014066	    0.33638	
22	7	 5.1557e-11	 2.8457e-11	     241.36	   0.015218	-9.7531e+92	-9.7531e+92	  0.0034080	 2.8646e-06	     0.0000	     0.0000	-0.00014401	    0.17988	
22	8	 4.8644e-11	 2.6849e-11	     168.70	   0.062994	-9.7531e+92	-9.7531e+92	  0.0013529	 2.9499e-06	 0.00089324	-0.00051411	-0.00014921	  0.0016402	
22	9	 1.9228e-10	 1.0613e-10	     266.14	   0.010307	-9.7531e+92	-9.7531e+92	  0.0030955	 2.8320e-06	     0.0000	     0.0000	-0.00014422	    0.19920	
22	10	 4.4791e-11	 2.4722e-11	     176.66	   0.052524	-9.7531e+92	-9.7531e+92	 9.9451e-05	 2.9821e-06	 2.3803e-05	-6.7161e-05	-0.00015072	 0.00015225	
22	11	 2.5626e-10	 1.4144e-10	     200.45	   0.031856	-9.7531e+92	-9.7531e+92	 8.2007e-05	 2.9860e-06	     0.0000	-8.7615e-05	-0.00015053	 0.00023837	
22	12	 8.1560e-10	 4.5017e-10	     131.16	    0.16782	-9.7531e+92	-9.7531e+92	  0.0012263	 2.9684e-06	  0.0011505	-0.00010259	-0.00015045	 0.00015281	
22	13	  0.0027934	  0.0015418	     260.15	   0.011286	-9.7531e+92	-9.7531e+92	  0.0074063	 0.00012218	     0.0000	     0.0000	 -0.0048188	    0.12642	
22	14	   0.064012	   0.035331	     227.39	   0.019298	-9.7531e+92	-9.7531e+92	   0.022053	  0.0026988	     0.0000	 -0.0012542	   -0.11819	   0.046574	
22	15	 0.00020681	 0.00011415	     163.21	   0.071746	-9.7531e+92	-9.7531e+92	   0.013339	 1.0715e-05	  0.0072835	 -0.0060735	-0.00058894	   0.022214	
22	16	 1.0683e-10	 5.8967e-11	     106.73	    0.36321	-9.7531e+92	-9.7531e+92	 0.00037824	 2.6436e-06	 0.00030490	-5.9952e-05	-0.00013674	 0.00013104	
22	17	  0.0049243	  0.0027179	     106.10	    0.37108	-9.7531e+92	-9.7531e+92	  0.0020608	 0.00014479	  0.0019565	  0.0047129	 -0.0046540	 -0.0041259	
22	18	   0.023243	   0.012829	     205.13	   0.029065	-9.7531e+92	-9.7531e+92	   0.012823	 0.00093609	     0.0000	  -0.014424	  -0.046114	    0.27104	
22	19	    0.16444	   0.090760	     93.933	    0.57085	-9.7531e+92	-9.7531e+92	   0.024277	  0.0071123	   0.024072	    0.17973	   -0.36531	   -0.35162	
22	20	   0.022925	   0.012653	     116.48	    0.26308	-9.7531e+92	-9.7531e+92	  0.0068190	 0.00099962	  0.0065073	   0.026414	  -0.051374	  -0.048011	
22	21	 2.3594e-10	 1.3023e-10	     284.69	  0.0078758	-9.7531e+92	-9.7531e+92	  0.0012058	 2.9441e-06	     0.0000	 -0.0075738	-0.00014561	   0.092042	
22	22	     0.0000	     0.0000	     0.0000	     4.0000	-9.7531e+92	-9.7531e+92	    0.27932	     0.0000	    0.27912	     0.0000	     0.0000	     0.0000	
22	23	 1.4400e-10	 7.9481e-11	     209.07	   0.026949	-9.7531e+92	-9.7531e+92	 0.00020168	 2.9925e-06	     0.0000	-0.00025250	-0.00014984	  0.0064947	
22	24	 6.3231e-10	 3.4900e-10	     237.89	   0.016122	-9.7531e+92	-9.7531e+92	 2.5732e-05	 3.0013e-06	     0.0000	-3.4533e-05	-0.00015047	 0.00031682	
23	0	    0.12995	   0.087927	     119.13	    0.24186	-9.7531e+92	-9.7531e+92	   0.037506	  0.0081106	     0.0000	     0.0000	   -0.85929	   -0.19591	
23	1	   0.038328	   0.025933	     132.72	    0.16037	-9.7531e+92	-9.7531e+92	   0.029129	  0.0026363	     0.0000	 -0.0045969	   -0.23890	    0.52639	
23	2	 8.7046e-06	 5.8896e-06	     168.40	   0.063436	-9.7531e+92	-9.7531e+92	 0.00082142	 5.8119e-06	     0.0000	 -0.0043699	-0.00058496	   0.052418	
23	3	 6.8164e-12	 4.6120e-12	     228.38	   0.018966	-9.7531e+92	-9.7531e+92	 0.00039188	 5.0079e-06	     0.0000	 -0.0051691	-0.00051151	   0.042243	
23	4	 7.9668e-12	 5.3904e-12	     212.30	   0.025355	-9.7531e+92	-9.7531e+92	 0.00018300	 5.0875e-06	     0.0000	 -0.0035751	-0.00052485	   0.025262	
23	5	   0.058634	   0.039672	     65.633	     1.6449	-9.7531e+92	-9.7531e+92	   0.012057	  0.0045006	  0.0064582	   0.022725	   -0.46278	   -0.36466	
23	6	    0.24936	    0.16872	     73.330	     1.2380	-9.7531e+92	-9.7531e+92	   0.070630	   0.016826	     0.0000	     0.0000	    -1.9265	   -0.58038	
23	7	    0.12642	   0.085537	     58.677	     2.0891	-9.7531e+92	-9.7531e+92	   0.035345	  0.0090162	     0.0000	     0.0000	   -0.98573	   -0.28019	
23	8	   0.026488	   0.017922	     54.810	     2.3580	-9.7531e+92	-9.7531e+92	  0.0048992	  0.0016375	  0.0043357	  0.0057730	   -0.16390	   -0.14366	
23	9	 0.00016835	 0.00011391	     121.73	    0.22293	-9.7531e+92	-9.7531e+92	   0.014875	 1.7271e-05	     0.0000	     0.0000	 -0.0018475	    0.68770	
23	10	 1.6171e-05	 1.0941e-05	     95.614	    0.53700	-9.7531e+92	-9.7531e+92	 0.00019989	 6.1671e-06	 0.00010715	-2.7743e-05	-0.00062994	 0.00038177	
23	11	  0.0025091	  0.0016977	     53.605	     2.4433	-9.7531e+92	-9.7531e+92	 0.00065728	 0.00017245	 0.00053750	 0.00066718	  -0.015790	  -0.013331	
23	12	 1.0971e-07	 7.4231e-08	     109.85	    0.32696	-9.7531e+92	-9.7531e+92	 6.7985e-05	 5.2124e-06	     0.0000	-6.8165e-05	-0.00052704	 0.00051669	
23	13	   0.032597	   0.022055	     113.01	    0.29441	-9.7531e+92	-9.7531e+92	   0.019172	  0.0022981	     0.0000	     0.0000	   -0.21875	    0.29939	
23	14	    0.14886	    0.10072	     114.84	    0.27739	-9.7531e+92	-9.7531e+92	   0.041288	   0.010616	     0.0000	  0.0020288	    -1.0520	   -0.37854	
23	15	 3.3966e-07	 2.2982e-07	     149.47	    0.10124	-9.7531e+92	-9.7531e+92	  0.0017429	 5.1366e-06	     0.0000	 -0.0056757	-0.00053490	   0.078957	
23	16	 1.7602e-13	 1.1910e-13	     136.77	    0.14287	-9.7531e+92	-9.7531e+92	 2.6116e-05	 5.4337e-06	     0.0000	-5.6133e-05	-0.00054373	 0.00048852	
23	17	 1.2359e-12	 8.3620e-13	     284.58	  0.0078888	-9.7531e+92	-9.7531e+92	 2.5685e-05	 5.5072e-06	     0.0000	-0.00015927	-0.00054393	 0.00090009	
23	18	    0.17426	    0.11790	     36.898	     3.4995	-9.7531e+92	-9.7531e+92	   0.058794	   0.011105	     0.0000	 0.00057407	    -1.3128	  -0.053519	
23	19	 1.4482e-06	 9.7984e-07	     121.29	    0.22600	-9.7531e+92	-9.7531e+92	 0.00012667	 5.2422e-06	     0.0000	-0.00023098	-0.00054468	  0.0022218	
23	20	 0.00017891	 0.00012105	     93.058	    0.58941	-9.7531e+92	-9.7531e+92	 0.00042422	 1.8337e-05	 4.2059e-05	-0.00023944	 -0.0019208	  0.0023157	
23	21	  0.0097394	  0.0065897	     78.648	     1.0121	-9.7531e+92	-9.7531e+92	  0.0084426	 0.00072981	     0.0000	 -0.0042529	  -0.077209	    0.24719	
23	22	 3.4027e-13	 2.3023e-13	     209.07	   0.026949	-9.7531e+92	-9.7531e+92	 3.0562e-05	 5.4271e-06	     0.0000	-0.00033958	-0.00054142	  0.0022073	
23	23	     0.0000	     0.0000	     0.0000	     4.0000	-9.7531e+92	-9.7531e+92	    0.33921	     0.0000	    0.33712	     0.0000	     0.0000	     0.0000	
23	24	  0.0024838	  0.0016805	     40.708	     3.3006	-9.7531e+92	-9.7531e+92	 0.00049613	 0.00015135	 0.00035172	 1.2004e-05	  -0.011509	 -0.0092058	
24	0	    0.22661	    0.11094	     123.34	    0.21210	-9.7531e+92	-9.7531e+92	   0.037904	  0.0019783	     0.0000	     0.0000	   -0.37199	   -0.20725	
24	1	    0.10888	   0.053303	     142.19	    0.12292	-9.7531e+92	-9.7531e+92	   0.029345	 0.00097872	     0.0000	-0.00022559	   -0.17495	   0.031998	
24	2	 3.4861e-11	 1.7067e-11	     210.29	   0.026336	-9.7531e+92	-9.7531e+92	 0.00030947	 6.5340e-07	     0.0000	-0.00096036	-0.00013008	   0.014171	
24	3	 1.0391e-11	 5.0871e-12	     270.69	  0.0096323	-9.7531e+92	-9.7531e+92	 0.00014069	 6.3236e-07	     0.0000	 -0.0011347	-0.00012881	   0.011410	
24	4	 5.6626e-11	 2.7722e-11	     253.16	   0.012581	-9.7531e+92	-9.7531e+92	 7.9115e-05	 6.4133e-07	     0.0000	-0.00078478	-0.00013162	  0.0068189	
24	5	  0.0021548	  0.0010549	     106.34	    0.36810	-9.7531e+92	-9.7531e+92	  0.0020983	 2.2355e-05	     0.0000	-0.00061239	 -0.0044346	   0.011843	
24	6	   0.051553	   0.025239	     108.13	    0.34637	-9.7531e+92	-9.7531e+92	   0.032516	 0.00046142	     0.0000	     0.0000	   -0.10030	    0.21916	
24	7	   0.051610	   0.025267	     84.614	    0.80724	-9.7531e+92	-9.7531e+92	   0.016490	 0.00049065	     0.0000	     0.0000	   -0.10170	   0.068551	
24	8	  0.0042948	  0.0021026	     77.960	     1.0389	-9.7531e+92	-9.7531e+92	  0.0011097	 4.0598e-05	 0.00070202	 0.00029409	 -0.0084494	 -0.0067064	
24	9	 0.00033530	 0.00016416	     149.07	    0.10229	-9.7531e+92	-9.7531e+92	   0.011349	 3.8282e-06	     0.0000	     0.0000	-0.00079332	    0.18529	
24	10	 0.00014240	 6.9715e-05	     102.71	    0.41717	-9.7531e+92	-9.7531e+92	 0.00011260	 2.0291e-06	 4.5500e-05	 9.2114e-06	-0.00040840	-0.00013784	
24	11	   0.010093	  0.0049413	     56.094	     2.2676	-9.7531e+92	-9.7531e+92	  0.0013316	 4.3611e-05	  0.0012449	 9.6160e-05	 -0.0021179	 -0.0017308	
24	12	 1.3548e-10	 6.6326e-11	     132.31	    0.16230	-9.7531e+92	-9.7531e+92	 3.0670e-05	 6.7542e-07	     0.0000	-1.5829e-05	-0.00013444	 0.00014006	
24	13	   0.031197	   0.015273	     142.21	    0.12286	-9.7531e+92	-9.7531e+92	   0.012752	 0.00029099	     0.0000	     0.0000	  -0.053364	   0.083558	
24	14	  0.0040498	  0.0019827	     150.00	   0.099849	-9.7531e+92	-9.7531e+92	   0.011118	 3.8527e-05	     0.0000	-0.00065924	 -0.0073779	    0.15173	
24	15	 2.2803e-10	 1.1164e-10	     189.75	   0.039594	-9.7531e+92	-9.7531e+92	 0.00052572	 6.5341e-07	     0.0000	 -0.0012459	-0.00013331	   0.021304	
24	16	 1.8741e-10	 9.1753e-11	     177.80	   0.051213	-9.7531e+92	-9.7531e+92	 1.7567e-05	 6.9083e-07	     0.0000	-1.2322e-05	-0.00013582	 0.00013173	
24	17	 1.7207e-10	 8.4242e-11	     325.25	  0.0046269	-9.7531e+92	-9.7531e+92	 1.7688e-05	 6.9209e-07	     0.0000	-3.4962e-05	-0.00013555	 0.00024273	
24	18	    0.30001	    0.14688	     74.739	     1.1738	-9.7531e+92	-9.7531e+92	   0.055370	  0.0026637	     0.0000	  0.0021315	   -0.56213	   -0.24477	
24	19	 3.1859e-11	 1.5597e-11	     150.08	   0.099629	-9.7531e+92	-9.7531e+92	 4.6695e-05	 6.6455e-07	     0.0000	-5.2444e-05	-0.00013460	 0.00060212	
24	20	 9.3480e-05	 4.5765e-05	     121.85	    0.22210	-9.7531e+92	-9.7531e+92	 0.00011614	 1.5797e-06	     0.0000	-7.3522e-05	-0.00032175	 0.00079935	
24	21	   0.020255	  0.0099165	     85.071	    0.79345	-9.7531e+92	-9.7531e+92	  0.0082024	 0.00019799	     0.0000	-0.00064400	  -0.040183	   0.046270	
24	22	 8.3273e-11	 4.0768e-11	     237.89	   0.016122	-9.7531e+92	-9.7531e+92	 1.9918e-05	 6.8561e-07	     0.0000	-7.4698e-05	-0.00013522	 0.00059530	
24	23	    0.18873	   0.092398	     40.708	     3.3006	-9.7531e+92	-9.7531e+92	   0.023619	  0.0018675	   0.022108	  0.0021540	   -0.37248	   -0.35977	
24	24	     0.0000	     0.0000	     0.0000	     4.0000	-9.7531e+92	-9.7531e+92	    0.24490	     0.0000	    0.24480	     0.0000	     0.0000	     0.0000	
