#source	Target	value	weight	distance	potential1	geneCorrelation	separation	influenceWeight	betweenness	influence'Weight	betweenness'	nbetweenness	nbetweenness'	
0	0	     0.0000	     0.0000	     0.0000	     4.0000	-9.7531e+92	-9.7531e+92	     4.5911	     0.0000	     3.6131	     0.0000	     0.0000	     0.0000	
0	1	    0.10617	    0.91212	     35.562	     3.5606	-9.7531e+92	-9.7531e+92	    0.37490	    0.13730	     0.0000	  0.0026545	     2.3089	    0.24958	
0	2	 0.00016885	  0.0014507	     211.35	   0.025814	-9.7531e+92	-9.7531e+92	   0.047855	 0.00035978	     0.0000	   -0.17521	  0.0059028	   -0.24945	
0	3	 1.9012e-11	 1.6335e-10	     273.88	  0.0091920	-9.7531e+92	-9.7531e+92	   0.018414	 0.00011096	     0.0000	   -0.17685	  0.0017210	   -0.15662	
0	4	 1.6458e-11	 1.4140e-10	     281.58	  0.0082298	-9.7531e+92	-9.7531e+92	  0.0084667	 0.00011561	     0.0000	   -0.12931	  0.0016461	  -0.094770	
0	5	 1.1412e-12	 9.8044e-12	     169.69	   0.061568	-9.7531e+92	-9.7531e+92	   0.017810	 0.00011366	     0.0000	  -0.022106	  0.0016161	  -0.066054	
0	6	    0.20947	     1.7996	     105.31	    0.38136	-9.7531e+92	-9.7531e+92	    0.61387	    0.30314	     0.0000	     0.0000	     5.1210	    0.60049	
0	7	    0.11204	    0.96259	     80.265	    0.95180	-9.7531e+92	-9.7531e+92	    0.45982	    0.15250	     0.0000	     0.0000	     2.7748	    0.14379	
0	8	 3.0767e-11	 2.6434e-10	     172.11	   0.058221	-9.7531e+92	-9.7531e+92	   0.015770	 0.00011707	     0.0000	  -0.068111	  0.0015951	  -0.058424	
0	9	   0.025496	    0.21905	     86.890	    0.74099	-9.7531e+92	-9.7531e+92	    0.10974	   0.040123	     0.0000	  0.0051414	    0.63191	   0.018603	
0	10	 3.2992e-12	 2.8345e-11	     210.64	   0.026161	-9.7531e+92	-9.7531e+92	 0.00056560	 0.00012619	     0.0000	 -0.0055000	  0.0015516	 -0.0026820	
0	11	 4.9330e-11	 4.2382e-10	     167.10	   0.065400	-9.7531e+92	-9.7531e+92	  0.0025238	 0.00012072	     0.0000	  -0.015095	  0.0015875	  -0.011155	
0	12	 1.1427e-11	 9.8172e-11	     226.76	   0.019512	-9.7531e+92	-9.7531e+92	 0.00056589	 0.00012542	     0.0000	 -0.0085777	  0.0015466	 -0.0039736	
0	13	    0.14267	     1.2258	     86.013	    0.76580	-9.7531e+92	-9.7531e+92	    0.57935	   0.094984	     0.0000	     0.0000	     1.0435	     0.0000	
0	14	    0.14200	     1.2200	     114.85	    0.27729	-9.7531e+92	-9.7531e+92	    0.58480	    0.18712	     0.0000	   0.019524	     3.2523	   0.073538	
0	15	 1.7081e-11	 1.4675e-10	     189.51	   0.039789	-9.7531e+92	-9.7531e+92	    0.12828	 0.00010404	     0.0000	   -0.19656	  0.0016276	   -0.37108	
0	16	 4.5256e-13	 3.8882e-12	     217.18	   0.023165	-9.7531e+92	-9.7531e+92	 0.00095649	 0.00012290	     0.0000	 -0.0050733	  0.0015529	 -0.0056314	
0	17	 2.3871e-11	 2.0509e-10	     353.56	  0.0033150	-9.7531e+92	-9.7531e+92	 0.00038301	 0.00012748	     0.0000	 -0.0041342	  0.0015382	 -0.0021409	
0	18	    0.15438	     1.3264	     116.29	    0.26473	-9.7531e+92	-9.7531e+92	    0.50343	    0.23274	     0.0000	    0.42361	     3.7496	    0.35823	
0	19	 1.0226e-11	 8.7860e-11	     234.49	   0.017074	-9.7531e+92	-9.7531e+92	  0.0010764	 0.00012069	     0.0000	  -0.020085	  0.0015634	  -0.011437	
0	20	 2.5113e-11	 2.1576e-10	     206.61	   0.028245	-9.7531e+92	-9.7531e+92	  0.0025451	 0.00011855	     0.0000	  -0.031274	  0.0015735	  -0.020563	
0	21	    0.10299	    0.88482	     39.458	     3.3697	-9.7531e+92	-9.7531e+92	    0.27143	    0.12117	   0.061692	     0.0000	     2.6198	    0.38370	
0	22	 7.3058e-12	 6.2768e-11	     321.47	  0.0048482	-9.7531e+92	-9.7531e+92	 0.00055958	 0.00012755	     0.0000	  -0.010802	  0.0015449	 -0.0059598	
0	23	  0.0046283	   0.039764	     119.13	    0.24186	-9.7531e+92	-9.7531e+92	    0.25518	  0.0061378	     0.0000	  -0.085346	    0.12166	   -0.38216	
0	24	 1.4406e-11	 1.2377e-10	     123.34	    0.21210	-9.7531e+92	-9.7531e+92	  0.0012465	 0.00011079	     0.0000	 -0.0014053	  0.0016683	 -0.0030876	
1	0	    0.10667	    0.83012	     35.562	     3.5606	-9.7531e+92	-9.7531e+92	    0.44569	   0.057044	     0.0000	     0.0000	    0.84622	     0.0000	
1	1	     0.0000	     0.0000	     0.0000	     4.0000	-9.7531e+92	-9.7531e+92	     4.0284	     0.0000	     3.5840	     0.0000	     0.0000	     0.0000	
1	2	  0.0012875	   0.010020	     184.62	   0.044134	-9.7531e+92	-9.7531e+92	   0.056418	  0.0010415	     0.0000	     0.0000	   0.016514	     0.0000	
1	3	 8.0400e-13	 6.2569e-12	     244.14	   0.014539	-9.7531e+92	-9.7531e+92	   0.021277	 5.4126e-05	     0.0000	     0.0000	 0.00083036	     0.0000	
1	4	 3.5608e-12	 2.7711e-11	     272.02	  0.0094459	-9.7531e+92	-9.7531e+92	  0.0097595	 5.6423e-05	     0.0000	     0.0000	 0.00079856	     0.0000	
1	5	 2.3020e-06	 1.7914e-05	     161.91	   0.074033	-9.7531e+92	-9.7531e+92	   0.016588	 5.8465e-05	     0.0000	     0.0000	 0.00081131	     0.0000	
1	6	   0.079891	    0.62173	     96.519	    0.51972	-9.7531e+92	-9.7531e+92	    0.33856	   0.053790	     0.0000	     0.0000	    0.95180	     0.0000	
1	7	    0.18754	     1.4595	     75.481	     1.1413	-9.7531e+92	-9.7531e+92	    0.53914	    0.12702	     0.0000	     0.0000	     2.2837	     0.0000	
1	8	 1.3183e-12	 1.0260e-11	     184.58	   0.044171	-9.7531e+92	-9.7531e+92	   0.014673	 5.8694e-05	     0.0000	     0.0000	 0.00076519	     0.0000	
1	9	   0.069328	    0.53953	     55.376	     2.3181	-9.7531e+92	-9.7531e+92	    0.18163	   0.051722	   0.012687	     0.0000	    0.87019	     0.0000	
1	10	 2.2920e-12	 1.7837e-11	     228.04	   0.019080	-9.7531e+92	-9.7531e+92	 0.00051841	 6.1934e-05	     0.0000	     0.0000	 0.00074887	     0.0000	
1	11	 1.6150e-11	 1.2569e-10	     185.20	   0.043588	-9.7531e+92	-9.7531e+92	  0.0023407	 6.0829e-05	     0.0000	     0.0000	 0.00075536	     0.0000	
1	12	 1.7279e-12	 1.3447e-11	     231.78	   0.017881	-9.7531e+92	-9.7531e+92	 0.00051897	 6.1319e-05	     0.0000	     0.0000	 0.00074845	     0.0000	
1	13	   0.086729	    0.67494	     57.043	     2.2015	-9.7531e+92	-9.7531e+92	    0.39705	   0.043282	     0.0000	     0.0000	    0.66880	     0.0000	
1	14	    0.23089	     1.7968	     88.839	    0.68891	-9.7531e+92	-9.7531e+92	    0.67648	    0.14712	     0.0000	     0.0000	     2.3866	     0.0000	
1	15	 0.00032426	  0.0025234	     167.83	   0.064291	-9.7531e+92	-9.7531e+92	    0.14781	 0.00029930	     0.0000	     0.0000	  0.0046324	     0.0000	
1	16	 1.1752e-12	 9.1460e-12	     207.46	   0.027791	-9.7531e+92	-9.7531e+92	  0.0010398	 6.0028e-05	     0.0000	     0.0000	 0.00075599	     0.0000	
1	17	 5.1477e-12	 4.0061e-11	     342.57	  0.0037606	-9.7531e+92	-9.7531e+92	 0.00037049	 6.1881e-05	     0.0000	     0.0000	 0.00074806	     0.0000	
1	18	    0.16982	     1.3216	     111.77	    0.30668	-9.7531e+92	-9.7531e+92	    0.48088	    0.13745	     0.0000	     0.0000	     2.0471	     0.0000	
1	19	 7.1813e-13	 5.5886e-12	     226.57	   0.019575	-9.7531e+92	-9.7531e+92	  0.0010023	 5.9063e-05	     0.0000	     0.0000	 0.00075740	     0.0000	
1	20	 5.0542e-12	 3.9333e-11	     199.20	   0.032652	-9.7531e+92	-9.7531e+92	  0.0023583	 5.8370e-05	     0.0000	     0.0000	 0.00076101	     0.0000	
1	21	   0.065915	    0.51296	     57.297	     2.1839	-9.7531e+92	-9.7531e+92	    0.17985	   0.044618	     0.0000	     0.0000	    0.81535	     0.0000	
1	22	 1.1796e-12	 9.1796e-12	     312.59	  0.0054224	-9.7531e+92	-9.7531e+92	 0.00057217	 6.1998e-05	     0.0000	     0.0000	 0.00075037	     0.0000	
1	23	  0.0016024	   0.012470	     132.72	    0.16037	-9.7531e+92	-9.7531e+92	    0.23738	  0.0012590	     0.0000	     0.0000	   0.019760	     0.0000	
1	24	 1.1958e-11	 9.3059e-11	     142.19	    0.12292	-9.7531e+92	-9.7531e+92	  0.0011563	 5.7708e-05	     0.0000	     0.0000	 0.00078573	     0.0000	
2	0	 0.00030254	  0.0012615	     211.35	   0.025814	-9.7531e+92	-9.7531e+92	   0.096466	 0.00035797	     0.0000	  -0.063495	 0.00085709	  -0.048130	
2	1	  0.0022442	  0.0093581	     184.62	   0.044134	-9.7531e+92	-9.7531e+92	   0.042180	  0.0022873	     0.0000	 -0.0069608	  0.0037611	 -0.0099747	
2	2	     0.0000	     0.0000	     0.0000	     4.0000	-9.7531e+92	-9.7531e+92	     2.2543	     0.0000	     2.0444	     0.0000	     0.0000	     0.0000	
2	3	    0.23805	    0.99263	     63.167	     1.7950	-9.7531e+92	-9.7531e+92	    0.34076	    0.10487	    0.20971	    0.45363	    -1.3941	   -0.88602	
2	4	    0.18017	    0.75131	     91.235	    0.63030	-9.7531e+92	-9.7531e+92	    0.25081	   0.084417	    0.17034	    0.43772	   -0.30261	   -0.26808	
2	5	  0.0020613	  0.0085955	     120.45	    0.23204	-9.7531e+92	-9.7531e+92	  0.0078652	  0.0022029	     0.0000	  -0.043902	 -0.0039031	   0.019662	
2	6	   0.012543	   0.052303	     118.53	    0.24644	-9.7531e+92	-9.7531e+92	   0.074403	   0.012443	     0.0000	     0.0000	  -0.017799	    0.10930	
2	7	 6.9134e-05	 0.00028828	     153.12	   0.092143	-9.7531e+92	-9.7531e+92	   0.046651	 0.00013509	     0.0000	     0.0000	-0.00022249	    0.13077	
2	8	 5.2365e-13	 2.1836e-12	     174.51	   0.055125	-9.7531e+92	-9.7531e+92	  0.0021120	 7.1126e-05	     0.0000	   -0.15958	-0.00015880	   0.022670	
2	9	 0.00012386	 0.00051650	     133.64	    0.15619	-9.7531e+92	-9.7531e+92	   0.018288	 0.00020068	     0.0000	  -0.068025	-0.00038983	   0.038418	
2	10	 9.7358e-13	 4.0597e-12	     213.20	   0.024934	-9.7531e+92	-9.7531e+92	 0.00021806	 7.3563e-05	     0.0000	  -0.012886	-0.00018056	  0.0011202	
2	11	 2.6826e-13	 1.1186e-12	     197.83	   0.033565	-9.7531e+92	-9.7531e+92	 0.00040612	 7.3652e-05	     0.0000	  -0.035365	-0.00017985	  0.0046146	
2	12	 7.3640e-16	 3.0707e-15	     181.48	   0.047226	-9.7531e+92	-9.7531e+92	 0.00038693	 7.2348e-05	     0.0000	  -0.020096	-0.00017585	  0.0016523	
2	13	    0.19020	    0.79313	     127.66	    0.18612	-9.7531e+92	-9.7531e+92	    0.27256	    0.18359	     0.0000	    0.21915	    0.43583	   0.041141	
2	14	    0.14980	    0.62466	     97.273	    0.50580	-9.7531e+92	-9.7531e+92	    0.28507	    0.10963	     0.0000	   0.060235	   -0.37190	 -0.0020188	
2	15	    0.19720	    0.82230	     21.827	     3.9312	-9.7531e+92	-9.7531e+92	    0.35851	    0.12324	   0.043202	    0.12570	   -0.14686	   -0.13612	
2	16	   0.013569	   0.056582	     68.097	     1.5042	-9.7531e+92	-9.7531e+92	   0.016896	   0.010595	   0.011777	   0.056475	   0.034004	  0.0081553	
2	17	 6.3954e-13	 2.6668e-12	     160.64	   0.076357	-9.7531e+92	-9.7531e+92	  0.0029661	 4.9624e-05	 0.00084954	 -0.0054016	 7.5365e-05	 0.00025376	
2	18	   0.013657	   0.056949	     137.27	    0.14087	-9.7531e+92	-9.7531e+92	   0.050588	   0.014063	     0.0000	   -0.93334	  -0.010991	   0.080677	
2	19	 1.3922e-08	 5.8054e-08	     139.30	    0.13308	-9.7531e+92	-9.7531e+92	  0.0020299	 6.8229e-05	     0.0000	  -0.047058	-0.00014387	  0.0045071	
2	20	 2.3455e-06	 9.7806e-06	     139.77	    0.13137	-9.7531e+92	-9.7531e+92	  0.0015613	 7.1556e-05	     0.0000	  -0.073232	-0.00015899	  0.0080210	
2	21	 4.5600e-13	 1.9015e-12	     197.19	   0.033993	-9.7531e+92	-9.7531e+92	   0.010851	 7.0731e-05	     0.0000	   -0.16841	-0.00013102	   0.041688	
2	22	 1.0022e-12	 4.1789e-12	     161.29	   0.075160	-9.7531e+92	-9.7531e+92	  0.0079762	 5.5952e-05	  0.0025849	  -0.019114	 2.2782e-05	  0.0015430	
2	23	 4.9022e-13	 2.0441e-12	     168.40	   0.063436	-9.7531e+92	-9.7531e+92	   0.025394	 6.7010e-05	     0.0000	   -0.21175	-0.00014729	    0.15104	
2	24	 4.2353e-13	 1.7661e-12	     210.29	   0.026336	-9.7531e+92	-9.7531e+92	 0.00023476	 7.3732e-05	     0.0000	 -0.0032925	-0.00017923	  0.0012817	
3	0	 8.9285e-11	 4.1119e-10	     273.88	  0.0091920	-9.7531e+92	-9.7531e+92	   0.058620	 4.0444e-05	     0.0000	  -0.050238	-0.00013145	    0.19613	
3	1	  0.0030623	   0.014103	     244.14	   0.014539	-9.7531e+92	-9.7531e+92	   0.032676	  0.0019459	     0.0000	 -0.0054110	 -0.0075705	    0.10524	
3	2	    0.31474	     1.4495	     63.167	     1.7950	-9.7531e+92	-9.7531e+92	    0.54831	   0.094572	    0.31652	    0.25445	    -2.2981	    -1.3289	
3	3	     0.0000	     0.0000	     0.0000	     4.0000	-9.7531e+92	-9.7531e+92	     2.4725	     0.0000	     2.3278	     0.0000	     0.0000	     0.0000	
3	4	    0.23533	     1.0838	     82.606	    0.87092	-9.7531e+92	-9.7531e+92	    0.34983	   0.062701	    0.26096	    0.46859	    -1.2177	   -0.80060	
3	5	 3.2286e-11	 1.4869e-10	     167.87	   0.064235	-9.7531e+92	-9.7531e+92	  0.0060252	 4.2996e-05	     0.0000	  -0.040869	-0.00035170	   0.050277	
3	6	  0.0023513	   0.010829	     180.81	   0.047921	-9.7531e+92	-9.7531e+92	   0.065198	  0.0014925	     0.0000	     0.0000	  -0.011840	    0.29531	
3	7	 8.0292e-11	 3.6978e-10	     215.68	   0.023812	-9.7531e+92	-9.7531e+92	   0.033037	 4.1346e-05	     0.0000	     0.0000	-0.00033895	    0.29704	
3	8	 2.4854e-11	 1.1446e-10	     221.29	   0.021502	-9.7531e+92	-9.7531e+92	  0.0015283	 4.3501e-05	     0.0000	   -0.12592	-0.00037408	   0.046578	
3	9	 3.0410e-11	 1.4005e-10	     191.41	   0.038254	-9.7531e+92	-9.7531e+92	   0.013733	 4.3519e-05	     0.0000	  -0.053988	-0.00036005	   0.081926	
3	10	 3.7860e-11	 1.7436e-10	     258.79	   0.011525	-9.7531e+92	-9.7531e+92	 0.00022940	 4.4880e-05	     0.0000	  -0.010168	-0.00038967	  0.0022161	
3	11	 1.7572e-11	 8.0924e-11	     244.71	   0.014404	-9.7531e+92	-9.7531e+92	 0.00033870	 4.4921e-05	     0.0000	  -0.027907	-0.00038832	  0.0091736	
3	12	 6.9484e-11	 3.2000e-10	     227.10	   0.019395	-9.7531e+92	-9.7531e+92	 0.00044740	 4.4171e-05	     0.0000	  -0.015858	-0.00038735	  0.0032761	
3	13	   0.027231	    0.12541	     188.65	   0.040519	-9.7531e+92	-9.7531e+92	    0.14043	   0.016552	     0.0000	   -0.15615	  -0.052280	    0.12897	
3	14	   0.086364	    0.39774	     161.01	   0.075671	-9.7531e+92	-9.7531e+92	    0.25836	   0.043107	     0.0000	  -0.090469	   -0.36643	   0.090429	
3	15	    0.33083	     1.5236	     84.108	    0.82281	-9.7531e+92	-9.7531e+92	    0.54425	    0.13631	    0.19601	    0.38746	    -1.4903	   -0.84043	
3	16	 1.6131e-11	 7.4292e-11	     111.94	    0.30495	-9.7531e+92	-9.7531e+92	  0.0060558	 3.5191e-05	 0.00040149	 -0.0058660	-0.00024659	  0.0040148	
3	17	 1.5688e-11	 7.2250e-11	     122.41	    0.21829	-9.7531e+92	-9.7531e+92	  0.0040966	 2.5870e-05	  0.0017590	 -0.0030404	-1.1255e-05	-7.0981e-05	
3	18	 9.8809e-05	 0.00045505	     199.21	   0.032649	-9.7531e+92	-9.7531e+92	   0.030991	 0.00010385	     0.0000	   -0.88293	-0.00073479	    0.26325	
3	19	 3.6015e-11	 1.6586e-10	     184.07	   0.044655	-9.7531e+92	-9.7531e+92	  0.0025403	 4.1842e-05	     0.0000	  -0.037134	-0.00036798	  0.0091858	
3	20	 3.3570e-11	 1.5460e-10	     185.64	   0.043179	-9.7531e+92	-9.7531e+92	  0.0014385	 4.2368e-05	     0.0000	  -0.057820	-0.00037280	   0.016439	
3	21	 1.2951e-11	 5.9643e-11	     259.71	   0.011362	-9.7531e+92	-9.7531e+92	  0.0071664	 4.3678e-05	     0.0000	   -0.13289	-0.00035396	   0.090500	
3	22	 8.9963e-11	 4.1432e-10	     164.94	   0.068842	-9.7531e+92	-9.7531e+92	   0.011083	 3.3720e-05	  0.0051288	  -0.014281	-0.00022583	  0.0036635	
3	23	 1.4531e-10	 6.6922e-10	     228.38	   0.018966	-9.7531e+92	-9.7531e+92	   0.015799	 4.1198e-05	     0.0000	   -0.16709	-0.00036588	    0.31678	
3	24	 4.7339e-11	 2.1802e-10	     270.69	  0.0096323	-9.7531e+92	-9.7531e+92	 0.00021485	 4.5098e-05	     0.0000	 -0.0025982	-0.00038838	  0.0025434	
4	0	 1.4992e-13	 3.9138e-13	     281.58	  0.0082298	-9.7531e+92	-9.7531e+92	   0.024103	 3.5423e-05	     0.0000	  -0.053088	-0.00054162	    0.86902	
4	1	 7.9089e-12	 2.0646e-11	     272.02	  0.0094459	-9.7531e+92	-9.7531e+92	   0.012026	 3.6511e-05	     0.0000	 -0.0060418	-0.00057228	    0.45385	
4	2	    0.39851	     1.0403	     91.235	    0.63030	-9.7531e+92	-9.7531e+92	    0.36220	    0.11557	    0.23081	    0.48338	    -5.0847	    -3.8201	
4	3	    0.33312	    0.86962	     82.606	    0.87092	-9.7531e+92	-9.7531e+92	    0.29675	   0.075821	    0.21471	    0.77032	    -4.6417	    -3.6242	
4	4	     0.0000	     0.0000	     0.0000	     4.0000	-9.7531e+92	-9.7531e+92	     1.3897	     0.0000	     1.3393	     0.0000	     0.0000	     0.0000	
4	5	 0.00033976	 0.00088695	     147.08	    0.10778	-9.7531e+92	-9.7531e+92	  0.0042771	 0.00022766	     0.0000	  -0.042103	 -0.0048193	    0.13784	
4	6	 3.5507e-06	 9.2691e-06	     179.35	   0.049487	-9.7531e+92	-9.7531e+92	   0.026252	 3.8060e-05	     0.0000	     0.0000	-0.00080402	    0.88173	
4	7	 8.6978e-12	 2.2706e-11	     209.16	   0.026904	-9.7531e+92	-9.7531e+92	   0.013182	 3.6134e-05	     0.0000	     0.0000	-0.00077721	    0.84947	
4	8	 2.7422e-13	 7.1586e-13	     186.41	   0.042479	-9.7531e+92	-9.7531e+92	  0.0012285	 3.7394e-05	     0.0000	   -0.13307	-0.00081395	    0.12829	
4	9	 3.3847e-12	 8.8358e-12	     223.28	   0.020749	-9.7531e+92	-9.7531e+92	  0.0052259	 3.7830e-05	     0.0000	  -0.057050	-0.00080082	    0.22847	
4	10	 1.2453e-12	 3.2508e-12	     204.61	   0.029363	-9.7531e+92	-9.7531e+92	 0.00023095	 3.8474e-05	     0.0000	  -0.010745	-0.00082956	  0.0060083	
4	11	 4.9012e-12	 1.2795e-11	     218.09	   0.022784	-9.7531e+92	-9.7531e+92	 0.00021807	 3.8567e-05	     0.0000	  -0.029490	-0.00082923	   0.024924	
4	12	 6.8727e-12	 1.7941e-11	     165.11	   0.068567	-9.7531e+92	-9.7531e+92	  0.0010116	 3.7745e-05	     0.0000	  -0.016758	-0.00082351	  0.0088909	
4	13	  0.0017480	  0.0045631	     217.30	   0.023117	-9.7531e+92	-9.7531e+92	   0.061205	 0.00096619	     0.0000	   -0.21939	  -0.014572	    0.77623	
4	14	  0.0089623	   0.023396	     184.55	   0.044193	-9.7531e+92	-9.7531e+92	   0.090959	  0.0042561	     0.0000	   -0.30791	  -0.087079	    0.98399	
4	15	    0.16676	    0.43534	     106.18	    0.37015	-9.7531e+92	-9.7531e+92	    0.21960	   0.069948	   0.022205	    0.28149	    -1.8862	   -0.92492	
4	16	  0.0046247	   0.012073	     75.439	     1.1432	-9.7531e+92	-9.7531e+92	  0.0063157	  0.0020871	  0.0031106	   0.015427	  -0.043522	  -0.030121	
4	17	   0.022308	   0.058235	     73.525	     1.2289	-9.7531e+92	-9.7531e+92	   0.015749	  0.0060843	   0.014424	   0.096882	  -0.086646	  -0.070950	
4	18	 0.00021569	 0.00056306	     186.18	   0.042684	-9.7531e+92	-9.7531e+92	   0.014239	 0.00015258	     0.0000	   -0.93169	 -0.0030871	    0.79577	
4	19	  0.0014366	  0.0037502	     119.82	    0.23665	-9.7531e+92	-9.7531e+92	  0.0087027	 0.00078992	  0.0023949	  -0.015290	  -0.017562	  0.0098254	
4	20	 1.3618e-05	 3.5550e-05	     135.08	    0.14987	-9.7531e+92	-9.7531e+92	  0.0032046	 4.3613e-05	     0.0000	  -0.060903	-0.00097311	   0.045077	
4	21	 4.2586e-12	 1.1117e-11	     253.96	   0.012424	-9.7531e+92	-9.7531e+92	  0.0028948	 3.7865e-05	     0.0000	   -0.14043	-0.00079296	    0.25466	
4	22	   0.061957	    0.16174	     82.638	    0.86986	-9.7531e+92	-9.7531e+92	   0.043489	   0.021880	   0.040114	    0.50622	   -0.40044	   -0.35141	
4	23	 7.5916e-12	 1.9818e-11	     212.30	   0.025355	-9.7531e+92	-9.7531e+92	  0.0073674	 3.5607e-05	     0.0000	   -0.17657	-0.00080593	    0.87967	
4	24	 3.2492e-12	 8.4821e-12	     253.16	   0.012581	-9.7531e+92	-9.7531e+92	 0.00011639	 3.8824e-05	     0.0000	 -0.0027456	-0.00082993	  0.0069050	
5	0	  0.0012998	  0.0018641	     169.69	   0.061568	-9.7531e+92	-9.7531e+92	   0.036223	 0.00034797	     0.0000	  -0.020872	  -0.023486	     1.4907	
5	1	 0.00043255	 0.00062032	     161.91	   0.074033	-9.7531e+92	-9.7531e+92	   0.016591	 0.00013188	     0.0000	 -0.0023846	 -0.0087720	    0.76597	
5	2	  0.0086273	   0.012372	     120.45	    0.23204	-9.7531e+92	-9.7531e+92	   0.012901	  0.0022589	     0.0000	   -0.11315	   -0.16714	    0.61561	
5	3	 2.8133e-05	 4.0346e-05	     167.87	   0.064235	-9.7531e+92	-9.7531e+92	  0.0042823	 2.5071e-05	     0.0000	   -0.13728	 -0.0018026	    0.45840	
5	4	 0.00011068	 0.00015873	     147.08	    0.10778	-9.7531e+92	-9.7531e+92	  0.0024636	 4.7547e-05	     0.0000	  -0.099755	 -0.0035409	    0.29287	
5	5	     0.0000	     0.0000	     0.0000	     4.0000	-9.7531e+92	-9.7531e+92	    0.73112	     0.0000	    0.71165	     0.0000	     0.0000	     0.0000	
5	6	    0.17629	    0.25282	     72.218	     1.2908	-9.7531e+92	-9.7531e+92	   0.087174	   0.046805	     0.0000	     0.0000	    -3.5454	    -1.3740	
5	7	  0.0076321	   0.010945	     89.752	    0.66590	-9.7531e+92	-9.7531e+92	   0.029781	  0.0020475	     0.0000	     0.0000	   -0.15620	     1.1665	
5	8	   0.061208	   0.087778	     54.235	     2.3987	-9.7531e+92	-9.7531e+92	   0.032469	   0.011373	   0.015171	   0.080272	    -1.0691	   -0.64217	
5	9	 3.1755e-07	 4.5540e-07	     134.70	    0.15149	-9.7531e+92	-9.7531e+92	  0.0063909	 1.8920e-05	     0.0000	  -0.022688	 -0.0013838	    0.34201	
5	10	 2.3871e-05	 3.4233e-05	     93.726	    0.57518	-9.7531e+92	-9.7531e+92	  0.0010642	 1.9211e-05	 0.00017639	 -0.0023021	 -0.0015753	  0.0069134	
5	11	 0.00077479	  0.0011111	     77.490	     1.0576	-9.7531e+92	-9.7531e+92	  0.0027319	 0.00020396	     0.0000	 -0.0058633	  -0.016245	   0.022843	
5	12	 0.00037348	 0.00053561	     80.590	    0.94012	-9.7531e+92	-9.7531e+92	  0.0023034	 9.2184e-05	  0.0010343	 -0.0020988	 -0.0077254	  0.0058990	
5	13	   0.057447	   0.082385	     125.66	    0.19761	-9.7531e+92	-9.7531e+92	   0.048852	   0.014950	     0.0000	  -0.039983	   -0.97780	    0.62029	
5	14	    0.22924	    0.32875	     108.09	    0.34690	-9.7531e+92	-9.7531e+92	    0.11460	   0.057060	     0.0000	    0.10623	    -4.1551	    -1.4070	
5	15	  0.0025503	  0.0036573	     104.94	    0.38615	-9.7531e+92	-9.7531e+92	   0.026555	 0.00067317	     0.0000	   -0.14756	  -0.052777	     1.1308	
5	16	 2.0597e-05	 2.9538e-05	     71.546	     1.3237	-9.7531e+92	-9.7531e+92	 0.00023774	 2.3609e-05	     0.0000	 -0.0034811	 -0.0017330	   0.017752	
5	17	 1.2290e-12	 1.7625e-12	     219.60	   0.022168	-9.7531e+92	-9.7531e+92	 7.5843e-05	 1.9326e-05	     0.0000	 -0.0032090	 -0.0014036	  0.0070892	
5	18	    0.27322	    0.39183	     53.346	     2.4617	-9.7531e+92	-9.7531e+92	    0.12960	   0.063306	   0.012306	    0.82311	    -5.4200	    -2.8866	
5	19	   0.022711	   0.032570	     64.874	     1.6901	-9.7531e+92	-9.7531e+92	   0.014507	  0.0042300	   0.011042	   0.061154	   -0.39946	   -0.26787	
5	20	   0.086082	    0.12345	     39.691	     3.3571	-9.7531e+92	-9.7531e+92	   0.036976	   0.016048	   0.030824	    0.19947	    -1.5374	    -1.1015	
5	21	 3.0858e-06	 4.4253e-06	     132.91	    0.15951	-9.7531e+92	-9.7531e+92	  0.0048843	 1.9569e-05	     0.0000	  -0.055841	 -0.0014334	    0.38263	
5	22	 1.0928e-13	 1.5672e-13	     151.89	   0.095092	-9.7531e+92	-9.7531e+92	 0.00014359	 1.7778e-05	     0.0000	 -0.0075298	 -0.0013529	   0.019551	
5	23	   0.071921	    0.10314	     65.633	     1.6449	-9.7531e+92	-9.7531e+92	   0.091624	   0.016726	     0.0000	 -0.0047446	    -1.4317	    0.17286	
5	24	 1.1778e-07	 1.6890e-07	     106.34	    0.36810	-9.7531e+92	-9.7531e+92	 0.00040423	 1.8519e-05	     0.0000	 -0.0010591	 -0.0013872	   0.010214	
6	0	   0.038062	   0.086275	     105.31	    0.38136	-9.7531e+92	-9.7531e+92	    0.10394	   0.032496	     0.0000	     0.0000	    0.24012	     0.0000	
6	1	    0.11754	    0.26644	     96.519	    0.51972	-9.7531e+92	-9.7531e+92	    0.10492	    0.12796	     0.0000	     0.0000	     1.2432	     0.0000	
6	2	  0.0013824	  0.0031335	     118.53	    0.24644	-9.7531e+92	-9.7531e+92	   0.019309	  0.0018473	     0.0000	     0.0000	   0.018222	     0.0000	
6	3	 2.6563e-05	 6.0209e-05	     180.81	   0.047921	-9.7531e+92	-9.7531e+92	  0.0073971	 0.00012395	     0.0000	     0.0000	  0.0012043	     0.0000	
6	4	 2.1804e-07	 4.9422e-07	     179.35	   0.049487	-9.7531e+92	-9.7531e+92	  0.0033483	 9.3064e-05	     0.0000	     0.0000	 0.00080800	     0.0000	
6	5	  0.0061498	   0.013940	     72.218	     1.2908	-9.7531e+92	-9.7531e+92	  0.0076590	  0.0076884	     0.0000	     0.0000	   0.079561	     0.0000	
6	6	     0.0000	     0.0000	     0.0000	     4.0000	-9.7531e+92	-9.7531e+92	     1.1871	     0.0000	    0.98974	     0.0000	     0.0000	     0.0000	
6	7	    0.24853	    0.56334	     34.871	     3.5904	-9.7531e+92	-9.7531e+92	    0.18618	    0.27899	     0.0000	     0.0000	     3.1002	     0.0000	
6	8	 9.7312e-05	 0.00022057	     109.28	    0.33318	-9.7531e+92	-9.7531e+92	  0.0035496	 0.00022738	     0.0000	     0.0000	  0.0019320	     0.0000	
6	9	   0.011127	   0.025222	     62.827	     1.8164	-9.7531e+92	-9.7531e+92	   0.023768	   0.012635	     0.0000	     0.0000	    0.15357	     0.0000	
6	10	 1.1618e-12	 2.6334e-12	     153.37	   0.091543	-9.7531e+92	-9.7531e+92	 0.00014306	 0.00010000	     0.0000	     0.0000	 0.00074396	     0.0000	
6	11	 3.9163e-08	 8.8771e-08	     117.04	    0.25846	-9.7531e+92	-9.7531e+92	 0.00056121	 9.7530e-05	     0.0000	     0.0000	 0.00075858	     0.0000	
6	12	 2.2547e-12	 5.1108e-12	     152.49	   0.093630	-9.7531e+92	-9.7531e+92	 0.00015267	 9.9282e-05	     0.0000	     0.0000	 0.00073976	     0.0000	
6	13	    0.18978	    0.43017	     53.773	     2.4314	-9.7531e+92	-9.7531e+92	    0.16042	    0.18519	     0.0000	     0.0000	     1.9492	     0.0000	
6	14	    0.27517	    0.62372	     41.508	     3.2546	-9.7531e+92	-9.7531e+92	    0.22784	    0.29531	     0.0000	     0.0000	     3.0171	     0.0000	
6	15	  0.0043726	  0.0099113	     96.746	    0.51548	-9.7531e+92	-9.7531e+92	   0.052003	  0.0052545	     0.0000	     0.0000	   0.053892	     0.0000	
6	16	 1.8534e-14	 4.2012e-14	     111.89	    0.30549	-9.7531e+92	-9.7531e+92	 0.00034628	 9.8437e-05	     0.0000	     0.0000	 0.00073988	     0.0000	
6	17	 6.2413e-13	 1.4147e-12	     251.72	   0.012870	-9.7531e+92	-9.7531e+92	 0.00011361	 0.00010235	     0.0000	     0.0000	 0.00071428	     0.0000	
6	18	    0.10255	    0.23245	     36.723	     3.5078	-9.7531e+92	-9.7531e+92	    0.10472	    0.12840	     0.0000	     0.0000	     1.2357	     0.0000	
6	19	 8.5956e-08	 1.9483e-07	     133.74	    0.15573	-9.7531e+92	-9.7531e+92	 0.00034441	 9.5247e-05	     0.0000	     0.0000	 0.00075573	     0.0000	
6	20	 6.0879e-05	 0.00013799	     111.59	    0.30852	-9.7531e+92	-9.7531e+92	 0.00080146	 0.00017775	     0.0000	     0.0000	  0.0014735	     0.0000	
6	21	  0.0018367	  0.0041632	     78.899	     1.0025	-9.7531e+92	-9.7531e+92	   0.018020	  0.0024108	     0.0000	     0.0000	   0.022591	     0.0000	
6	22	 5.0505e-13	 1.1448e-12	     216.08	   0.023641	-9.7531e+92	-9.7531e+92	 0.00018251	 0.00010214	     0.0000	     0.0000	 0.00072284	     0.0000	
6	23	  0.0033057	  0.0074930	     73.330	     1.2380	-9.7531e+92	-9.7531e+92	   0.053411	  0.0037922	     0.0000	     0.0000	   0.043723	     0.0000	
6	24	 2.0047e-06	 4.5439e-06	     108.13	    0.34637	-9.7531e+92	-9.7531e+92	 0.00028390	 9.7151e-05	     0.0000	     0.0000	 0.00080344	     0.0000	
7	0	    0.15169	    0.28399	     80.265	    0.95180	-9.7531e+92	-9.7531e+92	    0.12888	    0.14254	     0.0000	  0.0015223	     1.5760	  -0.038490	
7	1	    0.11731	    0.21963	     75.481	     1.1413	-9.7531e+92	-9.7531e+92	   0.086019	    0.10618	     0.0000	     0.0000	     1.0415	  -0.063385	
7	2	 0.00045266	 0.00084747	     153.12	   0.092143	-9.7531e+92	-9.7531e+92	   0.013359	 0.00067577	     0.0000	  -0.029491	  0.0075422	   0.059856	
7	3	 4.7499e-08	 8.8929e-08	     215.68	   0.023812	-9.7531e+92	-9.7531e+92	  0.0051263	 9.1089e-05	     0.0000	  -0.029937	 0.00099640	   0.037131	
7	4	 4.4670e-13	 8.3633e-13	     209.16	   0.026904	-9.7531e+92	-9.7531e+92	  0.0023341	 9.4036e-05	     0.0000	  -0.021889	 0.00092339	   0.024324	
7	5	  0.0019365	  0.0036256	     89.752	    0.66590	-9.7531e+92	-9.7531e+92	  0.0046793	  0.0027526	     0.0000	 -0.0032065	   0.027153	   0.015195	
7	6	    0.15216	    0.28487	     34.871	     3.5904	-9.7531e+92	-9.7531e+92	    0.11103	    0.15425	     0.0000	     0.0000	     2.1573	  -0.083018	
7	7	     0.0000	     0.0000	     0.0000	     4.0000	-9.7531e+92	-9.7531e+92	    0.98448	     0.0000	    0.82984	     0.0000	     0.0000	     0.0000	
7	8	 0.00041364	 0.00077442	     109.89	    0.32644	-9.7531e+92	-9.7531e+92	  0.0034222	 0.00068163	     0.0000	  -0.011133	  0.0063094	   0.015475	
7	9	   0.019884	   0.037227	     64.406	     1.7184	-9.7531e+92	-9.7531e+92	   0.022500	   0.019319	     0.0000	     0.0000	    0.33587	     0.0000	
7	10	 1.4072e-12	 2.6346e-12	     153.29	   0.091732	-9.7531e+92	-9.7531e+92	 0.00012356	 0.00010096	     0.0000	-0.00093102	 0.00084174	 0.00074837	
7	11	 1.8834e-06	 3.5262e-06	     112.26	    0.30176	-9.7531e+92	-9.7531e+92	 0.00053044	 0.00010066	     0.0000	 -0.0025531	 0.00088933	  0.0031030	
7	12	 7.4606e-13	 1.3968e-12	     158.06	   0.081372	-9.7531e+92	-9.7531e+92	 0.00012569	 0.00010014	     0.0000	 -0.0014520	 0.00083904	  0.0011076	
7	13	    0.12720	    0.23815	     57.312	     2.1828	-9.7531e+92	-9.7531e+92	    0.11443	    0.11547	     0.0000	  0.0041854	     1.3125	  -0.022927	
7	14	    0.22903	    0.42879	     65.464	     1.6549	-9.7531e+92	-9.7531e+92	    0.16448	    0.25637	     0.0000	   0.023097	     3.0939	   -0.11073	
7	15	 0.00033728	 0.00063146	     131.62	    0.16559	-9.7531e+92	-9.7531e+92	   0.035969	 0.00052001	     0.0000	  -0.033125	  0.0055101	   0.096657	
7	16	 7.0495e-13	 1.3198e-12	     137.28	    0.14083	-9.7531e+92	-9.7531e+92	 0.00024974	 9.9688e-05	     0.0000	-0.00085880	 0.00083881	  0.0015805	
7	17	 1.0675e-13	 1.9986e-13	     281.54	  0.0082346	-9.7531e+92	-9.7531e+92	 8.8975e-05	 0.00010248	     0.0000	-0.00069983	 0.00082906	 0.00059712	
7	18	    0.12906	    0.24162	     38.248	     3.4331	-9.7531e+92	-9.7531e+92	   0.098882	    0.16313	     0.0000	   0.046667	     1.7895	  -0.058447	
7	19	 3.9993e-12	 7.4876e-12	     154.38	   0.089237	-9.7531e+92	-9.7531e+92	 0.00025346	 9.6489e-05	     0.0000	 -0.0034000	 0.00085355	  0.0031483	
7	20	 1.2383e-05	 2.3184e-05	     126.68	    0.19164	-9.7531e+92	-9.7531e+92	 0.00059687	 0.00011257	     0.0000	 -0.0052786	  0.0010228	  0.0056318	
7	21	   0.063291	    0.11849	     44.967	     3.0407	-9.7531e+92	-9.7531e+92	   0.042405	   0.074911	     0.0000	   0.019411	    0.88990	  -0.050955	
7	22	 2.0358e-13	 3.8114e-13	     241.36	   0.015218	-9.7531e+92	-9.7531e+92	 0.00013723	 0.00010227	     0.0000	 -0.0018285	 0.00083568	  0.0016539	
7	23	  0.0069882	   0.013083	     58.677	     2.0891	-9.7531e+92	-9.7531e+92	   0.051561	  0.0081795	     0.0000	  -0.014013	    0.10149	    0.10081	
7	24	 0.00024448	 0.00045773	     84.614	    0.80724	-9.7531e+92	-9.7531e+92	 0.00036389	 0.00039552	     0.0000	-0.00014656	  0.0048344	 0.00053001	
8	0	 0.00085053	 0.00072818	     172.11	   0.058221	-9.7531e+92	-9.7531e+92	   0.017755	 0.00018929	     0.0000	  -0.018405	  -0.014835	     1.4768	
8	1	 9.8651e-05	 8.4460e-05	     184.58	   0.044171	-9.7531e+92	-9.7531e+92	  0.0048996	 3.5443e-05	     0.0000	 -0.0021067	 -0.0027311	    0.75960	
8	2	 5.1141e-05	 4.3784e-05	     174.51	   0.055125	-9.7531e+92	-9.7531e+92	  0.0021775	 2.5534e-05	     0.0000	   -0.11984	 -0.0021142	    0.72918	
8	3	 1.3296e-10	 1.1384e-10	     221.29	   0.021502	-9.7531e+92	-9.7531e+92	 0.00078875	 1.4681e-05	     0.0000	   -0.12068	 -0.0011839	    0.45097	
8	4	 9.9429e-08	 8.5126e-08	     186.41	   0.042479	-9.7531e+92	-9.7531e+92	 0.00059021	 1.4869e-05	     0.0000	  -0.088214	 -0.0012450	    0.28904	
8	5	    0.27804	    0.23804	     54.235	     2.3987	-9.7531e+92	-9.7531e+92	   0.070485	   0.053621	   0.058862	    0.17743	    -5.1489	    -3.9919	
8	6	   0.019560	   0.016746	     109.28	    0.33318	-9.7531e+92	-9.7531e+92	   0.021947	  0.0042960	     0.0000	     0.0000	   -0.36820	     1.0215	
8	7	  0.0026765	  0.0022915	     109.89	    0.32644	-9.7531e+92	-9.7531e+92	   0.011617	 0.00059554	     0.0000	     0.0000	  -0.051901	     1.2195	
8	8	     0.0000	     0.0000	     0.0000	     4.0000	-9.7531e+92	-9.7531e+92	    0.44379	     0.0000	    0.43346	     0.0000	     0.0000	     0.0000	
8	9	 8.3234e-13	 7.1260e-13	     171.65	   0.058843	-9.7531e+92	-9.7531e+92	  0.0015887	 1.5398e-05	     0.0000	  -0.019927	 -0.0012836	    0.33523	
8	10	   0.023228	   0.019887	     44.054	     3.0993	-9.7531e+92	-9.7531e+92	  0.0060205	  0.0032778	  0.0054905	   0.062510	   -0.30603	   -0.22411	
8	11	    0.11207	   0.095948	     32.525	     3.6821	-9.7531e+92	-9.7531e+92	   0.025635	   0.018429	   0.023611	    0.25406	    -1.7495	    -1.3543	
8	12	   0.013308	   0.011393	     55.069	     2.3397	-9.7531e+92	-9.7531e+92	  0.0044804	  0.0023425	  0.0037228	   0.057397	   -0.22245	   -0.16702	
8	13	   0.013423	   0.011492	     162.59	   0.072826	-9.7531e+92	-9.7531e+92	   0.015839	  0.0028641	     0.0000	  -0.067929	   -0.21559	     1.1842	
8	14	  0.0061345	  0.0052521	     146.54	    0.10935	-9.7531e+92	-9.7531e+92	   0.019410	  0.0013104	     0.0000	   -0.11122	   -0.10410	     1.6520	
8	15	 6.2017e-06	 5.3096e-06	     159.01	   0.079481	-9.7531e+92	-9.7531e+92	  0.0046145	 1.5755e-05	     0.0000	   -0.13412	 -0.0013745	     1.1478	
8	16	 2.9783e-13	 2.5499e-13	     112.87	    0.29583	-9.7531e+92	-9.7531e+92	 6.9502e-05	 1.5607e-05	     0.0000	 -0.0033973	 -0.0013046	   0.018352	
8	17	 7.8239e-13	 6.6984e-13	     258.50	   0.011577	-9.7531e+92	-9.7531e+92	 3.5348e-05	 1.5906e-05	     0.0000	 -0.0028206	 -0.0013083	  0.0069445	
8	18	    0.20042	    0.17159	     75.421	     1.1439	-9.7531e+92	-9.7531e+92	   0.075296	   0.035014	  0.0052749	    0.39238	    -3.7217	    -1.7609	
8	19	  0.0021486	  0.0018395	     80.536	    0.94205	-9.7531e+92	-9.7531e+92	  0.0073386	 0.00040464	  0.0052699	-0.00086340	  -0.040270	  0.0030478	
8	20	    0.12929	    0.11069	     51.987	     2.5582	-9.7531e+92	-9.7531e+92	   0.034506	   0.019609	   0.030833	    0.32353	    -2.1357	    -1.6492	
8	21	 3.1356e-05	 2.6845e-05	     132.38	    0.16196	-9.7531e+92	-9.7531e+92	  0.0023477	 2.2367e-05	     0.0000	  -0.048988	 -0.0018759	    0.37468	
8	22	 1.7888e-12	 1.5315e-12	     168.70	   0.062994	-9.7531e+92	-9.7531e+92	 5.6645e-05	 1.5140e-05	     0.0000	 -0.0070272	 -0.0012856	   0.019259	
8	23	    0.19721	    0.16884	     54.810	     2.3580	-9.7531e+92	-9.7531e+92	   0.083843	   0.035219	   0.012757	   0.028114	    -3.5835	    -1.6886	
8	24	  0.0014492	  0.0012408	     77.960	     1.0389	-9.7531e+92	-9.7531e+92	 0.00093211	 0.00033337	 0.00033075	  0.0011203	  -0.029059	  -0.012766	
9	0	   0.061774	   0.074466	     86.890	    0.74099	-9.7531e+92	-9.7531e+92	   0.057556	   0.019551	     0.0000	-0.00054656	    0.41279	  -0.010654	
9	1	   0.088106	    0.10621	     55.376	     2.3181	-9.7531e+92	-9.7531e+92	   0.051363	   0.024727	     0.0000	     0.0000	    0.48397	     0.0000	
9	2	  0.0015527	  0.0018717	     133.64	    0.15619	-9.7531e+92	-9.7531e+92	  0.0070919	 0.00061271	     0.0000	 -0.0074826	   0.012457	 -0.0096090	
9	3	 2.4936e-05	 3.0059e-05	     191.41	   0.038254	-9.7531e+92	-9.7531e+92	  0.0026430	 3.6260e-05	     0.0000	 -0.0077608	 0.00071337	 -0.0062035	
9	4	 5.8678e-12	 7.0735e-12	     223.28	   0.020749	-9.7531e+92	-9.7531e+92	  0.0012287	 2.7415e-05	     0.0000	 -0.0056791	 0.00050927	 -0.0037443	
9	5	 6.6448e-05	 8.0101e-05	     134.70	    0.15149	-9.7531e+92	-9.7531e+92	  0.0017248	 5.5545e-05	     0.0000	-0.00096609	  0.0010095	 -0.0025917	
9	6	    0.24590	    0.29643	     62.827	     1.8164	-9.7531e+92	-9.7531e+92	    0.10187	   0.090188	     0.0000	     0.0000	     1.8837	   0.030773	
9	7	    0.39662	    0.47811	     64.406	     1.7184	-9.7531e+92	-9.7531e+92	    0.14847	    0.14496	   0.048901	     0.0000	     3.0647	   0.060648	
9	8	 3.8757e-11	 4.6720e-11	     171.65	   0.058843	-9.7531e+92	-9.7531e+92	  0.0010968	 2.8751e-05	     0.0000	 -0.0029913	 0.00049717	 -0.0023013	
9	9	     0.0000	     0.0000	     0.0000	     4.0000	-9.7531e+92	-9.7531e+92	    0.61106	     0.0000	    0.58489	     0.0000	     0.0000	     0.0000	
9	10	 7.5629e-11	 9.1168e-11	     215.04	   0.024096	-9.7531e+92	-9.7531e+92	 6.2647e-05	 3.0076e-05	     0.0000	-0.00024155	 0.00049141	-0.00010556	
9	11	 9.1425e-12	 1.1021e-11	     175.31	   0.054135	-9.7531e+92	-9.7531e+92	 0.00019029	 2.9780e-05	     0.0000	-0.00066294	 0.00049310	-0.00043910	
9	12	 1.4158e-11	 1.7067e-11	     214.99	   0.024120	-9.7531e+92	-9.7531e+92	 6.6328e-05	 2.9738e-05	     0.0000	-0.00037672	 0.00049135	-0.00015640	
9	13	   0.087664	    0.10568	     9.0540	     3.9979	-9.7531e+92	-9.7531e+92	   0.061866	   0.024923	     0.0000	-0.00081061	    0.52468	 -0.0034545	
9	14	    0.10342	    0.12467	     38.749	     3.4073	-9.7531e+92	-9.7531e+92	   0.080783	   0.031104	     0.0000	 -0.0014186	    0.64315	 -0.0048403	
9	15	 0.00066176	 0.00079773	     117.55	    0.25424	-9.7531e+92	-9.7531e+92	   0.018008	 0.00027399	     0.0000	 -0.0085572	  0.0055487	  -0.014520	
9	16	 1.8045e-11	 2.1752e-11	     159.83	   0.077890	-9.7531e+92	-9.7531e+92	 0.00013682	 2.9092e-05	     0.0000	-0.00022281	 0.00049778	-0.00022158	
9	17	 2.2762e-11	 2.7439e-11	     293.28	  0.0069951	-9.7531e+92	-9.7531e+92	 5.4199e-05	 2.9954e-05	     0.0000	-0.00018157	 0.00049191	-8.4265e-05	
9	18	   0.010994	   0.013253	     96.665	    0.51699	-9.7531e+92	-9.7531e+92	   0.031998	  0.0044727	     0.0000	  -0.018179	   0.084930	  -0.013844	
9	19	 4.1378e-12	 4.9879e-12	     193.08	   0.036956	-9.7531e+92	-9.7531e+92	 0.00012068	 2.8668e-05	     0.0000	-0.00088212	 0.00049473	-0.00045041	
9	20	 8.8967e-12	 1.0725e-11	     174.09	   0.055651	-9.7531e+92	-9.7531e+92	 0.00023750	 2.8419e-05	     0.0000	 -0.0013735	 0.00049592	-0.00080994	
9	21	  0.0031124	  0.0037519	     83.320	    0.84769	-9.7531e+92	-9.7531e+92	   0.011193	  0.0011851	     0.0000	 -0.0027540	   0.024458	 -0.0040951	
9	22	 2.4390e-12	 2.9401e-12	     266.14	   0.010307	-9.7531e+92	-9.7531e+92	 7.9750e-05	 3.0006e-05	     0.0000	-0.00047439	 0.00049248	-0.00023463	
9	23	 9.9753e-05	 0.00012025	     121.73	    0.22293	-9.7531e+92	-9.7531e+92	   0.016332	 6.4192e-05	     0.0000	 -0.0039646	  0.0012603	  -0.015928	
9	24	 2.3434e-11	 2.8249e-11	     149.07	    0.10229	-9.7531e+92	-9.7531e+92	 0.00011579	 2.9005e-05	     0.0000	-6.1720e-05	 0.00049976	-0.00012153	
10	0	  0.0010553	 0.00041654	     210.64	   0.026161	-9.7531e+92	-9.7531e+92	  0.0040444	 3.0132e-05	     0.0000	 -0.0034712	 -0.0034314	    0.32603	
10	1	 3.8322e-05	 1.5126e-05	     228.04	   0.019080	-9.7531e+92	-9.7531e+92	  0.0012730	 2.9261e-06	     0.0000	-0.00039847	-0.00032765	    0.16803	
10	2	 5.8405e-07	 2.3053e-07	     213.20	   0.024934	-9.7531e+92	-9.7531e+92	 0.00085176	 1.8018e-06	     0.0000	  -0.022665	-0.00022786	    0.16070	
10	3	 8.7333e-11	 3.4471e-11	     258.79	   0.011525	-9.7531e+92	-9.7531e+92	 0.00031480	 1.8024e-06	     0.0000	  -0.022801	-0.00022372	   0.099327	
10	4	 3.3619e-11	 1.3270e-11	     204.61	   0.029363	-9.7531e+92	-9.7531e+92	 0.00036490	 1.8173e-06	     0.0000	  -0.016651	-0.00023357	   0.063548	
10	5	    0.16208	   0.063974	     93.726	    0.57518	-9.7531e+92	-9.7531e+92	   0.027943	  0.0044433	   0.022585	   0.026966	   -0.57809	   -0.50155	
10	6	  0.0013463	 0.00053138	     153.37	   0.091543	-9.7531e+92	-9.7531e+92	  0.0058040	 3.9157e-05	     0.0000	     0.0000	 -0.0049786	    0.28503	
10	7	 5.1490e-05	 2.0323e-05	     153.29	   0.091732	-9.7531e+92	-9.7531e+92	  0.0027193	 3.2621e-06	     0.0000	     0.0000	-0.00042011	    0.27675	
10	8	    0.41741	    0.16476	     44.054	     3.0993	-9.7531e+92	-9.7531e+92	   0.048304	  0.0097416	   0.043543	    0.22592	    -1.3910	    -1.2762	
10	9	 4.3372e-12	 1.7119e-12	     215.04	   0.024096	-9.7531e+92	-9.7531e+92	 0.00044349	 1.9230e-06	     0.0000	 -0.0037652	-0.00024051	   0.073615	
10	10	     0.0000	     0.0000	     0.0000	     4.0000	-9.7531e+92	-9.7531e+92	    0.19939	     0.0000	    0.19915	     0.0000	     0.0000	     0.0000	
10	11	   0.076775	   0.030304	     46.926	     2.9109	-9.7531e+92	-9.7531e+92	   0.010598	  0.0020916	  0.0096656	   0.057443	   -0.27164	   -0.24982	
10	12	    0.11968	   0.047238	     46.012	     2.9721	-9.7531e+92	-9.7531e+92	   0.013330	  0.0015117	   0.012980	   0.049026	   -0.14193	   -0.11946	
10	13	  0.0026784	  0.0010572	     205.99	   0.028587	-9.7531e+92	-9.7531e+92	  0.0040711	 7.4378e-05	     0.0000	  -0.014348	 -0.0083518	    0.29285	
10	14	  0.0011613	 0.00045838	     190.48	   0.038997	-9.7531e+92	-9.7531e+92	  0.0062096	 3.2632e-05	     0.0000	  -0.021877	 -0.0039096	    0.37964	
10	15	 6.7089e-12	 2.6480e-12	     197.67	   0.033672	-9.7531e+92	-9.7531e+92	  0.0015776	 1.7850e-06	     0.0000	  -0.025344	-0.00023604	    0.25226	
10	16	 2.2793e-12	 8.9967e-13	     147.94	    0.10538	-9.7531e+92	-9.7531e+92	 3.6744e-05	 1.9364e-06	     0.0000	-0.00064733	-0.00024456	  0.0040269	
10	17	 2.0571e-12	 8.1194e-13	     270.72	  0.0096279	-9.7531e+92	-9.7531e+92	 1.7367e-05	 1.9442e-06	     0.0000	-0.00053252	-0.00024432	  0.0015240	
10	18	   0.022156	  0.0087452	     118.82	    0.24422	-9.7531e+92	-9.7531e+92	   0.018284	 0.00058718	     0.0000	  -0.044852	  -0.076814	    0.19449	
10	19	   0.025315	  0.0099922	     85.643	    0.77653	-9.7531e+92	-9.7531e+92	  0.0081577	 0.00054534	  0.0072040	   0.016637	  -0.084654	  -0.072377	
10	20	    0.16038	   0.063304	     74.457	     1.1864	-9.7531e+92	-9.7531e+92	   0.023869	  0.0034622	   0.022176	    0.10240	   -0.52679	   -0.48400	
10	21	 1.5486e-11	 6.1126e-12	     171.26	   0.059366	-9.7531e+92	-9.7531e+92	 0.00053828	 1.9110e-06	     0.0000	 -0.0092681	-0.00023930	   0.082400	
10	22	 1.5352e-11	 6.0596e-12	     176.66	   0.052524	-9.7531e+92	-9.7531e+92	 3.4802e-05	 1.8336e-06	     0.0000	 -0.0012766	-0.00023972	  0.0041872	
10	23	  0.0096099	  0.0037931	     95.614	    0.53700	-9.7531e+92	-9.7531e+92	   0.016234	 0.00025384	     0.0000	 -0.0093785	  -0.034775	    0.25015	
10	24	 0.00025957	 0.00010246	     102.71	    0.41717	-9.7531e+92	-9.7531e+92	 0.00025498	 9.4571e-06	     0.0000	-0.00010724	 -0.0011917	  0.0013010	
11	0	  0.0044646	  0.0020386	     167.10	   0.065400	-9.7531e+92	-9.7531e+92	  0.0098821	 0.00019223	     0.0000	 -0.0038656	  -0.014947	    0.29560	
11	1	 0.00033108	 0.00015117	     185.20	   0.043588	-9.7531e+92	-9.7531e+92	  0.0022532	 1.7518e-05	     0.0000	-0.00045521	 -0.0013398	    0.15644	
11	2	 2.8471e-06	 1.3000e-06	     197.83	   0.033565	-9.7531e+92	-9.7531e+92	 0.00069057	 3.0486e-06	     0.0000	  -0.026026	-0.00025513	    0.15099	
11	3	 7.4225e-12	 3.3892e-12	     244.71	   0.014404	-9.7531e+92	-9.7531e+92	 0.00026390	 2.9626e-06	     0.0000	  -0.026184	-0.00024203	   0.093290	
11	4	 1.1442e-11	 5.2244e-12	     218.09	   0.022784	-9.7531e+92	-9.7531e+92	 0.00016820	 2.9987e-06	     0.0000	  -0.019145	-0.00025397	   0.059806	
11	5	   0.070675	   0.032271	     77.490	     1.0576	-9.7531e+92	-9.7531e+92	   0.015724	  0.0030530	  0.0095252	   0.011804	   -0.27284	   -0.18196	
11	6	  0.0042949	  0.0019611	     117.04	    0.25846	-9.7531e+92	-9.7531e+92	  0.0084172	 0.00019465	     0.0000	     0.0000	  -0.016718	    0.25911	
11	7	 0.00098261	 0.00044867	     112.26	    0.30176	-9.7531e+92	-9.7531e+92	  0.0059790	 4.6508e-05	     0.0000	     0.0000	 -0.0040569	    0.25770	
11	8	    0.27150	    0.12397	     32.525	     3.6821	-9.7531e+92	-9.7531e+92	   0.035390	  0.0072008	   0.029883	   0.075809	   -0.73243	   -0.53366	
11	9	 6.3518e-12	 2.9003e-12	     175.31	   0.054135	-9.7531e+92	-9.7531e+92	 0.00067177	 3.1240e-06	     0.0000	 -0.0043235	-0.00026220	   0.069371	
11	10	  0.0046864	  0.0021398	     46.926	     2.9109	-9.7531e+92	-9.7531e+92	  0.0010971	 0.00015835	 0.00081441	  0.0029704	  -0.012230	 -0.0080506	
11	11	     0.0000	     0.0000	     0.0000	     4.0000	-9.7531e+92	-9.7531e+92	    0.23064	     0.0000	    0.22956	     0.0000	     0.0000	     0.0000	
11	12	  0.0028049	  0.0012808	     77.218	     1.0686	-9.7531e+92	-9.7531e+92	 0.00081183	 0.00011437	 0.00040777	  0.0023900	  -0.010037	 -0.0056958	
11	13	  0.0016039	 0.00073237	     166.60	   0.066184	-9.7531e+92	-9.7531e+92	  0.0065225	 7.2411e-05	     0.0000	  -0.016649	 -0.0054567	    0.27660	
11	14	  0.0021836	 0.00099705	     157.91	   0.081669	-9.7531e+92	-9.7531e+92	  0.0067819	 9.6719e-05	     0.0000	  -0.024917	 -0.0077195	    0.35279	
11	15	 6.5416e-11	 2.9869e-11	     182.32	   0.046370	-9.7531e+92	-9.7531e+92	  0.0015771	 2.9178e-06	     0.0000	  -0.029102	-0.00025693	    0.23751	
11	16	 2.7040e-12	 1.2347e-12	     142.85	    0.12075	-9.7531e+92	-9.7531e+92	 2.6383e-05	 3.1798e-06	     0.0000	-0.00074892	-0.00026743	  0.0037981	
11	17	 2.3140e-12	 1.0566e-12	     290.18	  0.0072979	-9.7531e+92	-9.7531e+92	 1.7186e-05	 3.2092e-06	     0.0000	-0.00061208	-0.00026717	  0.0014372	
11	18	    0.48017	    0.21925	     81.269	    0.91620	-9.7531e+92	-9.7531e+92	   0.068495	   0.018309	   0.031150	    0.32197	    -1.8152	    -1.2204	
11	19	 6.4673e-05	 2.9531e-05	     108.78	    0.33886	-9.7531e+92	-9.7531e+92	  0.0011615	 5.4493e-06	 5.8144e-05	 -0.0026320	-0.00050624	  0.0073566	
11	20	   0.015060	  0.0068764	     83.734	    0.83452	-9.7531e+92	-9.7531e+92	  0.0051574	 0.00058547	  0.0031987	  0.0092152	  -0.056552	  -0.033564	
11	21	 5.3272e-05	 2.4324e-05	     128.65	    0.18069	-9.7531e+92	-9.7531e+92	  0.0013897	 5.5585e-06	     0.0000	  -0.010619	-0.00046879	   0.077463	
11	22	 3.2884e-12	 1.5015e-12	     200.45	   0.031856	-9.7531e+92	-9.7531e+92	 2.2285e-05	 3.1317e-06	     0.0000	 -0.0015831	-0.00026467	  0.0039857	
11	23	    0.11685	   0.053355	     53.605	     2.4433	-9.7531e+92	-9.7531e+92	   0.050428	  0.0045542	   0.012516	  0.0029979	   -0.44121	   -0.10548	
11	24	   0.024272	   0.011083	     56.094	     2.2676	-9.7531e+92	-9.7531e+92	  0.0029985	  0.0010733	  0.0026778	  0.0069005	  -0.090602	  -0.073174	
12	0	 0.00018516	 7.8371e-05	     226.76	   0.019512	-9.7531e+92	-9.7531e+92	  0.0034601	 1.2944e-05	     0.0000	 -0.0070460	 -0.0012014	    0.51306	
12	1	 2.1608e-05	 9.1461e-06	     231.78	   0.017881	-9.7531e+92	-9.7531e+92	  0.0012153	 4.7063e-06	     0.0000	-0.00080289	-0.00043023	    0.26280	
12	2	 0.00092397	 0.00039109	     181.48	   0.047226	-9.7531e+92	-9.7531e+92	  0.0013563	 5.0248e-05	     0.0000	  -0.044804	 -0.0052609	    0.24792	
12	3	 9.7294e-11	 4.1182e-11	     227.10	   0.019395	-9.7531e+92	-9.7531e+92	 0.00051749	 3.4122e-06	     0.0000	  -0.045913	-0.00035105	    0.15601	
12	4	 0.00039679	 0.00016795	     165.11	   0.068567	-9.7531e+92	-9.7531e+92	  0.0010239	 2.3653e-05	     0.0000	  -0.032664	 -0.0025493	   0.098002	
12	5	    0.14975	   0.063384	     80.590	    0.94012	-9.7531e+92	-9.7531e+92	   0.028861	  0.0077487	   0.023115	   0.046668	   -0.83886	   -0.72315	
12	6	  0.0020054	 0.00084884	     152.49	   0.093630	-9.7531e+92	-9.7531e+92	  0.0056030	 0.00010938	     0.0000	     0.0000	  -0.011483	    0.44555	
12	7	 0.00020371	 8.6226e-05	     158.06	   0.081372	-9.7531e+92	-9.7531e+92	  0.0024518	 1.4215e-05	     0.0000	     0.0000	 -0.0015119	    0.43535	
12	8	    0.11935	   0.050516	     55.069	     2.3397	-9.7531e+92	-9.7531e+92	   0.024079	  0.0058146	   0.018974	    0.13601	   -0.65618	   -0.55937	
12	9	 1.5261e-11	 6.4595e-12	     214.99	   0.024120	-9.7531e+92	-9.7531e+92	 0.00044009	 3.6569e-06	     0.0000	 -0.0075842	-0.00037871	    0.11611	
12	10	    0.17682	   0.074844	     46.012	     2.9721	-9.7531e+92	-9.7531e+92	   0.019877	  0.0071309	   0.019615	    0.29687	   -0.70228	   -0.65085	
12	11	   0.016915	  0.0071596	     77.218	     1.0686	-9.7531e+92	-9.7531e+92	  0.0040844	 0.00090615	  0.0030841	   0.024027	  -0.096349	  -0.078847	
12	12	     0.0000	     0.0000	     0.0000	     4.0000	-9.7531e+92	-9.7531e+92	    0.21652	     0.0000	    0.21615	     0.0000	     0.0000	     0.0000	
12	13	  0.0047848	  0.0020253	     205.94	   0.028617	-9.7531e+92	-9.7531e+92	  0.0040681	 0.00025125	     0.0000	  -0.028304	  -0.023017	    0.44772	
12	14	  0.0015867	 0.00067161	     188.63	   0.040536	-9.7531e+92	-9.7531e+92	  0.0065045	 8.3704e-05	     0.0000	  -0.043918	 -0.0082328	    0.59241	
12	15	 0.00011073	 4.6870e-05	     166.81	   0.065853	-9.7531e+92	-9.7531e+92	  0.0019038	 9.0088e-06	     0.0000	  -0.050976	-0.00098700	    0.39686	
12	16	 4.1833e-12	 1.7706e-12	     115.95	    0.26758	-9.7531e+92	-9.7531e+92	 7.5103e-05	 3.6573e-06	     0.0000	 -0.0012961	-0.00038455	  0.0063582	
12	17	 4.7041e-11	 1.9911e-11	     225.22	   0.020047	-9.7531e+92	-9.7531e+92	 2.5869e-05	 3.6561e-06	     0.0000	 -0.0010679	-0.00038405	  0.0024058	
12	18	   0.023884	   0.010109	     120.73	    0.22996	-9.7531e+92	-9.7531e+92	   0.016494	  0.0012208	     0.0000	  -0.087877	   -0.13001	    0.29716	
12	19	    0.22236	   0.094117	     44.530	     3.0689	-9.7531e+92	-9.7531e+92	   0.031047	  0.0047985	   0.030024	    0.13666	   -0.73413	   -0.66405	
12	20	    0.27408	    0.11601	     45.010	     3.0379	-9.7531e+92	-9.7531e+92	   0.040406	   0.010435	   0.038591	    0.29213	    -1.3891	    -1.2909	
12	21	 3.7563e-11	 1.5899e-11	     187.39	   0.041605	-9.7531e+92	-9.7531e+92	 0.00046530	 3.6394e-06	     0.0000	  -0.018669	-0.00037671	    0.12993	
12	22	 1.0442e-10	 4.4199e-11	     131.16	    0.16782	-9.7531e+92	-9.7531e+92	 8.4080e-05	 3.0533e-06	     0.0000	 -0.0020331	-0.00035415	  0.0061713	
12	23	  0.0066280	  0.0028054	     109.85	    0.32696	-9.7531e+92	-9.7531e+92	   0.012538	 0.00033818	     0.0000	  -0.020869	  -0.037977	    0.41061	
12	24	 5.6896e-11	 2.4083e-11	     132.31	    0.16230	-9.7531e+92	-9.7531e+92	 0.00012434	 3.6941e-06	     0.0000	-0.00036490	-0.00038467	  0.0034669	
13	0	    0.49796	     4.3733	     86.013	    0.76580	-9.7531e+92	-9.7531e+92	     1.2887	    0.51398	    0.28888	     0.0000	     4.0244	   -0.43132	
13	1	    0.10081	    0.88535	     57.043	     2.2015	-9.7531e+92	-9.7531e+92	    0.38906	    0.12148	     0.0000	  0.0010532	     1.0855	  -0.052199	
13	2	  0.0030818	   0.027065	     127.66	    0.18612	-9.7531e+92	-9.7531e+92	   0.057230	  0.0037347	     0.0000	  -0.073508	   0.034586	   0.071617	
13	3	 3.0944e-05	 0.00027176	     188.65	   0.040519	-9.7531e+92	-9.7531e+92	   0.020849	 0.00013389	     0.0000	  -0.078692	  0.0012387	   0.046340	
13	4	 1.4429e-11	 1.2672e-10	     217.30	   0.023117	-9.7531e+92	-9.7531e+92	  0.0097536	 9.6993e-05	     0.0000	  -0.057595	 0.00081697	   0.031848	
13	5	 0.00016442	  0.0014439	     125.66	    0.19761	-9.7531e+92	-9.7531e+92	   0.012510	 0.00035005	     0.0000	 -0.0097264	  0.0027642	   0.023495	
13	6	   0.057219	    0.50251	     53.773	     2.4314	-9.7531e+92	-9.7531e+92	    0.38356	   0.071235	     0.0000	     0.0000	    0.69320	   0.050366	
13	7	    0.10869	    0.95457	     57.312	     2.1828	-9.7531e+92	-9.7531e+92	    0.46794	    0.13882	     0.0000	     0.0000	     1.3366	  -0.044729	
13	8	 9.4439e-12	 8.2939e-11	     162.59	   0.072826	-9.7531e+92	-9.7531e+92	  0.0094324	 0.00010653	     0.0000	  -0.030337	 0.00075672	   0.021735	
13	9	   0.041091	    0.36087	     9.0540	     3.9979	-9.7531e+92	-9.7531e+92	    0.15151	   0.058418	     0.0000	   0.011646	    0.50877	  -0.034512	
13	10	 3.6221e-11	 3.1810e-10	     205.99	   0.028587	-9.7531e+92	-9.7531e+92	 0.00047725	 0.00011363	     0.0000	 -0.0024497	 0.00071554	  0.0010235	
13	11	 4.2003e-13	 3.6888e-12	     166.60	   0.066184	-9.7531e+92	-9.7531e+92	  0.0016113	 0.00011106	     0.0000	 -0.0067232	 0.00073012	  0.0042426	
13	12	 1.0365e-11	 9.1031e-11	     205.94	   0.028617	-9.7531e+92	-9.7531e+92	 0.00049760	 0.00011253	     0.0000	 -0.0038205	 0.00071486	  0.0015140	
13	13	     0.0000	     0.0000	     0.0000	     4.0000	-9.7531e+92	-9.7531e+92	     4.6627	     0.0000	     3.7453	     0.0000	     0.0000	     0.0000	
13	14	    0.14288	     1.2548	     32.765	     3.6733	-9.7531e+92	-9.7531e+92	    0.61359	    0.17106	     0.0000	  0.0092247	     1.6366	  -0.019668	
13	15	  0.0027455	   0.024112	     111.52	    0.30921	-9.7531e+92	-9.7531e+92	    0.14057	  0.0036312	     0.0000	  -0.084373	   0.034098	    0.12380	
13	16	 8.7304e-11	 7.6673e-10	     153.85	   0.090443	-9.7531e+92	-9.7531e+92	  0.0010601	 0.00010632	     0.0000	 -0.0022597	 0.00075465	  0.0021677	
13	17	 2.1403e-11	 1.8797e-10	     287.27	  0.0075975	-9.7531e+92	-9.7531e+92	 0.00040389	 0.00011019	     0.0000	 -0.0018414	 0.00072755	 0.00081646	
13	18	   0.032094	    0.28186	     87.611	    0.72124	-9.7531e+92	-9.7531e+92	    0.29149	   0.046550	     0.0000	   -0.12947	    0.39943	   0.079622	
13	19	 1.9208e-11	 1.6869e-10	     184.51	   0.044238	-9.7531e+92	-9.7531e+92	 0.00090180	 0.00010801	     0.0000	 -0.0089461	 0.00073452	  0.0042771	
13	20	 6.8184e-11	 5.9881e-10	     165.04	   0.068678	-9.7531e+92	-9.7531e+92	  0.0018249	 0.00010661	     0.0000	  -0.013930	 0.00074284	  0.0076649	
13	21	   0.012688	    0.11143	     76.619	     1.0932	-9.7531e+92	-9.7531e+92	    0.12730	   0.010753	     0.0000	     0.0000	    0.19269	     0.0000	
13	22	 1.0274e-11	 9.0227e-11	     260.15	   0.011286	-9.7531e+92	-9.7531e+92	 0.00060607	 0.00011146	     0.0000	 -0.0048110	 0.00072788	  0.0022559	
13	23	 0.00053814	  0.0047261	     113.01	    0.29441	-9.7531e+92	-9.7531e+92	    0.14701	 0.00080516	     0.0000	  -0.039995	  0.0074345	    0.14765	
13	24	 1.2599e-11	 1.1065e-10	     142.21	    0.12286	-9.7531e+92	-9.7531e+92	 0.00086895	 0.00010377	     0.0000	-0.00059591	 0.00079472	  0.0011757	
14	0	    0.11612	    0.79785	     114.85	    0.27729	-9.7531e+92	-9.7531e+92	    0.34902	    0.16431	     0.0000	     0.0000	     1.9720	     0.0000	
14	1	   0.075544	    0.51907	     88.839	    0.68891	-9.7531e+92	-9.7531e+92	    0.21642	    0.10349	     0.0000	     0.0000	     1.1271	     0.0000	
14	2	   0.075649	    0.51979	     97.273	    0.50580	-9.7531e+92	-9.7531e+92	    0.28462	    0.11636	     0.0000	     0.0000	     1.4438	     0.0000	
14	3	 0.00096955	  0.0066618	     161.01	   0.075671	-9.7531e+92	-9.7531e+92	    0.11026	  0.0016932	     0.0000	     0.0000	   0.020228	     0.0000	
14	4	 2.4781e-05	 0.00017027	     184.55	   0.044193	-9.7531e+92	-9.7531e+92	   0.048316	 0.00016710	     0.0000	     0.0000	  0.0018337	     0.0000	
14	5	  0.0069919	   0.048042	     108.09	    0.34690	-9.7531e+92	-9.7531e+92	   0.023477	   0.012394	     0.0000	     0.0000	    0.14574	     0.0000	
14	6	   0.077413	    0.53191	     41.508	     3.2546	-9.7531e+92	-9.7531e+92	    0.28981	    0.11454	     0.0000	     0.0000	     1.5540	     0.0000	
14	7	   0.052226	    0.35884	     65.464	     1.6549	-9.7531e+92	-9.7531e+92	    0.22497	   0.080879	     0.0000	     0.0000	     1.0670	     0.0000	
14	8	 3.8692e-11	 2.6585e-10	     146.54	    0.10935	-9.7531e+92	-9.7531e+92	  0.0066461	 0.00013754	     0.0000	     0.0000	  0.0012708	     0.0000	
14	9	   0.061275	    0.42102	     38.749	     3.4073	-9.7531e+92	-9.7531e+92	    0.13684	    0.10864	     0.0000	     0.0000	     1.2554	     0.0000	
14	10	 2.8635e-12	 1.9675e-11	     190.48	   0.038997	-9.7531e+92	-9.7531e+92	 0.00037731	 0.00014612	     0.0000	     0.0000	  0.0012302	     0.0000	
14	11	 1.7954e-11	 1.2336e-10	     157.91	   0.081669	-9.7531e+92	-9.7531e+92	  0.0011141	 0.00014506	     0.0000	     0.0000	  0.0012307	     0.0000	
14	12	 2.9846e-11	 2.0507e-10	     188.63	   0.040536	-9.7531e+92	-9.7531e+92	 0.00044696	 0.00014448	     0.0000	     0.0000	  0.0012305	     0.0000	
14	13	   0.081035	    0.55679	     32.765	     3.6733	-9.7531e+92	-9.7531e+92	    0.32139	    0.11019	     0.0000	     0.0000	     1.3467	     0.0000	
14	14	     0.0000	     0.0000	     0.0000	     4.0000	-9.7531e+92	-9.7531e+92	     3.7241	     0.0000	     2.8493	     0.0000	     0.0000	     0.0000	
14	15	    0.40100	     2.7553	     78.991	    0.99899	-9.7531e+92	-9.7531e+92	    0.79754	    0.57293	    0.27798	     0.0000	     8.1229	     0.0000	
14	16	 2.1601e-11	 1.4842e-10	     121.20	    0.22662	-9.7531e+92	-9.7531e+92	  0.0042890	 0.00012581	     0.0000	     0.0000	  0.0013940	     0.0000	
14	17	 9.7887e-12	 6.7259e-11	     254.84	   0.012253	-9.7531e+92	-9.7531e+92	 0.00077449	 0.00014028	     0.0000	     0.0000	  0.0012489	     0.0000	
14	18	   0.044736	    0.30738	     78.249	     1.0276	-9.7531e+92	-9.7531e+92	    0.18412	   0.086644	     0.0000	     0.0000	    0.91770	     0.0000	
14	19	 1.2772e-10	 8.7755e-10	     166.55	   0.066257	-9.7531e+92	-9.7531e+92	  0.0012280	 0.00013743	     0.0000	     0.0000	  0.0012604	     0.0000	
14	20	 7.6205e-12	 5.2361e-11	     147.73	    0.10597	-9.7531e+92	-9.7531e+92	  0.0021724	 0.00013571	     0.0000	     0.0000	  0.0012694	     0.0000	
14	21	  0.0059937	   0.041183	     101.18	    0.44014	-9.7531e+92	-9.7531e+92	   0.046835	   0.010960	     0.0000	     0.0000	    0.11955	     0.0000	
14	22	 3.2408e-11	 2.2267e-10	     227.39	   0.019298	-9.7531e+92	-9.7531e+92	  0.0017451	 0.00014277	     0.0000	     0.0000	  0.0012449	     0.0000	
14	23	  0.0010243	  0.0070380	     114.84	    0.27739	-9.7531e+92	-9.7531e+92	   0.093251	  0.0019719	     0.0000	     0.0000	   0.021325	     0.0000	
14	24	 2.6821e-12	 1.8429e-11	     150.00	   0.099849	-9.7531e+92	-9.7531e+92	 0.00058283	 0.00014020	     0.0000	     0.0000	  0.0012552	     0.0000	
15	0	 0.00069333	  0.0014640	     189.51	   0.039789	-9.7531e+92	-9.7531e+92	   0.046480	  0.0010173	     0.0000	  -0.050637	   0.013396	   -0.74612	
15	1	  0.0055482	   0.011715	     167.83	   0.064291	-9.7531e+92	-9.7531e+92	   0.027211	  0.0075751	     0.0000	 -0.0052350	   0.094311	   -0.33511	
15	2	    0.28888	    0.60999	     21.827	     3.9312	-9.7531e+92	-9.7531e+92	    0.20326	    0.26523	   0.096983	     1.0000	     3.7934	     1.3583	
15	3	    0.16597	    0.35045	     84.108	    0.82281	-9.7531e+92	-9.7531e+92	    0.12708	    0.12813	   0.060718	    0.61328	     1.8222	    0.54508	
15	4	   0.021325	   0.045030	     106.18	    0.37015	-9.7531e+92	-9.7531e+92	   0.046358	   0.021242	  0.0056123	   0.019119	    0.32453	   0.012192	
15	5	  0.0093779	   0.019802	     104.94	    0.38615	-9.7531e+92	-9.7531e+92	  0.0078122	   0.013817	     0.0000	  -0.012724	    0.14070	  -0.024062	
15	6	    0.11494	    0.24271	     96.746	    0.51548	-9.7531e+92	-9.7531e+92	   0.089963	    0.15541	     0.0000	     0.0000	     1.7464	    0.16365	
15	7	 0.00056287	  0.0011885	     131.62	    0.16559	-9.7531e+92	-9.7531e+92	   0.031231	 0.00086749	     0.0000	     0.0000	  0.0094725	   -0.47954	
15	8	 7.6080e-14	 1.6065e-13	     159.01	   0.079481	-9.7531e+92	-9.7531e+92	  0.0013153	 0.00010419	     0.0000	   -0.12770	 0.00094722	  -0.068825	
15	9	 0.00069809	  0.0014740	     117.55	    0.25424	-9.7531e+92	-9.7531e+92	   0.011445	  0.0011385	     0.0000	  -0.052986	   0.011252	   -0.12099	
15	10	 6.5484e-13	 1.3827e-12	     197.67	   0.033672	-9.7531e+92	-9.7531e+92	 0.00010952	 0.00010848	     0.0000	  -0.010312	 0.00092321	 -0.0031410	
15	11	 1.1138e-12	 2.3518e-12	     182.32	   0.046370	-9.7531e+92	-9.7531e+92	 0.00023274	 0.00010843	     0.0000	  -0.028301	 0.00092410	  -0.013075	
15	12	 5.8162e-14	 1.2281e-13	     166.81	   0.065853	-9.7531e+92	-9.7531e+92	 0.00015480	 0.00010691	     0.0000	  -0.016082	 0.00092617	 -0.0046553	
15	13	   0.094954	    0.20050	     111.52	    0.30921	-9.7531e+92	-9.7531e+92	    0.10261	    0.12606	     0.0000	  -0.019675	     1.6666	  -0.063491	
15	14	    0.28021	    0.59168	     78.991	    0.99899	-9.7531e+92	-9.7531e+92	    0.21284	    0.20617	     0.0000	     0.0000	     1.8165	    0.33754	
15	15	     0.0000	     0.0000	     0.0000	     4.0000	-9.7531e+92	-9.7531e+92	     1.1441	     0.0000	    0.98441	     0.0000	     0.0000	     0.0000	
15	16	  0.0050712	   0.010708	     65.362	     1.6609	-9.7531e+92	-9.7531e+92	  0.0044509	  0.0062174	  0.0018584	   0.027183	   0.093597	   0.024142	
15	17	 4.9930e-14	 1.0543e-13	     175.81	   0.053534	-9.7531e+92	-9.7531e+92	 0.00059312	 8.7821e-05	     0.0000	 -0.0066720	  0.0010698	 -0.0025077	
15	18	   0.011726	   0.024760	     116.73	    0.26100	-9.7531e+92	-9.7531e+92	   0.030005	   0.017620	     0.0000	   -0.76805	    0.18468	   -0.42006	
15	19	 2.6618e-06	 5.6206e-06	     131.26	    0.16732	-9.7531e+92	-9.7531e+92	 0.00059350	 0.00010550	     0.0000	  -0.037615	 0.00099148	  -0.013441	
15	20	 3.6038e-05	 7.6096e-05	     124.66	    0.20372	-9.7531e+92	-9.7531e+92	 0.00077714	 0.00015638	     0.0000	  -0.058136	  0.0014658	  -0.024007	
15	21	 3.8966e-12	 8.2278e-12	     175.65	   0.053734	-9.7531e+92	-9.7531e+92	  0.0058576	 0.00010120	     0.0000	   -0.13477	 0.00097756	   -0.14129	
15	22	 3.7201e-13	 7.8551e-13	     163.21	   0.071746	-9.7531e+92	-9.7531e+92	  0.0015204	 9.5255e-05	     0.0000	  -0.019231	  0.0010178	 -0.0069930	
15	23	 9.6353e-08	 2.0345e-07	     149.47	    0.10124	-9.7531e+92	-9.7531e+92	   0.015236	 9.6748e-05	     0.0000	   -0.16945	 0.00096414	   -0.47814	
15	24	 6.2681e-13	 1.3236e-12	     189.75	   0.039594	-9.7531e+92	-9.7531e+92	 0.00012810	 0.00010767	     0.0000	 -0.0026348	 0.00092902	 -0.0036178	
16	0	 2.6189e-05	 6.1850e-06	     217.18	   0.023165	-9.7531e+92	-9.7531e+92	  0.0030023	 2.3765e-06	     0.0000	 -0.0016126	 1.6027e-05	  -0.013937	
16	1	 7.6483e-05	 1.8063e-05	     207.46	   0.027791	-9.7531e+92	-9.7531e+92	  0.0015222	 3.7682e-06	     0.0000	-0.00018332	 2.2843e-05	 -0.0067489	
16	2	    0.27060	   0.063907	     68.097	     1.5042	-9.7531e+92	-9.7531e+92	   0.023943	  0.0038432	   0.012056	  0.0096966	 -0.0077471	-0.00083739	
16	3	   0.053739	   0.012692	     111.94	    0.30495	-9.7531e+92	-9.7531e+92	   0.010082	  0.0010115	  0.0026597	  0.0045489	  0.0035091	  0.0021959	
16	4	    0.17533	   0.041407	     75.439	     1.1432	-9.7531e+92	-9.7531e+92	   0.014084	  0.0032325	  0.0095269	   0.031051	   0.017215	   0.014538	
16	5	   0.082518	   0.019488	     71.546	     1.3237	-9.7531e+92	-9.7531e+92	  0.0056090	  0.0022537	  0.0024027	  0.0066891	  0.0069151	  0.0059818	
16	6	  0.0013771	 0.00032523	     111.89	    0.30549	-9.7531e+92	-9.7531e+92	  0.0034905	 3.7838e-05	     0.0000	     0.0000	 0.00013433	 -0.0077910	
16	7	 6.5413e-05	 1.5449e-05	     137.28	    0.14083	-9.7531e+92	-9.7531e+92	  0.0018110	 3.4703e-06	     0.0000	     0.0000	 1.1645e-05	 -0.0073426	
16	8	 0.00011476	 2.7102e-05	     112.87	    0.29583	-9.7531e+92	-9.7531e+92	 0.00064331	 4.9908e-06	     0.0000	 -0.0040043	 1.3361e-05	-0.00099775	
16	9	 6.5747e-12	 1.5528e-12	     159.83	   0.077890	-9.7531e+92	-9.7531e+92	 0.00074505	 1.8429e-06	     0.0000	 -0.0017333	 5.2994e-06	 -0.0018552	
16	10	 1.2797e-11	 3.0223e-12	     147.94	    0.10538	-9.7531e+92	-9.7531e+92	 5.7327e-05	 1.8936e-06	     0.0000	-0.00032646	 4.5467e-06	-4.5119e-05	
16	11	 1.1039e-12	 2.6071e-13	     142.85	    0.12075	-9.7531e+92	-9.7531e+92	 6.4935e-05	 1.8954e-06	     0.0000	-0.00089598	 4.4778e-06	-0.00018829	
16	12	 1.0668e-07	 2.5194e-08	     115.95	    0.26758	-9.7531e+92	-9.7531e+92	 0.00014119	 1.8647e-06	     0.0000	-0.00050908	 4.8773e-06	-6.6942e-05	
16	13	   0.010510	  0.0024823	     153.85	   0.090443	-9.7531e+92	-9.7531e+92	  0.0058288	 0.00027066	     0.0000	 -0.0060975	  0.0018344	  -0.011594	
16	14	    0.14135	   0.033383	     121.20	    0.22662	-9.7531e+92	-9.7531e+92	   0.015707	  0.0031076	     0.0000	 0.00098744	   0.013945	  0.0015800	
16	15	    0.19779	   0.046712	     65.362	     1.6609	-9.7531e+92	-9.7531e+92	   0.020064	  0.0040188	  0.0022059	  0.0087268	   0.022867	   0.012338	
16	16	     0.0000	     0.0000	     0.0000	     4.0000	-9.7531e+92	-9.7531e+92	    0.11834	     0.0000	    0.11805	     0.0000	     0.0000	     0.0000	
16	17	 2.4590e-12	 5.8075e-13	     148.25	    0.10451	-9.7531e+92	-9.7531e+92	 0.00016664	 1.6039e-06	 4.6769e-05	-0.00020255	 8.0851e-06	-3.6040e-05	
16	18	   0.024792	  0.0058550	     110.59	    0.31898	-9.7531e+92	-9.7531e+92	  0.0041515	 0.00065723	     0.0000	  -0.019786	  0.0026174	 -0.0054534	
16	19	  0.0066851	  0.0015788	     73.024	     1.2523	-9.7531e+92	-9.7531e+92	 0.00097460	 0.00017800	 0.00040394	  0.0021941	 0.00072418	 0.00036109	
16	20	   0.034983	  0.0082620	     74.477	     1.1855	-9.7531e+92	-9.7531e+92	  0.0025898	 0.00093672	  0.0015767	   0.013495	  0.0028221	  0.0025728	
16	21	 4.5893e-15	 1.0839e-15	     180.81	   0.047925	-9.7531e+92	-9.7531e+92	 0.00037695	 1.8427e-06	     0.0000	 -0.0042667	 5.4403e-06	 -0.0021165	
16	22	 4.5830e-05	 1.0824e-05	     106.73	    0.36321	-9.7531e+92	-9.7531e+92	 0.00045170	 2.8210e-06	 0.00014635	-0.00054646	 1.2793e-05	-9.7295e-05	
16	23	 2.1239e-06	 5.0159e-07	     136.77	    0.14287	-9.7531e+92	-9.7531e+92	  0.0022870	 1.7951e-06	     0.0000	 -0.0053645	 5.2743e-06	 -0.0070627	
16	24	 9.2210e-12	 2.1777e-12	     177.80	   0.051213	-9.7531e+92	-9.7531e+92	 1.6792e-05	 1.9038e-06	     0.0000	-8.3417e-05	 4.4707e-06	-5.2053e-05	
17	0	 9.1238e-10	 3.7140e-10	     353.56	  0.0033150	-9.7531e+92	-9.7531e+92	  0.0022899	 1.1172e-06	     0.0000	 -0.0017642	-5.0839e-06	  0.0090645	
17	1	 1.8329e-10	 7.4611e-11	     342.57	  0.0037606	-9.7531e+92	-9.7531e+92	  0.0011673	 1.1561e-06	     0.0000	-0.00020078	-5.7668e-06	  0.0049775	
17	2	   0.075941	   0.030913	     160.64	   0.076357	-9.7531e+92	-9.7531e+92	   0.032413	  0.0010100	   0.011925	  0.0035307	  -0.011756	 -0.0032900	
17	3	    0.29643	    0.12067	     122.41	    0.21829	-9.7531e+92	-9.7531e+92	   0.047418	  0.0036737	   0.034624	   0.060845	  -0.048857	  -0.035794	
17	4	    0.57143	    0.23261	     73.525	     1.2289	-9.7531e+92	-9.7531e+92	   0.068676	  0.0035756	   0.060821	   0.038474	  -0.084010	  -0.073903	
17	5	 2.4474e-09	 9.9626e-10	     219.60	   0.022168	-9.7531e+92	-9.7531e+92	 0.00047963	 1.1880e-06	     0.0000	 -0.0014352	-1.0887e-05	  0.0019849	
17	6	 8.5412e-10	 3.4768e-10	     251.72	   0.012870	-9.7531e+92	-9.7531e+92	  0.0024156	 1.1490e-06	     0.0000	     0.0000	-1.0223e-05	   0.012100	
17	7	 1.2500e-09	 5.0884e-10	     281.54	  0.0082346	-9.7531e+92	-9.7531e+92	  0.0012536	 1.1461e-06	     0.0000	     0.0000	-1.0543e-05	   0.011786	
17	8	 1.5071e-10	 6.1348e-11	     258.50	   0.011577	-9.7531e+92	-9.7531e+92	 0.00016126	 1.1777e-06	     0.0000	 -0.0044221	-1.1382e-05	  0.0018277	
17	9	 2.7909e-10	 1.1361e-10	     293.28	  0.0069951	-9.7531e+92	-9.7531e+92	 0.00050393	 1.1970e-06	     0.0000	 -0.0018959	-1.1088e-05	  0.0032264	
17	10	 7.0139e-10	 2.8551e-10	     270.72	  0.0096279	-9.7531e+92	-9.7531e+92	 3.5609e-05	 1.2122e-06	     0.0000	-0.00035708	-1.1750e-05	 8.6558e-05	
17	11	 2.2944e-09	 9.3398e-10	     290.18	  0.0072979	-9.7531e+92	-9.7531e+92	 3.0044e-05	 1.2124e-06	     0.0000	-0.00098001	-1.1722e-05	 0.00035853	
17	12	 4.8011e-10	 1.9544e-10	     225.22	   0.020047	-9.7531e+92	-9.7531e+92	 0.00015821	 1.1933e-06	     0.0000	-0.00055690	-1.1666e-05	 0.00012800	
17	13	 2.4090e-10	 9.8060e-11	     287.27	  0.0075975	-9.7531e+92	-9.7531e+92	  0.0057512	 1.1222e-06	     0.0000	 -0.0074147	-4.9427e-06	  0.0081293	
17	14	 3.4514e-10	 1.4049e-10	     254.84	   0.012253	-9.7531e+92	-9.7531e+92	  0.0087657	 1.0601e-06	     0.0000	  -0.011117	-6.9455e-06	   0.012195	
17	15	  0.0033582	  0.0013670	     175.81	   0.053534	-9.7531e+92	-9.7531e+92	   0.018935	 5.2216e-05	     0.0000	  -0.011131	-0.00052103	   0.010148	
17	16	 1.1120e-09	 4.5264e-10	     148.25	    0.10451	-9.7531e+92	-9.7531e+92	 0.00044140	 1.0863e-06	     0.0000	-0.00024169	-9.3509e-06	 0.00017049	
17	17	     0.0000	     0.0000	     0.0000	     4.0000	-9.7531e+92	-9.7531e+92	    0.20434	     0.0000	    0.20413	     0.0000	     0.0000	     0.0000	
17	18	 6.7974e-10	 2.7670e-10	     258.46	   0.011584	-9.7531e+92	-9.7531e+92	  0.0013793	 1.1324e-06	     0.0000	  -0.031043	-9.4505e-06	   0.010641	
17	19	 8.7280e-10	 3.5529e-10	     187.53	   0.041480	-9.7531e+92	-9.7531e+92	  0.0013649	 1.1330e-06	 0.00038134	 -0.0013040	-1.1009e-05	 0.00036009	
17	20	 2.4476e-09	 9.9631e-10	     207.02	   0.028026	-9.7531e+92	-9.7531e+92	 0.00049389	 1.1487e-06	     0.0000	 -0.0020305	-1.1327e-05	 0.00064483	
17	21	 1.4499e-09	 5.9019e-10	     326.31	  0.0045671	-9.7531e+92	-9.7531e+92	 0.00028153	 1.1917e-06	     0.0000	 -0.0046668	-1.0898e-05	  0.0035736	
17	22	   0.052836	   0.021508	     106.10	    0.37108	-9.7531e+92	-9.7531e+92	  0.0075278	 0.00072746	  0.0070015	   0.017216	 0.00015428	-5.6056e-05	
17	23	 1.1825e-09	 4.8136e-10	     284.58	  0.0078888	-9.7531e+92	-9.7531e+92	 0.00072739	 1.1216e-06	     0.0000	 -0.0058678	-1.1195e-05	   0.012460	
17	24	 9.0091e-10	 3.6673e-10	     325.25	  0.0046269	-9.7531e+92	-9.7531e+92	 1.6595e-05	 1.2213e-06	     0.0000	-9.1240e-05	-1.1739e-05	 9.9383e-05	
18	0	  0.0010268	  0.0032986	     116.29	    0.26473	-9.7531e+92	-9.7531e+92	    0.14097	 0.00099797	     0.0000	 -0.0054390	  -0.011719	    0.45997	
18	1	  0.0010772	  0.0034604	     111.77	    0.30668	-9.7531e+92	-9.7531e+92	   0.028990	  0.0010882	     0.0000	-0.00061285	  -0.012449	    0.23304	
18	2	 3.0433e-05	 9.7768e-05	     137.27	    0.14087	-9.7531e+92	-9.7531e+92	  0.0062768	 0.00012568	     0.0000	  -0.035485	-0.00073546	    0.22828	
18	3	 2.5647e-07	 8.2393e-07	     199.21	   0.032649	-9.7531e+92	-9.7531e+92	  0.0024566	 9.0687e-05	     0.0000	  -0.035719	-0.00046502	    0.14108	
18	4	 8.6257e-09	 2.7711e-08	     186.18	   0.042684	-9.7531e+92	-9.7531e+92	  0.0012594	 9.2825e-05	     0.0000	  -0.026118	-0.00058952	   0.090540	
18	5	  0.0046297	   0.014873	     53.346	     2.4617	-9.7531e+92	-9.7531e+92	   0.040024	  0.0051767	     0.0000	 -0.0018565	  -0.036615	   0.040979	
18	6	  0.0082597	   0.026535	     36.723	     3.5078	-9.7531e+92	-9.7531e+92	   0.099750	  0.0096552	     0.0000	     0.0000	  -0.074351	    0.37356	
18	7	   0.012164	   0.039077	     38.248	     3.4331	-9.7531e+92	-9.7531e+92	   0.084002	   0.013821	     0.0000	     0.0000	   -0.10800	    0.33685	
18	8	 0.00033182	  0.0010660	     75.421	     1.1439	-9.7531e+92	-9.7531e+92	   0.048361	 0.00044890	  0.0096104	 -0.0094335	 -0.0029027	   0.054221	
18	9	 5.2628e-05	 0.00016907	     96.665	    0.51699	-9.7531e+92	-9.7531e+92	  0.0082993	 0.00015699	     0.0000	 -0.0058837	 -0.0011398	    0.10484	
18	10	 5.8790e-12	 1.8887e-11	     118.82	    0.24422	-9.7531e+92	-9.7531e+92	 0.00085004	 8.9136e-05	     0.0000	-0.00098056	-0.00059624	  0.0027295	
18	11	 1.1189e-05	 3.5945e-05	     81.269	    0.91620	-9.7531e+92	-9.7531e+92	  0.0071094	 7.7197e-05	     0.0000	-0.00075277	-0.00029895	  0.0036038	
18	12	 2.9825e-11	 9.5815e-11	     120.73	    0.22996	-9.7531e+92	-9.7531e+92	 0.00071986	 8.9827e-05	     0.0000	 -0.0016255	-0.00062075	  0.0040406	
18	13	  0.0097304	   0.031260	     87.611	    0.72124	-9.7531e+92	-9.7531e+92	   0.084950	   0.010177	     0.0000	  -0.020920	  -0.068113	    0.38432	
18	14	   0.014391	   0.046233	     78.249	     1.0276	-9.7531e+92	-9.7531e+92	   0.070831	   0.016662	     0.0000	  -0.030680	  -0.099553	    0.48091	
18	15	 4.9816e-05	 0.00016004	     116.73	    0.26100	-9.7531e+92	-9.7531e+92	   0.016016	 0.00015002	     0.0000	  -0.039675	 -0.0010765	    0.35943	
18	16	 5.3900e-14	 1.7316e-13	     110.59	    0.31898	-9.7531e+92	-9.7531e+92	 0.00019605	 9.6300e-05	     0.0000	 -0.0010080	-0.00070069	  0.0057565	
18	17	 1.7654e-14	 5.6715e-14	     258.46	   0.011584	-9.7531e+92	-9.7531e+92	 0.00012174	 0.00010099	     0.0000	-0.00083502	-0.00074051	  0.0021780	
18	18	     0.0000	     0.0000	     0.0000	     4.0000	-9.7531e+92	-9.7531e+92	     1.7204	     0.0000	     1.4576	     0.0000	     0.0000	     0.0000	
18	19	 7.1814e-07	 2.3071e-06	     118.15	    0.24945	-9.7531e+92	-9.7531e+92	  0.0016346	 8.5098e-05	     0.0000	 -0.0038171	-0.00059863	   0.011516	
18	20	 7.6641e-05	 0.00024622	     90.275	    0.65310	-9.7531e+92	-9.7531e+92	  0.0057194	 0.00016855	     0.0000	 -0.0056758	 -0.0011475	   0.020303	
18	21	 0.00070137	  0.0022532	     79.511	    0.97945	-9.7531e+92	-9.7531e+92	   0.018653	 0.00095847	     0.0000	  -0.014101	 -0.0072120	    0.11421	
18	22	 4.7828e-14	 1.5365e-13	     205.13	   0.029065	-9.7531e+92	-9.7531e+92	 0.00015121	 9.8495e-05	     0.0000	 -0.0021785	-0.00070624	  0.0060400	
18	23	    0.94743	     3.0437	     36.898	     3.4995	-9.7531e+92	-9.7531e+92	    0.82162	     1.0000	    0.55488	    0.15944	    -7.6147	    -4.2006	
18	24	 3.5075e-05	 0.00011268	     74.739	     1.1738	-9.7531e+92	-9.7531e+92	  0.0028989	 0.00011444	 0.00064237	-0.00014297	-0.00061805	  0.0023042	
19	0	 1.2247e-06	 9.3227e-07	     234.49	   0.017074	-9.7531e+92	-9.7531e+92	  0.0066431	 8.3206e-06	     0.0000	  -0.016086	-0.00079275	     1.2387	
19	1	 3.9857e-06	 3.0339e-06	     226.57	   0.019575	-9.7531e+92	-9.7531e+92	  0.0025166	 8.9711e-06	     0.0000	 -0.0018306	-0.00084210	    0.63355	
19	2	   0.012131	  0.0092342	     139.30	    0.13308	-9.7531e+92	-9.7531e+92	  0.0072828	  0.0014535	     0.0000	  -0.078437	   -0.15850	    0.46168	
19	3	 3.7909e-05	 2.8857e-05	     184.07	   0.044655	-9.7531e+92	-9.7531e+92	  0.0033000	 1.2526e-05	     0.0000	   -0.10389	 -0.0013474	    0.37529	
19	4	   0.045226	   0.034426	     119.82	    0.23665	-9.7531e+92	-9.7531e+92	   0.010543	  0.0052501	     0.0000	   0.099175	   -0.60906	   -0.32471	
19	5	    0.21234	    0.16163	     64.874	     1.6901	-9.7531e+92	-9.7531e+92	   0.058697	   0.024457	   0.048363	    0.11615	    -2.8712	    -2.5074	
19	6	  0.0034095	  0.0025953	     133.74	    0.15573	-9.7531e+92	-9.7531e+92	   0.011386	 0.00043634	     0.0000	     0.0000	  -0.047102	     1.0550	
19	7	 1.0972e-05	 8.3519e-06	     154.38	   0.089237	-9.7531e+92	-9.7531e+92	  0.0048027	 9.7199e-06	     0.0000	     0.0000	 -0.0010626	     1.0505	
19	8	   0.024049	   0.018306	     80.536	    0.94205	-9.7531e+92	-9.7531e+92	   0.021993	  0.0027746	   0.012812	   0.033003	   -0.32838	   -0.15316	
19	9	 2.5360e-12	 1.9304e-12	     193.08	   0.036956	-9.7531e+92	-9.7531e+92	 0.00094956	 8.7003e-06	     0.0000	  -0.017287	-0.00092602	    0.27948	
19	10	 0.00090101	 0.00068585	     85.643	    0.77653	-9.7531e+92	-9.7531e+92	  0.0051448	 0.00010757	  0.0046736	  0.0015979	  -0.012600	 -0.0042226	
19	11	 9.8295e-06	 7.4822e-06	     108.78	    0.33886	-9.7531e+92	-9.7531e+92	  0.0020728	 9.7211e-06	 0.00027392	 -0.0086003	 -0.0010699	   0.029985	
19	12	    0.19978	    0.15207	     44.530	     3.0689	-9.7531e+92	-9.7531e+92	   0.041413	   0.016399	   0.040740	    0.61736	    -2.0515	    -1.8682	
19	13	  0.0032511	  0.0024747	     184.51	   0.044238	-9.7531e+92	-9.7531e+92	  0.0081776	 0.00040933	     0.0000	  -0.065506	  -0.038481	     1.0959	
19	14	  0.0092591	  0.0070480	     166.55	   0.066257	-9.7531e+92	-9.7531e+92	   0.015319	  0.0011202	     0.0000	  -0.094003	   -0.11357	     1.3404	
19	15	  0.0056084	  0.0042691	     131.26	    0.16732	-9.7531e+92	-9.7531e+92	  0.0068109	 0.00068134	     0.0000	   -0.10768	  -0.077151	    0.88591	
19	16	  0.0026543	  0.0020205	     73.024	     1.2523	-9.7531e+92	-9.7531e+92	 0.00065496	 0.00034769	     0.0000	  0.0036724	  -0.037904	  -0.019475	
19	17	 9.2749e-12	 7.0601e-12	     187.53	   0.041480	-9.7531e+92	-9.7531e+92	 0.00014639	 8.4526e-06	     0.0000	 -0.0023759	-0.00093053	  0.0057684	
19	18	   0.068998	   0.052521	     118.15	    0.24945	-9.7531e+92	-9.7531e+92	   0.036342	  0.0083667	     0.0000	  -0.044451	   -0.91666	    0.15874	
19	19	     0.0000	     0.0000	     0.0000	     4.0000	-9.7531e+92	-9.7531e+92	    0.40064	     0.0000	    0.39881	     0.0000	     0.0000	     0.0000	
19	20	    0.40977	    0.31191	     28.400	     3.8088	-9.7531e+92	-9.7531e+92	   0.092035	   0.026168	   0.088770	    0.59625	    -4.2197	    -3.8156	
19	21	 2.6460e-12	 2.0141e-12	     197.71	   0.033641	-9.7531e+92	-9.7531e+92	 0.00089645	 8.6650e-06	     0.0000	  -0.042553	-0.00092115	    0.31276	
19	22	  0.0024246	  0.0018456	     93.933	    0.57085	-9.7531e+92	-9.7531e+92	 0.00084027	 0.00019556	     0.0000	  0.0028161	  -0.024420	  -0.010674	
19	23	 0.00013952	 0.00010620	     121.29	    0.22600	-9.7531e+92	-9.7531e+92	   0.022369	 2.4731e-05	     0.0000	  -0.051384	 -0.0028617	     1.0722	
19	24	 2.3969e-12	 1.8245e-12	     150.08	   0.099629	-9.7531e+92	-9.7531e+92	 0.00013995	 8.7852e-06	     0.0000	-0.00083193	-0.00094073	  0.0083442	
20	0	 2.3432e-05	 1.9234e-05	     206.61	   0.028245	-9.7531e+92	-9.7531e+92	  0.0097572	 1.5027e-05	     0.0000	  -0.021585	 -0.0014001	     1.6106	
20	1	 0.00026387	 0.00021660	     199.20	   0.032652	-9.7531e+92	-9.7531e+92	  0.0034908	 5.7085e-05	     0.0000	 -0.0024457	 -0.0052389	    0.82033	
20	2	  0.0047584	  0.0039060	     139.77	    0.13137	-9.7531e+92	-9.7531e+92	  0.0041957	 0.00079618	     0.0000	   -0.12640	  -0.083412	    0.71692	
20	3	 3.0831e-05	 2.5308e-05	     185.64	   0.043179	-9.7531e+92	-9.7531e+92	  0.0015260	 1.6253e-05	     0.0000	   -0.14031	 -0.0016701	    0.48860	
20	4	  0.0014502	  0.0011904	     135.08	    0.14987	-9.7531e+92	-9.7531e+92	  0.0026435	 0.00025226	     0.0000	  -0.094406	  -0.027162	    0.29009	
20	5	    0.18672	    0.15327	     39.691	     3.3571	-9.7531e+92	-9.7531e+92	   0.058843	   0.026703	   0.047699	   0.088868	    -3.2984	    -2.7891	
20	6	   0.020618	   0.016924	     111.59	    0.30852	-9.7531e+92	-9.7531e+92	   0.016552	  0.0035444	     0.0000	     0.0000	   -0.37319	     1.0914	
20	7	  0.0017517	  0.0014379	     126.68	    0.19164	-9.7531e+92	-9.7531e+92	  0.0072309	 0.00031035	     0.0000	     0.0000	  -0.033095	     1.3392	
20	8	    0.22457	    0.18434	     51.987	     2.5582	-9.7531e+92	-9.7531e+92	   0.056007	   0.030079	   0.046106	    0.57897	    -3.8023	    -3.2744	
20	9	 2.4617e-13	 2.0207e-13	     174.09	   0.055651	-9.7531e+92	-9.7531e+92	  0.0012325	 1.1902e-05	     0.0000	  -0.023201	 -0.0012332	    0.36401	
20	10	   0.022261	   0.018273	     74.457	     1.1864	-9.7531e+92	-9.7531e+92	  0.0066330	  0.0029187	  0.0061248	    0.10551	   -0.34829	   -0.30616	
20	11	  0.0028291	  0.0023223	     83.734	    0.83452	-9.7531e+92	-9.7531e+92	  0.0043476	 0.00047923	  0.0024077	  0.0024543	  -0.052698	 -0.0088279	
20	12	   0.021114	   0.017332	     45.010	     3.0379	-9.7531e+92	-9.7531e+92	   0.012430	  0.0022401	   0.011704	   0.075471	   -0.29226	   -0.24965	
20	13	  0.0075640	  0.0062090	     165.04	   0.068678	-9.7531e+92	-9.7531e+92	   0.010738	  0.0012845	     0.0000	  -0.084172	   -0.11776	     1.3644	
20	14	   0.019824	   0.016273	     147.73	    0.10597	-9.7531e+92	-9.7531e+92	   0.018629	  0.0032674	     0.0000	   -0.11488	   -0.32241	     1.5880	
20	15	  0.0059263	  0.0048646	     124.66	    0.20372	-9.7531e+92	-9.7531e+92	  0.0062771	 0.00098877	     0.0000	   -0.14393	   -0.10850	     1.1484	
20	16	 0.00015864	 0.00013022	     74.477	     1.1855	-9.7531e+92	-9.7531e+92	 0.00020636	 3.9042e-05	     0.0000	 -0.0032266	 -0.0041129	   0.016834	
20	17	 2.0145e-12	 1.6536e-12	     207.02	   0.028026	-9.7531e+92	-9.7531e+92	 5.7639e-05	 1.1922e-05	     0.0000	 -0.0032686	 -0.0012510	  0.0075426	
20	18	    0.15293	    0.12553	     90.275	    0.65310	-9.7531e+92	-9.7531e+92	   0.056867	   0.024809	     0.0000	    0.32907	    -2.7061	    -1.1420	
20	19	    0.31650	    0.25981	     28.400	     3.8088	-9.7531e+92	-9.7531e+92	   0.070708	   0.024491	   0.068725	    0.54448	    -4.2131	    -3.7047	
20	20	     0.0000	     0.0000	     0.0000	     4.0000	-9.7531e+92	-9.7531e+92	    0.43333	     0.0000	    0.42981	     0.0000	     0.0000	     0.0000	
20	21	 2.2108e-11	 1.8148e-11	     169.84	   0.061351	-9.7531e+92	-9.7531e+92	  0.0013219	 1.1847e-05	     0.0000	  -0.057109	 -0.0012267	    0.40733	
20	22	 2.7112e-06	 2.2255e-06	     116.48	    0.26308	-9.7531e+92	-9.7531e+92	 0.00019679	 1.0250e-05	     0.0000	 -0.0061961	 -0.0012020	   0.019359	
20	23	   0.010699	  0.0087823	     93.058	    0.58941	-9.7531e+92	-9.7531e+92	   0.037316	  0.0017265	     0.0000	  -0.054966	   -0.19804	     1.2188	
20	24	 1.0892e-11	 8.9410e-12	     121.85	    0.22210	-9.7531e+92	-9.7531e+92	 0.00024282	 1.1936e-05	     0.0000	 -0.0011158	 -0.0012510	   0.010869	
21	0	    0.11068	    0.16042	     39.458	     3.3697	-9.7531e+92	-9.7531e+92	    0.12481	   0.028217	     0.0000	     0.0000	    0.38157	 0.00045433	
21	1	   0.082355	    0.11937	     57.297	     2.1839	-9.7531e+92	-9.7531e+92	   0.059302	   0.026154	     0.0000	 0.00029818	    0.40924	   0.022397	
21	2	 1.5732e-05	 2.2803e-05	     197.19	   0.033993	-9.7531e+92	-9.7531e+92	  0.0049608	 3.5375e-05	     0.0000	  -0.038374	 0.00058380	  -0.042807	
21	3	 4.4953e-12	 6.5159e-12	     259.71	   0.011362	-9.7531e+92	-9.7531e+92	  0.0018648	 2.9779e-05	     0.0000	  -0.038615	 0.00047946	  -0.026859	
21	4	 3.6095e-14	 5.2319e-14	     253.96	   0.012424	-9.7531e+92	-9.7531e+92	 0.00089362	 3.0537e-05	     0.0000	  -0.028235	 0.00045971	  -0.016071	
21	5	 0.00010915	 0.00015821	     132.91	    0.15951	-9.7531e+92	-9.7531e+92	  0.0015887	 8.1426e-05	     0.0000	 -0.0047879	  0.0011893	  -0.011036	
21	6	  0.0092775	   0.013448	     78.899	     1.0025	-9.7531e+92	-9.7531e+92	   0.037435	  0.0038611	     0.0000	     0.0000	   0.064303	  -0.064677	
21	7	   0.051482	   0.074623	     44.967	     3.0407	-9.7531e+92	-9.7531e+92	   0.056626	   0.019559	     0.0000	     0.0000	    0.36769	  -0.025781	
21	8	 4.2029e-06	 6.0921e-06	     132.38	    0.16196	-9.7531e+92	-9.7531e+92	  0.0013564	 3.3074e-05	     0.0000	  -0.014866	 0.00047363	 -0.0098034	
21	9	  0.0017980	  0.0026062	     83.320	    0.84769	-9.7531e+92	-9.7531e+92	   0.012556	 0.00081113	     0.0000	 -0.0058474	   0.012924	  -0.016298	
21	10	 9.5117e-14	 1.3787e-13	     171.26	   0.059366	-9.7531e+92	-9.7531e+92	 7.5439e-05	 3.2732e-05	     0.0000	 -0.0012009	 0.00043707	-0.00044896	
21	11	 3.0401e-14	 4.4066e-14	     128.65	    0.18069	-9.7531e+92	-9.7531e+92	 0.00023893	 3.2010e-05	     0.0000	 -0.0032938	 0.00044341	 -0.0018680	
21	12	 1.5138e-12	 2.1943e-12	     187.39	   0.041605	-9.7531e+92	-9.7531e+92	 7.8353e-05	 3.2421e-05	     0.0000	 -0.0018730	 0.00043645	-0.00066528	
21	13	    0.69672	     1.0099	     76.619	     1.0932	-9.7531e+92	-9.7531e+92	    0.28007	    0.21893	    0.12867	  0.0031009	     4.0952	    0.53187	
21	14	   0.011563	   0.016761	     101.18	    0.44014	-9.7531e+92	-9.7531e+92	   0.055101	  0.0045588	     0.0000	  -0.033996	   0.081129	   -0.10181	
21	15	 4.2814e-07	 6.2059e-07	     175.65	   0.053734	-9.7531e+92	-9.7531e+92	   0.012455	 2.8874e-05	     0.0000	  -0.042919	 0.00045859	  -0.062747	
21	16	 1.5692e-12	 2.2745e-12	     180.81	   0.047925	-9.7531e+92	-9.7531e+92	 0.00011571	 3.2482e-05	     0.0000	 -0.0011078	 0.00043632	-0.00094178	
21	17	 1.4889e-12	 2.1582e-12	     326.31	  0.0045671	-9.7531e+92	-9.7531e+92	 5.8590e-05	 3.3051e-05	     0.0000	-0.00090272	 0.00043486	-0.00035841	
21	18	   0.033474	   0.048520	     79.511	    0.97945	-9.7531e+92	-9.7531e+92	   0.040835	   0.014250	     0.0000	  -0.061710	    0.23174	  -0.040670	
21	19	 2.2607e-12	 3.2769e-12	     197.71	   0.033641	-9.7531e+92	-9.7531e+92	 0.00013196	 3.1317e-05	     0.0000	 -0.0043857	 0.00044027	 -0.0019186	
21	20	 4.2013e-13	 6.0898e-13	     169.84	   0.061351	-9.7531e+92	-9.7531e+92	 0.00026001	 3.0981e-05	     0.0000	 -0.0068288	 0.00044212	 -0.0034510	
21	21	     0.0000	     0.0000	     0.0000	     4.0000	-9.7531e+92	-9.7531e+92	    0.73710	     0.0000	    0.70171	     0.0000	     0.0000	     0.0000	
21	22	 1.4986e-12	 2.1722e-12	     284.69	  0.0078758	-9.7531e+92	-9.7531e+92	 7.7648e-05	 3.2979e-05	     0.0000	 -0.0023585	 0.00043644	-0.00099853	
21	23	  0.0022596	  0.0032753	     78.648	     1.0121	-9.7531e+92	-9.7531e+92	   0.021128	 0.00092620	     0.0000	  -0.019183	   0.016289	  -0.066175	
21	24	 0.00026916	 0.00039015	     85.071	    0.79345	-9.7531e+92	-9.7531e+92	 0.00022645	 0.00014605	     0.0000	-0.00016496	  0.0026542	-0.00035875	
22	0	 1.8644e-10	 1.0124e-10	     321.47	  0.0048482	-9.7531e+92	-9.7531e+92	  0.0030408	 3.0906e-06	     0.0000	 -0.0051713	-4.3760e-05	   0.071686	
22	1	 1.7458e-12	 9.4796e-13	     312.59	  0.0054224	-9.7531e+92	-9.7531e+92	  0.0013943	 3.1966e-06	     0.0000	-0.00058853	-4.6164e-05	   0.037546	
22	2	    0.10636	   0.057756	     161.29	   0.075160	-9.7531e+92	-9.7531e+92	   0.035856	  0.0038849	  0.0085257	   0.023036	  -0.097389	  -0.045158	
22	3	   0.084117	   0.045676	     164.94	   0.068842	-9.7531e+92	-9.7531e+92	   0.028729	  0.0028607	   0.011663	   0.035994	  -0.079050	  -0.043267	
22	4	    0.43272	    0.23497	     82.638	    0.86986	-9.7531e+92	-9.7531e+92	   0.067588	  0.0071957	   0.057109	   0.099178	   -0.39408	   -0.34507	
22	5	  0.0048495	  0.0026333	     151.89	   0.095092	-9.7531e+92	-9.7531e+92	  0.0083509	 0.00024044	 0.00097910	 -0.0026993	 -0.0047371	  0.0076282	
22	6	 1.3033e-10	 7.0769e-11	     216.08	   0.023641	-9.7531e+92	-9.7531e+92	  0.0037165	 3.1654e-06	     0.0000	     0.0000	-6.1996e-05	   0.074018	
22	7	 8.9553e-12	 4.8627e-12	     241.36	   0.015218	-9.7531e+92	-9.7531e+92	  0.0018055	 3.1569e-06	     0.0000	     0.0000	-6.3133e-05	   0.071364	
22	8	 2.3103e-11	 1.2545e-11	     168.70	   0.062994	-9.7531e+92	-9.7531e+92	  0.0032983	 3.2335e-06	     0.0000	  -0.012962	-6.6071e-05	   0.010799	
22	9	 2.1824e-11	 1.1850e-11	     266.14	   0.010307	-9.7531e+92	-9.7531e+92	 0.00058909	 3.2935e-06	     0.0000	 -0.0055572	-6.5064e-05	   0.019219	
22	10	 3.7456e-11	 2.0339e-11	     176.66	   0.052524	-9.7531e+92	-9.7531e+92	 0.00068898	 3.3243e-06	 0.00035284	 -0.0010467	-6.7323e-05	 0.00050617	
22	11	 1.1116e-10	 6.0358e-11	     200.45	   0.031856	-9.7531e+92	-9.7531e+92	 0.00031571	 3.3289e-06	     0.0000	 -0.0028726	-6.7283e-05	  0.0020995	
22	12	 1.7968e-10	 9.7569e-11	     131.16	    0.16782	-9.7531e+92	-9.7531e+92	  0.0049195	 3.2680e-06	  0.0044390	 -0.0016324	-6.6853e-05	 0.00074897	
22	13	 1.6736e-10	 9.0878e-11	     260.15	   0.011286	-9.7531e+92	-9.7531e+92	  0.0065952	 3.1074e-06	     0.0000	  -0.021734	-4.3248e-05	   0.065074	
22	14	  0.0012906	 0.00070078	     227.39	   0.019298	-9.7531e+92	-9.7531e+92	  0.0098553	 5.9503e-05	     0.0000	  -0.032256	 -0.0010165	   0.086930	
22	15	  0.0065595	  0.0035618	     163.21	   0.071746	-9.7531e+92	-9.7531e+92	   0.017048	 0.00027784	     0.0000	  -0.031202	 -0.0061447	   0.059090	
22	16	 6.6216e-11	 3.5955e-11	     106.73	    0.36321	-9.7531e+92	-9.7531e+92	 0.00052349	 2.9743e-06	     0.0000	-0.00071649	-6.0820e-05	  0.0010292	
22	17	  0.0086471	  0.0046954	     106.10	    0.37108	-9.7531e+92	-9.7531e+92	  0.0019520	 0.00027498	  0.0016764	  0.0058413	-0.00028276	-2.4061e-05	
22	18	 2.0209e-10	 1.0974e-10	     205.13	   0.029065	-9.7531e+92	-9.7531e+92	  0.0061458	 3.1163e-06	     0.0000	  -0.090994	-5.9259e-05	   0.066841	
22	19	    0.31910	    0.17327	     93.933	    0.57085	-9.7531e+92	-9.7531e+92	   0.046823	   0.014738	   0.045511	    0.51440	   -0.30237	   -0.28570	
22	20	   0.036359	   0.019743	     116.48	    0.26308	-9.7531e+92	-9.7531e+92	   0.015875	  0.0017161	   0.013546	   0.045204	  -0.035826	  -0.028913	
22	21	 1.0815e-10	 5.8728e-11	     284.69	  0.0078758	-9.7531e+92	-9.7531e+92	 0.00038425	 3.2847e-06	     0.0000	  -0.013679	-6.4384e-05	   0.021412	
22	22	     0.0000	     0.0000	     0.0000	     4.0000	-9.7531e+92	-9.7531e+92	    0.27371	     0.0000	    0.27301	     0.0000	     0.0000	     0.0000	
22	23	 1.3246e-11	 7.1928e-12	     209.07	   0.026949	-9.7531e+92	-9.7531e+92	  0.0037079	 3.0856e-06	     0.0000	  -0.017200	-6.5433e-05	   0.074014	
22	24	 5.8712e-11	 3.1881e-11	     237.89	   0.016122	-9.7531e+92	-9.7531e+92	 3.6638e-05	 3.3557e-06	     0.0000	-0.00026744	-6.7353e-05	 0.00058167	
23	0	    0.25242	    0.27458	     119.13	    0.24186	-9.7531e+92	-9.7531e+92	   0.096031	    0.24220	     0.0000	   0.068191	    -2.2734	   0.017533	
23	1	  0.0037891	  0.0041215	     132.72	    0.16037	-9.7531e+92	-9.7531e+92	   0.017796	  0.0038611	     0.0000	 -0.0059644	  -0.036004	  0.0041578	
23	2	 7.6075e-05	 8.2750e-05	     168.40	   0.063436	-9.7531e+92	-9.7531e+92	  0.0033669	 0.00017064	     0.0000	   -0.36259	 -0.0013416	   0.049826	
23	3	 1.6081e-12	 1.7492e-12	     228.38	   0.018966	-9.7531e+92	-9.7531e+92	  0.0012874	 8.2390e-05	     0.0000	   -0.36531	-0.00059371	   0.027677	
23	4	 1.1002e-11	 1.1968e-11	     212.30	   0.025355	-9.7531e+92	-9.7531e+92	 0.00064236	 8.4069e-05	     0.0000	   -0.26711	-0.00071606	   0.026684	
23	5	   0.066852	   0.072718	     65.633	     1.6449	-9.7531e+92	-9.7531e+92	   0.025685	   0.066847	   0.010918	    0.14991	   -0.67732	  -0.089718	
23	6	    0.14378	    0.15640	     73.330	     1.2380	-9.7531e+92	-9.7531e+92	   0.063840	    0.16045	     0.0000	     0.0000	    -1.5652	  -0.083399	
23	7	    0.10097	    0.10983	     58.677	     2.0891	-9.7531e+92	-9.7531e+92	   0.050484	    0.11011	     0.0000	     0.0000	    -1.1098	  -0.028764	
23	8	    0.10943	    0.11903	     54.810	     2.3580	-9.7531e+92	-9.7531e+92	   0.034153	   0.098407	   0.021033	    0.97658	   -0.91937	   -0.11764	
23	9	 7.5056e-05	 8.1642e-05	     121.73	    0.22293	-9.7531e+92	-9.7531e+92	  0.0049963	 0.00017484	     0.0000	  -0.060111	 -0.0016562	   0.037601	
23	10	 9.0856e-05	 9.8829e-05	     95.614	    0.53700	-9.7531e+92	-9.7531e+92	 0.00055351	 0.00018362	     0.0000	 -0.0094044	 -0.0016978	 0.00089969	
23	11	   0.010243	   0.011142	     53.605	     2.4433	-9.7531e+92	-9.7531e+92	  0.0050039	  0.0088036	  0.0024333	   0.055370	  -0.074413	 -0.0041680	
23	12	 2.5750e-07	 2.8010e-07	     109.85	    0.32696	-9.7531e+92	-9.7531e+92	 0.00045126	 8.0112e-05	     0.0000	  -0.017651	-0.00076212	  0.0015881	
23	13	   0.092058	    0.10014	     113.01	    0.29441	-9.7531e+92	-9.7531e+92	   0.051982	   0.097334	     0.0000	  -0.028211	   -0.64741	 -0.0021863	
23	14	   0.018281	   0.019885	     114.84	    0.27739	-9.7531e+92	-9.7531e+92	   0.038002	   0.020317	     0.0000	   -0.30297	   -0.14401	   0.033658	
23	15	 0.00027447	 0.00029855	     149.47	    0.10124	-9.7531e+92	-9.7531e+92	  0.0086014	 0.00040533	     0.0000	   -0.40456	 -0.0038008	    0.11396	
23	16	 1.3953e-12	 1.5177e-12	     136.77	    0.14287	-9.7531e+92	-9.7531e+92	 8.4244e-05	 8.7434e-05	     0.0000	  -0.010480	-0.00083810	  0.0023092	
23	17	 3.0837e-12	 3.3543e-12	     284.58	  0.0078888	-9.7531e+92	-9.7531e+92	 4.3655e-05	 9.0763e-05	     0.0000	 -0.0085399	-0.00085698	 0.00085782	
23	18	    0.18000	    0.19579	     36.898	     3.4995	-9.7531e+92	-9.7531e+92	   0.078927	   0.058351	     0.0000	  0.0010387	    -2.5029	   -0.37154	
23	19	 3.1196e-06	 3.3933e-06	     121.29	    0.22600	-9.7531e+92	-9.7531e+92	  0.0010339	 7.9775e-05	     0.0000	  -0.041375	-0.00078851	  0.0043549	
23	20	 0.00034475	 0.00037500	     93.058	    0.58941	-9.7531e+92	-9.7531e+92	  0.0038080	 0.00043593	     0.0000	  -0.059001	 -0.0043540	  0.0071402	
23	21	   0.014903	   0.016211	     78.648	     1.0121	-9.7531e+92	-9.7531e+92	   0.012140	   0.017888	     0.0000	  -0.057742	   -0.17192	   0.015921	
23	22	 8.1090e-13	 8.8206e-13	     209.07	   0.026949	-9.7531e+92	-9.7531e+92	 5.8524e-05	 8.8551e-05	     0.0000	  -0.022312	-0.00083173	  0.0023435	
23	23	     0.0000	     0.0000	     0.0000	     4.0000	-9.7531e+92	-9.7531e+92	    0.58666	     0.0000	    0.49635	     0.0000	     0.0000	     0.0000	
23	24	  0.0064074	  0.0069697	     40.708	     3.3006	-9.7531e+92	-9.7531e+92	  0.0020071	  0.0056643	  0.0012431	  0.0027197	  -0.042888	 0.00023471	
24	0	   0.062387	   0.027103	     123.34	    0.21210	-9.7531e+92	-9.7531e+92	   0.021346	 0.00050883	     0.0000	-0.00020836	  -0.024806	   0.015462	
24	1	   0.012061	  0.0052399	     142.19	    0.12292	-9.7531e+92	-9.7531e+92	  0.0065873	 0.00010288	     0.0000	-4.1331e-05	 -0.0049209	   0.013785	
24	2	 1.8437e-07	 8.0100e-08	     210.29	   0.026336	-9.7531e+92	-9.7531e+92	 0.00087665	 5.9598e-07	     0.0000	 -0.0029782	-2.9348e-05	   0.016780	
24	3	 7.1744e-12	 3.1168e-12	     270.69	  0.0096323	-9.7531e+92	-9.7531e+92	 0.00034378	 6.0554e-07	     0.0000	 -0.0029961	-2.8883e-05	   0.010366	
24	4	 2.2270e-12	 9.6751e-13	     253.16	   0.012581	-9.7531e+92	-9.7531e+92	 0.00017281	 6.1696e-07	     0.0000	 -0.0021907	-3.0535e-05	  0.0066475	
24	5	  0.0013721	 0.00059610	     106.34	    0.36810	-9.7531e+92	-9.7531e+92	  0.0027868	 1.2886e-05	     0.0000	-0.00032394	-0.00066934	  0.0043049	
24	6	  0.0073354	  0.0031868	     108.13	    0.34637	-9.7531e+92	-9.7531e+92	   0.010884	 6.6015e-05	     0.0000	     0.0000	 -0.0034115	   0.027745	
24	7	    0.18318	   0.079579	     84.614	    0.80724	-9.7531e+92	-9.7531e+92	   0.027728	  0.0016101	     0.0000	     0.0000	  -0.084986	  -0.035247	
24	8	  0.0022696	 0.00098601	     77.960	     1.0389	-9.7531e+92	-9.7531e+92	  0.0036230	 1.9453e-05	     0.0000	-0.00076280	 -0.0010162	  0.0033336	
24	9	 4.7033e-06	 2.0433e-06	     149.07	    0.10229	-9.7531e+92	-9.7531e+92	  0.0014989	 6.7674e-07	     0.0000	-0.00049461	-3.3811e-05	  0.0077106	
24	10	 7.0549e-05	 3.0649e-05	     102.71	    0.41717	-9.7531e+92	-9.7531e+92	 8.2810e-05	 1.2676e-06	     0.0000	-7.5633e-05	-6.2176e-05	 0.00017472	
24	11	   0.016853	  0.0073218	     56.094	     2.2676	-9.7531e+92	-9.7531e+92	  0.0023211	 0.00011789	  0.0012944	 0.00054432	 -0.0024625	-0.00082944	
24	12	 9.2343e-13	 4.0117e-13	     132.31	    0.16230	-9.7531e+92	-9.7531e+92	 6.5268e-05	 6.2594e-07	     0.0000	-0.00014208	-3.1476e-05	 0.00029645	
24	13	   0.033887	   0.014722	     142.21	    0.12286	-9.7531e+92	-9.7531e+92	   0.015874	 0.00028607	     0.0000	 -0.0013078	  -0.013190	   0.021083	
24	14	  0.0028677	  0.0012458	     150.00	   0.099849	-9.7531e+92	-9.7531e+92	   0.010082	 2.5149e-05	     0.0000	 -0.0028356	 -0.0011982	   0.038972	
24	15	 1.3309e-12	 5.7818e-13	     189.75	   0.039594	-9.7531e+92	-9.7531e+92	  0.0022580	 5.9469e-07	     0.0000	 -0.0033300	-3.0937e-05	   0.026402	
24	16	 2.9442e-12	 1.2791e-12	     177.80	   0.051213	-9.7531e+92	-9.7531e+92	 2.6770e-05	 6.5700e-07	     0.0000	-8.5948e-05	-3.2408e-05	 0.00042230	
24	17	 1.5669e-13	 6.8073e-14	     325.25	  0.0046269	-9.7531e+92	-9.7531e+92	 1.6490e-05	 6.6497e-07	     0.0000	-7.0039e-05	-3.2380e-05	 0.00015979	
24	18	    0.31154	    0.13534	     74.739	     1.1738	-9.7531e+92	-9.7531e+92	   0.045148	  0.0021241	  0.0096169	   0.014028	   -0.14393	  -0.078861	
24	19	 2.9460e-13	 1.2798e-13	     150.08	   0.099629	-9.7531e+92	-9.7531e+92	 0.00013298	 6.0691e-07	     0.0000	-0.00033851	-3.1658e-05	 0.00084522	
24	20	 8.8354e-05	 3.8384e-05	     121.85	    0.22210	-9.7531e+92	-9.7531e+92	 0.00044999	 1.3700e-06	     0.0000	-0.00050618	-7.2712e-05	  0.0014855	
24	21	   0.085100	   0.036971	     85.071	    0.79345	-9.7531e+92	-9.7531e+92	   0.011991	 0.00078534	  0.0013850	  0.0030317	  -0.039910	  -0.021486	
24	22	 2.3671e-12	 1.0284e-12	     237.89	   0.016122	-9.7531e+92	-9.7531e+92	 2.0419e-05	 6.5800e-07	     0.0000	-0.00018299	-3.2178e-05	 0.00044315	
24	23	    0.28099	    0.12207	     40.708	     3.3006	-9.7531e+92	-9.7531e+92	   0.052647	  0.0021052	   0.016576	  0.0023432	   -0.11524	  -0.062255	
24	24	     0.0000	     0.0000	     0.0000	     4.0000	-9.7531e+92	-9.7531e+92	    0.21743	     0.0000	    0.21713	     0.0000	     0.0000	     0.0000	
