#source	Target	value	weight	distance	potential1	geneCorrelation	separation	influenceWeight	betweenness	influence'Weight	betweenness'	nbetweenness	nbetweenness'	
0	0	     0.0000	     0.0000	     0.0000	     4.0000	-9.7531e+92	-9.7531e+92	     4.0556	     0.0000	     3.6727	     0.0000	     0.0000	     0.0000	
0	1	    0.10673	    0.83833	     35.562	     3.5606	-9.7531e+92	-9.7531e+92	    0.31203	   0.083004	     0.0000	   0.037914	     1.0113	  0.0085407	
0	2	 2.2426e-06	 1.7614e-05	     211.35	   0.025814	-9.7531e+92	-9.7531e+92	    0.18501	 6.5595e-05	     0.0000	   -0.12747	 0.00080101	 -0.0074577	
0	3	 2.3854e-12	 1.8735e-11	     273.88	  0.0091920	-9.7531e+92	-9.7531e+92	   0.013390	 6.7103e-05	     0.0000	 -0.0056583	 0.00075924	 -0.0019124	
0	4	 1.2872e-12	 1.0111e-11	     281.58	  0.0082298	-9.7531e+92	-9.7531e+92	   0.092545	 5.9743e-05	     0.0000	  -0.078100	 0.00074306	 -0.0052683	
0	5	 0.00016303	  0.0012805	     169.69	   0.061568	-9.7531e+92	-9.7531e+92	   0.042719	 0.00021234	     0.0000	  -0.011875	  0.0025267	-0.00033129	
0	6	   0.024430	    0.19188	     105.31	    0.38136	-9.7531e+92	-9.7531e+92	    0.23623	   0.020053	     0.0000	 -0.0028000	    0.27205	 -0.0016201	
0	7	   0.058730	    0.46128	     80.265	    0.95180	-9.7531e+92	-9.7531e+92	    0.25534	   0.047865	     0.0000	  0.0020693	    0.67309	 0.00023649	
0	8	 9.1986e-13	 7.2249e-12	     172.11	   0.058221	-9.7531e+92	-9.7531e+92	  0.0011926	 6.6608e-05	     0.0000	 -0.0014100	 0.00071986	 1.7213e-07	
0	9	   0.036311	    0.28520	     86.890	    0.74099	-9.7531e+92	-9.7531e+92	    0.20456	   0.028007	     0.0000	-0.00057465	    0.42361	 -0.0015860	
0	10	 1.4388e-13	 1.1301e-12	     210.64	   0.026161	-9.7531e+92	-9.7531e+92	 0.00029823	 7.0238e-05	     0.0000	-0.00013773	 0.00069482	 6.2002e-07	
0	11	 3.6335e-13	 2.8539e-12	     167.10	   0.065400	-9.7531e+92	-9.7531e+92	 0.00048678	 6.6601e-05	     0.0000	-0.00034182	 0.00072283	 1.9672e-06	
0	12	 6.1857e-12	 4.8585e-11	     226.76	   0.019512	-9.7531e+92	-9.7531e+92	 0.00040269	 6.9987e-05	     0.0000	-0.00073466	 0.00069017	 2.7403e-06	
0	13	    0.16371	     1.2858	     86.013	    0.76580	-9.7531e+92	-9.7531e+92	    0.68688	    0.11473	     0.0000	  0.0031769	     1.3501	   0.013142	
0	14	    0.49517	     3.8893	     114.85	    0.27729	-9.7531e+92	-9.7531e+92	     1.1485	    0.35825	    0.19164	   0.073740	     4.9509	   0.082859	
0	15	 2.9371e-12	 2.3069e-11	     189.51	   0.039789	-9.7531e+92	-9.7531e+92	   0.035306	 6.7756e-05	     0.0000	  -0.015452	 0.00072180	-0.00081241	
0	16	 4.4231e-12	 3.4741e-11	     217.18	   0.023165	-9.7531e+92	-9.7531e+92	 0.00059281	 7.2164e-05	     0.0000	-0.00024150	 0.00067641	 1.1261e-05	
0	17	 4.5526e-12	 3.5758e-11	     353.56	  0.0033150	-9.7531e+92	-9.7531e+92	  0.0035527	 7.2430e-05	     0.0000	 -0.0086727	 0.00067245	 8.0243e-05	
0	18	   0.030349	    0.23838	     116.29	    0.26473	-9.7531e+92	-9.7531e+92	    0.32498	   0.021145	     0.0000	 -0.0085292	    0.28224	   0.011931	
0	19	 9.1351e-12	 7.1750e-11	     234.49	   0.017074	-9.7531e+92	-9.7531e+92	 0.00078445	 6.7118e-05	     0.0000	 -0.0021827	 0.00070286	 2.4950e-06	
0	20	 9.4965e-13	 7.4589e-12	     206.61	   0.028245	-9.7531e+92	-9.7531e+92	  0.0020877	 6.5764e-05	     0.0000	 -0.0031158	 0.00071174	-3.7371e-07	
0	21	   0.082859	    0.65080	     39.458	     3.3697	-9.7531e+92	-9.7531e+92	    0.22822	   0.068194	  0.0014597	  0.0074799	     1.0155	  0.0053247	
0	22	 3.6774e-13	 2.8884e-12	     321.47	  0.0048482	-9.7531e+92	-9.7531e+92	  0.0013285	 7.2827e-05	     0.0000	 -0.0028283	 0.00067919	 1.8040e-05	
0	23	  0.0015372	   0.012074	     119.13	    0.24186	-9.7531e+92	-9.7531e+92	   0.020893	  0.0015277	     0.0000	 -0.0033780	   0.017867	 1.6566e-05	
0	24	 1.7280e-06	 1.3572e-05	     123.34	    0.21210	-9.7531e+92	-9.7531e+92	 0.00067260	 6.4852e-05	     0.0000	-0.00012208	 0.00078949	 1.6247e-06	
1	0	   0.062032	    0.47233	     35.562	     3.5606	-9.7531e+92	-9.7531e+92	    0.26778	   0.036236	     0.0000	  0.0019057	    0.53282	 -0.0050656	
1	1	     0.0000	     0.0000	     0.0000	     4.0000	-9.7531e+92	-9.7531e+92	     3.9446	     0.0000	     3.6407	     0.0000	     0.0000	     0.0000	
1	2	  0.0021783	   0.016586	     184.62	   0.044134	-9.7531e+92	-9.7531e+92	   0.090711	  0.0018135	     0.0000	   -0.10355	   0.026358	   0.058772	
1	3	 2.8425e-11	 2.1643e-10	     244.14	   0.014539	-9.7531e+92	-9.7531e+92	  0.0066497	 5.7120e-05	     0.0000	 -0.0046768	 0.00077148	   0.017968	
1	4	 4.3626e-12	 3.3217e-11	     272.02	  0.0094459	-9.7531e+92	-9.7531e+92	   0.045602	 5.0795e-05	     0.0000	  -0.064552	 0.00075906	   0.069043	
1	5	 0.00043090	  0.0032809	     161.91	   0.074033	-9.7531e+92	-9.7531e+92	   0.064690	 0.00039813	     0.0000	 -0.0096747	  0.0055942	  0.0096721	
1	6	    0.39977	     3.0439	     96.519	    0.51972	-9.7531e+92	-9.7531e+92	    0.90585	    0.27976	    0.41921	   0.019558	     4.5352	   -0.16625	
1	7	    0.21225	     1.6161	     75.481	     1.1413	-9.7531e+92	-9.7531e+92	    0.53758	    0.15461	    0.15338	   0.060782	     2.4636	  -0.082560	
1	8	 7.4143e-11	 5.6454e-10	     184.58	   0.044171	-9.7531e+92	-9.7531e+92	  0.0014694	 5.8158e-05	     0.0000	 -0.0011799	 0.00073004	 0.00055376	
1	9	   0.085802	    0.65331	     55.376	     2.3181	-9.7531e+92	-9.7531e+92	    0.28697	   0.056752	     0.0000	  0.0010499	     1.0187	  -0.013502	
1	10	 1.1864e-10	 9.0338e-10	     228.04	   0.019080	-9.7531e+92	-9.7531e+92	 0.00029433	 6.0614e-05	     0.0000	-0.00011384	 0.00071365	 3.8301e-05	
1	11	 2.3130e-11	 1.7611e-10	     185.20	   0.043588	-9.7531e+92	-9.7531e+92	 0.00052104	 5.8360e-05	     0.0000	-0.00030041	 0.00072848	 0.00015354	
1	12	 2.3929e-11	 1.8220e-10	     231.78	   0.017881	-9.7531e+92	-9.7531e+92	 0.00041587	 6.0213e-05	     0.0000	-0.00060722	 0.00071186	 0.00018994	
1	13	   0.054198	    0.41268	     57.043	     2.2015	-9.7531e+92	-9.7531e+92	    0.34640	   0.031253	     0.0000	 -0.0018587	    0.41529	   0.012941	
1	14	   0.068346	    0.52040	     88.839	    0.68891	-9.7531e+92	-9.7531e+92	    0.41050	   0.042911	     0.0000	 -0.0087556	    0.71370	   0.014510	
1	15	 4.7703e-05	 0.00036322	     167.83	   0.064291	-9.7531e+92	-9.7531e+92	   0.016353	 9.8605e-05	     0.0000	  -0.012757	  0.0012743	   0.021755	
1	16	 8.4562e-11	 6.4387e-10	     207.46	   0.027791	-9.7531e+92	-9.7531e+92	 0.00041729	 6.1514e-05	     0.0000	-0.00019961	 0.00070571	 0.00054555	
1	17	 1.5833e-10	 1.2056e-09	     342.57	  0.0037606	-9.7531e+92	-9.7531e+92	  0.0018756	 6.1567e-05	     0.0000	 -0.0071682	 0.00070388	  0.0054800	
1	18	   0.013803	    0.10510	     111.77	    0.30668	-9.7531e+92	-9.7531e+92	    0.39700	  0.0094520	     0.0000	  -0.017154	    0.15139	   0.035276	
1	19	 9.1104e-11	 6.9369e-10	     226.57	   0.019575	-9.7531e+92	-9.7531e+92	 0.00085300	 5.7807e-05	     0.0000	 -0.0018041	 0.00072311	 0.00076577	
1	20	 3.4659e-11	 2.6390e-10	     199.20	   0.032652	-9.7531e+92	-9.7531e+92	  0.0028209	 5.6937e-05	     0.0000	 -0.0025753	 0.00072830	  0.0012085	
1	21	    0.10107	    0.76957	     57.297	     2.1839	-9.7531e+92	-9.7531e+92	    0.25939	   0.071281	   0.039560	  0.0071179	     1.2728	  -0.013589	
1	22	 7.6064e-11	 5.7917e-10	     312.59	  0.0054224	-9.7531e+92	-9.7531e+92	 0.00078270	 6.2001e-05	     0.0000	 -0.0023377	 0.00070849	  0.0018452	
1	23	 7.3227e-05	 0.00055756	     132.72	    0.16037	-9.7531e+92	-9.7531e+92	   0.023201	 0.00011515	     0.0000	 -0.0032777	  0.0015963	  0.0054176	
1	24	 2.3553e-11	 1.7933e-10	     142.19	    0.12292	-9.7531e+92	-9.7531e+92	 0.00076061	 5.6021e-05	     0.0000	-0.00012883	 0.00075613	 0.00012908	
2	0	 3.4448e-06	 1.3688e-05	     211.35	   0.025814	-9.7531e+92	-9.7531e+92	  0.0085106	 0.00012227	     0.0000	  -0.017387	  0.0010645	   0.060131	
2	1	 7.6280e-05	 0.00030311	     184.62	   0.044134	-9.7531e+92	-9.7531e+92	  0.0072715	 0.00028255	     0.0000	  -0.046437	  0.0023322	   0.049677	
2	2	     0.0000	     0.0000	     0.0000	     4.0000	-9.7531e+92	-9.7531e+92	     2.2477	     0.0000	     1.7457	     0.0000	     0.0000	     0.0000	
2	3	  0.0076553	   0.030419	     63.167	     1.7950	-9.7531e+92	-9.7531e+92	    0.14503	   0.010148	     0.0000	 -0.0014297	   0.092189	   0.044017	
2	4	    0.96435	     3.8319	     91.235	    0.63030	-9.7531e+92	-9.7531e+92	     1.1143	     1.0000	    0.56485	    0.49873	     12.703	    -1.2362	
2	5	 3.5405e-05	 0.00014069	     120.45	    0.23204	-9.7531e+92	-9.7531e+92	  0.0051205	 0.00018811	     0.0000	  -0.024476	  0.0012343	   0.030021	
2	6	 0.00062079	  0.0024668	     118.53	    0.24644	-9.7531e+92	-9.7531e+92	   0.014263	  0.0013035	     0.0000	 -0.0092958	  0.0087252	   0.096216	
2	7	 2.6448e-05	 0.00010509	     153.12	   0.092143	-9.7531e+92	-9.7531e+92	  0.0094100	 0.00018464	     0.0000	  -0.046950	  0.0011345	   0.078592	
2	8	 6.5748e-14	 2.6126e-13	     174.51	   0.055125	-9.7531e+92	-9.7531e+92	 0.00034044	 0.00014081	     0.0000	 -0.0029224	 0.00071863	  0.0016713	
2	9	 4.6382e-05	 0.00018430	     133.64	    0.15619	-9.7531e+92	-9.7531e+92	   0.012304	 0.00021688	     0.0000	  -0.019070	  0.0013906	   0.070686	
2	10	 4.2037e-13	 1.6704e-12	     213.20	   0.024934	-9.7531e+92	-9.7531e+92	 0.00015154	 0.00014529	     0.0000	-0.00028195	 0.00068469	 0.00011522	
2	11	 2.6294e-13	 1.0448e-12	     197.83	   0.033565	-9.7531e+92	-9.7531e+92	 0.00017767	 0.00014155	     0.0000	-0.00074407	 0.00070094	 0.00046221	
2	12	 2.1956e-12	 8.7245e-12	     181.48	   0.047226	-9.7531e+92	-9.7531e+92	 0.00027798	 0.00014379	     0.0000	 -0.0015040	 0.00068799	 0.00057160	
2	13	  0.0023691	  0.0094140	     127.66	    0.18612	-9.7531e+92	-9.7531e+92	   0.075315	  0.0026255	     0.0000	  -0.029071	 0.00027176	   0.090898	
2	14	   0.015078	   0.059914	     97.273	    0.50580	-9.7531e+92	-9.7531e+92	    0.11093	   0.019614	     0.0000	  -0.043232	    0.15376	    0.10179	
2	15	  0.0094359	   0.037494	     21.827	     3.9312	-9.7531e+92	-9.7531e+92	    0.13731	   0.010363	     0.0000	     0.0000	    0.15734	  0.0029442	
2	16	 7.2306e-05	 0.00028731	     68.097	     1.5042	-9.7531e+92	-9.7531e+92	  0.0040395	 0.00021160	     0.0000	-8.8762e-05	  0.0025482	  0.0014686	
2	17	 1.8215e-13	 7.2379e-13	     160.64	   0.076357	-9.7531e+92	-9.7531e+92	   0.039753	 0.00011071	 0.00038799	  -0.016288	  0.0010243	   0.016491	
2	18	 0.00023478	 0.00093292	     137.27	    0.14087	-9.7531e+92	-9.7531e+92	   0.019824	 0.00054728	     0.0000	  -0.055567	  0.0042949	    0.12933	
2	19	 1.7281e-09	 6.8669e-09	     139.30	    0.13308	-9.7531e+92	-9.7531e+92	  0.0015609	 0.00013531	     0.0000	 -0.0044684	 0.00073691	  0.0023097	
2	20	 2.6861e-07	 1.0674e-06	     139.77	    0.13137	-9.7531e+92	-9.7531e+92	 0.00092574	 0.00013582	     0.0000	 -0.0063778	 0.00073537	  0.0036474	
2	21	 2.3921e-13	 9.5054e-13	     197.19	   0.033993	-9.7531e+92	-9.7531e+92	  0.0043433	 0.00013165	     0.0000	  -0.014014	 0.00077040	   0.046542	
2	22	 2.0354e-12	 8.0878e-12	     161.29	   0.075160	-9.7531e+92	-9.7531e+92	   0.012906	 0.00011806	     0.0000	 -0.0053885	 0.00096118	  0.0055581	
2	23	 8.2295e-13	 3.2701e-12	     168.40	   0.063436	-9.7531e+92	-9.7531e+92	  0.0012255	 0.00013538	     0.0000	 -0.0081783	 0.00073818	   0.016461	
2	24	 1.1056e-12	 4.3934e-12	     210.29	   0.026336	-9.7531e+92	-9.7531e+92	 0.00015274	 0.00013712	     0.0000	-0.00031909	 0.00072456	 0.00038858	
3	0	 2.8158e-10	 1.0052e-09	     273.88	  0.0091920	-9.7531e+92	-9.7531e+92	   0.021442	 2.2236e-05	     0.0000	  -0.017803	-0.00034852	    0.14055	
3	1	 0.00033488	  0.0011955	     244.14	   0.014539	-9.7531e+92	-9.7531e+92	   0.018098	 0.00014023	     0.0000	  -0.047238	 -0.0020848	    0.11484	
3	2	    0.24854	    0.88725	     63.167	     1.7950	-9.7531e+92	-9.7531e+92	    0.39955	   0.039614	     0.0000	   0.046555	    -1.7255	   -0.39185	
3	3	     0.0000	     0.0000	     0.0000	     4.0000	-9.7531e+92	-9.7531e+92	     1.8378	     0.0000	     1.7047	     0.0000	     0.0000	     0.0000	
3	4	    0.20582	    0.73474	     82.606	    0.87092	-9.7531e+92	-9.7531e+92	    0.38872	   0.030047	     0.0000	  0.0062620	    -1.2579	   -0.21004	
3	5	 0.00015219	 0.00054329	     167.87	   0.064235	-9.7531e+92	-9.7531e+92	   0.010620	 7.5083e-05	     0.0000	  -0.024905	 -0.0014808	   0.063626	
3	6	  0.0037894	   0.013528	     180.81	   0.047921	-9.7531e+92	-9.7531e+92	   0.035583	  0.0013138	     0.0000	 -0.0090418	  -0.024880	    0.19801	
3	7	 1.0042e-10	 3.5849e-10	     215.68	   0.023812	-9.7531e+92	-9.7531e+92	   0.023572	 2.3264e-05	     0.0000	  -0.048097	-0.00044282	    0.16891	
3	8	 1.4560e-10	 5.1978e-10	     221.29	   0.021502	-9.7531e+92	-9.7531e+92	 0.00035399	 2.4133e-05	     0.0000	 -0.0029922	-0.00047162	  0.0035242	
3	9	 1.2149e-11	 4.3369e-11	     191.41	   0.038254	-9.7531e+92	-9.7531e+92	   0.029812	 2.3096e-05	     0.0000	  -0.019545	-0.00044182	    0.15205	
3	10	 1.9243e-11	 6.8696e-11	     258.79	   0.011525	-9.7531e+92	-9.7531e+92	 0.00013417	 2.4677e-05	     0.0000	-0.00028869	-0.00048079	 0.00024167	
3	11	 2.4934e-11	 8.9010e-11	     244.71	   0.014404	-9.7531e+92	-9.7531e+92	 0.00017347	 2.4371e-05	     0.0000	-0.00076185	-0.00047831	 0.00097059	
3	12	 3.1958e-11	 1.1408e-10	     227.10	   0.019395	-9.7531e+92	-9.7531e+92	 0.00020114	 2.4353e-05	     0.0000	 -0.0015399	-0.00047933	  0.0011996	
3	13	   0.065428	    0.23357	     188.65	   0.040519	-9.7531e+92	-9.7531e+92	    0.17802	   0.018038	     0.0000	  -0.013036	   -0.30127	    0.11192	
3	14	    0.27572	    0.98427	     161.01	   0.075671	-9.7531e+92	-9.7531e+92	    0.31317	   0.080450	     0.0000	   0.063678	    -1.2584	   -0.38144	
3	15	    0.19487	    0.69566	     84.108	    0.82281	-9.7531e+92	-9.7531e+92	    0.22553	   0.051812	   0.076520	    0.11881	    -1.1980	   -0.51870	
3	16	 1.5944e-10	 5.6918e-10	     111.94	    0.30495	-9.7531e+92	-9.7531e+92	  0.0015120	 1.9891e-05	     0.0000	-0.00050620	-0.00039742	  0.0034341	
3	17	 5.2832e-11	 1.8860e-10	     122.41	    0.21829	-9.7531e+92	-9.7531e+92	   0.013940	 1.4659e-05	     0.0000	-0.00081723	-0.00010658	  0.0026583	
3	18	  0.0053530	   0.019110	     199.21	   0.032649	-9.7531e+92	-9.7531e+92	   0.051544	  0.0017788	     0.0000	  -0.053772	  -0.031725	    0.27338	
3	19	 7.2361e-11	 2.5832e-10	     184.07	   0.044655	-9.7531e+92	-9.7531e+92	 0.00070910	 2.3426e-05	     0.0000	 -0.0045752	-0.00046879	  0.0048657	
3	20	 2.4817e-11	 8.8592e-11	     185.64	   0.043179	-9.7531e+92	-9.7531e+92	 0.00075650	 2.3458e-05	     0.0000	 -0.0065310	-0.00046982	  0.0076939	
3	21	 1.4920e-10	 5.3261e-10	     259.71	   0.011362	-9.7531e+92	-9.7531e+92	   0.010648	 2.3404e-05	     0.0000	  -0.014349	-0.00045946	   0.098829	
3	22	 8.8199e-10	 3.1486e-09	     164.94	   0.068842	-9.7531e+92	-9.7531e+92	  0.0045766	 1.8679e-05	     0.0000	 -0.0037349	-0.00035296	   0.011683	
3	23	 8.2756e-11	 2.9543e-10	     228.38	   0.018966	-9.7531e+92	-9.7531e+92	  0.0029088	 2.3951e-05	     0.0000	 -0.0083738	-0.00047179	   0.034672	
3	24	 1.6511e-10	 5.8941e-10	     270.69	  0.0096323	-9.7531e+92	-9.7531e+92	 0.00016591	 2.4217e-05	     0.0000	-0.00032671	-0.00047671	 0.00081601	
4	0	 9.0777e-12	 2.6033e-11	     281.58	  0.0082298	-9.7531e+92	-9.7531e+92	   0.010763	 0.00010694	     0.0000	  -0.093063	-0.00054453	    0.16065	
4	1	 5.0803e-12	 1.4569e-11	     272.02	  0.0094459	-9.7531e+92	-9.7531e+92	  0.0091319	 0.00011527	     0.0000	   -0.24901	-0.00051774	    0.13396	
4	2	    0.33003	    0.94645	     91.235	    0.63030	-9.7531e+92	-9.7531e+92	    0.38023	    0.11104	   0.017912	 7.5964e-05	    -5.6793	    -1.4661	
4	3	    0.23078	    0.66184	     82.606	    0.87092	-9.7531e+92	-9.7531e+92	    0.20472	    0.23965	   0.097857	    0.32200	    -3.0359	   -0.85512	
4	4	     0.0000	     0.0000	     0.0000	     4.0000	-9.7531e+92	-9.7531e+92	     1.6637	     0.0000	     1.2671	     0.0000	     0.0000	     0.0000	
4	5	 0.00059822	  0.0017156	     147.08	    0.10778	-9.7531e+92	-9.7531e+92	  0.0065124	  0.0011052	     0.0000	   -0.12709	 -0.0091469	   0.089372	
4	6	 6.9147e-05	 0.00019830	     179.35	   0.049487	-9.7531e+92	-9.7531e+92	   0.017548	 0.00022734	     0.0000	  -0.050186	 -0.0017167	    0.29145	
4	7	 2.6544e-12	 7.6121e-12	     209.16	   0.026904	-9.7531e+92	-9.7531e+92	   0.011894	 0.00011518	     0.0000	   -0.25141	-0.00089004	    0.23893	
4	8	 4.6312e-12	 1.3281e-11	     186.41	   0.042479	-9.7531e+92	-9.7531e+92	 0.00033400	 0.00012058	     0.0000	  -0.015641	 -0.0010045	  0.0052057	
4	9	 4.9988e-12	 1.4335e-11	     223.28	   0.020749	-9.7531e+92	-9.7531e+92	   0.015811	 0.00011318	     0.0000	   -0.10217	-0.00088455	    0.21489	
4	10	 5.7844e-13	 1.6588e-12	     204.61	   0.029363	-9.7531e+92	-9.7531e+92	 0.00011495	 0.00012370	     0.0000	 -0.0015090	 -0.0010420	 0.00036140	
4	11	 2.7443e-12	 7.8700e-12	     218.09	   0.022784	-9.7531e+92	-9.7531e+92	 0.00013951	 0.00012160	     0.0000	 -0.0039824	 -0.0010303	  0.0014476	
4	12	 8.7580e-13	 2.5116e-12	     165.11	   0.068567	-9.7531e+92	-9.7531e+92	 0.00028336	 0.00012201	     0.0000	 -0.0080494	 -0.0010344	  0.0017915	
4	13	   0.040318	    0.11562	     217.30	   0.023117	-9.7531e+92	-9.7531e+92	   0.099198	   0.047077	     0.0000	   -0.10297	   -0.43524	    0.10539	
4	14	   0.099869	    0.28640	     184.55	   0.044193	-9.7531e+92	-9.7531e+92	    0.13828	    0.13171	     0.0000	  -0.047824	   -0.74478	   0.045277	
4	15	    0.19721	    0.56555	     106.18	    0.37015	-9.7531e+92	-9.7531e+92	    0.18918	    0.21894	   0.069483	   0.059687	    -2.2178	   -0.75571	
4	16	  0.0068170	   0.019550	     75.439	     1.1432	-9.7531e+92	-9.7531e+92	  0.0058176	  0.0079381	  0.0028384	   0.015546	  -0.045461	  -0.030920	
4	17	   0.071197	    0.20418	     73.525	     1.2289	-9.7531e+92	-9.7531e+92	   0.059250	   0.063459	   0.030840	    0.25953	   -0.17957	  -0.056753	
4	18	 0.00096589	  0.0027700	     186.18	   0.042684	-9.7531e+92	-9.7531e+92	   0.024998	  0.0016614	     0.0000	   -0.29507	  -0.010698	    0.36787	
4	19	 0.00028484	 0.00081685	     119.82	    0.23665	-9.7531e+92	-9.7531e+92	  0.0021711	 0.00060720	     0.0000	  -0.019040	 -0.0051485	  0.0057351	
4	20	 1.7218e-05	 4.9378e-05	     135.08	    0.14987	-9.7531e+92	-9.7531e+92	  0.0011738	 0.00014637	     0.0000	  -0.033874	 -0.0012483	   0.011271	
4	21	 8.4137e-13	 2.4129e-12	     253.96	   0.012424	-9.7531e+92	-9.7531e+92	  0.0054861	 0.00011537	     0.0000	  -0.075006	-0.00095279	    0.14364	
4	22	   0.021840	   0.062632	     82.638	    0.86986	-9.7531e+92	-9.7531e+92	   0.019165	   0.021718	  0.0094140	   0.089569	  -0.084121	  -0.035192	
4	23	 4.5372e-13	 1.3012e-12	     212.30	   0.025355	-9.7531e+92	-9.7531e+92	  0.0014608	 0.00011822	     0.0000	  -0.043772	-0.00099956	   0.051345	
4	24	 1.4559e-13	 4.1753e-13	     253.16	   0.012581	-9.7531e+92	-9.7531e+92	 0.00011963	 0.00011960	     0.0000	 -0.0017078	 -0.0010184	  0.0012170	
5	0	 0.00068012	  0.0012179	     169.69	   0.061568	-9.7531e+92	-9.7531e+92	   0.026164	 0.00035551	     0.0000	  -0.041578	  -0.016531	    0.88904	
5	1	 0.00055133	 0.00098730	     161.91	   0.074033	-9.7531e+92	-9.7531e+92	   0.019034	 0.00028962	     0.0000	   -0.10322	  -0.013957	    0.73100	
5	2	  0.0023779	  0.0042582	     120.45	    0.23204	-9.7531e+92	-9.7531e+92	   0.042630	  0.0011831	     0.0000	   -0.62094	  -0.058739	     2.4711	
5	3	 1.2394e-06	 2.2195e-06	     167.87	   0.064235	-9.7531e+92	-9.7531e+92	  0.0031727	 3.5446e-05	     0.0000	  -0.028089	 -0.0016520	    0.74733	
5	4	 4.4326e-06	 7.9378e-06	     147.08	    0.10778	-9.7531e+92	-9.7531e+92	   0.021438	 3.2734e-05	     0.0000	   -0.38771	 -0.0017583	     2.8125	
5	5	     0.0000	     0.0000	     0.0000	     4.0000	-9.7531e+92	-9.7531e+92	    0.91295	     0.0000	    0.87905	     0.0000	     0.0000	     0.0000	
5	6	   0.054407	   0.097430	     72.218	     1.2908	-9.7531e+92	-9.7531e+92	   0.056784	   0.023189	     0.0000	-7.4120e-05	    -1.3351	    0.19309	
5	7	   0.014529	   0.026018	     89.752	    0.66590	-9.7531e+92	-9.7531e+92	   0.032607	  0.0069339	     0.0000	  -0.074191	   -0.36244	    0.73682	
5	8	  0.0075034	   0.013437	     54.235	     2.3987	-9.7531e+92	-9.7531e+92	  0.0057091	  0.0030950	  0.0037768	   0.023028	   -0.16675	   -0.11768	
5	9	 0.00025688	 0.00046001	     134.70	    0.15149	-9.7531e+92	-9.7531e+92	   0.025599	 0.00016076	     0.0000	  -0.046030	 -0.0080580	    0.92629	
5	10	 1.8723e-06	 3.3528e-06	     93.726	    0.57518	-9.7531e+92	-9.7531e+92	 0.00019598	 2.9530e-05	     0.0000	-0.00041157	 -0.0014465	  0.0011547	
5	11	 8.2840e-05	 0.00014835	     77.490	     1.0576	-9.7531e+92	-9.7531e+92	 0.00061694	 6.2977e-05	 2.7171e-06	-0.00068603	 -0.0031880	  0.0033910	
5	12	 4.2394e-05	 7.5918e-05	     80.590	    0.94012	-9.7531e+92	-9.7531e+92	  0.0010214	 4.8672e-05	 0.00029110	 -0.0021407	 -0.0024595	  0.0056013	
5	13	   0.038211	   0.068427	     125.66	    0.19761	-9.7531e+92	-9.7531e+92	    0.11826	   0.017917	     0.0000	  -0.047977	   -0.70479	     1.2120	
5	14	    0.68883	     1.2335	     108.09	    0.34690	-9.7531e+92	-9.7531e+92	    0.34780	    0.28242	    0.12965	    0.55603	    -14.661	    -9.4962	
5	15	  0.0014382	  0.0025755	     104.94	    0.38615	-9.7531e+92	-9.7531e+92	  0.0099078	 0.00079114	     0.0000	  -0.074069	  -0.037886	    0.83332	
5	16	 2.3475e-05	 4.2038e-05	     71.546	     1.3237	-9.7531e+92	-9.7531e+92	 0.00014945	 4.8789e-05	     0.0000	 -0.0011571	 -0.0023030	   0.020220	
5	17	 1.9572e-12	 3.5048e-12	     219.60	   0.022168	-9.7531e+92	-9.7531e+92	 0.00082205	 3.6857e-05	     0.0000	  -0.043055	 -0.0017477	    0.20906	
5	18	    0.12837	    0.22988	     53.346	     2.4617	-9.7531e+92	-9.7531e+92	    0.11087	   0.051702	     0.0000	   0.040948	    -3.1285	   -0.68625	
5	19	  0.0025856	  0.0046302	     64.874	     1.6901	-9.7531e+92	-9.7531e+92	  0.0051841	  0.0010102	  0.0025670	  0.0039630	  -0.055242	  -0.020144	
5	20	   0.057655	    0.10325	     39.691	     3.3571	-9.7531e+92	-9.7531e+92	   0.028058	   0.021385	   0.023979	    0.14934	    -1.2056	   -0.94198	
5	21	 1.3870e-06	 2.4837e-06	     132.91	    0.15951	-9.7531e+92	-9.7531e+92	   0.014058	 3.3776e-05	     0.0000	  -0.032138	 -0.0017256	    0.60123	
5	22	 2.3197e-12	 4.1540e-12	     151.89	   0.095092	-9.7531e+92	-9.7531e+92	 0.00032141	 3.5482e-05	     0.0000	  -0.012551	 -0.0016862	   0.070648	
5	23	  0.0024534	  0.0043934	     65.633	     1.6449	-9.7531e+92	-9.7531e+92	  0.0070646	  0.0012455	     0.0000	  -0.013409	  -0.063192	    0.15818	
5	24	 6.8412e-08	 1.2251e-07	     106.34	    0.36810	-9.7531e+92	-9.7531e+92	 0.00016264	 3.4446e-05	     0.0000	-0.00073907	 -0.0017131	  0.0049299	
6	0	   0.070482	    0.21308	     105.31	    0.38136	-9.7531e+92	-9.7531e+92	    0.11134	   0.094674	     0.0000	   0.030410	     1.2407	   0.073694	
6	1	   0.082733	    0.25012	     96.519	    0.51972	-9.7531e+92	-9.7531e+92	    0.10529	   0.069770	     0.0000	  0.0052109	    0.66272	   -0.10977	
6	2	  0.0036971	   0.011177	     118.53	    0.24644	-9.7531e+92	-9.7531e+92	   0.050214	  0.0058211	     0.0000	   -0.99490	   0.067832	   -0.36605	
6	3	 1.1152e-05	 3.3714e-05	     180.81	   0.047921	-9.7531e+92	-9.7531e+92	  0.0036715	 0.00012756	     0.0000	  -0.045477	  0.0013781	   -0.10944	
6	4	 1.4668e-06	 4.4345e-06	     179.35	   0.049487	-9.7531e+92	-9.7531e+92	   0.025189	 9.9429e-05	     0.0000	   -0.62789	  0.0011809	   -0.39645	
6	5	   0.090890	    0.27478	     72.218	     1.2908	-9.7531e+92	-9.7531e+92	   0.087065	    0.13403	   0.029849	    0.36703	     1.5891	    0.19793	
6	6	     0.0000	     0.0000	     0.0000	     4.0000	-9.7531e+92	-9.7531e+92	     1.5862	     0.0000	     1.3930	     0.0000	     0.0000	     0.0000	
6	7	   0.082048	    0.24805	     34.871	     3.5904	-9.7531e+92	-9.7531e+92	    0.11966	    0.10705	     0.0000	    0.11538	     1.4792	   0.088738	
6	8	 0.00016130	 0.00048764	     109.28	    0.33318	-9.7531e+92	-9.7531e+92	  0.0012378	 0.00036899	     0.0000	 -0.0096194	  0.0038671	 -0.0022587	
6	9	    0.13144	    0.39736	     62.827	     1.8164	-9.7531e+92	-9.7531e+92	    0.13818	    0.17853	 0.00074605	   0.079675	     2.3324	    0.24189	
6	10	 2.0158e-12	 6.0943e-12	     153.37	   0.091543	-9.7531e+92	-9.7531e+92	 0.00012919	 0.00011451	     0.0000	 -0.0011073	  0.0010825	-0.00017870	
6	11	 4.0475e-07	 1.2236e-06	     117.04	    0.25846	-9.7531e+92	-9.7531e+92	 0.00030402	 0.00010964	     0.0000	 -0.0028962	  0.0011311	-0.00072133	
6	12	 1.6334e-12	 4.9380e-12	     152.49	   0.093630	-9.7531e+92	-9.7531e+92	 0.00023797	 0.00011388	     0.0000	 -0.0059064	  0.0010779	-0.00089007	
6	13	    0.10495	    0.31728	     53.773	     2.4314	-9.7531e+92	-9.7531e+92	    0.18491	    0.12486	     0.0000	 -0.0097860	     1.5510	  -0.039936	
6	14	    0.15879	    0.48005	     41.508	     3.2546	-9.7531e+92	-9.7531e+92	    0.24365	    0.19220	     0.0000	   0.058500	     2.6102	    0.14354	
6	15	  0.0024016	  0.0072603	     96.746	    0.51548	-9.7531e+92	-9.7531e+92	   0.010494	  0.0040323	     0.0000	   -0.11708	   0.041904	   -0.10855	
6	16	 1.2341e-12	 3.7308e-12	     111.89	    0.30549	-9.7531e+92	-9.7531e+92	 0.00019216	 0.00011736	     0.0000	 -0.0019416	  0.0010567	 -0.0025171	
6	17	 3.8046e-12	 1.1502e-11	     251.72	   0.012870	-9.7531e+92	-9.7531e+92	 0.00099654	 0.00011790	     0.0000	  -0.069725	  0.0010465	  -0.025666	
6	18	    0.24678	    0.74605	     36.723	     3.5078	-9.7531e+92	-9.7531e+92	    0.27943	    0.30908	     0.0000	    0.34638	     4.0964	    0.47787	
6	19	 2.7246e-07	 8.2369e-07	     133.74	    0.15573	-9.7531e+92	-9.7531e+92	 0.00071342	 0.00010972	     0.0000	  -0.017545	  0.0011030	 -0.0036873	
6	20	 7.8465e-05	 0.00023721	     111.59	    0.30852	-9.7531e+92	-9.7531e+92	  0.0031694	 0.00023224	     0.0000	  -0.024163	  0.0024320	 -0.0056627	
6	21	   0.021184	   0.064044	     78.899	     1.0025	-9.7531e+92	-9.7531e+92	   0.052082	   0.030299	     0.0000	  -0.010773	    0.37803	  -0.020794	
6	22	 1.0639e-12	 3.2164e-12	     216.08	   0.023641	-9.7531e+92	-9.7531e+92	 0.00039302	 0.00011856	     0.0000	  -0.022739	  0.0010573	 -0.0087466	
6	23	  0.0043562	   0.013170	     73.330	     1.2380	-9.7531e+92	-9.7531e+92	   0.017757	  0.0054088	     0.0000	 -0.0015383	   0.098299	  -0.031086	
6	24	 4.8137e-06	 1.4553e-05	     108.13	    0.34637	-9.7531e+92	-9.7531e+92	 0.00035575	 0.00011223	     0.0000	 -0.0011769	  0.0012480	-0.00059493	
7	0	   0.087089	    0.20648	     80.265	    0.95180	-9.7531e+92	-9.7531e+92	    0.10239	   0.085752	     0.0000	   0.018963	     1.3348	   0.081177	
7	1	   0.074394	    0.17638	     75.481	     1.1413	-9.7531e+92	-9.7531e+92	   0.076531	   0.060004	     0.0000	  0.0021699	    0.84120	 -0.0015276	
7	2	 7.7995e-05	 0.00018492	     153.12	   0.092143	-9.7531e+92	-9.7531e+92	   0.028244	 0.00017266	     0.0000	   -0.36192	  0.0024448	   -0.25618	
7	3	 2.2577e-12	 5.3528e-12	     215.68	   0.023812	-9.7531e+92	-9.7531e+92	  0.0020785	 8.4573e-05	     0.0000	  -0.016075	  0.0011121	  -0.075156	
7	4	 1.9673e-11	 4.6643e-11	     209.16	   0.026904	-9.7531e+92	-9.7531e+92	   0.014202	 7.5103e-05	     0.0000	   -0.22188	  0.0010937	   -0.27696	
7	5	  0.0019778	  0.0046890	     89.752	    0.66590	-9.7531e+92	-9.7531e+92	   0.024146	  0.0023882	     0.0000	  -0.030467	   0.033477	  -0.033405	
7	6	    0.15619	    0.37031	     34.871	     3.5904	-9.7531e+92	-9.7531e+92	    0.14790	    0.16232	     0.0000	   0.018763	     2.5860	    0.18485	
7	7	     0.0000	     0.0000	     0.0000	     4.0000	-9.7531e+92	-9.7531e+92	     1.2351	     0.0000	     1.1154	     0.0000	     0.0000	     0.0000	
7	8	 5.0253e-05	 0.00011914	     109.89	    0.32644	-9.7531e+92	-9.7531e+92	 0.00085566	 0.00014842	     0.0000	 -0.0038546	  0.0018687	 -0.0018821	
7	9	   0.014550	   0.034497	     64.406	     1.7184	-9.7531e+92	-9.7531e+92	   0.041044	   0.014659	     0.0000	 -0.0068503	    0.24949	  -0.063450	
7	10	 1.9790e-12	 4.6921e-12	     153.29	   0.091732	-9.7531e+92	-9.7531e+92	 9.7274e-05	 8.8729e-05	     0.0000	-0.00039128	  0.0010391	-0.00013351	
7	11	 2.6185e-06	 6.2082e-06	     112.26	    0.30176	-9.7531e+92	-9.7531e+92	 0.00027006	 8.7990e-05	     0.0000	 -0.0010228	  0.0011141	-0.00053305	
7	12	 1.6566e-11	 3.9275e-11	     158.06	   0.081372	-9.7531e+92	-9.7531e+92	 0.00014548	 8.8262e-05	     0.0000	 -0.0020871	  0.0010346	-0.00066398	
7	13	   0.063486	    0.15052	     57.312	     2.1828	-9.7531e+92	-9.7531e+92	    0.11218	   0.056631	     0.0000	  -0.017414	    0.80773	   -0.11681	
7	14	   0.067576	    0.16021	     65.464	     1.6549	-9.7531e+92	-9.7531e+92	    0.14116	   0.063358	     0.0000	  -0.030527	     1.0318	   -0.12128	
7	15	 9.3178e-05	 0.00022091	     131.62	    0.16559	-9.7531e+92	-9.7531e+92	  0.0051990	 0.00020418	     0.0000	  -0.043801	  0.0025674	  -0.082356	
7	16	 9.5885e-13	 2.2733e-12	     137.28	    0.14083	-9.7531e+92	-9.7531e+92	 0.00013004	 9.0688e-05	     0.0000	-0.00068608	  0.0010207	 -0.0018878	
7	17	 2.1817e-11	 5.1726e-11	     281.54	  0.0082346	-9.7531e+92	-9.7531e+92	 0.00058412	 9.0845e-05	     0.0000	  -0.024638	  0.0010164	  -0.019150	
7	18	    0.52668	     1.2487	     38.248	     3.4331	-9.7531e+92	-9.7531e+92	    0.37354	    0.50420	    0.15213	    0.35825	     8.1445	    0.89101	
7	19	 1.2504e-11	 2.9645e-11	     154.38	   0.089237	-9.7531e+92	-9.7531e+92	 0.00032230	 8.4799e-05	     0.0000	 -0.0062010	  0.0010499	 -0.0027256	
7	20	 2.8333e-06	 6.7175e-06	     126.68	    0.19164	-9.7531e+92	-9.7531e+92	  0.0012222	 8.6828e-05	     0.0000	 -0.0088405	  0.0011049	 -0.0043205	
7	21	  0.0060397	   0.014319	     44.967	     3.0407	-9.7531e+92	-9.7531e+92	   0.042652	  0.0066359	     0.0000	  -0.011182	    0.10498	  -0.044867	
7	22	 5.1104e-12	 1.2116e-11	     241.36	   0.015218	-9.7531e+92	-9.7531e+92	 0.00024392	 9.1401e-05	     0.0000	 -0.0080350	  0.0010238	 -0.0064990	
7	23	  0.0015169	  0.0035965	     58.677	     2.0891	-9.7531e+92	-9.7531e+92	   0.019921	  0.0018164	     0.0000	 -0.0096198	   0.027867	  -0.016456	
7	24	 0.00027815	 0.00065946	     84.614	    0.80724	-9.7531e+92	-9.7531e+92	 0.00052746	 0.00040657	     0.0000	 8.6385e-05	  0.0060115	 8.8276e-05	
8	0	  0.0027056	  0.0022894	     172.11	   0.058221	-9.7531e+92	-9.7531e+92	   0.010884	 0.00026087	     0.0000	  -0.019949	  -0.043988	    0.71243	
8	1	 0.00037564	 0.00031786	     184.58	   0.044171	-9.7531e+92	-9.7531e+92	  0.0058218	 4.1489e-05	     0.0000	  -0.055983	 -0.0070514	    0.61394	
8	2	 3.2190e-05	 2.7239e-05	     174.51	   0.055125	-9.7531e+92	-9.7531e+92	  0.0068298	 8.4815e-06	     0.0000	   -0.31691	 -0.0016779	     2.0888	
8	3	 4.3252e-12	 3.6599e-12	     221.29	   0.021502	-9.7531e+92	-9.7531e+92	 0.00054698	 6.3722e-06	     0.0000	  -0.014071	 -0.0011397	    0.61953	
8	4	 3.8359e-08	 3.2459e-08	     186.41	   0.042479	-9.7531e+92	-9.7531e+92	  0.0036332	 5.5247e-06	     0.0000	   -0.19416	 -0.0011536	     2.3283	
8	5	    0.18981	    0.16061	     54.235	     2.3987	-9.7531e+92	-9.7531e+92	   0.060393	   0.017347	   0.044379	    0.24677	    -3.3162	    -2.9119	
8	6	   0.020821	   0.017618	     109.28	    0.33318	-9.7531e+92	-9.7531e+92	   0.018650	  0.0019248	     0.0000	 -0.0074901	   -0.35971	    0.72357	
8	7	  0.0028699	  0.0024284	     109.89	    0.32644	-9.7531e+92	-9.7531e+92	   0.010506	 0.00027291	     0.0000	  -0.053816	  -0.051101	    0.80702	
8	8	     0.0000	     0.0000	     0.0000	     4.0000	-9.7531e+92	-9.7531e+92	    0.43285	     0.0000	    0.43194	     0.0000	     0.0000	     0.0000	
8	9	 5.2303e-07	 4.4258e-07	     171.65	   0.058843	-9.7531e+92	-9.7531e+92	  0.0055406	 6.3600e-06	     0.0000	  -0.023187	 -0.0011707	    0.77046	
8	10	   0.014095	   0.011927	     44.054	     3.0993	-9.7531e+92	-9.7531e+92	  0.0040034	 0.00091286	  0.0038889	   0.034831	   -0.18851	   -0.18095	
8	11	    0.16250	    0.13750	     32.525	     3.6821	-9.7531e+92	-9.7531e+92	   0.035468	   0.011248	   0.035177	    0.27502	    -2.2910	    -2.2193	
8	12	   0.026808	   0.022684	     55.069	     2.3397	-9.7531e+92	-9.7531e+92	  0.0079881	  0.0015078	  0.0076430	   0.061449	   -0.32931	   -0.31341	
8	13	  0.0073891	  0.0062525	     162.59	   0.072826	-9.7531e+92	-9.7531e+92	   0.022454	 0.00068392	     0.0000	  -0.033733	   -0.10339	     1.4505	
8	14	   0.018108	   0.015322	     146.54	    0.10935	-9.7531e+92	-9.7531e+92	   0.043225	  0.0016450	     0.0000	  -0.051025	   -0.26444	     1.4730	
8	15	 2.6073e-06	 2.2062e-06	     159.01	   0.079481	-9.7531e+92	-9.7531e+92	  0.0015034	 6.6457e-06	     0.0000	  -0.038423	 -0.0012171	    0.71308	
8	16	 3.7114e-12	 3.1405e-12	     112.87	    0.29583	-9.7531e+92	-9.7531e+92	 4.6077e-05	 6.5623e-06	     0.0000	-0.00059504	 -0.0012007	   0.017069	
8	17	 5.0770e-14	 4.2960e-14	     258.50	   0.011577	-9.7531e+92	-9.7531e+92	 0.00015748	 6.5012e-06	     0.0000	  -0.021559	 -0.0011988	    0.17228	
8	18	    0.25649	    0.21704	     75.421	     1.1439	-9.7531e+92	-9.7531e+92	   0.083627	   0.022404	  0.0046038	    0.11716	    -4.2681	    -2.6361	
8	19	  0.0035767	  0.0030265	     80.536	    0.94205	-9.7531e+92	-9.7531e+92	  0.0098354	 0.00027898	  0.0085987	  0.0057085	  -0.060716	  -0.035414	
8	20	    0.24995	    0.21150	     51.987	     2.5582	-9.7531e+92	-9.7531e+92	   0.058607	   0.016884	   0.056680	    0.49565	    -3.9431	    -3.8039	
8	21	 4.6820e-05	 3.9618e-05	     132.38	    0.16196	-9.7531e+92	-9.7531e+92	  0.0075381	 1.0746e-05	     0.0000	  -0.016995	 -0.0020063	    0.49559	
8	22	 1.7469e-12	 1.4782e-12	     168.70	   0.062994	-9.7531e+92	-9.7531e+92	 9.9054e-05	 6.3575e-06	     0.0000	 -0.0063667	 -0.0011856	   0.057911	
8	23	   0.043465	   0.036780	     54.810	     2.3580	-9.7531e+92	-9.7531e+92	   0.015076	  0.0041313	  0.0066117	   0.031884	   -0.77024	   -0.57902	
8	24	 0.00095677	 0.00080960	     77.960	     1.0389	-9.7531e+92	-9.7531e+92	 0.00080730	 9.9031e-05	 0.00055429	  0.0011850	  -0.018274	  -0.012628	
9	0	    0.17582	    0.42196	     86.890	    0.74099	-9.7531e+92	-9.7531e+92	    0.14486	    0.16442	   0.027861	    0.10443	     4.1622	    0.62861	
9	1	    0.15890	    0.38136	     55.376	     2.3181	-9.7531e+92	-9.7531e+92	    0.12897	    0.14862	   0.033213	    0.31924	     3.5731	    0.58825	
9	2	  0.0043816	   0.010516	     133.64	    0.15619	-9.7531e+92	-9.7531e+92	   0.042844	  0.0049675	     0.0000	   -0.58069	    0.11160	   -0.59557	
9	3	 2.1535e-05	 5.1684e-05	     191.41	   0.038254	-9.7531e+92	-9.7531e+92	  0.0030971	 0.00010290	     0.0000	  -0.026685	  0.0022000	   -0.18136	
9	4	 7.2969e-12	 1.7512e-11	     223.28	   0.020749	-9.7531e+92	-9.7531e+92	   0.021462	 6.9583e-05	     0.0000	   -0.36854	  0.0016541	   -0.67249	
9	5	 0.00035803	 0.00085927	     134.70	    0.15149	-9.7531e+92	-9.7531e+92	   0.014427	 0.00046297	     0.0000	  -0.055452	   0.010533	  -0.089662	
9	6	   0.084715	    0.20331	     62.827	     1.8164	-9.7531e+92	-9.7531e+92	    0.11406	   0.080649	     0.0000	  0.0068336	     2.1133	    0.10092	
9	7	    0.13965	    0.33515	     64.406	     1.7184	-9.7531e+92	-9.7531e+92	    0.12949	    0.15323	  0.0083920	    0.19128	     3.4747	    0.43234	
9	8	 3.0620e-13	 7.3488e-13	     171.65	   0.058843	-9.7531e+92	-9.7531e+92	 0.00044823	 8.1735e-05	     0.0000	 -0.0067363	  0.0016251	 -0.0048887	
9	9	     0.0000	     0.0000	     0.0000	     4.0000	-9.7531e+92	-9.7531e+92	     1.2394	     0.0000	     1.1303	     0.0000	     0.0000	     0.0000	
9	10	 2.1611e-12	 5.1866e-12	     215.04	   0.024096	-9.7531e+92	-9.7531e+92	 9.2292e-05	 8.4822e-05	     0.0000	-0.00064991	  0.0016099	-0.00033088	
9	11	 7.8823e-14	 1.8917e-13	     175.31	   0.054135	-9.7531e+92	-9.7531e+92	 0.00016945	 8.2081e-05	     0.0000	 -0.0017151	  0.0016231	 -0.0013326	
9	12	 1.8245e-12	 4.3787e-12	     214.99	   0.024120	-9.7531e+92	-9.7531e+92	 0.00012634	 8.4152e-05	     0.0000	 -0.0034667	  0.0016086	 -0.0016449	
9	13	    0.14093	    0.33823	     9.0540	     3.9979	-9.7531e+92	-9.7531e+92	    0.16726	   0.083124	     0.0000	     0.0000	     1.5922	 5.8873e-05	
9	14	    0.16447	    0.39471	     38.749	     3.4073	-9.7531e+92	-9.7531e+92	    0.18563	    0.13171	     0.0000	 0.00011003	     3.5564	    0.21394	
9	15	  0.0015242	  0.0036580	     117.55	    0.25424	-9.7531e+92	-9.7531e+92	  0.0079583	  0.0018485	     0.0000	  -0.070254	   0.039287	   -0.19465	
9	16	 4.4355e-12	 1.0645e-11	     159.83	   0.077890	-9.7531e+92	-9.7531e+92	 0.00015677	 8.5007e-05	     0.0000	 -0.0011396	  0.0016091	 -0.0046841	
9	17	 1.0686e-12	 2.5646e-12	     293.28	  0.0069951	-9.7531e+92	-9.7531e+92	 0.00084322	 8.5286e-05	     0.0000	  -0.040925	  0.0016042	  -0.047443	
9	18	    0.11714	    0.28113	     96.665	    0.51699	-9.7531e+92	-9.7531e+92	    0.15241	    0.11887	     0.0000	   0.032498	     2.9061	    0.11594	
9	19	 1.1857e-11	 2.8456e-11	     193.08	   0.036956	-9.7531e+92	-9.7531e+92	 0.00024672	 8.0243e-05	     0.0000	  -0.010300	  0.0016237	 -0.0067334	
9	20	 9.7511e-12	 2.3402e-11	     174.09	   0.055651	-9.7531e+92	-9.7531e+92	 0.00072549	 7.9148e-05	     0.0000	  -0.014703	  0.0016286	  -0.010678	
9	21	   0.011896	   0.028551	     83.320	    0.84769	-9.7531e+92	-9.7531e+92	   0.036199	   0.013136	     0.0000	  -0.018984	    0.29850	  -0.081926	
9	22	 9.0473e-14	 2.1713e-13	     266.14	   0.010307	-9.7531e+92	-9.7531e+92	 0.00032786	 8.5944e-05	     0.0000	  -0.013346	  0.0016085	  -0.016081	
9	23	 0.00019233	 0.00046159	     121.73	    0.22293	-9.7531e+92	-9.7531e+92	  0.0082945	 0.00029561	     0.0000	  -0.018441	  0.0064652	  -0.047041	
9	24	 4.3814e-13	 1.0515e-12	     149.07	    0.10229	-9.7531e+92	-9.7531e+92	 0.00022359	 7.8708e-05	     0.0000	-0.00073551	  0.0016455	 -0.0011205	
10	0	 0.00018183	 6.8768e-05	     210.64	   0.026161	-9.7531e+92	-9.7531e+92	  0.0030485	 3.3981e-06	     0.0000	 -0.0030616	-0.00057175	    0.10973	
10	1	 9.0152e-06	 3.4096e-06	     228.04	   0.019080	-9.7531e+92	-9.7531e+92	  0.0017124	 1.0373e-06	     0.0000	 -0.0082209	-0.00017504	   0.090481	
10	2	 2.3249e-10	 8.7931e-11	     213.20	   0.024934	-9.7531e+92	-9.7531e+92	  0.0024896	 8.3089e-07	     0.0000	  -0.046121	-0.00016395	    0.30496	
10	3	 2.6687e-11	 1.0093e-11	     258.79	   0.011525	-9.7531e+92	-9.7531e+92	 0.00020829	 9.2575e-07	     0.0000	 -0.0020472	-0.00016503	   0.090422	
10	4	 2.4925e-11	 9.4268e-12	     204.61	   0.029363	-9.7531e+92	-9.7531e+92	  0.0013650	 8.0275e-07	     0.0000	  -0.028253	-0.00016691	    0.33979	
10	5	    0.20759	   0.078511	     93.726	    0.57518	-9.7531e+92	-9.7531e+92	   0.029558	  0.0028758	   0.022400	   0.042566	   -0.52750	   -0.47109	
10	6	 0.00078511	 0.00029694	     153.37	   0.091543	-9.7531e+92	-9.7531e+92	  0.0046489	 1.1544e-05	     0.0000	 -0.0016387	 -0.0021241	    0.15465	
10	7	 7.2910e-05	 2.7575e-05	     153.29	   0.091732	-9.7531e+92	-9.7531e+92	  0.0029924	 1.9112e-06	     0.0000	 -0.0082901	-0.00035193	    0.12469	
10	8	    0.20804	   0.078682	     44.054	     3.0993	-9.7531e+92	-9.7531e+92	   0.025998	  0.0023239	   0.025590	   0.074588	   -0.48128	   -0.47020	
10	9	 7.0887e-12	 2.6810e-12	     215.04	   0.024096	-9.7531e+92	-9.7531e+92	  0.0017551	 9.2182e-07	     0.0000	 -0.0033737	-0.00016816	    0.11244	
10	10	     0.0000	     0.0000	     0.0000	     4.0000	-9.7531e+92	-9.7531e+92	    0.19050	     0.0000	    0.19045	     0.0000	     0.0000	     0.0000	
10	11	    0.11410	   0.043153	     46.926	     2.9109	-9.7531e+92	-9.7531e+92	   0.013097	  0.0013198	   0.012967	   0.039228	   -0.23985	   -0.23447	
10	12	    0.22466	   0.084967	     46.012	     2.9721	-9.7531e+92	-9.7531e+92	   0.022502	  0.0015804	   0.022348	   0.065586	   -0.22857	   -0.21900	
10	13	  0.0016811	 0.00063579	     205.99	   0.028587	-9.7531e+92	-9.7531e+92	  0.0075838	 2.3251e-05	     0.0000	 -0.0051694	 -0.0035198	    0.22333	
10	14	   0.011092	  0.0041949	     190.48	   0.038997	-9.7531e+92	-9.7531e+92	   0.016937	 0.00014701	     0.0000	 -0.0079256	  -0.023546	    0.22979	
10	15	 1.0693e-11	 4.0441e-12	     197.67	   0.033672	-9.7531e+92	-9.7531e+92	 0.00057342	 9.3068e-07	     0.0000	 -0.0055908	-0.00016954	    0.10406	
10	16	 2.7715e-11	 1.0482e-11	     147.94	    0.10538	-9.7531e+92	-9.7531e+92	 2.0169e-05	 9.5920e-07	     0.0000	-8.7055e-05	-0.00017385	  0.0024904	
10	17	 1.9964e-11	 7.5506e-12	     270.72	  0.0096279	-9.7531e+92	-9.7531e+92	 6.1191e-05	 9.4736e-07	     0.0000	 -0.0031372	-0.00017343	   0.025136	
10	18	   0.099941	   0.037798	     118.82	    0.24422	-9.7531e+92	-9.7531e+92	   0.023039	  0.0013048	     0.0000	 0.00068045	   -0.24048	  -0.015251	
10	19	   0.010680	  0.0040394	     85.643	    0.77653	-9.7531e+92	-9.7531e+92	  0.0065519	 0.00013034	  0.0059991	  0.0041248	  -0.026387	  -0.022409	
10	20	    0.11629	   0.043982	     74.457	     1.1864	-9.7531e+92	-9.7531e+92	   0.018380	  0.0014404	   0.017518	   0.047941	   -0.28892	   -0.27852	
10	21	 9.5723e-11	 3.6203e-11	     171.26	   0.059366	-9.7531e+92	-9.7531e+92	  0.0021205	 9.2642e-07	     0.0000	 -0.0024768	-0.00017073	   0.072433	
10	22	 1.5997e-11	 6.0503e-12	     176.66	   0.052524	-9.7531e+92	-9.7531e+92	 4.7610e-05	 9.3996e-07	     0.0000	-0.00096437	-0.00017212	  0.0084705	
10	23	  0.0048261	  0.0018253	     95.614	    0.53700	-9.7531e+92	-9.7531e+92	  0.0027530	 6.9197e-05	     0.0000	-0.00073761	  -0.012631	   0.013011	
10	24	 5.8894e-05	 2.2274e-05	     102.71	    0.41717	-9.7531e+92	-9.7531e+92	 0.00022408	 1.7943e-06	 0.00011099	-4.1810e-05	-0.00032547	 0.00044294	
11	0	  0.0015615	 0.00074837	     167.10	   0.065400	-9.7531e+92	-9.7531e+92	  0.0070619	 6.2252e-05	     0.0000	 -0.0085332	 -0.0088086	    0.24989	
11	1	 0.00016020	 7.6782e-05	     185.20	   0.043588	-9.7531e+92	-9.7531e+92	  0.0037579	 8.6621e-06	     0.0000	  -0.023493	 -0.0012334	    0.21130	
11	2	 1.9463e-06	 9.3279e-07	     197.83	   0.033565	-9.7531e+92	-9.7531e+92	  0.0043152	 2.3868e-06	     0.0000	   -0.13230	-0.00039800	    0.71656	
11	3	 1.6357e-11	 7.8395e-12	     244.71	   0.014404	-9.7531e+92	-9.7531e+92	 0.00033011	 2.5841e-06	     0.0000	 -0.0058727	-0.00038939	    0.21252	
11	4	 1.3989e-11	 6.7043e-12	     218.09	   0.022784	-9.7531e+92	-9.7531e+92	  0.0021999	 2.2397e-06	     0.0000	  -0.081059	-0.00039402	    0.79896	
11	5	    0.24229	    0.11612	     77.490	     1.0576	-9.7531e+92	-9.7531e+92	   0.036628	  0.0093129	   0.027557	    0.14393	    -1.4534	    -1.3122	
11	6	  0.0042505	  0.0020372	     117.04	    0.25846	-9.7531e+92	-9.7531e+92	   0.010281	 0.00016249	     0.0000	 -0.0044426	  -0.025408	    0.34365	
11	7	  0.0052355	  0.0025092	     112.26	    0.30176	-9.7531e+92	-9.7531e+92	  0.0072355	 0.00020092	     0.0000	  -0.021345	  -0.031541	    0.26323	
11	8	    0.22296	    0.10686	     32.525	     3.6821	-9.7531e+92	-9.7531e+92	   0.028233	  0.0036231	   0.027716	   0.095739	   -0.82843	   -0.79789	
11	9	 1.3540e-06	 6.4896e-07	     175.31	   0.054135	-9.7531e+92	-9.7531e+92	  0.0035063	 2.6172e-06	     0.0000	 -0.0096777	-0.00040513	    0.26444	
11	10	   0.027611	   0.013233	     46.926	     2.9109	-9.7531e+92	-9.7531e+92	  0.0036150	 0.00072553	  0.0035502	   0.029723	   -0.10485	   -0.10109	
11	11	     0.0000	     0.0000	     0.0000	     4.0000	-9.7531e+92	-9.7531e+92	    0.24221	     0.0000	    0.24205	     0.0000	     0.0000	     0.0000	
11	12	  0.0013725	 0.00065779	     77.218	     1.0686	-9.7531e+92	-9.7531e+92	  0.0011697	 4.4948e-05	 0.00097426	  0.0015927	 -0.0077952	 -0.0054612	
11	13	   0.018619	  0.0089236	     166.60	   0.066184	-9.7531e+92	-9.7531e+92	   0.014885	 0.00069645	     0.0000	  -0.012604	  -0.087968	    0.44236	
11	14	   0.024672	   0.011825	     157.91	   0.081669	-9.7531e+92	-9.7531e+92	   0.027154	 0.00091260	     0.0000	  -0.019951	   -0.12234	    0.47089	
11	15	 3.1437e-11	 1.5067e-11	     182.32	   0.046370	-9.7531e+92	-9.7531e+92	 0.00088695	 2.5943e-06	     0.0000	  -0.016038	-0.00040050	    0.24482	
11	16	 1.2094e-12	 5.7963e-13	     142.85	    0.12075	-9.7531e+92	-9.7531e+92	 2.4774e-05	 2.6681e-06	     0.0000	-0.00025019	-0.00041117	  0.0058643	
11	17	 3.0620e-11	 1.4675e-11	     290.18	  0.0072979	-9.7531e+92	-9.7531e+92	 9.4225e-05	 2.6366e-06	     0.0000	 -0.0090013	-0.00041013	   0.059185	
11	18	    0.33816	    0.16207	     81.269	    0.91620	-9.7531e+92	-9.7531e+92	   0.056556	   0.012129	   0.011797	   0.073529	    -1.9198	    -1.3561	
11	19	 3.9027e-05	 1.8705e-05	     108.78	    0.33886	-9.7531e+92	-9.7531e+92	  0.0012233	 3.8154e-06	 0.00052288	 -0.0019507	-0.00063387	  0.0079751	
11	20	   0.014503	  0.0069511	     83.734	    0.83452	-9.7531e+92	-9.7531e+92	  0.0068997	 0.00050407	  0.0058080	   0.014723	  -0.086182	  -0.071217	
11	21	 0.00013100	 6.2785e-05	     128.65	    0.18069	-9.7531e+92	-9.7531e+92	  0.0050752	 7.6144e-06	     0.0000	 -0.0070720	 -0.0011946	    0.16968	
11	22	 9.2582e-13	 4.4372e-13	     200.45	   0.031856	-9.7531e+92	-9.7531e+92	 4.5008e-05	 2.6375e-06	     0.0000	 -0.0028651	-0.00040817	   0.020005	
11	23	   0.072608	   0.034799	     53.605	     2.4433	-9.7531e+92	-9.7531e+92	   0.012598	  0.0028039	  0.0078033	   0.024751	   -0.43841	   -0.37049	
11	24	   0.025818	   0.012374	     56.094	     2.2676	-9.7531e+92	-9.7531e+92	  0.0032409	 0.00098728	  0.0030976	   0.016411	   -0.15198	   -0.14720	
12	0	 2.9282e-05	 1.2621e-05	     226.76	   0.019512	-9.7531e+92	-9.7531e+92	  0.0028592	 4.4393e-06	     0.0000	  -0.011015	-0.00068648	    0.34126	
12	1	 5.4204e-06	 2.3363e-06	     231.78	   0.017881	-9.7531e+92	-9.7531e+92	  0.0016543	 3.3305e-06	     0.0000	  -0.029487	-0.00051819	    0.28056	
12	2	 0.00035710	 0.00015392	     181.48	   0.047226	-9.7531e+92	-9.7531e+92	  0.0028439	 1.7658e-05	     0.0000	   -0.16495	 -0.0032401	    0.94441	
12	3	 8.8941e-12	 3.8336e-12	     227.10	   0.019395	-9.7531e+92	-9.7531e+92	 0.00028414	 3.1081e-06	     0.0000	 -0.0073423	-0.00051385	    0.28086	
12	4	 0.00066169	 0.00028521	     165.11	   0.068567	-9.7531e+92	-9.7531e+92	  0.0019229	 2.9308e-05	     0.0000	   -0.10076	 -0.0056710	     1.0507	
12	5	   0.083625	   0.036045	     80.590	    0.94012	-9.7531e+92	-9.7531e+92	   0.024543	  0.0038545	   0.016386	   0.051165	   -0.66162	   -0.50199	
12	6	  0.0018130	 0.00078146	     152.49	   0.093630	-9.7531e+92	-9.7531e+92	  0.0046707	 8.5544e-05	     0.0000	 -0.0057592	  -0.014597	    0.47266	
12	7	 0.00023502	 0.00010130	     158.06	   0.081372	-9.7531e+92	-9.7531e+92	  0.0028424	 1.3866e-05	     0.0000	  -0.029637	 -0.0023687	    0.38625	
12	8	    0.29805	    0.12847	     55.069	     2.3397	-9.7531e+92	-9.7531e+92	   0.036946	   0.011882	   0.036481	    0.41722	    -2.2385	    -2.1871	
12	9	 2.1122e-11	 9.1043e-12	     214.99	   0.024120	-9.7531e+92	-9.7531e+92	  0.0017797	 3.0982e-06	     0.0000	  -0.012100	-0.00052385	    0.34941	
12	10	   0.089057	   0.038386	     46.012	     2.9721	-9.7531e+92	-9.7531e+92	   0.010176	  0.0025155	   0.010117	    0.11000	   -0.36066	   -0.34740	
12	11	  0.0098810	  0.0042590	     77.218	     1.0686	-9.7531e+92	-9.7531e+92	  0.0046910	 0.00045320	  0.0045432	   0.015009	  -0.078924	  -0.074820	
12	12	     0.0000	     0.0000	     0.0000	     4.0000	-9.7531e+92	-9.7531e+92	    0.22001	     0.0000	    0.21984	     0.0000	     0.0000	     0.0000	
12	13	  0.0022758	 0.00098093	     205.94	   0.028617	-9.7531e+92	-9.7531e+92	  0.0080092	 0.00010566	     0.0000	  -0.018442	  -0.014600	    0.68599	
12	14	   0.013376	  0.0057653	     188.63	   0.040536	-9.7531e+92	-9.7531e+92	   0.016699	 0.00060034	     0.0000	  -0.027840	  -0.087932	    0.69595	
12	15	 1.7480e-06	 7.5346e-07	     166.81	   0.065853	-9.7531e+92	-9.7531e+92	 0.00070241	 3.2014e-06	     0.0000	  -0.020050	-0.00054207	    0.32344	
12	16	 1.9984e-11	 8.6136e-12	     115.95	    0.26758	-9.7531e+92	-9.7531e+92	 3.2065e-05	 3.1986e-06	     0.0000	-0.00030936	-0.00054133	  0.0077456	
12	17	 1.0358e-12	 4.4647e-13	     225.22	   0.020047	-9.7531e+92	-9.7531e+92	 8.2924e-05	 3.1619e-06	     0.0000	  -0.011239	-0.00054045	   0.078174	
12	18	   0.050010	   0.021556	     120.73	    0.22996	-9.7531e+92	-9.7531e+92	   0.020789	  0.0021994	     0.0000	  -0.016413	   -0.37465	    0.31851	
12	19	    0.26405	    0.11381	     44.530	     3.0689	-9.7531e+92	-9.7531e+92	   0.033403	  0.0068091	   0.032773	    0.22894	    -1.5376	    -1.4910	
12	20	    0.18425	   0.079419	     45.010	     3.0379	-9.7531e+92	-9.7531e+92	   0.031475	  0.0064046	   0.030494	    0.20375	    -1.3294	    -1.2864	
12	21	 1.1809e-11	 5.0901e-12	     187.39	   0.041605	-9.7531e+92	-9.7531e+92	  0.0019595	 3.1101e-06	     0.0000	 -0.0088831	-0.00053207	    0.22518	
12	22	 3.0992e-11	 1.3359e-11	     131.16	    0.16782	-9.7531e+92	-9.7531e+92	 0.00013433	 2.9717e-06	     0.0000	 -0.0028730	-0.00052455	   0.025752	
12	23	  0.0023182	 0.00099921	     109.85	    0.32696	-9.7531e+92	-9.7531e+92	  0.0023605	 0.00011319	     0.0000	 -0.0039619	  -0.019204	   0.060246	
12	24	 2.2829e-11	 9.8402e-12	     132.31	    0.16230	-9.7531e+92	-9.7531e+92	 0.00011445	 3.2033e-06	     0.0000	-0.00020208	-0.00054007	  0.0018442	
13	0	   0.055931	    0.83890	     86.013	    0.76580	-9.7531e+92	-9.7531e+92	    0.45429	   0.080217	     0.0000	 5.8216e-05	     1.5564	   0.046837	
13	1	   0.061690	    0.92527	     57.043	     2.2015	-9.7531e+92	-9.7531e+92	    0.43297	    0.12040	     0.0000	   0.076570	     2.0403	    0.14226	
13	2	    0.28732	     4.3094	     127.66	    0.18612	-9.7531e+92	-9.7531e+92	     1.3346	    0.59786	     0.0000	     1.0000	     9.6599	     1.0338	
13	3	 9.9416e-05	  0.0014911	     188.65	   0.040519	-9.7531e+92	-9.7531e+92	   0.088765	 0.00033340	     0.0000	  -0.034818	  0.0054213	   -0.23844	
13	4	 7.1699e-11	 1.0754e-09	     217.30	   0.023117	-9.7531e+92	-9.7531e+92	    0.66320	 0.00012492	     0.0000	   -0.48187	  0.0021855	   -0.88565	
13	5	  0.0017306	   0.025957	     125.66	    0.19761	-9.7531e+92	-9.7531e+92	   0.077057	  0.0031344	     0.0000	  -0.012825	   0.059293	   -0.10926	
13	6	   0.090416	     1.3561	     53.773	     2.4314	-9.7531e+92	-9.7531e+92	    0.60989	    0.16815	     0.0000	   0.011705	     2.9430	    0.16938	
13	7	   0.078895	     1.1833	     57.312	     2.1828	-9.7531e+92	-9.7531e+92	    0.53047	    0.15834	     0.0000	   0.079704	     2.5771	    0.18140	
13	8	 3.5692e-11	 5.3533e-10	     162.59	   0.072826	-9.7531e+92	-9.7531e+92	  0.0025166	 0.00015259	     0.0000	 -0.0088078	  0.0021168	 -0.0064299	
13	9	    0.21808	     3.2710	     9.0540	     3.9979	-9.7531e+92	-9.7531e+92	    0.94982	    0.40484	    0.26796	    0.21839	     7.1458	     1.1019	
13	10	 3.4178e-11	 5.1263e-10	     205.99	   0.028587	-9.7531e+92	-9.7531e+92	 0.00057475	 0.00016051	     0.0000	-0.00084977	  0.0020769	-0.00043507	
13	11	 1.5826e-10	 2.3737e-09	     166.60	   0.066184	-9.7531e+92	-9.7531e+92	 0.00098878	 0.00015204	     0.0000	 -0.0022425	  0.0021192	 -0.0017523	
13	12	 5.1609e-13	 7.7407e-12	     205.94	   0.028617	-9.7531e+92	-9.7531e+92	 0.00081727	 0.00015996	     0.0000	 -0.0045328	  0.0020742	 -0.0021629	
13	13	     0.0000	     0.0000	     0.0000	     4.0000	-9.7531e+92	-9.7531e+92	     7.8999	     0.0000	     6.1835	     0.0000	     0.0000	     0.0000	
13	14	   0.044508	    0.66756	     32.765	     3.6733	-9.7531e+92	-9.7531e+92	    0.64366	   0.043359	     0.0000	     0.0000	    0.45813	     0.0000	
13	15	   0.013567	    0.20349	     111.52	    0.30921	-9.7531e+92	-9.7531e+92	    0.14656	   0.027533	     0.0000	  -0.064354	    0.45026	   -0.17948	
13	16	 1.8535e-10	 2.7800e-09	     153.85	   0.090443	-9.7531e+92	-9.7531e+92	  0.0028423	 0.00015852	     0.0000	 -0.0014900	  0.0021064	 -0.0061585	
13	17	 1.1102e-11	 1.6651e-10	     287.27	  0.0075975	-9.7531e+92	-9.7531e+92	   0.024081	 0.00016103	     0.0000	  -0.053509	  0.0020751	  -0.062383	
13	18	    0.10543	     1.5813	     87.611	    0.72124	-9.7531e+92	-9.7531e+92	    0.79661	    0.18372	     0.0000	   0.021462	     3.3964	   0.077235	
13	19	 1.4492e-11	 2.1736e-10	     184.51	   0.044238	-9.7531e+92	-9.7531e+92	  0.0020796	 0.00014714	     0.0000	  -0.013467	  0.0021307	 -0.0088558	
13	20	 2.3331e-11	 3.4993e-10	     165.04	   0.068678	-9.7531e+92	-9.7531e+92	  0.0042414	 0.00014463	     0.0000	  -0.019224	  0.0021479	  -0.014045	
13	21	   0.042091	    0.63131	     76.619	     1.0932	-9.7531e+92	-9.7531e+92	    0.27831	   0.082789	     0.0000	   0.019379	     1.3891	   0.084158	
13	22	 9.2170e-11	 1.3824e-09	     260.15	   0.011286	-9.7531e+92	-9.7531e+92	  0.0081123	 0.00016233	     0.0000	  -0.017450	  0.0020870	  -0.021148	
13	23	 0.00024286	  0.0036425	     113.01	    0.29441	-9.7531e+92	-9.7531e+92	   0.043532	 0.00063777	     0.0000	  -0.024047	   0.010291	  -0.061548	
13	24	 6.0301e-11	 9.0444e-10	     142.21	    0.12286	-9.7531e+92	-9.7531e+92	  0.0012831	 0.00013953	     0.0000	-0.00096169	  0.0022363	 -0.0014734	
14	0	   0.038990	    0.49118	     114.85	    0.27729	-9.7531e+92	-9.7531e+92	    0.31768	   0.050254	     0.0000	-2.9306e-05	  -0.030696	   0.011468	
14	1	   0.028387	    0.35762	     88.839	    0.68891	-9.7531e+92	-9.7531e+92	    0.25292	   0.057255	     0.0000	  -0.037004	    0.29884	  -0.020789	
14	2	   0.099839	     1.2577	     97.273	    0.50580	-9.7531e+92	-9.7531e+92	    0.70673	    0.21371	     0.0000	   -0.15155	     1.0238	  -0.038743	
14	3	 0.00096582	   0.012167	     161.01	   0.075671	-9.7531e+92	-9.7531e+92	   0.052064	  0.0020419	     0.0000	  -0.031099	  0.0089457	  -0.051344	
14	4	 5.4191e-05	 0.00068268	     184.55	   0.044193	-9.7531e+92	-9.7531e+92	    0.35286	 0.00023339	     0.0000	   -0.44050	  0.0011096	   -0.18639	
14	5	   0.031077	    0.39151	     108.09	    0.34690	-9.7531e+92	-9.7531e+92	    0.15564	   0.043632	     0.0000	  0.0049677	    0.37277	   0.034782	
14	6	   0.065485	    0.82496	     41.508	     3.2546	-9.7531e+92	-9.7531e+92	    0.45020	    0.12425	     0.0000	 0.00037533	    0.59014	  0.0020839	
14	7	   0.044648	    0.56247	     65.464	     1.6549	-9.7531e+92	-9.7531e+92	    0.34671	   0.091557	     0.0000	  -0.014951	    0.40504	 -0.0075705	
14	8	 1.3559e-10	 1.7081e-09	     146.54	    0.10935	-9.7531e+92	-9.7531e+92	  0.0027199	 0.00015238	     0.0000	 -0.0071968	 0.00056426	 -0.0011676	
14	9	   0.038017	    0.47893	     38.749	     3.4073	-9.7531e+92	-9.7531e+92	    0.37624	   0.074540	     0.0000	 -0.0065625	    0.35033	 -0.0097037	
14	10	 1.5025e-11	 1.8928e-10	     190.48	   0.038997	-9.7531e+92	-9.7531e+92	 0.00049547	 0.00016088	     0.0000	-0.00071142	 0.00052965	-7.6058e-05	
14	11	 7.8207e-11	 9.8524e-10	     157.91	   0.081669	-9.7531e+92	-9.7531e+92	 0.00090236	 0.00015189	     0.0000	 -0.0017940	 0.00057561	-0.00030891	
14	12	 9.6139e-12	 1.2111e-10	     188.63	   0.040536	-9.7531e+92	-9.7531e+92	 0.00076360	 0.00016168	     0.0000	 -0.0039356	 0.00050931	-0.00037977	
14	13	    0.48981	     6.1705	     32.765	     3.6733	-9.7531e+92	-9.7531e+92	     1.7930	    0.94952	    0.35133	    0.26798	     7.7593	    0.94531	
14	14	     0.0000	     0.0000	     0.0000	     4.0000	-9.7531e+92	-9.7531e+92	     6.6866	     0.0000	     5.1519	     0.0000	     0.0000	     0.0000	
14	15	   0.032280	    0.40665	     78.991	    0.99899	-9.7531e+92	-9.7531e+92	    0.16469	   0.074401	     0.0000	  -0.019768	    0.28117	  -0.011848	
14	16	 6.0209e-11	 7.5850e-10	     121.20	    0.22662	-9.7531e+92	-9.7531e+92	  0.0016891	 0.00016482	     0.0000	 -0.0013626	 0.00050573	 -0.0010646	
14	17	 1.3103e-10	 1.6507e-09	     254.84	   0.012253	-9.7531e+92	-9.7531e+92	   0.012967	 0.00016560	     0.0000	  -0.048934	 0.00047928	  -0.010948	
14	18	    0.12527	     1.5781	     78.249	     1.0276	-9.7531e+92	-9.7531e+92	    0.72885	    0.20909	     0.0000	   0.046167	    0.93215	   0.050143	
14	19	 9.9115e-12	 1.2486e-10	     166.55	   0.066257	-9.7531e+92	-9.7531e+92	  0.0020140	 0.00014494	     0.0000	  -0.010701	 0.00061703	 -0.0015972	
14	20	 1.4206e-10	 1.7897e-09	     147.73	    0.10597	-9.7531e+92	-9.7531e+92	  0.0062887	 0.00014562	     0.0000	  -0.014957	 0.00059243	 -0.0025540	
14	21	  0.0047392	   0.059704	     101.18	    0.44014	-9.7531e+92	-9.7531e+92	    0.13908	  0.0097630	     0.0000	  -0.030861	   0.044689	  -0.029143	
14	22	 3.4060e-11	 4.2908e-10	     227.39	   0.019298	-9.7531e+92	-9.7531e+92	  0.0044752	 0.00016692	     0.0000	  -0.015958	 0.00049641	 -0.0037556	
14	23	 0.00044615	  0.0056205	     114.84	    0.27739	-9.7531e+92	-9.7531e+92	   0.039934	  0.0011184	     0.0000	  -0.021531	  0.0047078	  -0.010860	
14	24	 1.3267e-10	 1.6714e-09	     150.00	   0.099849	-9.7531e+92	-9.7531e+92	  0.0010516	 0.00015038	     0.0000	-0.00087947	 0.00058341	-0.00025982	
15	0	  0.0012282	  0.0023145	     189.51	   0.039789	-9.7531e+92	-9.7531e+92	   0.012443	 0.00066512	     0.0000	  -0.022376	 -0.0018624	   0.084379	
15	1	  0.0010283	  0.0019378	     167.83	   0.064291	-9.7531e+92	-9.7531e+92	   0.010878	 0.00060430	     0.0000	  -0.059837	 -0.0013670	   0.069729	
15	2	    0.57610	     1.0857	     21.827	     3.9312	-9.7531e+92	-9.7531e+92	    0.33655	    0.19696	   0.098463	    0.67202	    -1.7259	   -0.93403	
15	3	   0.040075	   0.075521	     84.108	    0.82281	-9.7531e+92	-9.7531e+92	   0.041896	   0.013390	     0.0000	     0.0000	   -0.12376	 -0.0065195	
15	4	   0.015301	   0.028835	     106.18	    0.37015	-9.7531e+92	-9.7531e+92	    0.17640	  0.0045519	     0.0000	  -0.031514	  -0.034616	    0.24511	
15	5	   0.012221	   0.023031	     104.94	    0.38615	-9.7531e+92	-9.7531e+92	   0.010033	  0.0064991	     0.0000	  -0.011429	  -0.035985	   0.014991	
15	6	   0.026677	   0.050272	     96.746	    0.51548	-9.7531e+92	-9.7531e+92	   0.028331	   0.014336	     0.0000	 -0.0072231	  -0.071038	   0.080203	
15	7	 0.00089316	  0.0016832	     131.62	    0.16559	-9.7531e+92	-9.7531e+92	   0.013638	 0.00052953	     0.0000	  -0.060915	 -0.0027460	    0.10920	
15	8	 5.9096e-13	 1.1137e-12	     159.01	   0.079481	-9.7531e+92	-9.7531e+92	 0.00021686	 3.8365e-05	     0.0000	 -0.0038580	-0.00022377	  0.0023538	
15	9	  0.0030588	  0.0057644	     117.55	    0.25424	-9.7531e+92	-9.7531e+92	   0.020436	  0.0017057	     0.0000	  -0.023505	 -0.0088489	   0.093311	
15	10	 1.1087e-11	 2.0893e-11	     197.67	   0.033672	-9.7531e+92	-9.7531e+92	 7.1396e-05	 3.9318e-05	     0.0000	-0.00037221	-0.00023483	 0.00016210	
15	11	 2.5473e-11	 4.8004e-11	     182.32	   0.046370	-9.7531e+92	-9.7531e+92	 9.5004e-05	 3.8718e-05	     0.0000	-0.00098227	-0.00023121	 0.00065042	
15	12	 4.8092e-12	 9.0629e-12	     166.81	   0.065853	-9.7531e+92	-9.7531e+92	 0.00010882	 3.8857e-05	     0.0000	 -0.0019854	-0.00023319	 0.00080426	
15	13	    0.20730	    0.39066	     111.52	    0.30921	-9.7531e+92	-9.7531e+92	    0.13254	   0.092919	     0.0000	   0.031720	   -0.23598	   -0.11298	
15	14	    0.10225	    0.19269	     78.991	    0.99899	-9.7531e+92	-9.7531e+92	   0.084619	   0.043402	     0.0000	  -0.010524	   -0.22348	   0.027699	
15	15	     0.0000	     0.0000	     0.0000	     4.0000	-9.7531e+92	-9.7531e+92	    0.96774	     0.0000	    0.88908	     0.0000	     0.0000	     0.0000	
15	16	 0.00049402	 0.00093097	     65.362	     1.6609	-9.7531e+92	-9.7531e+92	 0.00091404	 0.00024755	     0.0000	-2.2845e-05	 0.00085476	 4.8186e-05	
15	17	 5.7430e-13	 1.0823e-12	     175.81	   0.053534	-9.7531e+92	-9.7531e+92	  0.0063351	 3.1141e-05	     0.0000	  -0.012999	-0.00010933	   0.023203	
15	18	   0.013338	   0.025136	     116.73	    0.26100	-9.7531e+92	-9.7531e+92	   0.029649	  0.0068960	     0.0000	  -0.063047	  -0.027069	    0.15848	
15	19	 6.5649e-06	 1.2372e-05	     131.26	    0.16732	-9.7531e+92	-9.7531e+92	 0.00037004	 4.0835e-05	     0.0000	 -0.0058712	-0.00023805	  0.0032371	
15	20	 2.5433e-05	 4.7929e-05	     124.66	    0.20372	-9.7531e+92	-9.7531e+92	 0.00053627	 5.1365e-05	     0.0000	 -0.0083239	-0.00030189	  0.0050788	
15	21	 7.3521e-12	 1.3855e-11	     175.65	   0.053734	-9.7531e+92	-9.7531e+92	  0.0066577	 3.7026e-05	     0.0000	  -0.018500	-0.00020906	   0.065642	
15	22	 8.1604e-14	 1.5378e-13	     163.21	   0.071746	-9.7531e+92	-9.7531e+92	  0.0020860	 3.3318e-05	     0.0000	 -0.0060861	-0.00013980	  0.0078229	
15	23	 1.9580e-12	 3.6899e-12	     149.47	    0.10124	-9.7531e+92	-9.7531e+92	  0.0016729	 3.7986e-05	     0.0000	  -0.010796	-0.00022248	   0.023178	
15	24	 5.2672e-13	 9.9260e-13	     189.75	   0.039594	-9.7531e+92	-9.7531e+92	 9.0081e-05	 3.8496e-05	     0.0000	-0.00042124	-0.00022877	 0.00054681	
16	0	 4.9741e-05	 1.2114e-05	     217.18	   0.023165	-9.7531e+92	-9.7531e+92	  0.0010649	 1.2117e-06	     0.0000	-0.00042294	-3.6037e-06	 0.00018354	
16	1	 8.4942e-05	 2.0687e-05	     207.46	   0.027791	-9.7531e+92	-9.7531e+92	 0.00079222	 1.6465e-06	     0.0000	 -0.0011304	-4.5495e-06	 0.00015947	
16	2	    0.29757	   0.072473	     68.097	     1.5042	-9.7531e+92	-9.7531e+92	   0.030966	  0.0018178	 0.00019609	 5.8993e-06	  -0.020070	 -0.0013007	
16	3	  0.0041640	  0.0010141	     111.94	    0.30495	-9.7531e+92	-9.7531e+92	  0.0047193	 3.8130e-05	     0.0000	-0.00025053	-0.00023533	 0.00026482	
16	4	    0.28182	   0.068635	     75.439	     1.1432	-9.7531e+92	-9.7531e+92	   0.033160	  0.0017000	     0.0000	     0.0000	  -0.011065	     0.0000	
16	5	   0.037229	  0.0090670	     71.546	     1.3237	-9.7531e+92	-9.7531e+92	  0.0030154	 0.00040222	     0.0000	 0.00057959	 -0.0022990	-0.00017897	
16	6	  0.0039119	 0.00095273	     111.89	    0.30549	-9.7531e+92	-9.7531e+92	  0.0018420	 4.2455e-05	     0.0000	-0.00021458	-0.00022153	 0.00051287	
16	7	 0.00045448	 0.00011069	     137.28	    0.14083	-9.7531e+92	-9.7531e+92	  0.0011227	 5.6806e-06	     0.0000	 -0.0011335	-3.0952e-05	 0.00045952	
16	8	 0.00018369	 4.4738e-05	     112.87	    0.29583	-9.7531e+92	-9.7531e+92	 0.00011020	 2.8391e-06	     0.0000	-5.8268e-05	-1.7019e-05	 8.8792e-06	
16	9	 3.4168e-05	 8.3215e-06	     159.83	   0.077890	-9.7531e+92	-9.7531e+92	  0.0012151	 1.0942e-06	     0.0000	-0.00046445	-5.9563e-06	 0.00041610	
16	10	 4.3870e-11	 1.0684e-11	     147.94	    0.10538	-9.7531e+92	-9.7531e+92	 1.3269e-05	 7.7479e-07	     0.0000	-6.8652e-06	-4.7177e-06	 7.6701e-07	
16	11	 6.6525e-11	 1.6202e-11	     142.85	    0.12075	-9.7531e+92	-9.7531e+92	 1.9857e-05	 7.6497e-07	     0.0000	-1.8117e-05	-4.6869e-06	 3.0603e-06	
16	12	 4.8139e-07	 1.1724e-07	     115.95	    0.26758	-9.7531e+92	-9.7531e+92	 6.1358e-05	 7.6955e-07	     0.0000	-3.6568e-05	-4.6365e-06	 3.7890e-06	
16	13	   0.023612	  0.0057507	     153.85	   0.090443	-9.7531e+92	-9.7531e+92	  0.0071677	 0.00020844	     0.0000	-0.00057383	-0.00062896	-0.00029942	
16	14	   0.063432	   0.015448	     121.20	    0.22662	-9.7531e+92	-9.7531e+92	  0.0097146	 0.00058775	     0.0000	-0.00057643	 -0.0012596	-5.3824e-05	
16	15	    0.22948	   0.055888	     65.362	     1.6609	-9.7531e+92	-9.7531e+92	   0.018052	  0.0021150	  0.0078865	  0.0034639	  -0.011062	 -0.0018148	
16	16	     0.0000	     0.0000	     0.0000	     4.0000	-9.7531e+92	-9.7531e+92	    0.12190	     0.0000	    0.12164	     0.0000	     0.0000	     0.0000	
16	17	 5.5930e-12	 1.3621e-12	     148.25	    0.10451	-9.7531e+92	-9.7531e+92	  0.0011872	 6.3028e-07	     0.0000	-0.00019997	-1.6054e-06	 0.00010950	
16	18	   0.041965	   0.010220	     110.59	    0.31898	-9.7531e+92	-9.7531e+92	  0.0047571	 0.00043099	     0.0000	-0.00074749	 -0.0018307	 0.00032639	
16	19	  0.0057016	  0.0013886	     73.024	     1.2523	-9.7531e+92	-9.7531e+92	 0.00051725	 6.3353e-05	 0.00016132	 0.00033519	-0.00033274	-4.6391e-05	
16	20	   0.010300	  0.0025085	     74.477	     1.1855	-9.7531e+92	-9.7531e+92	 0.00083564	 0.00011419	 0.00028091	 0.00056696	-0.00068065	-8.6311e-05	
16	21	 9.3150e-13	 2.2686e-13	     180.81	   0.047925	-9.7531e+92	-9.7531e+92	 0.00063022	 7.3355e-07	     0.0000	-0.00034123	-4.3011e-06	 0.00029167	
16	22	 1.0150e-05	 2.4721e-06	     106.73	    0.36321	-9.7531e+92	-9.7531e+92	 0.00039030	 7.4932e-07	     0.0000	-7.7123e-05	-2.1268e-06	 3.6509e-05	
16	23	 5.4365e-08	 1.3240e-08	     136.77	    0.14287	-9.7531e+92	-9.7531e+92	 0.00025921	 7.5279e-07	     0.0000	-0.00019913	-4.5540e-06	 0.00010737	
16	24	 6.7866e-12	 1.6529e-12	     177.80	   0.051213	-9.7531e+92	-9.7531e+92	 1.2136e-05	 7.6070e-07	     0.0000	-7.7695e-06	-4.6506e-06	 2.5722e-06	
17	0	 3.4173e-11	 1.4509e-11	     353.56	  0.0033150	-9.7531e+92	-9.7531e+92	 0.00094419	 6.1095e-06	     0.0000	 -0.0046580	-5.3733e-06	  0.0017979	
17	1	 3.6748e-12	 1.5603e-12	     342.57	  0.0037606	-9.7531e+92	-9.7531e+92	 0.00079616	 6.3812e-06	     0.0000	  -0.012464	-4.6815e-06	  0.0015749	
17	2	    0.10932	   0.046414	     160.64	   0.076357	-9.7531e+92	-9.7531e+92	   0.036461	  0.0050753	     0.0000	     0.0000	  -0.047461	  0.0013851	
17	3	    0.24942	    0.10590	     122.41	    0.21829	-9.7531e+92	-9.7531e+92	   0.037322	   0.018907	   0.021500	   0.017669	  -0.077426	  -0.017670	
17	4	    0.59715	    0.25354	     73.525	     1.2289	-9.7531e+92	-9.7531e+92	   0.087048	   0.026871	   0.028338	  0.0013867	  -0.084264	 0.00075194	
17	5	 7.6789e-11	 3.2603e-11	     219.60	   0.022168	-9.7531e+92	-9.7531e+92	 0.00062193	 6.2941e-06	     0.0000	 -0.0065691	-2.4399e-05	  0.0019375	
17	6	 1.5768e-10	 6.6949e-11	     251.72	   0.012870	-9.7531e+92	-9.7531e+92	  0.0015307	 6.2359e-06	     0.0000	 -0.0025147	-2.0584e-05	  0.0057054	
17	7	 1.0018e-11	 4.2532e-12	     281.54	  0.0082346	-9.7531e+92	-9.7531e+92	  0.0010397	 6.3701e-06	     0.0000	  -0.012584	-2.2875e-05	  0.0048598	
17	8	 6.1055e-12	 2.5923e-12	     258.50	   0.011577	-9.7531e+92	-9.7531e+92	 5.1145e-05	 6.6047e-06	     0.0000	-0.00078288	-2.8394e-05	 0.00011438	
17	9	 4.2423e-11	 1.8012e-11	     293.28	  0.0069951	-9.7531e+92	-9.7531e+92	  0.0013313	 6.3303e-06	     0.0000	 -0.0051138	-2.2635e-05	  0.0043636	
17	10	 4.8074e-11	 2.0411e-11	     270.72	  0.0096279	-9.7531e+92	-9.7531e+92	 1.7475e-05	 6.7519e-06	     0.0000	-7.5531e-05	-3.0174e-05	 8.1041e-06	
17	11	 2.1173e-10	 8.9895e-11	     290.18	  0.0072979	-9.7531e+92	-9.7531e+92	 2.0413e-05	 6.6710e-06	     0.0000	-0.00019933	-2.9657e-05	 3.2323e-05	
17	12	 1.8478e-10	 7.8455e-11	     225.22	   0.020047	-9.7531e+92	-9.7531e+92	 5.0027e-05	 6.6636e-06	     0.0000	-0.00040289	-2.9847e-05	 4.0083e-05	
17	13	 0.00056911	 0.00024163	     287.27	  0.0075975	-9.7531e+92	-9.7531e+92	  0.0080430	 4.8317e-05	     0.0000	 -0.0079127	-4.4375e-05	 -0.0046209	
17	14	   0.012157	  0.0051615	     254.84	   0.012253	-9.7531e+92	-9.7531e+92	   0.013010	 0.00098940	     0.0000	  -0.011898	 0.00015947	 -0.0015947	
17	15	 3.1265e-05	 1.3275e-05	     175.81	   0.053534	-9.7531e+92	-9.7531e+92	   0.012694	 7.7065e-06	     0.0000	 -0.0083626	-2.6239e-05	  0.0042358	
17	16	 6.4397e-11	 2.7342e-11	     148.25	    0.10451	-9.7531e+92	-9.7531e+92	 0.00031492	 5.6190e-06	     0.0000	-0.00013240	-8.1643e-06	 0.00011620	
17	17	     0.0000	     0.0000	     0.0000	     4.0000	-9.7531e+92	-9.7531e+92	    0.21540	     0.0000	    0.21119	     0.0000	     0.0000	     0.0000	
17	18	 8.4564e-11	 3.5904e-11	     258.46	   0.011584	-9.7531e+92	-9.7531e+92	  0.0022389	 6.0083e-06	     0.0000	  -0.014923	-1.3088e-05	  0.0060786	
17	19	 6.9437e-11	 2.9482e-11	     187.53	   0.041480	-9.7531e+92	-9.7531e+92	 0.00042879	 6.4235e-06	     0.0000	 -0.0011970	-2.7464e-05	 0.00015889	
17	20	 7.0100e-11	 2.9763e-11	     207.02	   0.028026	-9.7531e+92	-9.7531e+92	 0.00020834	 6.4254e-06	     0.0000	 -0.0017088	-2.7928e-05	 0.00024940	
17	21	 1.3855e-11	 5.8826e-12	     326.31	  0.0045671	-9.7531e+92	-9.7531e+92	 0.00047789	 6.4116e-06	     0.0000	 -0.0037542	-2.5980e-05	  0.0030697	
17	22	   0.031352	   0.013311	     106.10	    0.37108	-9.7531e+92	-9.7531e+92	  0.0043350	  0.0025287	  0.0028913	  0.0072126	  0.0012161	 -0.0032437	
17	23	 6.2084e-11	 2.6360e-11	     284.58	  0.0078888	-9.7531e+92	-9.7531e+92	 0.00013776	 6.5608e-06	     0.0000	 -0.0021909	-2.8291e-05	  0.0011330	
17	24	 4.4068e-11	 1.8710e-11	     325.25	  0.0046269	-9.7531e+92	-9.7531e+92	 1.6440e-05	 6.6323e-06	     0.0000	-8.5480e-05	-2.9214e-05	 2.7168e-05	
18	0	    0.15425	    0.81063	     116.29	    0.26473	-9.7531e+92	-9.7531e+92	    0.28173	    0.24978	   0.025532	   0.071094	    -1.4527	   -0.55660	
18	1	   0.038348	    0.20154	     111.77	    0.30668	-9.7531e+92	-9.7531e+92	    0.12823	   0.061636	     0.0000	 -0.0028044	   -0.41132	  0.0082564	
18	2	  0.0019337	   0.010162	     137.27	    0.14087	-9.7531e+92	-9.7531e+92	   0.082856	  0.0038570	     0.0000	   -0.48625	  -0.020740	    0.73445	
18	3	 4.5044e-07	 2.3673e-06	     199.21	   0.032649	-9.7531e+92	-9.7531e+92	  0.0060727	 0.00013548	     0.0000	  -0.021919	-0.00074133	    0.22211	
18	4	 3.4017e-06	 1.7877e-05	     186.18	   0.042684	-9.7531e+92	-9.7531e+92	   0.041579	 0.00012680	     0.0000	   -0.30253	-0.00082979	    0.84079	
18	5	   0.070590	    0.37098	     53.346	     2.4617	-9.7531e+92	-9.7531e+92	    0.12363	    0.11775	   0.024165	    0.12692	   -0.81873	   -0.32287	
18	6	   0.096058	    0.50483	     36.723	     3.5078	-9.7531e+92	-9.7531e+92	    0.25242	    0.14026	     0.0000	  0.0089164	    -1.1176	   -0.19417	
18	7	    0.10345	    0.54366	     38.248	     3.4331	-9.7531e+92	-9.7531e+92	    0.22348	    0.12345	     0.0000	     0.0000	    -1.0462	   -0.27258	
18	8	  0.0021442	   0.011269	     75.421	     1.1439	-9.7531e+92	-9.7531e+92	  0.0051040	  0.0036689	     0.0000	  0.0057980	  -0.021287	 -0.0069072	
18	9	   0.010319	   0.054229	     96.665	    0.51699	-9.7531e+92	-9.7531e+92	   0.086704	   0.017134	     0.0000	  -0.025598	   -0.12030	    0.21612	
18	10	 7.4036e-12	 3.8909e-11	     118.82	    0.24422	-9.7531e+92	-9.7531e+92	 0.00026375	 0.00012781	     0.0000	-0.00052734	-0.00077480	 0.00044491	
18	11	 0.00036314	  0.0019084	     81.269	    0.91620	-9.7531e+92	-9.7531e+92	  0.0014332	 0.00068798	     0.0000	 0.00035606	 -0.0034914	-0.00042756	
18	12	 5.7410e-12	 3.0172e-11	     120.73	    0.22996	-9.7531e+92	-9.7531e+92	 0.00048740	 0.00013026	     0.0000	 -0.0028240	-0.00082749	  0.0022084	
18	13	   0.067081	    0.35254	     87.611	    0.72124	-9.7531e+92	-9.7531e+92	    0.29386	   0.096807	     0.0000	  -0.023282	   -0.63817	    0.19639	
18	14	    0.21458	     1.1277	     78.249	     1.0276	-9.7531e+92	-9.7531e+92	    0.49042	    0.29264	     0.0000	   0.070888	    -2.3650	   -0.41857	
18	15	 0.00027003	  0.0014191	     116.73	    0.26100	-9.7531e+92	-9.7531e+92	   0.016043	 0.00068768	     0.0000	  -0.059471	 -0.0043290	    0.25839	
18	16	 1.9022e-12	 9.9972e-12	     110.59	    0.31898	-9.7531e+92	-9.7531e+92	 0.00032557	 0.00014324	     0.0000	-0.00093551	-0.00095893	  0.0063224	
18	17	 4.4960e-13	 2.3628e-12	     258.46	   0.011584	-9.7531e+92	-9.7531e+92	  0.0016538	 0.00014702	     0.0000	  -0.033596	 -0.0010064	   0.063707	
18	18	     0.0000	     0.0000	     0.0000	     4.0000	-9.7531e+92	-9.7531e+92	     2.8379	     0.0000	     2.3471	     0.0000	     0.0000	     0.0000	
18	19	 1.9547e-05	 0.00010273	     118.15	    0.24945	-9.7531e+92	-9.7531e+92	  0.0013906	 0.00016011	     0.0000	 -0.0083183	 -0.0010457	  0.0088302	
18	20	  0.0013375	  0.0070293	     90.275	    0.65310	-9.7531e+92	-9.7531e+92	  0.0066282	  0.0024370	     0.0000	 -0.0047592	  -0.015468	  0.0056088	
18	21	    0.14046	    0.73818	     79.511	    0.97945	-9.7531e+92	-9.7531e+92	    0.22891	    0.20402	   0.077185	   0.032213	    -1.3446	   -0.61298	
18	22	 1.3271e-12	 6.9748e-12	     205.13	   0.029065	-9.7531e+92	-9.7531e+92	 0.00065835	 0.00014620	     0.0000	  -0.010953	-0.00097098	   0.021506	
18	23	   0.098009	    0.51508	     36.898	     3.4995	-9.7531e+92	-9.7531e+92	    0.14101	    0.16173	   0.088435	    0.13612	   -0.98069	   -0.56454	
18	24	 0.00079008	  0.0041523	     74.739	     1.1738	-9.7531e+92	-9.7531e+92	  0.0021925	  0.0012711	 0.00062112	 0.00068797	 -0.0059272	 -0.0020872	
19	0	 1.2587e-07	 9.5749e-08	     234.49	   0.017074	-9.7531e+92	-9.7531e+92	  0.0062583	 6.0650e-06	     0.0000	  -0.020390	-0.00084777	    0.58831	
19	1	 3.4684e-06	 2.6384e-06	     226.57	   0.019575	-9.7531e+92	-9.7531e+92	  0.0039852	 6.3590e-06	     0.0000	  -0.054555	-0.00089415	    0.48344	
19	2	  0.0089070	  0.0067756	     139.30	    0.13308	-9.7531e+92	-9.7531e+92	   0.010915	 0.00072413	     0.0000	   -0.28447	   -0.12189	     1.5187	
19	3	 0.00014717	 0.00011195	     184.07	   0.044655	-9.7531e+92	-9.7531e+92	  0.0013928	 1.9440e-05	     0.0000	  -0.013530	 -0.0029251	    0.48265	
19	4	   0.019594	   0.014905	     119.82	    0.23665	-9.7531e+92	-9.7531e+92	  0.0099113	  0.0015295	     0.0000	   -0.15974	   -0.27190	     1.5640	
19	5	    0.27155	    0.20657	     64.874	     1.6901	-9.7531e+92	-9.7531e+92	   0.068898	   0.023783	   0.054501	    0.34491	    -3.8001	    -3.3721	
19	6	  0.0034692	  0.0026391	     133.74	    0.15573	-9.7531e+92	-9.7531e+92	   0.010241	 0.00031485	     0.0000	  -0.010220	  -0.048790	    0.79386	
19	7	 0.00016672	 0.00012683	     154.38	   0.089237	-9.7531e+92	-9.7531e+92	  0.0064562	 2.1040e-05	     0.0000	  -0.054904	 -0.0032572	    0.66752	
19	8	   0.032181	   0.024481	     80.536	    0.94205	-9.7531e+92	-9.7531e+92	   0.015579	  0.0025341	   0.014759	   0.075949	   -0.44027	   -0.40600	
19	9	 4.0513e-12	 3.0819e-12	     193.08	   0.036956	-9.7531e+92	-9.7531e+92	  0.0049336	 6.0803e-06	     0.0000	  -0.022385	-0.00093108	    0.60304	
19	10	 0.00077725	 0.00059126	     85.643	    0.77653	-9.7531e+92	-9.7531e+92	  0.0016854	 6.7269e-05	  0.0015825	  0.0025887	  -0.011179	 -0.0089469	
19	11	 3.0061e-06	 2.2867e-06	     108.78	    0.33886	-9.7531e+92	-9.7531e+92	  0.0015542	 6.2796e-06	  0.0012932	-0.00080378	-0.00099304	  0.0037269	
19	12	    0.13830	    0.10521	     44.530	     3.0689	-9.7531e+92	-9.7531e+92	   0.028791	  0.0075590	   0.028481	    0.31491	    -1.2791	    -1.1900	
19	13	   0.023267	   0.017700	     184.51	   0.044238	-9.7531e+92	-9.7531e+92	   0.024511	  0.0020568	     0.0000	  -0.027741	   -0.25709	    0.95825	
19	14	   0.089363	   0.067979	     166.55	   0.066257	-9.7531e+92	-9.7531e+92	   0.052155	  0.0078014	     0.0000	  -0.015462	    -1.0356	    0.35932	
19	15	  0.0036634	  0.0027868	     131.26	    0.16732	-9.7531e+92	-9.7531e+92	  0.0030977	 0.00034042	     0.0000	  -0.033840	  -0.052451	    0.50932	
19	16	 0.00059441	 0.00045217	     73.024	     1.2523	-9.7531e+92	-9.7531e+92	 0.00017933	 6.1522e-05	     0.0000	-0.00021803	 -0.0094567	  0.0051936	
19	17	 6.5763e-12	 5.0026e-12	     187.53	   0.041480	-9.7531e+92	-9.7531e+92	 0.00037972	 6.1425e-06	     0.0000	  -0.020611	-0.00095778	    0.13499	
19	18	   0.086115	   0.065509	     118.15	    0.24945	-9.7531e+92	-9.7531e+92	   0.039230	  0.0074001	     0.0000	 -0.0051358	    -1.1450	   0.093052	
19	19	     0.0000	     0.0000	     0.0000	     4.0000	-9.7531e+92	-9.7531e+92	    0.39365	     0.0000	    0.39254	     0.0000	     0.0000	     0.0000	
19	20	    0.31603	    0.24041	     28.400	     3.8088	-9.7531e+92	-9.7531e+92	   0.068860	   0.014263	   0.067127	    0.34015	    -3.2407	    -3.0206	
19	21	 1.0452e-11	 7.9510e-12	     197.71	   0.033641	-9.7531e+92	-9.7531e+92	  0.0040403	 6.1024e-06	     0.0000	  -0.016434	-0.00094603	    0.38873	
19	22	  0.0058596	  0.0044574	     93.933	    0.57085	-9.7531e+92	-9.7531e+92	  0.0012907	 0.00041170	     0.0000	  0.0022859	  -0.068124	  -0.027406	
19	23	 8.4215e-06	 6.4063e-06	     121.29	    0.22600	-9.7531e+92	-9.7531e+92	  0.0025559	 6.9973e-06	     0.0000	 -0.0095616	 -0.0010767	    0.13549	
19	24	 2.3306e-12	 1.7729e-12	     150.08	   0.099629	-9.7531e+92	-9.7531e+92	 8.4530e-05	 6.2858e-06	     0.0000	-0.00037405	-0.00096065	  0.0031845	
20	0	 2.3384e-05	 2.0206e-05	     206.61	   0.028245	-9.7531e+92	-9.7531e+92	  0.0089222	 1.3047e-05	     0.0000	  -0.031521	 -0.0016026	    0.82575	
20	1	 2.3612e-05	 2.0403e-05	     199.20	   0.032652	-9.7531e+92	-9.7531e+92	  0.0054215	 1.3026e-05	     0.0000	  -0.084333	 -0.0016150	    0.67860	
20	2	  0.0017015	  0.0014702	     139.77	    0.13137	-9.7531e+92	-9.7531e+92	   0.010080	 0.00023308	     0.0000	   -0.46694	  -0.033733	     2.2667	
20	3	 1.4929e-06	 1.2900e-06	     185.64	   0.043179	-9.7531e+92	-9.7531e+92	 0.00091275	 1.0026e-05	     0.0000	  -0.021008	 -0.0013116	    0.68153	
20	4	  0.0022703	  0.0019617	     135.08	    0.14987	-9.7531e+92	-9.7531e+92	  0.0062906	 0.00029682	     0.0000	   -0.28469	  -0.045450	     2.5211	
20	5	    0.28286	    0.24441	     39.691	     3.3571	-9.7531e+92	-9.7531e+92	   0.079807	   0.035836	   0.063454	    0.46128	    -5.4567	    -4.8564	
20	6	   0.016055	   0.013872	     111.59	    0.30852	-9.7531e+92	-9.7531e+92	   0.015616	  0.0022692	     0.0000	  -0.011340	   -0.31264	    0.88443	
20	7	  0.0021309	  0.0018413	     126.68	    0.19164	-9.7531e+92	-9.7531e+92	  0.0091628	 0.00031508	     0.0000	  -0.081600	  -0.043098	    0.90261	
20	8	    0.12470	    0.10775	     51.987	     2.5582	-9.7531e+92	-9.7531e+92	   0.031757	   0.011679	   0.030824	    0.27461	    -2.0238	    -1.8996	
20	9	 9.4698e-08	 8.1826e-08	     174.09	   0.055651	-9.7531e+92	-9.7531e+92	  0.0064037	 9.7375e-06	     0.0000	  -0.034622	 -0.0013109	    0.84853	
20	10	  0.0028061	  0.0024247	     74.457	     1.1864	-9.7531e+92	-9.7531e+92	  0.0015101	 0.00033077	  0.0013932	   0.012779	  -0.048857	  -0.044226	
20	11	 0.00031304	 0.00027050	     83.734	    0.83452	-9.7531e+92	-9.7531e+92	  0.0028480	 5.1099e-05	  0.0025516	 0.00013838	 -0.0073403	-0.00066940	
20	12	   0.034684	   0.029970	     45.010	     3.0379	-9.7531e+92	-9.7531e+92	   0.012706	  0.0033490	   0.012354	    0.13167	   -0.53598	   -0.50045	
20	13	   0.051406	   0.044419	     165.04	   0.068678	-9.7531e+92	-9.7531e+92	   0.032288	  0.0072693	     0.0000	  -0.029681	   -0.79186	    0.92778	
20	14	   0.037191	   0.032136	     147.73	    0.10597	-9.7531e+92	-9.7531e+92	   0.052214	  0.0051515	     0.0000	  -0.062187	   -0.60496	     1.3094	
20	15	  0.0026638	  0.0023018	     124.66	    0.20372	-9.7531e+92	-9.7531e+92	  0.0026549	 0.00040257	     0.0000	  -0.053712	  -0.054006	    0.73561	
20	16	 4.3512e-05	 3.7598e-05	     74.477	     1.1855	-9.7531e+92	-9.7531e+92	 8.0389e-05	 1.6550e-05	     0.0000	-0.00082213	 -0.0022172	   0.017917	
20	17	 6.0237e-13	 5.2050e-13	     207.02	   0.028026	-9.7531e+92	-9.7531e+92	 0.00025282	 1.0003e-05	     0.0000	  -0.032121	 -0.0013524	    0.19007	
20	18	    0.17112	    0.14786	     90.275	    0.65310	-9.7531e+92	-9.7531e+92	   0.062531	   0.023066	     0.0000	   0.082847	    -3.2006	    -1.3789	
20	19	    0.26910	    0.23252	     28.400	     3.8088	-9.7531e+92	-9.7531e+92	   0.062266	   0.021747	   0.061003	    0.50226	    -4.0002	    -3.7481	
20	20	     0.0000	     0.0000	     0.0000	     4.0000	-9.7531e+92	-9.7531e+92	    0.44946	     0.0000	    0.44749	     0.0000	     0.0000	     0.0000	
20	21	 3.5133e-12	 3.0358e-12	     169.84	   0.061351	-9.7531e+92	-9.7531e+92	  0.0061036	 9.7436e-06	     0.0000	  -0.025417	 -0.0013303	    0.54716	
20	22	 6.1764e-07	 5.3369e-07	     116.48	    0.26308	-9.7531e+92	-9.7531e+92	 0.00028358	 9.1153e-06	     0.0000	 -0.0073163	 -0.0012827	   0.060692	
20	23	 0.00091753	 0.00079282	     93.058	    0.58941	-9.7531e+92	-9.7531e+92	  0.0042893	 0.00014566	     0.0000	  -0.013338	  -0.019788	    0.17332	
20	24	 1.1063e-09	 9.5592e-10	     121.85	    0.22210	-9.7531e+92	-9.7531e+92	 0.00013191	 1.0031e-05	     0.0000	-0.00057756	 -0.0013503	  0.0044837	
21	0	    0.12859	    0.18483	     39.458	     3.3697	-9.7531e+92	-9.7531e+92	   0.073621	   0.068148	  0.0035503	   0.028288	     1.0959	    0.10533	
21	1	    0.14463	    0.20789	     57.297	     2.1839	-9.7531e+92	-9.7531e+92	   0.071204	   0.075990	   0.013852	   0.077061	     1.1700	   0.082115	
21	2	 3.6994e-05	 5.3174e-05	     197.19	   0.033993	-9.7531e+92	-9.7531e+92	   0.020914	 7.0835e-05	     0.0000	   -0.26454	  0.0011058	   -0.15966	
21	3	 5.6629e-13	 8.1398e-13	     259.71	   0.011362	-9.7531e+92	-9.7531e+92	  0.0015205	 4.8949e-05	     0.0000	  -0.011746	 0.00070353	  -0.046742	
21	4	 8.0560e-13	 1.1580e-12	     253.96	   0.012424	-9.7531e+92	-9.7531e+92	   0.010493	 4.3201e-05	     0.0000	   -0.16212	 0.00069314	   -0.17173	
21	5	 0.00023101	 0.00033205	     132.91	    0.15951	-9.7531e+92	-9.7531e+92	   0.010600	 0.00020556	     0.0000	  -0.024561	  0.0030746	  -0.022744	
21	6	   0.050798	   0.073017	     78.899	     1.0025	-9.7531e+92	-9.7531e+92	   0.056769	   0.031965	     0.0000	 -0.0019581	    0.53288	  -0.016360	
21	7	   0.074142	    0.10657	     44.967	     3.0407	-9.7531e+92	-9.7531e+92	   0.056032	   0.046552	     0.0000	  0.0077493	    0.78490	   0.029118	
21	8	 4.9139e-05	 7.0632e-05	     132.38	    0.16196	-9.7531e+92	-9.7531e+92	 0.00040795	 8.3158e-05	     0.0000	 -0.0027693	  0.0011935	 -0.0011578	
21	9	   0.015584	   0.022400	     83.320	    0.84769	-9.7531e+92	-9.7531e+92	   0.026442	   0.010103	     0.0000	  -0.010624	    0.16461	  -0.036794	
21	10	 2.4758e-12	 3.5587e-12	     171.26	   0.059366	-9.7531e+92	-9.7531e+92	 5.7274e-05	 5.0386e-05	     0.0000	-0.00028590	 0.00067056	-8.1858e-05	
21	11	 8.5249e-12	 1.2254e-11	     128.65	    0.18069	-9.7531e+92	-9.7531e+92	 0.00013951	 4.7902e-05	     0.0000	-0.00068906	 0.00069312	-0.00033011	
21	12	 5.0439e-12	 7.2500e-12	     187.39	   0.041605	-9.7531e+92	-9.7531e+92	 8.1323e-05	 5.0162e-05	     0.0000	 -0.0015250	 0.00066641	-0.00040721	
21	13	    0.10447	    0.15017	     76.619	     1.0932	-9.7531e+92	-9.7531e+92	   0.085484	   0.056221	     0.0000	 -0.0026511	    0.89147	  -0.014969	
21	14	    0.13325	    0.19153	     101.18	    0.44014	-9.7531e+92	-9.7531e+92	    0.10337	   0.077778	     0.0000	  0.0046298	     1.4151	   0.016203	
21	15	 3.0536e-07	 4.3892e-07	     175.65	   0.053734	-9.7531e+92	-9.7531e+92	  0.0037049	 4.9343e-05	     0.0000	  -0.032076	 0.00068416	  -0.050958	
21	16	 1.8823e-12	 2.7055e-12	     180.81	   0.047925	-9.7531e+92	-9.7531e+92	 8.5459e-05	 5.1858e-05	     0.0000	-0.00050131	 0.00065503	 -0.0011568	
21	17	 3.5119e-12	 5.0480e-12	     326.31	  0.0045671	-9.7531e+92	-9.7531e+92	 0.00042107	 5.1943e-05	     0.0000	  -0.018003	 0.00065123	  -0.011744	
21	18	    0.34374	    0.49408	     79.511	    0.97945	-9.7531e+92	-9.7531e+92	    0.16480	    0.17089	   0.030569	   0.033499	     3.0518	    0.14002	
21	19	 2.1677e-12	 3.1158e-12	     197.71	   0.033641	-9.7531e+92	-9.7531e+92	 0.00016648	 4.8473e-05	     0.0000	 -0.0045310	 0.00067317	 -0.0016741	
21	20	 1.2671e-12	 1.8214e-12	     169.84	   0.061351	-9.7531e+92	-9.7531e+92	 0.00056171	 4.7439e-05	     0.0000	 -0.0064680	 0.00068075	 -0.0026584	
21	21	     0.0000	     0.0000	     0.0000	     4.0000	-9.7531e+92	-9.7531e+92	    0.73991	     0.0000	    0.69841	     0.0000	     0.0000	     0.0000	
21	22	 1.4794e-12	 2.1265e-12	     284.69	  0.0078758	-9.7531e+92	-9.7531e+92	 0.00016936	 5.2231e-05	     0.0000	 -0.0058711	 0.00065580	 -0.0039884	
21	23	  0.0033381	  0.0047982	     78.648	     1.0121	-9.7531e+92	-9.7531e+92	  0.0096893	  0.0023756	     0.0000	 -0.0055118	   0.035761	 -0.0079256	
21	24	  0.0011451	  0.0016459	     85.071	    0.79345	-9.7531e+92	-9.7531e+92	 0.00059486	 0.00083390	 0.00016507	 0.00087870	   0.013162	  0.0010881	
22	0	 8.0908e-11	 4.6070e-11	     321.47	  0.0048482	-9.7531e+92	-9.7531e+92	  0.0016558	 2.1959e-06	     0.0000	 -0.0018355	-3.9979e-05	   0.020345	
22	1	 9.8216e-11	 5.5926e-11	     312.59	  0.0054224	-9.7531e+92	-9.7531e+92	  0.0012713	 2.2850e-06	     0.0000	 -0.0049113	-3.9913e-05	   0.016743	
22	2	   0.099049	   0.056400	     161.29	   0.075160	-9.7531e+92	-9.7531e+92	   0.041298	  0.0018209	     0.0000	 -0.0014064	  -0.074428	   0.012521	
22	3	   0.029431	   0.016759	     164.94	   0.068842	-9.7531e+92	-9.7531e+92	   0.017813	 0.00082716	     0.0000	-0.00025693	  -0.021083	  0.0036043	
22	4	    0.60232	    0.34297	     82.638	    0.86986	-9.7531e+92	-9.7531e+92	    0.10946	   0.010846	   0.030721	   0.010945	   -0.40228	   -0.20395	
22	5	   0.016533	  0.0094143	     151.89	   0.095092	-9.7531e+92	-9.7531e+92	  0.0084588	 0.00056249	     0.0000	-0.00032310	  -0.012440	  0.0011278	
22	6	 1.8948e-10	 1.0789e-10	     216.08	   0.023641	-9.7531e+92	-9.7531e+92	  0.0026707	 2.2379e-06	     0.0000	-0.00099090	-4.8026e-05	   0.029795	
22	7	 6.7407e-10	 3.8383e-10	     241.36	   0.015218	-9.7531e+92	-9.7531e+92	  0.0017931	 2.2837e-06	     0.0000	 -0.0049586	-4.9189e-05	   0.023848	
22	8	 2.3970e-11	 1.3649e-11	     168.70	   0.062994	-9.7531e+92	-9.7531e+92	  0.0014857	 2.3637e-06	 0.00087133	-0.00030849	-5.1832e-05	 0.00049468	
22	9	 1.9924e-10	 1.1345e-10	     266.14	   0.010307	-9.7531e+92	-9.7531e+92	  0.0019811	 2.2725e-06	     0.0000	 -0.0020151	-4.9093e-05	   0.021470	
22	10	 7.0207e-11	 3.9977e-11	     176.66	   0.052524	-9.7531e+92	-9.7531e+92	 0.00014721	 2.4158e-06	 7.0166e-05	-2.9763e-05	-5.2609e-05	 3.3865e-05	
22	11	 1.0140e-10	 5.7739e-11	     200.45	   0.031856	-9.7531e+92	-9.7531e+92	 0.00016214	 2.3907e-06	     0.0000	-7.8545e-05	-5.2574e-05	 0.00013605	
22	12	 1.4800e-10	 8.4275e-11	     131.16	    0.16782	-9.7531e+92	-9.7531e+92	  0.0020316	 2.3749e-06	  0.0017994	-0.00015876	-5.1688e-05	 0.00016813	
22	13	  0.0087136	  0.0049617	     260.15	   0.011286	-9.7531e+92	-9.7531e+92	   0.011650	 0.00024414	     0.0000	 -0.0028952	 -0.0046159	   0.036541	
22	14	   0.026458	   0.015066	     227.39	   0.019298	-9.7531e+92	-9.7531e+92	   0.018936	 0.00077863	     0.0000	 -0.0040777	  -0.013857	   0.035278	
22	15	 0.00068303	 0.00038893	     163.21	   0.071746	-9.7531e+92	-9.7531e+92	   0.013322	 2.1723e-05	     0.0000	 -0.0032846	-0.00053789	   0.019601	
22	16	 1.2194e-10	 6.9436e-11	     106.73	    0.36321	-9.7531e+92	-9.7531e+92	 0.00040422	 2.0669e-06	     0.0000	-5.2188e-05	-4.5808e-05	 0.00048097	
22	17	  0.0033479	  0.0019064	     106.10	    0.37108	-9.7531e+92	-9.7531e+92	  0.0043869	 9.0585e-05	     0.0000	-0.00038606	-0.00037901	 0.00023288	
22	18	  0.0017405	 0.00099107	     205.13	   0.029065	-9.7531e+92	-9.7531e+92	  0.0062796	 5.8338e-05	     0.0000	 -0.0057710	 -0.0011952	   0.040676	
22	19	    0.16903	   0.096249	     93.933	    0.57085	-9.7531e+92	-9.7531e+92	   0.025907	  0.0057065	   0.025075	   0.056593	   -0.11589	  -0.081918	
22	20	   0.042691	   0.024309	     116.48	    0.26308	-9.7531e+92	-9.7531e+92	   0.010834	  0.0014665	  0.0095371	   0.012305	  -0.032660	  -0.019737	
22	21	 3.4118e-11	 1.9428e-11	     284.69	  0.0078758	-9.7531e+92	-9.7531e+92	 0.00092836	 2.3005e-06	     0.0000	 -0.0014793	-5.0797e-05	   0.013903	
22	22	     0.0000	     0.0000	     0.0000	     4.0000	-9.7531e+92	-9.7531e+92	    0.28606	     0.0000	    0.28412	     0.0000	     0.0000	     0.0000	
22	23	 6.8675e-11	 3.9105e-11	     209.07	   0.026949	-9.7531e+92	-9.7531e+92	 0.00040091	 2.3546e-06	     0.0000	-0.00086331	-5.1987e-05	  0.0048651	
22	24	 2.6171e-10	 1.4902e-10	     237.89	   0.016122	-9.7531e+92	-9.7531e+92	 2.7075e-05	 2.3803e-06	     0.0000	-3.3683e-05	-5.2460e-05	 0.00011439	
23	0	  0.0051702	  0.0038831	     119.13	    0.24186	-9.7531e+92	-9.7531e+92	   0.015088	  0.0010470	     0.0000	  -0.016678	  -0.022550	    0.13683	
23	1	  0.0077490	  0.0058199	     132.72	    0.16037	-9.7531e+92	-9.7531e+92	   0.012215	  0.0015607	     0.0000	  -0.040225	  -0.034215	    0.10158	
23	2	 9.1943e-05	 6.9054e-05	     168.40	   0.063436	-9.7531e+92	-9.7531e+92	   0.011131	 3.2712e-05	     0.0000	   -0.27979	-0.00075594	    0.43928	
23	3	 3.2950e-11	 2.4747e-11	     228.38	   0.018966	-9.7531e+92	-9.7531e+92	 0.00080709	 1.4901e-05	     0.0000	  -0.012428	-0.00032331	    0.13080	
23	4	 6.2506e-12	 4.6946e-12	     212.30	   0.025355	-9.7531e+92	-9.7531e+92	  0.0055855	 1.3111e-05	     0.0000	   -0.17155	-0.00033159	    0.49444	
23	5	   0.026776	   0.020110	     65.633	     1.6449	-9.7531e+92	-9.7531e+92	   0.012794	  0.0055499	     0.0000	   0.010967	   -0.13537	  -0.028895	
23	6	    0.38713	    0.29075	     73.330	     1.2380	-9.7531e+92	-9.7531e+92	   0.086592	   0.074223	   0.038591	   0.050895	    -1.9025	    -1.1498	
23	7	   0.093465	   0.070197	     58.677	     2.0891	-9.7531e+92	-9.7531e+92	   0.030915	   0.017000	     0.0000	   0.012574	   -0.45794	   -0.15538	
23	8	  0.0099615	  0.0074816	     54.810	     2.3580	-9.7531e+92	-9.7531e+92	  0.0022342	  0.0019708	  0.0014238	   0.024260	  -0.043610	  -0.029559	
23	9	 0.00023743	 0.00017833	     121.73	    0.22293	-9.7531e+92	-9.7531e+92	   0.013225	 6.2331e-05	     0.0000	  -0.020375	 -0.0015188	    0.16338	
23	10	 1.8357e-05	 1.3787e-05	     95.614	    0.53700	-9.7531e+92	-9.7531e+92	 6.3718e-05	 1.8620e-05	     0.0000	-0.00021723	-0.00042181	 0.00019088	
23	11	  0.0041097	  0.0030866	     53.605	     2.4433	-9.7531e+92	-9.7531e+92	  0.0010168	 0.00080441	 0.00075917	  0.0081655	  -0.015486	  -0.010395	
23	12	 7.9781e-07	 5.9920e-07	     109.85	    0.32696	-9.7531e+92	-9.7531e+92	 9.1896e-05	 1.4814e-05	     0.0000	 -0.0015827	-0.00034286	  0.0012897	
23	13	    0.11942	   0.089688	     113.01	    0.29441	-9.7531e+92	-9.7531e+92	   0.046544	   0.022539	     0.0000	  0.0013487	   -0.41274	  -0.012219	
23	14	    0.12288	   0.092292	     114.84	    0.27739	-9.7531e+92	-9.7531e+92	   0.050492	   0.022585	     0.0000	 0.00040038	   -0.46841	 -0.0025158	
23	15	 1.0939e-05	 8.2160e-06	     149.47	    0.10124	-9.7531e+92	-9.7531e+92	  0.0019772	 1.7485e-05	     0.0000	  -0.033932	-0.00039875	    0.15260	
23	16	 1.4845e-11	 1.1149e-11	     136.77	    0.14287	-9.7531e+92	-9.7531e+92	 4.5149e-05	 1.5623e-05	     0.0000	-0.00053045	-0.00036055	  0.0036997	
23	17	 8.3735e-12	 6.2889e-12	     284.58	  0.0078888	-9.7531e+92	-9.7531e+92	 0.00022367	 1.5669e-05	     0.0000	  -0.019049	-0.00036183	   0.037292	
23	18	    0.20576	    0.15454	     36.898	     3.4995	-9.7531e+92	-9.7531e+92	   0.067906	   0.025730	     0.0000	   0.012381	    -1.1986	   -0.47019	
23	19	 9.9900e-06	 7.5030e-06	     121.29	    0.22600	-9.7531e+92	-9.7531e+92	 0.00019004	 1.6499e-05	     0.0000	 -0.0047357	-0.00039750	  0.0052078	
23	20	 0.00067649	 0.00050808	     93.058	    0.58941	-9.7531e+92	-9.7531e+92	 0.00090056	 0.00015477	     0.0000	 -0.0047040	 -0.0037731	  0.0057614	
23	21	  0.0063763	  0.0047889	     78.648	     1.0121	-9.7531e+92	-9.7531e+92	  0.0094354	  0.0012650	     0.0000	 -0.0064468	  -0.031949	   0.083061	
23	22	 3.9575e-12	 2.9723e-12	     209.07	   0.026949	-9.7531e+92	-9.7531e+92	 8.9974e-05	 1.5713e-05	     0.0000	 -0.0062082	-0.00035844	   0.012592	
23	23	     0.0000	     0.0000	     0.0000	     4.0000	-9.7531e+92	-9.7531e+92	    0.37941	     0.0000	    0.37190	     0.0000	     0.0000	     0.0000	
23	24	   0.010154	  0.0076261	     40.708	     3.3006	-9.7531e+92	-9.7531e+92	  0.0019988	  0.0017225	  0.0017742	  0.0012685	  -0.018048	 -0.0076325	
24	0	   0.030278	   0.014630	     123.34	    0.21210	-9.7531e+92	-9.7531e+92	   0.012915	 0.00023542	     0.0000	-0.00035751	  -0.018308	   0.010159	
24	1	   0.011235	  0.0054288	     142.19	    0.12292	-9.7531e+92	-9.7531e+92	  0.0071993	 8.7834e-05	     0.0000	 -0.0018101	 -0.0068671	   0.015821	
24	2	 3.6141e-07	 1.7463e-07	     210.29	   0.026336	-9.7531e+92	-9.7531e+92	  0.0070724	 5.0912e-07	     0.0000	  -0.014156	-4.3431e-05	   0.074410	
24	3	 5.3413e-12	 2.5808e-12	     270.69	  0.0096323	-9.7531e+92	-9.7531e+92	 0.00050897	 5.5592e-07	     0.0000	-0.00062834	-4.3541e-05	   0.022069	
24	4	 2.4643e-12	 1.1907e-12	     253.16	   0.012581	-9.7531e+92	-9.7531e+92	  0.0035472	 4.8624e-07	     0.0000	 -0.0086728	-4.4124e-05	   0.082974	
24	5	  0.0021785	  0.0010526	     106.34	    0.36810	-9.7531e+92	-9.7531e+92	  0.0045313	 1.8232e-05	     0.0000	 -0.0011743	 -0.0015101	   0.010196	
24	6	  0.0043369	  0.0020955	     108.13	    0.34637	-9.7531e+92	-9.7531e+92	   0.014921	 3.4170e-05	     0.0000	-0.00047466	 -0.0028998	   0.035637	
24	7	   0.070946	   0.034280	     84.614	    0.80724	-9.7531e+92	-9.7531e+92	   0.017693	 0.00053995	     0.0000	 0.00093176	  -0.047104	  -0.012369	
24	8	  0.0015347	 0.00074153	     77.960	     1.0389	-9.7531e+92	-9.7531e+92	 0.00067939	 1.2241e-05	 0.00015803	 6.4513e-05	 -0.0010154	-0.00030309	
24	9	 0.00014716	 7.1105e-05	     149.07	    0.10229	-9.7531e+92	-9.7531e+92	  0.0060727	 1.7129e-06	     0.0000	 -0.0010321	-0.00014240	   0.027376	
24	10	 5.0299e-05	 2.4304e-05	     102.71	    0.41717	-9.7531e+92	-9.7531e+92	 5.6823e-05	 9.6532e-07	     0.0000	-3.6995e-06	-7.6607e-05	 1.1152e-05	
24	11	   0.015154	  0.0073223	     56.094	     2.2676	-9.7531e+92	-9.7531e+92	  0.0019714	 9.5183e-05	  0.0018057	 0.00092540	 -0.0037838	 -0.0029463	
24	12	 6.1271e-12	 2.9605e-12	     132.31	    0.16230	-9.7531e+92	-9.7531e+92	 4.4135e-05	 5.5552e-07	     0.0000	-7.8088e-05	-4.5157e-05	 0.00021313	
24	13	    0.14025	   0.067764	     142.21	    0.12286	-9.7531e+92	-9.7531e+92	   0.031541	  0.0010420	     0.0000	 0.00036094	  -0.073180	  -0.012278	
24	14	   0.088289	   0.042660	     150.00	   0.099849	-9.7531e+92	-9.7531e+92	   0.028421	 0.00064962	     0.0000	-0.00073877	  -0.048469	   0.016906	
24	15	 5.2268e-12	 2.5255e-12	     189.75	   0.039594	-9.7531e+92	-9.7531e+92	  0.0011594	 5.6079e-07	     0.0000	 -0.0017159	-4.4931e-05	   0.025428	
24	16	 1.2337e-11	 5.9611e-12	     177.80	   0.051213	-9.7531e+92	-9.7531e+92	 2.8797e-05	 5.8365e-07	     0.0000	-2.6818e-05	-4.6275e-05	 0.00060917	
24	17	 5.2287e-12	 2.5264e-12	     325.25	  0.0046269	-9.7531e+92	-9.7531e+92	 0.00014225	 5.7975e-07	     0.0000	-0.00096307	-4.6176e-05	  0.0061479	
24	18	    0.42288	    0.20433	     74.739	     1.1738	-9.7531e+92	-9.7531e+92	   0.066609	  0.0028011	   0.021486	  0.0082516	   -0.27459	   -0.19145	
24	19	 1.3551e-11	 6.5475e-12	     150.08	   0.099629	-9.7531e+92	-9.7531e+92	 7.9283e-05	 5.5014e-07	     0.0000	-0.00023956	-4.5609e-05	 0.00086677	
24	20	 3.9419e-05	 1.9046e-05	     121.85	    0.22210	-9.7531e+92	-9.7531e+92	 0.00032578	 8.5914e-07	     0.0000	-0.00033197	-7.2165e-05	  0.0013473	
24	21	   0.017053	  0.0082398	     85.071	    0.79345	-9.7531e+92	-9.7531e+92	  0.0087048	 0.00013227	     0.0000	-0.00028234	  -0.011346	  0.0071824	
24	22	 4.7122e-13	 2.2768e-13	     237.89	   0.016122	-9.7531e+92	-9.7531e+92	 5.7229e-05	 5.8383e-07	     0.0000	-0.00031372	-4.6017e-05	  0.0020780	
24	23	    0.19563	   0.094525	     40.708	     3.3006	-9.7531e+92	-9.7531e+92	   0.027058	  0.0013915	   0.022225	  0.0056085	   -0.10411	  -0.089208	
24	24	     0.0000	     0.0000	     0.0000	     4.0000	-9.7531e+92	-9.7531e+92	    0.24180	     0.0000	    0.24165	     0.0000	     0.0000	     0.0000	
