#source	Target	value	weight	distance	potential1	geneCorrelation	separation	influenceWeight	betweenness	influence'Weight	betweenness'	nbetweenness	nbetweenness'	
0	0	     0.0000	     0.0000	     0.0000	     4.0000	-9.7531e+92	-9.7531e+92	     7.0259	     0.0000	     5.8808	     0.0000	     0.0000	     0.0000	
0	1	    0.15082	     2.0220	     35.562	     3.5606	-9.7531e+92	-9.7531e+92	    0.81488	    0.15442	     0.0000	     0.0000	     2.5797	     0.0000	
0	2	 8.5897e-12	 1.1516e-10	     211.35	   0.025814	-9.7531e+92	-9.7531e+92	   0.028900	 0.00011952	     0.0000	     0.0000	  0.0019917	     0.0000	
0	3	 1.2309e-10	 1.6503e-09	     273.88	  0.0091920	-9.7531e+92	-9.7531e+92	   0.013468	 0.00012193	     0.0000	     0.0000	  0.0020181	     0.0000	
0	4	 1.0502e-10	 1.4080e-09	     281.58	  0.0082298	-9.7531e+92	-9.7531e+92	  0.0049205	 0.00012973	     0.0000	     0.0000	  0.0019689	     0.0000	
0	5	 0.00036985	  0.0049586	     169.69	   0.061568	-9.7531e+92	-9.7531e+92	    0.26474	 0.00080029	     0.0000	     0.0000	   0.012871	     0.0000	
0	6	    0.30282	     4.0600	     105.31	    0.38136	-9.7531e+92	-9.7531e+92	     1.2941	    0.50388	     0.0000	     0.0000	     9.0200	     0.0000	
0	7	    0.13253	     1.7769	     80.265	    0.95180	-9.7531e+92	-9.7531e+92	     1.1593	    0.19057	     0.0000	     0.0000	     3.9223	     0.0000	
0	8	 1.3240e-10	 1.7751e-09	     172.11	   0.058221	-9.7531e+92	-9.7531e+92	   0.015948	 0.00013053	     0.0000	     0.0000	  0.0019362	     0.0000	
0	9	   0.053687	    0.71979	     86.890	    0.74099	-9.7531e+92	-9.7531e+92	    0.32601	   0.090583	     0.0000	     0.0000	     1.6187	     0.0000	
0	10	 2.2041e-11	 2.9551e-10	     210.64	   0.026161	-9.7531e+92	-9.7531e+92	 0.00071418	 0.00013935	     0.0000	     0.0000	  0.0019079	     0.0000	
0	11	 2.7935e-11	 3.7452e-10	     167.10	   0.065400	-9.7531e+92	-9.7531e+92	  0.0015588	 0.00013470	     0.0000	     0.0000	  0.0019311	     0.0000	
0	12	 2.6720e-10	 3.5824e-09	     226.76	   0.019512	-9.7531e+92	-9.7531e+92	  0.0010595	 0.00013998	     0.0000	     0.0000	  0.0019031	     0.0000	
0	13	    0.10852	     1.4549	     86.013	    0.76580	-9.7531e+92	-9.7531e+92	    0.66337	    0.13890	     0.0000	     0.0000	     2.5273	     0.0000	
0	14	   0.045161	    0.60548	     114.85	    0.27729	-9.7531e+92	-9.7531e+92	    0.48413	   0.057883	     0.0000	     0.0000	     1.0721	     0.0000	
0	15	 1.9512e-11	 2.6161e-10	     189.51	   0.039789	-9.7531e+92	-9.7531e+92	   0.056424	 0.00011648	     0.0000	     0.0000	  0.0019688	     0.0000	
0	16	 3.4604e-12	 4.6393e-11	     217.18	   0.023165	-9.7531e+92	-9.7531e+92	 0.00053764	 0.00013739	     0.0000	     0.0000	  0.0019095	     0.0000	
0	17	 9.5691e-11	 1.2829e-09	     353.56	  0.0033150	-9.7531e+92	-9.7531e+92	 0.00057007	 0.00014003	     0.0000	     0.0000	  0.0018972	     0.0000	
0	18	   0.055291	    0.74129	     116.29	    0.26473	-9.7531e+92	-9.7531e+92	    0.47485	   0.093924	     0.0000	     0.0000	     1.6399	     0.0000	
0	19	 7.8300e-12	 1.0498e-10	     234.49	   0.017074	-9.7531e+92	-9.7531e+92	  0.0060900	 0.00013701	     0.0000	     0.0000	  0.0019196	     0.0000	
0	20	 2.3405e-10	 3.1379e-09	     206.61	   0.028245	-9.7531e+92	-9.7531e+92	   0.020450	 0.00013660	     0.0000	     0.0000	  0.0019168	     0.0000	
0	21	    0.14871	     1.9938	     39.458	     3.3697	-9.7531e+92	-9.7531e+92	    0.72510	    0.25483	     0.0000	     0.0000	     4.4416	     0.0000	
0	22	 5.5266e-10	 7.4096e-09	     321.47	  0.0048482	-9.7531e+92	-9.7531e+92	 0.00066922	 0.00013962	     0.0000	     0.0000	  0.0019027	     0.0000	
0	23	  0.0020892	   0.028010	     119.13	    0.24186	-9.7531e+92	-9.7531e+92	   0.021347	  0.0040424	     0.0000	     0.0000	   0.064598	     0.0000	
0	24	 1.3098e-11	 1.7561e-10	     123.34	    0.21210	-9.7531e+92	-9.7531e+92	 0.00074507	 0.00011654	     0.0000	     0.0000	  0.0021216	     0.0000	
1	0	    0.21118	     2.9130	     35.562	     3.5606	-9.7531e+92	-9.7531e+92	     1.0308	    0.20314	     0.0000	     0.0000	     2.6308	     0.0000	
1	1	     0.0000	     0.0000	     0.0000	     4.0000	-9.7531e+92	-9.7531e+92	     7.2606	     0.0000	     5.9993	     0.0000	     0.0000	     0.0000	
1	2	  0.0025564	   0.035262	     184.62	   0.044134	-9.7531e+92	-9.7531e+92	   0.047761	  0.0040658	     0.0000	     0.0000	   0.056542	     0.0000	
1	3	 5.8300e-12	 8.0419e-11	     244.14	   0.014539	-9.7531e+92	-9.7531e+92	   0.019863	 0.00010498	     0.0000	     0.0000	  0.0014644	     0.0000	
1	4	 1.2957e-11	 1.7873e-10	     272.02	  0.0094459	-9.7531e+92	-9.7531e+92	  0.0070920	 0.00011153	     0.0000	     0.0000	  0.0014143	     0.0000	
1	5	 0.00085709	   0.011823	     161.91	   0.074033	-9.7531e+92	-9.7531e+92	    0.15797	  0.0014253	     0.0000	     0.0000	   0.019639	     0.0000	
1	6	   0.083550	     1.1525	     96.519	    0.51972	-9.7531e+92	-9.7531e+92	    0.67694	    0.11694	     0.0000	     0.0000	     1.7987	     0.0000	
1	7	    0.12092	     1.6679	     75.481	     1.1413	-9.7531e+92	-9.7531e+92	     1.1302	    0.13314	     0.0000	     0.0000	     2.5506	     0.0000	
1	8	 4.9835e-11	 6.8743e-10	     184.58	   0.044171	-9.7531e+92	-9.7531e+92	   0.010291	 0.00011011	     0.0000	     0.0000	  0.0013898	     0.0000	
1	9	    0.10781	     1.4871	     55.376	     2.3181	-9.7531e+92	-9.7531e+92	    0.52636	    0.15094	     0.0000	     0.0000	     2.3721	     0.0000	
1	10	 4.5946e-12	 6.3377e-11	     228.04	   0.019080	-9.7531e+92	-9.7531e+92	 0.00063849	 0.00011796	     0.0000	     0.0000	  0.0013618	     0.0000	
1	11	 6.0162e-11	 8.2987e-10	     185.20	   0.043588	-9.7531e+92	-9.7531e+92	  0.0012115	 0.00011350	     0.0000	     0.0000	  0.0013840	     0.0000	
1	12	 4.2846e-11	 5.9102e-10	     231.78	   0.017881	-9.7531e+92	-9.7531e+92	 0.00085983	 0.00011887	     0.0000	     0.0000	  0.0013553	     0.0000	
1	13	    0.19982	     2.7563	     57.043	     2.2015	-9.7531e+92	-9.7531e+92	    0.96977	    0.22520	     0.0000	     0.0000	     3.3997	     0.0000	
1	14	    0.11129	     1.5352	     88.839	    0.68891	-9.7531e+92	-9.7531e+92	    0.69732	    0.14089	     0.0000	     0.0000	     2.1872	     0.0000	
1	15	 7.7106e-05	  0.0010636	     167.83	   0.064291	-9.7531e+92	-9.7531e+92	   0.081527	 0.00021817	     0.0000	     0.0000	  0.0030364	     0.0000	
1	16	 7.5929e-12	 1.0474e-10	     207.46	   0.027791	-9.7531e+92	-9.7531e+92	 0.00058959	 0.00011777	     0.0000	     0.0000	  0.0013551	     0.0000	
1	17	 2.8798e-11	 3.9724e-10	     342.57	  0.0037606	-9.7531e+92	-9.7531e+92	 0.00063693	 0.00011996	     0.0000	     0.0000	  0.0013444	     0.0000	
1	18	   0.083421	     1.1507	     111.77	    0.30668	-9.7531e+92	-9.7531e+92	    0.55574	    0.11153	     0.0000	     0.0000	     1.7202	     0.0000	
1	19	 4.1860e-11	 5.7742e-10	     226.57	   0.019575	-9.7531e+92	-9.7531e+92	  0.0039014	 0.00011597	     0.0000	     0.0000	  0.0013735	     0.0000	
1	20	 1.0995e-10	 1.5167e-09	     199.20	   0.032652	-9.7531e+92	-9.7531e+92	   0.012537	 0.00011560	     0.0000	     0.0000	  0.0013711	     0.0000	
1	21	   0.078245	     1.0793	     57.297	     2.1839	-9.7531e+92	-9.7531e+92	    0.58189	    0.10830	     0.0000	     0.0000	     1.7063	     0.0000	
1	22	 4.9511e-12	 6.8295e-11	     312.59	  0.0054224	-9.7531e+92	-9.7531e+92	 0.00077380	 0.00011939	     0.0000	     0.0000	  0.0013508	     0.0000	
1	23	 0.00027935	  0.0038534	     132.72	    0.16037	-9.7531e+92	-9.7531e+92	   0.016541	 0.00055229	     0.0000	     0.0000	  0.0074161	     0.0000	
1	24	 1.9604e-11	 2.7042e-10	     142.19	    0.12292	-9.7531e+92	-9.7531e+92	 0.00074410	 0.00010308	     0.0000	     0.0000	  0.0014645	     0.0000	
2	0	  0.0067728	   0.024133	     211.35	   0.025814	-9.7531e+92	-9.7531e+92	   0.067014	  0.0052879	     0.0000	     0.0000	  -0.053581	    0.61850	
2	1	   0.013261	   0.047251	     184.62	   0.044134	-9.7531e+92	-9.7531e+92	   0.056390	  0.0099937	     0.0000	     0.0000	   -0.10623	    0.60373	
2	2	     0.0000	     0.0000	     0.0000	     4.0000	-9.7531e+92	-9.7531e+92	     1.8755	     0.0000	     1.8048	     0.0000	     0.0000	     0.0000	
2	3	    0.21595	    0.76948	     63.167	     1.7950	-9.7531e+92	-9.7531e+92	    0.27600	   0.080950	    0.21478	    0.53410	    -3.1461	    -2.5724	
2	4	    0.13812	    0.49215	     91.235	    0.63030	-9.7531e+92	-9.7531e+92	    0.15590	   0.056936	    0.13092	    0.41949	    -1.5708	    -1.3474	
2	5	  0.0061938	   0.022070	     120.45	    0.23204	-9.7531e+92	-9.7531e+92	   0.025081	  0.0048865	     0.0000	  -0.098901	  -0.085308	    0.56140	
2	6	   0.016872	   0.060121	     118.53	    0.24644	-9.7531e+92	-9.7531e+92	   0.067636	   0.013020	     0.0000	   -0.14533	   -0.22610	    0.97226	
2	7	 0.00060944	  0.0021716	     153.12	   0.092143	-9.7531e+92	-9.7531e+92	   0.091205	 0.00048749	     0.0000	     0.0000	 -0.0088422	     2.1744	
2	8	 7.9056e-12	 2.8170e-11	     174.51	   0.055125	-9.7531e+92	-9.7531e+92	  0.0018678	 5.3775e-05	     0.0000	  -0.067827	-0.00094188	    0.13410	
2	9	  0.0027508	  0.0098018	     133.64	    0.15619	-9.7531e+92	-9.7531e+92	   0.033731	  0.0022614	     0.0000	  -0.072829	  -0.038330	    0.46488	
2	10	 1.2916e-12	 4.6025e-12	     213.20	   0.024934	-9.7531e+92	-9.7531e+92	 0.00015371	 5.6374e-05	     0.0000	 -0.0034367	-0.00096586	  0.0046982	
2	11	 4.3400e-11	 1.5465e-10	     197.83	   0.033565	-9.7531e+92	-9.7531e+92	 0.00025858	 5.5806e-05	     0.0000	 -0.0095400	-0.00096252	   0.018304	
2	12	 1.3580e-11	 4.8391e-11	     181.48	   0.047226	-9.7531e+92	-9.7531e+92	 0.00023353	 5.6055e-05	     0.0000	 -0.0068789	-0.00096228	  0.0080972	
2	13	    0.20624	    0.73490	     127.66	    0.18612	-9.7531e+92	-9.7531e+92	    0.25706	    0.15397	     0.0000	     0.0000	    -1.9288	   -0.99779	
2	14	    0.16037	    0.57144	     97.273	    0.50580	-9.7531e+92	-9.7531e+92	    0.22838	   0.098682	     0.0000	   0.051878	    -2.1190	   -0.71757	
2	15	    0.19737	    0.70330	     21.827	     3.9312	-9.7531e+92	-9.7531e+92	    0.29545	    0.10253	    0.17821	    0.26659	    -2.2732	    -1.7396	
2	16	  0.0031832	   0.011342	     68.097	     1.5042	-9.7531e+92	-9.7531e+92	  0.0039816	  0.0019170	  0.0032043	   0.012034	  -0.024023	  -0.020972	
2	17	 5.2973e-11	 1.8876e-10	     160.64	   0.076357	-9.7531e+92	-9.7531e+92	  0.0039914	 3.8651e-05	  0.0025070	 -0.0025655	-0.00065599	  0.0032606	
2	18	   0.032296	    0.11508	     137.27	    0.14087	-9.7531e+92	-9.7531e+92	   0.079675	   0.025313	     0.0000	  -0.034733	   -0.39777	    0.59372	
2	19	 9.2453e-12	 3.2943e-11	     139.30	    0.13308	-9.7531e+92	-9.7531e+92	  0.0014820	 5.4117e-05	     0.0000	  -0.020204	-0.00092464	   0.034113	
2	20	 1.3063e-05	 4.6549e-05	     139.77	    0.13137	-9.7531e+92	-9.7531e+92	  0.0023281	 6.5841e-05	     0.0000	  -0.086800	 -0.0011368	    0.11045	
2	21	 2.1721e-11	 7.7398e-11	     197.19	   0.033993	-9.7531e+92	-9.7531e+92	   0.030609	 5.3107e-05	     0.0000	   -0.15132	-0.00091054	    0.83292	
2	22	 1.2075e-11	 4.3026e-11	     161.29	   0.075160	-9.7531e+92	-9.7531e+92	  0.0067624	 4.3038e-05	  0.0043496	 -0.0044693	-0.00074939	  0.0065164	
2	23	 1.5289e-11	 5.4478e-11	     168.40	   0.063436	-9.7531e+92	-9.7531e+92	  0.0020799	 5.5551e-05	     0.0000	 -0.0085891	-0.00095118	   0.069210	
2	24	 1.0014e-12	 3.5682e-12	     210.29	   0.026336	-9.7531e+92	-9.7531e+92	 0.00015112	 5.6109e-05	     0.0000	-0.00026523	-0.00096255	  0.0018730	
3	0	 0.00056058	  0.0023479	     273.88	  0.0091920	-9.7531e+92	-9.7531e+92	   0.044952	 0.00041175	     0.0000	     0.0000	 -0.0072636	    0.88558	
3	1	  0.0050026	   0.020953	     244.14	   0.014539	-9.7531e+92	-9.7531e+92	   0.038401	  0.0032698	     0.0000	     0.0000	  -0.058226	    0.88842	
3	2	    0.24243	     1.0154	     63.167	     1.7950	-9.7531e+92	-9.7531e+92	    0.37569	   0.087069	    0.29256	    0.30933	    -4.2367	    -3.3509	
3	3	     0.0000	     0.0000	     0.0000	     4.0000	-9.7531e+92	-9.7531e+92	     2.2756	     0.0000	     2.2036	     0.0000	     0.0000	     0.0000	
3	4	    0.12671	    0.53069	     82.606	    0.87092	-9.7531e+92	-9.7531e+92	    0.18660	   0.037004	    0.15725	    0.32186	    -1.9135	    -1.5572	
3	5	 0.00015302	 0.00064090	     167.87	   0.064235	-9.7531e+92	-9.7531e+92	   0.017041	 0.00014462	     0.0000	   -0.11019	 -0.0038786	    0.79390	
3	6	 0.00014308	 0.00059925	     180.81	   0.047921	-9.7531e+92	-9.7531e+92	   0.043692	 0.00013655	     0.0000	   -0.17261	 -0.0036400	     1.4686	
3	7	 4.1075e-12	 1.7204e-11	     215.68	   0.023812	-9.7531e+92	-9.7531e+92	   0.061433	 4.0729e-05	     0.0000	     0.0000	 -0.0011380	     2.7396	
3	8	 2.6891e-13	 1.1263e-12	     221.29	   0.021502	-9.7531e+92	-9.7531e+92	  0.0014775	 4.4937e-05	     0.0000	  -0.066826	 -0.0012084	    0.16726	
3	9	 1.4165e-11	 5.9327e-11	     191.41	   0.038254	-9.7531e+92	-9.7531e+92	   0.022297	 4.5245e-05	     0.0000	  -0.076907	 -0.0011765	    0.62323	
3	10	 4.6030e-12	 1.9279e-11	     258.79	   0.011525	-9.7531e+92	-9.7531e+92	 0.00016940	 4.6943e-05	     0.0000	 -0.0033860	 -0.0012314	  0.0058482	
3	11	 8.3015e-12	 3.4770e-11	     244.71	   0.014404	-9.7531e+92	-9.7531e+92	 0.00025571	 4.6532e-05	     0.0000	 -0.0093992	 -0.0012282	   0.022791	
3	12	 1.0468e-11	 4.3845e-11	     227.10	   0.019395	-9.7531e+92	-9.7531e+92	 0.00024918	 4.6678e-05	     0.0000	 -0.0067774	 -0.0012291	   0.010080	
3	13	   0.025639	    0.10738	     188.65	   0.040519	-9.7531e+92	-9.7531e+92	    0.15738	   0.016553	     0.0000	     0.0000	   -0.33018	    0.72993	
3	14	   0.041306	    0.17300	     161.01	   0.075671	-9.7531e+92	-9.7531e+92	    0.16974	   0.023284	     0.0000	  -0.043767	   -0.65144	    0.64024	
3	15	    0.55425	     2.3214	     84.108	    0.82281	-9.7531e+92	-9.7531e+92	    0.69712	    0.21229	    0.55930	    0.56701	    -8.1259	    -6.6306	
3	16	 2.2432e-11	 9.3955e-11	     111.94	    0.30495	-9.7531e+92	-9.7531e+92	  0.0018243	 3.6345e-05	 0.00091073	-0.00079128	 -0.0010362	  0.0021261	
3	17	 3.4714e-12	 1.4539e-11	     122.41	    0.21829	-9.7531e+92	-9.7531e+92	  0.0047750	 2.6857e-05	  0.0030302	 -0.0019682	-0.00070183	  0.0031410	
3	18	  0.0038104	   0.015959	     199.21	   0.032649	-9.7531e+92	-9.7531e+92	   0.056134	  0.0025518	     0.0000	  -0.052512	  -0.062916	     1.1510	
3	19	 1.4194e-12	 5.9450e-12	     184.07	   0.044655	-9.7531e+92	-9.7531e+92	  0.0014933	 4.5303e-05	     0.0000	  -0.019846	 -0.0012040	   0.042501	
3	20	 5.5061e-13	 2.3062e-12	     185.64	   0.043179	-9.7531e+92	-9.7531e+92	  0.0017852	 4.5872e-05	     0.0000	  -0.085646	 -0.0012166	    0.13786	
3	21	 2.2820e-11	 9.5580e-11	     259.71	   0.011362	-9.7531e+92	-9.7531e+92	   0.020062	 4.4537e-05	     0.0000	   -0.14909	 -0.0011761	     1.0420	
3	22	 1.3738e-11	 5.7542e-11	     164.94	   0.068842	-9.7531e+92	-9.7531e+92	  0.0080916	 3.3600e-05	  0.0052555	 -0.0040317	-0.00097334	  0.0079404	
3	23	 5.8782e-12	 2.4620e-11	     228.38	   0.018966	-9.7531e+92	-9.7531e+92	  0.0015225	 4.6536e-05	     0.0000	 -0.0084624	 -0.0012183	   0.086242	
3	24	 1.3337e-11	 5.5859e-11	     270.69	  0.0096323	-9.7531e+92	-9.7531e+92	 0.00016318	 4.6937e-05	     0.0000	-0.00026132	 -0.0012286	  0.0023319	
4	0	 4.7479e-07	 1.1237e-06	     281.58	  0.0082298	-9.7531e+92	-9.7531e+92	   0.019557	 2.7528e-05	     0.0000	     0.0000	 -0.0013651	     1.6632	
4	1	 0.00024362	 0.00057658	     272.02	  0.0094459	-9.7531e+92	-9.7531e+92	   0.015679	 0.00012559	     0.0000	     0.0000	 -0.0062494	     1.7593	
4	2	    0.30024	    0.71058	     91.235	    0.63030	-9.7531e+92	-9.7531e+92	    0.24732	   0.075768	    0.20034	    0.44664	    -7.7469	    -6.8376	
4	3	    0.35145	    0.83178	     82.606	    0.87092	-9.7531e+92	-9.7531e+92	    0.28353	   0.077466	    0.24286	     1.0000	    -9.1875	    -8.2427	
4	4	     0.0000	     0.0000	     0.0000	     4.0000	-9.7531e+92	-9.7531e+92	     1.2466	     0.0000	     1.2300	     0.0000	     0.0000	     0.0000	
4	5	  0.0012388	  0.0029318	     147.08	    0.10778	-9.7531e+92	-9.7531e+92	   0.010375	 0.00053375	     0.0000	  -0.076877	  -0.034424	     1.2747	
4	6	 1.2992e-05	 3.0748e-05	     179.35	   0.049487	-9.7531e+92	-9.7531e+92	   0.018829	 3.2374e-05	     0.0000	   -0.12337	 -0.0020796	     2.4231	
4	7	 1.5228e-11	 3.6041e-11	     209.16	   0.026904	-9.7531e+92	-9.7531e+92	   0.028298	 2.5393e-05	     0.0000	     0.0000	 -0.0017201	     4.5371	
4	8	 3.1973e-12	 7.5670e-12	     186.41	   0.042479	-9.7531e+92	-9.7531e+92	  0.0019725	 2.7765e-05	     0.0000	  -0.047692	 -0.0017894	    0.27252	
4	9	 2.2049e-12	 5.2184e-12	     223.28	   0.020749	-9.7531e+92	-9.7531e+92	  0.0097228	 2.8178e-05	     0.0000	  -0.054894	 -0.0017594	     1.0224	
4	10	 1.6418e-12	 3.8855e-12	     204.61	   0.029363	-9.7531e+92	-9.7531e+92	 0.00012230	 2.8929e-05	     0.0000	 -0.0024162	 -0.0018110	  0.0094830	
4	11	 1.7027e-12	 4.0298e-12	     218.09	   0.022784	-9.7531e+92	-9.7531e+92	 0.00022038	 2.8719e-05	     0.0000	 -0.0067090	 -0.0018087	   0.036982	
4	12	 2.6859e-12	 6.3566e-12	     165.11	   0.068567	-9.7531e+92	-9.7531e+92	 0.00046590	 2.8668e-05	     0.0000	 -0.0048278	 -0.0018045	   0.016348	
4	13	  0.0096759	   0.022900	     217.30	   0.023117	-9.7531e+92	-9.7531e+92	   0.064410	  0.0039512	     0.0000	     0.0000	   -0.20880	     1.6486	
4	14	   0.035101	   0.083072	     184.55	   0.044193	-9.7531e+92	-9.7531e+92	   0.077800	   0.013318	     0.0000	  -0.041299	   -0.82726	     1.2499	
4	15	    0.14558	    0.34453	     106.18	    0.37015	-9.7531e+92	-9.7531e+92	    0.20171	   0.045988	    0.12383	    0.24286	    -3.7391	    -2.7545	
4	16	   0.010982	   0.025991	     75.439	     1.1432	-9.7531e+92	-9.7531e+92	  0.0073244	  0.0033934	  0.0068082	   0.031614	   -0.23004	   -0.21402	
4	17	   0.049571	    0.11732	     73.525	     1.2289	-9.7531e+92	-9.7531e+92	   0.031043	   0.010567	   0.030057	    0.15351	   -0.81400	   -0.75416	
4	18	   0.010447	   0.024725	     186.18	   0.042684	-9.7531e+92	-9.7531e+92	   0.029184	  0.0042970	     0.0000	  -0.034440	   -0.26229	     1.7760	
4	19	  0.0011654	  0.0027582	     119.82	    0.23665	-9.7531e+92	-9.7531e+92	  0.0067195	 0.00050084	 0.00015293	 -0.0077549	  -0.032090	   0.038578	
4	20	 4.1662e-05	 9.8600e-05	     135.08	    0.14987	-9.7531e+92	-9.7531e+92	  0.0028286	 4.5880e-05	     0.0000	  -0.060808	 -0.0029165	    0.22318	
4	21	 4.6029e-12	 1.0894e-11	     253.96	   0.012424	-9.7531e+92	-9.7531e+92	  0.0086832	 2.7592e-05	     0.0000	   -0.10642	 -0.0017578	     1.7103	
4	22	   0.084246	    0.19938	     82.638	    0.86986	-9.7531e+92	-9.7531e+92	   0.053180	   0.019279	   0.051578	    0.22137	    -1.4645	    -1.3613	
4	23	 2.8865e-13	 6.8314e-13	     212.30	   0.025355	-9.7531e+92	-9.7531e+92	 0.00082740	 2.8813e-05	     0.0000	 -0.0060402	 -0.0017998	    0.14020	
4	24	 1.1221e-11	 2.6557e-11	     253.16	   0.012581	-9.7531e+92	-9.7531e+92	 9.2854e-05	 2.9027e-05	     0.0000	-0.00018652	 -0.0018095	  0.0037833	
5	0	  0.0011202	  0.0020282	     169.69	   0.061568	-9.7531e+92	-9.7531e+92	   0.033919	 0.00096525	     0.0000	     0.0000	  -0.032002	     1.0137	
5	1	  0.0018250	  0.0033045	     161.91	   0.074033	-9.7531e+92	-9.7531e+92	   0.038324	  0.0016830	     0.0000	     0.0000	  -0.046722	     1.0677	
5	2	  0.0025699	  0.0046533	     120.45	    0.23204	-9.7531e+92	-9.7531e+92	  0.0066708	  0.0026829	     0.0000	  -0.043194	  -0.082444	    0.25637	
5	3	 2.3137e-06	 4.1894e-06	     167.87	   0.064235	-9.7531e+92	-9.7531e+92	  0.0029616	 6.9638e-05	     0.0000	  -0.069662	 -0.0021232	    0.25174	
5	4	 2.8171e-06	 5.1008e-06	     147.08	    0.10778	-9.7531e+92	-9.7531e+92	  0.0015707	 7.3354e-05	     0.0000	  -0.032185	 -0.0022425	    0.10575	
5	5	     0.0000	     0.0000	     0.0000	     4.0000	-9.7531e+92	-9.7531e+92	    0.95160	     0.0000	    0.85682	     0.0000	     0.0000	     0.0000	
5	6	    0.17384	    0.31477	     72.218	     1.2908	-9.7531e+92	-9.7531e+92	    0.11432	    0.11858	     0.0000	     0.0000	    -5.2564	    -1.0749	
5	7	    0.18403	    0.33322	     89.752	    0.66590	-9.7531e+92	-9.7531e+92	    0.16316	    0.16119	     0.0000	     0.0000	    -5.8245	   0.032343	
5	8	   0.042428	   0.076823	     54.235	     2.3987	-9.7531e+92	-9.7531e+92	   0.050234	   0.028447	   0.030646	   0.027112	    -1.1052	   -0.34425	
5	9	 9.3570e-06	 1.6942e-05	     134.70	    0.15149	-9.7531e+92	-9.7531e+92	   0.015234	 7.9112e-05	     0.0000	  -0.034127	 -0.0024756	    0.63040	
5	10	 3.4656e-06	 6.2751e-06	     93.726	    0.57518	-9.7531e+92	-9.7531e+92	 0.00085417	 6.3804e-05	 6.3787e-05	 -0.0011127	 -0.0020471	  0.0052845	
5	11	 0.00012633	 0.00022874	     77.490	     1.0576	-9.7531e+92	-9.7531e+92	  0.0033037	 0.00018065	 0.00056699	 -0.0031747	 -0.0058868	   0.020716	
5	12	 5.9737e-05	 0.00010816	     80.590	    0.94012	-9.7531e+92	-9.7531e+92	  0.0019805	 0.00011065	 0.00070492	 -0.0018961	 -0.0035840	  0.0078597	
5	13	   0.067117	    0.12153	     125.66	    0.19761	-9.7531e+92	-9.7531e+92	   0.063157	   0.060359	     0.0000	     0.0000	    -1.7906	    0.29370	
5	14	    0.13151	    0.23812	     108.09	    0.34690	-9.7531e+92	-9.7531e+92	   0.094769	    0.12472	     0.0000	   0.019759	    -3.7266	   -0.53830	
5	15	  0.0018719	  0.0033894	     104.94	    0.38615	-9.7531e+92	-9.7531e+92	   0.011980	  0.0019091	     0.0000	  -0.072347	  -0.063050	    0.47680	
5	16	 8.9754e-05	 0.00016252	     71.546	     1.3237	-9.7531e+92	-9.7531e+92	 0.00012629	 0.00016465	     0.0000	-0.00023835	 -0.0050254	 0.00098098	
5	17	 1.9892e-13	 3.6017e-13	     219.60	   0.022168	-9.7531e+92	-9.7531e+92	 9.9519e-05	 7.5130e-05	     0.0000	 -0.0020061	 -0.0022665	  0.0055326	
5	18	    0.20719	    0.37515	     53.346	     2.4617	-9.7531e+92	-9.7531e+92	    0.13623	    0.17984	     0.0000	   0.034237	    -6.4907	    -1.7731	
5	19	   0.037383	   0.067688	     64.874	     1.6901	-9.7531e+92	-9.7531e+92	   0.019834	   0.030051	   0.014811	   0.060003	    -1.0183	   -0.42531	
5	20	    0.14123	    0.25573	     39.691	     3.3571	-9.7531e+92	-9.7531e+92	   0.070743	    0.11787	   0.054668	    0.33457	    -4.0958	    -1.8524	
5	21	 2.9059e-05	 5.2615e-05	     132.91	    0.15951	-9.7531e+92	-9.7531e+92	   0.020865	 9.6840e-05	     0.0000	  -0.066145	 -0.0031112	     1.0544	
5	22	 3.4806e-12	 6.3022e-12	     151.89	   0.095092	-9.7531e+92	-9.7531e+92	 0.00013838	 7.0763e-05	     0.0000	 -0.0028894	 -0.0021758	  0.0096247	
5	23	  0.0075504	   0.013671	     65.633	     1.6449	-9.7531e+92	-9.7531e+92	  0.0082042	  0.0067368	     0.0000	 0.00067101	   -0.22487	  -0.029710	
5	24	 2.8977e-07	 5.2468e-07	     106.34	    0.36810	-9.7531e+92	-9.7531e+92	 0.00019891	 6.9570e-05	     0.0000	-0.00011300	 -0.0022174	  0.0023284	
6	0	   0.072507	    0.17380	     105.31	    0.38136	-9.7531e+92	-9.7531e+92	   0.092235	   0.088582	     0.0000	     0.0000	     1.2831	     0.0000	
6	1	   0.093302	    0.22365	     96.519	    0.51972	-9.7531e+92	-9.7531e+92	    0.10137	    0.15439	     0.0000	     0.0000	     2.7139	     0.0000	
6	2	  0.0020732	  0.0049695	     118.53	    0.24644	-9.7531e+92	-9.7531e+92	  0.0093985	  0.0048800	     0.0000	     0.0000	   0.072261	     0.0000	
6	3	 2.6164e-05	 6.2718e-05	     180.81	   0.047921	-9.7531e+92	-9.7531e+92	  0.0041339	 0.00021496	     0.0000	     0.0000	  0.0031728	     0.0000	
6	4	 1.1962e-07	 2.8675e-07	     179.35	   0.049487	-9.7531e+92	-9.7531e+92	  0.0015408	 0.00016394	     0.0000	     0.0000	  0.0022206	     0.0000	
6	5	    0.35723	    0.85630	     72.218	     1.2908	-9.7531e+92	-9.7531e+92	    0.23742	    0.72562	    0.11193	     0.0000	     12.429	     0.0000	
6	6	     0.0000	     0.0000	     0.0000	     4.0000	-9.7531e+92	-9.7531e+92	     1.2664	     0.0000	     1.0310	     0.0000	     0.0000	     0.0000	
6	7	   0.083397	    0.19991	     34.871	     3.5904	-9.7531e+92	-9.7531e+92	    0.16470	    0.14264	     0.0000	     0.0000	     2.8277	     0.0000	
6	8	 0.00011381	 0.00027282	     109.28	    0.33318	-9.7531e+92	-9.7531e+92	   0.012922	 0.00042437	     0.0000	     0.0000	  0.0060245	     0.0000	
6	9	   0.033083	   0.079301	     62.827	     1.8164	-9.7531e+92	-9.7531e+92	   0.043774	   0.073431	     0.0000	     0.0000	     1.1188	     0.0000	
6	10	 5.3402e-13	 1.2801e-12	     153.37	   0.091543	-9.7531e+92	-9.7531e+92	 0.00028635	 0.00017066	     0.0000	     0.0000	  0.0021765	     0.0000	
6	11	 5.0235e-07	 1.2042e-06	     117.04	    0.25846	-9.7531e+92	-9.7531e+92	 0.00092793	 0.00016642	     0.0000	     0.0000	  0.0022153	     0.0000	
6	12	 4.0386e-13	 9.6809e-13	     152.49	   0.093630	-9.7531e+92	-9.7531e+92	 0.00057225	 0.00017114	     0.0000	     0.0000	  0.0021736	     0.0000	
6	13	   0.088167	    0.21134	     53.773	     2.4314	-9.7531e+92	-9.7531e+92	    0.10296	    0.14726	     0.0000	     0.0000	     2.4952	     0.0000	
6	14	    0.15379	    0.36864	     41.508	     3.2546	-9.7531e+92	-9.7531e+92	    0.14685	    0.29782	     0.0000	     0.0000	     5.0367	     0.0000	
6	15	 0.00057819	  0.0013860	     96.746	    0.51548	-9.7531e+92	-9.7531e+92	   0.017341	  0.0014240	     0.0000	     0.0000	   0.021501	     0.0000	
6	16	 1.3086e-12	 3.1369e-12	     111.89	    0.30549	-9.7531e+92	-9.7531e+92	 0.00011625	 0.00017137	     0.0000	     0.0000	  0.0021625	     0.0000	
6	17	 2.6387e-13	 6.3251e-13	     251.72	   0.012870	-9.7531e+92	-9.7531e+92	 0.00011835	 0.00017574	     0.0000	     0.0000	  0.0021308	     0.0000	
6	18	    0.11035	    0.26452	     36.723	     3.5078	-9.7531e+92	-9.7531e+92	    0.12805	    0.22526	     0.0000	     0.0000	     3.6809	     0.0000	
6	19	 2.7418e-09	 6.5723e-09	     133.74	    0.15573	-9.7531e+92	-9.7531e+92	  0.0050387	 0.00016615	     0.0000	     0.0000	  0.0022052	     0.0000	
6	20	 7.3805e-05	 0.00017692	     111.59	    0.30852	-9.7531e+92	-9.7531e+92	   0.017813	 0.00034907	     0.0000	     0.0000	  0.0046229	     0.0000	
6	21	  0.0043394	   0.010402	     78.899	     1.0025	-9.7531e+92	-9.7531e+92	   0.037729	  0.0095075	     0.0000	     0.0000	    0.14872	     0.0000	
6	22	 3.6295e-13	 8.7002e-13	     216.08	   0.023641	-9.7531e+92	-9.7531e+92	 0.00014976	 0.00017414	     0.0000	     0.0000	  0.0021453	     0.0000	
6	23	 0.00096894	  0.0023226	     73.330	     1.2380	-9.7531e+92	-9.7531e+92	  0.0048131	  0.0023815	     0.0000	     0.0000	   0.035272	     0.0000	
6	24	 3.3772e-06	 8.0954e-06	     108.13	    0.34637	-9.7531e+92	-9.7531e+92	 0.00015274	 0.00016230	     0.0000	     0.0000	  0.0023552	     0.0000	
7	0	   0.081667	    0.24479	     80.265	    0.95180	-9.7531e+92	-9.7531e+92	    0.13601	    0.20744	     0.0000	     0.0000	     1.7560	  0.0023354	
7	1	    0.22605	    0.67758	     75.481	     1.1413	-9.7531e+92	-9.7531e+92	    0.23123	    0.56818	     0.0000	     0.0000	     5.0774	  -0.078507	
7	2	 8.4465e-05	 0.00025317	     153.12	   0.092143	-9.7531e+92	-9.7531e+92	  0.0082773	 0.00055815	     0.0000	  -0.027898	  0.0040176	   0.025625	
7	3	 2.2489e-11	 6.7409e-11	     215.68	   0.023812	-9.7531e+92	-9.7531e+92	  0.0039098	 0.00025095	     0.0000	  -0.039330	  0.0018323	   0.021517	
7	4	 1.7687e-12	 5.3014e-12	     209.16	   0.026904	-9.7531e+92	-9.7531e+92	  0.0013570	 0.00026572	     0.0000	  -0.018177	  0.0016759	  0.0096128	
7	5	  0.0026053	  0.0078091	     89.752	    0.66590	-9.7531e+92	-9.7531e+92	   0.046681	  0.0082205	     0.0000	  -0.026312	   0.072141	   0.070730	
7	6	    0.16957	    0.50826	     34.871	     3.5904	-9.7531e+92	-9.7531e+92	    0.19565	    0.53789	     0.0000	   0.031397	     4.4535	  -0.098357	
7	7	     0.0000	     0.0000	     0.0000	     4.0000	-9.7531e+92	-9.7531e+92	     1.6745	     0.0000	     1.1172	     0.0000	     0.0000	     0.0000	
7	8	 0.00020882	 0.00062592	     109.89	    0.32644	-9.7531e+92	-9.7531e+92	  0.0031616	 0.00098163	     0.0000	  -0.016419	  0.0070000	   0.015596	
7	9	   0.028615	   0.085770	     64.406	     1.7184	-9.7531e+92	-9.7531e+92	   0.058085	   0.087889	     0.0000	 -0.0019707	    0.77619	   0.017634	
7	10	 9.5358e-13	 2.8583e-12	     153.29	   0.091732	-9.7531e+92	-9.7531e+92	 0.00015314	 0.00026370	     0.0000	-0.00084839	  0.0016111	 0.00056314	
7	11	 2.1653e-07	 6.4902e-07	     112.26	    0.30176	-9.7531e+92	-9.7531e+92	 0.00032660	 0.00024281	     0.0000	 -0.0022424	  0.0017200	  0.0021904	
7	12	 6.7370e-13	 2.0194e-12	     158.06	   0.081372	-9.7531e+92	-9.7531e+92	 0.00021487	 0.00027089	     0.0000	 -0.0016981	  0.0015710	 0.00097021	
7	13	    0.11296	    0.33858	     57.312	     2.1828	-9.7531e+92	-9.7531e+92	    0.15340	    0.28064	     0.0000	     0.0000	     2.3063	  -0.016982	
7	14	    0.10622	    0.31838	     65.464	     1.6549	-9.7531e+92	-9.7531e+92	    0.14670	    0.32031	     0.0000	  0.0040353	     2.8058	  -0.014183	
7	15	 6.5529e-05	 0.00019642	     131.62	    0.16559	-9.7531e+92	-9.7531e+92	   0.016799	 0.00047179	     0.0000	  -0.043219	  0.0032932	   0.046624	
7	16	 1.4558e-12	 4.3637e-12	     137.28	    0.14083	-9.7531e+92	-9.7531e+92	 0.00012428	 0.00027561	     0.0000	-0.00032945	  0.0015276	 0.00023237	
7	17	 2.5583e-12	 7.6683e-12	     281.54	  0.0082346	-9.7531e+92	-9.7531e+92	 0.00013383	 0.00028640	     0.0000	 -0.0011324	  0.0014805	 0.00053280	
7	18	    0.13849	    0.41510	     38.248	     3.4331	-9.7531e+92	-9.7531e+92	    0.16211	    0.25932	     0.0000	  0.0015269	     3.0523	  -0.086057	
7	19	 5.4043e-12	 1.6199e-11	     154.38	   0.089237	-9.7531e+92	-9.7531e+92	  0.0011045	 0.00025804	     0.0000	 -0.0050525	  0.0016377	  0.0040693	
7	20	 2.8811e-06	 8.6359e-06	     126.68	    0.19164	-9.7531e+92	-9.7531e+92	  0.0036606	 0.00027110	     0.0000	  -0.021453	  0.0016878	   0.013164	
7	21	    0.12902	    0.38672	     44.967	     3.0407	-9.7531e+92	-9.7531e+92	    0.14584	    0.21623	     0.0000	     0.0000	     4.0879	   0.021961	
7	22	 2.1348e-12	 6.3987e-12	     241.36	   0.015218	-9.7531e+92	-9.7531e+92	 0.00016043	 0.00028206	     0.0000	 -0.0016755	  0.0015124	 0.00092293	
7	23	  0.0042437	   0.012720	     58.677	     2.0891	-9.7531e+92	-9.7531e+92	  0.0071872	   0.013625	     0.0000	-0.00042312	    0.12175	  0.0018970	
7	24	 0.00020517	 0.00061497	     84.614	    0.80724	-9.7531e+92	-9.7531e+92	 0.00032390	 0.00080876	     0.0000	 2.1409e-05	  0.0080965	-8.6632e-05	
8	0	  0.0011281	  0.0011474	     172.11	   0.058221	-9.7531e+92	-9.7531e+92	   0.011245	 0.00037638	     0.0000	     0.0000	  -0.039144	     2.4061	
8	1	  0.0013318	  0.0013545	     184.58	   0.044171	-9.7531e+92	-9.7531e+92	   0.012918	 0.00044456	     0.0000	     0.0000	  -0.045314	     2.5531	
8	2	 2.0058e-05	 2.0402e-05	     174.51	   0.055125	-9.7531e+92	-9.7531e+92	  0.0016265	 2.8287e-05	     0.0000	  -0.058253	 -0.0033887	    0.67277	
8	3	 9.5927e-12	 9.7569e-12	     221.29	   0.021502	-9.7531e+92	-9.7531e+92	 0.00076950	 2.1079e-05	     0.0000	  -0.081858	 -0.0025784	    0.57674	
8	4	 1.9255e-09	 1.9585e-09	     186.41	   0.042479	-9.7531e+92	-9.7531e+92	 0.00041964	 2.1794e-05	     0.0000	  -0.037827	 -0.0026577	    0.24096	
8	5	    0.48459	    0.49288	     54.235	     2.3987	-9.7531e+92	-9.7531e+92	    0.14248	    0.12904	   0.089229	    0.18070	    -18.998	    -14.849	
8	6	  0.0060005	  0.0061032	     109.28	    0.33318	-9.7531e+92	-9.7531e+92	   0.025343	  0.0018505	     0.0000	  -0.077210	   -0.24076	     3.1968	
8	7	  0.0064445	  0.0065548	     109.89	    0.32644	-9.7531e+92	-9.7531e+92	   0.052366	  0.0019487	     0.0000	     0.0000	   -0.25649	     6.1652	
8	8	     0.0000	     0.0000	     0.0000	     4.0000	-9.7531e+92	-9.7531e+92	    0.53051	     0.0000	    0.51951	     0.0000	     0.0000	     0.0000	
8	9	 1.6522e-07	 1.6805e-07	     171.65	   0.058843	-9.7531e+92	-9.7531e+92	  0.0044992	 2.2494e-05	     0.0000	  -0.040106	 -0.0026864	     1.4340	
8	10	   0.027907	   0.028385	     44.054	     3.0993	-9.7531e+92	-9.7531e+92	  0.0079309	  0.0062086	  0.0074869	   0.054493	   -0.92530	   -0.78327	
8	11	    0.12090	    0.12297	     32.525	     3.6821	-9.7531e+92	-9.7531e+92	   0.033017	   0.029473	   0.031479	    0.18311	    -4.2096	    -3.6019	
8	12	   0.021154	   0.021516	     55.069	     2.3397	-9.7531e+92	-9.7531e+92	  0.0064180	  0.0044883	  0.0057015	   0.046470	   -0.71085	   -0.59210	
8	13	   0.019123	   0.019450	     162.59	   0.072826	-9.7531e+92	-9.7531e+92	   0.020754	  0.0061418	     0.0000	     0.0000	   -0.65239	     2.1142	
8	14	   0.018079	   0.018388	     146.54	    0.10935	-9.7531e+92	-9.7531e+92	   0.024533	  0.0058406	     0.0000	  -0.043239	   -0.65606	     2.3270	
8	15	 1.6609e-06	 1.6894e-06	     159.01	   0.079481	-9.7531e+92	-9.7531e+92	  0.0030302	 2.1611e-05	     0.0000	  -0.090127	 -0.0027482	     1.1496	
8	16	 3.5837e-12	 3.6451e-12	     112.87	    0.29583	-9.7531e+92	-9.7531e+92	 4.6312e-05	 2.2740e-05	     0.0000	-0.00068568	 -0.0027379	  0.0054370	
8	17	 1.2388e-12	 1.2600e-12	     258.50	   0.011577	-9.7531e+92	-9.7531e+92	 4.4404e-05	 2.2979e-05	     0.0000	 -0.0023568	 -0.0027435	   0.012529	
8	18	    0.18165	    0.18476	     75.421	     1.1439	-9.7531e+92	-9.7531e+92	   0.080787	   0.057134	     0.0000	   0.032068	    -6.9850	    -3.2121	
8	19	  0.0029889	  0.0030400	     80.536	    0.94205	-9.7531e+92	-9.7531e+92	  0.0047680	 0.00076509	  0.0019459	 0.00054596	   -0.11332	 -0.0089562	
8	20	   0.055144	   0.056088	     51.987	     2.5582	-9.7531e+92	-9.7531e+92	   0.026446	  0.0066507	   0.017416	   0.025900	    -1.5730	    -1.1023	
8	21	 4.5128e-05	 4.5901e-05	     132.38	    0.16196	-9.7531e+92	-9.7531e+92	  0.0067980	 3.6587e-05	     0.0000	  -0.077698	 -0.0044862	     2.3978	
8	22	 8.6761e-13	 8.8246e-13	     168.70	   0.062994	-9.7531e+92	-9.7531e+92	 5.4874e-05	 2.1483e-05	     0.0000	 -0.0033545	 -0.0026881	   0.021771	
8	23	   0.051795	   0.052682	     54.810	     2.3580	-9.7531e+92	-9.7531e+92	   0.019274	   0.016433	   0.013611	   0.030148	    -2.0692	    -1.6300	
8	24	  0.0016996	  0.0017287	     77.960	     1.0389	-9.7531e+92	-9.7531e+92	 0.00094206	 0.00059705	 0.00072399	  0.0014170	  -0.072061	  -0.055401	
9	0	   0.093256	    0.17422	     86.890	    0.74099	-9.7531e+92	-9.7531e+92	   0.087933	   0.078976	     0.0000	     0.0000	     1.6707	     0.0000	
9	1	    0.12623	    0.23583	     55.376	     2.3181	-9.7531e+92	-9.7531e+92	    0.10232	   0.086600	     0.0000	     0.0000	     1.8048	     0.0000	
9	2	  0.0024861	  0.0046446	     133.64	    0.15619	-9.7531e+92	-9.7531e+92	  0.0066017	  0.0027428	     0.0000	     0.0000	   0.053767	     0.0000	
9	3	 2.6225e-05	 4.8995e-05	     191.41	   0.038254	-9.7531e+92	-9.7531e+92	  0.0029485	 0.00010084	     0.0000	     0.0000	  0.0019699	     0.0000	
9	4	 2.3835e-11	 4.4530e-11	     223.28	   0.020749	-9.7531e+92	-9.7531e+92	  0.0010099	 7.6660e-05	     0.0000	     0.0000	  0.0013950	     0.0000	
9	5	 0.00077185	  0.0014420	     134.70	    0.15149	-9.7531e+92	-9.7531e+92	   0.014409	 0.00092624	     0.0000	     0.0000	   0.017565	     0.0000	
9	6	   0.038847	   0.072575	     62.827	     1.8164	-9.7531e+92	-9.7531e+92	   0.061714	   0.039937	     0.0000	     0.0000	    0.82461	     0.0000	
9	7	   0.077332	    0.14448	     64.406	     1.7184	-9.7531e+92	-9.7531e+92	    0.17388	   0.070662	     0.0000	     0.0000	     1.6330	     0.0000	
9	8	 2.8381e-11	 5.3023e-11	     171.65	   0.058843	-9.7531e+92	-9.7531e+92	 0.00098712	 7.7703e-05	     0.0000	     0.0000	  0.0013804	     0.0000	
9	9	     0.0000	     0.0000	     0.0000	     4.0000	-9.7531e+92	-9.7531e+92	    0.95452	     0.0000	    0.87782	     0.0000	     0.0000	     0.0000	
9	10	 2.3279e-11	 4.3490e-11	     215.04	   0.024096	-9.7531e+92	-9.7531e+92	 8.0080e-05	 8.2412e-05	     0.0000	     0.0000	  0.0013663	     0.0000	
9	11	 2.0130e-11	 3.7608e-11	     175.31	   0.054135	-9.7531e+92	-9.7531e+92	 0.00013622	 8.0573e-05	     0.0000	     0.0000	  0.0013729	     0.0000	
9	12	 3.2474e-11	 6.0668e-11	     214.99	   0.024120	-9.7531e+92	-9.7531e+92	 0.00010195	 8.2527e-05	     0.0000	     0.0000	  0.0013648	     0.0000	
9	13	   0.090972	    0.16996	     9.0540	     3.9979	-9.7531e+92	-9.7531e+92	   0.082627	   0.072743	     0.0000	     0.0000	     1.5393	     0.0000	
9	14	    0.13628	    0.25461	     38.749	     3.4073	-9.7531e+92	-9.7531e+92	   0.098323	    0.11492	     0.0000	     0.0000	     2.4886	     0.0000	
9	15	  0.0025395	  0.0047445	     117.55	    0.25424	-9.7531e+92	-9.7531e+92	   0.012513	  0.0027293	     0.0000	     0.0000	   0.054681	     0.0000	
9	16	 3.1776e-11	 5.9364e-11	     159.83	   0.077890	-9.7531e+92	-9.7531e+92	 8.0135e-05	 8.1245e-05	     0.0000	     0.0000	  0.0013722	     0.0000	
9	17	 3.3825e-11	 6.3194e-11	     293.28	  0.0069951	-9.7531e+92	-9.7531e+92	 8.7490e-05	 8.2272e-05	     0.0000	     0.0000	  0.0013647	     0.0000	
9	18	   0.019871	   0.037123	     96.665	    0.51699	-9.7531e+92	-9.7531e+92	   0.043157	   0.021007	     0.0000	     0.0000	    0.42008	     0.0000	
9	19	 2.0769e-12	 3.8801e-12	     193.08	   0.036956	-9.7531e+92	-9.7531e+92	 0.00038330	 8.1111e-05	     0.0000	     0.0000	  0.0013734	     0.0000	
9	20	 3.6824e-11	 6.8796e-11	     174.09	   0.055651	-9.7531e+92	-9.7531e+92	  0.0011718	 8.0642e-05	     0.0000	     0.0000	  0.0013714	     0.0000	
9	21	    0.41126	    0.76833	     83.320	    0.84769	-9.7531e+92	-9.7531e+92	    0.22130	    0.44253	   0.092930	     0.0000	     8.6490	     0.0000	
9	22	 6.7619e-12	 1.2633e-11	     266.14	   0.010307	-9.7531e+92	-9.7531e+92	 0.00010683	 8.2056e-05	     0.0000	     0.0000	  0.0013665	     0.0000	
9	23	 0.00012037	 0.00022489	     121.73	    0.22293	-9.7531e+92	-9.7531e+92	  0.0015567	 0.00021760	     0.0000	     0.0000	  0.0038995	     0.0000	
9	24	 5.8840e-12	 1.0993e-11	     149.07	    0.10229	-9.7531e+92	-9.7531e+92	 0.00010079	 7.7225e-05	     0.0000	     0.0000	  0.0013926	     0.0000	
10	0	  0.0021492	 0.00085352	     210.64	   0.026161	-9.7531e+92	-9.7531e+92	  0.0030989	 3.6906e-05	     0.0000	     0.0000	 -0.0038787	    0.13417	
10	1	 0.00018532	 7.3596e-05	     228.04	   0.019080	-9.7531e+92	-9.7531e+92	  0.0034718	 4.1883e-06	     0.0000	     0.0000	-0.00043751	    0.14595	
10	2	 1.7779e-11	 7.0605e-12	     213.20	   0.024934	-9.7531e+92	-9.7531e+92	 0.00040749	 1.1345e-06	     0.0000	 -0.0032154	-0.00013907	   0.037924	
10	3	 6.9573e-12	 2.7630e-12	     258.79	   0.011525	-9.7531e+92	-9.7531e+92	 0.00020302	 1.0967e-06	     0.0000	 -0.0045138	-0.00013765	   0.032482	
10	4	 3.8010e-12	 1.5095e-12	     204.61	   0.029363	-9.7531e+92	-9.7531e+92	 0.00016865	 1.1380e-06	     0.0000	 -0.0020860	-0.00014178	   0.013566	
10	5	    0.12381	   0.049171	     93.726	    0.57518	-9.7531e+92	-9.7531e+92	   0.028790	  0.0019902	  0.0079995	  0.0034986	   -0.26347	   -0.14051	
10	6	  0.0011347	 0.00045065	     153.37	   0.091543	-9.7531e+92	-9.7531e+92	  0.0059469	 1.9976e-05	     0.0000	 -0.0048970	 -0.0025481	    0.18947	
10	7	 0.00017151	 6.8115e-05	     153.29	   0.091732	-9.7531e+92	-9.7531e+92	   0.014330	 3.7506e-06	     0.0000	     0.0000	-0.00050086	    0.35926	
10	8	    0.35383	    0.14052	     44.054	     3.0993	-9.7531e+92	-9.7531e+92	   0.045971	  0.0039963	   0.041675	   0.032410	   -0.61589	   -0.54384	
10	9	 6.8609e-12	 2.7247e-12	     215.04	   0.024096	-9.7531e+92	-9.7531e+92	  0.0011279	 1.1729e-06	     0.0000	 -0.0022115	-0.00014292	   0.080730	
10	10	     0.0000	     0.0000	     0.0000	     4.0000	-9.7531e+92	-9.7531e+92	    0.19974	     0.0000	    0.19956	     0.0000	     0.0000	     0.0000	
10	11	    0.21678	   0.086089	     46.926	     2.9109	-9.7531e+92	-9.7531e+92	   0.024538	  0.0030757	   0.023937	   0.024955	   -0.37457	   -0.33929	
10	12	    0.10390	   0.041262	     46.012	     2.9721	-9.7531e+92	-9.7531e+92	   0.011072	  0.0012312	   0.010792	   0.015669	   -0.13006	   -0.11355	
10	13	  0.0056034	  0.0022253	     205.99	   0.028587	-9.7531e+92	-9.7531e+92	  0.0049844	 9.5146e-05	     0.0000	     0.0000	  -0.010310	    0.14188	
10	14	  0.0041135	  0.0016336	     190.48	   0.038997	-9.7531e+92	-9.7531e+92	  0.0055601	 7.0343e-05	     0.0000	 -0.0028354	 -0.0080783	    0.15598	
10	15	 7.0373e-12	 2.7948e-12	     197.67	   0.033672	-9.7531e+92	-9.7531e+92	 0.00071476	 1.1015e-06	     0.0000	 -0.0049700	-0.00014302	   0.064721	
10	16	 2.1701e-12	 8.6183e-13	     147.94	    0.10538	-9.7531e+92	-9.7531e+92	 1.6629e-05	 1.2007e-06	     0.0000	-3.7810e-05	-0.00014642	 0.00030598	
10	17	 3.7712e-11	 1.4977e-11	     270.72	  0.0096279	-9.7531e+92	-9.7531e+92	 1.7458e-05	 1.1993e-06	     0.0000	-0.00012997	-0.00014624	 0.00070515	
10	18	    0.11782	   0.046791	     118.82	    0.24422	-9.7531e+92	-9.7531e+92	   0.026194	  0.0019760	     0.0000	 0.00059525	   -0.24168	  -0.060713	
10	19	   0.012419	  0.0049320	     85.643	    0.77653	-9.7531e+92	-9.7531e+92	  0.0031172	 0.00019663	  0.0020153	  0.0016085	  -0.025865	  -0.018623	
10	20	   0.053704	   0.021328	     74.457	     1.1864	-9.7531e+92	-9.7531e+92	   0.010670	 0.00071334	  0.0071443	  0.0070874	   -0.10677	  -0.082214	
10	21	 2.7885e-06	 1.1074e-06	     171.26	   0.059366	-9.7531e+92	-9.7531e+92	  0.0018182	 1.1900e-06	     0.0000	 -0.0042870	-0.00014874	    0.13507	
10	22	 2.5657e-11	 1.0189e-11	     176.66	   0.052524	-9.7531e+92	-9.7531e+92	 2.2250e-05	 1.1653e-06	     0.0000	-0.00018926	-0.00014478	  0.0012273	
10	23	  0.0043453	  0.0017257	     95.614	    0.53700	-9.7531e+92	-9.7531e+92	  0.0047476	 7.7195e-05	  0.0025363	-4.8657e-05	 -0.0095478	  0.0023333	
10	24	 3.4478e-05	 1.3693e-05	     102.71	    0.41717	-9.7531e+92	-9.7531e+92	 0.00036996	 1.8115e-06	 0.00028481	-5.7470e-06	-0.00022098	 0.00022812	
11	0	  0.0058396	  0.0028409	     167.10	   0.065400	-9.7531e+92	-9.7531e+92	  0.0065045	 0.00035192	     0.0000	     0.0000	  -0.040221	    0.49592	
11	1	  0.0011894	 0.00057864	     185.20	   0.043588	-9.7531e+92	-9.7531e+92	  0.0068913	 7.4803e-05	     0.0000	     0.0000	 -0.0084819	    0.55830	
11	2	 3.1479e-06	 1.5314e-06	     197.83	   0.033565	-9.7531e+92	-9.7531e+92	 0.00051793	 4.2201e-06	     0.0000	  -0.012153	-0.00056618	    0.14657	
11	3	 9.6278e-12	 4.6838e-12	     244.71	   0.014404	-9.7531e+92	-9.7531e+92	 0.00025452	 3.8942e-06	     0.0000	  -0.017063	-0.00053517	    0.12556	
11	4	 7.9723e-12	 3.8784e-12	     218.09	   0.022784	-9.7531e+92	-9.7531e+92	 0.00012283	 4.0352e-06	     0.0000	 -0.0078857	-0.00055119	   0.052436	
11	5	   0.060163	   0.029268	     77.490	     1.0576	-9.7531e+92	-9.7531e+92	   0.026011	  0.0033881	 0.00054325	  0.0013994	   -0.49780	  -0.059174	
11	6	  0.0062508	  0.0030409	     117.04	    0.25846	-9.7531e+92	-9.7531e+92	  0.0094908	 0.00037154	     0.0000	  -0.017458	  -0.052083	    0.69379	
11	7	   0.013444	  0.0065403	     112.26	    0.30176	-9.7531e+92	-9.7531e+92	   0.028574	 0.00075549	     0.0000	     0.0000	   -0.11041	     1.2896	
11	8	    0.33686	    0.16388	     32.525	     3.6821	-9.7531e+92	-9.7531e+92	   0.045254	   0.011730	   0.039991	   0.093671	    -2.2386	    -1.9538	
11	9	 1.2486e-08	 6.0741e-09	     175.31	   0.054135	-9.7531e+92	-9.7531e+92	  0.0019749	 4.1626e-06	     0.0000	 -0.0083600	-0.00055572	    0.31203	
11	10	   0.021496	   0.010457	     46.926	     2.9109	-9.7531e+92	-9.7531e+92	  0.0033098	 0.00073787	  0.0030974	  0.0062647	  -0.090329	  -0.074996	
11	11	     0.0000	     0.0000	     0.0000	     4.0000	-9.7531e+92	-9.7531e+92	    0.24638	     0.0000	    0.24564	     0.0000	     0.0000	     0.0000	
11	12	 0.00074000	 0.00036000	     77.218	     1.0686	-9.7531e+92	-9.7531e+92	 0.00081708	 4.0541e-05	 0.00047435	 7.9055e-05	 -0.0060842	-0.00069753	
11	13	  0.0035633	  0.0017335	     166.60	   0.066184	-9.7531e+92	-9.7531e+92	  0.0081440	 0.00021774	     0.0000	     0.0000	  -0.025675	    0.56187	
11	14	  0.0066988	  0.0032589	     157.91	   0.081669	-9.7531e+92	-9.7531e+92	  0.0081921	 0.00040598	     0.0000	  -0.010403	  -0.050843	    0.58531	
11	15	 8.4561e-12	 4.1137e-12	     182.32	   0.046370	-9.7531e+92	-9.7531e+92	 0.00099521	 3.9079e-06	     0.0000	  -0.018787	-0.00055599	    0.25015	
11	16	 1.2774e-12	 6.2142e-13	     142.85	    0.12075	-9.7531e+92	-9.7531e+92	 1.9113e-05	 4.2436e-06	     0.0000	-0.00014293	-0.00056917	  0.0011826	
11	17	 8.0705e-12	 3.9261e-12	     290.18	  0.0072979	-9.7531e+92	-9.7531e+92	 1.9302e-05	 4.2431e-06	     0.0000	-0.00049130	-0.00056854	  0.0027253	
11	18	    0.30696	    0.14933	     81.269	    0.91620	-9.7531e+92	-9.7531e+92	   0.053457	   0.018235	   0.011860	   0.015453	    -2.4475	    -1.6117	
11	19	 3.5620e-05	 1.7328e-05	     108.78	    0.33886	-9.7531e+92	-9.7531e+92	 0.00078463	 5.7529e-06	     0.0000	 -0.0017349	-0.00084075	   0.020253	
11	20	   0.010258	  0.0049905	     83.734	    0.83452	-9.7531e+92	-9.7531e+92	  0.0046510	 0.00044861	 0.00033227	 0.00075346	  -0.079243	  -0.010066	
11	21	 0.00039548	 0.00019240	     128.65	    0.18069	-9.7531e+92	-9.7531e+92	  0.0036273	 2.8046e-05	     0.0000	  -0.016113	 -0.0038426	    0.51908	
11	22	 1.5916e-13	 7.7429e-14	     200.45	   0.031856	-9.7531e+92	-9.7531e+92	 2.2189e-05	 4.1229e-06	     0.0000	-0.00071902	-0.00056391	  0.0047433	
11	23	    0.20164	   0.098094	     53.605	     2.4433	-9.7531e+92	-9.7531e+92	   0.027294	   0.012400	   0.024585	   0.030679	    -1.6931	    -1.5172	
11	24	   0.024460	   0.011899	     56.094	     2.2676	-9.7531e+92	-9.7531e+92	  0.0031253	  0.0015308	  0.0030210	  0.0045578	   -0.20479	   -0.18742	
12	0	  0.0022125	 0.00092759	     226.76	   0.019512	-9.7531e+92	-9.7531e+92	  0.0026578	 7.5844e-05	     0.0000	     0.0000	 -0.0086433	    0.29538	
12	1	 0.00071561	 0.00030002	     231.78	   0.017881	-9.7531e+92	-9.7531e+92	  0.0028726	 2.6012e-05	     0.0000	     0.0000	 -0.0029417	    0.31973	
12	2	 2.0437e-05	 8.5686e-06	     181.48	   0.047226	-9.7531e+92	-9.7531e+92	 0.00069437	 2.9415e-06	     0.0000	 -0.0067885	-0.00039297	   0.083361	
12	3	 2.4835e-11	 1.0412e-11	     227.10	   0.019395	-9.7531e+92	-9.7531e+92	 0.00036300	 2.1760e-06	     0.0000	 -0.0095404	-0.00029783	   0.071478	
12	4	 5.5949e-05	 2.3457e-05	     165.11	   0.068567	-9.7531e+92	-9.7531e+92	 0.00071329	 4.1139e-06	     0.0000	 -0.0043629	-0.00056332	   0.029606	
12	5	    0.16006	   0.067107	     80.590	    0.94012	-9.7531e+92	-9.7531e+92	   0.035509	  0.0050937	   0.013561	   0.011331	   -0.73601	   -0.46472	
12	6	 0.00036117	 0.00015143	     152.49	   0.093630	-9.7531e+92	-9.7531e+92	  0.0059592	 1.4112e-05	     0.0000	  -0.010288	 -0.0019631	    0.42017	
12	7	 0.00031345	 0.00013141	     158.06	   0.081372	-9.7531e+92	-9.7531e+92	   0.011275	 1.1906e-05	     0.0000	     0.0000	 -0.0017289	    0.78985	
12	8	    0.26596	    0.11151	     55.069	     2.3397	-9.7531e+92	-9.7531e+92	   0.046260	  0.0076602	   0.041724	   0.076319	    -1.1562	    -1.0394	
12	9	 1.1378e-11	 4.7702e-12	     214.99	   0.024120	-9.7531e+92	-9.7531e+92	  0.0010232	 2.3307e-06	     0.0000	 -0.0046751	-0.00030915	    0.17760	
12	10	   0.046740	   0.019596	     46.012	     2.9721	-9.7531e+92	-9.7531e+92	  0.0056685	  0.0011559	  0.0054855	   0.014725	   -0.13037	   -0.11677	
12	11	   0.023127	  0.0096963	     77.218	     1.0686	-9.7531e+92	-9.7531e+92	  0.0058798	 0.00077826	  0.0052461	  0.0077522	   -0.10716	  -0.094363	
12	12	     0.0000	     0.0000	     0.0000	     4.0000	-9.7531e+92	-9.7531e+92	    0.21164	     0.0000	    0.21135	     0.0000	     0.0000	     0.0000	
12	13	  0.0027814	  0.0011661	     205.94	   0.028617	-9.7531e+92	-9.7531e+92	  0.0045271	 9.5464e-05	     0.0000	     0.0000	  -0.011216	    0.32291	
12	14	  0.0050687	  0.0021251	     188.63	   0.040536	-9.7531e+92	-9.7531e+92	  0.0057648	 0.00017229	     0.0000	 -0.0059287	  -0.021482	    0.33967	
12	15	 2.0249e-06	 8.4894e-07	     166.81	   0.065853	-9.7531e+92	-9.7531e+92	 0.00090192	 2.2531e-06	     0.0000	  -0.010505	-0.00031873	    0.14237	
12	16	 2.1807e-12	 9.1428e-13	     115.95	    0.26758	-9.7531e+92	-9.7531e+92	 2.3221e-05	 2.3743e-06	     0.0000	-7.9894e-05	-0.00031627	 0.00067303	
12	17	 4.3612e-12	 1.8285e-12	     225.22	   0.020047	-9.7531e+92	-9.7531e+92	 3.1746e-05	 2.3658e-06	     0.0000	-0.00027431	-0.00031587	  0.0015511	
12	18	   0.025196	   0.010564	     120.73	    0.22996	-9.7531e+92	-9.7531e+92	   0.016508	 0.00084268	     0.0000	 -0.0023574	   -0.11205	    0.25029	
12	19	    0.17988	   0.075418	     44.530	     3.0689	-9.7531e+92	-9.7531e+92	   0.020682	  0.0035994	   0.019518	   0.033216	   -0.53888	   -0.48276	
12	20	    0.28656	    0.12014	     45.010	     3.0379	-9.7531e+92	-9.7531e+92	   0.036188	  0.0083707	   0.032466	    0.12482	    -1.2591	    -1.1448	
12	21	 1.5645e-11	 6.5594e-12	     187.39	   0.041605	-9.7531e+92	-9.7531e+92	  0.0014978	 2.2695e-06	     0.0000	 -0.0090629	-0.00030885	    0.29716	
12	22	 1.2942e-11	 5.4260e-12	     131.16	    0.16782	-9.7531e+92	-9.7531e+92	 5.4882e-05	 2.1586e-06	     0.0000	-0.00035670	-0.00030220	  0.0026034	
12	23	 0.00094425	 0.00039588	     109.85	    0.32696	-9.7531e+92	-9.7531e+92	  0.0023877	 3.5380e-05	 5.3075e-05	-0.00041477	 -0.0047480	   0.020106	
12	24	 3.7937e-11	 1.5905e-11	     132.31	    0.16230	-9.7531e+92	-9.7531e+92	 0.00013350	 2.3785e-06	 4.3606e-05	-1.5882e-05	-0.00031575	 0.00065417	
13	0	    0.13922	     1.5821	     86.013	    0.76580	-9.7531e+92	-9.7531e+92	    0.66123	    0.20624	     0.0000	     0.0000	     2.5682	     0.0000	
13	1	   0.085907	    0.97628	     57.043	     2.2015	-9.7531e+92	-9.7531e+92	    0.53382	    0.10561	     0.0000	     0.0000	     1.1049	     0.0000	
13	2	  0.0041970	   0.047697	     127.66	    0.18612	-9.7531e+92	-9.7531e+92	   0.052692	  0.0070232	     0.0000	     0.0000	   0.091705	     0.0000	
13	3	 0.00013653	  0.0015516	     188.65	   0.040519	-9.7531e+92	-9.7531e+92	   0.022641	 0.00036380	     0.0000	     0.0000	  0.0044813	     0.0000	
13	4	 1.0128e-10	 1.1510e-09	     217.30	   0.023117	-9.7531e+92	-9.7531e+92	  0.0077006	 0.00013144	     0.0000	     0.0000	  0.0014714	     0.0000	
13	5	 0.00091471	   0.010395	     125.66	    0.19761	-9.7531e+92	-9.7531e+92	    0.15286	  0.0018978	     0.0000	     0.0000	   0.021718	     0.0000	
13	6	    0.13302	     1.5116	     53.773	     2.4314	-9.7531e+92	-9.7531e+92	    0.66567	    0.24171	     0.0000	     0.0000	     2.9570	     0.0000	
13	7	    0.19284	     2.1915	     57.312	     2.1828	-9.7531e+92	-9.7531e+92	     1.1008	    0.30323	     0.0000	     0.0000	     4.2589	     0.0000	
13	8	 2.2851e-11	 2.5969e-10	     162.59	   0.072826	-9.7531e+92	-9.7531e+92	  0.0097584	 0.00013917	     0.0000	     0.0000	  0.0014347	     0.0000	
13	9	   0.086467	    0.98264	     9.0540	     3.9979	-9.7531e+92	-9.7531e+92	    0.37164	    0.16278	     0.0000	     0.0000	     1.9342	     0.0000	
13	10	 1.5816e-10	 1.7974e-09	     205.99	   0.028587	-9.7531e+92	-9.7531e+92	 0.00054617	 0.00014997	     0.0000	     0.0000	  0.0013893	     0.0000	
13	11	 3.2434e-11	 3.6859e-10	     166.60	   0.066184	-9.7531e+92	-9.7531e+92	  0.0010831	 0.00014542	     0.0000	     0.0000	  0.0014084	     0.0000	
13	12	 2.0522e-10	 2.3322e-09	     205.94	   0.028617	-9.7531e+92	-9.7531e+92	 0.00075557	 0.00015068	     0.0000	     0.0000	  0.0013832	     0.0000	
13	13	     0.0000	     0.0000	     0.0000	     4.0000	-9.7531e+92	-9.7531e+92	     5.9511	     0.0000	     4.9246	     0.0000	     0.0000	     0.0000	
13	14	    0.18103	     2.0573	     32.765	     3.6733	-9.7531e+92	-9.7531e+92	    0.75221	    0.29813	     0.0000	     0.0000	     3.7800	     0.0000	
13	15	  0.0024728	   0.028102	     111.52	    0.30921	-9.7531e+92	-9.7531e+92	   0.093746	  0.0042003	     0.0000	     0.0000	   0.058388	     0.0000	
13	16	 3.8133e-10	 4.3336e-09	     153.85	   0.090443	-9.7531e+92	-9.7531e+92	 0.00052065	 0.00014279	     0.0000	     0.0000	  0.0014374	     0.0000	
13	17	 1.1082e-10	 1.2594e-09	     287.27	  0.0075975	-9.7531e+92	-9.7531e+92	 0.00057089	 0.00014571	     0.0000	     0.0000	  0.0014077	     0.0000	
13	18	   0.099647	     1.1324	     87.611	    0.72124	-9.7531e+92	-9.7531e+92	    0.51015	    0.18059	     0.0000	     0.0000	     2.1961	     0.0000	
13	19	 3.1218e-10	 3.5477e-09	     184.51	   0.044238	-9.7531e+92	-9.7531e+92	  0.0036961	 0.00014601	     0.0000	     0.0000	  0.0014179	     0.0000	
13	20	 5.3246e-11	 6.0510e-10	     165.04	   0.068678	-9.7531e+92	-9.7531e+92	   0.012034	 0.00014666	     0.0000	     0.0000	  0.0014023	     0.0000	
13	21	   0.074020	    0.84119	     76.619	     1.0932	-9.7531e+92	-9.7531e+92	    0.44211	    0.13962	     0.0000	     0.0000	     1.6400	     0.0000	
13	22	 2.4764e-10	 2.8143e-09	     260.15	   0.011286	-9.7531e+92	-9.7531e+92	 0.00071688	 0.00014694	     0.0000	     0.0000	  0.0014019	     0.0000	
13	23	 0.00013616	  0.0015474	     113.01	    0.29441	-9.7531e+92	-9.7531e+92	   0.014509	 0.00040847	     0.0000	     0.0000	  0.0045561	     0.0000	
13	24	 1.2361e-10	 1.4047e-09	     142.21	    0.12286	-9.7531e+92	-9.7531e+92	 0.00064166	 0.00013660	     0.0000	     0.0000	  0.0014631	     0.0000	
14	0	    0.23053	     1.8416	     114.85	    0.27729	-9.7531e+92	-9.7531e+92	    0.59860	    0.37360	     0.0000	     0.0000	     4.0352	     0.0000	
14	1	   0.071304	    0.56962	     88.839	    0.68891	-9.7531e+92	-9.7531e+92	    0.31640	    0.10130	     0.0000	     0.0000	    0.98232	     0.0000	
14	2	   0.066338	    0.52996	     97.273	    0.50580	-9.7531e+92	-9.7531e+92	    0.20106	    0.10993	   0.042501	     0.0000	     1.1423	     0.0000	
14	3	 0.00082183	  0.0065654	     161.01	   0.075671	-9.7531e+92	-9.7531e+92	   0.099493	  0.0015555	     0.0000	     0.0000	   0.015501	     0.0000	
14	4	 4.8428e-07	 3.8687e-06	     184.55	   0.044193	-9.7531e+92	-9.7531e+92	   0.029717	 0.00012910	     0.0000	     0.0000	  0.0011792	     0.0000	
14	5	  0.0029400	   0.023487	     108.09	    0.34690	-9.7531e+92	-9.7531e+92	   0.082962	  0.0054891	     0.0000	     0.0000	   0.054281	     0.0000	
14	6	   0.053772	    0.42957	     41.508	     3.2546	-9.7531e+92	-9.7531e+92	    0.31241	   0.091896	     0.0000	     0.0000	    0.96649	     0.0000	
14	7	    0.10483	    0.83744	     65.464	     1.6549	-9.7531e+92	-9.7531e+92	    0.52340	    0.16650	     0.0000	     0.0000	     1.8442	     0.0000	
14	8	 1.7472e-05	 0.00013958	     146.54	    0.10935	-9.7531e+92	-9.7531e+92	  0.0055302	 0.00017254	     0.0000	     0.0000	  0.0014339	     0.0000	
14	9	    0.10756	    0.85924	     38.749	     3.4073	-9.7531e+92	-9.7531e+92	    0.28822	    0.19788	     0.0000	     0.0000	     1.9413	     0.0000	
14	10	 3.8677e-12	 3.0898e-11	     190.48	   0.038997	-9.7531e+92	-9.7531e+92	 0.00036320	 0.00014860	     0.0000	     0.0000	  0.0010826	     0.0000	
14	11	 4.4125e-12	 3.5251e-11	     157.91	   0.081669	-9.7531e+92	-9.7531e+92	 0.00067306	 0.00014471	     0.0000	     0.0000	  0.0010972	     0.0000	
14	12	 2.9223e-12	 2.3345e-11	     188.63	   0.040536	-9.7531e+92	-9.7531e+92	 0.00048820	 0.00014874	     0.0000	     0.0000	  0.0010824	     0.0000	
14	13	   0.075567	    0.60369	     32.765	     3.6733	-9.7531e+92	-9.7531e+92	    0.36025	    0.10378	     0.0000	     0.0000	    0.86921	     0.0000	
14	14	     0.0000	     0.0000	     0.0000	     4.0000	-9.7531e+92	-9.7531e+92	     4.2008	     0.0000	     3.4675	     0.0000	     0.0000	     0.0000	
14	15	    0.19450	     1.5538	     78.991	    0.99899	-9.7531e+92	-9.7531e+92	    0.45869	    0.31633	    0.19583	     0.0000	     3.5967	     0.0000	
14	16	 2.0455e-12	 1.6341e-11	     121.20	    0.22662	-9.7531e+92	-9.7531e+92	 0.00079474	 0.00013848	     0.0000	     0.0000	  0.0011752	     0.0000	
14	17	 2.4183e-12	 1.9319e-11	     254.84	   0.012253	-9.7531e+92	-9.7531e+92	  0.0010050	 0.00014398	     0.0000	     0.0000	  0.0011030	     0.0000	
14	18	   0.085176	    0.68045	     78.249	     1.0276	-9.7531e+92	-9.7531e+92	    0.30946	    0.15573	     0.0000	     0.0000	     1.5036	     0.0000	
14	19	 1.1023e-14	 8.8061e-14	     166.55	   0.066257	-9.7531e+92	-9.7531e+92	  0.0022165	 0.00014406	     0.0000	     0.0000	  0.0011158	     0.0000	
14	20	 4.0816e-12	 3.2607e-11	     147.73	    0.10597	-9.7531e+92	-9.7531e+92	  0.0066733	 0.00014497	     0.0000	     0.0000	  0.0010975	     0.0000	
14	21	  0.0064079	   0.051191	     101.18	    0.44014	-9.7531e+92	-9.7531e+92	    0.17790	   0.012520	     0.0000	     0.0000	    0.11217	     0.0000	
14	22	 1.7099e-13	 1.3660e-12	     227.39	   0.019298	-9.7531e+92	-9.7531e+92	  0.0015390	 0.00014466	     0.0000	     0.0000	  0.0011042	     0.0000	
14	23	 0.00024427	  0.0019514	     114.84	    0.27739	-9.7531e+92	-9.7531e+92	  0.0088704	 0.00063905	     0.0000	     0.0000	  0.0053532	     0.0000	
14	24	 2.8555e-12	 2.2812e-11	     150.00	   0.099849	-9.7531e+92	-9.7531e+92	 0.00040749	 0.00014029	     0.0000	     0.0000	  0.0011103	     0.0000	
15	0	  0.0058422	   0.010658	     189.51	   0.039789	-9.7531e+92	-9.7531e+92	   0.034388	  0.0075806	     0.0000	     0.0000	   0.031465	   -0.32011	
15	1	  0.0047923	  0.0087427	     167.83	   0.064291	-9.7531e+92	-9.7531e+92	   0.026112	  0.0060442	     0.0000	     0.0000	   0.024770	   -0.35926	
15	2	    0.18776	    0.34254	     21.827	     3.9312	-9.7531e+92	-9.7531e+92	    0.12378	    0.15434	   0.087569	    0.48426	  -0.070164	   0.089684	
15	3	    0.30731	    0.56062	     84.108	    0.82281	-9.7531e+92	-9.7531e+92	    0.17182	    0.14393	    0.14048	    0.64312	   -0.94390	   -0.54003	
15	4	   0.036744	   0.067033	     106.18	    0.37015	-9.7531e+92	-9.7531e+92	   0.038411	   0.030250	   0.025625	    0.23645	   0.048161	   0.048778	
15	5	   0.010692	   0.019506	     104.94	    0.38615	-9.7531e+92	-9.7531e+92	   0.015574	   0.013931	     0.0000	   -0.14126	 -0.0069402	  -0.013851	
15	6	   0.024000	   0.043783	     96.746	    0.51548	-9.7531e+92	-9.7531e+92	   0.037999	   0.030600	     0.0000	   -0.20985	 -0.0086606	  -0.038545	
15	7	  0.0014788	  0.0026977	     131.62	    0.16559	-9.7531e+92	-9.7531e+92	   0.049680	  0.0018451	     0.0000	     0.0000	-0.00015531	   -0.13107	
15	8	 1.2659e-13	 2.3095e-13	     159.01	   0.079481	-9.7531e+92	-9.7531e+92	  0.0010708	 8.9886e-05	     0.0000	   -0.10733	-8.0769e-05	-0.00086199	
15	9	  0.0023074	  0.0042095	     117.55	    0.25424	-9.7531e+92	-9.7531e+92	   0.017183	  0.0031587	     0.0000	   -0.11658	 -0.0014615	  -0.013587	
15	10	 6.4245e-13	 1.1720e-12	     197.67	   0.033672	-9.7531e+92	-9.7531e+92	 8.0182e-05	 9.4519e-05	     0.0000	 -0.0054383	-0.00010902	 4.3371e-05	
15	11	 7.4558e-15	 1.3602e-14	     182.32	   0.046370	-9.7531e+92	-9.7531e+92	 0.00014006	 9.3457e-05	     0.0000	  -0.015096	-0.00010446	 0.00012831	
15	12	 3.5130e-12	 6.4089e-12	     166.81	   0.065853	-9.7531e+92	-9.7531e+92	 0.00011343	 9.4099e-05	     0.0000	  -0.010885	-0.00010656	 7.0304e-05	
15	13	    0.19228	    0.35077	     111.52	    0.30921	-9.7531e+92	-9.7531e+92	    0.12650	    0.23660	     0.0000	     0.0000	    0.66831	    0.34323	
15	14	    0.17662	    0.32220	     78.991	    0.99899	-9.7531e+92	-9.7531e+92	    0.12363	    0.15733	     0.0000	   0.017777	   -0.62266	  -0.040433	
15	15	     0.0000	     0.0000	     0.0000	     4.0000	-9.7531e+92	-9.7531e+92	    0.98696	     0.0000	    0.92694	     0.0000	     0.0000	     0.0000	
15	16	 0.00018402	 0.00033571	     65.362	     1.6609	-9.7531e+92	-9.7531e+92	 0.00055944	 0.00027530	 0.00016152	 0.00030666	 0.00077286	 7.6837e-05	
15	17	 6.4733e-12	 1.1809e-11	     175.81	   0.053534	-9.7531e+92	-9.7531e+92	  0.0010151	 7.0657e-05	 0.00025505	 -0.0050887	 0.00012860	-0.00045687	
15	18	   0.049950	   0.091124	     116.73	    0.26100	-9.7531e+92	-9.7531e+92	   0.048567	   0.065085	     0.0000	  -0.036754	   0.035355	  -0.042877	
15	19	 7.1424e-06	 1.3030e-05	     131.26	    0.16732	-9.7531e+92	-9.7531e+92	 0.00060251	 0.00010143	     0.0000	  -0.032140	-8.6410e-05	 7.2546e-05	
15	20	 3.8899e-05	 7.0964e-05	     124.66	    0.20372	-9.7531e+92	-9.7531e+92	  0.0013355	 0.00014608	     0.0000	   -0.13695	-0.00014585	-9.0309e-05	
15	21	 1.5230e-07	 2.7784e-07	     175.65	   0.053734	-9.7531e+92	-9.7531e+92	   0.015597	 8.8833e-05	     0.0000	   -0.23945	-4.7188e-05	  -0.025448	
15	22	 2.0164e-13	 3.6786e-13	     163.21	   0.071746	-9.7531e+92	-9.7531e+92	  0.0016985	 7.8366e-05	 0.00046320	 -0.0089976	 4.2233e-05	-5.1396e-05	
15	23	 1.0160e-12	 1.8536e-12	     149.47	    0.10124	-9.7531e+92	-9.7531e+92	  0.0012263	 9.2712e-05	     0.0000	  -0.013592	-8.9487e-05	 6.5383e-05	
15	24	 2.3599e-12	 4.3052e-12	     189.75	   0.039594	-9.7531e+92	-9.7531e+92	 7.9458e-05	 9.3831e-05	     0.0000	-0.00041971	-0.00010371	 1.4110e-05	
16	0	 0.00036953	 8.5650e-05	     217.18	   0.023165	-9.7531e+92	-9.7531e+92	  0.0021894	 5.0868e-06	     0.0000	     0.0000	-5.2963e-05	  0.0086616	
16	1	 0.00065363	 0.00015150	     207.46	   0.027791	-9.7531e+92	-9.7531e+92	  0.0019051	 8.3030e-06	     0.0000	     0.0000	-8.5990e-05	  0.0090501	
16	2	    0.30152	   0.069888	     68.097	     1.5042	-9.7531e+92	-9.7531e+92	   0.023619	  0.0025853	   0.019018	   0.015332	  -0.059049	  -0.045591	
16	3	   0.023071	  0.0053473	     111.94	    0.30495	-9.7531e+92	-9.7531e+92	   0.010043	 0.00021595	  0.0060607	 0.00071508	 -0.0044795	-0.00093526	
16	4	    0.30468	   0.070619	     75.439	     1.1432	-9.7531e+92	-9.7531e+92	   0.020612	  0.0018636	   0.018988	   0.016482	  -0.038837	  -0.028869	
16	5	   0.095966	   0.022243	     71.546	     1.3237	-9.7531e+92	-9.7531e+92	  0.0069353	  0.0011418	     0.0000	  0.0016226	  -0.019298	 -0.0072664	
16	6	  0.0068935	  0.0015978	     111.89	    0.30549	-9.7531e+92	-9.7531e+92	  0.0030004	 8.2016e-05	     0.0000	 -0.0028354	 -0.0013765	   0.014937	
16	7	  0.0019870	 0.00046056	     137.28	    0.14083	-9.7531e+92	-9.7531e+92	  0.0047114	 2.2597e-05	     0.0000	     0.0000	-0.00039797	   0.029480	
16	8	 0.00026054	 6.0389e-05	     112.87	    0.29583	-9.7531e+92	-9.7531e+92	 0.00074733	 3.9648e-06	     0.0000	 -0.0011503	-6.7837e-05	  0.0017985	
16	9	 7.7764e-06	 1.8024e-06	     159.83	   0.077890	-9.7531e+92	-9.7531e+92	  0.0010465	 9.1367e-07	     0.0000	 -0.0013564	-1.5025e-05	  0.0068293	
16	10	 4.1542e-12	 9.6286e-13	     147.94	    0.10538	-9.7531e+92	-9.7531e+92	 2.0294e-05	 8.4472e-07	     0.0000	-5.9728e-05	-1.4139e-05	 6.4687e-05	
16	11	 1.4873e-11	 3.4472e-12	     142.85	    0.12075	-9.7531e+92	-9.7531e+92	 5.6973e-05	 8.3706e-07	     0.0000	-0.00016580	-1.4109e-05	 0.00025196	
16	12	 4.6675e-07	 1.0818e-07	     115.95	    0.26758	-9.7531e+92	-9.7531e+92	 5.3459e-05	 8.4603e-07	     0.0000	-0.00011947	-1.4164e-05	 0.00011140	
16	13	  0.0031806	 0.00073721	     153.85	   0.090443	-9.7531e+92	-9.7531e+92	  0.0058748	 3.7768e-05	     0.0000	     0.0000	-0.00044391	  0.0098744	
16	14	   0.046348	   0.010743	     121.20	    0.22662	-9.7531e+92	-9.7531e+92	  0.0083746	 0.00052090	     0.0000	-0.00084854	 -0.0076907	  0.0060149	
16	15	    0.14339	   0.033234	     65.362	     1.6609	-9.7531e+92	-9.7531e+92	   0.015749	  0.0014915	  0.0081221	  0.0081067	  -0.027586	  -0.018055	
16	16	     0.0000	     0.0000	     0.0000	     4.0000	-9.7531e+92	-9.7531e+92	    0.11605	     0.0000	    0.11600	     0.0000	     0.0000	     0.0000	
16	17	 1.6390e-12	 3.7989e-13	     148.25	    0.10451	-9.7531e+92	-9.7531e+92	 0.00051975	 6.6646e-07	 0.00042319	-5.1936e-05	-9.5711e-06	 4.1571e-05	
16	18	   0.053848	   0.012481	     110.59	    0.31898	-9.7531e+92	-9.7531e+92	  0.0062267	 0.00063687	     0.0000	-0.00035951	 -0.0098661	  0.0048034	
16	19	  0.0055447	  0.0012852	     73.024	     1.2523	-9.7531e+92	-9.7531e+92	 0.00060200	 6.8757e-05	     0.0000	 0.00036207	 -0.0011250	-0.00049000	
16	20	   0.012258	  0.0028412	     74.477	     1.1855	-9.7531e+92	-9.7531e+92	  0.0013139	 0.00015224	     0.0000	 0.00058748	 -0.0025677	-0.00059154	
16	21	 9.7292e-12	 2.2550e-12	     180.81	   0.047925	-9.7531e+92	-9.7531e+92	  0.0010245	 8.0015e-07	     0.0000	 -0.0026299	-1.3440e-05	   0.011416	
16	22	 2.2531e-05	 5.2223e-06	     106.73	    0.36321	-9.7531e+92	-9.7531e+92	 0.00088747	 9.0956e-07	 0.00073052	-7.2439e-05	-1.3421e-05	 7.3677e-05	
16	23	 1.4711e-08	 3.4097e-09	     136.77	    0.14287	-9.7531e+92	-9.7531e+92	 0.00018693	 8.3802e-07	     0.0000	-0.00014927	-1.3989e-05	 0.00095203	
16	24	 9.4841e-13	 2.1982e-13	     177.80	   0.051213	-9.7531e+92	-9.7531e+92	 1.0958e-05	 8.4313e-07	     0.0000	-4.6096e-06	-1.4127e-05	 2.5783e-05	
17	0	 1.4839e-08	 5.9078e-09	     353.56	  0.0033150	-9.7531e+92	-9.7531e+92	  0.0019908	 2.1265e-06	     0.0000	     0.0000	-3.5005e-05	   0.040636	
17	1	 1.0161e-08	 4.0452e-09	     342.57	  0.0037606	-9.7531e+92	-9.7531e+92	  0.0016515	 2.1093e-06	     0.0000	     0.0000	-3.4461e-05	   0.042778	
17	2	    0.10204	   0.040624	     160.64	   0.076357	-9.7531e+92	-9.7531e+92	   0.027982	  0.0027342	   0.020080	   0.018983	  -0.077582	  -0.056048	
17	3	    0.30094	    0.11981	     122.41	    0.21829	-9.7531e+92	-9.7531e+92	   0.047775	  0.0075707	   0.040935	    0.11687	   -0.22931	   -0.19291	
17	4	    0.55312	    0.22021	     73.525	     1.2289	-9.7531e+92	-9.7531e+92	   0.062771	  0.0051974	   0.059981	   0.052453	   -0.26612	   -0.22410	
17	5	 9.2804e-09	 3.6948e-09	     219.60	   0.022168	-9.7531e+92	-9.7531e+92	  0.0010753	 2.1383e-06	     0.0000	 -0.0063996	-5.3035e-05	   0.037378	
17	6	 8.7144e-09	 3.4695e-09	     251.72	   0.012870	-9.7531e+92	-9.7531e+92	  0.0019595	 2.1226e-06	     0.0000	  -0.010010	-5.2141e-05	   0.068973	
17	7	 9.7011e-09	 3.8623e-09	     281.54	  0.0082346	-9.7531e+92	-9.7531e+92	  0.0028366	 1.9845e-06	     0.0000	     0.0000	-5.1215e-05	    0.12834	
17	8	 3.3831e-09	 1.3469e-09	     258.50	   0.011577	-9.7531e+92	-9.7531e+92	 0.00024110	 2.1658e-06	     0.0000	 -0.0038699	-5.4292e-05	  0.0078621	
17	9	 2.0776e-09	 8.2716e-10	     293.28	  0.0069951	-9.7531e+92	-9.7531e+92	 0.00099323	 2.2032e-06	     0.0000	 -0.0044536	-5.2959e-05	   0.029254	
17	10	 2.0646e-08	 8.2196e-09	     270.72	  0.0096279	-9.7531e+92	-9.7531e+92	 1.8717e-05	 2.2553e-06	     0.0000	-0.00019607	-5.5269e-05	 0.00027516	
17	11	 7.9909e-09	 3.1814e-09	     290.18	  0.0072979	-9.7531e+92	-9.7531e+92	 3.0977e-05	 2.2376e-06	     0.0000	-0.00054430	-5.5139e-05	  0.0010722	
17	12	 8.5688e-09	 3.4115e-09	     225.22	   0.020047	-9.7531e+92	-9.7531e+92	 6.0997e-05	 2.2411e-06	     0.0000	-0.00039246	-5.5077e-05	 0.00047427	
17	13	 2.3165e-09	 9.2225e-10	     287.27	  0.0075975	-9.7531e+92	-9.7531e+92	  0.0068457	 2.1227e-06	     0.0000	     0.0000	-3.8279e-05	   0.046773	
17	14	 7.6023e-09	 3.0267e-09	     254.84	   0.012253	-9.7531e+92	-9.7531e+92	  0.0075130	 2.0713e-06	     0.0000	 -0.0058763	-4.4062e-05	   0.053907	
17	15	 1.0958e-08	 4.3628e-09	     175.81	   0.053534	-9.7531e+92	-9.7531e+92	   0.021326	 1.9005e-06	  0.0082257	 -0.0084955	-5.1810e-05	   0.023301	
17	16	 1.5408e-08	 6.1342e-09	     148.25	    0.10451	-9.7531e+92	-9.7531e+92	 0.00040390	 1.9055e-06	 0.00031706	-5.1111e-05	-4.4635e-05	 9.2655e-05	
17	17	     0.0000	     0.0000	     0.0000	     4.0000	-9.7531e+92	-9.7531e+92	    0.20064	     0.0000	    0.20047	     0.0000	     0.0000	     0.0000	
17	18	 6.6154e-09	 2.6338e-09	     258.46	   0.011584	-9.7531e+92	-9.7531e+92	  0.0027534	 2.1275e-06	     0.0000	 -0.0031826	-4.8795e-05	   0.056262	
17	19	 3.7792e-09	 1.5046e-09	     187.53	   0.041480	-9.7531e+92	-9.7531e+92	 0.00082591	 2.1745e-06	     0.0000	 -0.0011282	-5.3218e-05	  0.0019981	
17	20	 2.1301e-09	 8.4807e-10	     207.02	   0.028026	-9.7531e+92	-9.7531e+92	 0.00034400	 2.2036e-06	     0.0000	 -0.0049597	-5.4604e-05	  0.0064827	
17	21	 7.4049e-09	 2.9481e-09	     326.31	  0.0045671	-9.7531e+92	-9.7531e+92	 0.00089838	 2.1500e-06	     0.0000	 -0.0086336	-5.2883e-05	   0.048907	
17	22	   0.043899	   0.017478	     106.10	    0.37108	-9.7531e+92	-9.7531e+92	  0.0070496	  0.0010549	  0.0067800	   0.014254	  -0.022008	  -0.019092	
17	23	 1.2934e-09	 5.1496e-10	     284.58	  0.0078888	-9.7531e+92	-9.7531e+92	 8.7781e-05	 2.2471e-06	     0.0000	-0.00049005	-5.4747e-05	  0.0040558	
17	24	 4.7114e-09	 1.8757e-09	     325.25	  0.0046269	-9.7531e+92	-9.7531e+92	 1.4797e-05	 2.2609e-06	     0.0000	-1.5132e-05	-5.5171e-05	 0.00010971	
18	0	   0.023000	    0.10465	     116.29	    0.26473	-9.7531e+92	-9.7531e+92	    0.12850	   0.032875	     0.0000	     0.0000	   -0.24315	    0.19173	
18	1	   0.049498	    0.22522	     111.77	    0.30668	-9.7531e+92	-9.7531e+92	    0.19856	   0.066269	     0.0000	     0.0000	   -0.57858	    0.12795	
18	2	 8.9456e-05	 0.00040703	     137.27	    0.14087	-9.7531e+92	-9.7531e+92	  0.0090535	 0.00027076	     0.0000	 -0.0055603	 -0.0020621	   0.072484	
18	3	 1.7008e-06	 7.7387e-06	     199.21	   0.032649	-9.7531e+92	-9.7531e+92	  0.0043397	 0.00012027	     0.0000	 -0.0078402	-0.00086307	   0.062333	
18	4	 2.8215e-08	 1.2838e-07	     186.18	   0.042684	-9.7531e+92	-9.7531e+92	  0.0016223	 0.00012419	     0.0000	 -0.0036237	-0.00094198	   0.026065	
18	5	   0.087110	    0.39635	     53.346	     2.4617	-9.7531e+92	-9.7531e+92	    0.14902	    0.13061	     0.0000	  0.0036542	    -1.0934	   -0.13139	
18	6	   0.045758	    0.20820	     36.723	     3.5078	-9.7531e+92	-9.7531e+92	    0.18989	   0.070665	     0.0000	 -0.0046155	   -0.61090	    0.19686	
18	7	    0.65826	     2.9951	     38.248	     3.4331	-9.7531e+92	-9.7531e+92	    0.90260	    0.91074	   0.056583	     0.0000	    -8.8334	    -1.7511	
18	8	  0.0013490	  0.0061379	     75.421	     1.1439	-9.7531e+92	-9.7531e+92	   0.011240	  0.0021993	     0.0000	 -0.0026392	  -0.016700	   0.036096	
18	9	  0.0019694	  0.0089608	     96.665	    0.51699	-9.7531e+92	-9.7531e+92	   0.048436	  0.0036245	     0.0000	 -0.0036574	  -0.028886	    0.14771	
18	10	 6.2508e-12	 2.8441e-11	     118.82	    0.24422	-9.7531e+92	-9.7531e+92	 0.00033334	 0.00011609	     0.0000	-0.00015254	-0.00081509	  0.0014336	
18	11	 9.3269e-05	 0.00042438	     81.269	    0.91620	-9.7531e+92	-9.7531e+92	  0.0010232	 0.00024217	     0.0000	-0.00019387	 -0.0015108	  0.0031228	
18	12	 7.1125e-12	 3.2362e-11	     120.73	    0.22996	-9.7531e+92	-9.7531e+92	 0.00051240	 0.00012365	     0.0000	-0.00033312	-0.00093204	  0.0024715	
18	13	   0.053722	    0.24444	     87.611	    0.72124	-9.7531e+92	-9.7531e+92	    0.17043	   0.073755	     0.0000	     0.0000	   -0.69834	    0.11720	
18	14	   0.038996	    0.17743	     78.249	     1.0276	-9.7531e+92	-9.7531e+92	    0.15527	   0.058831	     0.0000	 -0.0029678	   -0.48670	    0.17992	
18	15	 0.00027339	  0.0012439	     116.73	    0.26100	-9.7531e+92	-9.7531e+92	   0.018292	 0.00056882	     0.0000	 -0.0085617	 -0.0047962	    0.12336	
18	16	 1.4800e-14	 6.7339e-14	     110.59	    0.31898	-9.7531e+92	-9.7531e+92	 0.00018377	 0.00012797	     0.0000	-6.5680e-05	-0.00099286	 0.00058863	
18	17	 1.2225e-14	 5.5624e-14	     258.46	   0.011584	-9.7531e+92	-9.7531e+92	 0.00019229	 0.00013457	     0.0000	-0.00022577	 -0.0010754	  0.0013564	
18	18	     0.0000	     0.0000	     0.0000	     4.0000	-9.7531e+92	-9.7531e+92	     2.4008	     0.0000	     2.0117	     0.0000	     0.0000	     0.0000	
18	19	 4.4115e-06	 2.0072e-05	     118.15	    0.24945	-9.7531e+92	-9.7531e+92	  0.0033185	 0.00012191	     0.0000	 -0.0010006	-0.00088525	   0.010432	
18	20	 0.00033567	  0.0015273	     90.275	    0.65310	-9.7531e+92	-9.7531e+92	   0.011791	 0.00070157	     0.0000	 -0.0040350	 -0.0053281	   0.032644	
18	21	  0.0033469	   0.015228	     79.511	    0.97945	-9.7531e+92	-9.7531e+92	   0.096888	  0.0058201	     0.0000	 -0.0070848	  -0.047824	    0.24696	
18	22	 6.9047e-13	 3.1417e-12	     205.13	   0.029065	-9.7531e+92	-9.7531e+92	 0.00022571	 0.00013166	     0.0000	-0.00033402	 -0.0010365	  0.0023605	
18	23	   0.035863	    0.16318	     36.898	     3.4995	-9.7531e+92	-9.7531e+92	   0.046344	   0.053994	   0.021007	 0.00090941	   -0.36975	  -0.088653	
18	24	 0.00033163	  0.0015089	     74.739	     1.1738	-9.7531e+92	-9.7531e+92	 0.00075355	 0.00059523	     0.0000	 3.1285e-06	 -0.0038262	-0.00045738	
19	0	  0.0012782	 0.00087048	     234.49	   0.017074	-9.7531e+92	-9.7531e+92	  0.0059024	 0.00010973	     0.0000	     0.0000	  -0.010278	    0.55073	
19	1	 0.00056329	 0.00038361	     226.57	   0.019575	-9.7531e+92	-9.7531e+92	  0.0067563	 5.2157e-05	     0.0000	     0.0000	 -0.0047514	    0.59047	
19	2	   0.016705	   0.011376	     139.30	    0.13308	-9.7531e+92	-9.7531e+92	  0.0059757	  0.0014184	     0.0000	 -0.0020052	   -0.15264	   0.024184	
19	3	 3.3461e-05	 2.2787e-05	     184.07	   0.044655	-9.7531e+92	-9.7531e+92	  0.0033064	 8.2131e-06	     0.0000	  -0.017921	-0.00090276	    0.13170	
19	4	   0.055818	   0.038013	     119.82	    0.23665	-9.7531e+92	-9.7531e+92	   0.010610	  0.0044966	  0.0058371	   0.056603	   -0.51551	   -0.38720	
19	5	    0.32052	    0.21828	     64.874	     1.6901	-9.7531e+92	-9.7531e+92	   0.073394	   0.022527	   0.037742	   0.039646	    -2.8797	    -2.0649	
19	6	  0.0069199	  0.0047126	     133.74	    0.15573	-9.7531e+92	-9.7531e+92	   0.013765	 0.00055367	     0.0000	  -0.014866	  -0.064542	    0.72392	
19	7	 0.00090147	 0.00061392	     154.38	   0.089237	-9.7531e+92	-9.7531e+92	   0.026682	 7.5986e-05	     0.0000	     0.0000	 -0.0088941	     1.4538	
19	8	    0.12125	   0.082577	     80.536	    0.94205	-9.7531e+92	-9.7531e+92	   0.041819	  0.0095657	   0.034451	   0.065823	    -1.1217	   -0.88273	
19	9	 1.6598e-11	 1.1304e-11	     193.08	   0.036956	-9.7531e+92	-9.7531e+92	  0.0024752	 5.8991e-06	     0.0000	 -0.0088171	-0.00062508	    0.32797	
19	10	 0.00076521	 0.00052113	     85.643	    0.77653	-9.7531e+92	-9.7531e+92	  0.0012029	 6.9492e-05	 0.00090560	 0.00036746	 -0.0075326	 -0.0030860	
19	11	 1.7126e-05	 1.1663e-05	     108.78	    0.33886	-9.7531e+92	-9.7531e+92	  0.0029166	 7.2980e-06	  0.0018873	 -0.0010475	-0.00079527	   0.011672	
19	12	    0.10373	   0.070645	     44.530	     3.0689	-9.7531e+92	-9.7531e+92	   0.018548	  0.0066675	   0.018068	   0.069588	   -0.64118	   -0.50935	
19	13	   0.017062	   0.011620	     184.51	   0.044238	-9.7531e+92	-9.7531e+92	   0.012141	  0.0014290	     0.0000	     0.0000	   -0.13566	    0.49852	
19	14	   0.012705	  0.0086525	     166.55	   0.066257	-9.7531e+92	-9.7531e+92	   0.013783	  0.0010738	     0.0000	  -0.010198	   -0.10761	    0.57165	
19	15	  0.0043658	  0.0029732	     131.26	    0.16732	-9.7531e+92	-9.7531e+92	  0.0045123	 0.00036594	     0.0000	  -0.017170	  -0.041504	    0.22804	
19	16	 0.00019420	 0.00013225	     73.024	     1.2523	-9.7531e+92	-9.7531e+92	 0.00012810	 2.3119e-05	     0.0000	 4.1965e-05	 -0.0024628	-0.00034808	
19	17	 2.2519e-12	 1.5336e-12	     187.53	   0.041480	-9.7531e+92	-9.7531e+92	 0.00028669	 5.8623e-06	 2.9786e-06	-0.00050813	-0.00063150	  0.0028648	
19	18	    0.14823	    0.10095	     118.15	    0.24945	-9.7531e+92	-9.7531e+92	   0.043750	   0.012262	     0.0000	  0.0046122	    -1.3292	   -0.47935	
19	19	     0.0000	     0.0000	     0.0000	     4.0000	-9.7531e+92	-9.7531e+92	    0.34472	     0.0000	    0.34283	     0.0000	     0.0000	     0.0000	
19	20	    0.18793	    0.12799	     28.400	     3.8088	-9.7531e+92	-9.7531e+92	   0.041408	   0.014053	   0.035362	    0.15664	    -1.6231	    -1.3227	
19	21	 7.7841e-12	 5.3012e-12	     197.71	   0.033641	-9.7531e+92	-9.7531e+92	  0.0035587	 5.7432e-06	     0.0000	  -0.017092	-0.00062444	    0.54876	
19	22	 0.00098947	 0.00067385	     93.933	    0.57085	-9.7531e+92	-9.7531e+92	 0.00064540	 6.2771e-05	 0.00018425	 0.00024115	 -0.0063074	 -0.0017879	
19	23	 4.2193e-06	 2.8735e-06	     121.29	    0.22600	-9.7531e+92	-9.7531e+92	  0.0025556	 6.1812e-06	     0.0000	-0.00088161	-0.00067110	   0.044777	
19	24	 9.4525e-12	 6.4373e-12	     150.08	   0.099629	-9.7531e+92	-9.7531e+92	 0.00010869	 6.0055e-06	     0.0000	-2.9959e-05	-0.00063879	  0.0012082	
20	0	 7.9332e-05	 6.3282e-05	     206.61	   0.028245	-9.7531e+92	-9.7531e+92	  0.0053568	 2.6607e-05	     0.0000	     0.0000	 -0.0019355	    0.85534	
20	1	  0.0011755	 0.00093772	     199.20	   0.032652	-9.7531e+92	-9.7531e+92	  0.0065584	 0.00023250	     0.0000	     0.0000	  -0.016138	    0.89766	
20	2	 0.00026878	 0.00021440	     139.77	    0.13137	-9.7531e+92	-9.7531e+92	  0.0010057	 6.5998e-05	     0.0000	  -0.025179	 -0.0053145	    0.23516	
20	3	 2.6231e-06	 2.0925e-06	     185.64	   0.043179	-9.7531e+92	-9.7531e+92	 0.00050950	 1.3293e-05	     0.0000	  -0.035830	 -0.0010864	    0.20404	
20	4	 0.00013251	 0.00010570	     135.08	    0.14987	-9.7531e+92	-9.7531e+92	 0.00055345	 3.9368e-05	     0.0000	  -0.016203	 -0.0032218	   0.083739	
20	5	   0.082195	   0.065567	     39.691	     3.3571	-9.7531e+92	-9.7531e+92	   0.064375	   0.011199	   0.022616	  0.0032541	    -1.2304	   -0.33716	
20	6	   0.011049	  0.0088140	     111.59	    0.30852	-9.7531e+92	-9.7531e+92	   0.013817	  0.0019221	     0.0000	  -0.022500	   -0.17810	     1.0706	
20	7	  0.0063143	  0.0050368	     126.68	    0.19164	-9.7531e+92	-9.7531e+92	   0.026112	  0.0011388	     0.0000	     0.0000	   -0.10206	     2.1848	
20	8	    0.77987	    0.62210	     51.987	     2.5582	-9.7531e+92	-9.7531e+92	    0.16458	    0.12393	    0.15595	    0.64406	    -11.832	    -8.9306	
20	9	 6.7581e-11	 5.3909e-11	     174.09	   0.055651	-9.7531e+92	-9.7531e+92	  0.0021991	 1.3536e-05	     0.0000	  -0.017561	 -0.0010899	    0.50821	
20	10	 9.0329e-05	 7.2055e-05	     74.457	     1.1864	-9.7531e+92	-9.7531e+92	  0.0025522	 2.8041e-05	  0.0022039	-0.00045278	 -0.0023424	  0.0032005	
20	11	 0.00071129	 0.00056740	     83.734	    0.83452	-9.7531e+92	-9.7531e+92	   0.010439	 0.00014902	  0.0092334	 -0.0010197	  -0.012536	  0.0092834	
20	12	  0.0081829	  0.0065275	     45.010	     3.0379	-9.7531e+92	-9.7531e+92	  0.0041961	  0.0011301	  0.0036341	  0.0082072	  -0.089104	  -0.055161	
20	13	  0.0027245	  0.0021733	     165.04	   0.068678	-9.7531e+92	-9.7531e+92	  0.0097137	 0.00052654	     0.0000	     0.0000	  -0.038229	    0.91486	
20	14	  0.0019858	  0.0015840	     147.73	    0.10597	-9.7531e+92	-9.7531e+92	   0.011371	 0.00039375	     0.0000	  -0.023061	  -0.029965	     1.0000	
20	15	 0.00089083	 0.00071061	     124.66	    0.20372	-9.7531e+92	-9.7531e+92	  0.0017077	 0.00018272	     0.0000	  -0.038394	  -0.015638	    0.39641	
20	16	 3.0890e-05	 2.4641e-05	     74.477	     1.1855	-9.7531e+92	-9.7531e+92	 4.1735e-05	 2.0004e-05	     0.0000	-0.00023899	 -0.0016033	  0.0015361	
20	17	 2.4851e-13	 1.9823e-13	     207.02	   0.028026	-9.7531e+92	-9.7531e+92	 4.0407e-05	 1.3996e-05	     0.0000	 -0.0010302	 -0.0011168	  0.0044444	
20	18	   0.054585	   0.043542	     90.275	    0.65310	-9.7531e+92	-9.7531e+92	   0.040558	   0.010153	     0.0000	 -0.0045456	   -0.85339	    0.36669	
20	19	   0.049382	   0.039392	     28.400	     3.8088	-9.7531e+92	-9.7531e+92	   0.011973	  0.0070773	  0.0097597	   0.032308	   -0.63642	   -0.43640	
20	20	     0.0000	     0.0000	     0.0000	     4.0000	-9.7531e+92	-9.7531e+92	    0.40978	     0.0000	    0.40270	     0.0000	     0.0000	     0.0000	
20	21	 8.3765e-09	 6.6819e-09	     169.84	   0.061351	-9.7531e+92	-9.7531e+92	  0.0033375	 1.3175e-05	     0.0000	  -0.034043	 -0.0010888	    0.85028	
20	22	 3.2564e-07	 2.5976e-07	     116.48	    0.26308	-9.7531e+92	-9.7531e+92	 5.6722e-05	 1.2681e-05	     0.0000	 -0.0013562	 -0.0010403	  0.0073337	
20	23	 0.00032630	 0.00026028	     93.058	    0.58941	-9.7531e+92	-9.7531e+92	  0.0064636	 7.6512e-05	  0.0020218	 -0.0014960	 -0.0064178	   0.065387	
20	24	 8.3203e-11	 6.6370e-11	     121.85	    0.22210	-9.7531e+92	-9.7531e+92	 0.00031525	 1.3719e-05	 0.00014423	-5.9667e-05	 -0.0011135	  0.0018744	
21	0	   0.051196	   0.098780	     39.458	     3.3697	-9.7531e+92	-9.7531e+92	   0.069122	   0.050177	     0.0000	     0.0000	    0.76350	   0.037330	
21	1	   0.043258	   0.083465	     57.297	     2.1839	-9.7531e+92	-9.7531e+92	   0.090513	   0.045355	     0.0000	     0.0000	    0.76166	   0.051613	
21	2	 2.3897e-07	 4.6107e-07	     197.19	   0.033993	-9.7531e+92	-9.7531e+92	  0.0029357	 0.00010498	     0.0000	  -0.015528	  0.0015599	   0.031255	
21	3	 1.6672e-12	 3.2168e-12	     259.71	   0.011362	-9.7531e+92	-9.7531e+92	  0.0014109	 0.00010477	     0.0000	  -0.021798	  0.0015713	   0.026511	
21	4	 2.1665e-12	 4.1801e-12	     253.96	   0.012424	-9.7531e+92	-9.7531e+92	 0.00053110	 0.00011040	     0.0000	  -0.010074	  0.0015256	   0.011382	
21	5	 1.5544e-05	 2.9992e-05	     132.91	    0.15951	-9.7531e+92	-9.7531e+92	   0.015355	 0.00012911	     0.0000	  -0.015342	  0.0018854	   0.087142	
21	6	  0.0023581	  0.0045498	     78.899	     1.0025	-9.7531e+92	-9.7531e+92	   0.064222	  0.0036187	     0.0000	  -0.023429	   0.056037	    0.15690	
21	7	    0.84780	     1.6358	     44.967	     3.0407	-9.7531e+92	-9.7531e+92	    0.46984	     1.0000	    0.11109	     0.0000	     19.822	    -1.0622	
21	8	 3.0722e-06	 5.9277e-06	     132.38	    0.16196	-9.7531e+92	-9.7531e+92	  0.0011045	 0.00011508	     0.0000	 -0.0092775	  0.0015704	   0.018345	
21	9	 0.00087489	  0.0016881	     83.320	    0.84769	-9.7531e+92	-9.7531e+92	   0.020690	  0.0010141	     0.0000	     0.0000	   0.024942	     0.0000	
21	10	 2.1490e-13	 4.1463e-13	     171.26	   0.059366	-9.7531e+92	-9.7531e+92	 8.4001e-05	 0.00011670	     0.0000	-0.00047020	  0.0014785	 0.00064263	
21	11	 3.1244e-12	 6.0283e-12	     128.65	    0.18069	-9.7531e+92	-9.7531e+92	 0.00014714	 0.00011343	     0.0000	 -0.0013053	  0.0014935	  0.0025039	
21	12	 3.0366e-13	 5.8590e-13	     187.39	   0.041605	-9.7531e+92	-9.7531e+92	 0.00010681	 0.00011714	     0.0000	-0.00094117	  0.0014745	  0.0011076	
21	13	   0.039654	   0.076511	     76.619	     1.0932	-9.7531e+92	-9.7531e+92	   0.067958	   0.046326	     0.0000	     0.0000	    0.77507	   0.060402	
21	14	  0.0064273	   0.012401	     101.18	    0.44014	-9.7531e+92	-9.7531e+92	   0.050176	  0.0088444	     0.0000	  -0.013332	    0.14892	    0.11601	
21	15	 1.5292e-11	 2.9505e-11	     175.65	   0.053734	-9.7531e+92	-9.7531e+92	  0.0058294	 0.00010170	     0.0000	  -0.024001	  0.0015227	   0.054724	
21	16	 5.6109e-13	 1.0826e-12	     180.81	   0.047925	-9.7531e+92	-9.7531e+92	 7.3157e-05	 0.00011654	     0.0000	-0.00018259	  0.0014737	 0.00026441	
21	17	 6.0217e-12	 1.1619e-11	     326.31	  0.0045671	-9.7531e+92	-9.7531e+92	 7.7642e-05	 0.00011784	     0.0000	-0.00062764	  0.0014679	 0.00060801	
21	18	  0.0079472	   0.015334	     79.511	    0.97945	-9.7531e+92	-9.7531e+92	   0.053871	   0.011535	     0.0000	 -0.0069234	    0.18556	    0.11866	
21	19	 1.0318e-13	 1.9908e-13	     197.71	   0.033641	-9.7531e+92	-9.7531e+92	 0.00040331	 0.00011509	     0.0000	 -0.0028003	  0.0014882	  0.0046669	
21	20	 1.2229e-12	 2.3595e-12	     169.84	   0.061351	-9.7531e+92	-9.7531e+92	  0.0012484	 0.00011435	     0.0000	  -0.011894	  0.0014868	   0.015134	
21	21	     0.0000	     0.0000	     0.0000	     4.0000	-9.7531e+92	-9.7531e+92	     1.0108	     0.0000	    0.87826	     0.0000	     0.0000	     0.0000	
21	22	 7.6696e-13	 1.4798e-12	     284.69	  0.0078758	-9.7531e+92	-9.7531e+92	 8.8534e-05	 0.00011728	     0.0000	-0.00092859	  0.0014730	  0.0010560	
21	23	 0.00039229	 0.00075689	     78.648	     1.0121	-9.7531e+92	-9.7531e+92	  0.0024603	 0.00074383	     0.0000	 -0.0010915	   0.010515	  0.0087948	
21	24	 7.3086e-05	 0.00014102	     85.071	    0.79345	-9.7531e+92	-9.7531e+92	 0.00016563	 0.00021885	     0.0000	-1.8368e-05	  0.0032791	 0.00012968	
22	0	 1.1247e-10	 6.2036e-11	     321.47	  0.0048482	-9.7531e+92	-9.7531e+92	  0.0027651	 3.7005e-06	     0.0000	     0.0000	-9.8046e-05	    0.11825	
22	1	 1.1164e-10	 6.1579e-11	     312.59	  0.0054224	-9.7531e+92	-9.7531e+92	  0.0024584	 3.6724e-06	     0.0000	     0.0000	-9.6869e-05	    0.12501	
22	2	   0.063988	   0.035295	     161.29	   0.075160	-9.7531e+92	-9.7531e+92	   0.028091	  0.0029789	   0.017143	   0.018442	   -0.12602	  -0.080938	
22	3	   0.090122	   0.049709	     164.94	   0.068842	-9.7531e+92	-9.7531e+92	   0.033558	  0.0039394	   0.024081	   0.054179	   -0.17720	   -0.13305	
22	4	    0.55094	    0.30389	     82.638	    0.86986	-9.7531e+92	-9.7531e+92	   0.082920	  0.0090038	   0.079054	    0.10756	   -0.82867	   -0.75139	
22	5	   0.025682	   0.014166	     151.89	   0.095092	-9.7531e+92	-9.7531e+92	   0.011897	  0.0014297	     0.0000	 -0.0058336	  -0.052592	   0.050816	
22	6	 4.4635e-10	 2.4620e-10	     216.08	   0.023641	-9.7531e+92	-9.7531e+92	  0.0037579	 3.6828e-06	     0.0000	  -0.017911	-0.00013449	    0.18457	
22	7	 4.8086e-10	 2.6523e-10	     241.36	   0.015218	-9.7531e+92	-9.7531e+92	  0.0061594	 3.4452e-06	     0.0000	     0.0000	-0.00013252	    0.34456	
22	8	 9.6050e-12	 5.2979e-12	     168.70	   0.062994	-9.7531e+92	-9.7531e+92	  0.0064491	 3.7538e-06	 0.00048187	 -0.0069243	-0.00013906	   0.020889	
22	9	 1.4723e-10	 8.1209e-11	     266.14	   0.010307	-9.7531e+92	-9.7531e+92	  0.0013252	 3.8230e-06	     0.0000	 -0.0079690	-0.00013624	   0.078064	
22	10	 2.7796e-10	 1.5332e-10	     176.66	   0.052524	-9.7531e+92	-9.7531e+92	 0.00016452	 3.9060e-06	     0.0000	-0.00035083	-0.00014110	 0.00072888	
22	11	 3.0537e-10	 1.6843e-10	     200.45	   0.031856	-9.7531e+92	-9.7531e+92	 0.00045029	 3.8774e-06	     0.0000	-0.00097394	-0.00014086	  0.0028414	
22	12	 4.9054e-12	 2.7057e-12	     131.16	    0.16782	-9.7531e+92	-9.7531e+92	  0.0016935	 3.8805e-06	  0.0013049	-0.00070196	-0.00014068	  0.0012564	
22	13	 0.00034562	 0.00019064	     260.15	   0.011286	-9.7531e+92	-9.7531e+92	  0.0079844	 2.2810e-05	     0.0000	     0.0000	-0.00064836	    0.13284	
22	14	  0.0073802	  0.0040708	     227.39	   0.019298	-9.7531e+92	-9.7531e+92	  0.0099973	 0.00040159	     0.0000	 -0.0096727	  -0.013055	    0.13744	
22	15	  0.0017246	 0.00095124	     163.21	   0.071746	-9.7531e+92	-9.7531e+92	   0.019438	 8.8465e-05	  0.0012888	  -0.014477	 -0.0036028	   0.059039	
22	16	 2.0571e-10	 1.1347e-10	     106.73	    0.36321	-9.7531e+92	-9.7531e+92	 0.00052293	 3.2962e-06	 0.00040262	-9.2425e-05	-0.00012301	 0.00026423	
22	17	  0.0045653	  0.0025181	     106.10	    0.37108	-9.7531e+92	-9.7531e+92	  0.0027066	 0.00017384	  0.0024768	  0.0028022	 -0.0040645	 -0.0032671	
22	18	 0.00034933	 0.00019268	     205.13	   0.029065	-9.7531e+92	-9.7531e+92	  0.0076587	 2.3014e-05	     0.0000	 -0.0056716	-0.00079375	    0.15180	
22	19	    0.21043	    0.11607	     93.933	    0.57085	-9.7531e+92	-9.7531e+92	   0.030049	   0.011844	   0.028518	    0.15419	   -0.42998	   -0.40245	
22	20	   0.044479	   0.024534	     116.48	    0.26308	-9.7531e+92	-9.7531e+92	   0.010311	  0.0025468	  0.0054145	   0.035845	  -0.093208	  -0.069500	
22	21	 1.5883e-10	 8.7606e-11	     284.69	  0.0078758	-9.7531e+92	-9.7531e+92	  0.0013384	 3.7298e-06	     0.0000	  -0.015448	-0.00013607	    0.13055	
22	22	     0.0000	     0.0000	     0.0000	     4.0000	-9.7531e+92	-9.7531e+92	    0.27936	     0.0000	    0.27899	     0.0000	     0.0000	     0.0000	
22	23	 1.9801e-10	 1.0922e-10	     209.07	   0.026949	-9.7531e+92	-9.7531e+92	 0.00043722	 3.8965e-06	     0.0000	-0.00087686	-0.00014004	   0.010760	
22	24	 1.1445e-11	 6.3128e-12	     237.89	   0.016122	-9.7531e+92	-9.7531e+92	 3.2121e-05	 3.9208e-06	     0.0000	-2.7077e-05	-0.00014093	 0.00029070	
23	0	   0.064835	   0.047203	     119.13	    0.24186	-9.7531e+92	-9.7531e+92	   0.023968	  0.0079934	     0.0000	     0.0000	   -0.41126	    0.10368	
23	1	   0.020696	   0.015068	     132.72	    0.16037	-9.7531e+92	-9.7531e+92	   0.019720	  0.0025865	     0.0000	     0.0000	   -0.12850	    0.35275	
23	2	 2.3742e-05	 1.7285e-05	     168.40	   0.063436	-9.7531e+92	-9.7531e+92	  0.0012900	 1.2441e-05	     0.0000	  -0.012569	-0.00068582	    0.11924	
23	3	 7.4294e-13	 5.4089e-13	     228.38	   0.018966	-9.7531e+92	-9.7531e+92	 0.00061124	 8.9967e-06	     0.0000	  -0.017665	-0.00049933	    0.10220	
23	4	 1.6515e-12	 1.2024e-12	     212.30	   0.025355	-9.7531e+92	-9.7531e+92	 0.00025298	 9.3916e-06	     0.0000	 -0.0081642	-0.00051833	   0.042746	
23	5	    0.21872	    0.15924	     65.633	     1.6449	-9.7531e+92	-9.7531e+92	   0.051513	   0.027995	   0.013400	   0.036702	    -1.6844	    -1.0320	
23	6	   0.040414	   0.029423	     73.330	     1.2380	-9.7531e+92	-9.7531e+92	   0.027027	  0.0052894	     0.0000	  -0.011456	   -0.31257	    0.35567	
23	7	    0.17265	    0.12569	     58.677	     2.0891	-9.7531e+92	-9.7531e+92	   0.073521	   0.020766	     0.0000	     0.0000	    -1.3210	   0.082364	
23	8	   0.048271	   0.035143	     54.810	     2.3580	-9.7531e+92	-9.7531e+92	   0.011941	  0.0056636	  0.0040643	   0.017976	   -0.33598	   -0.20808	
23	9	 8.1953e-05	 5.9666e-05	     121.73	    0.22293	-9.7531e+92	-9.7531e+92	  0.0057516	 2.0894e-05	     0.0000	 -0.0086379	 -0.0011636	    0.25396	
23	10	 6.5301e-06	 4.7542e-06	     95.614	    0.53700	-9.7531e+92	-9.7531e+92	 0.00020839	 9.7019e-06	     0.0000	-0.00029168	-0.00053218	  0.0021481	
23	11	 0.00098281	 0.00071554	     53.605	     2.4433	-9.7531e+92	-9.7531e+92	 0.00096105	 0.00010903	     0.0000	-0.00011669	 -0.0044937	  0.0013547	
23	12	 3.8882e-07	 2.8308e-07	     109.85	    0.32696	-9.7531e+92	-9.7531e+92	 0.00023912	 9.2996e-06	     0.0000	-0.00069481	-0.00051692	  0.0040465	
23	13	   0.086673	   0.063102	     113.01	    0.29441	-9.7531e+92	-9.7531e+92	   0.029980	   0.010999	     0.0000	     0.0000	   -0.56679	   0.019565	
23	14	   0.027968	   0.020362	     114.84	    0.27739	-9.7531e+92	-9.7531e+92	   0.021167	  0.0036548	     0.0000	 -0.0080808	   -0.19537	    0.35618	
23	15	 3.8969e-06	 2.8371e-06	     149.47	    0.10124	-9.7531e+92	-9.7531e+92	  0.0025145	 9.4128e-06	     0.0000	  -0.019449	-0.00055377	    0.20399	
23	16	 1.7037e-12	 1.2404e-12	     136.77	    0.14287	-9.7531e+92	-9.7531e+92	 3.0413e-05	 9.8445e-06	     0.0000	-0.00014798	-0.00053838	 0.00096568	
23	17	 1.4631e-12	 1.0652e-12	     284.58	  0.0078888	-9.7531e+92	-9.7531e+92	 3.0604e-05	 9.9569e-06	     0.0000	-0.00050865	-0.00053949	  0.0022252	
23	18	    0.30819	    0.22438	     36.898	     3.4995	-9.7531e+92	-9.7531e+92	   0.073885	   0.032282	   0.011632	  0.0084593	    -2.3775	    -1.3492	
23	19	 6.8149e-06	 4.9616e-06	     121.29	    0.22600	-9.7531e+92	-9.7531e+92	  0.0011354	 1.0165e-05	     0.0000	 -0.0021318	-0.00057485	   0.017098	
23	20	 0.00036077	 0.00026266	     93.058	    0.58941	-9.7531e+92	-9.7531e+92	  0.0042160	 5.5489e-05	     0.0000	 -0.0075006	 -0.0032240	   0.052098	
23	21	  0.0063959	  0.0046566	     78.648	     1.0121	-9.7531e+92	-9.7531e+92	   0.011026	 0.00087502	     0.0000	  -0.015218	  -0.050411	    0.38615	
23	22	 1.7701e-12	 1.2887e-12	     209.07	   0.026949	-9.7531e+92	-9.7531e+92	 3.6133e-05	 9.8017e-06	     0.0000	-0.00075145	-0.00053533	  0.0038724	
23	23	     0.0000	     0.0000	     0.0000	     4.0000	-9.7531e+92	-9.7531e+92	    0.36621	     0.0000	    0.36215	     0.0000	     0.0000	     0.0000	
23	24	  0.0037261	  0.0027128	     40.708	     3.3006	-9.7531e+92	-9.7531e+92	 0.00074742	 0.00046016	 0.00059132	 0.00019064	  -0.022829	  -0.016660	
24	0	    0.18942	   0.088171	     123.34	    0.21210	-9.7531e+92	-9.7531e+92	   0.030180	  0.0012034	     0.0000	     0.0000	  -0.098520	  -0.048668	
24	1	   0.040478	   0.018842	     142.19	    0.12292	-9.7531e+92	-9.7531e+92	   0.016810	 0.00025497	     0.0000	     0.0000	  -0.020908	   0.023733	
24	2	 4.3255e-13	 2.0134e-13	     210.29	   0.026336	-9.7531e+92	-9.7531e+92	 0.00057176	 4.5108e-07	     0.0000	-0.00080355	-4.1248e-05	   0.010980	
24	3	 3.9631e-11	 1.8447e-11	     270.69	  0.0096323	-9.7531e+92	-9.7531e+92	 0.00027654	 4.3850e-07	     0.0000	 -0.0011280	-4.0815e-05	  0.0094072	
24	4	 8.2655e-12	 3.8474e-12	     253.16	   0.012581	-9.7531e+92	-9.7531e+92	 0.00011105	 4.5822e-07	     0.0000	-0.00052132	-4.2073e-05	  0.0039260	
24	5	  0.0010756	 0.00050068	     106.34	    0.36810	-9.7531e+92	-9.7531e+92	  0.0069573	 7.5833e-06	     0.0000	-0.00072711	-0.00072345	   0.029210	
24	6	  0.0019467	 0.00090615	     108.13	    0.34637	-9.7531e+92	-9.7531e+92	   0.013627	 1.3379e-05	     0.0000	 -0.0012176	 -0.0012669	   0.054376	
24	7	    0.23911	    0.11130	     84.614	    0.80724	-9.7531e+92	-9.7531e+92	   0.056288	  0.0014562	     0.0000	     0.0000	   -0.14901	  -0.029587	
24	8	  0.0084442	  0.0039306	     77.960	     1.0389	-9.7531e+92	-9.7531e+92	  0.0019707	 5.1914e-05	     0.0000	-7.3812e-05	 -0.0050642	  0.0012490	
24	9	 0.00011245	 5.2345e-05	     149.07	    0.10229	-9.7531e+92	-9.7531e+92	  0.0039572	 1.2456e-06	     0.0000	-0.00055116	-0.00011376	   0.023295	
24	10	 1.7400e-05	 8.0994e-06	     102.71	    0.41717	-9.7531e+92	-9.7531e+92	 5.8090e-05	 5.5067e-07	     0.0000	-1.6474e-05	-4.9483e-05	 0.00018765	
24	11	  0.0081309	  0.0037848	     56.094	     2.2676	-9.7531e+92	-9.7531e+92	  0.0010960	 3.8553e-05	 0.00039249	 7.7446e-05	 -0.0017666	 -0.0010618	
24	12	 1.8631e-11	 8.6723e-12	     132.31	    0.16230	-9.7531e+92	-9.7531e+92	 5.1249e-05	 4.6181e-07	     0.0000	-4.3757e-05	-4.2120e-05	 0.00036696	
24	13	   0.036652	   0.017060	     142.21	    0.12286	-9.7531e+92	-9.7531e+92	   0.014481	 0.00023515	     0.0000	     0.0000	  -0.019843	   0.026135	
24	14	  0.0029035	  0.0013515	     150.00	   0.099849	-9.7531e+92	-9.7531e+92	  0.0094072	 1.9414e-05	     0.0000	-0.00071835	 -0.0017029	   0.045872	
24	15	 3.5610e-10	 1.6576e-10	     189.75	   0.039594	-9.7531e+92	-9.7531e+92	  0.0011142	 4.3908e-07	     0.0000	 -0.0012420	-4.2437e-05	   0.018726	
24	16	 5.3344e-11	 2.4830e-11	     177.80	   0.051213	-9.7531e+92	-9.7531e+92	 1.7469e-05	 4.8599e-07	     0.0000	-9.4490e-06	-4.3506e-05	 8.8481e-05	
24	17	 2.6448e-11	 1.2311e-11	     325.25	  0.0046269	-9.7531e+92	-9.7531e+92	 1.8307e-05	 4.8603e-07	     0.0000	-3.2479e-05	-4.3441e-05	 0.00020392	
24	18	    0.33597	    0.15639	     74.739	     1.1738	-9.7531e+92	-9.7531e+92	   0.049737	  0.0021126	  0.0099360	  0.0011170	   -0.20540	   -0.13659	
24	19	 2.8355e-10	 1.3199e-10	     150.08	   0.099629	-9.7531e+92	-9.7531e+92	 0.00017059	 4.6641e-07	     0.0000	-0.00013666	-4.2727e-05	  0.0015713	
24	20	 1.3766e-05	 6.4079e-06	     121.85	    0.22210	-9.7531e+92	-9.7531e+92	 0.00060435	 5.2848e-07	     0.0000	-0.00050691	-5.0318e-05	  0.0049993	
24	21	   0.025297	   0.011775	     85.071	    0.79345	-9.7531e+92	-9.7531e+92	   0.011012	 0.00017018	     0.0000	-0.00067724	  -0.016056	   0.024706	
24	22	 6.5248e-11	 3.0372e-11	     237.89	   0.016122	-9.7531e+92	-9.7531e+92	 2.0668e-05	 4.8093e-07	     0.0000	-4.7979e-05	-4.3241e-05	 0.00035493	
24	23	    0.11043	   0.051403	     40.708	     3.3006	-9.7531e+92	-9.7531e+92	   0.014090	 0.00072344	   0.011498	 0.00097132	  -0.064710	  -0.055436	
24	24	     0.0000	     0.0000	     0.0000	     4.0000	-9.7531e+92	-9.7531e+92	    0.23280	     0.0000	    0.23270	     0.0000	     0.0000	     0.0000	
