#source	Target	value	weight	distance	potential1	geneCorrelation	separation	influenceWeight	betweenness	influence'Weight	betweenness'	nbetweenness	nbetweenness'	
0	0	     0.0000	     0.0000	     0.0000	     4.0000	-9.7531e+92	-9.7531e+92	     3.1931	     0.0000	     2.8592	     0.0000	     0.0000	     0.0000	
0	1	   0.089606	    0.53971	     35.562	     3.5606	-9.7531e+92	-9.7531e+92	    0.28460	   0.053899	     0.0000	  0.0093355	    0.71783	 -0.0044168	
0	2	 9.3863e-11	 5.6535e-10	     211.35	   0.025814	-9.7531e+92	-9.7531e+92	   0.019156	 4.9588e-05	     0.0000	  -0.011155	 0.00063155	   0.014164	
0	3	 4.8408e-10	 2.9157e-09	     273.88	  0.0091920	-9.7531e+92	-9.7531e+92	   0.018342	 5.0173e-05	     0.0000	  -0.026216	 0.00065552	   0.013908	
0	4	 4.6190e-10	 2.7821e-09	     281.58	  0.0082298	-9.7531e+92	-9.7531e+92	  0.0078167	 5.1994e-05	     0.0000	  -0.021928	 0.00062440	   0.011752	
0	5	 1.2902e-09	 7.7711e-09	     169.69	   0.061568	-9.7531e+92	-9.7531e+92	   0.019136	 5.0729e-05	     0.0000	  -0.029593	 0.00059835	   0.012260	
0	6	  0.0084510	   0.050902	     105.31	    0.38136	-9.7531e+92	-9.7531e+92	    0.12126	  0.0061013	     0.0000	-0.00055356	   0.078328	   0.014309	
0	7	   0.053534	    0.32245	     80.265	    0.95180	-9.7531e+92	-9.7531e+92	    0.22025	   0.036000	     0.0000	 -0.0014337	    0.50525	  0.0023287	
0	8	 3.3308e-10	 2.0062e-09	     172.11	   0.058221	-9.7531e+92	-9.7531e+92	   0.012377	 4.9856e-05	     0.0000	  -0.025483	 0.00058807	   0.013002	
0	9	    0.41727	     2.5133	     86.890	    0.74099	-9.7531e+92	-9.7531e+92	    0.71632	    0.22529	    0.39724	 6.4280e-05	     4.2021	   0.033905	
0	10	 1.1069e-09	 6.6671e-09	     210.64	   0.026161	-9.7531e+92	-9.7531e+92	 0.00041694	 5.9335e-05	     0.0000	 -0.0013406	 0.00056825	 0.00050479	
0	11	 2.0348e-10	 1.2256e-09	     167.10	   0.065400	-9.7531e+92	-9.7531e+92	  0.0010061	 5.7945e-05	     0.0000	 -0.0020813	 0.00057783	  0.0010771	
0	12	 8.8794e-10	 5.3482e-09	     226.76	   0.019512	-9.7531e+92	-9.7531e+92	 0.00040290	 5.8740e-05	     0.0000	 -0.0017660	 0.00056738	 0.00061280	
0	13	    0.11999	    0.72272	     86.013	    0.76580	-9.7531e+92	-9.7531e+92	    0.32026	   0.057232	     0.0000	  0.0014653	    0.57089	  -0.011349	
0	14	   0.059542	    0.35863	     114.85	    0.27729	-9.7531e+92	-9.7531e+92	    0.35384	   0.034705	     0.0000	  -0.014149	    0.44003	   0.014760	
0	15	 1.7250e-10	 1.0390e-09	     189.51	   0.039789	-9.7531e+92	-9.7531e+92	   0.096629	 4.9452e-05	     0.0000	  -0.022892	 0.00060827	   0.033499	
0	16	 5.3505e-10	 3.2227e-09	     217.18	   0.023165	-9.7531e+92	-9.7531e+92	 0.00040571	 5.7951e-05	     0.0000	-0.00042187	 0.00056991	 0.00034945	
0	17	 4.3604e-10	 2.6263e-09	     353.56	  0.0033150	-9.7531e+92	-9.7531e+92	 0.00051479	 5.7939e-05	     0.0000	 -0.0026301	 0.00056984	  0.0011918	
0	18	    0.10201	    0.61439	     116.29	    0.26473	-9.7531e+92	-9.7531e+92	    0.26806	   0.074795	     0.0000	  0.0095850	    0.94028	 -0.0083086	
0	19	 8.3659e-10	 5.0389e-09	     234.49	   0.017074	-9.7531e+92	-9.7531e+92	 0.00076100	 5.6394e-05	     0.0000	 -0.0040667	 0.00057840	  0.0017149	
0	20	 4.9625e-10	 2.9890e-09	     206.61	   0.028245	-9.7531e+92	-9.7531e+92	  0.0014782	 5.6332e-05	     0.0000	 -0.0059883	 0.00058052	  0.0025975	
0	21	    0.14755	    0.88871	     39.458	     3.3697	-9.7531e+92	-9.7531e+92	    0.30635	   0.096947	   0.045798	  0.0092196	     1.4467	  -0.036684	
0	22	 1.4624e-10	 8.8083e-10	     321.47	  0.0048482	-9.7531e+92	-9.7531e+92	 0.00042986	 5.8514e-05	     0.0000	 -0.0017651	 0.00057275	 0.00086549	
0	23	  0.0020523	   0.012361	     119.13	    0.24186	-9.7531e+92	-9.7531e+92	   0.058644	  0.0016299	     0.0000	 -0.0045625	   0.019242	   0.011761	
0	24	 1.1931e-10	 7.1863e-10	     123.34	    0.21210	-9.7531e+92	-9.7531e+92	  0.0010193	 5.4472e-05	     0.0000	-0.00034883	 0.00062378	 0.00033811	
1	0	   0.037928	    0.26032	     35.562	     3.5606	-9.7531e+92	-9.7531e+92	    0.19690	   0.024117	     0.0000	-0.00037781	    0.32803	 0.00047820	
1	1	     0.0000	     0.0000	     0.0000	     4.0000	-9.7531e+92	-9.7531e+92	     3.5723	     0.0000	     3.1521	     0.0000	     0.0000	     0.0000	
1	2	 0.00010822	 0.00074279	     184.62	   0.044134	-9.7531e+92	-9.7531e+92	   0.073931	 0.00014842	     0.0000	 -0.0010486	  0.0020085	  0.0018855	
1	3	 5.3719e-12	 3.6870e-11	     244.14	   0.014539	-9.7531e+92	-9.7531e+92	   0.079897	 5.7254e-05	     0.0000	 -0.0024694	 0.00079352	  0.0019028	
1	4	 1.4600e-12	 1.0021e-11	     272.02	  0.0094459	-9.7531e+92	-9.7531e+92	   0.032369	 5.9271e-05	     0.0000	 -0.0020656	 0.00075832	  0.0015256	
1	5	 2.4950e-06	 1.7125e-05	     161.91	   0.074033	-9.7531e+92	-9.7531e+92	   0.017258	 5.9794e-05	     0.0000	 -0.0027874	 0.00075677	  0.0015535	
1	6	  0.0011430	  0.0078451	     96.519	    0.51972	-9.7531e+92	-9.7531e+92	    0.11085	 0.00092431	     0.0000	-2.2445e-05	   0.013572	  0.0021343	
1	7	   0.016556	    0.11363	     75.481	     1.1413	-9.7531e+92	-9.7531e+92	   0.096131	   0.011753	     0.0000	-0.00011658	    0.19385	 0.00026312	
1	8	 2.2286e-12	 1.5296e-11	     184.58	   0.044171	-9.7531e+92	-9.7531e+92	  0.0092844	 5.6664e-05	     0.0000	 -0.0024004	 0.00071800	  0.0016337	
1	9	   0.043310	    0.29726	     55.376	     2.3181	-9.7531e+92	-9.7531e+92	    0.18829	   0.029867	     0.0000	-9.5688e-05	    0.50407	 0.00036110	
1	10	 1.5962e-13	 1.0956e-12	     228.04	   0.019080	-9.7531e+92	-9.7531e+92	 0.00039435	 6.7533e-05	     0.0000	-0.00012628	 0.00069560	 6.2680e-05	
1	11	 5.9429e-13	 4.0790e-12	     185.20	   0.043588	-9.7531e+92	-9.7531e+92	 0.00070900	 6.5902e-05	     0.0000	-0.00019605	 0.00070573	 0.00013387	
1	12	 3.0360e-12	 2.0838e-11	     231.78	   0.017881	-9.7531e+92	-9.7531e+92	 0.00040764	 6.6866e-05	     0.0000	-0.00016635	 0.00069483	 7.6139e-05	
1	13	   0.032220	    0.22114	     57.043	     2.2015	-9.7531e+92	-9.7531e+92	    0.18594	   0.018199	     0.0000	-0.00023384	    0.21769	  0.0010084	
1	14	    0.85541	     5.8712	     88.839	    0.68891	-9.7531e+92	-9.7531e+92	     1.6425	    0.56917	    0.63417	   0.010783	     7.9223	  -0.018117	
1	15	 8.6451e-06	 5.9336e-05	     167.83	   0.064291	-9.7531e+92	-9.7531e+92	    0.43728	 6.3355e-05	     0.0000	 -0.0021561	 0.00083645	  0.0042661	
1	16	 7.6198e-14	 5.2299e-13	     207.46	   0.027791	-9.7531e+92	-9.7531e+92	  0.0011090	 6.6035e-05	     0.0000	-3.9739e-05	 0.00069755	 4.3280e-05	
1	17	 6.4580e-12	 4.4325e-11	     342.57	  0.0037606	-9.7531e+92	-9.7531e+92	  0.0015263	 6.6063e-05	     0.0000	-0.00024775	 0.00069705	 0.00014801	
1	18	  0.0015727	   0.010794	     111.77	    0.30668	-9.7531e+92	-9.7531e+92	    0.11772	  0.0013505	     0.0000	 -0.0017985	   0.018277	  0.0026541	
1	19	 1.4006e-12	 9.6132e-12	     226.57	   0.019575	-9.7531e+92	-9.7531e+92	 0.00083001	 6.4159e-05	     0.0000	-0.00038307	 0.00070728	 0.00021435	
1	20	 7.2944e-13	 5.0065e-12	     199.20	   0.032652	-9.7531e+92	-9.7531e+92	  0.0013233	 6.4004e-05	     0.0000	-0.00056408	 0.00071022	 0.00032485	
1	21	   0.011701	   0.080313	     57.297	     2.1839	-9.7531e+92	-9.7531e+92	   0.069216	  0.0089309	     0.0000	-3.7269e-05	    0.13696	  0.0013997	
1	22	 8.1135e-14	 5.5687e-13	     312.59	  0.0054224	-9.7531e+92	-9.7531e+92	  0.0011634	 6.6696e-05	     0.0000	-0.00016627	 0.00070045	 0.00010775	
1	23	 3.9382e-05	 0.00027030	     132.72	    0.16037	-9.7531e+92	-9.7531e+92	   0.024997	 9.2535e-05	     0.0000	-0.00044461	  0.0011726	  0.0015629	
1	24	 2.6678e-12	 1.8310e-11	     142.19	    0.12292	-9.7531e+92	-9.7531e+92	 0.00054966	 6.1990e-05	     0.0000	-3.2859e-05	 0.00074857	 4.1999e-05	
2	0	 7.2870e-05	 0.00026607	     211.35	   0.025814	-9.7531e+92	-9.7531e+92	   0.038942	 0.00011328	     0.0000	   -0.10865	 8.0605e-05	  0.0074348	
2	1	 0.00090913	  0.0033195	     184.62	   0.044134	-9.7531e+92	-9.7531e+92	   0.043436	 0.00071408	     0.0000	   -0.14873	 0.00019228	 -0.0031676	
2	2	     0.0000	     0.0000	     0.0000	     4.0000	-9.7531e+92	-9.7531e+92	     1.9419	     0.0000	     1.7493	     0.0000	     0.0000	     0.0000	
2	3	    0.23836	    0.87033	     63.167	     1.7950	-9.7531e+92	-9.7531e+92	    0.31870	   0.081660	    0.10867	   0.065077	    -1.3402	   -0.57190	
2	4	    0.18292	    0.66792	     91.235	    0.63030	-9.7531e+92	-9.7531e+92	    0.24762	   0.070654	    0.10624	    0.12805	   -0.44840	   -0.21605	
2	5	  0.0026250	  0.0095847	     120.45	    0.23204	-9.7531e+92	-9.7531e+92	   0.012519	  0.0020780	     0.0000	   -0.20521	 -0.0052386	   0.037490	
2	6	  0.0057991	   0.021175	     118.53	    0.24644	-9.7531e+92	-9.7531e+92	   0.043226	  0.0048692	     0.0000	 -0.0043945	 -0.0099309	   0.048186	
2	7	 2.4531e-05	 8.9570e-05	     153.12	   0.092143	-9.7531e+92	-9.7531e+92	   0.027146	 7.4689e-05	     0.0000	  -0.094946	-0.00017352	   0.067897	
2	8	 4.9924e-12	 1.8229e-11	     174.51	   0.055125	-9.7531e+92	-9.7531e+92	  0.0062318	 5.0877e-05	     0.0000	   -0.19068	-0.00014798	   0.044639	
2	9	 0.00026117	 0.00095361	     133.64	    0.15619	-9.7531e+92	-9.7531e+92	   0.036054	 0.00026451	     0.0000	  -0.048921	-0.00061417	   0.059241	
2	10	 2.7926e-13	 1.0197e-12	     213.20	   0.024934	-9.7531e+92	-9.7531e+92	 0.00023461	 5.9721e-05	     0.0000	  -0.010031	-0.00017491	  0.0018268	
2	11	 7.5956e-14	 2.7734e-13	     197.83	   0.033565	-9.7531e+92	-9.7531e+92	 0.00040437	 5.9536e-05	     0.0000	  -0.015574	-0.00017399	  0.0038826	
2	12	 2.8225e-13	 1.0306e-12	     181.48	   0.047226	-9.7531e+92	-9.7531e+92	 0.00028948	 5.8401e-05	     0.0000	  -0.013214	-0.00016788	  0.0022116	
2	13	    0.10806	    0.39457	     127.66	    0.18612	-9.7531e+92	-9.7531e+92	    0.15387	   0.086710	     0.0000	   0.015588	   0.091924	  0.0026136	
2	14	    0.30433	     1.1112	     97.273	    0.50580	-9.7531e+92	-9.7531e+92	    0.38779	    0.19196	     0.0000	    0.17093	   -0.40685	 -0.0044858	
2	15	    0.13570	    0.49550	     21.827	     3.9312	-9.7531e+92	-9.7531e+92	    0.28183	   0.071229	     0.0000	   0.014675	   -0.14334	  -0.029260	
2	16	  0.0034095	   0.012449	     68.097	     1.5042	-9.7531e+92	-9.7531e+92	  0.0051574	  0.0020277	  0.0016314	  0.0029161	  0.0091930	  0.0038651	
2	17	 1.8891e-12	 6.8979e-12	     160.64	   0.076357	-9.7531e+92	-9.7531e+92	   0.010040	 3.9554e-05	     0.0000	  -0.011139	 8.1564e-06	  0.0026128	
2	18	   0.017513	   0.063945	     137.27	    0.14087	-9.7531e+92	-9.7531e+92	   0.053799	   0.014377	     0.0000	   -0.13490	  -0.017164	   0.041680	
2	19	 4.9095e-08	 1.7926e-07	     139.30	    0.13308	-9.7531e+92	-9.7531e+92	  0.0013899	 5.4945e-05	     0.0000	  -0.030426	-0.00013972	  0.0060287	
2	20	 1.2658e-06	 4.6219e-06	     139.77	    0.13137	-9.7531e+92	-9.7531e+92	  0.0011341	 5.6915e-05	     0.0000	  -0.044801	-0.00014692	  0.0091092	
2	21	 1.8834e-12	 6.8771e-12	     197.19	   0.033993	-9.7531e+92	-9.7531e+92	   0.020418	 5.5164e-05	     0.0000	  -0.028622	-0.00013749	   0.051476	
2	22	 2.2350e-12	 8.1606e-12	     161.29	   0.075160	-9.7531e+92	-9.7531e+92	  0.0072363	 4.2330e-05	     0.0000	 -0.0089988	 3.0628e-06	  0.0017991	
2	23	 5.4433e-13	 1.9875e-12	     168.40	   0.063436	-9.7531e+92	-9.7531e+92	   0.011406	 5.6428e-05	     0.0000	  -0.036332	-0.00015723	   0.043963	
2	24	 2.3322e-13	 8.5156e-13	     210.29	   0.026336	-9.7531e+92	-9.7531e+92	 0.00026289	 5.9495e-05	     0.0000	 -0.0026102	-0.00017415	  0.0012216	
3	0	 3.3159e-10	 1.4639e-09	     273.88	  0.0091920	-9.7531e+92	-9.7531e+92	   0.029919	 5.2386e-05	     0.0000	  -0.098421	-0.00010110	    0.11110	
3	1	 2.8119e-09	 1.2414e-08	     244.14	   0.014539	-9.7531e+92	-9.7531e+92	   0.033478	 4.6408e-05	     0.0000	   -0.13658	-0.00013225	    0.11010	
3	2	    0.27940	     1.2335	     63.167	     1.7950	-9.7531e+92	-9.7531e+92	    0.45506	    0.11970	    0.22220	   0.047695	    -1.6549	   -0.82561	
3	3	     0.0000	     0.0000	     0.0000	     4.0000	-9.7531e+92	-9.7531e+92	     2.4088	     0.0000	     2.1549	     0.0000	     0.0000	     0.0000	
3	4	    0.36838	     1.6263	     82.606	    0.87092	-9.7531e+92	-9.7531e+92	    0.50250	    0.12977	    0.33157	    0.26682	    -1.8170	    -1.1899	
3	5	 1.9402e-09	 8.5654e-09	     167.87	   0.064235	-9.7531e+92	-9.7531e+92	   0.011232	 5.0002e-05	     0.0000	   -0.20033	-0.00028138	    0.11112	
3	6	 2.0579e-09	 9.0850e-09	     180.81	   0.047921	-9.7531e+92	-9.7531e+92	   0.033925	 5.3558e-05	     0.0000	 -0.0044747	-0.00026341	    0.15631	
3	7	 1.3840e-08	 6.1098e-08	     215.68	   0.023812	-9.7531e+92	-9.7531e+92	   0.020676	 5.2737e-05	     0.0000	  -0.085930	-0.00027797	    0.18694	
3	8	 8.5206e-09	 3.7616e-08	     221.29	   0.021502	-9.7531e+92	-9.7531e+92	  0.0055569	 4.9357e-05	     0.0000	   -0.17250	-0.00030082	    0.11666	
3	9	 1.5577e-09	 6.8769e-09	     191.41	   0.038254	-9.7531e+92	-9.7531e+92	   0.028080	 5.2109e-05	     0.0000	  -0.044476	-0.00027695	    0.16404	
3	10	 2.5177e-11	 1.1115e-10	     258.79	   0.011525	-9.7531e+92	-9.7531e+92	 0.00025537	 5.7968e-05	     0.0000	 -0.0090747	-0.00033076	  0.0044655	
3	11	 8.1345e-11	 3.5911e-10	     244.71	   0.014404	-9.7531e+92	-9.7531e+92	 0.00038828	 5.7692e-05	     0.0000	  -0.014089	-0.00032814	  0.0095391	
3	12	 2.6702e-11	 1.1788e-10	     227.10	   0.019395	-9.7531e+92	-9.7531e+92	 0.00037100	 5.6850e-05	     0.0000	  -0.011955	-0.00032677	  0.0054250	
3	13	   0.046479	    0.20519	     188.65	   0.040519	-9.7531e+92	-9.7531e+92	    0.12109	   0.036304	     0.0000	  -0.011764	  -0.050570	   0.049556	
3	14	    0.12089	    0.53371	     161.01	   0.075671	-9.7531e+92	-9.7531e+92	    0.29144	   0.071810	     0.0000	  -0.023733	   -0.44336	   0.049422	
3	15	    0.18237	    0.80513	     84.108	    0.82281	-9.7531e+92	-9.7531e+92	    0.36799	   0.087630	     0.0000	   0.027986	   -0.58459	   -0.22082	
3	16	 5.5381e-09	 2.4449e-08	     111.94	    0.30495	-9.7531e+92	-9.7531e+92	  0.0041651	 4.3338e-05	     0.0000	 -0.0018444	-0.00017012	  0.0030818	
3	17	 3.8924e-10	 1.7184e-09	     122.41	    0.21829	-9.7531e+92	-9.7531e+92	   0.020274	 3.0574e-05	  0.0062339	 -0.0054646	 9.2747e-05	 -0.0017789	
3	18	  0.0024659	   0.010886	     199.21	   0.032649	-9.7531e+92	-9.7531e+92	   0.036604	  0.0020048	     0.0000	   -0.15532	 -0.0080342	    0.18881	
3	19	 1.1706e-09	 5.1677e-09	     184.07	   0.044655	-9.7531e+92	-9.7531e+92	  0.0023622	 5.3832e-05	     0.0000	  -0.027529	-0.00030436	   0.015290	
3	20	 6.0026e-10	 2.6500e-09	     185.64	   0.043179	-9.7531e+92	-9.7531e+92	  0.0013546	 5.4793e-05	     0.0000	  -0.040537	-0.00030871	   0.023175	
3	21	 3.2891e-09	 1.4520e-08	     259.71	   0.011362	-9.7531e+92	-9.7531e+92	   0.015905	 5.3280e-05	     0.0000	  -0.025893	-0.00028919	    0.13709	
3	22	 7.6367e-09	 3.3713e-08	     164.94	   0.068842	-9.7531e+92	-9.7531e+92	   0.014582	 4.0208e-05	  0.0041631	 -0.0074760	-0.00013704	  0.0062585	
3	23	 2.7667e-09	 1.2214e-08	     228.38	   0.018966	-9.7531e+92	-9.7531e+92	  0.0079481	 5.4629e-05	     0.0000	  -0.032869	-0.00031034	    0.11162	
3	24	 1.0371e-08	 4.5786e-08	     270.69	  0.0096323	-9.7531e+92	-9.7531e+92	 0.00024917	 5.7605e-05	     0.0000	 -0.0023613	-0.00032812	  0.0029923	
4	0	 8.7892e-12	 2.3284e-11	     281.58	  0.0082298	-9.7531e+92	-9.7531e+92	   0.011848	 4.8547e-05	     0.0000	   -0.13961	-0.00047163	    0.37286	
4	1	 1.0368e-11	 2.7467e-11	     272.02	  0.0094459	-9.7531e+92	-9.7531e+92	   0.013596	 4.6317e-05	     0.0000	   -0.19374	-0.00045925	    0.39047	
4	2	    0.30039	    0.79579	     91.235	    0.63030	-9.7531e+92	-9.7531e+92	    0.29082	    0.12668	    0.15108	   0.062576	    -3.2755	    -2.1528	
4	3	    0.34888	    0.92426	     82.606	    0.87092	-9.7531e+92	-9.7531e+92	    0.33123	   0.089341	    0.17885	    0.12612	    -4.8861	    -3.2934	
4	4	     0.0000	     0.0000	     0.0000	     4.0000	-9.7531e+92	-9.7531e+92	     1.4436	     0.0000	     1.3410	     0.0000	     0.0000	     0.0000	
4	5	  0.0025110	  0.0066521	     147.08	    0.10778	-9.7531e+92	-9.7531e+92	  0.0089213	  0.0017460	     0.0000	   -0.26426	  -0.025980	    0.28611	
4	6	 2.7469e-12	 7.2772e-12	     179.35	   0.049487	-9.7531e+92	-9.7531e+92	   0.015565	 4.9686e-05	     0.0000	 -0.0063474	-0.00065468	    0.43810	
4	7	 1.8534e-11	 4.9101e-11	     209.16	   0.026904	-9.7531e+92	-9.7531e+92	  0.0085497	 4.8849e-05	     0.0000	   -0.12189	-0.00067123	    0.51787	
4	8	 6.6059e-12	 1.7500e-11	     186.41	   0.042479	-9.7531e+92	-9.7531e+92	  0.0044293	 4.4637e-05	     0.0000	   -0.24470	-0.00069341	    0.31872	
4	9	 5.2253e-11	 1.3843e-10	     223.28	   0.020749	-9.7531e+92	-9.7531e+92	   0.011197	 4.8418e-05	     0.0000	  -0.063091	-0.00067046	    0.45457	
4	10	 1.4449e-11	 3.8278e-11	     204.61	   0.029363	-9.7531e+92	-9.7531e+92	 0.00019225	 5.2221e-05	     0.0000	  -0.012873	-0.00072286	   0.011967	
4	11	 1.4195e-11	 3.7606e-11	     218.09	   0.022784	-9.7531e+92	-9.7531e+92	 0.00026232	 5.2241e-05	     0.0000	  -0.019985	-0.00072307	   0.025602	
4	12	 4.4756e-11	 1.1857e-10	     165.11	   0.068567	-9.7531e+92	-9.7531e+92	 0.00050396	 5.0914e-05	     0.0000	  -0.016958	-0.00071305	   0.014554	
4	13	  0.0013432	  0.0035584	     217.30	   0.023117	-9.7531e+92	-9.7531e+92	   0.043955	  0.0010286	     0.0000	  -0.043581	 -0.0091468	    0.46274	
4	14	   0.028422	   0.075296	     184.55	   0.044193	-9.7531e+92	-9.7531e+92	    0.11871	   0.017584	     0.0000	   -0.18416	   -0.21933	    0.77439	
4	15	    0.16867	    0.44684	     106.18	    0.37015	-9.7531e+92	-9.7531e+92	    0.20278	   0.089346	     0.0000	   0.086128	    -1.6047	   -0.57853	
4	16	   0.010974	   0.029073	     75.439	     1.1432	-9.7531e+92	-9.7531e+92	  0.0087758	  0.0057817	  0.0062175	   0.017633	  -0.065699	  -0.059773	
4	17	   0.079970	    0.21186	     73.525	     1.2289	-9.7531e+92	-9.7531e+92	   0.057908	   0.029466	   0.049483	    0.12813	   -0.31257	   -0.29050	
4	18	 0.00054654	  0.0014479	     186.18	   0.042684	-9.7531e+92	-9.7531e+92	   0.016623	 0.00044605	     0.0000	   -0.22635	 -0.0054813	    0.56895	
4	19	  0.0019449	  0.0051525	     119.82	    0.23665	-9.7531e+92	-9.7531e+92	  0.0057924	  0.0014300	     0.0000	  -0.022732	  -0.020317	   0.024116	
4	20	 6.2091e-05	 0.00016449	     135.08	    0.14987	-9.7531e+92	-9.7531e+92	  0.0021521	 9.5144e-05	     0.0000	  -0.056998	 -0.0013481	   0.062284	
4	21	 9.8016e-11	 2.5966e-10	     253.96	   0.012424	-9.7531e+92	-9.7531e+92	  0.0061120	 4.9269e-05	     0.0000	  -0.036730	-0.00068410	    0.37647	
4	22	   0.056285	    0.14911	     82.638	    0.86986	-9.7531e+92	-9.7531e+92	   0.041550	   0.022727	   0.035298	    0.12211	   -0.23379	   -0.21190	
4	23	 6.5488e-11	 1.7349e-10	     212.30	   0.025355	-9.7531e+92	-9.7531e+92	  0.0037437	 4.9938e-05	     0.0000	  -0.046625	-0.00070595	    0.30249	
4	24	 4.0149e-11	 1.0636e-10	     253.16	   0.012581	-9.7531e+92	-9.7531e+92	 0.00013750	 5.2431e-05	     0.0000	 -0.0033497	-0.00072428	  0.0080239	
5	0	 4.8049e-05	 7.4265e-05	     169.69	   0.061568	-9.7531e+92	-9.7531e+92	  0.0046938	 5.5208e-05	     0.0000	  -0.076203	 -0.0023448	    0.65591	
5	1	 5.5353e-05	 8.5554e-05	     161.91	   0.074033	-9.7531e+92	-9.7531e+92	  0.0059729	 5.9784e-05	     0.0000	   -0.10574	 -0.0024125	    0.70454	
5	2	 0.00045747	 0.00070706	     120.45	    0.23204	-9.7531e+92	-9.7531e+92	  0.0020371	 0.00025359	     0.0000	  -0.058010	  -0.011590	    0.66761	
5	3	 4.9854e-06	 7.7055e-06	     167.87	   0.064235	-9.7531e+92	-9.7531e+92	  0.0014073	 3.3958e-05	     0.0000	   -0.13751	 -0.0015448	    0.71730	
5	4	 5.5015e-06	 8.5031e-06	     147.08	    0.10778	-9.7531e+92	-9.7531e+92	  0.0010109	 3.4360e-05	     0.0000	   -0.11501	 -0.0016487	    0.50915	
5	5	     0.0000	     0.0000	     0.0000	     4.0000	-9.7531e+92	-9.7531e+92	    0.88298	     0.0000	    0.82760	     0.0000	     0.0000	     0.0000	
5	6	   0.023729	   0.036676	     72.218	     1.2908	-9.7531e+92	-9.7531e+92	   0.022475	   0.010977	     0.0000	 -0.0018848	   -0.55177	    0.37955	
5	7	  0.0057798	  0.0089333	     89.752	    0.66590	-9.7531e+92	-9.7531e+92	   0.018340	  0.0028636	     0.0000	  -0.060212	   -0.13778	    0.74082	
5	8	    0.81242	     1.2557	     54.235	     2.3987	-9.7531e+92	-9.7531e+92	    0.36658	    0.16162	    0.31043	    0.42996	    -15.686	    -7.8278	
5	9	 1.7396e-06	 2.6887e-06	     134.70	    0.15149	-9.7531e+92	-9.7531e+92	  0.0039371	 3.3402e-05	     0.0000	  -0.034465	 -0.0016146	    0.71926	
5	10	 3.6870e-07	 5.6986e-07	     93.726	    0.57518	-9.7531e+92	-9.7531e+92	  0.0058499	 2.6739e-05	  0.0037100	 -0.0045805	 -0.0014502	   0.016763	
5	11	 4.9703e-05	 7.6821e-05	     77.490	     1.0576	-9.7531e+92	-9.7531e+92	   0.011591	 4.5621e-05	  0.0071190	 -0.0061953	 -0.0024897	   0.034644	
5	12	 2.4662e-05	 3.8117e-05	     80.590	    0.94012	-9.7531e+92	-9.7531e+92	  0.0046859	 3.4227e-05	  0.0021011	 -0.0056515	 -0.0019253	   0.019229	
5	13	  0.0017344	  0.0026807	     125.66	    0.19761	-9.7531e+92	-9.7531e+92	   0.010686	 0.00086969	     0.0000	  -0.023680	  -0.035649	    0.83424	
5	14	   0.015603	   0.024116	     108.09	    0.34690	-9.7531e+92	-9.7531e+92	   0.020993	  0.0070708	     0.0000	   -0.11147	   -0.31779	     1.5322	
5	15	 0.00033720	 0.00052118	     104.94	    0.38615	-9.7531e+92	-9.7531e+92	  0.0061060	 0.00018700	     0.0000	   -0.11968	 -0.0094222	     1.3502	
5	16	 1.3368e-05	 2.0662e-05	     71.546	     1.3237	-9.7531e+92	-9.7531e+92	 0.00011846	 4.0221e-05	     0.0000	 -0.0021802	 -0.0018920	   0.012501	
5	17	 2.7615e-13	 4.2682e-13	     219.60	   0.022168	-9.7531e+92	-9.7531e+92	 9.2379e-05	 3.5088e-05	     0.0000	  -0.013797	 -0.0016335	   0.043744	
5	18	   0.078176	    0.12083	     53.346	     2.4617	-9.7531e+92	-9.7531e+92	   0.078754	   0.031977	     0.0000	  0.0094297	    -1.7946	  -0.071106	
5	19	  0.0039983	  0.0061798	     64.874	     1.6901	-9.7531e+92	-9.7531e+92	   0.013050	  0.0012593	  0.0057646	 -0.0012179	  -0.082720	  0.0073994	
5	20	   0.049481	   0.076478	     39.691	     3.3571	-9.7531e+92	-9.7531e+92	   0.040057	   0.014777	   0.029043	   0.065988	   -0.99647	   -0.46718	
5	21	 3.4129e-07	 5.2750e-07	     132.91	    0.15951	-9.7531e+92	-9.7531e+92	  0.0050495	 3.2905e-05	     0.0000	  -0.020065	 -0.0015941	    0.59222	
5	22	 3.2177e-13	 4.9733e-13	     151.89	   0.095092	-9.7531e+92	-9.7531e+92	 0.00010832	 3.3514e-05	     0.0000	 -0.0088335	 -0.0015944	   0.032083	
5	23	  0.0080742	   0.012480	     65.633	     1.6449	-9.7531e+92	-9.7531e+92	   0.038125	  0.0035466	     0.0000	  -0.017448	   -0.18767	    0.35969	
5	24	 2.0232e-08	 3.1271e-08	     106.34	    0.36810	-9.7531e+92	-9.7531e+92	 0.00075049	 3.2329e-05	     0.0000	 -0.0018093	 -0.0015815	   0.012422	
6	0	   0.028527	   0.055123	     105.31	    0.38136	-9.7531e+92	-9.7531e+92	   0.049733	   0.018361	     0.0000	     0.0000	    0.13031	     0.0000	
6	1	    0.10542	    0.20371	     96.519	    0.51972	-9.7531e+92	-9.7531e+92	   0.089823	   0.068143	     0.0000	     0.0000	    0.52600	     0.0000	
6	2	  0.0015066	  0.0029111	     118.53	    0.24644	-9.7531e+92	-9.7531e+92	  0.0087383	  0.0011143	     0.0000	     0.0000	  0.0076411	     0.0000	
6	3	 8.0405e-06	 1.5537e-05	     180.81	   0.047921	-9.7531e+92	-9.7531e+92	  0.0082707	 5.3439e-05	     0.0000	     0.0000	 0.00039004	     0.0000	
6	4	 1.4257e-06	 2.7548e-06	     179.35	   0.049487	-9.7531e+92	-9.7531e+92	  0.0035039	 5.0324e-05	     0.0000	     0.0000	 0.00032204	     0.0000	
6	5	   0.048378	   0.093480	     72.218	     1.2908	-9.7531e+92	-9.7531e+92	   0.035459	   0.033203	     0.0000	     0.0000	    0.21836	     0.0000	
6	6	     0.0000	     0.0000	     0.0000	     4.0000	-9.7531e+92	-9.7531e+92	     1.0008	     0.0000	    0.90037	     0.0000	     0.0000	     0.0000	
6	7	    0.17327	    0.33481	     34.871	     3.5904	-9.7531e+92	-9.7531e+92	    0.12162	    0.11365	  0.0050712	     0.0000	    0.84842	     0.0000	
6	8	 0.00011527	 0.00022274	     109.28	    0.33318	-9.7531e+92	-9.7531e+92	   0.017034	 0.00012322	     0.0000	     0.0000	 0.00080328	     0.0000	
6	9	   0.093244	    0.18017	     62.827	     1.8164	-9.7531e+92	-9.7531e+92	   0.073066	   0.058761	     0.0000	     0.0000	    0.46452	     0.0000	
6	10	 1.2138e-14	 2.3454e-14	     153.37	   0.091543	-9.7531e+92	-9.7531e+92	 0.00034181	 5.5135e-05	     0.0000	     0.0000	 0.00027244	     0.0000	
6	11	 1.2304e-08	 2.3775e-08	     117.04	    0.25846	-9.7531e+92	-9.7531e+92	 0.00081503	 5.3026e-05	     0.0000	     0.0000	 0.00029218	     0.0000	
6	12	 1.1801e-13	 2.2802e-13	     152.49	   0.093630	-9.7531e+92	-9.7531e+92	 0.00029381	 5.4739e-05	     0.0000	     0.0000	 0.00026971	     0.0000	
6	13	    0.13754	    0.26578	     53.773	     2.4314	-9.7531e+92	-9.7531e+92	    0.10219	   0.075406	     0.0000	     0.0000	    0.35331	     0.0000	
6	14	    0.17518	    0.33851	     41.508	     3.2546	-9.7531e+92	-9.7531e+92	    0.16115	   0.099844	     0.0000	     0.0000	    0.59603	     0.0000	
6	15	 0.00067225	  0.0012990	     96.746	    0.51548	-9.7531e+92	-9.7531e+92	   0.043787	 0.00050228	     0.0000	     0.0000	  0.0034241	     0.0000	
6	16	 1.5482e-12	 2.9915e-12	     111.89	    0.30549	-9.7531e+92	-9.7531e+92	 0.00015856	 5.4849e-05	     0.0000	     0.0000	 0.00026574	     0.0000	
6	17	 2.7245e-13	 5.2646e-13	     251.72	   0.012870	-9.7531e+92	-9.7531e+92	 0.00020506	 5.5174e-05	     0.0000	     0.0000	 0.00025869	     0.0000	
6	18	    0.22429	    0.43338	     36.723	     3.5078	-9.7531e+92	-9.7531e+92	    0.14214	    0.13133	  0.0018214	     0.0000	    0.87165	     0.0000	
6	19	 9.8708e-08	 1.9073e-07	     133.74	    0.15573	-9.7531e+92	-9.7531e+92	 0.00070255	 5.2052e-05	     0.0000	     0.0000	 0.00028450	     0.0000	
6	20	 3.3898e-05	 6.5501e-05	     111.59	    0.30852	-9.7531e+92	-9.7531e+92	  0.0018804	 7.6378e-05	     0.0000	     0.0000	 0.00046042	     0.0000	
6	21	  0.0063834	   0.012335	     78.899	     1.0025	-9.7531e+92	-9.7531e+92	   0.037636	  0.0044997	     0.0000	     0.0000	   0.029831	     0.0000	
6	22	 2.9412e-13	 5.6832e-13	     216.08	   0.023641	-9.7531e+92	-9.7531e+92	 0.00016746	 5.5519e-05	     0.0000	     0.0000	 0.00026379	     0.0000	
6	23	  0.0054216	   0.010476	     73.330	     1.2380	-9.7531e+92	-9.7531e+92	   0.032155	  0.0036544	     0.0000	     0.0000	   0.030175	     0.0000	
6	24	 1.5417e-06	 2.9790e-06	     108.13	    0.34637	-9.7531e+92	-9.7531e+92	 0.00044512	 5.2378e-05	     0.0000	     0.0000	 0.00031881	     0.0000	
7	0	   0.074635	    0.11658	     80.265	    0.95180	-9.7531e+92	-9.7531e+92	   0.060301	   0.051876	     0.0000	  0.0080764	    0.13394	-0.00099445	
7	1	    0.17527	    0.27378	     75.481	     1.1413	-9.7531e+92	-9.7531e+92	    0.10046	    0.14694	  0.0048261	   0.062354	    0.70869	 -0.0013449	
7	2	 7.5519e-05	 0.00011796	     153.12	   0.092143	-9.7531e+92	-9.7531e+92	  0.0057257	 0.00012650	     0.0000	  -0.018498	 0.00048119	  0.0086877	
7	3	 4.9900e-08	 7.7946e-08	     215.68	   0.023812	-9.7531e+92	-9.7531e+92	  0.0058553	 5.9219e-05	     0.0000	  -0.043534	 0.00025728	  0.0073950	
7	4	 1.2344e-14	 1.9282e-14	     209.16	   0.026904	-9.7531e+92	-9.7531e+92	  0.0024499	 6.0515e-05	     0.0000	  -0.036414	 0.00019948	  0.0082324	
7	5	  0.0011605	  0.0018128	     89.752	    0.66590	-9.7531e+92	-9.7531e+92	  0.0060459	  0.0010097	     0.0000	  -0.047551	  0.0031360	  0.0091940	
7	6	   0.098785	    0.15430	     34.871	     3.5904	-9.7531e+92	-9.7531e+92	   0.058107	   0.070993	     0.0000	 8.5814e-05	    0.30783	  -0.010506	
7	7	     0.0000	     0.0000	     0.0000	     4.0000	-9.7531e+92	-9.7531e+92	    0.82334	     0.0000	    0.72913	     0.0000	     0.0000	     0.0000	
7	8	 0.00055621	 0.00086882	     109.89	    0.32644	-9.7531e+92	-9.7531e+92	  0.0038351	 0.00049904	     0.0000	  -0.041648	  0.0015433	   0.010251	
7	9	   0.013287	   0.020755	     64.406	     1.7184	-9.7531e+92	-9.7531e+92	   0.033570	   0.010292	     0.0000	 -0.0081751	   0.040114	   0.010482	
7	10	 2.1739e-12	 3.3957e-12	     153.29	   0.091732	-9.7531e+92	-9.7531e+92	 0.00011793	 6.5286e-05	     0.0000	 -0.0022261	 0.00013827	 0.00042222	
7	11	 1.5202e-06	 2.3747e-06	     112.26	    0.30176	-9.7531e+92	-9.7531e+92	 0.00027788	 6.3273e-05	     0.0000	 -0.0032663	 0.00017545	 0.00089749	
7	12	 4.8012e-13	 7.4996e-13	     158.06	   0.081372	-9.7531e+92	-9.7531e+92	 0.00011220	 6.5265e-05	     0.0000	 -0.0029326	 0.00013023	 0.00051139	
7	13	    0.11833	    0.18484	     57.312	     2.1828	-9.7531e+92	-9.7531e+92	   0.080201	   0.073878	     0.0000	  0.0036903	   0.026886	-0.00027879	
7	14	    0.10080	    0.15746	     65.464	     1.6549	-9.7531e+92	-9.7531e+92	    0.11618	   0.079484	     0.0000	  -0.012422	    0.37966	  0.0013502	
7	15	 0.00026048	 0.00040688	     131.62	    0.16559	-9.7531e+92	-9.7531e+92	   0.031371	 0.00028532	     0.0000	  -0.037915	 0.00085297	   0.025379	
7	16	 1.4916e-12	 2.3299e-12	     137.28	    0.14083	-9.7531e+92	-9.7531e+92	 0.00011719	 6.6752e-05	     0.0000	-0.00070056	 0.00011671	 0.00029494	
7	17	 5.9884e-13	 9.3540e-13	     281.54	  0.0082346	-9.7531e+92	-9.7531e+92	 0.00015043	 6.6812e-05	     0.0000	 -0.0043675	 0.00011658	 0.00099642	
7	18	   0.065851	    0.10286	     38.248	     3.4331	-9.7531e+92	-9.7531e+92	   0.063007	   0.040689	     0.0000	 -0.0010846	    0.10407	  0.0041926	
7	19	 6.5244e-12	 1.0191e-11	     154.38	   0.089237	-9.7531e+92	-9.7531e+92	 0.00021908	 6.2247e-05	     0.0000	 -0.0067531	 0.00014555	  0.0014003	
7	20	 1.3412e-05	 2.0950e-05	     126.68	    0.19164	-9.7531e+92	-9.7531e+92	 0.00044533	 7.4080e-05	     0.0000	 -0.0099253	 0.00018243	  0.0021129	
7	21	    0.34787	    0.54339	     44.967	     3.0407	-9.7531e+92	-9.7531e+92	    0.15492	    0.23214	   0.087347	     0.0000	     1.4775	   0.098802	
7	22	 4.8759e-12	 7.6163e-12	     241.36	   0.015218	-9.7531e+92	-9.7531e+92	 0.00012366	 6.7045e-05	     0.0000	 -0.0029311	 0.00012343	 0.00071712	
7	23	  0.0029868	  0.0046655	     58.677	     2.0891	-9.7531e+92	-9.7531e+92	   0.014594	  0.0022927	     0.0000	 -0.0043514	   0.012446	  0.0079435	
7	24	 0.00010616	 0.00016583	     84.614	    0.80724	-9.7531e+92	-9.7531e+92	 0.00034250	 0.00014356	     0.0000	-0.00038346	 0.00070472	 0.00024859	
8	0	 0.00016244	 0.00017809	     172.11	   0.058221	-9.7531e+92	-9.7531e+92	  0.0039107	 0.00012340	     0.0000	   -0.11762	 -0.0054492	    0.80143	
8	1	 0.00010505	 0.00011517	     184.58	   0.044171	-9.7531e+92	-9.7531e+92	  0.0047318	 9.4838e-05	     0.0000	   -0.16342	 -0.0039515	    0.85974	
8	2	 8.7997e-06	 9.6471e-06	     174.51	   0.055125	-9.7531e+92	-9.7531e+92	  0.0014600	 4.0964e-05	     0.0000	  -0.090491	 -0.0019449	    0.82975	
8	3	 1.4909e-11	 1.6345e-11	     221.29	   0.021502	-9.7531e+92	-9.7531e+92	 0.00099902	 3.5298e-05	     0.0000	   -0.21270	 -0.0016741	    0.88227	
8	4	 2.8217e-08	 3.0935e-08	     186.41	   0.042479	-9.7531e+92	-9.7531e+92	 0.00081451	 3.5392e-05	     0.0000	   -0.17791	 -0.0017754	    0.62905	
8	5	    0.53084	    0.58196	     54.235	     2.3987	-9.7531e+92	-9.7531e+92	    0.18028	   0.064077	    0.14099	    0.12463	    -12.324	    -6.5144	
8	6	  0.0056158	  0.0061566	     109.28	    0.33318	-9.7531e+92	-9.7531e+92	   0.014401	  0.0030170	     0.0000	 -0.0047837	   -0.15409	    0.77068	
8	7	  0.0011178	  0.0012254	     109.89	    0.32644	-9.7531e+92	-9.7531e+92	   0.015605	 0.00064638	     0.0000	   -0.10108	  -0.032549	    0.99580	
8	8	     0.0000	     0.0000	     0.0000	     4.0000	-9.7531e+92	-9.7531e+92	    0.63225	     0.0000	    0.59243	     0.0000	     0.0000	     0.0000	
8	9	 1.9016e-12	 2.0847e-12	     171.65	   0.058843	-9.7531e+92	-9.7531e+92	  0.0030548	 3.6322e-05	     0.0000	  -0.053306	 -0.0018348	    0.89074	
8	10	   0.029115	   0.031918	     44.054	     3.0993	-9.7531e+92	-9.7531e+92	  0.0098774	   0.010533	  0.0083595	    0.12120	   -0.66396	   -0.36917	
8	11	   0.059234	   0.064938	     32.525	     3.6821	-9.7531e+92	-9.7531e+92	   0.019758	   0.021161	   0.016586	    0.13160	    -1.3546	   -0.75262	
8	12	   0.013378	   0.014666	     55.069	     2.3397	-9.7531e+92	-9.7531e+92	  0.0067938	  0.0054590	  0.0049605	   0.073010	   -0.33696	   -0.18327	
8	13	  0.0014307	  0.0015685	     162.59	   0.072826	-9.7531e+92	-9.7531e+92	  0.0096582	 0.00081454	     0.0000	  -0.036778	  -0.034426	     1.0227	
8	14	  0.0065232	  0.0071514	     146.54	    0.10935	-9.7531e+92	-9.7531e+92	   0.014537	  0.0033837	     0.0000	   -0.18432	   -0.15445	     2.0027	
8	15	 1.0791e-06	 1.1830e-06	     159.01	   0.079481	-9.7531e+92	-9.7531e+92	  0.0042031	 3.5540e-05	     0.0000	   -0.18573	 -0.0018494	     1.6769	
8	16	 7.5895e-13	 8.3204e-13	     112.87	    0.29583	-9.7531e+92	-9.7531e+92	 9.4946e-05	 3.7612e-05	     0.0000	 -0.0034228	 -0.0018832	   0.015759	
8	17	 2.6347e-13	 2.8884e-13	     258.50	   0.011577	-9.7531e+92	-9.7531e+92	 6.9468e-05	 3.8764e-05	     0.0000	  -0.021339	 -0.0019029	   0.054307	
8	18	    0.15709	    0.17222	     75.421	     1.1439	-9.7531e+92	-9.7531e+92	   0.073013	   0.074243	     0.0000	    0.22122	    -4.1593	    -1.3462	
8	19	   0.015543	   0.017039	     80.536	    0.94205	-9.7531e+92	-9.7531e+92	   0.013353	  0.0057325	  0.0081854	   0.043011	   -0.39757	   -0.17198	
8	20	   0.082199	   0.090115	     51.987	     2.5582	-9.7531e+92	-9.7531e+92	   0.034045	   0.029038	   0.026233	    0.25232	    -2.0738	    -1.1659	
8	21	 9.5142e-06	 1.0430e-05	     132.38	    0.16196	-9.7531e+92	-9.7531e+92	  0.0043937	 4.1695e-05	     0.0000	  -0.031027	 -0.0021133	    0.73371	
8	22	 5.8118e-13	 6.3714e-13	     168.70	   0.062994	-9.7531e+92	-9.7531e+92	 8.8102e-05	 3.7361e-05	     0.0000	  -0.014088	 -0.0018726	   0.039817	
8	23	   0.097427	    0.10681	     54.810	     2.3580	-9.7531e+92	-9.7531e+92	   0.047753	   0.045117	   0.010457	   0.056106	    -2.5899	    -1.0708	
8	24	 0.00019922	 0.00021841	     77.960	     1.0389	-9.7531e+92	-9.7531e+92	  0.0010499	 0.00013572	 6.9984e-06	 -0.0021245	 -0.0071308	   0.011900	
9	0	    0.29131	    0.45792	     86.890	    0.74099	-9.7531e+92	-9.7531e+92	    0.14100	    0.13429	   0.053871	  0.0049020	     3.1988	    0.17247	
9	1	    0.16139	    0.25369	     55.376	     2.3181	-9.7531e+92	-9.7531e+92	   0.097034	    0.14464	 0.00079728	    0.24473	     3.0614	    0.67061	
9	2	  0.0041317	  0.0064947	     133.64	    0.15619	-9.7531e+92	-9.7531e+92	  0.0080831	  0.0043817	     0.0000	  -0.076300	   0.085382	   -0.31444	
9	3	 7.1714e-05	 0.00011273	     191.41	   0.038254	-9.7531e+92	-9.7531e+92	  0.0068644	 0.00014479	     0.0000	   -0.19430	  0.0028592	   -0.37478	
9	4	 1.3044e-11	 2.0503e-11	     223.28	   0.020749	-9.7531e+92	-9.7531e+92	  0.0029535	 7.1767e-05	     0.0000	   -0.16273	  0.0013497	   -0.24750	
9	5	 0.00092953	  0.0014611	     134.70	    0.15149	-9.7531e+92	-9.7531e+92	  0.0055584	  0.0010366	     0.0000	   -0.21391	   0.019772	   -0.22029	
9	6	    0.11761	    0.18488	     62.827	     1.8164	-9.7531e+92	-9.7531e+92	   0.066703	    0.11331	     0.0000	  0.0061921	     2.3864	    0.41609	
9	7	   0.076900	    0.12088	     64.406	     1.7184	-9.7531e+92	-9.7531e+92	   0.059045	   0.076089	     0.0000	   0.025832	     1.5532	    0.10449	
9	8	 8.9452e-12	 1.4061e-11	     171.65	   0.058843	-9.7531e+92	-9.7531e+92	  0.0031628	 6.8391e-05	     0.0000	   -0.18911	  0.0013152	   -0.22810	
9	9	     0.0000	     0.0000	     0.0000	     4.0000	-9.7531e+92	-9.7531e+92	    0.83206	     0.0000	    0.74879	     0.0000	     0.0000	     0.0000	
9	10	 3.5668e-12	 5.6067e-12	     215.04	   0.024096	-9.7531e+92	-9.7531e+92	 0.00010723	 8.1050e-05	     0.0000	 -0.0099482	  0.0012964	 -0.0082234	
9	11	 1.8803e-11	 2.9557e-11	     175.31	   0.054135	-9.7531e+92	-9.7531e+92	 0.00023034	 7.9646e-05	     0.0000	  -0.015445	  0.0013036	  -0.017652	
9	12	 4.1869e-12	 6.5814e-12	     214.99	   0.024120	-9.7531e+92	-9.7531e+92	 0.00010486	 8.0113e-05	     0.0000	  -0.013105	  0.0012961	  -0.010024	
9	13	    0.14491	    0.22779	     9.0540	     3.9979	-9.7531e+92	-9.7531e+92	   0.089270	    0.10123	     0.0000	   0.016723	     2.2216	    0.42031	
9	14	    0.13595	    0.21371	     38.749	     3.4073	-9.7531e+92	-9.7531e+92	    0.12643	    0.11755	     0.0000	  -0.013355	     2.5690	  -0.074282	
9	15	  0.0031262	  0.0049140	     117.55	    0.25424	-9.7531e+92	-9.7531e+92	   0.035465	  0.0032877	     0.0000	   -0.16459	   0.063969	   -0.61627	
9	16	 1.3236e-11	 2.0805e-11	     159.83	   0.077890	-9.7531e+92	-9.7531e+92	 0.00012961	 7.9640e-05	     0.0000	 -0.0031307	  0.0012999	 -0.0055994	
9	17	 2.4935e-11	 3.9196e-11	     293.28	  0.0069951	-9.7531e+92	-9.7531e+92	 0.00017094	 7.9464e-05	     0.0000	  -0.019518	  0.0012994	  -0.019432	
9	18	   0.049909	   0.078452	     96.665	    0.51699	-9.7531e+92	-9.7531e+92	   0.051314	   0.051974	     0.0000	  -0.055216	     1.0103	   -0.14649	
9	19	 9.2207e-12	 1.4494e-11	     193.08	   0.036956	-9.7531e+92	-9.7531e+92	 0.00020371	 7.7057e-05	     0.0000	  -0.030178	  0.0013065	  -0.029132	
9	20	 1.2021e-12	 1.8896e-12	     174.09	   0.055651	-9.7531e+92	-9.7531e+92	 0.00039320	 7.7011e-05	     0.0000	  -0.044439	  0.0013090	  -0.044269	
9	21	   0.013563	   0.021319	     83.320	    0.84769	-9.7531e+92	-9.7531e+92	   0.034185	   0.013465	     0.0000	  -0.019488	    0.27570	   -0.18691	
9	22	 2.9578e-12	 4.6495e-12	     266.14	   0.010307	-9.7531e+92	-9.7531e+92	 0.00013843	 8.0127e-05	     0.0000	  -0.013099	  0.0013018	  -0.014338	
9	23	 0.00018368	 0.00028873	     121.73	    0.22293	-9.7531e+92	-9.7531e+92	   0.010955	 0.00026905	     0.0000	  -0.035838	  0.0049921	   -0.21172	
9	24	 1.3681e-11	 2.1506e-11	     149.07	    0.10229	-9.7531e+92	-9.7531e+92	 0.00019414	 7.6773e-05	     0.0000	 -0.0025887	  0.0013209	 -0.0055213	
10	0	 0.00020611	 8.2303e-05	     210.64	   0.026161	-9.7531e+92	-9.7531e+92	 0.00095967	 6.9319e-06	     0.0000	 -0.0066074	-0.00046465	   0.077176	
10	1	 1.1855e-05	 4.7338e-06	     228.04	   0.019080	-9.7531e+92	-9.7531e+92	  0.0011309	 2.0376e-06	     0.0000	 -0.0092016	-0.00013043	   0.083479	
10	2	 1.0040e-10	 4.0089e-11	     213.20	   0.024934	-9.7531e+92	-9.7531e+92	 0.00067878	 1.6984e-06	     0.0000	 -0.0050885	-0.00012172	   0.078776	
10	3	 6.2868e-11	 2.5103e-11	     258.79	   0.011525	-9.7531e+92	-9.7531e+92	 0.00038350	 1.6504e-06	     0.0000	  -0.011958	-0.00011910	   0.084138	
10	4	 2.4192e-10	 9.6601e-11	     204.61	   0.029363	-9.7531e+92	-9.7531e+92	 0.00062234	 1.6549e-06	     0.0000	  -0.010003	-0.00012512	   0.059367	
10	5	   0.048078	   0.019198	     93.726	    0.57518	-9.7531e+92	-9.7531e+92	   0.026012	 0.00079372	   0.011704	  0.0026685	  -0.089521	  -0.018775	
10	6	 0.00072696	 0.00029028	     153.37	   0.091543	-9.7531e+92	-9.7531e+92	  0.0032595	 2.0502e-05	     0.0000	-0.00029731	 -0.0015153	   0.080086	
10	7	 2.8042e-05	 1.1197e-05	     153.29	   0.091732	-9.7531e+92	-9.7531e+92	  0.0037365	 2.4386e-06	     0.0000	 -0.0057877	-0.00018288	   0.095145	
10	8	    0.33562	    0.13401	     44.054	     3.0993	-9.7531e+92	-9.7531e+92	   0.050628	  0.0051724	   0.036123	   0.052634	   -0.56633	   -0.40996	
10	9	 1.0877e-11	 4.3434e-12	     215.04	   0.024096	-9.7531e+92	-9.7531e+92	 0.00072449	 1.7091e-06	     0.0000	 -0.0029970	-0.00012877	   0.083574	
10	10	     0.0000	     0.0000	     0.0000	     4.0000	-9.7531e+92	-9.7531e+92	    0.20150	     0.0000	    0.20095	     0.0000	     0.0000	     0.0000	
10	11	    0.13544	   0.054082	     46.926	     2.9109	-9.7531e+92	-9.7531e+92	   0.015288	  0.0028631	   0.014132	   0.029281	   -0.20940	   -0.16464	
10	12	    0.21463	   0.085704	     46.012	     2.9721	-9.7531e+92	-9.7531e+92	   0.023295	  0.0038355	   0.022627	   0.060840	   -0.24156	   -0.17505	
10	13	 0.00059651	 0.00023819	     205.99	   0.028587	-9.7531e+92	-9.7531e+92	  0.0021914	 1.7048e-05	     0.0000	 -0.0020914	 -0.0010974	    0.10037	
10	14	  0.0018891	 0.00075434	     190.48	   0.038997	-9.7531e+92	-9.7531e+92	  0.0034408	 4.7639e-05	     0.0000	  -0.010705	 -0.0032849	    0.20004	
10	15	 1.7788e-11	 7.1027e-12	     197.67	   0.033672	-9.7531e+92	-9.7531e+92	  0.0011186	 1.6627e-06	     0.0000	  -0.010442	-0.00012797	    0.15752	
10	16	 6.8030e-11	 2.7165e-11	     147.94	    0.10538	-9.7531e+92	-9.7531e+92	 7.8073e-05	 1.8022e-06	     0.0000	-0.00019244	-0.00013276	  0.0014686	
10	17	 3.2256e-11	 1.2880e-11	     270.72	  0.0096279	-9.7531e+92	-9.7531e+92	 3.8475e-05	 1.8058e-06	     0.0000	 -0.0011997	-0.00013275	  0.0050652	
10	18	   0.089534	   0.035752	     118.82	    0.24422	-9.7531e+92	-9.7531e+92	   0.020133	  0.0021803	     0.0000	  0.0025131	   -0.16579	  -0.025455	
10	19	   0.087753	   0.035041	     85.643	    0.77653	-9.7531e+92	-9.7531e+92	   0.017882	  0.0018583	   0.016000	   0.025578	   -0.16102	   -0.12652	
10	20	   0.077766	   0.031053	     74.457	     1.1864	-9.7531e+92	-9.7531e+92	   0.015897	  0.0016616	   0.013051	   0.021221	   -0.14353	   -0.10834	
10	21	 1.4726e-10	 5.8803e-11	     171.26	   0.059366	-9.7531e+92	-9.7531e+92	  0.0010557	 1.7267e-06	     0.0000	 -0.0017448	-0.00012975	   0.068748	
10	22	 2.4841e-12	 9.9190e-13	     176.66	   0.052524	-9.7531e+92	-9.7531e+92	 6.8354e-05	 1.7704e-06	     0.0000	-0.00079063	-0.00013120	  0.0037166	
10	23	  0.0073856	  0.0029491	     95.614	    0.53700	-9.7531e+92	-9.7531e+92	  0.0086449	 0.00018399	     0.0000	 -0.0016049	  -0.014457	   0.042804	
10	24	 0.00033662	 0.00013441	     102.71	    0.41717	-9.7531e+92	-9.7531e+92	 0.00050310	 1.0556e-05	 0.00012326	-9.7075e-05	-0.00078785	 0.00089199	
11	0	  0.0014478	 0.00066104	     167.10	   0.065400	-9.7531e+92	-9.7531e+92	  0.0025064	 7.0535e-05	     0.0000	  -0.010534	 -0.0046885	    0.13005	
11	1	 0.00045966	 0.00020987	     185.20	   0.043588	-9.7531e+92	-9.7531e+92	  0.0027975	 2.5152e-05	     0.0000	  -0.014897	 -0.0015854	    0.14291	
11	2	 1.0007e-05	 4.5691e-06	     197.83	   0.033565	-9.7531e+92	-9.7531e+92	 0.00055448	 3.6051e-06	     0.0000	 -0.0082969	-0.00025426	    0.13564	
11	3	 7.3277e-11	 3.3456e-11	     244.71	   0.014404	-9.7531e+92	-9.7531e+92	 0.00046281	 3.0516e-06	     0.0000	  -0.019502	-0.00021629	    0.14494	
11	4	 5.6193e-11	 2.5656e-11	     218.09	   0.022784	-9.7531e+92	-9.7531e+92	 0.00027166	 3.0623e-06	     0.0000	  -0.016313	-0.00022734	    0.10220	
11	5	    0.11509	   0.052548	     77.490	     1.0576	-9.7531e+92	-9.7531e+92	   0.032524	  0.0033564	   0.016164	   0.024143	   -0.38788	   -0.20834	
11	6	  0.0020815	 0.00095034	     117.04	    0.25846	-9.7531e+92	-9.7531e+92	  0.0066571	 0.00010147	     0.0000	-0.00047205	 -0.0074513	    0.13419	
11	7	  0.0029447	  0.0013445	     112.26	    0.30176	-9.7531e+92	-9.7531e+92	  0.0092315	 0.00014234	     0.0000	 -0.0089824	  -0.010554	    0.15581	
11	8	    0.36166	    0.16513	     32.525	     3.6821	-9.7531e+92	-9.7531e+92	   0.058227	  0.0096555	   0.041641	   0.077894	    -1.0920	   -0.74760	
11	9	 9.7966e-11	 4.4729e-11	     175.31	   0.054135	-9.7531e+92	-9.7531e+92	  0.0017360	 3.1437e-06	     0.0000	 -0.0048877	-0.00023401	    0.14381	
11	10	   0.030783	   0.014055	     46.926	     2.9109	-9.7531e+92	-9.7531e+92	  0.0044907	 0.00097625	  0.0038585	   0.010157	  -0.056939	  -0.034008	
11	11	     0.0000	     0.0000	     0.0000	     4.0000	-9.7531e+92	-9.7531e+92	    0.23064	     0.0000	    0.22932	     0.0000	     0.0000	     0.0000	
11	12	  0.0066168	  0.0030210	     77.218	     1.0686	-9.7531e+92	-9.7531e+92	  0.0018914	 0.00028679	  0.0011278	  0.0035784	  -0.022469	  -0.013366	
11	13	  0.0030357	  0.0013860	     166.60	   0.066184	-9.7531e+92	-9.7531e+92	  0.0057633	 0.00014628	     0.0000	 -0.0032981	 -0.0093298	    0.16739	
11	14	   0.011466	  0.0052351	     157.91	   0.081669	-9.7531e+92	-9.7531e+92	  0.0079215	 0.00051640	     0.0000	  -0.016306	  -0.035193	    0.32217	
11	15	 1.2642e-10	 5.7718e-11	     182.32	   0.046370	-9.7531e+92	-9.7531e+92	  0.0021990	 3.0661e-06	     0.0000	  -0.017030	-0.00023257	    0.27109	
11	16	 3.5770e-11	 1.6331e-11	     142.85	    0.12075	-9.7531e+92	-9.7531e+92	 2.8346e-05	 3.3294e-06	     0.0000	-0.00031384	-0.00024150	  0.0025261	
11	17	 6.4917e-14	 2.9640e-14	     290.18	  0.0072979	-9.7531e+92	-9.7531e+92	 2.6193e-05	 3.3403e-06	     0.0000	 -0.0019566	-0.00024141	  0.0087128	
11	18	    0.23588	    0.10770	     81.269	    0.91620	-9.7531e+92	-9.7531e+92	   0.041167	   0.010129	  0.0080108	   0.038580	   -0.79687	   -0.42432	
11	19	 8.7154e-05	 3.9792e-05	     108.78	    0.33886	-9.7531e+92	-9.7531e+92	  0.0022627	 6.4340e-06	 0.00011056	 -0.0026284	-0.00053565	   0.012637	
11	20	   0.017896	  0.0081709	     83.734	    0.83452	-9.7531e+92	-9.7531e+92	  0.0060360	 0.00074487	  0.0027826	  0.0058897	  -0.062327	  -0.029880	
11	21	 0.00028857	 0.00013175	     128.65	    0.18069	-9.7531e+92	-9.7531e+92	  0.0026930	 1.6839e-05	     0.0000	 -0.0028266	 -0.0012543	    0.11750	
11	22	 1.5431e-11	 7.0456e-12	     200.45	   0.031856	-9.7531e+92	-9.7531e+92	 2.7932e-05	 3.3031e-06	     0.0000	 -0.0013127	-0.00023967	  0.0063933	
11	23	    0.16266	   0.074265	     53.605	     2.4433	-9.7531e+92	-9.7531e+92	   0.030607	  0.0070060	   0.015075	   0.011311	   -0.55408	   -0.34687	
11	24	   0.047594	   0.021730	     56.094	     2.2676	-9.7531e+92	-9.7531e+92	  0.0058073	  0.0020812	  0.0053730	   0.011195	   -0.14674	   -0.11146	
12	0	 3.3845e-07	 1.4855e-07	     226.76	   0.019512	-9.7531e+92	-9.7531e+92	 0.00074421	 3.5893e-06	     0.0000	  -0.016699	-0.00029684	    0.22306	
12	1	 2.5900e-06	 1.1368e-06	     231.78	   0.017881	-9.7531e+92	-9.7531e+92	 0.00092026	 3.7829e-06	     0.0000	  -0.023173	-0.00029945	    0.24065	
12	2	 0.00016292	 7.1505e-05	     181.48	   0.047226	-9.7531e+92	-9.7531e+92	  0.0015964	 1.2243e-05	     0.0000	  -0.012773	 -0.0010842	    0.22559	
12	3	 5.4895e-11	 2.4094e-11	     227.10	   0.019395	-9.7531e+92	-9.7531e+92	 0.00078309	 3.4515e-06	     0.0000	  -0.030108	-0.00030885	    0.24187	
12	4	 0.00035612	 0.00015630	     165.11	   0.068567	-9.7531e+92	-9.7531e+92	  0.0019085	 2.1826e-05	     0.0000	  -0.024930	 -0.0020495	    0.16881	
12	5	   0.099752	   0.043782	     80.590	    0.94012	-9.7531e+92	-9.7531e+92	   0.034266	  0.0042852	   0.018539	   0.053176	   -0.49186	   -0.28755	
12	6	 0.00024821	 0.00010894	     152.49	   0.093630	-9.7531e+92	-9.7531e+92	  0.0030650	 1.7230e-05	     0.0000	-0.00075559	 -0.0015542	    0.23183	
12	7	 1.5886e-05	 6.9723e-06	     158.06	   0.081372	-9.7531e+92	-9.7531e+92	  0.0027636	 4.4617e-06	     0.0000	  -0.014576	-0.00041176	    0.27284	
12	8	    0.11958	   0.052483	     55.069	     2.3397	-9.7531e+92	-9.7531e+92	   0.033833	  0.0049636	   0.017889	   0.056132	   -0.58122	   -0.36966	
12	9	 9.2727e-12	 4.0699e-12	     214.99	   0.024120	-9.7531e+92	-9.7531e+92	 0.00061158	 3.5867e-06	     0.0000	 -0.0075463	-0.00033255	    0.23961	
12	10	   0.067553	   0.029649	     46.012	     2.9721	-9.7531e+92	-9.7531e+92	  0.0083444	  0.0021693	  0.0077368	   0.033797	   -0.16406	   -0.13419	
12	11	  0.0074064	  0.0032507	     77.218	     1.0686	-9.7531e+92	-9.7531e+92	  0.0024542	 0.00039264	  0.0011842	  0.0035344	  -0.036892	  -0.020745	
12	12	     0.0000	     0.0000	     0.0000	     4.0000	-9.7531e+92	-9.7531e+92	    0.22471	     0.0000	    0.22398	     0.0000	     0.0000	     0.0000	
12	13	 0.00035543	 0.00015600	     205.94	   0.028617	-9.7531e+92	-9.7531e+92	  0.0017767	 2.2875e-05	     0.0000	 -0.0052831	 -0.0018171	    0.29028	
12	14	  0.0017217	 0.00075566	     188.63	   0.040536	-9.7531e+92	-9.7531e+92	  0.0031552	 9.1824e-05	     0.0000	  -0.026984	 -0.0078058	    0.57700	
12	15	 1.9930e-06	 8.7475e-07	     166.81	   0.065853	-9.7531e+92	-9.7531e+92	  0.0013878	 3.5991e-06	     0.0000	  -0.026292	-0.00034050	    0.45171	
12	16	 9.6195e-13	 4.2221e-13	     115.95	    0.26758	-9.7531e+92	-9.7531e+92	 0.00023384	 3.7704e-06	     0.0000	-0.00048451	-0.00034222	  0.0042059	
12	17	 4.4290e-12	 1.9439e-12	     225.22	   0.020047	-9.7531e+92	-9.7531e+92	 9.1757e-05	 3.7599e-06	     0.0000	 -0.0030193	-0.00034207	   0.014508	
12	18	   0.036515	   0.016027	     120.73	    0.22996	-9.7531e+92	-9.7531e+92	   0.014811	  0.0019181	     0.0000	  -0.013573	   -0.17477	    0.15678	
12	19	    0.50159	    0.22015	     44.530	     3.0689	-9.7531e+92	-9.7531e+92	   0.062618	   0.015683	   0.060549	    0.23177	    -1.9505	    -1.7282	
12	20	    0.16275	   0.071432	     45.010	     3.0379	-9.7531e+92	-9.7531e+92	   0.032429	  0.0063051	   0.029301	   0.091093	   -0.72872	   -0.63277	
12	21	 1.7019e-12	 7.4696e-13	     187.39	   0.041605	-9.7531e+92	-9.7531e+92	 0.00079485	 3.6277e-06	     0.0000	 -0.0043933	-0.00033503	    0.19705	
12	22	 1.1610e-10	 5.0955e-11	     131.16	    0.16782	-9.7531e+92	-9.7531e+92	 0.00019910	 3.5357e-06	     0.0000	 -0.0018290	-0.00033232	   0.010504	
12	23	  0.0019926	 0.00087455	     109.85	    0.32696	-9.7531e+92	-9.7531e+92	  0.0052354	 0.00011014	     0.0000	 -0.0051623	  -0.010415	    0.14748	
12	24	 3.6043e-11	 1.5820e-11	     132.31	    0.16230	-9.7531e+92	-9.7531e+92	 0.00013123	 3.7541e-06	     0.0000	-0.00039967	-0.00034078	  0.0041201	
13	0	    0.14043	    0.97988	     86.013	    0.76580	-9.7531e+92	-9.7531e+92	    0.39257	    0.10231	  0.0058268	     0.0000	    0.72641	     0.0000	
13	1	    0.14495	     1.0114	     57.043	     2.2015	-9.7531e+92	-9.7531e+92	    0.40602	    0.12112	     0.0000	     0.0000	     1.1113	     0.0000	
13	2	  0.0060290	   0.042069	     127.66	    0.18612	-9.7531e+92	-9.7531e+92	   0.037965	  0.0050939	     0.0000	     0.0000	   0.042831	     0.0000	
13	3	 6.9615e-05	 0.00048575	     188.65	   0.040519	-9.7531e+92	-9.7531e+92	   0.029795	 0.00011792	     0.0000	     0.0000	  0.0010360	     0.0000	
13	4	 2.3290e-11	 1.6251e-10	     217.30	   0.023117	-9.7531e+92	-9.7531e+92	   0.013038	 6.2181e-05	     0.0000	     0.0000	 0.00051603	     0.0000	
13	5	 0.00036390	  0.0025392	     125.66	    0.19761	-9.7531e+92	-9.7531e+92	   0.025026	 0.00041408	     0.0000	     0.0000	  0.0031479	     0.0000	
13	6	   0.094003	    0.65592	     53.773	     2.4314	-9.7531e+92	-9.7531e+92	    0.26296	   0.081672	     0.0000	     0.0000	    0.71922	     0.0000	
13	7	    0.10748	    0.74998	     57.312	     2.1828	-9.7531e+92	-9.7531e+92	    0.33647	   0.092382	     0.0000	     0.0000	    0.84413	     0.0000	
13	8	 9.6968e-11	 6.7661e-10	     162.59	   0.072826	-9.7531e+92	-9.7531e+92	   0.014942	 6.2866e-05	     0.0000	     0.0000	 0.00047589	     0.0000	
13	9	    0.16052	     1.1200	     9.0540	     3.9979	-9.7531e+92	-9.7531e+92	    0.41543	    0.13151	   0.045778	     0.0000	     1.2697	     0.0000	
13	10	 2.3615e-11	 1.6478e-10	     205.99	   0.028587	-9.7531e+92	-9.7531e+92	 0.00049155	 7.5450e-05	     0.0000	     0.0000	 0.00044576	     0.0000	
13	11	 1.2685e-10	 8.8514e-10	     166.60	   0.066184	-9.7531e+92	-9.7531e+92	  0.0011233	 7.3010e-05	     0.0000	     0.0000	 0.00046613	     0.0000	
13	12	 6.2977e-11	 4.3943e-10	     205.94	   0.028617	-9.7531e+92	-9.7531e+92	 0.00047605	 7.4803e-05	     0.0000	     0.0000	 0.00044344	     0.0000	
13	13	     0.0000	     0.0000	     0.0000	     4.0000	-9.7531e+92	-9.7531e+92	     3.6527	     0.0000	     3.1333	     0.0000	     0.0000	     0.0000	
13	14	    0.11410	    0.79614	     32.765	     3.6733	-9.7531e+92	-9.7531e+92	    0.52415	   0.088324	     0.0000	     0.0000	    0.75996	     0.0000	
13	15	  0.0051901	   0.036215	     111.52	    0.30921	-9.7531e+92	-9.7531e+92	    0.15132	  0.0044671	     0.0000	     0.0000	   0.040346	     0.0000	
13	16	 4.9616e-11	 3.4620e-10	     153.85	   0.090443	-9.7531e+92	-9.7531e+92	 0.00057055	 7.1134e-05	     0.0000	     0.0000	 0.00046929	     0.0000	
13	17	 1.3570e-12	 9.4685e-12	     287.27	  0.0075975	-9.7531e+92	-9.7531e+92	 0.00075588	 7.1118e-05	     0.0000	     0.0000	 0.00046146	     0.0000	
13	18	   0.074878	    0.52247	     87.611	    0.72124	-9.7531e+92	-9.7531e+92	    0.27616	   0.066678	     0.0000	     0.0000	    0.55271	     0.0000	
13	19	 9.8342e-11	 6.8620e-10	     184.51	   0.044238	-9.7531e+92	-9.7531e+92	 0.00092677	 7.1441e-05	     0.0000	     0.0000	 0.00046116	     0.0000	
13	20	 4.3842e-11	 3.0591e-10	     165.04	   0.068678	-9.7531e+92	-9.7531e+92	  0.0018121	 7.1346e-05	     0.0000	     0.0000	 0.00046421	     0.0000	
13	21	    0.15160	     1.0578	     76.619	     1.0932	-9.7531e+92	-9.7531e+92	    0.37171	    0.12965	   0.069857	     0.0000	     1.2325	     0.0000	
13	22	 4.0977e-11	 2.8593e-10	     260.15	   0.011286	-9.7531e+92	-9.7531e+92	 0.00061243	 7.2541e-05	     0.0000	     0.0000	 0.00046072	     0.0000	
13	23	 0.00038032	  0.0026538	     113.01	    0.29441	-9.7531e+92	-9.7531e+92	   0.058911	 0.00040478	     0.0000	     0.0000	  0.0037574	     0.0000	
13	24	 3.1836e-12	 2.2214e-11	     142.21	    0.12286	-9.7531e+92	-9.7531e+92	  0.0011018	 6.9529e-05	     0.0000	     0.0000	 0.00050046	     0.0000	
14	0	   0.094750	    0.61578	     114.85	    0.27729	-9.7531e+92	-9.7531e+92	    0.23034	    0.19228	     0.0000	    0.10945	     3.4488	    0.41304	
14	1	    0.10110	    0.65708	     88.839	    0.68891	-9.7531e+92	-9.7531e+92	    0.25031	   0.081062	     0.0000	     0.0000	     1.5767	     0.0000	
14	2	   0.011318	   0.073555	     97.273	    0.50580	-9.7531e+92	-9.7531e+92	    0.15812	   0.020599	     0.0000	  -0.093086	    0.39694	   -0.42663	
14	3	 0.00017362	  0.0011283	     161.01	   0.075671	-9.7531e+92	-9.7531e+92	    0.17226	 0.00048071	     0.0000	   -0.27765	  0.0086915	   -0.59458	
14	4	 1.0292e-06	 6.6886e-06	     184.55	   0.044193	-9.7531e+92	-9.7531e+92	   0.069280	 0.00014916	     0.0000	   -0.23294	  0.0025059	   -0.39490	
14	5	 0.00038570	  0.0025067	     108.09	    0.34690	-9.7531e+92	-9.7531e+92	   0.033240	  0.0010852	     0.0000	   -0.31099	   0.016434	   -0.35788	
14	6	   0.074698	    0.48546	     41.508	     3.2546	-9.7531e+92	-9.7531e+92	    0.20468	    0.15428	     0.0000	  0.0030674	     2.7619	    0.23013	
14	7	   0.011568	   0.075180	     65.464	     1.6549	-9.7531e+92	-9.7531e+92	    0.10252	   0.023806	     0.0000	   -0.10329	    0.43155	   -0.49267	
14	8	 6.1103e-06	 3.9711e-05	     146.54	    0.10935	-9.7531e+92	-9.7531e+92	   0.017175	 0.00017232	     0.0000	   -0.27066	  0.0026149	   -0.36520	
14	9	   0.057989	    0.37687	     38.749	     3.4073	-9.7531e+92	-9.7531e+92	    0.18891	    0.11477	     0.0000	  0.0064747	     2.1573	   0.050394	
14	10	 1.5247e-12	 9.9091e-12	     190.48	   0.038997	-9.7531e+92	-9.7531e+92	 0.00050923	 0.00018938	     0.0000	  -0.014241	  0.0023379	  -0.013190	
14	11	 7.7034e-13	 5.0064e-12	     157.91	   0.081669	-9.7531e+92	-9.7531e+92	  0.0010667	 0.00018364	     0.0000	  -0.022109	  0.0023648	  -0.028310	
14	12	 1.1549e-12	 7.5058e-12	     188.63	   0.040536	-9.7531e+92	-9.7531e+92	 0.00050108	 0.00018745	     0.0000	  -0.018760	  0.0023370	  -0.016077	
14	13	   0.059839	    0.38889	     32.765	     3.6733	-9.7531e+92	-9.7531e+92	    0.23711	    0.11202	     0.0000	 -0.0096554	     2.0572	   -0.15526	
14	14	     0.0000	     0.0000	     0.0000	     4.0000	-9.7531e+92	-9.7531e+92	     3.5625	     0.0000	     2.6077	     0.0000	     0.0000	     0.0000	
14	15	    0.51365	     3.3382	     78.991	    0.99899	-9.7531e+92	-9.7531e+92	    0.94697	     1.0000	    0.29467	     1.0000	     19.043	     4.1817	
14	16	 3.0153e-14	 1.9596e-13	     121.20	    0.22662	-9.7531e+92	-9.7531e+92	  0.0021132	 0.00016984	     0.0000	 -0.0044816	  0.0024253	 -0.0089850	
14	17	 8.4546e-13	 5.4946e-12	     254.84	   0.012253	-9.7531e+92	-9.7531e+92	  0.0029925	 0.00017290	     0.0000	  -0.027940	  0.0023918	  -0.031168	
14	18	   0.073770	    0.47943	     78.249	     1.0276	-9.7531e+92	-9.7531e+92	    0.20897	    0.16469	     0.0000	  0.0037984	     2.7230	   0.011218	
14	19	 5.9549e-13	 3.8701e-12	     166.55	   0.066257	-9.7531e+92	-9.7531e+92	  0.0012297	 0.00017862	     0.0000	  -0.043200	  0.0023715	  -0.046684	
14	20	 1.8742e-12	 1.2180e-11	     147.73	    0.10597	-9.7531e+92	-9.7531e+92	  0.0021897	 0.00017811	     0.0000	  -0.063614	  0.0023782	  -0.070935	
14	21	 0.00070439	  0.0045778	     101.18	    0.44014	-9.7531e+92	-9.7531e+92	   0.058728	  0.0016265	     0.0000	  -0.039972	   0.028696	   -0.42871	
14	22	 3.0650e-12	 1.9920e-11	     227.39	   0.019298	-9.7531e+92	-9.7531e+92	  0.0022117	 0.00017732	     0.0000	  -0.018751	  0.0023868	  -0.022989	
14	23	 4.6363e-05	 0.00030131	     114.84	    0.27739	-9.7531e+92	-9.7531e+92	   0.043668	 0.00027242	     0.0000	  -0.051510	  0.0041273	   -0.34066	
14	24	 3.7078e-13	 2.4097e-12	     150.00	   0.099849	-9.7531e+92	-9.7531e+92	 0.00073401	 0.00017553	     0.0000	 -0.0037056	  0.0023951	 -0.0088558	
15	0	 0.00071704	  0.0012884	     189.51	   0.039789	-9.7531e+92	-9.7531e+92	   0.019154	  0.0011971	     0.0000	  -0.070837	   0.018873	   -0.24989	
15	1	  0.0079832	   0.014344	     167.83	   0.064291	-9.7531e+92	-9.7531e+92	   0.024625	  0.0079596	     0.0000	     0.0000	    0.15431	   -0.24526	
15	2	    0.21440	    0.38523	     21.827	     3.9312	-9.7531e+92	-9.7531e+92	    0.13996	    0.23776	   0.045185	    0.16865	     4.5326	    0.72055	
15	3	    0.29623	    0.53227	     84.108	    0.82281	-9.7531e+92	-9.7531e+92	    0.17280	    0.31037	   0.069449	    0.53666	     5.9258	     1.0723	
15	4	   0.044958	   0.080779	     106.18	    0.37015	-9.7531e+92	-9.7531e+92	   0.067942	   0.052026	     0.0000	   0.017444	     1.0002	   0.027534	
15	5	   0.029163	   0.052399	     104.94	    0.38615	-9.7531e+92	-9.7531e+92	   0.019278	   0.046080	     0.0000	  -0.027170	    0.64629	  -0.029073	
15	6	   0.053969	   0.096971	     96.746	    0.51548	-9.7531e+92	-9.7531e+92	   0.041115	   0.083635	     0.0000	 0.00012432	     1.2174	  0.0086770	
15	7	  0.0019647	  0.0035302	     131.62	    0.16559	-9.7531e+92	-9.7531e+92	   0.016718	  0.0031124	     0.0000	  -0.060617	   0.045502	   -0.25477	
15	8	 5.9596e-12	 1.0708e-11	     159.01	   0.079481	-9.7531e+92	-9.7531e+92	  0.0085382	 0.00010388	     0.0000	   -0.12578	  0.0014557	   -0.15772	
15	9	  0.0051579	  0.0092677	     117.55	    0.25424	-9.7531e+92	-9.7531e+92	   0.020233	  0.0078317	     0.0000	  -0.029274	    0.11726	   -0.20878	
15	10	 2.3010e-13	 4.1343e-13	     197.67	   0.033672	-9.7531e+92	-9.7531e+92	 0.00020114	 0.00012310	     0.0000	 -0.0066170	  0.0014208	 -0.0056907	
15	11	 2.4116e-12	 4.3332e-12	     182.32	   0.046370	-9.7531e+92	-9.7531e+92	 0.00037453	 0.00012118	     0.0000	  -0.010273	  0.0014294	  -0.012214	
15	12	 1.2115e-11	 2.1768e-11	     166.81	   0.065853	-9.7531e+92	-9.7531e+92	 0.00020016	 0.00012124	     0.0000	 -0.0087170	  0.0014237	 -0.0069363	
15	13	    0.11381	    0.20450	     111.52	    0.30921	-9.7531e+92	-9.7531e+92	   0.080383	    0.16766	     0.0000	   0.012044	     2.7122	    0.18123	
15	14	    0.20976	    0.37689	     78.991	    0.99899	-9.7531e+92	-9.7531e+92	    0.15831	    0.14554	     0.0000	     0.0000	     2.3388	     0.0000	
15	15	     0.0000	     0.0000	     0.0000	     4.0000	-9.7531e+92	-9.7531e+92	    0.97036	     0.0000	    0.79002	     0.0000	     0.0000	     0.0000	
15	16	  0.0026313	  0.0047278	     65.362	     1.6609	-9.7531e+92	-9.7531e+92	  0.0019470	  0.0038839	 0.00021193	  0.0040020	   0.066318	  0.0074483	
15	17	 1.9939e-12	 3.5825e-12	     175.81	   0.053534	-9.7531e+92	-9.7531e+92	  0.0027814	 0.00010173	     0.0000	  -0.012982	  0.0015296	  -0.013447	
15	18	   0.019149	   0.034406	     116.73	    0.26100	-9.7531e+92	-9.7531e+92	   0.029929	   0.030434	     0.0000	  -0.086345	    0.44241	   -0.23760	
15	19	 1.9131e-05	 3.4374e-05	     131.26	    0.16732	-9.7531e+92	-9.7531e+92	 0.00068484	 0.00014834	     0.0000	  -0.019991	  0.0018640	  -0.020068	
15	20	 8.3847e-05	 0.00015065	     124.66	    0.20372	-9.7531e+92	-9.7531e+92	  0.0011302	 0.00026168	     0.0000	  -0.029208	  0.0032670	  -0.030257	
15	21	 4.5429e-12	 8.1627e-12	     175.65	   0.053734	-9.7531e+92	-9.7531e+92	   0.011091	 0.00010401	     0.0000	  -0.018881	  0.0014894	   -0.18822	
15	22	 5.0771e-12	 9.1225e-12	     163.21	   0.071746	-9.7531e+92	-9.7531e+92	  0.0020131	 0.00010676	     0.0000	 -0.0087125	  0.0015077	 -0.0099203	
15	23	 7.5573e-12	 1.3579e-11	     149.47	    0.10124	-9.7531e+92	-9.7531e+92	  0.0066897	 0.00011115	     0.0000	  -0.023967	  0.0014607	   -0.14724	
15	24	 2.3405e-13	 4.2054e-13	     189.75	   0.039594	-9.7531e+92	-9.7531e+92	 0.00014582	 0.00011898	     0.0000	 -0.0017218	  0.0014374	 -0.0038207	
16	0	 1.1008e-05	 2.6228e-06	     217.18	   0.023165	-9.7531e+92	-9.7531e+92	  0.0010382	 1.3803e-06	     0.0000	 -0.0021845	-1.7954e-06	 0.00021120	
16	1	 0.00010509	 2.5038e-05	     207.46	   0.027791	-9.7531e+92	-9.7531e+92	  0.0012117	 2.9159e-06	     0.0000	 -0.0030269	-4.0188e-06	 1.8070e-05	
16	2	    0.33477	   0.079762	     68.097	     1.5042	-9.7531e+92	-9.7531e+92	   0.027574	  0.0043886	   0.015007	  0.0042282	  -0.031222	 -0.0078241	
16	3	   0.044925	   0.010704	     111.94	    0.30495	-9.7531e+92	-9.7531e+92	   0.013162	 0.00056831	     0.0000	-0.00045024	 -0.0038494	 0.00013302	
16	4	    0.32392	   0.077176	     75.439	     1.1432	-9.7531e+92	-9.7531e+92	   0.025102	  0.0033664	   0.015877	  0.0057073	  -0.028106	  -0.010038	
16	5	   0.061750	   0.014713	     71.546	     1.3237	-9.7531e+92	-9.7531e+92	  0.0051591	  0.0010254	     0.0000	  0.0032138	 -0.0046787	-0.00058406	
16	6	  0.0022435	 0.00053454	     111.89	    0.30549	-9.7531e+92	-9.7531e+92	  0.0016716	 4.2190e-05	     0.0000	-9.5051e-05	-0.00016440	  0.0010404	
16	7	 0.00015008	 3.5758e-05	     137.28	    0.14083	-9.7531e+92	-9.7531e+92	 0.00096226	 3.8930e-06	     0.0000	 -0.0019029	-1.6378e-05	  0.0013522	
16	8	 0.00043924	 0.00010465	     112.87	    0.29583	-9.7531e+92	-9.7531e+92	  0.0023328	 8.2849e-06	     0.0000	 -0.0037719	-4.0778e-05	 0.00087587	
16	9	 2.3766e-06	 5.6626e-07	     159.83	   0.077890	-9.7531e+92	-9.7531e+92	 0.00097663	 1.2305e-06	     0.0000	-0.00098733	-5.2054e-06	  0.0011882	
16	10	 8.7416e-12	 2.0828e-12	     147.94	    0.10538	-9.7531e+92	-9.7531e+92	 5.3676e-05	 1.2775e-06	     0.0000	-0.00019922	-5.5697e-06	 3.6070e-05	
16	11	 1.1238e-11	 2.6777e-12	     142.85	    0.12075	-9.7531e+92	-9.7531e+92	 8.6323e-05	 1.2829e-06	     0.0000	-0.00031275	-5.9389e-06	 7.6695e-05	
16	12	 6.1823e-08	 1.4730e-08	     115.95	    0.26758	-9.7531e+92	-9.7531e+92	 0.00012053	 1.2360e-06	     0.0000	-0.00025599	-4.5240e-06	 4.3679e-05	
16	13	  0.0018443	 0.00043944	     153.85	   0.090443	-9.7531e+92	-9.7531e+92	  0.0037024	 3.4022e-05	     0.0000	-0.00067737	-2.5667e-05	-1.3197e-05	
16	14	   0.027402	  0.0065288	     121.20	    0.22662	-9.7531e+92	-9.7531e+92	   0.010054	 0.00042399	     0.0000	 -0.0028383	 -0.0011853	 0.00021782	
16	15	    0.16030	   0.038193	     65.362	     1.6609	-9.7531e+92	-9.7531e+92	   0.017332	  0.0023875	     0.0000	  0.0018497	 -0.0095625	 -0.0011929	
16	16	     0.0000	     0.0000	     0.0000	     4.0000	-9.7531e+92	-9.7531e+92	    0.11935	     0.0000	    0.11912	     0.0000	     0.0000	     0.0000	
16	17	 1.3948e-12	 3.3232e-13	     148.25	    0.10451	-9.7531e+92	-9.7531e+92	  0.0010134	 1.0397e-06	 0.00025565	-0.00024990	-2.8553e-06	 6.9901e-05	
16	18	   0.012810	  0.0030522	     110.59	    0.31898	-9.7531e+92	-9.7531e+92	  0.0026999	 0.00022954	     0.0000	 -0.0029402	-0.00072132	 0.00092800	
16	19	   0.011311	  0.0026950	     73.024	     1.2523	-9.7531e+92	-9.7531e+92	  0.0010971	 0.00019413	     0.0000	 0.00080188	-0.00021189	 4.7744e-05	
16	20	   0.017936	  0.0042735	     74.477	     1.1855	-9.7531e+92	-9.7531e+92	  0.0015245	 0.00032297	     0.0000	  0.0013405	 -0.0012924	-0.00027737	
16	21	 1.4483e-11	 3.4508e-12	     180.81	   0.047925	-9.7531e+92	-9.7531e+92	 0.00056971	 1.2094e-06	     0.0000	-0.00057484	-5.2683e-06	  0.0010242	
16	22	 8.9384e-05	 2.1297e-05	     106.73	    0.36321	-9.7531e+92	-9.7531e+92	 0.00073639	 2.4580e-06	 0.00017406	-0.00013963	-5.7849e-06	 3.2148e-05	
16	23	 3.9013e-08	 9.2954e-09	     136.77	    0.14287	-9.7531e+92	-9.7531e+92	 0.00069351	 1.2269e-06	     0.0000	-0.00072968	-5.6612e-06	 0.00087091	
16	24	 1.3087e-11	 3.1180e-12	     177.80	   0.051213	-9.7531e+92	-9.7531e+92	 1.7705e-05	 1.2881e-06	     0.0000	-5.2423e-05	-5.9907e-06	 2.4125e-05	
17	0	 4.4154e-08	 1.7981e-08	     353.56	  0.0033150	-9.7531e+92	-9.7531e+92	  0.0011884	 4.4541e-06	     0.0000	  -0.014429	 4.1057e-06	-0.00067148	
17	1	 3.7420e-08	 1.5239e-08	     342.57	  0.0037606	-9.7531e+92	-9.7531e+92	  0.0013411	 4.4073e-06	     0.0000	  -0.020024	 5.6230e-06	 -0.0021298	
17	2	   0.060248	   0.024535	     160.64	   0.076357	-9.7531e+92	-9.7531e+92	   0.026642	  0.0031375	  0.0051616	 0.00084317	 -0.0077591	-0.00038767	
17	3	    0.43182	    0.17585	     122.41	    0.21829	-9.7531e+92	-9.7531e+92	   0.061564	   0.017774	   0.038140	   0.066602	   -0.10153	  -0.038037	
17	4	    0.47699	    0.19425	     73.525	     1.2289	-9.7531e+92	-9.7531e+92	   0.064706	   0.010655	   0.048939	   0.023656	   -0.12089	  -0.096221	
17	5	 5.4534e-09	 2.2208e-09	     219.60	   0.022168	-9.7531e+92	-9.7531e+92	 0.00069255	 4.1079e-06	     0.0000	  -0.029370	-9.2978e-06	  0.0038911	
17	6	 1.3522e-08	 5.5065e-09	     251.72	   0.012870	-9.7531e+92	-9.7531e+92	  0.0014272	 4.5674e-06	     0.0000	-0.00065603	-8.0985e-06	  0.0051044	
17	7	 1.1875e-08	 4.8358e-09	     281.54	  0.0082346	-9.7531e+92	-9.7531e+92	 0.00084611	 4.4853e-06	     0.0000	  -0.012598	-9.2038e-06	  0.0065279	
17	8	 4.7318e-08	 1.9270e-08	     258.50	   0.011577	-9.7531e+92	-9.7531e+92	 0.00036734	 4.0578e-06	     0.0000	  -0.025290	-1.0657e-05	  0.0043848	
17	9	 7.9411e-09	 3.2339e-09	     293.28	  0.0069951	-9.7531e+92	-9.7531e+92	  0.0011166	 4.4545e-06	     0.0000	 -0.0065206	-9.1587e-06	  0.0057186	
17	10	 3.9732e-09	 1.6180e-09	     270.72	  0.0096279	-9.7531e+92	-9.7531e+92	 2.3074e-05	 4.7461e-06	     0.0000	 -0.0013304	-1.2654e-05	 0.00018417	
17	11	 1.8002e-08	 7.3312e-09	     290.18	  0.0072979	-9.7531e+92	-9.7531e+92	 2.9012e-05	 4.7456e-06	     0.0000	 -0.0020655	-1.2604e-05	 0.00039069	
17	12	 5.1145e-09	 2.0828e-09	     225.22	   0.020047	-9.7531e+92	-9.7531e+92	 5.5135e-05	 4.6503e-06	     0.0000	 -0.0017527	-1.2195e-05	 0.00022267	
17	13	 2.9902e-08	 1.2177e-08	     287.27	  0.0075975	-9.7531e+92	-9.7531e+92	  0.0046070	 4.4928e-06	     0.0000	 -0.0045869	 6.7859e-06	 -0.0028189	
17	14	 2.7331e-09	 1.1130e-09	     254.84	   0.012253	-9.7531e+92	-9.7531e+92	   0.011615	 4.0450e-06	     0.0000	  -0.023593	 3.0252e-06	 -0.0036680	
17	15	 3.2251e-08	 1.3134e-08	     175.81	   0.053534	-9.7531e+92	-9.7531e+92	   0.015900	 3.8151e-06	     0.0000	  -0.021273	-7.2591e-06	   0.010232	
17	16	 1.1475e-08	 4.6730e-09	     148.25	    0.10451	-9.7531e+92	-9.7531e+92	 0.00043612	 3.9151e-06	 4.2864e-05	-0.00023604	 8.1409e-07	 8.1004e-05	
17	17	     0.0000	     0.0000	     0.0000	     4.0000	-9.7531e+92	-9.7531e+92	    0.20623	     0.0000	    0.20494	     0.0000	     0.0000	     0.0000	
17	18	 9.6097e-09	 3.9134e-09	     258.46	   0.011584	-9.7531e+92	-9.7531e+92	  0.0015856	 4.4402e-06	     0.0000	  -0.023572	-4.2399e-06	  0.0045990	
17	19	 6.2076e-09	 2.5280e-09	     187.53	   0.041480	-9.7531e+92	-9.7531e+92	 0.00058094	 4.4112e-06	     0.0000	 -0.0040359	-1.0146e-05	 0.00059932	
17	20	 3.2778e-09	 1.3348e-09	     207.02	   0.028026	-9.7531e+92	-9.7531e+92	 0.00021454	 4.5114e-06	     0.0000	 -0.0059431	-1.1154e-05	 0.00090467	
17	21	 2.4508e-08	 9.9807e-09	     326.31	  0.0045671	-9.7531e+92	-9.7531e+92	 0.00062968	 4.5213e-06	     0.0000	 -0.0037962	-1.0066e-05	  0.0050172	
17	22	   0.030934	   0.012598	     106.10	    0.37108	-9.7531e+92	-9.7531e+92	  0.0050170	  0.0015605	  0.0040558	  0.0092414	  0.0061095	  0.0032395	
17	23	 8.0087e-09	 3.2614e-09	     284.58	  0.0078888	-9.7531e+92	-9.7531e+92	 0.00036014	 4.5558e-06	     0.0000	 -0.0048188	-1.1493e-05	  0.0043685	
17	24	 5.6398e-10	 2.2967e-10	     325.25	  0.0046269	-9.7531e+92	-9.7531e+92	 1.8414e-05	 4.7717e-06	     0.0000	-0.00034620	-1.2689e-05	 0.00012307	
18	0	   0.015430	   0.049790	     116.29	    0.26473	-9.7531e+92	-9.7531e+92	   0.054306	   0.012750	     0.0000	 -0.0083145	   -0.16767	    0.11762	
18	1	  0.0099098	   0.031977	     111.77	    0.30668	-9.7531e+92	-9.7531e+92	   0.065928	  0.0096050	     0.0000	  -0.013400	  -0.077989	    0.14723	
18	2	  0.0014431	  0.0046566	     137.27	    0.14087	-9.7531e+92	-9.7531e+92	  0.0097280	  0.0015361	     0.0000	 -0.0085970	  -0.014608	    0.16122	
18	3	 1.2244e-06	 3.9510e-06	     199.21	   0.032649	-9.7531e+92	-9.7531e+92	  0.0088074	 6.9822e-05	     0.0000	  -0.020771	-0.00060044	    0.17703	
18	4	 4.0983e-08	 1.3224e-07	     186.18	   0.042684	-9.7531e+92	-9.7531e+92	  0.0038509	 7.0410e-05	     0.0000	  -0.017375	-0.00068492	    0.12493	
18	5	   0.063220	    0.20400	     53.346	     2.4617	-9.7531e+92	-9.7531e+92	   0.087028	   0.053673	     0.0000	   0.017868	   -0.66365	  -0.090966	
18	6	    0.13301	    0.42920	     36.723	     3.5078	-9.7531e+92	-9.7531e+92	    0.16385	    0.11302	     0.0000	 0.00057741	    -1.3855	   -0.26585	
18	7	    0.22815	    0.73622	     38.248	     3.4331	-9.7531e+92	-9.7531e+92	    0.25611	    0.21448	   0.061481	   0.027966	    -2.4320	   -0.55699	
18	8	  0.0038901	   0.012553	     75.421	     1.1439	-9.7531e+92	-9.7531e+92	   0.060127	  0.0031772	     0.0000	  -0.017439	  -0.039464	    0.10894	
18	9	  0.0026116	  0.0084272	     96.665	    0.51699	-9.7531e+92	-9.7531e+92	   0.038772	  0.0025283	     0.0000	 -0.0049493	  -0.028859	    0.16721	
18	10	 1.7831e-12	 5.7539e-12	     118.82	    0.24422	-9.7531e+92	-9.7531e+92	  0.0011072	 6.9797e-05	     0.0000	 -0.0010394	-0.00068601	  0.0045127	
18	11	 0.00017123	 0.00055253	     81.269	    0.91620	-9.7531e+92	-9.7531e+92	  0.0043308	 0.00022037	     0.0000	 -0.0010426	 -0.0020487	  0.0071123	
18	12	 6.9255e-10	 2.2347e-09	     120.73	    0.22996	-9.7531e+92	-9.7531e+92	 0.00087056	 7.1679e-05	     0.0000	 -0.0013972	-0.00073398	  0.0054928	
18	13	   0.044452	    0.14344	     87.611	    0.72124	-9.7531e+92	-9.7531e+92	    0.11243	   0.037138	     0.0000	 -0.0014767	   -0.45882	   0.085826	
18	14	   0.093727	    0.30244	     78.249	     1.0276	-9.7531e+92	-9.7531e+92	    0.16878	   0.080576	     0.0000	 -0.0068334	   -0.89824	    0.15466	
18	15	 0.00019711	 0.00063605	     116.73	    0.26100	-9.7531e+92	-9.7531e+92	   0.045822	 0.00026535	     0.0000	  -0.018102	 -0.0028720	    0.33084	
18	16	 2.2962e-12	 7.4094e-12	     110.59	    0.31898	-9.7531e+92	-9.7531e+92	 0.00021285	 7.7237e-05	     0.0000	-0.00033427	-0.00080771	  0.0030909	
18	17	 3.9507e-13	 1.2748e-12	     258.46	   0.011584	-9.7531e+92	-9.7531e+92	 0.00026232	 7.8287e-05	     0.0000	 -0.0020839	-0.00082087	   0.010660	
18	18	     0.0000	     0.0000	     0.0000	     4.0000	-9.7531e+92	-9.7531e+92	     1.7212	     0.0000	     1.4868	     0.0000	     0.0000	     0.0000	
18	19	 8.8607e-06	 2.8592e-05	     118.15	    0.24945	-9.7531e+92	-9.7531e+92	  0.0020524	 7.5361e-05	     0.0000	 -0.0032161	-0.00080027	   0.015724	
18	20	 0.00045757	  0.0014765	     90.275	    0.65310	-9.7531e+92	-9.7531e+92	  0.0057861	 0.00050795	     0.0000	 -0.0044374	 -0.0053749	   0.022366	
18	21	  0.0095987	   0.030974	     79.511	    0.97945	-9.7531e+92	-9.7531e+92	   0.067766	  0.0084620	     0.0000	 -0.0023584	  -0.097352	    0.11258	
18	22	 3.4632e-13	 1.1175e-12	     205.13	   0.029065	-9.7531e+92	-9.7531e+92	 0.00022403	 7.7861e-05	     0.0000	 -0.0013986	-0.00080152	  0.0078218	
18	23	    0.39350	     1.2698	     36.898	     3.4995	-9.7531e+92	-9.7531e+92	    0.34339	    0.32634	    0.23361	  0.0078168	    -3.4651	   -0.92874	
18	24	 0.00021574	 0.00069616	     74.739	     1.1738	-9.7531e+92	-9.7531e+92	  0.0038215	 0.00024259	 0.00075201	-3.1762e-05	 -0.0021089	  0.0010443	
19	0	 4.4750e-08	 3.5738e-08	     234.49	   0.017074	-9.7531e+92	-9.7531e+92	  0.0018682	 1.0148e-05	     0.0000	  -0.046572	-0.00086809	    0.64951	
19	1	 4.4410e-06	 3.5467e-06	     226.57	   0.019575	-9.7531e+92	-9.7531e+92	  0.0023287	 1.1021e-05	     0.0000	  -0.064624	-0.00090313	    0.70077	
19	2	   0.019333	   0.015439	     139.30	    0.13308	-9.7531e+92	-9.7531e+92	  0.0083004	  0.0029102	     0.0000	  -0.022642	   -0.26913	    0.41738	
19	3	 0.00011261	 8.9929e-05	     184.07	   0.044655	-9.7531e+92	-9.7531e+92	  0.0041156	 2.5955e-05	     0.0000	  -0.083731	 -0.0024404	    0.70276	
19	4	   0.045126	   0.036038	     119.82	    0.23665	-9.7531e+92	-9.7531e+92	   0.011883	  0.0064287	     0.0000	   0.011500	   -0.64400	  -0.082069	
19	5	    0.26157	    0.20889	     64.874	     1.6901	-9.7531e+92	-9.7531e+92	   0.086934	   0.031783	   0.058318	    0.52690	    -3.7900	    -2.9565	
19	6	  0.0042723	  0.0034119	     133.74	    0.15573	-9.7531e+92	-9.7531e+92	  0.0079691	 0.00067332	     0.0000	 -0.0019434	  -0.062897	    0.62223	
19	7	 2.8079e-05	 2.2424e-05	     154.38	   0.089237	-9.7531e+92	-9.7531e+92	  0.0064842	 1.4523e-05	     0.0000	  -0.040642	 -0.0013880	    0.79388	
19	8	   0.081589	   0.065158	     80.536	    0.94205	-9.7531e+92	-9.7531e+92	   0.060230	  0.0097024	   0.031220	   0.085686	    -1.1801	   -0.59269	
19	9	 4.9612e-12	 3.9621e-12	     193.08	   0.036956	-9.7531e+92	-9.7531e+92	  0.0015870	 1.0174e-05	     0.0000	  -0.021046	-0.00097692	    0.69733	
19	10	  0.0044355	  0.0035422	     85.643	    0.77653	-9.7531e+92	-9.7531e+92	  0.0029634	 0.00055105	  0.0018577	  0.0067095	  -0.058567	  -0.036435	
19	11	 3.2683e-05	 2.6101e-05	     108.78	    0.33886	-9.7531e+92	-9.7531e+92	  0.0022009	 1.5107e-05	     0.0000	 -0.0062943	 -0.0014745	   0.037811	
19	12	    0.11151	   0.089050	     44.530	     3.0689	-9.7531e+92	-9.7531e+92	   0.025869	  0.0079300	   0.024533	    0.10689	   -0.96260	   -0.80354	
19	13	  0.0024846	  0.0019842	     184.51	   0.044238	-9.7531e+92	-9.7531e+92	  0.0048069	 0.00039259	     0.0000	  -0.014311	  -0.032252	    0.82105	
19	14	  0.0030988	  0.0024747	     166.55	   0.066257	-9.7531e+92	-9.7531e+92	  0.0086907	 0.00046056	     0.0000	  -0.074543	  -0.040592	     1.6643	
19	15	  0.0038811	  0.0030995	     131.26	    0.16732	-9.7531e+92	-9.7531e+92	  0.0053458	 0.00058329	     0.0000	  -0.070494	  -0.057420	     1.2639	
19	16	  0.0064792	  0.0051744	     73.024	     1.2523	-9.7531e+92	-9.7531e+92	  0.0014801	  0.0010303	 0.00070894	  0.0083653	  -0.097523	  -0.075815	
19	17	 4.0763e-13	 3.2554e-13	     187.53	   0.041480	-9.7531e+92	-9.7531e+92	 0.00050684	 1.0503e-05	     0.0000	 -0.0083792	 -0.0010016	   0.042217	
19	18	   0.081545	   0.065123	     118.15	    0.24945	-9.7531e+92	-9.7531e+92	   0.034863	   0.012155	     0.0000	  0.0092840	    -1.1452	   -0.11193	
19	19	     0.0000	     0.0000	     0.0000	     4.0000	-9.7531e+92	-9.7531e+92	    0.42141	     0.0000	    0.41765	     0.0000	     0.0000	     0.0000	
19	20	    0.37019	    0.29564	     28.400	     3.8088	-9.7531e+92	-9.7531e+92	   0.084784	   0.028140	   0.079094	    0.32517	    -4.2445	    -3.6755	
19	21	 7.7106e-13	 6.1578e-13	     197.71	   0.033641	-9.7531e+92	-9.7531e+92	  0.0019123	 1.0291e-05	     0.0000	  -0.012253	-0.00098423	    0.57347	
19	22	  0.0041410	  0.0033071	     93.933	    0.57085	-9.7531e+92	-9.7531e+92	  0.0012394	 0.00052432	     0.0000	  0.0030763	  -0.054550	  -0.021461	
19	23	 0.00017715	 0.00014147	     121.29	    0.22600	-9.7531e+92	-9.7531e+92	   0.010567	 3.7076e-05	     0.0000	  -0.015326	 -0.0036276	    0.45352	
19	24	 4.9983e-12	 3.9917e-12	     150.08	   0.099629	-9.7531e+92	-9.7531e+92	 0.00019419	 1.0668e-05	     0.0000	 -0.0011166	 -0.0010026	   0.011989	
20	0	 1.6861e-06	 1.3971e-06	     206.61	   0.028245	-9.7531e+92	-9.7531e+92	  0.0024881	 1.0839e-05	     0.0000	  -0.044774	-0.00071034	    0.46613	
20	1	 1.9612e-05	 1.6250e-05	     199.20	   0.032652	-9.7531e+92	-9.7531e+92	  0.0032856	 1.3957e-05	     0.0000	  -0.062115	-0.00087276	    0.50169	
20	2	   0.019586	   0.016229	     139.77	    0.13137	-9.7531e+92	-9.7531e+92	  0.0065966	  0.0031004	     0.0000	  -0.021603	   -0.21878	    0.29899	
20	3	 4.7286e-06	 3.9182e-06	     185.64	   0.043179	-9.7531e+92	-9.7531e+92	  0.0021639	 1.0944e-05	     0.0000	  -0.080713	-0.00077871	    0.50731	
20	4	 0.00045334	 0.00037564	     135.08	    0.14987	-9.7531e+92	-9.7531e+92	  0.0032127	 7.9291e-05	     0.0000	  -0.066608	 -0.0059571	    0.35452	
20	5	    0.29954	    0.24820	     39.691	     3.3571	-9.7531e+92	-9.7531e+92	   0.097135	   0.030714	   0.067443	    0.43013	    -3.3931	    -2.4258	
20	6	   0.041682	   0.034538	     111.59	    0.30852	-9.7531e+92	-9.7531e+92	   0.015749	  0.0066993	     0.0000	-0.00040355	   -0.48722	   0.097369	
20	7	 5.6298e-05	 4.6650e-05	     126.68	    0.19164	-9.7531e+92	-9.7531e+92	  0.0086932	 1.9670e-05	     0.0000	  -0.039056	 -0.0014515	    0.57532	
20	8	    0.11027	   0.091372	     51.987	     2.5582	-9.7531e+92	-9.7531e+92	   0.069266	   0.011452	   0.039165	    0.10001	    -1.2183	   -0.66261	
20	9	 9.2501e-12	 7.6648e-12	     174.09	   0.055651	-9.7531e+92	-9.7531e+92	  0.0022758	 1.0624e-05	     0.0000	  -0.020234	-0.00078736	    0.50558	
20	10	  0.0052490	  0.0043494	     74.457	     1.1864	-9.7531e+92	-9.7531e+92	  0.0028561	 0.00067799	  0.0017089	  0.0081928	  -0.054998	  -0.032751	
20	11	 0.00037362	 0.00030959	     83.734	    0.83452	-9.7531e+92	-9.7531e+92	  0.0024960	 6.5457e-05	 9.8368e-05	 -0.0047860	 -0.0050943	   0.023479	
20	12	   0.039231	   0.032508	     45.010	     3.0379	-9.7531e+92	-9.7531e+92	   0.013786	  0.0038390	   0.012400	   0.053563	   -0.34729	   -0.25671	
20	13	  0.0016591	  0.0013748	     165.04	   0.068678	-9.7531e+92	-9.7531e+92	  0.0058290	 0.00027664	     0.0000	  -0.013916	  -0.017387	    0.59449	
20	14	  0.0077308	  0.0064059	     147.73	    0.10597	-9.7531e+92	-9.7531e+92	   0.010946	  0.0011821	     0.0000	  -0.069361	  -0.079800	     1.1546	
20	15	  0.0043034	  0.0035659	     124.66	    0.20372	-9.7531e+92	-9.7531e+92	  0.0049120	 0.00067468	     0.0000	  -0.067478	  -0.051198	    0.91191	
20	16	 9.1685e-05	 7.5972e-05	     74.477	     1.1855	-9.7531e+92	-9.7531e+92	 0.00034205	 2.6010e-05	     0.0000	 -0.0011668	 -0.0018871	  0.0079908	
20	17	 1.2583e-12	 1.0427e-12	     207.02	   0.028026	-9.7531e+92	-9.7531e+92	 0.00015722	 1.1144e-05	     0.0000	 -0.0080917	-0.00081124	   0.030679	
20	18	    0.11983	   0.099291	     90.275	    0.65310	-9.7531e+92	-9.7531e+92	   0.044415	   0.018202	     0.0000	   0.047454	    -1.3547	   -0.42992	
20	19	    0.34766	    0.28808	     28.400	     3.8088	-9.7531e+92	-9.7531e+92	   0.079957	   0.024622	   0.076051	    0.22984	    -2.8455	    -2.1034	
20	20	     0.0000	     0.0000	     0.0000	     4.0000	-9.7531e+92	-9.7531e+92	    0.43561	     0.0000	    0.42971	     0.0000	     0.0000	     0.0000	
20	21	 1.1302e-11	 9.3647e-12	     169.84	   0.061351	-9.7531e+92	-9.7531e+92	  0.0025113	 1.0732e-05	     0.0000	  -0.011780	-0.00079357	    0.41603	
20	22	 4.6545e-07	 3.8568e-07	     116.48	    0.26308	-9.7531e+92	-9.7531e+92	 0.00028568	 1.0138e-05	     0.0000	 -0.0046347	-0.00077309	   0.021754	
20	23	  0.0022632	  0.0018753	     93.058	    0.58941	-9.7531e+92	-9.7531e+92	   0.013334	 0.00036090	     0.0000	  -0.013509	  -0.027785	    0.30901	
20	24	 3.8410e-11	 3.1827e-11	     121.85	    0.22210	-9.7531e+92	-9.7531e+92	 0.00023171	 1.0965e-05	     0.0000	 -0.0010706	-0.00080475	  0.0087121	
21	0	    0.13284	    0.16909	     39.458	     3.3697	-9.7531e+92	-9.7531e+92	   0.064220	   0.060911	     0.0000	   0.047908	    0.64305	   0.029003	
21	1	    0.10073	    0.12821	     57.297	     2.1839	-9.7531e+92	-9.7531e+92	   0.060138	   0.068069	     0.0000	   0.044205	    0.86529	   0.044010	
21	2	 1.1701e-05	 1.4893e-05	     197.19	   0.033993	-9.7531e+92	-9.7531e+92	  0.0046124	 5.5389e-05	     0.0000	  -0.037925	 0.00065298	  -0.046385	
21	3	 3.1679e-11	 4.0322e-11	     259.71	   0.011362	-9.7531e+92	-9.7531e+92	  0.0046962	 4.6902e-05	     0.0000	  -0.089146	 0.00057433	  -0.053825	
21	4	 5.7111e-12	 7.2693e-12	     253.96	   0.012424	-9.7531e+92	-9.7531e+92	  0.0019678	 4.8013e-05	     0.0000	  -0.074567	 0.00054173	  -0.031192	
21	5	 0.00033941	 0.00043202	     132.91	    0.15951	-9.7531e+92	-9.7531e+92	  0.0056724	 0.00027683	     0.0000	  -0.099679	  0.0031618	  -0.025714	
21	6	   0.014323	   0.018230	     78.899	     1.0025	-9.7531e+92	-9.7531e+92	   0.026543	  0.0095863	     0.0000	 -0.0011130	    0.11567	  -0.028362	
21	7	    0.26157	    0.33294	     44.967	     3.0407	-9.7531e+92	-9.7531e+92	    0.10834	    0.12406	   0.031569	  0.0042932	     2.4809	    0.34469	
21	8	 0.00017887	 0.00022767	     132.38	    0.16196	-9.7531e+92	-9.7531e+92	  0.0038384	 0.00016421	     0.0000	  -0.086227	  0.0018853	  -0.024997	
21	9	  0.0086307	   0.010985	     83.320	    0.84769	-9.7531e+92	-9.7531e+92	   0.028278	  0.0054400	     0.0000	  -0.014546	   0.070568	  -0.032235	
21	10	 2.7708e-11	 3.5268e-11	     171.26	   0.059366	-9.7531e+92	-9.7531e+92	 0.00010836	 5.3225e-05	     0.0000	 -0.0045586	 0.00049563	-0.00084544	
21	11	 3.6938e-11	 4.7016e-11	     128.65	    0.18069	-9.7531e+92	-9.7531e+92	 0.00030345	 5.1856e-05	     0.0000	 -0.0070773	 0.00050639	 -0.0018255	
21	12	 3.4464e-11	 4.3867e-11	     187.39	   0.041605	-9.7531e+92	-9.7531e+92	 0.00010006	 5.2760e-05	     0.0000	 -0.0060053	 0.00049396	 -0.0010347	
21	13	    0.15023	    0.19122	     76.619	     1.0932	-9.7531e+92	-9.7531e+92	   0.073095	   0.064068	     0.0000	  0.0042804	    0.56470	 7.3650e-05	
21	14	    0.13086	    0.16656	     101.18	    0.44014	-9.7531e+92	-9.7531e+92	   0.093262	   0.084264	     0.0000	 -0.0089187	     1.1317	  -0.017660	
21	15	 1.1340e-11	 1.4434e-11	     175.65	   0.053734	-9.7531e+92	-9.7531e+92	   0.025133	 4.6412e-05	     0.0000	  -0.077843	 0.00052698	  -0.074657	
21	16	 4.7271e-12	 6.0169e-12	     180.81	   0.047925	-9.7531e+92	-9.7531e+92	 9.4755e-05	 5.3105e-05	     0.0000	 -0.0014346	 0.00049151	-0.00056610	
21	17	 1.9968e-11	 2.5417e-11	     326.31	  0.0045671	-9.7531e+92	-9.7531e+92	 0.00012144	 5.2925e-05	     0.0000	 -0.0089437	 0.00049247	 -0.0019994	
21	18	    0.19370	    0.24654	     79.511	    0.97945	-9.7531e+92	-9.7531e+92	   0.084996	    0.12376	     0.0000	    0.12246	     1.5266	    0.10263	
21	19	 3.3617e-11	 4.2789e-11	     197.71	   0.033641	-9.7531e+92	-9.7531e+92	 0.00019864	 5.0685e-05	     0.0000	  -0.013829	 0.00050318	 -0.0031177	
21	20	 1.4827e-11	 1.8872e-11	     169.84	   0.061351	-9.7531e+92	-9.7531e+92	 0.00042242	 5.0617e-05	     0.0000	  -0.020363	 0.00050530	 -0.0047515	
21	21	     0.0000	     0.0000	     0.0000	     4.0000	-9.7531e+92	-9.7531e+92	    0.66665	     0.0000	    0.61159	     0.0000	     0.0000	     0.0000	
21	22	 1.0252e-11	 1.3050e-11	     284.69	  0.0078758	-9.7531e+92	-9.7531e+92	 9.9992e-05	 5.3265e-05	     0.0000	 -0.0060022	 0.00049562	 -0.0014985	
21	23	  0.0054179	  0.0068961	     78.648	     1.0121	-9.7531e+92	-9.7531e+92	   0.019176	  0.0037300	     0.0000	  -0.013694	   0.044548	  -0.019173	
21	24	  0.0011626	  0.0014798	     85.071	    0.79345	-9.7531e+92	-9.7531e+92	 0.00063979	 0.00089677	     0.0000	 0.00037011	   0.010096	 0.00017754	
22	0	 1.4634e-10	 8.2049e-11	     321.47	  0.0048482	-9.7531e+92	-9.7531e+92	  0.0014284	 3.3266e-06	     0.0000	  -0.010641	-1.7905e-05	   0.013258	
22	1	 1.4650e-10	 8.2143e-11	     312.59	  0.0054224	-9.7531e+92	-9.7531e+92	  0.0016343	 3.2954e-06	     0.0000	  -0.014766	-1.6392e-05	   0.013363	
22	2	    0.10904	   0.061139	     161.29	   0.075160	-9.7531e+92	-9.7531e+92	   0.037640	  0.0042963	  0.0080646	  0.0048385	  -0.046124	  -0.016779	
22	3	    0.11996	   0.067263	     164.94	   0.068842	-9.7531e+92	-9.7531e+92	   0.041262	  0.0037869	  0.0090104	  0.0087845	  -0.059231	  -0.020365	
22	4	    0.55884	    0.31334	     82.638	    0.86986	-9.7531e+92	-9.7531e+92	   0.092335	   0.010135	   0.070626	   0.026848	   -0.29169	   -0.22133	
22	5	  0.0033190	  0.0018609	     151.89	   0.095092	-9.7531e+92	-9.7531e+92	  0.0073405	 0.00015556	     0.0000	  -0.019652	 -0.0015090	   0.011399	
22	6	 1.3089e-11	 7.3391e-12	     216.08	   0.023641	-9.7531e+92	-9.7531e+92	  0.0021948	 3.4143e-06	     0.0000	-0.00048378	-2.8725e-05	   0.017728	
22	7	 6.3065e-11	 3.5360e-11	     241.36	   0.015218	-9.7531e+92	-9.7531e+92	  0.0013952	 3.3531e-06	     0.0000	 -0.0092902	-2.9706e-05	   0.021137	
22	8	 3.4232e-12	 1.9194e-12	     168.70	   0.062994	-9.7531e+92	-9.7531e+92	  0.0048188	 3.0285e-06	     0.0000	  -0.018650	-3.0930e-05	   0.013143	
22	9	 1.7565e-10	 9.8488e-11	     266.14	   0.010307	-9.7531e+92	-9.7531e+92	  0.0013291	 3.3303e-06	     0.0000	 -0.0048085	-2.9669e-05	   0.018549	
22	10	 4.4381e-11	 2.4884e-11	     176.66	   0.052524	-9.7531e+92	-9.7531e+92	 0.00023295	 3.5411e-06	     0.0000	-0.00098111	-3.2485e-05	 0.00050059	
22	11	 9.6110e-11	 5.3888e-11	     200.45	   0.031856	-9.7531e+92	-9.7531e+92	 0.00019395	 3.5457e-06	     0.0000	 -0.0015232	-3.2672e-05	  0.0010698	
22	12	 1.5973e-10	 8.9561e-11	     131.16	    0.16782	-9.7531e+92	-9.7531e+92	  0.0017540	 3.4573e-06	 0.00081639	 -0.0012925	-3.1533e-05	 0.00060832	
22	13	 1.0368e-11	 5.8134e-12	     260.15	   0.011286	-9.7531e+92	-9.7531e+92	  0.0052191	 3.3565e-06	     0.0000	 -0.0033825	-1.5499e-05	   0.016037	
22	14	  0.0012557	 0.00070408	     227.39	   0.019298	-9.7531e+92	-9.7531e+92	   0.013410	 6.0020e-05	     0.0000	  -0.017250	-0.00036521	   0.033137	
22	15	 0.00058936	 0.00033045	     163.21	   0.071746	-9.7531e+92	-9.7531e+92	   0.017764	 2.8200e-05	     0.0000	  -0.015696	-0.00027711	   0.034399	
22	16	 3.6185e-10	 2.0289e-10	     106.73	    0.36321	-9.7531e+92	-9.7531e+92	 0.00070026	 2.9581e-06	 0.00015881	-0.00017911	-2.3122e-05	 0.00031216	
22	17	  0.0095796	  0.0053712	     106.10	    0.37108	-9.7531e+92	-9.7531e+92	  0.0050579	 0.00034334	  0.0032746	  0.0016780	 0.00070469	 0.00051347	
22	18	 1.3492e-11	 7.5647e-12	     205.13	   0.029065	-9.7531e+92	-9.7531e+92	  0.0042761	 3.3185e-06	     0.0000	  -0.017382	-2.5305e-05	   0.022439	
22	19	    0.17797	   0.099786	     93.933	    0.57085	-9.7531e+92	-9.7531e+92	   0.027207	  0.0086783	   0.024564	    0.11081	  -0.074955	  -0.063998	
22	20	   0.019445	   0.010903	     116.48	    0.26308	-9.7531e+92	-9.7531e+92	  0.0083370	 0.00098100	  0.0043416	  0.0076692	 -0.0090586	 -0.0045599	
22	21	 3.3671e-10	 1.8879e-10	     284.69	  0.0078758	-9.7531e+92	-9.7531e+92	 0.00081625	 3.3793e-06	     0.0000	 -0.0027994	-3.0469e-05	   0.015465	
22	22	     0.0000	     0.0000	     0.0000	     4.0000	-9.7531e+92	-9.7531e+92	    0.28308	     0.0000	    0.28176	     0.0000	     0.0000	     0.0000	
22	23	 3.5145e-11	 1.9705e-11	     209.07	   0.026949	-9.7531e+92	-9.7531e+92	  0.0011705	 3.4053e-06	     0.0000	 -0.0035536	-3.1723e-05	   0.012549	
22	24	 1.0675e-10	 5.9852e-11	     237.89	   0.016122	-9.7531e+92	-9.7531e+92	 3.6297e-05	 3.5673e-06	     0.0000	-0.00025530	-3.2778e-05	 0.00033550	
23	0	  0.0099346	  0.0080451	     119.13	    0.24186	-9.7531e+92	-9.7531e+92	   0.012728	  0.0045314	     0.0000	  -0.056591	  -0.059390	   0.090961	
23	1	  0.0023292	  0.0018862	     132.72	    0.16037	-9.7531e+92	-9.7531e+92	   0.014451	  0.0011928	     0.0000	  -0.092033	  -0.012127	    0.10928	
23	2	 6.2290e-05	 5.0442e-05	     168.40	   0.063436	-9.7531e+92	-9.7531e+92	  0.0018977	 6.4921e-05	     0.0000	  -0.052833	-0.00081678	    0.12674	
23	3	 3.4097e-11	 2.7612e-11	     228.38	   0.018966	-9.7531e+92	-9.7531e+92	  0.0017921	 3.3229e-05	     0.0000	   -0.12431	-0.00039713	    0.13086	
23	4	 1.2377e-11	 1.0023e-11	     212.30	   0.025355	-9.7531e+92	-9.7531e+92	 0.00079848	 3.3662e-05	     0.0000	   -0.10398	-0.00044925	   0.099749	
23	5	   0.060342	   0.048865	     65.633	     1.6449	-9.7531e+92	-9.7531e+92	   0.026794	   0.023994	     0.0000	   0.092846	   -0.41063	  -0.067794	
23	6	    0.11463	   0.092827	     73.330	     1.2380	-9.7531e+92	-9.7531e+92	   0.036779	   0.052700	     0.0000	  0.0029531	   -0.79278	   -0.16908	
23	7	    0.15139	    0.12259	     58.677	     2.0891	-9.7531e+92	-9.7531e+92	   0.049855	   0.073051	  0.0010121	   0.090795	    -1.0718	   -0.25149	
23	8	    0.11498	   0.093111	     54.810	     2.3580	-9.7531e+92	-9.7531e+92	   0.036567	   0.041912	  0.0071494	    0.23873	   -0.71303	   -0.20161	
23	9	 0.00032829	 0.00026585	     121.73	    0.22293	-9.7531e+92	-9.7531e+92	  0.0099013	 0.00019160	     0.0000	  -0.030962	 -0.0028116	    0.14542	
23	10	 5.9503e-05	 4.8185e-05	     95.614	    0.53700	-9.7531e+92	-9.7531e+92	 0.00065533	 6.2495e-05	     0.0000	 -0.0059582	-0.00086082	  0.0037335	
23	11	   0.012491	   0.010115	     53.605	     2.4433	-9.7531e+92	-9.7531e+92	  0.0038861	  0.0051629	  0.0015429	   0.023691	  -0.060204	  -0.014287	
23	12	 6.0794e-08	 4.9231e-08	     109.85	    0.32696	-9.7531e+92	-9.7531e+92	 0.00046054	 3.4100e-05	     0.0000	 -0.0083288	-0.00048494	  0.0047525	
23	13	    0.15758	    0.12760	     113.01	    0.29441	-9.7531e+92	-9.7531e+92	   0.045171	   0.072797	     0.0000	   0.024446	   -0.87517	   -0.15245	
23	14	   0.057844	   0.046842	     114.84	    0.27739	-9.7531e+92	-9.7531e+92	   0.034164	   0.026341	     0.0000	  -0.068394	   -0.31939	    0.17107	
23	15	 1.2484e-06	 1.0109e-06	     149.47	    0.10124	-9.7531e+92	-9.7531e+92	  0.0093203	 3.3624e-05	     0.0000	   -0.10855	-0.00048196	    0.27352	
23	16	 8.8490e-12	 7.1659e-12	     136.77	    0.14287	-9.7531e+92	-9.7531e+92	 5.0283e-05	 3.6788e-05	     0.0000	 -0.0020004	-0.00051721	  0.0026920	
23	17	 2.7908e-12	 2.2600e-12	     284.58	  0.0078888	-9.7531e+92	-9.7531e+92	 5.9109e-05	 3.6982e-05	     0.0000	  -0.012471	-0.00051869	  0.0092335	
23	18	    0.29087	    0.23555	     36.898	     3.4995	-9.7531e+92	-9.7531e+92	   0.078015	   0.065750	   0.019208	   0.012355	    -2.5465	   -0.88454	
23	19	 6.9724e-06	 5.6463e-06	     121.29	    0.22600	-9.7531e+92	-9.7531e+92	 0.00097459	 3.5547e-05	     0.0000	  -0.019141	-0.00052626	   0.013448	
23	20	 0.00073717	 0.00059696	     93.058	    0.58941	-9.7531e+92	-9.7531e+92	  0.0026432	 0.00038073	     0.0000	  -0.025247	 -0.0056509	   0.018294	
23	21	  0.0067751	  0.0054865	     78.648	     1.0121	-9.7531e+92	-9.7531e+92	   0.015176	  0.0031816	     0.0000	  -0.015298	  -0.047959	    0.10262	
23	22	 5.9373e-13	 4.8080e-13	     209.07	   0.026949	-9.7531e+92	-9.7531e+92	 5.2349e-05	 3.6803e-05	     0.0000	 -0.0083697	-0.00051054	  0.0067406	
23	23	     0.0000	     0.0000	     0.0000	     4.0000	-9.7531e+92	-9.7531e+92	    0.42324	     0.0000	    0.39569	     0.0000	     0.0000	     0.0000	
23	24	   0.019642	   0.015906	     40.708	     3.3006	-9.7531e+92	-9.7531e+92	  0.0042924	  0.0074288	  0.0035220	  0.0041419	  -0.072605	 -0.0072353	
24	0	   0.050936	   0.021523	     123.34	    0.21210	-9.7531e+92	-9.7531e+92	  0.0096614	 0.00068372	     0.0000	-0.00019399	  -0.037270	  0.0027439	
24	1	   0.039694	   0.016773	     142.19	    0.12292	-9.7531e+92	-9.7531e+92	  0.0096027	 0.00056054	     0.0000	 -0.0011633	  -0.027980	   0.012797	
24	2	 1.3476e-10	 5.6942e-11	     210.29	   0.026336	-9.7531e+92	-9.7531e+92	 0.00069429	 9.3864e-07	     0.0000	 -0.0018270	-5.1865e-05	   0.034134	
24	3	 9.9687e-12	 4.2123e-12	     270.69	  0.0096323	-9.7531e+92	-9.7531e+92	 0.00066087	 9.1773e-07	     0.0000	 -0.0042936	-5.0640e-05	   0.036496	
24	4	 2.5084e-13	 1.0599e-13	     253.16	   0.012581	-9.7531e+92	-9.7531e+92	 0.00030149	 9.2616e-07	     0.0000	 -0.0035914	-5.3394e-05	   0.025690	
24	5	  0.0023601	 0.00099724	     106.34	    0.36810	-9.7531e+92	-9.7531e+92	  0.0080327	 2.9204e-05	     0.0000	 -0.0044747	 -0.0019836	   0.022821	
24	6	  0.0076523	  0.0032335	     108.13	    0.34637	-9.7531e+92	-9.7531e+92	  0.0089850	 0.00010740	     0.0000	-9.0449e-05	 -0.0062891	   0.029947	
24	7	    0.10653	   0.045013	     84.614	    0.80724	-9.7531e+92	-9.7531e+92	   0.022830	  0.0014781	     0.0000	  0.0015907	  -0.087627	  -0.031475	
24	8	   0.089538	   0.037834	     77.960	     1.0389	-9.7531e+92	-9.7531e+92	   0.016081	  0.0010363	 0.00073120	  0.0057423	  -0.072511	  -0.036675	
24	9	 5.4408e-05	 2.2990e-05	     149.07	    0.10229	-9.7531e+92	-9.7531e+92	  0.0041672	 1.6868e-06	     0.0000	 -0.0010750	-9.9808e-05	   0.036079	
24	10	 2.4528e-05	 1.0364e-05	     102.71	    0.41717	-9.7531e+92	-9.7531e+92	 0.00033900	 1.2828e-06	     0.0000	-0.00019777	-7.2718e-05	 0.00088960	
24	11	   0.039860	   0.016843	     56.094	     2.2676	-9.7531e+92	-9.7531e+92	  0.0049703	 0.00039810	  0.0037476	  0.0016033	  -0.011228	 -0.0063152	
24	12	 2.2609e-12	 9.5533e-13	     132.31	    0.16230	-9.7531e+92	-9.7531e+92	 0.00021862	 9.7061e-07	     0.0000	-0.00028761	-5.6111e-05	  0.0011264	
24	13	   0.024662	   0.010421	     142.21	    0.12286	-9.7531e+92	-9.7531e+92	   0.011001	 0.00033520	     0.0000	-0.00050634	  -0.017552	   0.029472	
24	14	  0.0059403	  0.0025101	     150.00	   0.099849	-9.7531e+92	-9.7531e+92	   0.012477	 7.9227e-05	     0.0000	 -0.0037362	 -0.0042969	   0.084615	
24	15	 3.2715e-11	 1.3824e-11	     189.75	   0.039594	-9.7531e+92	-9.7531e+92	  0.0033976	 9.2446e-07	     0.0000	 -0.0037492	-5.4706e-05	   0.068093	
24	16	 4.5100e-11	 1.9057e-11	     177.80	   0.051213	-9.7531e+92	-9.7531e+92	 2.2824e-05	 1.0185e-06	     0.0000	-6.9094e-05	-5.7100e-05	 0.00063366	
24	17	 1.6360e-11	 6.9127e-12	     325.25	  0.0046269	-9.7531e+92	-9.7531e+92	 2.6230e-05	 1.0136e-06	     0.0000	-0.00043076	-5.6931e-05	  0.0021859	
24	18	    0.35022	    0.14798	     74.739	     1.1738	-9.7531e+92	-9.7531e+92	   0.048946	  0.0039007	   0.018261	  0.0094521	   -0.28383	   -0.18287	
24	19	 1.0346e-11	 4.3718e-12	     150.08	   0.099629	-9.7531e+92	-9.7531e+92	 0.00041546	 9.3200e-07	     0.0000	-0.00066588	-5.5826e-05	  0.0032320	
24	20	 0.00030476	 0.00012878	     121.85	    0.22210	-9.7531e+92	-9.7531e+92	  0.0010827	 5.1656e-06	     0.0000	-0.00093800	-0.00030992	  0.0046946	
24	21	   0.023412	  0.0098929	     85.071	    0.79345	-9.7531e+92	-9.7531e+92	  0.0084793	 0.00032017	     0.0000	-0.00028747	  -0.019264	   0.013628	
24	22	 4.4460e-11	 1.8787e-11	     237.89	   0.016122	-9.7531e+92	-9.7531e+92	 2.3817e-05	 1.0137e-06	     0.0000	-0.00028909	-5.6633e-05	  0.0016042	
24	23	    0.25882	    0.10936	     40.708	     3.3006	-9.7531e+92	-9.7531e+92	   0.038302	  0.0028600	   0.023928	  0.0026201	   -0.16856	   -0.12033	
24	24	     0.0000	     0.0000	     0.0000	     4.0000	-9.7531e+92	-9.7531e+92	    0.21179	     0.0000	    0.21139	     0.0000	     0.0000	     0.0000	
