#source	Target	value	weight	distance	potential1	geneCorrelation	separation	influenceWeight	betweenness	influence'Weight	betweenness'	nbetweenness	nbetweenness'	
0	0	     0.0000	     0.0000	     0.0000	     4.0000	-9.7531e+92	-9.7531e+92	     4.5953	     0.0000	     3.5772	     0.0000	     0.0000	     0.0000	
0	1	   0.092706	    0.79657	     35.562	     3.5606	-9.7531e+92	-9.7531e+92	    0.35752	    0.15183	     0.0000	 2.8299e-06	     2.0239	 2.7035e-05	
0	2	 3.5636e-06	 3.0620e-05	     211.35	   0.025814	-9.7531e+92	-9.7531e+92	   0.096646	 0.00014591	     0.0000	-3.6654e-05	  0.0018652	-6.6248e-05	
0	3	 3.9535e-12	 3.3970e-11	     273.88	  0.0091920	-9.7531e+92	-9.7531e+92	   0.016435	 0.00014683	     0.0000	-2.4431e-05	  0.0018090	-2.9271e-05	
0	4	 1.5543e-11	 1.3356e-10	     281.58	  0.0082298	-9.7531e+92	-9.7531e+92	  0.0084137	 0.00015738	     0.0000	-1.9366e-05	  0.0017494	-1.5953e-05	
0	5	 0.00018665	  0.0016038	     169.69	   0.061568	-9.7531e+92	-9.7531e+92	   0.051313	 0.00057619	     0.0000	-2.0076e-05	  0.0065431	-2.9586e-05	
0	6	    0.36397	     3.1274	     105.31	    0.38136	-9.7531e+92	-9.7531e+92	    0.96706	    0.68168	   0.053992	     0.0000	     9.4364	 0.00027015	
0	7	    0.12909	     1.1092	     80.265	    0.95180	-9.7531e+92	-9.7531e+92	    0.50969	    0.25355	     0.0000	 6.8509e-06	     3.3708	 4.5429e-05	
0	8	 1.2713e-11	 1.0923e-10	     172.11	   0.058221	-9.7531e+92	-9.7531e+92	  0.0064671	 0.00016130	     0.0000	-1.1117e-05	  0.0016821	-8.9342e-06	
0	9	   0.036924	    0.31727	     86.890	    0.74099	-9.7531e+92	-9.7531e+92	    0.18814	   0.063453	     0.0000	     0.0000	    0.99329	-9.0148e-06	
0	10	 3.8168e-13	 3.2796e-12	     210.64	   0.026161	-9.7531e+92	-9.7531e+92	 0.00073750	 0.00017233	     0.0000	-2.2462e-06	  0.0016461	-1.3376e-06	
0	11	 5.4856e-12	 4.7134e-11	     167.10	   0.065400	-9.7531e+92	-9.7531e+92	 0.00088814	 0.00016693	     0.0000	-2.0922e-06	  0.0016694	-1.6121e-06	
0	12	 8.1450e-12	 6.9985e-11	     226.76	   0.019512	-9.7531e+92	-9.7531e+92	 0.00076487	 0.00017279	     0.0000	-2.5330e-06	  0.0016461	-1.5009e-06	
0	13	   0.086930	    0.74694	     86.013	    0.76580	-9.7531e+92	-9.7531e+92	    0.38631	    0.10538	     0.0000	     0.0000	     1.2831	     0.0000	
0	14	    0.15318	     1.3162	     114.85	    0.27729	-9.7531e+92	-9.7531e+92	    0.82013	    0.22126	     0.0000	     0.0000	     3.1384	-4.4389e-05	
0	15	 3.6135e-12	 3.1049e-11	     189.51	   0.039789	-9.7531e+92	-9.7531e+92	   0.039382	 0.00014525	     0.0000	-1.4574e-05	  0.0017306	-3.3959e-05	
0	16	 3.7039e-13	 3.1826e-12	     217.18	   0.023165	-9.7531e+92	-9.7531e+92	 0.00096430	 0.00016933	     0.0000	-9.4878e-07	  0.0016537	-9.7092e-07	
0	17	 6.7449e-12	 5.7955e-11	     353.56	  0.0033150	-9.7531e+92	-9.7531e+92	 0.00055430	 0.00017252	     0.0000	-1.5204e-06	  0.0016438	-1.0062e-06	
0	18	   0.034873	    0.29964	     116.29	    0.26473	-9.7531e+92	-9.7531e+92	    0.24808	   0.069860	     0.0000	-8.5337e-06	    0.90227	-3.5734e-05	
0	19	 6.9802e-12	 5.9977e-11	     234.49	   0.017074	-9.7531e+92	-9.7531e+92	  0.0016997	 0.00016771	     0.0000	-5.1748e-06	  0.0016666	-3.5653e-06	
0	20	 2.6689e-12	 2.2932e-11	     206.61	   0.028245	-9.7531e+92	-9.7531e+92	  0.0068991	 0.00015977	     0.0000	-1.2254e-05	  0.0016792	-9.8158e-06	
0	21	    0.10027	    0.86156	     39.458	     3.3697	-9.7531e+92	-9.7531e+92	    0.27562	    0.19002	   0.017266	     0.0000	     2.6892	 7.3057e-05	
0	22	 6.9781e-12	 5.9959e-11	     321.47	  0.0048482	-9.7531e+92	-9.7531e+92	 0.00078033	 0.00017188	     0.0000	-2.5795e-06	  0.0016502	-1.8545e-06	
0	23	  0.0018587	   0.015970	     119.13	    0.24186	-9.7531e+92	-9.7531e+92	   0.011112	  0.0044389	     0.0000	-1.1201e-06	   0.050255	-2.6883e-06	
0	24	 3.5527e-12	 3.0526e-11	     123.34	    0.21210	-9.7531e+92	-9.7531e+92	 0.00059878	 0.00014289	     0.0000	-1.0311e-07	  0.0018564	-2.3098e-07	
1	0	    0.12577	     1.0436	     35.562	     3.5606	-9.7531e+92	-9.7531e+92	    0.55651	    0.10893	     0.0000	     0.0000	     1.1046	     0.0000	
1	1	     0.0000	     0.0000	     0.0000	     4.0000	-9.7531e+92	-9.7531e+92	     4.3401	     0.0000	     3.7764	     0.0000	     0.0000	     0.0000	
1	2	  0.0033058	   0.027430	     184.62	   0.044134	-9.7531e+92	-9.7531e+92	   0.085570	  0.0038601	     0.0000	     0.0000	   0.040960	     0.0000	
1	3	 1.3421e-11	 1.1136e-10	     244.14	   0.014539	-9.7531e+92	-9.7531e+92	   0.014195	 8.0132e-05	     0.0000	     0.0000	 0.00083319	     0.0000	
1	4	 2.3284e-11	 1.9320e-10	     272.02	  0.0094459	-9.7531e+92	-9.7531e+92	  0.0074383	 8.4740e-05	     0.0000	     0.0000	 0.00079441	     0.0000	
1	5	  0.0010810	  0.0089699	     161.91	   0.074033	-9.7531e+92	-9.7531e+92	   0.066010	  0.0013943	     0.0000	     0.0000	   0.013440	     0.0000	
1	6	   0.047856	    0.39708	     96.519	    0.51972	-9.7531e+92	-9.7531e+92	    0.35132	   0.051410	     0.0000	     0.0000	    0.56396	     0.0000	
1	7	    0.12725	     1.0559	     75.481	     1.1413	-9.7531e+92	-9.7531e+92	    0.46172	    0.13574	     0.0000	     0.0000	     1.5151	     0.0000	
1	8	 7.2805e-11	 6.0409e-10	     184.58	   0.044171	-9.7531e+92	-9.7531e+92	  0.0083341	 8.5384e-05	     0.0000	     0.0000	 0.00076184	     0.0000	
1	9	    0.17633	     1.4631	     55.376	     2.3181	-9.7531e+92	-9.7531e+92	    0.45015	    0.17580	   0.072128	     0.0000	     2.1734	     0.0000	
1	10	 8.4675e-11	 7.0259e-10	     228.04	   0.019080	-9.7531e+92	-9.7531e+92	 0.00084838	 9.1481e-05	     0.0000	     0.0000	 0.00073859	     0.0000	
1	11	 1.7652e-10	 1.4646e-09	     185.20	   0.043588	-9.7531e+92	-9.7531e+92	  0.0010478	 8.8562e-05	     0.0000	     0.0000	 0.00075544	     0.0000	
1	12	 1.4639e-10	 1.2147e-09	     231.78	   0.017881	-9.7531e+92	-9.7531e+92	 0.00087339	 9.1729e-05	     0.0000	     0.0000	 0.00073860	     0.0000	
1	13	    0.11857	    0.98386	     57.043	     2.2015	-9.7531e+92	-9.7531e+92	    0.43111	    0.10260	     0.0000	     0.0000	     1.0473	     0.0000	
1	14	    0.11351	    0.94182	     88.839	    0.68891	-9.7531e+92	-9.7531e+92	    0.68146	   0.097343	     0.0000	     0.0000	     1.0645	     0.0000	
1	15	 0.00014636	  0.0012144	     167.83	   0.064291	-9.7531e+92	-9.7531e+92	   0.031448	 0.00025575	     0.0000	     0.0000	  0.0024974	     0.0000	
1	16	 3.3964e-11	 2.8182e-10	     207.46	   0.027791	-9.7531e+92	-9.7531e+92	 0.00087725	 9.1146e-05	     0.0000	     0.0000	 0.00073784	     0.0000	
1	17	 1.5408e-10	 1.2785e-09	     342.57	  0.0037606	-9.7531e+92	-9.7531e+92	 0.00051346	 9.2409e-05	     0.0000	     0.0000	 0.00073256	     0.0000	
1	18	    0.14982	     1.2431	     111.77	    0.30668	-9.7531e+92	-9.7531e+92	    0.43582	    0.15372	     0.0000	     0.0000	     1.6816	     0.0000	
1	19	 4.1675e-11	 3.4580e-10	     226.57	   0.019575	-9.7531e+92	-9.7531e+92	  0.0020437	 8.9144e-05	     0.0000	     0.0000	 0.00074957	     0.0000	
1	20	 2.4155e-11	 2.0042e-10	     199.20	   0.032652	-9.7531e+92	-9.7531e+92	  0.0087590	 8.4958e-05	     0.0000	     0.0000	 0.00075720	     0.0000	
1	21	    0.13635	     1.1314	     57.297	     2.1839	-9.7531e+92	-9.7531e+92	    0.34852	    0.13908	   0.099030	     0.0000	     1.7230	     0.0000	
1	22	 3.9507e-11	 3.2781e-10	     312.59	  0.0054224	-9.7531e+92	-9.7531e+92	 0.00071380	 9.1931e-05	     0.0000	     0.0000	 0.00073687	     0.0000	
1	23	 5.7331e-11	 4.7570e-10	     132.72	    0.16037	-9.7531e+92	-9.7531e+92	   0.010570	 8.4562e-05	     0.0000	     0.0000	 0.00078205	     0.0000	
1	24	 2.4318e-10	 2.0177e-09	     142.19	    0.12292	-9.7531e+92	-9.7531e+92	 0.00062498	 8.3163e-05	     0.0000	     0.0000	 0.00080543	     0.0000	
2	0	 0.00049983	  0.0020723	     211.35	   0.025814	-9.7531e+92	-9.7531e+92	    0.10922	 0.00076717	     0.0000	  -0.036617	  0.0024732	   -0.14111	
2	1	  0.0041507	   0.017209	     184.62	   0.044134	-9.7531e+92	-9.7531e+92	   0.055741	  0.0059486	     0.0000	  -0.049220	   0.018342	  -0.073115	
2	2	     0.0000	     0.0000	     0.0000	     4.0000	-9.7531e+92	-9.7531e+92	     2.2317	     0.0000	     1.9730	     0.0000	     0.0000	     0.0000	
2	3	    0.19130	    0.79313	     63.167	     1.7950	-9.7531e+92	-9.7531e+92	    0.28757	    0.13550	    0.17352	    0.13020	   -0.58681	   -0.38923	
2	4	    0.11824	    0.49025	     91.235	    0.63030	-9.7531e+92	-9.7531e+92	    0.16811	    0.10457	    0.10489	    0.28440	    0.15202	   0.014574	
2	5	  0.0091029	   0.037741	     120.45	    0.23204	-9.7531e+92	-9.7531e+92	   0.022669	   0.013367	     0.0000	  -0.092730	  0.0092852	 -0.0011194	
2	6	   0.024618	    0.10207	     118.53	    0.24644	-9.7531e+92	-9.7531e+92	    0.10565	   0.033787	     0.0000	     0.0000	   0.034398	  -0.015330	
2	7	 9.1574e-05	 0.00037967	     153.12	   0.092143	-9.7531e+92	-9.7531e+92	   0.055858	 0.00020478	     0.0000	  -0.090702	 0.00020422	 -0.0080678	
2	8	 4.0556e-12	 1.6815e-11	     174.51	   0.055125	-9.7531e+92	-9.7531e+92	  0.0027341	 0.00010275	     0.0000	  -0.074875	 2.0041e-05	 0.00078250	
2	9	 0.00079019	  0.0032762	     133.64	    0.15619	-9.7531e+92	-9.7531e+92	   0.040347	  0.0012487	     0.0000	     0.0000	 0.00088361	 -0.0026165	
2	10	 3.9976e-13	 1.6574e-12	     213.20	   0.024934	-9.7531e+92	-9.7531e+92	 0.00033399	 0.00010765	     0.0000	  -0.015129	-5.5980e-06	 0.00022381	
2	11	 7.3794e-13	 3.0596e-12	     197.83	   0.033565	-9.7531e+92	-9.7531e+92	 0.00038400	 0.00010672	     0.0000	  -0.014092	-1.0355e-06	 0.00025632	
2	12	 6.3787e-13	 2.6447e-12	     181.48	   0.047226	-9.7531e+92	-9.7531e+92	 0.00039477	 0.00010742	     0.0000	  -0.017061	-7.7181e-07	 0.00024395	
2	13	   0.099456	    0.41235	     127.66	    0.18612	-9.7531e+92	-9.7531e+92	    0.17527	    0.14100	     0.0000	 4.9888e-06	    0.43711	   0.019101	
2	14	    0.32887	     1.3635	     97.273	    0.50580	-9.7531e+92	-9.7531e+92	    0.49773	    0.31370	     0.0000	     0.0000	   -0.62508	    0.13089	
2	15	    0.19736	    0.81828	     21.827	     3.9312	-9.7531e+92	-9.7531e+92	    0.28043	    0.19416	    0.14542	   0.068936	    0.48157	    0.10453	
2	16	   0.013371	   0.055438	     68.097	     1.5042	-9.7531e+92	-9.7531e+92	   0.015578	   0.015756	   0.011402	   0.049758	   0.069854	   0.024127	
2	17	 6.5188e-13	 2.7028e-12	     160.64	   0.076357	-9.7531e+92	-9.7531e+92	  0.0054792	 7.9841e-05	  0.0011671	 -0.0065638	 0.00019950	 0.00010700	
2	18	   0.012133	   0.050304	     137.27	    0.14087	-9.7531e+92	-9.7531e+92	   0.058730	   0.017674	     0.0000	  -0.096088	   0.022781	  -0.018921	
2	19	 3.2850e-07	 1.3620e-06	     139.30	    0.13308	-9.7531e+92	-9.7531e+92	  0.0016483	 0.00010353	     0.0000	  -0.034851	 2.9183e-05	 0.00037839	
2	20	 1.3342e-05	 5.5319e-05	     139.77	    0.13137	-9.7531e+92	-9.7531e+92	  0.0033634	 0.00011958	     0.0000	  -0.082421	 3.8220e-05	 0.00077950	
2	21	 1.7219e-12	 7.1393e-12	     197.19	   0.033993	-9.7531e+92	-9.7531e+92	   0.014874	 9.7240e-05	     0.0000	     0.0000	 6.2460e-05	-0.00029081	
2	22	 3.2868e-12	 1.3627e-11	     161.29	   0.075160	-9.7531e+92	-9.7531e+92	  0.0099303	 8.2811e-05	  0.0022245	  -0.012573	 0.00017806	 0.00026205	
2	23	 1.3839e-12	 5.7378e-12	     168.40	   0.063436	-9.7531e+92	-9.7531e+92	  0.0017604	 0.00010458	     0.0000	  -0.012935	 1.7610e-05	 0.00062144	
2	24	 4.4178e-13	 1.8316e-12	     210.29	   0.026336	-9.7531e+92	-9.7531e+92	 0.00018338	 0.00010614	     0.0000	-0.00069445	 4.3873e-06	 3.8564e-05	
3	0	 2.5171e-10	 1.1641e-09	     273.88	  0.0091920	-9.7531e+92	-9.7531e+92	   0.084183	 5.4898e-05	     0.0000	  -0.056939	-0.00044165	    0.64992	
3	1	 0.00073165	  0.0033836	     244.14	   0.014539	-9.7531e+92	-9.7531e+92	   0.041596	 0.00067665	     0.0000	  -0.080296	 -0.0053911	    0.37648	
3	2	    0.34867	     1.6124	     63.167	     1.7950	-9.7531e+92	-9.7531e+92	    0.55609	    0.16585	    0.26754	    0.50807	    -4.1033	    -2.5519	
3	3	     0.0000	     0.0000	     0.0000	     4.0000	-9.7531e+92	-9.7531e+92	     2.4819	     0.0000	     2.3547	     0.0000	     0.0000	     0.0000	
3	4	    0.19134	    0.88486	     82.606	    0.87092	-9.7531e+92	-9.7531e+92	    0.28110	   0.057069	    0.21057	    0.39692	    -1.9692	    -1.4343	
3	5	 0.00084836	  0.0039233	     167.87	   0.064235	-9.7531e+92	-9.7531e+92	   0.012744	 0.00077515	     0.0000	   -0.20450	 -0.0095575	    0.22789	
3	6	  0.0087825	   0.040615	     180.81	   0.047921	-9.7531e+92	-9.7531e+92	   0.081394	  0.0073324	     0.0000	     0.0000	  -0.088575	    0.77194	
3	7	 3.8338e-11	 1.7730e-10	     215.68	   0.023812	-9.7531e+92	-9.7531e+92	   0.042672	 5.5040e-05	     0.0000	   -0.14060	-0.00068756	    0.69625	
3	8	 6.5383e-12	 3.0237e-11	     221.29	   0.021502	-9.7531e+92	-9.7531e+92	  0.0017704	 5.7760e-05	     0.0000	   -0.11594	-0.00073373	   0.074019	
3	9	 1.5507e-10	 7.1711e-10	     191.41	   0.038254	-9.7531e+92	-9.7531e+92	   0.030665	 5.7751e-05	     0.0000	     0.0000	-0.00069715	    0.37463	
3	10	 1.2248e-10	 5.6641e-10	     258.79	   0.011525	-9.7531e+92	-9.7531e+92	 0.00028988	 5.9945e-05	     0.0000	  -0.023426	-0.00075343	   0.011379	
3	11	 9.6354e-11	 4.4560e-10	     244.71	   0.014404	-9.7531e+92	-9.7531e+92	 0.00032156	 5.9853e-05	     0.0000	  -0.021820	-0.00075140	   0.013677	
3	12	 4.1674e-10	 1.9272e-09	     227.10	   0.019395	-9.7531e+92	-9.7531e+92	 0.00036414	 5.9928e-05	     0.0000	  -0.026417	-0.00075125	   0.012749	
3	13	   0.045276	    0.20938	     188.65	   0.040519	-9.7531e+92	-9.7531e+92	    0.13837	   0.038370	     0.0000	-1.6860e-05	   -0.30980	    0.21009	
3	14	    0.14448	    0.66817	     161.01	   0.075671	-9.7531e+92	-9.7531e+92	    0.38361	    0.10255	     0.0000	     0.0000	    -1.1932	    0.29849	
3	15	    0.25976	     1.2013	     84.108	    0.82281	-9.7531e+92	-9.7531e+92	    0.40080	    0.15186	    0.25021	    0.29472	    -2.4222	    -1.7066	
3	16	 9.9278e-11	 4.5912e-10	     111.94	    0.30495	-9.7531e+92	-9.7531e+92	  0.0047676	 4.6786e-05	 0.00010990	 -0.0061766	-0.00060137	  0.0074674	
3	17	 3.2512e-10	 1.5035e-09	     122.41	    0.21829	-9.7531e+92	-9.7531e+92	  0.0090846	 3.1426e-05	  0.0042748	 -0.0047129	-0.00030391	  0.0033065	
3	18	 0.00011901	 0.00055035	     199.21	   0.032649	-9.7531e+92	-9.7531e+92	   0.038864	 0.00015801	     0.0000	   -0.18037	 -0.0017662	    0.51831	
3	19	 5.8889e-11	 2.7233e-10	     184.07	   0.044655	-9.7531e+92	-9.7531e+92	  0.0018818	 5.7715e-05	     0.0000	  -0.053970	-0.00073001	   0.029722	
3	20	 5.4495e-11	 2.5202e-10	     185.64	   0.043179	-9.7531e+92	-9.7531e+92	  0.0023795	 5.6382e-05	     0.0000	   -0.12780	-0.00072963	   0.081101	
3	21	 1.2351e-10	 5.7118e-10	     259.71	   0.011362	-9.7531e+92	-9.7531e+92	   0.011279	 5.8158e-05	     0.0000	     0.0000	-0.00070770	    0.25059	
3	22	 1.2770e-10	 5.9056e-10	     164.94	   0.068842	-9.7531e+92	-9.7531e+92	   0.016525	 3.6718e-05	  0.0079303	  -0.011440	-0.00045178	  0.0099399	
3	23	 9.2687e-11	 4.2864e-10	     228.38	   0.018966	-9.7531e+92	-9.7531e+92	  0.0012554	 6.0013e-05	     0.0000	  -0.020029	-0.00074364	   0.038793	
3	24	 1.2391e-10	 5.7305e-10	     270.69	  0.0096323	-9.7531e+92	-9.7531e+92	 0.00018694	 6.0560e-05	     0.0000	 -0.0010753	-0.00075220	  0.0019648	
4	0	 1.9003e-11	 4.9180e-11	     281.58	  0.0082298	-9.7531e+92	-9.7531e+92	   0.025599	 3.8200e-05	     0.0000	  -0.041195	-0.00088094	     1.4953	
4	1	 7.8993e-12	 2.0444e-11	     272.02	  0.0094459	-9.7531e+92	-9.7531e+92	   0.012845	 3.9309e-05	     0.0000	  -0.058725	-0.00089084	    0.86588	
4	2	    0.20903	    0.54099	     91.235	    0.63030	-9.7531e+92	-9.7531e+92	    0.24979	   0.077412	   0.088313	    0.27168	    -3.5701	    -2.2741	
4	3	    0.49371	     1.2778	     82.606	    0.87092	-9.7531e+92	-9.7531e+92	    0.39568	    0.13571	    0.32449	     1.0000	    -9.0134	    -7.7285	
4	4	     0.0000	     0.0000	     0.0000	     4.0000	-9.7531e+92	-9.7531e+92	     1.3844	     0.0000	     1.3449	     0.0000	     0.0000	     0.0000	
4	5	  0.0024660	  0.0063822	     147.08	    0.10778	-9.7531e+92	-9.7531e+92	  0.0079344	  0.0014846	     0.0000	   -0.13932	  -0.042735	    0.40743	
4	6	 2.9243e-05	 7.5684e-05	     179.35	   0.049487	-9.7531e+92	-9.7531e+92	   0.025221	 5.5421e-05	     0.0000	     0.0000	 -0.0015800	     1.6239	
4	7	 4.9731e-12	 1.2871e-11	     209.16	   0.026904	-9.7531e+92	-9.7531e+92	   0.013235	 3.8514e-05	     0.0000	   -0.10172	 -0.0011180	     1.3280	
4	8	 1.1558e-11	 2.9912e-11	     186.41	   0.042479	-9.7531e+92	-9.7531e+92	  0.0015465	 3.9790e-05	     0.0000	  -0.083881	 -0.0011600	    0.13806	
4	9	 2.3409e-12	 6.0585e-12	     223.28	   0.020749	-9.7531e+92	-9.7531e+92	  0.0093763	 4.0088e-05	     0.0000	     0.0000	 -0.0011267	    0.71137	
4	10	 5.0190e-12	 1.2990e-11	     204.61	   0.029363	-9.7531e+92	-9.7531e+92	 0.00021939	 4.1224e-05	     0.0000	  -0.016949	 -0.0011773	   0.021027	
4	11	 3.4492e-12	 8.9267e-12	     218.09	   0.022784	-9.7531e+92	-9.7531e+92	 0.00022881	 4.1240e-05	     0.0000	  -0.015787	 -0.0011767	   0.025298	
4	12	 3.6976e-12	 9.5696e-12	     165.11	   0.068567	-9.7531e+92	-9.7531e+92	 0.00052849	 4.1163e-05	     0.0000	  -0.019113	 -0.0011739	   0.023571	
4	13	  0.0034184	  0.0088470	     217.30	   0.023117	-9.7531e+92	-9.7531e+92	   0.041720	  0.0020499	     0.0000	-2.5939e-05	  -0.046739	     1.0112	
4	14	   0.011162	   0.028888	     184.55	   0.044193	-9.7531e+92	-9.7531e+92	    0.11565	  0.0056902	     0.0000	     0.0000	   -0.16123	     2.4139	
4	15	   0.093813	    0.24279	     106.18	    0.37015	-9.7531e+92	-9.7531e+92	    0.14470	   0.046021	   0.060422	    0.13214	    -1.5542	   -0.95259	
4	16	  0.0060614	   0.015687	     75.439	     1.1432	-9.7531e+92	-9.7531e+92	  0.0059630	  0.0027791	  0.0033563	   0.019510	  -0.079615	  -0.063362	
4	17	   0.063382	    0.16404	     73.525	     1.2289	-9.7531e+92	-9.7531e+92	   0.044067	   0.017772	   0.041375	    0.14709	   -0.54718	   -0.49717	
4	18	 0.00012885	 0.00033347	     186.18	   0.042684	-9.7531e+92	-9.7531e+92	   0.013524	 0.00011530	     0.0000	   -0.13048	 -0.0031257	     1.0207	
4	19	 0.00058506	  0.0015142	     119.82	    0.23665	-9.7531e+92	-9.7531e+92	  0.0068588	 0.00038227	     0.0000	  -0.032416	  -0.011113	   0.045922	
4	20	 0.00020373	 0.00052728	     135.08	    0.14987	-9.7531e+92	-9.7531e+92	  0.0038595	 0.00015701	     0.0000	  -0.090477	 -0.0046764	    0.14816	
4	21	 9.6582e-12	 2.4996e-11	     253.96	   0.012424	-9.7531e+92	-9.7531e+92	  0.0035315	 4.0398e-05	     0.0000	     0.0000	 -0.0011370	    0.47301	
4	22	    0.11601	    0.30023	     82.638	    0.86986	-9.7531e+92	-9.7531e+92	   0.080706	   0.035629	   0.075895	    0.32045	    -1.1569	    -1.0591	
4	23	 7.4248e-12	 1.9216e-11	     212.30	   0.025355	-9.7531e+92	-9.7531e+92	 0.00053498	 4.1479e-05	     0.0000	  -0.014490	 -0.0011704	   0.071954	
4	24	 5.6194e-13	 1.4543e-12	     253.16	   0.012581	-9.7531e+92	-9.7531e+92	 0.00010072	 4.1826e-05	     0.0000	-0.00077798	 -0.0011782	  0.0036308	
5	0	 0.00097769	  0.0017465	     169.69	   0.061568	-9.7531e+92	-9.7531e+92	   0.037884	 0.00071532	     0.0000	  -0.033050	  -0.020861	     1.4708	
5	1	  0.0031955	  0.0057083	     161.91	   0.074033	-9.7531e+92	-9.7531e+92	   0.025549	  0.0022267	     0.0000	  -0.045274	  -0.066633	    0.81758	
5	2	  0.0068622	   0.012258	     120.45	    0.23204	-9.7531e+92	-9.7531e+92	   0.019811	  0.0049361	     0.0000	   -0.19915	   -0.15739	    0.79226	
5	3	 5.3102e-05	 9.4860e-05	     167.87	   0.064235	-9.7531e+92	-9.7531e+92	  0.0036134	 8.7702e-05	     0.0000	   -0.14884	 -0.0026711	    0.38594	
5	4	 1.6694e-05	 2.9822e-05	     147.08	    0.10778	-9.7531e+92	-9.7531e+92	  0.0021626	 6.2014e-05	     0.0000	   -0.11808	 -0.0019785	    0.22592	
5	5	     0.0000	     0.0000	     0.0000	     4.0000	-9.7531e+92	-9.7531e+92	    0.94439	     0.0000	    0.89334	     0.0000	     0.0000	     0.0000	
5	6	    0.14290	    0.25528	     72.218	     1.2908	-9.7531e+92	-9.7531e+92	   0.097855	   0.096806	     0.0000	     0.0000	    -3.3886	   -0.54348	
5	7	   0.028039	   0.050088	     89.752	    0.66590	-9.7531e+92	-9.7531e+92	   0.046393	   0.020579	     0.0000	  -0.055332	   -0.67667	    0.86912	
5	8	    0.16569	    0.29598	     54.235	     2.3987	-9.7531e+92	-9.7531e+92	   0.091898	   0.090737	   0.076396	    0.74023	    -3.6128	    -2.1232	
5	9	 5.4276e-05	 9.6957e-05	     134.70	    0.15149	-9.7531e+92	-9.7531e+92	   0.013376	 9.0409e-05	     0.0000	     0.0000	 -0.0029321	    0.69117	
5	10	 1.3362e-05	 2.3870e-05	     93.726	    0.57518	-9.7531e+92	-9.7531e+92	  0.0060818	 5.0833e-05	  0.0036510	  -0.010451	 -0.0017674	   0.017874	
5	11	 0.00032523	 0.00058098	     77.490	     1.0576	-9.7531e+92	-9.7531e+92	  0.0074729	 0.00024938	  0.0045688	 -0.0076371	 -0.0088390	   0.017817	
5	12	 0.00018227	 0.00032560	     80.590	    0.94012	-9.7531e+92	-9.7531e+92	  0.0067774	 0.00015275	  0.0040649	 -0.0094847	 -0.0054026	   0.017249	
5	13	   0.016305	   0.029127	     125.66	    0.19761	-9.7531e+92	-9.7531e+92	   0.037986	   0.011306	     0.0000	-1.7562e-05	   -0.33331	    0.83809	
5	14	    0.16180	    0.28904	     108.09	    0.34690	-9.7531e+92	-9.7531e+92	    0.13213	    0.10674	     0.0000	     0.0000	    -3.3668	    0.42058	
5	15	  0.0055047	  0.0098335	     104.94	    0.38615	-9.7531e+92	-9.7531e+92	  0.0091974	  0.0041596	     0.0000	  -0.073915	   -0.13474	    0.41007	
5	16	 1.0808e-05	 1.9307e-05	     71.546	     1.3237	-9.7531e+92	-9.7531e+92	 0.00023783	 5.8295e-05	     0.0000	 -0.0056981	 -0.0018494	   0.014685	
5	17	 5.1834e-13	 9.2594e-13	     219.60	   0.022168	-9.7531e+92	-9.7531e+92	 0.00012840	 5.3612e-05	     0.0000	 -0.0092805	 -0.0016878	   0.015335	
5	18	    0.24550	    0.43856	     53.346	     2.4617	-9.7531e+92	-9.7531e+92	    0.15264	    0.11918	   0.029961	   0.021660	    -5.9877	    -2.7053	
5	19	   0.015994	   0.028570	     64.874	     1.6901	-9.7531e+92	-9.7531e+92	   0.021422	  0.0081776	   0.015159	   0.054919	   -0.32556	   -0.15095	
5	20	    0.19769	    0.35315	     39.691	     3.3571	-9.7531e+92	-9.7531e+92	    0.10684	   0.094067	   0.089829	    0.65652	    -4.0551	    -2.2986	
5	21	 6.1420e-07	 1.0972e-06	     132.91	    0.15951	-9.7531e+92	-9.7531e+92	  0.0095881	 5.0951e-05	     0.0000	     0.0000	 -0.0016449	    0.45981	
5	22	 1.2781e-11	 2.2832e-11	     151.89	   0.095092	-9.7531e+92	-9.7531e+92	 0.00019930	 5.1198e-05	     0.0000	  -0.015303	 -0.0016475	   0.028124	
5	23	  0.0088830	   0.015868	     65.633	     1.6449	-9.7531e+92	-9.7531e+92	   0.012187	  0.0055152	  0.0041144	  0.0037441	   -0.19449	  -0.059913	
5	24	 5.7034e-08	 1.0188e-07	     106.34	    0.36810	-9.7531e+92	-9.7531e+92	 0.00037953	 4.7808e-05	     0.0000	-0.00055649	 -0.0016003	  0.0035201	
6	0	    0.10003	    0.25649	     105.31	    0.38136	-9.7531e+92	-9.7531e+92	    0.15104	    0.12451	     0.0000	     0.0000	     1.4628	     0.0000	
6	1	   0.036783	   0.094322	     96.519	    0.51972	-9.7531e+92	-9.7531e+92	   0.073614	   0.071023	     0.0000	 -0.0030156	    0.91228	  -0.028129	
6	2	  0.0087147	   0.022347	     118.53	    0.24644	-9.7531e+92	-9.7531e+92	   0.042440	   0.019129	     0.0000	  -0.026627	    0.22896	  -0.047028	
6	3	 6.2347e-05	 0.00015988	     180.81	   0.047921	-9.7531e+92	-9.7531e+92	  0.0076416	 0.00029586	     0.0000	  -0.020578	  0.0034309	  -0.024092	
6	4	 1.8576e-06	 4.7634e-06	     179.35	   0.049487	-9.7531e+92	-9.7531e+92	  0.0037058	 0.00016712	     0.0000	  -0.016348	  0.0017639	  -0.013164	
6	5	   0.032394	   0.083067	     72.218	     1.2908	-9.7531e+92	-9.7531e+92	   0.040423	   0.069052	     0.0000	  0.0022890	    0.84651	  0.0032981	
6	6	     0.0000	     0.0000	     0.0000	     4.0000	-9.7531e+92	-9.7531e+92	     1.3590	     0.0000	     1.0865	     0.0000	     0.0000	     0.0000	
6	7	    0.19800	    0.50773	     34.871	     3.5904	-9.7531e+92	-9.7531e+92	    0.18034	    0.41664	     0.0000	   0.014946	     5.1082	   0.096897	
6	8	 9.6803e-05	 0.00024823	     109.28	    0.33318	-9.7531e+92	-9.7531e+92	  0.0045990	 0.00039462	     0.0000	 -0.0092798	  0.0041206	 -0.0072931	
6	9	   0.031925	   0.081865	     62.827	     1.8164	-9.7531e+92	-9.7531e+92	   0.052247	   0.062168	     0.0000	     0.0000	    0.84003	  -0.011744	
6	10	 5.7231e-13	 1.4676e-12	     153.37	   0.091543	-9.7531e+92	-9.7531e+92	 0.00039509	 0.00017403	     0.0000	 -0.0018963	  0.0016391	 -0.0011044	
6	11	 6.1956e-07	 1.5887e-06	     117.04	    0.25846	-9.7531e+92	-9.7531e+92	 0.00048764	 0.00016970	     0.0000	 -0.0017656	  0.0016842	 -0.0013305	
6	12	 9.1998e-14	 2.3591e-13	     152.49	   0.093630	-9.7531e+92	-9.7531e+92	 0.00042228	 0.00017364	     0.0000	 -0.0021384	  0.0016458	 -0.0012393	
6	13	    0.14721	    0.37748	     53.773	     2.4314	-9.7531e+92	-9.7531e+92	    0.14362	    0.21206	     0.0000	     0.0000	     2.7879	   0.058337	
6	14	    0.28472	    0.73010	     41.508	     3.2546	-9.7531e+92	-9.7531e+92	    0.31424	    0.48963	     0.0000	     0.0000	     6.8144	   0.081118	
6	15	   0.011484	   0.029448	     96.746	    0.51548	-9.7531e+92	-9.7531e+92	   0.021506	   0.025912	     0.0000	 -0.0079632	    0.29624	  -0.018141	
6	16	 2.6161e-12	 6.7083e-12	     111.89	    0.30549	-9.7531e+92	-9.7531e+92	 0.00038447	 0.00017362	     0.0000	-0.00080099	  0.0016399	-0.00080169	
6	17	 9.4621e-13	 2.4263e-12	     251.72	   0.012870	-9.7531e+92	-9.7531e+92	 0.00020338	 0.00017776	     0.0000	 -0.0012836	  0.0016160	-0.00083079	
6	18	    0.13774	    0.35320	     36.723	     3.5078	-9.7531e+92	-9.7531e+92	    0.13076	    0.28023	     0.0000	   0.014688	     3.5025	   0.060114	
6	19	 1.2743e-07	 3.2675e-07	     133.74	    0.15573	-9.7531e+92	-9.7531e+92	  0.0011143	 0.00016762	     0.0000	 -0.0043686	  0.0016716	 -0.0029434	
6	20	 0.00029002	 0.00074369	     111.59	    0.30852	-9.7531e+92	-9.7531e+92	  0.0051573	 0.00083333	     0.0000	  -0.010029	  0.0090868	 -0.0078555	
6	21	  0.0090537	   0.023216	     78.899	     1.0025	-9.7531e+92	-9.7531e+92	   0.025932	   0.019975	     0.0000	     0.0000	    0.23471	  -0.018035	
6	22	 2.3034e-12	 5.9066e-12	     216.08	   0.023641	-9.7531e+92	-9.7531e+92	 0.00030283	 0.00017647	     0.0000	 -0.0021777	  0.0016252	 -0.0015311	
6	23	  0.0014965	  0.0038376	     73.330	     1.2380	-9.7531e+92	-9.7531e+92	  0.0042654	  0.0036387	     0.0000	 -0.0010772	   0.040799	 -0.0025285	
6	24	 1.0007e-05	 2.5661e-05	     108.13	    0.34637	-9.7531e+92	-9.7531e+92	 0.00018993	 0.00018252	     0.0000	-8.3154e-05	  0.0019612	-0.00018219	
7	0	   0.020148	   0.040432	     80.265	    0.95180	-9.7531e+92	-9.7531e+92	   0.090871	   0.024230	     0.0000	     0.0000	    0.20716	     0.0000	
7	1	   0.050114	    0.10057	     75.481	     1.1413	-9.7531e+92	-9.7531e+92	   0.065847	   0.063761	     0.0000	     0.0000	    0.54989	     0.0000	
7	2	 7.8364e-05	 0.00015726	     153.12	   0.092143	-9.7531e+92	-9.7531e+92	   0.049270	 0.00024738	     0.0000	     0.0000	  0.0021914	     0.0000	
7	3	 2.1568e-08	 4.3282e-08	     215.68	   0.023812	-9.7531e+92	-9.7531e+92	  0.0079795	 0.00011849	     0.0000	     0.0000	  0.0010345	     0.0000	
7	4	 1.2416e-12	 2.4917e-12	     209.16	   0.026904	-9.7531e+92	-9.7531e+92	  0.0040841	 0.00012408	     0.0000	     0.0000	 0.00096774	     0.0000	
7	5	 0.00043940	 0.00088179	     89.752	    0.66590	-9.7531e+92	-9.7531e+92	   0.010151	 0.00086793	     0.0000	     0.0000	  0.0073080	     0.0000	
7	6	   0.062276	    0.12498	     34.871	     3.5904	-9.7531e+92	-9.7531e+92	   0.083388	   0.085358	     0.0000	     0.0000	    0.90770	     0.0000	
7	7	     0.0000	     0.0000	     0.0000	     4.0000	-9.7531e+92	-9.7531e+92	     1.0499	     0.0000	    0.87824	     0.0000	     0.0000	     0.0000	
7	8	 1.2409e-05	 2.4903e-05	     109.89	    0.32644	-9.7531e+92	-9.7531e+92	  0.0013229	 0.00014447	     0.0000	     0.0000	  0.0011071	     0.0000	
7	9	  0.0034564	  0.0069364	     64.406	     1.7184	-9.7531e+92	-9.7531e+92	   0.035327	  0.0055640	     0.0000	     0.0000	   0.051753	     0.0000	
7	10	 1.5993e-12	 3.2096e-12	     153.29	   0.091732	-9.7531e+92	-9.7531e+92	 0.00015994	 0.00013146	     0.0000	     0.0000	 0.00089554	     0.0000	
7	11	 1.4702e-07	 2.9503e-07	     112.26	    0.30176	-9.7531e+92	-9.7531e+92	 0.00019147	 0.00012678	     0.0000	     0.0000	 0.00092805	     0.0000	
7	12	 2.1169e-13	 4.2483e-13	     158.06	   0.081372	-9.7531e+92	-9.7531e+92	 0.00016520	 0.00013191	     0.0000	     0.0000	 0.00089466	     0.0000	
7	13	   0.041766	   0.083816	     57.312	     2.1828	-9.7531e+92	-9.7531e+92	   0.062413	   0.055439	     0.0000	     0.0000	    0.51752	     0.0000	
7	14	    0.76084	     1.5269	     65.464	     1.6549	-9.7531e+92	-9.7531e+92	    0.44590	     1.0000	   0.056953	     0.0000	     9.9230	     0.0000	
7	15	 4.0579e-05	 8.1435e-05	     131.62	    0.16559	-9.7531e+92	-9.7531e+92	   0.018003	 0.00019046	     0.0000	     0.0000	  0.0015283	     0.0000	
7	16	 2.2727e-12	 4.5609e-12	     137.28	    0.14083	-9.7531e+92	-9.7531e+92	 0.00041084	 0.00013283	     0.0000	     0.0000	 0.00088459	     0.0000	
7	17	 5.5084e-13	 1.1054e-12	     281.54	  0.0082346	-9.7531e+92	-9.7531e+92	 0.00019678	 0.00013467	     0.0000	     0.0000	 0.00087706	     0.0000	
7	18	   0.049580	   0.099497	     38.248	     3.4331	-9.7531e+92	-9.7531e+92	   0.058907	   0.073131	     0.0000	     0.0000	    0.69728	     0.0000	
7	19	 7.4907e-13	 1.5032e-12	     154.38	   0.089237	-9.7531e+92	-9.7531e+92	 0.00036459	 0.00012808	     0.0000	     0.0000	 0.00091046	     0.0000	
7	20	 1.1373e-06	 2.2824e-06	     126.68	    0.19164	-9.7531e+92	-9.7531e+92	  0.0013898	 0.00012345	     0.0000	     0.0000	 0.00094144	     0.0000	
7	21	   0.010067	   0.020203	     44.967	     3.0407	-9.7531e+92	-9.7531e+92	   0.017894	   0.015074	     0.0000	     0.0000	    0.15673	     0.0000	
7	22	 1.4004e-12	 2.8104e-12	     241.36	   0.015218	-9.7531e+92	-9.7531e+92	 0.00030563	 0.00013371	     0.0000	     0.0000	 0.00088445	     0.0000	
7	23	  0.0011658	  0.0023395	     58.677	     2.0891	-9.7531e+92	-9.7531e+92	  0.0020908	  0.0020265	     0.0000	     0.0000	   0.019922	     0.0000	
7	24	 1.6913e-05	 3.3942e-05	     84.614	    0.80724	-9.7531e+92	-9.7531e+92	 0.00012369	 0.00013984	     0.0000	     0.0000	  0.0013391	     0.0000	
8	0	 0.00064465	 0.00057960	     172.11	   0.058221	-9.7531e+92	-9.7531e+92	   0.011762	 0.00022379	     0.0000	  -0.024401	  -0.014008	     2.0280	
8	1	 4.7875e-05	 4.3044e-05	     184.58	   0.044171	-9.7531e+92	-9.7531e+92	  0.0089961	 3.6674e-05	     0.0000	  -0.034951	 -0.0022785	     1.1765	
8	2	 5.2249e-05	 4.6976e-05	     174.51	   0.055125	-9.7531e+92	-9.7531e+92	  0.0036908	 3.7654e-05	     0.0000	   -0.16459	 -0.0026117	     1.1916	
8	3	 6.2892e-12	 5.6546e-12	     221.29	   0.021502	-9.7531e+92	-9.7531e+92	 0.00071584	 2.1330e-05	     0.0000	   -0.10979	 -0.0014481	    0.51942	
8	4	 2.3448e-08	 2.1082e-08	     186.41	   0.042479	-9.7531e+92	-9.7531e+92	 0.00056391	 2.1444e-05	     0.0000	  -0.087030	 -0.0015188	    0.30071	
8	5	    0.18112	    0.16285	     54.235	     2.3987	-9.7531e+92	-9.7531e+92	   0.069593	   0.038915	   0.043897	    0.19572	    -4.0006	    -2.9322	
8	6	   0.016046	   0.014427	     109.28	    0.33318	-9.7531e+92	-9.7531e+92	   0.020479	  0.0050906	     0.0000	     0.0000	   -0.36651	     1.7870	
8	7	  0.0033837	  0.0030423	     109.89	    0.32644	-9.7531e+92	-9.7531e+92	   0.015040	  0.0011258	     0.0000	  -0.058187	  -0.079476	     1.6461	
8	8	     0.0000	     0.0000	     0.0000	     4.0000	-9.7531e+92	-9.7531e+92	    0.47395	     0.0000	    0.46614	     0.0000	     0.0000	     0.0000	
8	9	 1.2159e-09	 1.0932e-09	     171.65	   0.058843	-9.7531e+92	-9.7531e+92	  0.0035583	 2.2176e-05	     0.0000	     0.0000	 -0.0015454	    0.91665	
8	10	    0.11256	    0.10120	     44.054	     3.0993	-9.7531e+92	-9.7531e+92	   0.028752	   0.022709	   0.027528	    0.38358	    -1.9662	    -1.6415	
8	11	    0.14132	    0.12706	     32.525	     3.6821	-9.7531e+92	-9.7531e+92	   0.036180	   0.029675	   0.034719	    0.34682	    -2.5250	    -2.1171	
8	12	   0.016126	   0.014499	     55.069	     2.3397	-9.7531e+92	-9.7531e+92	  0.0088807	  0.0037331	  0.0075155	   0.064022	   -0.31759	   -0.24803	
8	13	 0.00092793	 0.00083429	     162.59	   0.072826	-9.7531e+92	-9.7531e+92	   0.012207	 0.00031887	     0.0000	-1.5936e-05	  -0.019819	     1.4163	
8	14	  0.0047107	  0.0042353	     146.54	    0.10935	-9.7531e+92	-9.7531e+92	   0.025472	  0.0014385	     0.0000	     0.0000	  -0.097309	     3.3642	
8	15	 1.0795e-06	 9.7055e-07	     159.01	   0.079481	-9.7531e+92	-9.7531e+92	  0.0015182	 2.2269e-05	     0.0000	  -0.065490	 -0.0015683	    0.65391	
8	16	 3.3054e-12	 2.9719e-12	     112.87	    0.29583	-9.7531e+92	-9.7531e+92	 7.2561e-05	 2.2571e-05	     0.0000	 -0.0042562	 -0.0015869	   0.019579	
8	17	 6.6883e-14	 6.0134e-14	     258.50	   0.011577	-9.7531e+92	-9.7531e+92	 4.7962e-05	 2.2937e-05	     0.0000	 -0.0068325	 -0.0015932	   0.020189	
8	18	    0.25634	    0.23048	     75.421	     1.1439	-9.7531e+92	-9.7531e+92	   0.084586	   0.074066	   0.022842	    0.16316	    -5.7548	    -3.6407	
8	19	   0.010822	  0.0097303	     80.536	    0.94205	-9.7531e+92	-9.7531e+92	   0.010815	  0.0026312	  0.0076632	   0.029780	   -0.23499	   -0.13894	
8	20	    0.15928	    0.14321	     51.987	     2.5582	-9.7531e+92	-9.7531e+92	   0.049621	   0.034141	   0.041058	    0.43213	    -3.3555	    -2.7404	
8	21	 4.2516e-05	 3.8226e-05	     132.38	    0.16196	-9.7531e+92	-9.7531e+92	  0.0045470	 3.6679e-05	     0.0000	     0.0000	 -0.0025456	    0.60742	
8	22	 5.1730e-12	 4.6510e-12	     168.70	   0.062994	-9.7531e+92	-9.7531e+92	 6.9784e-05	 2.2062e-05	     0.0000	  -0.011364	 -0.0015740	   0.037051	
8	23	   0.096387	   0.086661	     54.810	     2.3580	-9.7531e+92	-9.7531e+92	   0.026893	   0.029588	   0.022830	    0.12633	    -2.2077	    -1.8534	
8	24	 0.00017401	 0.00015645	     77.960	     1.0389	-9.7531e+92	-9.7531e+92	 0.00099560	 7.8588e-05	 0.00073476	-9.9241e-05	 -0.0056258	  0.0010296	
9	0	    0.26415	    0.47329	     86.890	    0.74099	-9.7531e+92	-9.7531e+92	    0.17821	    0.21544	     0.0000	  0.0075538	     3.5898	    0.17232	
9	1	    0.16490	    0.29546	     55.376	     2.3181	-9.7531e+92	-9.7531e+92	    0.10688	   0.099306	     0.0000	     0.0000	     1.5272	     0.0000	
9	2	  0.0011887	  0.0021298	     133.64	    0.15619	-9.7531e+92	-9.7531e+92	   0.021481	  0.0012028	     0.0000	  -0.040554	   0.018922	  -0.070157	
9	3	 0.00011304	 0.00020255	     191.41	   0.038254	-9.7531e+92	-9.7531e+92	  0.0036629	 0.00017969	     0.0000	  -0.027440	  0.0027418	  -0.031471	
9	4	 6.6826e-11	 1.1974e-10	     223.28	   0.020749	-9.7531e+92	-9.7531e+92	  0.0018603	 7.0219e-05	     0.0000	  -0.021842	  0.0010001	  -0.017216	
9	5	 0.00049155	 0.00088075	     134.70	    0.15149	-9.7531e+92	-9.7531e+92	  0.0082988	 0.00057575	     0.0000	  -0.022399	  0.0083146	  -0.031580	
9	6	    0.12224	    0.21903	     62.827	     1.8164	-9.7531e+92	-9.7531e+92	    0.11516	    0.11194	     0.0000	     0.0000	     1.8343	   0.017955	
9	7	   0.049865	   0.089347	     64.406	     1.7184	-9.7531e+92	-9.7531e+92	   0.069282	   0.045919	     0.0000	 -0.0063465	    0.75229	  -0.040264	
9	8	 9.9326e-12	 1.7797e-11	     171.65	   0.058843	-9.7531e+92	-9.7531e+92	  0.0010667	 7.2203e-05	     0.0000	  -0.012538	 0.00097806	 -0.0096381	
9	9	     0.0000	     0.0000	     0.0000	     4.0000	-9.7531e+92	-9.7531e+92	    0.92303	     0.0000	    0.84140	     0.0000	     0.0000	     0.0000	
9	10	 1.2168e-11	 2.1802e-11	     215.04	   0.024096	-9.7531e+92	-9.7531e+92	 0.00013533	 7.6295e-05	     0.0000	 -0.0025333	 0.00096581	 -0.0014428	
9	11	 2.0270e-11	 3.6318e-11	     175.31	   0.054135	-9.7531e+92	-9.7531e+92	 0.00015960	 7.4859e-05	     0.0000	 -0.0023596	 0.00097247	 -0.0017389	
9	12	 4.4781e-11	 8.0238e-11	     214.99	   0.024120	-9.7531e+92	-9.7531e+92	 0.00014044	 7.6405e-05	     0.0000	 -0.0028567	 0.00096653	 -0.0016190	
9	13	    0.13966	    0.25024	     9.0540	     3.9979	-9.7531e+92	-9.7531e+92	    0.10083	    0.11101	     0.0000	 2.8081e-06	     1.8189	   0.067547	
9	14	    0.22402	    0.40138	     38.749	     3.4073	-9.7531e+92	-9.7531e+92	    0.18134	    0.16018	     0.0000	     0.0000	     2.7777	   0.035102	
9	15	 0.00071348	  0.0012784	     117.55	    0.25424	-9.7531e+92	-9.7531e+92	  0.0084818	 0.00078328	     0.0000	  -0.016076	   0.011660	  -0.035838	
9	16	 2.6384e-11	 4.7275e-11	     159.83	   0.077890	-9.7531e+92	-9.7531e+92	 0.00021019	 7.5595e-05	     0.0000	 -0.0010700	 0.00097146	 -0.0010473	
9	17	 4.4668e-11	 8.0035e-11	     293.28	  0.0069951	-9.7531e+92	-9.7531e+92	 0.00011895	 7.6368e-05	     0.0000	 -0.0017147	 0.00096653	 -0.0010854	
9	18	   0.022396	   0.040129	     96.665	    0.51699	-9.7531e+92	-9.7531e+92	   0.043629	   0.021444	     0.0000	  -0.013172	    0.33565	  -0.052785	
9	19	 6.9631e-11	 1.2476e-10	     193.08	   0.036956	-9.7531e+92	-9.7531e+92	 0.00029682	 7.4360e-05	     0.0000	 -0.0058362	 0.00097372	 -0.0038460	
9	20	 2.2867e-11	 4.0973e-11	     174.09	   0.055651	-9.7531e+92	-9.7531e+92	  0.0011389	 7.1176e-05	     0.0000	  -0.013821	 0.00097808	  -0.010589	
9	21	   0.010255	   0.018374	     83.320	    0.84769	-9.7531e+92	-9.7531e+92	   0.024616	  0.0098954	     0.0000	     0.0000	    0.15625	  -0.022223	
9	22	 6.3452e-11	 1.1369e-10	     266.14	   0.010307	-9.7531e+92	-9.7531e+92	 0.00016885	 7.6018e-05	     0.0000	 -0.0029092	 0.00096843	 -0.0020004	
9	23	 1.2745e-05	 2.2836e-05	     121.73	    0.22293	-9.7531e+92	-9.7531e+92	  0.0013077	 8.6312e-05	     0.0000	 -0.0021597	  0.0011756	 -0.0049577	
9	24	 4.5109e-11	 8.0825e-11	     149.07	    0.10229	-9.7531e+92	-9.7531e+92	 9.6395e-05	 7.2521e-05	     0.0000	-0.00011628	 0.00098666	-0.00024915	
10	0	  0.0014799	 0.00060470	     210.64	   0.026161	-9.7531e+92	-9.7531e+92	  0.0031238	 9.3317e-05	     0.0000	 -0.0052567	 -0.0064903	    0.44847	
10	1	 6.4471e-05	 2.6343e-05	     228.04	   0.019080	-9.7531e+92	-9.7531e+92	  0.0022065	 8.0955e-06	     0.0000	 -0.0075812	-0.00055508	    0.26192	
10	2	 1.0807e-06	 4.4159e-07	     213.20	   0.024934	-9.7531e+92	-9.7531e+92	  0.0012054	 4.0892e-06	     0.0000	  -0.035739	-0.00031639	    0.26519	
10	3	 3.4884e-11	 1.4254e-11	     258.79	   0.011525	-9.7531e+92	-9.7531e+92	 0.00027809	 4.0470e-06	     0.0000	  -0.023820	-0.00030794	    0.11552	
10	4	 2.8281e-11	 1.1556e-11	     204.61	   0.029363	-9.7531e+92	-9.7531e+92	 0.00033756	 4.0665e-06	     0.0000	  -0.018883	-0.00032228	   0.066834	
10	5	    0.11021	   0.045031	     93.726	    0.57518	-9.7531e+92	-9.7531e+92	   0.025513	  0.0058613	   0.013835	   0.041686	   -0.53365	   -0.36138	
10	6	 0.00092443	 0.00037772	     153.37	   0.091543	-9.7531e+92	-9.7531e+92	  0.0054459	 6.0426e-05	     0.0000	     0.0000	 -0.0047863	    0.46367	
10	7	 0.00062109	 0.00025378	     153.29	   0.091732	-9.7531e+92	-9.7531e+92	  0.0035999	 4.2814e-05	     0.0000	  -0.013049	 -0.0033620	    0.37808	
10	8	    0.36333	    0.14846	     44.054	     3.0993	-9.7531e+92	-9.7531e+92	   0.048626	   0.012261	   0.045080	    0.18555	    -1.3231	    -1.1511	
10	9	 2.0063e-13	 8.1977e-14	     215.04	   0.024096	-9.7531e+92	-9.7531e+92	 0.00094321	 4.2280e-06	     0.0000	     0.0000	-0.00032788	    0.20368	
10	10	     0.0000	     0.0000	     0.0000	     4.0000	-9.7531e+92	-9.7531e+92	    0.20891	     0.0000	    0.20835	     0.0000	     0.0000	     0.0000	
10	11	    0.17458	   0.071334	     46.926	     2.9109	-9.7531e+92	-9.7531e+92	   0.021825	  0.0075684	   0.021161	    0.11262	   -0.61014	   -0.53755	
10	12	    0.17407	   0.071125	     46.012	     2.9721	-9.7531e+92	-9.7531e+92	   0.019803	  0.0078592	   0.019182	    0.17721	   -0.62513	   -0.55299	
10	13	  0.0016832	 0.00068776	     205.99	   0.028587	-9.7531e+92	-9.7531e+92	  0.0031767	 0.00010786	     0.0000	-3.4255e-06	 -0.0074247	    0.31245	
10	14	  0.0038457	  0.0015714	     190.48	   0.038997	-9.7531e+92	-9.7531e+92	  0.0074267	 0.00022573	     0.0000	     0.0000	  -0.016967	    0.75229	
10	15	 7.0861e-12	 2.8954e-12	     197.67	   0.033672	-9.7531e+92	-9.7531e+92	 0.00049216	 4.1672e-06	     0.0000	  -0.014210	-0.00032745	    0.14531	
10	16	 1.3910e-12	 5.6835e-13	     147.94	    0.10538	-9.7531e+92	-9.7531e+92	 3.1028e-05	 4.3376e-06	     0.0000	-0.00092455	-0.00033794	  0.0043487	
10	17	 2.8301e-11	 1.1564e-11	     270.72	  0.0096279	-9.7531e+92	-9.7531e+92	 2.4389e-05	 4.3398e-06	     0.0000	 -0.0014824	-0.00033757	  0.0044844	
10	18	   0.034090	   0.013929	     118.82	    0.24422	-9.7531e+92	-9.7531e+92	   0.018901	  0.0020297	     0.0000	 -0.0080821	   -0.16210	    0.14940	
10	19	   0.073931	   0.030208	     85.643	    0.77653	-9.7531e+92	-9.7531e+92	   0.012177	  0.0040311	   0.010744	   0.084444	   -0.35593	   -0.31132	
10	20	   0.058504	   0.023905	     74.457	     1.1864	-9.7531e+92	-9.7531e+92	   0.018706	  0.0029646	   0.014815	   0.046659	   -0.27830	   -0.21353	
10	21	 1.1437e-11	 4.6734e-12	     171.26	   0.059366	-9.7531e+92	-9.7531e+92	  0.0010401	 4.2726e-06	     0.0000	     0.0000	-0.00032992	    0.13515	
10	22	 1.1648e-11	 4.7596e-12	     176.66	   0.052524	-9.7531e+92	-9.7531e+92	 4.0911e-05	 4.2425e-06	     0.0000	 -0.0024945	-0.00033514	  0.0082299	
10	23	  0.0024774	  0.0010123	     95.614	    0.53700	-9.7531e+92	-9.7531e+92	  0.0043253	 0.00015881	  0.0024788	-0.00075865	  -0.012665	  0.0090824	
10	24	 0.00019017	 7.7705e-05	     102.71	    0.41717	-9.7531e+92	-9.7531e+92	 0.00040643	 1.6416e-05	 0.00028788	-1.4845e-05	 -0.0012872	 0.00015485	
11	0	  0.0025583	  0.0011760	     167.10	   0.065400	-9.7531e+92	-9.7531e+92	  0.0066897	 0.00018821	     0.0000	 -0.0061458	  -0.013720	    0.55286	
11	1	 0.00045622	 0.00020971	     185.20	   0.043588	-9.7531e+92	-9.7531e+92	  0.0048395	 3.8319e-05	     0.0000	 -0.0088942	 -0.0027550	    0.32398	
11	2	 5.2292e-06	 2.4036e-06	     197.83	   0.033565	-9.7531e+92	-9.7531e+92	  0.0016627	 5.1594e-06	     0.0000	  -0.042169	-0.00041764	    0.32951	
11	3	 7.5277e-11	 3.4602e-11	     244.71	   0.014404	-9.7531e+92	-9.7531e+92	 0.00031367	 4.8130e-06	     0.0000	  -0.028108	-0.00038311	    0.14356	
11	4	 6.3706e-11	 2.9283e-11	     218.09	   0.022784	-9.7531e+92	-9.7531e+92	 0.00020792	 4.8378e-06	     0.0000	  -0.022281	-0.00040078	   0.083016	
11	5	   0.083013	   0.038157	     77.490	     1.0576	-9.7531e+92	-9.7531e+92	   0.024666	  0.0052214	   0.011529	   0.032417	   -0.49998	   -0.29929	
11	6	   0.016268	  0.0074779	     117.04	    0.25846	-9.7531e+92	-9.7531e+92	  0.0098699	  0.0011831	     0.0000	     0.0000	  -0.098089	    0.49213	
11	7	  0.0014682	 0.00067488	     112.26	    0.30176	-9.7531e+92	-9.7531e+92	  0.0078835	 0.00011356	     0.0000	  -0.015244	 -0.0093283	    0.46487	
11	8	    0.39402	    0.18111	     32.525	     3.6821	-9.7531e+92	-9.7531e+92	   0.052242	   0.014938	   0.048253	    0.21399	    -1.7761	    -1.5438	
11	9	 1.2631e-10	 5.8058e-11	     175.31	   0.054135	-9.7531e+92	-9.7531e+92	  0.0018387	 5.0254e-06	     0.0000	     0.0000	-0.00040766	    0.25295	
11	10	   0.088790	   0.040813	     46.926	     2.9109	-9.7531e+92	-9.7531e+92	   0.013470	  0.0038043	   0.012844	   0.070289	   -0.30045	   -0.25300	
11	11	     0.0000	     0.0000	     0.0000	     4.0000	-9.7531e+92	-9.7531e+92	    0.23481	     0.0000	    0.23406	     0.0000	     0.0000	     0.0000	
11	12	 0.00059045	 0.00027141	     77.218	     1.0686	-9.7531e+92	-9.7531e+92	  0.0021542	 4.1054e-05	  0.0014563	 -0.0012948	 -0.0037205	  0.0044663	
11	13	  0.0024727	  0.0011366	     166.60	   0.066184	-9.7531e+92	-9.7531e+92	  0.0065070	 0.00018599	     0.0000	-4.0025e-06	  -0.013418	    0.38490	
11	14	  0.0078717	  0.0036183	     157.91	   0.081669	-9.7531e+92	-9.7531e+92	   0.012528	 0.00054433	     0.0000	     0.0000	  -0.042862	    0.91583	
11	15	 3.3873e-11	 1.5570e-11	     182.32	   0.046370	-9.7531e+92	-9.7531e+92	 0.00069098	 4.9545e-06	     0.0000	  -0.016767	-0.00040713	    0.18046	
11	16	 1.9832e-11	 9.1159e-12	     142.85	    0.12075	-9.7531e+92	-9.7531e+92	 3.0247e-05	 5.1576e-06	     0.0000	 -0.0010911	-0.00042013	  0.0053986	
11	17	 2.0910e-11	 9.6113e-12	     290.18	  0.0072979	-9.7531e+92	-9.7531e+92	 2.1962e-05	 5.1615e-06	     0.0000	 -0.0017492	-0.00041962	  0.0055673	
11	18	    0.25641	    0.11786	     81.269	    0.91620	-9.7531e+92	-9.7531e+92	   0.045088	   0.018034	   0.013522	   0.051468	    -1.5143	    -1.0059	
11	19	 0.00029840	 0.00013716	     108.78	    0.33886	-9.7531e+92	-9.7531e+92	  0.0022955	 2.4125e-05	 0.00068390	 -0.0045982	 -0.0022100	   0.017476	
11	20	   0.010584	  0.0048653	     83.734	    0.83452	-9.7531e+92	-9.7531e+92	  0.0091756	 0.00065283	  0.0047977	  0.0012864	  -0.063609	 -0.0060766	
11	21	 3.0338e-05	 1.3945e-05	     128.65	    0.18069	-9.7531e+92	-9.7531e+92	  0.0025170	 7.3850e-06	     0.0000	     0.0000	-0.00059653	    0.16766	
11	22	 2.9806e-11	 1.3700e-11	     200.45	   0.031856	-9.7531e+92	-9.7531e+92	 2.9001e-05	 5.0566e-06	     0.0000	 -0.0029516	-0.00041706	   0.010218	
11	23	    0.10765	   0.049482	     53.605	     2.4433	-9.7531e+92	-9.7531e+92	   0.016581	  0.0079064	   0.014504	   0.045390	   -0.66156	   -0.58275	
11	24	   0.027510	   0.012645	     56.094	     2.2676	-9.7531e+92	-9.7531e+92	  0.0035063	  0.0020129	  0.0033730	   0.012969	   -0.16291	   -0.14783	
12	0	 0.00011706	 5.1275e-05	     226.76	   0.019512	-9.7531e+92	-9.7531e+92	  0.0031374	 1.3111e-05	     0.0000	 -0.0063702	-0.00088561	    0.52151	
12	1	 5.3402e-05	 2.3390e-05	     231.78	   0.017881	-9.7531e+92	-9.7531e+92	  0.0022588	 8.7662e-06	     0.0000	 -0.0090829	-0.00058351	    0.30115	
12	2	 0.00030764	 0.00013475	     181.48	   0.047226	-9.7531e+92	-9.7531e+92	  0.0017468	 2.6622e-05	     0.0000	  -0.042600	 -0.0020066	    0.30370	
12	3	 8.7266e-13	 3.8224e-13	     227.10	   0.019395	-9.7531e+92	-9.7531e+92	 0.00043253	 4.7718e-06	     0.0000	  -0.028532	-0.00035392	    0.13293	
12	4	 5.2335e-05	 2.2923e-05	     165.11	   0.068567	-9.7531e+92	-9.7531e+92	 0.00065297	 8.5143e-06	     0.0000	  -0.022526	-0.00066089	   0.076678	
12	5	    0.10620	   0.046516	     80.590	    0.94012	-9.7531e+92	-9.7531e+92	   0.030557	  0.0067074	   0.018039	   0.048055	   -0.59159	   -0.39583	
12	6	  0.0029780	  0.0013044	     152.49	   0.093630	-9.7531e+92	-9.7531e+92	  0.0065526	 0.00021933	     0.0000	     0.0000	  -0.016903	    0.52340	
12	7	 1.5229e-05	 6.6707e-06	     158.06	   0.081372	-9.7531e+92	-9.7531e+92	  0.0036252	 6.0288e-06	     0.0000	  -0.015742	-0.00046084	    0.43842	
12	8	    0.21328	   0.093420	     55.069	     2.3397	-9.7531e+92	-9.7531e+92	   0.034968	   0.012771	   0.031167	    0.23014	    -1.1386	    -1.0003	
12	9	 1.9185e-11	 8.4033e-12	     214.99	   0.024120	-9.7531e+92	-9.7531e+92	  0.0010433	 4.9939e-06	     0.0000	     0.0000	-0.00037701	    0.23453	
12	10	   0.086229	   0.037769	     46.012	     2.9721	-9.7531e+92	-9.7531e+92	   0.011946	  0.0041362	   0.011350	   0.090971	   -0.27441	   -0.23286	
12	11	   0.013253	  0.0058051	     77.218	     1.0686	-9.7531e+92	-9.7531e+92	  0.0050886	 0.00091818	  0.0043765	   0.015976	  -0.074105	  -0.059909	
12	12	     0.0000	     0.0000	     0.0000	     4.0000	-9.7531e+92	-9.7531e+92	    0.22348	     0.0000	    0.22281	     0.0000	     0.0000	     0.0000	
12	13	  0.0017479	 0.00076558	     205.94	   0.028617	-9.7531e+92	-9.7531e+92	  0.0033451	 0.00013225	     0.0000	-4.1000e-06	 -0.0088396	    0.35891	
12	14	  0.0087232	  0.0038208	     188.63	   0.040536	-9.7531e+92	-9.7531e+92	  0.0089647	 0.00059928	     0.0000	     0.0000	  -0.043778	    0.84289	
12	15	 1.5116e-06	 6.6211e-07	     166.81	   0.065853	-9.7531e+92	-9.7531e+92	 0.00065722	 5.0298e-06	     0.0000	  -0.017021	-0.00038503	    0.16731	
12	16	 9.2994e-12	 4.0732e-12	     115.95	    0.26758	-9.7531e+92	-9.7531e+92	 4.8901e-05	 5.0983e-06	     0.0000	 -0.0011052	-0.00038776	  0.0050089	
12	17	 5.7795e-12	 2.5315e-12	     225.22	   0.020047	-9.7531e+92	-9.7531e+92	 3.5413e-05	 5.1084e-06	     0.0000	 -0.0017753	-0.00038805	  0.0051651	
12	18	   0.040072	   0.017552	     120.73	    0.22996	-9.7531e+92	-9.7531e+92	   0.018016	  0.0028299	     0.0000	 -0.0080392	   -0.21891	    0.14226	
12	19	    0.18196	   0.079698	     44.530	     3.0689	-9.7531e+92	-9.7531e+92	   0.027095	  0.0087148	   0.025559	    0.16003	   -0.84421	   -0.74820	
12	20	    0.34486	    0.15105	     45.010	     3.0379	-9.7531e+92	-9.7531e+92	   0.050591	   0.015411	   0.046420	    0.25123	    -1.6051	    -1.4097	
12	21	 2.8909e-11	 1.2662e-11	     187.39	   0.041605	-9.7531e+92	-9.7531e+92	 0.00098912	 5.0464e-06	     0.0000	     0.0000	-0.00037939	    0.15563	
12	22	 3.6370e-10	 1.5930e-10	     131.16	    0.16782	-9.7531e+92	-9.7531e+92	 6.9455e-05	 4.8428e-06	     0.0000	 -0.0028590	-0.00037972	  0.0094143	
12	23	 0.00014929	 6.5392e-05	     109.85	    0.32696	-9.7531e+92	-9.7531e+92	  0.0025376	 1.6126e-05	 0.00055820	 -0.0020747	 -0.0012438	   0.022745	
12	24	 5.5210e-12	 2.4182e-12	     132.31	    0.16230	-9.7531e+92	-9.7531e+92	 0.00013010	 5.0904e-06	 3.0284e-06	-0.00012014	-0.00038711	  0.0011859	
13	0	    0.36799	     3.0019	     86.013	    0.76580	-9.7531e+92	-9.7531e+92	    0.96663	    0.43725	 6.3954e-05	     0.0000	     4.0910	     0.0000	
13	1	   0.094921	    0.77432	     57.043	     2.2015	-9.7531e+92	-9.7531e+92	    0.34890	    0.11086	     0.0000	     0.0000	    0.97186	     0.0000	
13	2	  0.0030120	   0.024570	     127.66	    0.18612	-9.7531e+92	-9.7531e+92	   0.077172	  0.0041234	     0.0000	     0.0000	   0.039767	     0.0000	
13	3	 0.00016498	  0.0013458	     188.65	   0.040519	-9.7531e+92	-9.7531e+92	   0.013999	 0.00032983	     0.0000	     0.0000	  0.0031139	     0.0000	
13	4	 5.8481e-11	 4.7706e-10	     217.30	   0.023117	-9.7531e+92	-9.7531e+92	  0.0069215	 0.00010435	     0.0000	     0.0000	 0.00090481	     0.0000	
13	5	 0.00057545	  0.0046942	     125.66	    0.19761	-9.7531e+92	-9.7531e+92	   0.055846	  0.0010072	     0.0000	     0.0000	  0.0085873	     0.0000	
13	6	    0.20945	     1.7086	     53.773	     2.4314	-9.7531e+92	-9.7531e+92	    0.70328	    0.27578	     0.0000	     0.0000	     2.7965	     0.0000	
13	7	   0.071827	    0.58593	     57.312	     2.1828	-9.7531e+92	-9.7531e+92	    0.37250	    0.10431	     0.0000	     0.0000	    0.97027	     0.0000	
13	8	 1.2283e-10	 1.0020e-09	     162.59	   0.072826	-9.7531e+92	-9.7531e+92	  0.0070041	 0.00011071	     0.0000	     0.0000	 0.00086371	     0.0000	
13	9	   0.059650	    0.48659	     9.0540	     3.9979	-9.7531e+92	-9.7531e+92	    0.21993	   0.081342	     0.0000	     0.0000	    0.82699	     0.0000	
13	10	 6.4020e-11	 5.2224e-10	     205.99	   0.028587	-9.7531e+92	-9.7531e+92	 0.00075651	 0.00011866	     0.0000	     0.0000	 0.00083339	     0.0000	
13	11	 5.6625e-12	 4.6192e-11	     166.60	   0.066184	-9.7531e+92	-9.7531e+92	 0.00091837	 0.00011488	     0.0000	     0.0000	 0.00085453	     0.0000	
13	12	 4.0075e-11	 3.2692e-10	     205.94	   0.028617	-9.7531e+92	-9.7531e+92	 0.00078371	 0.00011892	     0.0000	     0.0000	 0.00083397	     0.0000	
13	13	     0.0000	     0.0000	     0.0000	     4.0000	-9.7531e+92	-9.7531e+92	     4.2746	     0.0000	     3.6027	     0.0000	     0.0000	     0.0000	
13	14	   0.076868	    0.62705	     32.765	     3.6733	-9.7531e+92	-9.7531e+92	    0.58704	   0.092080	     0.0000	     0.0000	    0.94473	     0.0000	
13	15	  0.0030571	   0.024938	     111.52	    0.30921	-9.7531e+92	-9.7531e+92	   0.035661	  0.0044448	     0.0000	     0.0000	   0.042764	     0.0000	
13	16	 2.5720e-11	 2.0981e-10	     153.85	   0.090443	-9.7531e+92	-9.7531e+92	 0.00081504	 0.00011433	     0.0000	     0.0000	 0.00086424	     0.0000	
13	17	 4.8461e-11	 3.9532e-10	     287.27	  0.0075975	-9.7531e+92	-9.7531e+92	 0.00049237	 0.00011615	     0.0000	     0.0000	 0.00084356	     0.0000	
13	18	   0.085700	    0.69910	     87.611	    0.72124	-9.7531e+92	-9.7531e+92	    0.31899	    0.11474	     0.0000	     0.0000	     1.1028	     0.0000	
13	19	 2.3388e-11	 1.9079e-10	     184.51	   0.044238	-9.7531e+92	-9.7531e+92	  0.0017833	 0.00011533	     0.0000	     0.0000	 0.00084988	     0.0000	
13	20	 6.8212e-11	 5.5644e-10	     165.04	   0.068678	-9.7531e+92	-9.7531e+92	  0.0074557	 0.00010988	     0.0000	     0.0000	 0.00086016	     0.0000	
13	21	   0.026732	    0.21807	     76.619	     1.0932	-9.7531e+92	-9.7531e+92	    0.14526	   0.037998	     0.0000	     0.0000	    0.37380	     0.0000	
13	22	 1.3183e-10	 1.0754e-09	     260.15	   0.011286	-9.7531e+92	-9.7531e+92	 0.00067884	 0.00011621	     0.0000	     0.0000	 0.00084475	     0.0000	
13	23	 5.4918e-05	 0.00044800	     113.01	    0.29441	-9.7531e+92	-9.7531e+92	  0.0087944	 0.00019761	     0.0000	     0.0000	  0.0016521	     0.0000	
13	24	 4.8345e-11	 3.9437e-10	     142.21	    0.12286	-9.7531e+92	-9.7531e+92	 0.00051142	 0.00011039	     0.0000	     0.0000	 0.00088356	     0.0000	
14	0	    0.23535	     1.7073	     114.85	    0.27729	-9.7531e+92	-9.7531e+92	    0.61450	    0.56649	     0.0000	  0.0047842	     4.1745	 -0.0092216	
14	1	    0.10276	    0.74541	     88.839	    0.68891	-9.7531e+92	-9.7531e+92	    0.30522	    0.27184	     0.0000	  0.0035447	     2.0344	 -0.0030375	
14	2	    0.19847	     1.4397	     97.273	    0.50580	-9.7531e+92	-9.7531e+92	    0.44065	    0.48159	     0.0000	   0.071125	     3.8235	  -0.027885	
14	3	 0.00067928	  0.0049276	     161.01	   0.075671	-9.7531e+92	-9.7531e+92	   0.070425	  0.0020673	     0.0000	  -0.021219	   0.015429	  0.0051318	
14	4	 5.3488e-06	 3.8801e-05	     184.55	   0.044193	-9.7531e+92	-9.7531e+92	   0.035752	 0.00023522	     0.0000	  -0.017240	  0.0015447	  0.0037875	
14	5	  0.0018091	   0.013123	     108.09	    0.34690	-9.7531e+92	-9.7531e+92	   0.043053	  0.0058753	     0.0000	  -0.016856	   0.040015	  0.0072726	
14	6	   0.086419	    0.62689	     41.508	     3.2546	-9.7531e+92	-9.7531e+92	    0.37220	    0.21683	     0.0000	     0.0000	     1.8240	  0.0049862	
14	7	   0.087444	    0.63433	     65.464	     1.6549	-9.7531e+92	-9.7531e+92	    0.31028	    0.15590	     0.0000	     0.0000	     1.9870	     0.0000	
14	8	 8.8532e-13	 6.4222e-12	     146.54	    0.10935	-9.7531e+92	-9.7531e+92	  0.0054091	 0.00024315	     0.0000	 -0.0098999	  0.0013186	  0.0025618	
14	9	    0.10036	    0.72800	     38.749	     3.4073	-9.7531e+92	-9.7531e+92	    0.25721	    0.28188	     0.0000	     0.0000	     2.1819	  -0.014885	
14	10	 1.5360e-13	 1.1142e-12	     190.48	   0.038997	-9.7531e+92	-9.7531e+92	 0.00061973	 0.00026243	     0.0000	 -0.0020003	  0.0012524	 0.00040298	
14	11	 7.3850e-14	 5.3572e-13	     157.91	   0.081669	-9.7531e+92	-9.7531e+92	 0.00074177	 0.00025362	     0.0000	 -0.0018632	  0.0012849	 0.00048324	
14	12	 6.7839e-13	 4.9211e-12	     188.63	   0.040536	-9.7531e+92	-9.7531e+92	 0.00065042	 0.00026155	     0.0000	 -0.0022557	  0.0012621	 0.00045089	
14	13	   0.067152	    0.48713	     32.765	     3.6733	-9.7531e+92	-9.7531e+92	    0.28551	    0.18247	     0.0000	-5.9203e-07	     1.4266	  0.0013954	
14	14	     0.0000	     0.0000	     0.0000	     4.0000	-9.7531e+92	-9.7531e+92	     4.0308	     0.0000	     2.6249	     0.0000	     0.0000	     0.0000	
14	15	   0.050146	    0.36376	     78.991	    0.99899	-9.7531e+92	-9.7531e+92	    0.15858	    0.13339	     0.0000	  0.0070144	     1.1003	 -0.0047492	
14	16	 2.0139e-12	 1.4609e-11	     121.20	    0.22662	-9.7531e+92	-9.7531e+92	  0.0033130	 0.00023801	     0.0000	-0.00084491	  0.0013616	 0.00029736	
14	17	 2.9585e-13	 2.1461e-12	     254.84	   0.012253	-9.7531e+92	-9.7531e+92	  0.0013781	 0.00024963	     0.0000	 -0.0013540	  0.0012919	 0.00030286	
14	18	   0.067304	    0.48824	     78.249	     1.0276	-9.7531e+92	-9.7531e+92	    0.22989	    0.19791	     0.0000	-0.00031848	     1.4235	 0.00031905	
14	19	 6.3177e-13	 4.5829e-12	     166.55	   0.066257	-9.7531e+92	-9.7531e+92	  0.0015796	 0.00024982	     0.0000	 -0.0046083	  0.0013107	  0.0010344	
14	20	 7.2947e-08	 5.2917e-07	     147.73	    0.10597	-9.7531e+92	-9.7531e+92	  0.0058299	 0.00023692	     0.0000	  -0.010913	  0.0013340	  0.0028001	
14	21	  0.0020103	   0.014583	     101.18	    0.44014	-9.7531e+92	-9.7531e+92	   0.070716	  0.0056115	     0.0000	     0.0000	   0.046482	  0.0078507	
14	22	 6.5158e-13	 4.7267e-12	     227.39	   0.019298	-9.7531e+92	-9.7531e+92	  0.0023272	 0.00025068	     0.0000	 -0.0022971	  0.0012950	 0.00054991	
14	23	 0.00010026	 0.00072733	     114.84	    0.27739	-9.7531e+92	-9.7531e+92	  0.0063473	 0.00057377	     0.0000	 -0.0016717	  0.0034874	  0.0013307	
14	24	 7.7500e-14	 5.6220e-13	     150.00	   0.099849	-9.7531e+92	-9.7531e+92	 0.00040409	 0.00023681	     0.0000	-9.1819e-05	  0.0013515	 6.9573e-05	
15	0	 0.00015444	 0.00028627	     189.51	   0.039789	-9.7531e+92	-9.7531e+92	   0.050686	 0.00019586	     0.0000	  -0.039894	 0.00082590	   -0.23408	
15	1	  0.0048641	  0.0090158	     167.83	   0.064291	-9.7531e+92	-9.7531e+92	   0.026019	  0.0045369	     0.0000	  -0.052871	   0.018463	   -0.12172	
15	2	    0.27206	    0.50427	     21.827	     3.9312	-9.7531e+92	-9.7531e+92	    0.18062	    0.14639	   0.064968	    0.19600	 -0.0081202	 -0.0046406	
15	3	    0.22003	    0.40784	     84.108	    0.82281	-9.7531e+92	-9.7531e+92	    0.13205	   0.094655	   0.081062	    0.19926	   -0.33202	   -0.24261	
15	4	   0.015200	   0.028174	     106.18	    0.37015	-9.7531e+92	-9.7531e+92	   0.031763	  0.0089652	  0.0034980	-3.4551e-05	   0.027518	-8.5760e-06	
15	5	  0.0048704	  0.0090274	     104.94	    0.38615	-9.7531e+92	-9.7531e+92	  0.0083716	  0.0045906	     0.0000	   -0.12265	  0.0074456	  -0.020792	
15	6	   0.050853	   0.094258	     96.746	    0.51548	-9.7531e+92	-9.7531e+92	   0.059699	   0.045335	     0.0000	     0.0000	   0.089501	  -0.055701	
15	7	  0.0010733	  0.0019894	     131.62	    0.16559	-9.7531e+92	-9.7531e+92	   0.027074	  0.0010010	     0.0000	  -0.097401	  0.0018628	  -0.077184	
15	8	 1.6146e-12	 2.9927e-12	     159.01	   0.079481	-9.7531e+92	-9.7531e+92	  0.0010322	 6.4386e-05	     0.0000	  -0.081339	 7.2492e-05	 -0.0063353	
15	9	 0.00045101	 0.00083598	     117.55	    0.25424	-9.7531e+92	-9.7531e+92	   0.018371	 0.00048815	     0.0000	     0.0000	 0.00077747	  -0.039636	
15	10	 1.4751e-12	 2.7342e-12	     197.67	   0.033672	-9.7531e+92	-9.7531e+92	 0.00013594	 6.7113e-05	     0.0000	  -0.016435	 5.7742e-05	-0.00084943	
15	11	 4.6449e-12	 8.6096e-12	     182.32	   0.046370	-9.7531e+92	-9.7531e+92	 0.00015633	 6.6775e-05	     0.0000	  -0.015308	 6.0172e-05	 -0.0010362	
15	12	 6.2113e-12	 1.1513e-11	     166.81	   0.065853	-9.7531e+92	-9.7531e+92	 0.00014991	 6.7096e-05	     0.0000	  -0.018533	 5.9581e-05	-0.00095985	
15	13	    0.11212	    0.20782	     111.52	    0.30921	-9.7531e+92	-9.7531e+92	   0.086150	    0.10253	     0.0000	 9.4515e-06	    0.40597	   0.056579	
15	14	    0.30620	    0.56755	     78.991	    0.99899	-9.7531e+92	-9.7531e+92	    0.22036	    0.21932	     0.0000	     0.0000	    0.42148	    0.19732	
15	15	     0.0000	     0.0000	     0.0000	     4.0000	-9.7531e+92	-9.7531e+92	    0.96941	     0.0000	    0.90905	     0.0000	     0.0000	     0.0000	
15	16	 0.00025278	 0.00046853	     65.362	     1.6609	-9.7531e+92	-9.7531e+92	  0.0014861	 0.00023633	     0.0000	 -0.0027757	  0.0017156	 -0.0023516	
15	17	 2.3632e-12	 4.3802e-12	     175.81	   0.053534	-9.7531e+92	-9.7531e+92	  0.0010710	 5.1886e-05	     0.0000	 -0.0080064	 0.00016975	-0.00065723	
15	18	   0.011854	   0.021972	     116.73	    0.26100	-9.7531e+92	-9.7531e+92	   0.027309	   0.011096	     0.0000	   -0.10490	   0.024513	  -0.065114	
15	19	 1.9157e-06	 3.5509e-06	     131.26	    0.16732	-9.7531e+92	-9.7531e+92	 0.00044936	 6.6763e-05	     0.0000	  -0.037842	 7.6055e-05	 -0.0024653	
15	20	 1.6530e-05	 3.0639e-05	     124.66	    0.20372	-9.7531e+92	-9.7531e+92	  0.0011900	 7.8405e-05	     0.0000	  -0.089507	 9.5400e-05	 -0.0070216	
15	21	 5.0084e-12	 9.2832e-12	     175.65	   0.053734	-9.7531e+92	-9.7531e+92	  0.0070175	 6.3307e-05	     0.0000	     0.0000	 9.4615e-05	  -0.024986	
15	22	 2.6124e-12	 4.8422e-12	     163.21	   0.071746	-9.7531e+92	-9.7531e+92	  0.0019123	 5.4371e-05	     0.0000	  -0.014874	 0.00014615	 -0.0012225	
15	23	 1.1558e-11	 2.1423e-11	     149.47	    0.10124	-9.7531e+92	-9.7531e+92	 0.00080120	 6.6319e-05	     0.0000	  -0.014051	 6.9140e-05	 -0.0030661	
15	24	 7.3157e-12	 1.3560e-11	     189.75	   0.039594	-9.7531e+92	-9.7531e+92	 8.2294e-05	 6.7085e-05	     0.0000	-0.00075440	 6.1770e-05	-0.00014676	
16	0	 0.00019753	 4.7595e-05	     217.18	   0.023165	-9.7531e+92	-9.7531e+92	  0.0029596	 7.2675e-06	     0.0000	 -0.0012672	 3.7725e-05	  -0.013500	
16	1	 6.2053e-05	 1.4952e-05	     207.46	   0.027791	-9.7531e+92	-9.7531e+92	  0.0015526	 3.6530e-06	     0.0000	 -0.0018078	 1.8130e-05	 -0.0076620	
16	2	    0.27176	   0.065481	     68.097	     1.5042	-9.7531e+92	-9.7531e+92	   0.024456	  0.0040389	  0.0094219	  0.0048620	 -0.0075729	-9.8537e-06	
16	3	   0.015871	  0.0038240	     111.94	    0.30495	-9.7531e+92	-9.7531e+92	   0.010711	 0.00033292	  0.0040827	 -0.0015633	 0.00097894	 -0.0011242	
16	4	    0.28648	   0.069027	     75.439	     1.1432	-9.7531e+92	-9.7531e+92	   0.020436	  0.0058137	   0.016762	   0.052346	   0.025641	   0.025161	
16	5	   0.096593	   0.023274	     71.546	     1.3237	-9.7531e+92	-9.7531e+92	  0.0070091	  0.0027666	 0.00012279	   0.011190	  0.0074216	  0.0058737	
16	6	  0.0061241	  0.0014756	     111.89	    0.30549	-9.7531e+92	-9.7531e+92	  0.0036362	 0.00017274	     0.0000	     0.0000	 0.00052023	 -0.0089729	
16	7	 0.00019591	 4.7204e-05	     137.28	    0.14083	-9.7531e+92	-9.7531e+92	  0.0017814	 7.2525e-06	     0.0000	 -0.0031270	 2.1013e-05	 -0.0074498	
16	8	 0.00043778	 0.00010548	     112.87	    0.29583	-9.7531e+92	-9.7531e+92	 0.00085578	 1.4806e-05	     0.0000	 -0.0024533	 3.3462e-05	-0.00067744	
16	9	 4.5312e-06	 1.0918e-06	     159.83	   0.077890	-9.7531e+92	-9.7531e+92	  0.0010791	 2.0773e-06	     0.0000	     0.0000	 5.4541e-06	 -0.0039351	
16	10	 4.6178e-12	 1.1127e-12	     147.94	    0.10538	-9.7531e+92	-9.7531e+92	 6.9772e-05	 2.0381e-06	     0.0000	-0.00052222	 4.0667e-06	-0.00010466	
16	11	 5.6470e-12	 1.3606e-12	     142.85	    0.12075	-9.7531e+92	-9.7531e+92	 7.9679e-05	 2.0326e-06	     0.0000	-0.00048641	 4.0667e-06	-0.00012641	
16	12	 7.4159e-07	 1.7868e-07	     115.95	    0.26758	-9.7531e+92	-9.7531e+92	 0.00013590	 2.0587e-06	     0.0000	-0.00058859	 4.2630e-06	-0.00011753	
16	13	  0.0088392	  0.0021298	     153.85	   0.090443	-9.7531e+92	-9.7531e+92	  0.0044732	 0.00025254	     0.0000	-7.4440e-07	  0.0012477	 -0.0082595	
16	14	   0.040724	  0.0098123	     121.20	    0.22662	-9.7531e+92	-9.7531e+92	   0.012999	 0.00095538	     0.0000	     0.0000	  0.0037527	  -0.016648	
16	15	    0.24002	   0.057832	     65.362	     1.6609	-9.7531e+92	-9.7531e+92	   0.019598	  0.0059381	   0.011752	   0.014198	   0.021799	   0.017969	
16	16	     0.0000	     0.0000	     0.0000	     4.0000	-9.7531e+92	-9.7531e+92	    0.12071	     0.0000	    0.12046	     0.0000	     0.0000	     0.0000	
16	17	 2.1922e-12	 5.2821e-13	     148.25	    0.10451	-9.7531e+92	-9.7531e+92	 0.00065728	 1.7369e-06	 0.00040669	-0.00030631	 7.3881e-06	-7.8763e-05	
16	18	  0.0091031	  0.0021934	     110.59	    0.31898	-9.7531e+92	-9.7531e+92	  0.0030363	 0.00026270	     0.0000	 -0.0034943	 0.00084961	 -0.0055490	
16	19	   0.014999	  0.0036141	     73.024	     1.2523	-9.7531e+92	-9.7531e+92	  0.0012664	 0.00044404	 0.00042161	  0.0040347	  0.0011325	 0.00095054	
16	20	  0.0085348	  0.0020565	     74.477	     1.1855	-9.7531e+92	-9.7531e+92	  0.0016073	 0.00024568	     0.0000	-0.00028231	 0.00063524	-7.7855e-05	
16	21	 2.7788e-11	 6.6956e-12	     180.81	   0.047925	-9.7531e+92	-9.7531e+92	 0.00045328	 1.9582e-06	     0.0000	     0.0000	 4.9427e-06	 -0.0025597	
16	22	 5.4903e-05	 1.3229e-05	     106.73	    0.36321	-9.7531e+92	-9.7531e+92	  0.0012022	 3.2009e-06	 0.00075438	-0.00050833	 1.2851e-05	-0.00014162	
16	23	 8.6012e-11	 2.0724e-11	     136.77	    0.14287	-9.7531e+92	-9.7531e+92	 0.00015134	 2.0321e-06	     0.0000	-0.00044647	 4.2527e-06	-0.00036371	
16	24	 9.5437e-12	 2.2995e-12	     177.80	   0.051213	-9.7531e+92	-9.7531e+92	 1.2060e-05	 2.0515e-06	     0.0000	-2.3971e-05	 4.0680e-06	-1.8075e-05	
17	0	 2.2167e-09	 9.2692e-10	     353.56	  0.0033150	-9.7531e+92	-9.7531e+92	  0.0028133	 3.5339e-06	     0.0000	 -0.0042799	-1.2611e-05	   0.022016	
17	1	 4.2066e-10	 1.7590e-10	     342.57	  0.0037606	-9.7531e+92	-9.7531e+92	  0.0014099	 3.6280e-06	     0.0000	 -0.0061013	-1.3174e-05	   0.013099	
17	2	   0.054282	   0.022698	     160.64	   0.076357	-9.7531e+92	-9.7531e+92	   0.026598	  0.0024186	 0.00050750	 -0.0027860	  -0.019861	  0.0024622	
17	3	    0.32142	    0.13440	     122.41	    0.21829	-9.7531e+92	-9.7531e+92	   0.056480	   0.012953	   0.044977	    0.13635	   -0.12715	  -0.095153	
17	4	    0.60358	    0.25239	     73.525	     1.2289	-9.7531e+92	-9.7531e+92	   0.072617	  0.0089069	   0.066240	   0.061696	   -0.19890	   -0.17265	
17	5	 2.5604e-10	 1.0706e-10	     219.60	   0.022168	-9.7531e+92	-9.7531e+92	 0.00070162	 3.6074e-06	     0.0000	  -0.015842	-2.6141e-05	  0.0099601	
17	6	 4.1537e-09	 1.7369e-09	     251.72	   0.012870	-9.7531e+92	-9.7531e+92	  0.0027477	 3.5767e-06	     0.0000	     0.0000	-2.4602e-05	   0.035113	
17	7	 1.2980e-10	 5.4274e-11	     281.54	  0.0082346	-9.7531e+92	-9.7531e+92	  0.0014495	 3.6082e-06	     0.0000	  -0.010568	-2.5677e-05	   0.029396	
17	8	 3.4778e-10	 1.4542e-10	     258.50	   0.011577	-9.7531e+92	-9.7531e+92	 0.00014269	 3.6407e-06	     0.0000	 -0.0087149	-2.7949e-05	  0.0031915	
17	9	 2.4775e-09	 1.0360e-09	     293.28	  0.0069951	-9.7531e+92	-9.7531e+92	  0.0010328	 3.7014e-06	     0.0000	     0.0000	-2.6139e-05	   0.015885	
17	10	 1.0050e-09	 4.2024e-10	     270.72	  0.0096279	-9.7531e+92	-9.7531e+92	 2.6444e-05	 3.7679e-06	     0.0000	 -0.0017609	-2.8911e-05	 0.00049483	
17	11	 5.7783e-09	 2.4162e-09	     290.18	  0.0072979	-9.7531e+92	-9.7531e+92	 2.7702e-05	 3.7704e-06	     0.0000	 -0.0016401	-2.8853e-05	 0.00059424	
17	12	 3.1663e-09	 1.3240e-09	     225.22	   0.020047	-9.7531e+92	-9.7531e+92	 5.0561e-05	 3.7696e-06	     0.0000	 -0.0019857	-2.8777e-05	 0.00055411	
17	13	 3.1909e-10	 1.3343e-10	     287.27	  0.0075975	-9.7531e+92	-9.7531e+92	  0.0045764	 3.6216e-06	     0.0000	-2.8116e-06	-1.3439e-05	   0.016159	
17	14	 2.9643e-10	 1.2395e-10	     254.84	   0.012253	-9.7531e+92	-9.7531e+92	   0.012707	 3.2821e-06	     0.0000	     0.0000	-1.6191e-05	   0.042246	
17	15	 2.6124e-10	 1.0924e-10	     175.81	   0.053534	-9.7531e+92	-9.7531e+92	   0.013753	 3.3869e-06	 0.00013631	  -0.010561	-2.5337e-05	   0.011299	
17	16	 8.0966e-10	 3.3856e-10	     148.25	    0.10451	-9.7531e+92	-9.7531e+92	 0.00041312	 3.2505e-06	     0.0000	-0.00048518	-1.8823e-05	 0.00027041	
17	17	     0.0000	     0.0000	     0.0000	     4.0000	-9.7531e+92	-9.7531e+92	    0.21139	     0.0000	    0.21096	     0.0000	     0.0000	     0.0000	
17	18	 2.8236e-09	 1.1807e-09	     258.46	   0.011584	-9.7531e+92	-9.7531e+92	  0.0014326	 3.6254e-06	     0.0000	  -0.013582	-2.2852e-05	   0.021236	
17	19	 1.1938e-09	 4.9917e-10	     187.53	   0.041480	-9.7531e+92	-9.7531e+92	 0.00054350	 3.6392e-06	     0.0000	 -0.0040568	-2.7318e-05	  0.0012841	
17	20	 1.6785e-10	 7.0184e-11	     207.02	   0.028026	-9.7531e+92	-9.7531e+92	 0.00032032	 3.5637e-06	     0.0000	 -0.0096068	-2.7721e-05	  0.0034938	
17	21	 3.0603e-11	 1.2797e-11	     326.31	  0.0045671	-9.7531e+92	-9.7531e+92	 0.00039080	 3.7364e-06	     0.0000	     0.0000	-2.6710e-05	   0.010686	
17	22	   0.020713	  0.0086611	     106.10	    0.37108	-9.7531e+92	-9.7531e+92	  0.0064045	 0.00081838	  0.0056273	  0.0095633	 -0.0024717	 -0.0022388	
17	23	 2.2346e-09	 9.3440e-10	     284.58	  0.0078888	-9.7531e+92	-9.7531e+92	 6.0804e-05	 3.8083e-06	     0.0000	 -0.0015055	-2.8525e-05	  0.0016812	
17	24	 1.5761e-09	 6.5906e-10	     325.25	  0.0046269	-9.7531e+92	-9.7531e+92	 1.5584e-05	 3.8342e-06	     0.0000	-8.0828e-05	-2.8938e-05	 8.5435e-05	
18	0	   0.063881	    0.21996	     116.29	    0.26473	-9.7531e+92	-9.7531e+92	    0.15674	   0.081522	     0.0000	 -0.0032416	   -0.41820	    0.19252	
18	1	    0.11311	    0.38947	     111.77	    0.30668	-9.7531e+92	-9.7531e+92	    0.15083	    0.12648	     0.0000	  0.0066463	    -1.1180	   -0.16006	
18	2	 0.00092195	  0.0031745	     137.27	    0.14087	-9.7531e+92	-9.7531e+92	   0.033001	  0.0014599	     0.0000	  -0.046467	 -0.0071721	    0.24437	
18	3	 1.4663e-06	 5.0487e-06	     199.21	   0.032649	-9.7531e+92	-9.7531e+92	  0.0056362	 0.00010511	     0.0000	  -0.031432	-0.00045466	    0.10784	
18	4	 1.4625e-07	 5.0359e-07	     186.18	   0.042684	-9.7531e+92	-9.7531e+92	  0.0030051	 0.00010732	     0.0000	  -0.024918	-0.00055160	   0.062845	
18	5	    0.24052	    0.82818	     53.346	     2.4617	-9.7531e+92	-9.7531e+92	    0.23356	    0.29207	    0.13516	   0.087535	    -1.7917	   -0.82773	
18	6	   0.086768	    0.29876	     36.723	     3.5078	-9.7531e+92	-9.7531e+92	    0.17047	    0.11226	     0.0000	     0.0000	   -0.71829	   0.081089	
18	7	    0.12548	    0.43205	     38.248	     3.4331	-9.7531e+92	-9.7531e+92	    0.18243	    0.17857	     0.0000	  0.0080824	    -1.0572	   -0.16719	
18	8	  0.0050056	   0.017235	     75.421	     1.1439	-9.7531e+92	-9.7531e+92	   0.028545	  0.0063574	     0.0000	 -0.0031584	  -0.031225	   0.011935	
18	9	   0.011775	   0.040543	     96.665	    0.51699	-9.7531e+92	-9.7531e+92	   0.049227	   0.017349	     0.0000	     0.0000	   -0.10150	    0.14241	
18	10	 1.7182e-11	 5.9161e-11	     118.82	    0.24422	-9.7531e+92	-9.7531e+92	  0.0019910	 0.00010209	     0.0000	 -0.0024065	-0.00053358	  0.0056461	
18	11	 0.00024693	 0.00085024	     81.269	    0.91620	-9.7531e+92	-9.7531e+92	  0.0026966	 0.00041337	     0.0000	 -0.0012631	 -0.0016920	  0.0037768	
18	12	 1.0547e-09	 3.6318e-09	     120.73	    0.22996	-9.7531e+92	-9.7531e+92	  0.0020286	 0.00010358	     0.0000	 -0.0028796	-0.00055122	  0.0063298	
18	13	    0.14159	    0.48753	     87.611	    0.72124	-9.7531e+92	-9.7531e+92	    0.18268	    0.17206	     0.0000	 3.3117e-06	    -1.1386	   -0.21070	
18	14	    0.11454	    0.39439	     78.249	     1.0276	-9.7531e+92	-9.7531e+92	    0.26870	    0.14041	     0.0000	     0.0000	   -0.82983	    0.29063	
18	15	 0.00022032	 0.00075861	     116.73	    0.26100	-9.7531e+92	-9.7531e+92	   0.013146	 0.00044300	     0.0000	  -0.018624	 -0.0025004	    0.13604	
18	16	 1.5867e-12	 5.4635e-12	     110.59	    0.31898	-9.7531e+92	-9.7531e+92	 0.00035624	 0.00011324	     0.0000	 -0.0012195	-0.00065680	  0.0041197	
18	17	 3.2390e-13	 1.1153e-12	     258.46	   0.011584	-9.7531e+92	-9.7531e+92	 0.00021049	 0.00011624	     0.0000	 -0.0019562	-0.00068019	  0.0042460	
18	18	     0.0000	     0.0000	     0.0000	     4.0000	-9.7531e+92	-9.7531e+92	     1.8100	     0.0000	     1.5735	     0.0000	     0.0000	     0.0000	
18	19	 1.2174e-05	 4.1918e-05	     118.15	    0.24945	-9.7531e+92	-9.7531e+92	  0.0058951	 0.00011816	     0.0000	 -0.0056461	-0.00065051	   0.014821	
18	20	  0.0028173	  0.0097007	     90.275	    0.65310	-9.7531e+92	-9.7531e+92	   0.029718	  0.0039724	     0.0000	 -0.0089138	  -0.022354	   0.028624	
18	21	   0.055752	    0.19197	     79.511	    0.97945	-9.7531e+92	-9.7531e+92	   0.074024	   0.082268	     0.0000	     0.0000	   -0.47890	   -0.10906	
18	22	 3.4555e-13	 1.1898e-12	     205.13	   0.029065	-9.7531e+92	-9.7531e+92	 0.00029457	 0.00011431	     0.0000	 -0.0033189	-0.00066071	  0.0077889	
18	23	   0.037130	    0.12785	     36.898	     3.4995	-9.7531e+92	-9.7531e+92	   0.036817	   0.050125	   0.021257	  0.0081209	   -0.23108	   -0.11686	
18	24	 0.00022717	 0.00078219	     74.739	     1.1738	-9.7531e+92	-9.7531e+92	 0.00095287	 0.00040395	     0.0000	 1.2976e-06	 -0.0017865	-1.1966e-05	
19	0	 7.1881e-07	 5.6399e-07	     234.49	   0.017074	-9.7531e+92	-9.7531e+92	  0.0067686	 9.8255e-06	     0.0000	  -0.011939	-0.00061527	    0.95076	
19	1	 3.0530e-06	 2.3954e-06	     226.57	   0.019575	-9.7531e+92	-9.7531e+92	  0.0046653	 1.0386e-05	     0.0000	  -0.017019	-0.00064189	    0.54896	
19	2	   0.011388	  0.0089348	     139.30	    0.13308	-9.7531e+92	-9.7531e+92	  0.0071809	  0.0016497	     0.0000	  -0.065485	   -0.11658	    0.45512	
19	3	 6.1091e-05	 4.7932e-05	     184.07	   0.044655	-9.7531e+92	-9.7531e+92	  0.0029655	 1.8453e-05	     0.0000	  -0.053224	 -0.0012872	    0.24187	
19	4	   0.031304	   0.024561	     119.82	    0.23665	-9.7531e+92	-9.7531e+92	  0.0074749	  0.0043804	     0.0000	   0.044002	   -0.33050	   -0.14859	
19	5	    0.29354	    0.23031	     64.874	     1.6901	-9.7531e+92	-9.7531e+92	   0.085631	   0.035486	   0.063207	    0.26284	    -3.0774	    -2.4418	
19	6	  0.0034845	  0.0027339	     133.74	    0.15573	-9.7531e+92	-9.7531e+92	   0.014785	 0.00052107	     0.0000	     0.0000	  -0.037448	    0.95037	
19	7	 0.00011042	 8.6636e-05	     154.38	   0.089237	-9.7531e+92	-9.7531e+92	  0.0075655	 2.6601e-05	     0.0000	  -0.029442	 -0.0018921	    0.79922	
19	8	   0.085858	   0.067365	     80.536	    0.94205	-9.7531e+92	-9.7531e+92	   0.036722	   0.010942	   0.029913	    0.17115	   -0.89700	   -0.71151	
19	9	 1.8688e-11	 1.4663e-11	     193.08	   0.036956	-9.7531e+92	-9.7531e+92	  0.0023466	 1.0203e-05	     0.0000	     0.0000	-0.00071645	    0.42803	
19	10	  0.0016476	  0.0012928	     85.643	    0.77653	-9.7531e+92	-9.7531e+92	  0.0036177	 0.00021350	  0.0025501	 0.00098070	  -0.016210	 -0.0028990	
19	11	 8.3131e-06	 6.5225e-06	     108.78	    0.33886	-9.7531e+92	-9.7531e+92	  0.0032411	 1.0836e-05	  0.0019656	 -0.0042057	-0.00081027	   0.014888	
19	12	   0.071204	   0.055867	     44.530	     3.0689	-9.7531e+92	-9.7531e+92	   0.019588	  0.0070774	   0.018397	    0.12969	   -0.55282	   -0.45690	
19	13	  0.0024174	  0.0018967	     184.51	   0.044238	-9.7531e+92	-9.7531e+92	  0.0072343	 0.00036939	     0.0000	-7.6129e-06	  -0.022909	    0.64837	
19	14	   0.017731	   0.013912	     166.55	   0.066257	-9.7531e+92	-9.7531e+92	   0.022241	  0.0024733	     0.0000	     0.0000	   -0.16794	     1.4612	
19	15	 0.00046926	 0.00036818	     131.26	    0.16732	-9.7531e+92	-9.7531e+92	  0.0025214	 8.0402e-05	     0.0000	  -0.031410	 -0.0057427	    0.30095	
19	16	 0.00055145	 0.00043267	     73.024	     1.2523	-9.7531e+92	-9.7531e+92	 0.00023617	 9.4326e-05	     0.0000	-0.00084708	 -0.0066785	  0.0037524	
19	17	 4.5867e-12	 3.5987e-12	     187.53	   0.041480	-9.7531e+92	-9.7531e+92	 0.00026425	 1.0240e-05	     0.0000	 -0.0033020	-0.00073419	  0.0094298	
19	18	   0.041949	   0.032914	     118.15	    0.24945	-9.7531e+92	-9.7531e+92	   0.032599	  0.0059521	     0.0000	  -0.013377	   -0.43552	    0.24252	
19	19	     0.0000	     0.0000	     0.0000	     4.0000	-9.7531e+92	-9.7531e+92	    0.40728	     0.0000	    0.40453	     0.0000	     0.0000	     0.0000	
19	20	    0.43704	    0.34290	     28.400	     3.8088	-9.7531e+92	-9.7531e+92	    0.10379	   0.033728	   0.096321	    0.41964	    -3.5866	    -2.9829	
19	21	 8.0313e-12	 6.3014e-12	     197.71	   0.033641	-9.7531e+92	-9.7531e+92	  0.0018922	 1.0310e-05	     0.0000	     0.0000	-0.00072108	    0.28406	
19	22	  0.0012319	 0.00096655	     93.933	    0.57085	-9.7531e+92	-9.7531e+92	 0.00071217	 0.00015896	     0.0000	 -0.0012872	  -0.011797	  0.0044324	
19	23	 1.9184e-07	 1.5052e-07	     121.29	    0.22600	-9.7531e+92	-9.7531e+92	  0.0030766	 1.0125e-05	     0.0000	 -0.0039156	-0.00073157	   0.042959	
19	24	 2.3802e-12	 1.8675e-12	     150.08	   0.099629	-9.7531e+92	-9.7531e+92	 0.00012597	 1.0376e-05	     0.0000	-0.00022526	-0.00073595	  0.0021651	
20	0	 0.00028998	 0.00027515	     206.61	   0.028245	-9.7531e+92	-9.7531e+92	   0.010355	 0.00011852	     0.0000	  -0.025345	 -0.0060379	     1.6658	
20	1	 5.1253e-05	 4.8632e-05	     199.20	   0.032652	-9.7531e+92	-9.7531e+92	  0.0071527	 3.9884e-05	     0.0000	  -0.036192	 -0.0020178	    0.96393	
20	2	   0.010336	  0.0098079	     139.77	    0.13137	-9.7531e+92	-9.7531e+92	  0.0075064	  0.0034692	     0.0000	   -0.14233	   -0.19764	    0.82108	
20	3	 1.0972e-05	 1.0411e-05	     185.64	   0.043179	-9.7531e+92	-9.7531e+92	  0.0015673	 2.6170e-05	     0.0000	   -0.11363	 -0.0014586	    0.42806	
20	4	 0.00089238	 0.00084676	     135.08	    0.14987	-9.7531e+92	-9.7531e+92	  0.0019690	 0.00032230	     0.0000	  -0.084678	  -0.018917	    0.23407	
20	5	    0.32131	    0.30488	     39.691	     3.3571	-9.7531e+92	-9.7531e+92	    0.10520	   0.069582	   0.078083	    0.33840	    -6.0619	    -4.5671	
20	6	   0.047234	   0.044819	     111.59	    0.30852	-9.7531e+92	-9.7531e+92	   0.027928	   0.015763	     0.0000	     0.0000	   -0.93335	    0.96755	
20	7	  0.0056613	  0.0053718	     126.68	    0.19164	-9.7531e+92	-9.7531e+92	   0.012698	  0.0019741	     0.0000	  -0.058588	   -0.11454	     1.3245	
20	8	    0.16670	    0.15818	     51.987	     2.5582	-9.7531e+92	-9.7531e+92	   0.058737	   0.041564	   0.050502	    0.57105	    -3.0379	    -2.3810	
20	9	 4.6600e-11	 4.4217e-11	     174.09	   0.055651	-9.7531e+92	-9.7531e+92	  0.0035295	 2.3424e-05	     0.0000	     0.0000	 -0.0013421	    0.75880	
20	10	  0.0039789	  0.0037754	     74.457	     1.1864	-9.7531e+92	-9.7531e+92	  0.0057230	  0.0011293	  0.0044319	   0.015252	  -0.074090	  -0.040827	
20	11	  0.0029583	  0.0028071	     83.734	    0.83452	-9.7531e+92	-9.7531e+92	  0.0056246	 0.00094419	  0.0040820	  0.0073160	  -0.059613	  -0.023192	
20	12	   0.086263	   0.081852	     45.010	     3.0379	-9.7531e+92	-9.7531e+92	   0.025116	   0.018195	   0.023675	    0.29104	    -1.2621	   -0.97708	
20	13	  0.0033320	  0.0031616	     165.04	   0.068678	-9.7531e+92	-9.7531e+92	   0.010868	  0.0011507	     0.0000	-1.6016e-05	  -0.058262	     1.1265	
20	14	   0.022908	   0.021737	     147.73	    0.10597	-9.7531e+92	-9.7531e+92	   0.031193	  0.0073040	     0.0000	     0.0000	   -0.40317	     2.4963	
20	15	 0.00070751	 0.00067133	     124.66	    0.20372	-9.7531e+92	-9.7531e+92	  0.0025432	 0.00026820	     0.0000	  -0.066348	  -0.015539	    0.52952	
20	16	 0.00051341	 0.00048716	     74.477	     1.1855	-9.7531e+92	-9.7531e+92	 0.00023603	 0.00020491	     0.0000	 -0.0020007	  -0.011881	  0.0073901	
20	17	 1.0436e-11	 9.9021e-12	     207.02	   0.028026	-9.7531e+92	-9.7531e+92	 9.4336e-05	 2.4134e-05	     0.0000	 -0.0070705	 -0.0013847	   0.016743	
20	18	   0.091522	   0.086842	     90.275	    0.65310	-9.7531e+92	-9.7531e+92	   0.051540	   0.027881	     0.0000	   0.019772	    -1.7834	   -0.36538	
20	19	    0.23380	    0.22184	     28.400	     3.8088	-9.7531e+92	-9.7531e+92	   0.062960	   0.039155	   0.059633	    0.39617	    -3.4274	    -2.6526	
20	20	     0.0000	     0.0000	     0.0000	     4.0000	-9.7531e+92	-9.7531e+92	    0.50784	     0.0000	    0.49880	     0.0000	     0.0000	     0.0000	
20	21	 6.8292e-11	 6.4800e-11	     169.84	   0.061351	-9.7531e+92	-9.7531e+92	  0.0029650	 2.3676e-05	     0.0000	     0.0000	 -0.0013512	    0.50373	
20	22	 8.7189e-07	 8.2731e-07	     116.48	    0.26308	-9.7531e+92	-9.7531e+92	 0.00018555	 2.2349e-05	     0.0000	  -0.010937	 -0.0013422	   0.030012	
20	23	  0.0015297	  0.0014515	     93.058	    0.58941	-9.7531e+92	-9.7531e+92	  0.0050455	 0.00053275	 0.00075756	 -0.0047770	  -0.032291	   0.050104	
20	24	 1.0777e-11	 1.0226e-11	     121.85	    0.22210	-9.7531e+92	-9.7531e+92	 0.00019918	 2.3472e-05	     0.0000	-0.00047860	 -0.0013734	  0.0038442	
21	0	    0.16467	    0.24700	     39.458	     3.3697	-9.7531e+92	-9.7531e+92	    0.11325	   0.085452	     0.0000	  0.0024867	     1.1922	   0.074706	
21	1	    0.17279	    0.25918	     57.297	     2.1839	-9.7531e+92	-9.7531e+92	   0.092525	   0.079390	     0.0000	  0.0013650	     1.0457	   0.029991	
21	2	 1.3870e-05	 2.0804e-05	     197.19	   0.033993	-9.7531e+92	-9.7531e+92	   0.020587	 6.1502e-05	     0.0000	  -0.066642	 0.00085997	   -0.11530	
21	3	 3.6294e-11	 5.4440e-11	     259.71	   0.011362	-9.7531e+92	-9.7531e+92	  0.0033955	 5.2322e-05	     0.0000	  -0.044426	 0.00072031	  -0.050955	
21	4	 2.6097e-12	 3.9144e-12	     253.96	   0.012424	-9.7531e+92	-9.7531e+92	  0.0017547	 5.3978e-05	     0.0000	  -0.035217	 0.00069696	  -0.027761	
21	5	 0.00033423	 0.00050133	     132.91	    0.15951	-9.7531e+92	-9.7531e+92	  0.0071263	 0.00031439	     0.0000	  -0.036318	  0.0041550	  -0.051212	
21	6	   0.021980	   0.032969	     78.899	     1.0025	-9.7531e+92	-9.7531e+92	   0.054855	   0.015986	     0.0000	     0.0000	    0.23035	   -0.15404	
21	7	    0.16997	    0.25496	     44.967	     3.0407	-9.7531e+92	-9.7531e+92	   0.097979	    0.12699	     0.0000	   0.024167	     1.7748	    0.15335	
21	8	 1.4817e-05	 2.2225e-05	     132.38	    0.16196	-9.7531e+92	-9.7531e+92	 0.00094925	 6.5643e-05	     0.0000	  -0.020181	 0.00083705	  -0.015516	
21	9	  0.0095302	   0.014295	     83.320	    0.84769	-9.7531e+92	-9.7531e+92	   0.026698	  0.0068499	     0.0000	     0.0000	    0.10107	  -0.065388	
21	10	 3.1358e-12	 4.7036e-12	     171.26	   0.059366	-9.7531e+92	-9.7531e+92	 0.00011704	 5.7072e-05	     0.0000	 -0.0040846	 0.00067254	 -0.0023269	
21	11	 1.3495e-11	 2.0242e-11	     128.65	    0.18069	-9.7531e+92	-9.7531e+92	 0.00014317	 5.5622e-05	     0.0000	 -0.0038045	 0.00068332	 -0.0028044	
21	12	 1.5966e-11	 2.3948e-11	     187.39	   0.041605	-9.7531e+92	-9.7531e+92	 0.00011977	 5.7284e-05	     0.0000	 -0.0046061	 0.00067186	 -0.0026110	
21	13	    0.12746	    0.19119	     76.619	     1.0932	-9.7531e+92	-9.7531e+92	   0.077862	   0.077979	     0.0000	 3.0337e-06	     1.1935	   0.085688	
21	14	    0.28774	    0.43160	     101.18	    0.44014	-9.7531e+92	-9.7531e+92	    0.18273	    0.18578	     0.0000	     0.0000	     3.0014	    0.17706	
21	15	 7.9152e-11	 1.1873e-10	     175.65	   0.053734	-9.7531e+92	-9.7531e+92	  0.0076737	 5.2889e-05	     0.0000	  -0.026502	 0.00069035	  -0.059088	
21	16	 2.1776e-11	 3.2664e-11	     180.81	   0.047925	-9.7531e+92	-9.7531e+92	 0.00019402	 5.7875e-05	     0.0000	 -0.0017253	 0.00066810	 -0.0016890	
21	17	 2.2307e-11	 3.3459e-11	     326.31	  0.0045671	-9.7531e+92	-9.7531e+92	 0.00010585	 5.8152e-05	     0.0000	 -0.0027648	 0.00066693	 -0.0017504	
21	18	   0.043193	   0.064789	     79.511	    0.97945	-9.7531e+92	-9.7531e+92	   0.042903	   0.029558	     0.0000	  -0.011704	    0.44199	  -0.046906	
21	19	 7.5370e-12	 1.1305e-11	     197.71	   0.033641	-9.7531e+92	-9.7531e+92	 0.00025480	 5.5933e-05	     0.0000	 -0.0094101	 0.00067637	 -0.0062025	
21	20	 3.0537e-12	 4.5804e-12	     169.84	   0.061351	-9.7531e+92	-9.7531e+92	 0.00098083	 5.3526e-05	     0.0000	  -0.022284	 0.00068018	  -0.017077	
21	21	     0.0000	     0.0000	     0.0000	     4.0000	-9.7531e+92	-9.7531e+92	    0.76531	     0.0000	    0.72021	     0.0000	     0.0000	     0.0000	
21	22	 1.6328e-11	 2.4491e-11	     284.69	  0.0078758	-9.7531e+92	-9.7531e+92	 0.00015285	 5.7753e-05	     0.0000	 -0.0046907	 0.00066923	 -0.0032261	
21	23	  0.0016298	  0.0024446	     78.648	     1.0121	-9.7531e+92	-9.7531e+92	  0.0018112	  0.0013443	     0.0000	 -0.0022160	   0.018370	 -0.0050881	
21	24	 0.00066467	 0.00099698	     85.071	    0.79345	-9.7531e+92	-9.7531e+92	 0.00033977	 0.00057568	     0.0000	 0.00036925	  0.0078655	 0.00079134	
22	0	 3.3109e-12	 1.8813e-12	     321.47	  0.0048482	-9.7531e+92	-9.7531e+92	  0.0036392	 6.4208e-06	     0.0000	 -0.0078906	-3.8695e-05	   0.065554	
22	1	 1.4687e-11	 8.3454e-12	     312.59	  0.0054224	-9.7531e+92	-9.7531e+92	  0.0019146	 6.5920e-06	     0.0000	  -0.011249	-3.9816e-05	   0.038535	
22	2	   0.074669	   0.042429	     161.29	   0.075160	-9.7531e+92	-9.7531e+92	   0.033641	  0.0060130	     0.0000	  0.0076859	  -0.069015	 -0.0096085	
22	3	    0.18705	    0.10629	     164.94	   0.068842	-9.7531e+92	-9.7531e+92	   0.054486	   0.013595	   0.038856	    0.13568	   -0.18275	   -0.13140	
22	4	    0.55713	    0.31658	     82.638	    0.86986	-9.7531e+92	-9.7531e+92	   0.089262	   0.014053	   0.080597	    0.10103	   -0.48415	   -0.42249	
22	5	  0.0040730	  0.0023144	     151.89	   0.095092	-9.7531e+92	-9.7531e+92	  0.0066470	 0.00040561	     0.0000	  -0.025042	 -0.0040624	   0.021548	
22	6	 5.1855e-11	 2.9465e-11	     216.08	   0.023641	-9.7531e+92	-9.7531e+92	  0.0041374	 6.4911e-06	     0.0000	     0.0000	-6.2481e-05	   0.089625	
22	7	 2.2040e-11	 1.2523e-11	     241.36	   0.015218	-9.7531e+92	-9.7531e+92	  0.0021632	 6.5482e-06	     0.0000	  -0.019484	-6.4620e-05	   0.074409	
22	8	 1.1984e-11	 6.8093e-12	     168.70	   0.062994	-9.7531e+92	-9.7531e+92	  0.0025733	 6.6007e-06	     0.0000	  -0.016067	-6.9095e-05	  0.0079582	
22	9	 2.0692e-12	 1.1758e-12	     266.14	   0.010307	-9.7531e+92	-9.7531e+92	  0.0013316	 6.7177e-06	     0.0000	     0.0000	-6.5529e-05	   0.040086	
22	10	 1.1498e-11	 6.5335e-12	     176.66	   0.052524	-9.7531e+92	-9.7531e+92	 0.00026663	 6.8287e-06	     0.0000	 -0.0032465	-7.0959e-05	  0.0012265	
22	11	 2.2689e-11	 1.2892e-11	     200.45	   0.031856	-9.7531e+92	-9.7531e+92	 0.00024900	 6.8355e-06	     0.0000	 -0.0030238	-7.0890e-05	  0.0014738	
22	12	 6.3681e-12	 3.6185e-12	     131.16	    0.16782	-9.7531e+92	-9.7531e+92	  0.0012664	 6.8294e-06	 0.00040358	 -0.0036609	-7.0635e-05	  0.0013739	
22	13	 3.8230e-11	 2.1723e-11	     260.15	   0.011286	-9.7531e+92	-9.7531e+92	  0.0055875	 6.5811e-06	     0.0000	-5.1835e-06	-4.0344e-05	   0.047278	
22	14	  0.0022522	  0.0012797	     227.39	   0.019298	-9.7531e+92	-9.7531e+92	   0.015951	 0.00020696	     0.0000	     0.0000	 -0.0015858	    0.11835	
22	15	 0.00079709	 0.00045293	     163.21	   0.071746	-9.7531e+92	-9.7531e+92	   0.015214	 7.9384e-05	     0.0000	  -0.018982	-0.00082866	   0.027839	
22	16	 6.6061e-12	 3.7537e-12	     106.73	    0.36321	-9.7531e+92	-9.7531e+92	 0.00052403	 5.8540e-06	     0.0000	-0.00088610	-5.2570e-05	 0.00072689	
22	17	  0.0045697	  0.0025966	     106.10	    0.37108	-9.7531e+92	-9.7531e+92	  0.0035028	 0.00030867	  0.0029118	  0.0032263	 -0.0011078	-0.00078235	
22	18	 1.3339e-06	 7.5795e-07	     205.13	   0.029065	-9.7531e+92	-9.7531e+92	  0.0038209	 6.7114e-06	     0.0000	  -0.025039	-6.0189e-05	   0.054994	
22	19	    0.14262	   0.081040	     93.933	    0.57085	-9.7531e+92	-9.7531e+92	   0.021981	   0.014051	   0.019989	    0.30213	   -0.14325	   -0.12917	
22	20	   0.026830	   0.015246	     116.48	    0.26308	-9.7531e+92	-9.7531e+92	  0.0097939	  0.0026008	  0.0043820	   0.032449	  -0.027621	  -0.015971	
22	21	 1.1679e-11	 6.6364e-12	     284.69	  0.0078758	-9.7531e+92	-9.7531e+92	 0.00057082	 6.7806e-06	     0.0000	     0.0000	-6.6665e-05	   0.026858	
22	22	     0.0000	     0.0000	     0.0000	     4.0000	-9.7531e+92	-9.7531e+92	    0.28934	     0.0000	    0.28828	     0.0000	     0.0000	     0.0000	
22	23	 2.2449e-12	 1.2756e-12	     209.07	   0.026949	-9.7531e+92	-9.7531e+92	 0.00027696	 6.9069e-06	     0.0000	 -0.0027756	-7.0254e-05	  0.0041771	
22	24	 4.1873e-12	 2.3793e-12	     237.89	   0.016122	-9.7531e+92	-9.7531e+92	 2.7526e-05	 6.9543e-06	     0.0000	-0.00014902	-7.1072e-05	 0.00021176	
23	0	   0.063217	   0.038438	     119.13	    0.24186	-9.7531e+92	-9.7531e+92	   0.023759	  0.0083562	     0.0000	 -0.0036656	   -0.39932	    0.29960	
23	1	   0.011846	  0.0072029	     132.72	    0.16037	-9.7531e+92	-9.7531e+92	   0.011633	  0.0016009	     0.0000	 -0.0092384	  -0.075687	    0.30582	
23	2	 4.2069e-05	 2.5580e-05	     168.40	   0.063436	-9.7531e+92	-9.7531e+92	  0.0045677	 1.5238e-05	     0.0000	  -0.052657	-0.00075896	    0.37490	
23	3	 4.0157e-11	 2.4417e-11	     228.38	   0.018966	-9.7531e+92	-9.7531e+92	 0.00079328	 9.4827e-06	     0.0000	  -0.035119	-0.00045949	    0.16339	
23	4	 1.5646e-12	 9.5137e-13	     212.30	   0.025355	-9.7531e+92	-9.7531e+92	 0.00043188	 9.6204e-06	     0.0000	  -0.027839	-0.00048404	   0.094589	
23	5	    0.22799	    0.13863	     65.633	     1.6449	-9.7531e+92	-9.7531e+92	   0.043881	   0.028792	   0.026503	    0.16578	    -1.6544	    -1.2522	
23	6	   0.071776	   0.043643	     73.330	     1.2380	-9.7531e+92	-9.7531e+92	   0.026566	  0.0098177	     0.0000	     0.0000	   -0.52082	    0.21533	
23	7	    0.17281	    0.10508	     58.677	     2.0891	-9.7531e+92	-9.7531e+92	   0.038883	   0.024508	     0.0000	   0.019746	    -1.2692	   -0.54930	
23	8	   0.040376	   0.024550	     54.810	     2.3580	-9.7531e+92	-9.7531e+92	   0.010991	  0.0044049	  0.0057149	   0.035419	   -0.25450	   -0.17043	
23	9	 0.00042247	 0.00025688	     121.73	    0.22293	-9.7531e+92	-9.7531e+92	  0.0048433	 7.0708e-05	     0.0000	     0.0000	 -0.0036121	    0.28566	
23	10	 1.1738e-05	 7.1370e-06	     95.614	    0.53700	-9.7531e+92	-9.7531e+92	 0.00073798	 1.0583e-05	     0.0000	 -0.0026649	-0.00055604	  0.0079447	
23	11	  0.0035306	  0.0021467	     53.605	     2.4433	-9.7531e+92	-9.7531e+92	  0.0014828	 0.00041668	 0.00049429	  0.0021968	  -0.020624	 -0.0095157	
23	12	 1.5624e-07	 9.5000e-08	     109.85	    0.32696	-9.7531e+92	-9.7531e+92	 0.00046408	 9.4008e-06	     0.0000	 -0.0033411	-0.00049133	  0.0093672	
23	13	   0.051841	   0.031522	     113.01	    0.29441	-9.7531e+92	-9.7531e+92	   0.019112	  0.0070319	     0.0000	-1.9132e-06	   -0.32959	    0.16722	
23	14	   0.039101	   0.023775	     114.84	    0.27739	-9.7531e+92	-9.7531e+92	   0.037529	  0.0050623	     0.0000	     0.0000	   -0.25353	    0.86608	
23	15	 7.2933e-06	 4.4346e-06	     149.47	    0.10124	-9.7531e+92	-9.7531e+92	  0.0018536	 1.0756e-05	     0.0000	  -0.020945	-0.00054648	    0.20565	
23	16	 2.7944e-12	 1.6991e-12	     136.77	    0.14287	-9.7531e+92	-9.7531e+92	 5.4307e-05	 1.0257e-05	     0.0000	 -0.0013637	-0.00051093	  0.0061586	
23	17	 1.3673e-12	 8.3136e-13	     284.58	  0.0078888	-9.7531e+92	-9.7531e+92	 3.4032e-05	 1.0302e-05	     0.0000	 -0.0021856	-0.00051064	  0.0063505	
23	18	    0.24380	    0.14824	     36.898	     3.4995	-9.7531e+92	-9.7531e+92	   0.051633	   0.027193	  0.0098769	   0.039693	    -1.7769	    -1.0886	
23	19	 2.0299e-06	 1.2343e-06	     121.29	    0.22600	-9.7531e+92	-9.7531e+92	  0.0011687	 9.5462e-06	     0.0000	 -0.0070303	-0.00050977	   0.022255	
23	20	 0.00019153	 0.00011646	     93.058	    0.58941	-9.7531e+92	-9.7531e+92	  0.0056958	 3.3769e-05	     0.0000	  -0.015736	 -0.0018949	   0.059481	
23	21	   0.042224	   0.025674	     78.648	     1.0121	-9.7531e+92	-9.7531e+92	   0.010579	  0.0061569	     0.0000	     0.0000	   -0.31375	  -0.077492	
23	22	 2.7515e-12	 1.6730e-12	     209.07	   0.026949	-9.7531e+92	-9.7531e+92	 4.6345e-05	 1.0152e-05	     0.0000	 -0.0037070	-0.00050765	   0.011654	
23	23	     0.0000	     0.0000	     0.0000	     4.0000	-9.7531e+92	-9.7531e+92	    0.30648	     0.0000	    0.30373	     0.0000	     0.0000	     0.0000	
23	24	   0.030814	   0.018736	     40.708	     3.3006	-9.7531e+92	-9.7531e+92	  0.0047652	  0.0032944	  0.0045888	  0.0026264	   -0.12519	  -0.096561	
24	0	    0.21769	   0.089441	     123.34	    0.21210	-9.7531e+92	-9.7531e+92	   0.031087	  0.0024072	     0.0000	 0.00064079	   -0.16637	  -0.070127	
24	1	   0.041913	   0.017220	     142.19	    0.12292	-9.7531e+92	-9.7531e+92	   0.011043	 0.00047317	     0.0000	-0.00041945	  -0.032328	   0.018581	
24	2	 2.1395e-06	 8.7904e-07	     210.29	   0.026336	-9.7531e+92	-9.7531e+92	  0.0024111	 7.8141e-07	     0.0000	 -0.0051511	-5.8106e-05	   0.048740	
24	3	 1.7644e-11	 7.2493e-12	     270.69	  0.0096323	-9.7531e+92	-9.7531e+92	 0.00041981	 7.6264e-07	     0.0000	 -0.0034332	-5.5696e-05	   0.021244	
24	4	 2.9534e-12	 1.2134e-12	     253.16	   0.012581	-9.7531e+92	-9.7531e+92	 0.00022800	 7.7225e-07	     0.0000	 -0.0027216	-5.8240e-05	   0.012261	
24	5	   0.026329	   0.010818	     106.34	    0.36810	-9.7531e+92	-9.7531e+92	   0.011028	 0.00029549	     0.0000	-0.00021205	  -0.023321	  0.0018292	
24	6	   0.010223	  0.0042000	     108.13	    0.34637	-9.7531e+92	-9.7531e+92	   0.013285	 0.00011751	     0.0000	     0.0000	 -0.0089779	   0.077562	
24	7	    0.12836	   0.052738	     84.614	    0.80724	-9.7531e+92	-9.7531e+92	   0.023746	  0.0014973	     0.0000	 0.00094659	   -0.11337	  -0.034888	
24	8	   0.015295	  0.0062841	     77.960	     1.0389	-9.7531e+92	-9.7531e+92	  0.0039375	 0.00015954	 0.00037207	 0.00095728	  -0.013184	 -0.0053286	
24	9	 6.0903e-05	 2.5022e-05	     149.07	    0.10229	-9.7531e+92	-9.7531e+92	  0.0033624	 1.5144e-06	     0.0000	     0.0000	-0.00011322	   0.037284	
24	10	 5.5020e-05	 2.2605e-05	     102.71	    0.41717	-9.7531e+92	-9.7531e+92	 0.00037898	 1.3712e-06	     0.0000	-0.00026136	-0.00010486	 0.00099740	
24	11	   0.024305	  0.0099860	     56.094	     2.2676	-9.7531e+92	-9.7531e+92	  0.0028800	 0.00020926	  0.0022121	  0.0021397	  -0.012378	  -0.010241	
24	12	 1.2946e-11	 5.3189e-12	     132.31	    0.16230	-9.7531e+92	-9.7531e+92	 0.00016288	 7.9120e-07	     0.0000	-0.00034331	-6.0004e-05	  0.0012231	
24	13	   0.015389	  0.0063225	     142.21	    0.12286	-9.7531e+92	-9.7531e+92	  0.0097943	 0.00017505	     0.0000	-4.0992e-07	  -0.011915	   0.047933	
24	14	  0.0065642	  0.0026969	     150.00	   0.099849	-9.7531e+92	-9.7531e+92	   0.020254	 7.0877e-05	     0.0000	     0.0000	 -0.0052158	    0.13684	
24	15	 6.4574e-11	 2.6530e-11	     189.75	   0.039594	-9.7531e+92	-9.7531e+92	 0.00095542	 7.8656e-07	     0.0000	 -0.0020481	-5.9152e-05	   0.026636	
24	16	 2.0990e-12	 8.6237e-13	     177.80	   0.051213	-9.7531e+92	-9.7531e+92	 3.1168e-05	 8.3180e-07	     0.0000	-0.00013333	-6.1134e-05	 0.00079579	
24	17	 6.4569e-12	 2.6528e-12	     325.25	  0.0046269	-9.7531e+92	-9.7531e+92	 2.0967e-05	 8.2766e-07	     0.0000	-0.00021366	-6.0961e-05	 0.00082078	
24	18	    0.23827	   0.097894	     74.739	     1.1738	-9.7531e+92	-9.7531e+92	   0.034298	  0.0025941	  0.0060836	  0.0055898	   -0.20509	   -0.13432	
24	19	 1.4356e-11	 5.8984e-12	     150.08	   0.099629	-9.7531e+92	-9.7531e+92	 0.00034556	 7.8289e-07	     0.0000	-0.00071602	-6.0127e-05	  0.0028795	
24	20	 0.00036805	 0.00015121	     121.85	    0.22210	-9.7531e+92	-9.7531e+92	  0.0016357	 4.8735e-06	     0.0000	 -0.0016088	-0.00038952	  0.0075857	
24	21	   0.020363	  0.0083664	     85.071	    0.79345	-9.7531e+92	-9.7531e+92	  0.0062912	 0.00024082	     0.0000	     0.0000	  -0.018127	  0.0079843	
24	22	 2.0688e-11	 8.4998e-12	     237.89	   0.016122	-9.7531e+92	-9.7531e+92	 2.7325e-05	 8.1961e-07	     0.0000	-0.00036250	-6.0735e-05	  0.0015066	
24	23	    0.25481	    0.10469	     40.708	     3.3006	-9.7531e+92	-9.7531e+92	   0.027290	  0.0020503	   0.025433	  0.0064835	   -0.13296	   -0.11605	
24	24	     0.0000	     0.0000	     0.0000	     4.0000	-9.7531e+92	-9.7531e+92	    0.20590	     0.0000	    0.20578	     0.0000	     0.0000	     0.0000	
