#source	Target	value	weight	distance	potential1	geneCorrelation	separation	influenceWeight	betweenness	influence'Weight	betweenness'	nbetweenness	nbetweenness'	
0	0	     0.0000	     0.0000	     0.0000	     4.0000	-9.7531e+92	-9.7531e+92	     4.1689	     0.0000	     3.6641	     0.0000	     0.0000	     0.0000	
0	1	   0.072732	    0.58365	     35.562	     3.5606	-9.7531e+92	-9.7531e+92	    0.30717	   0.035006	     0.0000	     0.0000	    0.37560	-4.9217e-05	
0	2	 3.4187e-10	 2.7434e-09	     211.35	   0.025814	-9.7531e+92	-9.7531e+92	  0.0081450	 5.1531e-05	     0.0000	-1.2606e-05	 0.00072046	 0.00014516	
0	3	 8.3563e-13	 6.7056e-12	     273.88	  0.0091920	-9.7531e+92	-9.7531e+92	  0.0020403	 5.2089e-05	     0.0000	-1.0571e-05	 0.00074142	 8.1513e-05	
0	4	 1.1595e-10	 9.3044e-10	     281.58	  0.0082298	-9.7531e+92	-9.7531e+92	  0.0017216	 5.2730e-05	     0.0000	-1.0226e-05	 0.00070197	 7.4179e-05	
0	5	 8.3244e-10	 6.6800e-09	     169.69	   0.061568	-9.7531e+92	-9.7531e+92	   0.083141	 5.2076e-05	     0.0000	-5.3214e-05	 0.00068126	 0.00084601	
0	6	   0.052521	    0.42146	     105.31	    0.38136	-9.7531e+92	-9.7531e+92	    0.35043	   0.034972	     0.0000	     0.0000	    0.54622	  0.0013003	
0	7	   0.055127	    0.44237	     80.265	    0.95180	-9.7531e+92	-9.7531e+92	    0.27544	   0.041496	     0.0000	-1.5393e-05	    0.57312	 0.00033416	
0	8	 9.2534e-10	 7.4255e-09	     172.11	   0.058221	-9.7531e+92	-9.7531e+92	   0.014359	 5.3790e-05	     0.0000	-1.8765e-05	 0.00067408	 0.00031258	
0	9	    0.10641	    0.85390	     86.890	    0.74099	-9.7531e+92	-9.7531e+92	    0.55577	   0.063246	     0.0000	-1.7346e-06	     1.1154	 0.00070662	
0	10	 1.0091e-09	 8.0975e-09	     210.64	   0.026161	-9.7531e+92	-9.7531e+92	 0.00060684	 5.7892e-05	     0.0000	-1.9061e-06	 0.00065154	 1.8662e-05	
0	11	 1.1911e-10	 9.5583e-10	     167.10	   0.065400	-9.7531e+92	-9.7531e+92	  0.0016450	 5.5064e-05	     0.0000	-2.4708e-06	 0.00067648	 4.9701e-05	
0	12	 4.4640e-10	 3.5822e-09	     226.76	   0.019512	-9.7531e+92	-9.7531e+92	  0.0014443	 5.7850e-05	     0.0000	-6.7457e-06	 0.00064692	 5.9543e-05	
0	13	   0.060269	    0.48364	     86.013	    0.76580	-9.7531e+92	-9.7531e+92	    0.30345	   0.036397	     0.0000	-5.9712e-06	    0.52896	 0.00041826	
0	14	   0.058560	    0.46992	     114.85	    0.27729	-9.7531e+92	-9.7531e+92	    0.36077	   0.035111	     0.0000	-3.6230e-05	    0.52853	 0.00095979	
0	15	 4.3396e-10	 3.4824e-09	     189.51	   0.039789	-9.7531e+92	-9.7531e+92	  0.0040987	 5.2149e-05	     0.0000	-6.4842e-06	 0.00068531	 9.7611e-05	
0	16	 7.5412e-10	 6.0515e-09	     217.18	   0.023165	-9.7531e+92	-9.7531e+92	 0.00029651	 5.7599e-05	     0.0000	-1.8771e-07	 0.00064451	 1.7236e-06	
0	17	 3.6843e-10	 2.9565e-09	     353.56	  0.0033150	-9.7531e+92	-9.7531e+92	 0.00031199	 5.8566e-05	     0.0000	-6.7013e-07	 0.00063990	 4.0699e-06	
0	18	    0.27410	     2.1996	     116.29	    0.26473	-9.7531e+92	-9.7531e+92	    0.74741	    0.17666	     0.0000	 5.2825e-05	     2.6932	 -0.0028124	
0	19	 7.3430e-10	 5.8925e-09	     234.49	   0.017074	-9.7531e+92	-9.7531e+92	   0.018523	 5.3603e-05	     0.0000	-3.9769e-05	 0.00066028	 0.00043603	
0	20	 1.2735e-09	 1.0220e-08	     206.61	   0.028245	-9.7531e+92	-9.7531e+92	  0.0078748	 5.5015e-05	     0.0000	-2.5611e-05	 0.00066157	 0.00027392	
0	21	    0.31682	     2.5423	     39.458	     3.3697	-9.7531e+92	-9.7531e+92	    0.70755	    0.21995	    0.37567	     0.0000	     3.4474	 -0.0050595	
0	22	 6.9585e-12	 5.5839e-11	     321.47	  0.0048482	-9.7531e+92	-9.7531e+92	 0.00037632	 5.8002e-05	     0.0000	-1.2463e-06	 0.00064552	 9.0340e-06	
0	23	  0.0034627	   0.027787	     119.13	    0.24186	-9.7531e+92	-9.7531e+92	    0.10102	  0.0026114	     0.0000	-1.0447e-06	   0.039293	 0.00050254	
0	24	 4.0005e-10	 3.2103e-09	     123.34	    0.21210	-9.7531e+92	-9.7531e+92	  0.0012915	 4.8160e-05	     0.0000	     0.0000	 0.00083805	     0.0000	
1	0	    0.15843	     1.4004	     35.562	     3.5606	-9.7531e+92	-9.7531e+92	    0.48110	   0.086560	     0.0000	  0.0029377	     1.2650	  0.0029384	
1	1	     0.0000	     0.0000	     0.0000	     4.0000	-9.7531e+92	-9.7531e+92	     4.5834	     0.0000	     3.9689	     0.0000	     0.0000	     0.0000	
1	2	  0.0034360	   0.030372	     184.62	   0.044134	-9.7531e+92	-9.7531e+92	   0.018491	  0.0025068	     0.0000	-0.00062061	   0.038101	-2.8948e-05	
1	3	 1.1314e-11	 1.0000e-10	     244.14	   0.014539	-9.7531e+92	-9.7531e+92	  0.0037666	 4.8686e-05	     0.0000	-0.00089080	 0.00074667	-4.3885e-05	
1	4	 9.8332e-12	 8.6919e-11	     272.02	  0.0094459	-9.7531e+92	-9.7531e+92	  0.0028560	 4.9472e-05	     0.0000	-0.00086174	 0.00071394	-2.7323e-07	
1	5	 7.2076e-05	 0.00063711	     161.91	   0.074033	-9.7531e+92	-9.7531e+92	   0.058345	 0.00010160	     0.0000	 -0.0044772	  0.0014479	 0.00027208	
1	6	   0.059793	    0.52854	     96.519	    0.51972	-9.7531e+92	-9.7531e+92	    0.48680	   0.036228	     0.0000	     0.0000	    0.62832	-4.6719e-05	
1	7	    0.17042	     1.5064	     75.481	     1.1413	-9.7531e+92	-9.7531e+92	    0.53300	    0.11856	     0.0000	  0.0068958	     1.8146	-0.00047237	
1	8	 1.3117e-11	 1.1595e-10	     184.58	   0.044171	-9.7531e+92	-9.7531e+92	  0.0094648	 5.1237e-05	     0.0000	 -0.0015861	 0.00068501	 0.00015930	
1	9	    0.12029	     1.0633	     55.376	     2.3181	-9.7531e+92	-9.7531e+92	    0.60784	   0.061052	     0.0000	     0.0000	     1.2798	     0.0000	
1	10	 6.6104e-12	 5.8432e-11	     228.04	   0.019080	-9.7531e+92	-9.7531e+92	 0.00053012	 5.5041e-05	     0.0000	-0.00016070	 0.00066523	 1.2336e-05	
1	11	 1.5146e-12	 1.3388e-11	     185.20	   0.043588	-9.7531e+92	-9.7531e+92	  0.0011889	 5.2603e-05	     0.0000	-0.00021567	 0.00068507	 3.1927e-05	
1	12	 7.4094e-12	 6.5494e-11	     231.78	   0.017881	-9.7531e+92	-9.7531e+92	  0.0011303	 5.4879e-05	     0.0000	-0.00056844	 0.00066240	 3.9023e-05	
1	13	    0.23956	     2.1176	     57.043	     2.2015	-9.7531e+92	-9.7531e+92	    0.69890	    0.13990	     0.0000	  0.0028282	     2.2502	  0.0056412	
1	14	   0.099137	    0.87631	     88.839	    0.68891	-9.7531e+92	-9.7531e+92	    0.48752	   0.050347	     0.0000	     0.0000	    0.77072	-0.00067093	
1	15	 9.5523e-05	 0.00084436	     167.83	   0.064291	-9.7531e+92	-9.7531e+92	  0.0068210	 0.00011814	     0.0000	-0.00053661	  0.0017036	 2.6953e-05	
1	16	 5.9101e-12	 5.2241e-11	     207.46	   0.027791	-9.7531e+92	-9.7531e+92	 0.00033028	 5.4065e-05	     0.0000	-1.5818e-05	 0.00066489	 1.2217e-06	
1	17	 9.6730e-12	 8.5503e-11	     342.57	  0.0037606	-9.7531e+92	-9.7531e+92	 0.00036829	 5.5216e-05	     0.0000	-5.6470e-05	 0.00065843	 2.6904e-06	
1	18	   0.054178	    0.47889	     111.77	    0.30668	-9.7531e+92	-9.7531e+92	    0.44403	   0.034108	     0.0000	 -0.0016493	    0.55325	-0.00039786	
1	19	 3.0393e-11	 2.6865e-10	     226.57	   0.019575	-9.7531e+92	-9.7531e+92	   0.013149	 5.0821e-05	     0.0000	 -0.0033512	 0.00067502	 0.00023454	
1	20	 1.6424e-12	 1.4518e-11	     199.20	   0.032652	-9.7531e+92	-9.7531e+92	  0.0056452	 5.2207e-05	     0.0000	 -0.0021582	 0.00067587	 0.00014711	
1	21	   0.093960	    0.83055	     57.297	     2.1839	-9.7531e+92	-9.7531e+92	    0.33408	   0.059590	     0.0000	     0.0000	     1.0544	-0.00030303	
1	22	 5.5964e-11	 4.9469e-10	     312.59	  0.0054224	-9.7531e+92	-9.7531e+92	 0.00045972	 5.4732e-05	     0.0000	-0.00010502	 0.00066317	 5.5226e-06	
1	23	 0.00062967	  0.0055659	     132.72	    0.16037	-9.7531e+92	-9.7531e+92	   0.058426	 0.00050178	     0.0000	-0.00011042	  0.0075755	 0.00031338	
1	24	 2.6095e-11	 2.3066e-10	     142.19	    0.12292	-9.7531e+92	-9.7531e+92	 0.00086373	 5.0556e-05	     0.0000	-1.4253e-05	 0.00070749	 4.5962e-06	
2	0	 7.2778e-05	 0.00026608	     211.35	   0.025814	-9.7531e+92	-9.7531e+92	   0.029754	 7.4486e-05	     0.0000	   -0.11225	 -0.0011627	    0.52370	
2	1	  0.0037942	   0.013871	     184.62	   0.044134	-9.7531e+92	-9.7531e+92	   0.037045	  0.0020341	     0.0000	     0.0000	  -0.031067	    0.52198	
2	2	     0.0000	     0.0000	     0.0000	     4.0000	-9.7531e+92	-9.7531e+92	     1.9259	     0.0000	     1.8955	     0.0000	     0.0000	     0.0000	
2	3	    0.23121	    0.84528	     63.167	     1.7950	-9.7531e+92	-9.7531e+92	    0.28725	   0.049103	    0.26985	    0.61992	    -3.1903	    -3.0043	
2	4	    0.14508	    0.53041	     91.235	    0.63030	-9.7531e+92	-9.7531e+92	    0.20169	   0.033145	    0.18638	    0.49544	    -1.6341	    -1.5375	
2	5	  0.0017182	  0.0062817	     120.45	    0.23204	-9.7531e+92	-9.7531e+92	   0.014950	 0.00091915	     0.0000	   -0.25046	  -0.021092	    0.50729	
2	6	   0.013997	   0.051174	     118.53	    0.24644	-9.7531e+92	-9.7531e+92	   0.065070	  0.0071285	     0.0000	     0.0000	   -0.15800	     1.2088	
2	7	 2.2406e-05	 8.1917e-05	     153.12	   0.092143	-9.7531e+92	-9.7531e+92	   0.030893	 4.7144e-05	     0.0000	   -0.30245	 -0.0010483	    0.83322	
2	8	 2.3663e-13	 8.6511e-13	     174.51	   0.055125	-9.7531e+92	-9.7531e+92	  0.0023458	 3.5703e-05	     0.0000	  -0.092022	-0.00081540	    0.19725	
2	9	 0.00095304	  0.0034843	     133.64	    0.15619	-9.7531e+92	-9.7531e+92	    0.14786	 0.00051291	     0.0000	  -0.031327	  -0.011624	     1.5965	
2	10	 2.0124e-13	 7.3573e-13	     213.20	   0.024934	-9.7531e+92	-9.7531e+92	 0.00018878	 3.7289e-05	     0.0000	 -0.0093236	-0.00083552	   0.011899	
2	11	 4.2576e-13	 1.5566e-12	     197.83	   0.033565	-9.7531e+92	-9.7531e+92	 0.00033623	 3.7018e-05	     0.0000	  -0.012513	-0.00083296	   0.031649	
2	12	 6.2087e-13	 2.2699e-12	     181.48	   0.047226	-9.7531e+92	-9.7531e+92	 0.00040303	 3.6832e-05	     0.0000	  -0.032980	-0.00083134	   0.037950	
2	13	    0.13617	    0.49785	     127.66	    0.18612	-9.7531e+92	-9.7531e+92	    0.18969	   0.070852	     0.0000	   0.052633	    -1.0848	   -0.38057	
2	14	    0.24113	    0.88156	     97.273	    0.50580	-9.7531e+92	-9.7531e+92	    0.32174	    0.11880	     0.0000	    0.35296	    -2.1152	   -0.99112	
2	15	    0.21317	    0.77935	     21.827	     3.9312	-9.7531e+92	-9.7531e+92	    0.26410	   0.075511	    0.24442	    0.32198	    -2.1521	    -2.0460	
2	16	 0.00065263	  0.0023860	     68.097	     1.5042	-9.7531e+92	-9.7531e+92	  0.0019534	 0.00026330	  0.0013767	  0.0021894	 -0.0040502	 -0.0031108	
2	17	 5.7334e-14	 2.0961e-13	     160.64	   0.076357	-9.7531e+92	-9.7531e+92	  0.0052985	 2.3709e-05	  0.0042657	 -0.0017676	-0.00057902	  0.0018517	
2	18	   0.012026	   0.043966	     137.27	    0.14087	-9.7531e+92	-9.7531e+92	   0.084320	  0.0062506	     0.0000	   -0.16362	   -0.12892	     1.0534	
2	19	 2.7834e-06	 1.0176e-05	     139.30	    0.13308	-9.7531e+92	-9.7531e+92	  0.0045900	 3.5271e-05	     0.0000	   -0.19373	-0.00083514	    0.27564	
2	20	 1.4064e-07	 5.1418e-07	     139.77	    0.13137	-9.7531e+92	-9.7531e+92	  0.0019636	 3.5593e-05	     0.0000	   -0.12521	-0.00081890	    0.17317	
2	21	 1.0117e-13	 3.6986e-13	     197.19	   0.033993	-9.7531e+92	-9.7531e+92	   0.016579	 3.6259e-05	     0.0000	     0.0000	-0.00079095	    0.47293	
2	22	 2.6256e-12	 9.5991e-12	     161.29	   0.075160	-9.7531e+92	-9.7531e+92	   0.010733	 2.5355e-05	  0.0087315	 -0.0033596	-0.00060585	  0.0043091	
2	23	 4.7523e-13	 1.7374e-12	     168.40	   0.063436	-9.7531e+92	-9.7531e+92	   0.010727	 3.6439e-05	     0.0000	 -0.0065424	-0.00082176	    0.35930	
2	24	 4.9074e-14	 1.7941e-13	     210.29	   0.026336	-9.7531e+92	-9.7531e+92	 0.00020739	 3.7452e-05	     0.0000	-0.00082694	-0.00083497	  0.0044553	
3	0	 3.8476e-11	 1.6331e-10	     273.88	  0.0091920	-9.7531e+92	-9.7531e+92	   0.020033	 3.0132e-05	     0.0000	   -0.10886	-0.00049690	    0.44130	
3	1	  0.0016097	  0.0068326	     244.14	   0.014539	-9.7531e+92	-9.7531e+92	   0.025203	 0.00075514	     0.0000	     0.0000	  -0.011856	    0.45134	
3	2	    0.21960	    0.93209	     63.167	     1.7950	-9.7531e+92	-9.7531e+92	    0.37559	   0.047241	    0.34029	    0.38377	    -2.5358	    -2.2942	
3	3	     0.0000	     0.0000	     0.0000	     4.0000	-9.7531e+92	-9.7531e+92	     2.2967	     0.0000	     2.2765	     0.0000	     0.0000	     0.0000	
3	4	    0.36054	     1.5303	     82.606	    0.87092	-9.7531e+92	-9.7531e+92	    0.46047	   0.054162	    0.44270	    0.99072	    -3.6425	    -3.3829	
3	5	 7.8357e-11	 3.3259e-10	     167.87	   0.064235	-9.7531e+92	-9.7531e+92	   0.012340	 2.9051e-05	     0.0000	   -0.25203	-0.00070552	    0.45748	
3	6	  0.0035700	   0.015153	     180.81	   0.047921	-9.7531e+92	-9.7531e+92	   0.047534	  0.0015708	     0.0000	     0.0000	  -0.036421	     1.1431	
3	7	 2.6498e-11	 1.1247e-10	     215.68	   0.023812	-9.7531e+92	-9.7531e+92	   0.021009	 2.9813e-05	     0.0000	   -0.29308	-0.00070038	    0.72311	
3	8	 1.7643e-11	 7.4886e-11	     221.29	   0.021502	-9.7531e+92	-9.7531e+92	  0.0020978	 2.9933e-05	     0.0000	  -0.089144	-0.00072676	    0.17160	
3	9	 1.1935e-11	 5.0657e-11	     191.41	   0.038254	-9.7531e+92	-9.7531e+92	   0.099547	 2.8536e-05	     0.0000	  -0.030548	-0.00067906	     1.3909	
3	10	 2.4762e-11	 1.0510e-10	     258.79	   0.011525	-9.7531e+92	-9.7531e+92	 0.00020905	 3.1175e-05	     0.0000	 -0.0090320	-0.00074383	   0.010369	
3	11	 1.5020e-11	 6.3754e-11	     244.71	   0.014404	-9.7531e+92	-9.7531e+92	 0.00032884	 3.1009e-05	     0.0000	  -0.012121	-0.00074177	   0.027573	
3	12	 1.3665e-11	 5.8003e-11	     227.10	   0.019395	-9.7531e+92	-9.7531e+92	 0.00046903	 3.0838e-05	     0.0000	  -0.031949	-0.00074203	   0.033068	
3	13	   0.033810	    0.14351	     188.65	   0.040519	-9.7531e+92	-9.7531e+92	    0.12124	   0.015102	     0.0000	  -0.055911	   -0.23569	    0.34847	
3	14	   0.068558	    0.29099	     161.01	   0.075671	-9.7531e+92	-9.7531e+92	    0.21045	   0.029594	     0.0000	   -0.14347	   -0.50645	    0.34917	
3	15	    0.31207	     1.3246	     84.108	    0.82281	-9.7531e+92	-9.7531e+92	    0.42844	   0.094571	    0.40559	    0.54834	    -2.8395	    -2.6247	
3	16	 2.7455e-11	 1.1653e-10	     111.94	    0.30495	-9.7531e+92	-9.7531e+92	  0.0028907	 2.3958e-05	  0.0022211	-0.00052066	-0.00060642	 0.00078938	
3	17	 4.4059e-12	 1.8701e-11	     122.41	    0.21829	-9.7531e+92	-9.7531e+92	   0.011960	 1.6121e-05	   0.010761	 -0.0013407	-0.00031371	 0.00091988	
3	18	 0.00024243	  0.0010290	     199.21	   0.032649	-9.7531e+92	-9.7531e+92	   0.056839	 0.00013496	     0.0000	   -0.17690	 -0.0029386	     1.0120	
3	19	 4.0231e-11	 1.7076e-10	     184.07	   0.044655	-9.7531e+92	-9.7531e+92	  0.0054979	 2.8569e-05	     0.0000	   -0.18751	-0.00072413	    0.23991	
3	20	 9.6255e-11	 4.0856e-10	     185.64	   0.043179	-9.7531e+92	-9.7531e+92	  0.0023518	 2.9770e-05	     0.0000	   -0.12130	-0.00072913	    0.15070	
3	21	 7.4595e-12	 3.1662e-11	     259.71	   0.011362	-9.7531e+92	-9.7531e+92	   0.011022	 3.0602e-05	     0.0000	     0.0000	-0.00070554	    0.41054	
3	22	 7.6976e-12	 3.2672e-11	     164.94	   0.068842	-9.7531e+92	-9.7531e+92	   0.024362	 2.0690e-05	   0.022038	 -0.0032110	-0.00056550	  0.0038590	
3	23	 2.0925e-11	 8.8816e-11	     228.38	   0.018966	-9.7531e+92	-9.7531e+92	  0.0073326	 3.0669e-05	     0.0000	 -0.0063378	-0.00073282	    0.31277	
3	24	 5.4634e-11	 2.3190e-10	     270.69	  0.0096323	-9.7531e+92	-9.7531e+92	 0.00020054	 3.1430e-05	     0.0000	-0.00080108	-0.00074357	  0.0038823	
4	0	 2.2804e-11	 5.9531e-11	     281.58	  0.0082298	-9.7531e+92	-9.7531e+92	  0.0092331	 3.3209e-05	     0.0000	   -0.12099	-0.00089605	    0.81168	
4	1	 1.3096e-11	 3.4189e-11	     272.02	  0.0094459	-9.7531e+92	-9.7531e+92	   0.011346	 3.3196e-05	     0.0000	     0.0000	-0.00086376	    0.86416	
4	2	    0.28409	    0.74165	     91.235	    0.63030	-9.7531e+92	-9.7531e+92	    0.26778	   0.083526	    0.24607	    0.80319	    -4.9443	    -4.5877	
4	3	    0.37768	    0.98598	     82.606	    0.87092	-9.7531e+92	-9.7531e+92	    0.32251	   0.058927	    0.31008	     1.0000	    -7.4900	    -7.0959	
4	4	     0.0000	     0.0000	     0.0000	     4.0000	-9.7531e+92	-9.7531e+92	     1.4195	     0.0000	     1.4086	     0.0000	     0.0000	     0.0000	
4	5	 0.00052238	  0.0013637	     147.08	    0.10778	-9.7531e+92	-9.7531e+92	  0.0078240	 0.00028153	     0.0000	   -0.27652	  -0.010220	    0.75740	
4	6	 2.3589e-05	 6.1583e-05	     179.35	   0.049487	-9.7531e+92	-9.7531e+92	   0.020862	 4.3080e-05	     0.0000	     0.0000	 -0.0015063	     1.9962	
4	7	 2.2794e-11	 5.9506e-11	     209.16	   0.026904	-9.7531e+92	-9.7531e+92	  0.0096309	 3.2862e-05	     0.0000	   -0.32572	 -0.0011533	     1.2134	
4	8	 1.6818e-11	 4.3905e-11	     186.41	   0.042479	-9.7531e+92	-9.7531e+92	  0.0020210	 3.2921e-05	     0.0000	  -0.099057	 -0.0011858	    0.28547	
4	9	 5.6309e-11	 1.4700e-10	     223.28	   0.020749	-9.7531e+92	-9.7531e+92	   0.047982	 3.1489e-05	     0.0000	  -0.033949	 -0.0011263	     2.3512	
4	10	 1.8180e-12	 4.7460e-12	     204.61	   0.029363	-9.7531e+92	-9.7531e+92	 0.00016639	 3.4285e-05	     0.0000	  -0.010038	 -0.0012072	   0.017160	
4	11	 1.0174e-12	 2.6560e-12	     218.09	   0.022784	-9.7531e+92	-9.7531e+92	 0.00025258	 3.4121e-05	     0.0000	  -0.013471	 -0.0012050	   0.045662	
4	12	 8.2585e-12	 2.1560e-11	     165.11	   0.068567	-9.7531e+92	-9.7531e+92	 0.00063627	 3.3863e-05	     0.0000	  -0.035485	 -0.0012029	   0.054737	
4	13	  0.0026556	  0.0069327	     217.30	   0.023117	-9.7531e+92	-9.7531e+92	   0.049606	  0.0013408	     0.0000	  -0.098295	  -0.034772	     1.0377	
4	14	   0.037965	   0.099111	     184.55	   0.044193	-9.7531e+92	-9.7531e+92	    0.10361	   0.018172	     0.0000	   -0.25508	   -0.50456	     1.0349	
4	15	    0.12890	    0.33651	     106.18	    0.37015	-9.7531e+92	-9.7531e+92	    0.17093	   0.050430	    0.15688	    0.39628	    -2.1447	    -1.9751	
4	16	   0.010146	   0.026488	     75.439	     1.1432	-9.7531e+92	-9.7531e+92	  0.0074865	  0.0039368	  0.0070747	   0.060990	   -0.14345	   -0.13562	
4	17	   0.051280	    0.13387	     73.525	     1.2289	-9.7531e+92	-9.7531e+92	   0.036521	   0.011865	   0.035783	    0.28543	   -0.46148	   -0.42995	
4	18	 0.00013856	 0.00036172	     186.18	   0.042684	-9.7531e+92	-9.7531e+92	   0.025439	 9.8725e-05	     0.0000	   -0.19678	 -0.0032907	     1.7413	
4	19	  0.0021846	  0.0057032	     119.82	    0.23665	-9.7531e+92	-9.7531e+92	  0.0098453	  0.0010514	     0.0000	   -0.18723	  -0.039517	    0.35922	
4	20	 6.4295e-06	 1.6785e-05	     135.08	    0.14987	-9.7531e+92	-9.7531e+92	  0.0040593	 3.5845e-05	     0.0000	   -0.13467	 -0.0013018	    0.25037	
4	21	 9.7499e-12	 2.5453e-11	     253.96	   0.012424	-9.7531e+92	-9.7531e+92	  0.0048535	 3.3728e-05	     0.0000	     0.0000	 -0.0011598	    0.68769	
4	22	    0.10441	    0.27256	     82.638	    0.86986	-9.7531e+92	-9.7531e+92	   0.074741	   0.026277	   0.073312	    0.45334	   -0.98610	   -0.92082	
4	23	 2.3251e-12	 6.0699e-12	     212.30	   0.025355	-9.7531e+92	-9.7531e+92	  0.0033678	 3.3776e-05	     0.0000	 -0.0070435	 -0.0011940	    0.51935	
4	24	 7.3262e-12	 1.9126e-11	     253.16	   0.012581	-9.7531e+92	-9.7531e+92	 0.00011532	 3.4609e-05	     0.0000	-0.00089029	 -0.0012076	  0.0064259	
5	0	 0.00022291	 0.00034670	     169.69	   0.061568	-9.7531e+92	-9.7531e+92	   0.013151	 0.00014146	     0.0000	  -0.028045	 -0.0058699	    0.55929	
5	1	 0.00087439	  0.0013599	     161.91	   0.074033	-9.7531e+92	-9.7531e+92	   0.014216	 0.00047691	     0.0000	     0.0000	  -0.018154	    0.59927	
5	2	  0.0023829	  0.0037061	     120.45	    0.23204	-9.7531e+92	-9.7531e+92	  0.0047565	  0.0013166	     0.0000	  -0.010985	  -0.054831	   0.058501	
5	3	 7.7733e-06	 1.2090e-05	     167.87	   0.064235	-9.7531e+92	-9.7531e+92	  0.0013404	 3.9557e-05	     0.0000	  -0.012923	 -0.0016360	   0.046037	
5	4	 5.3741e-05	 8.3584e-05	     147.08	    0.10778	-9.7531e+92	-9.7531e+92	  0.0026080	 6.4108e-05	     0.0000	  -0.012359	 -0.0027820	   0.041531	
5	5	     0.0000	     0.0000	     0.0000	     4.0000	-9.7531e+92	-9.7531e+92	    0.83212	     0.0000	    0.76055	     0.0000	     0.0000	     0.0000	
5	6	   0.091139	    0.14175	     72.218	     1.2908	-9.7531e+92	-9.7531e+92	   0.062129	   0.042881	     0.0000	     0.0000	    -2.0987	    0.34486	
5	7	   0.020173	   0.031376	     89.752	    0.66590	-9.7531e+92	-9.7531e+92	   0.022604	   0.010460	     0.0000	  -0.054942	   -0.47578	    0.55330	
5	8	   0.095286	    0.14820	     54.235	     2.3987	-9.7531e+92	-9.7531e+92	   0.062700	   0.035355	   0.036534	   0.039086	    -1.8907	   -0.62858	
5	9	 0.00013661	 0.00021248	     134.70	    0.15149	-9.7531e+92	-9.7531e+92	   0.047987	 0.00010198	     0.0000	 -0.0078903	 -0.0047201	     1.4896	
5	10	 5.1940e-07	 8.0782e-07	     93.726	    0.57518	-9.7531e+92	-9.7531e+92	  0.0018172	 3.2201e-05	 0.00017422	 -0.0017423	 -0.0014578	   0.010047	
5	11	 0.00079042	  0.0012293	     77.490	     1.0576	-9.7531e+92	-9.7531e+92	  0.0048292	 0.00039669	 0.00062059	 -0.0014952	  -0.018536	   0.018652	
5	12	 0.00012100	 0.00018819	     80.590	    0.94012	-9.7531e+92	-9.7531e+92	   0.010190	 8.3019e-05	  0.0051729	 -0.0049763	 -0.0038100	   0.026647	
5	13	   0.012191	   0.018961	     125.66	    0.19761	-9.7531e+92	-9.7531e+92	   0.023833	  0.0054281	     0.0000	  -0.017714	   -0.25058	    0.65047	
5	14	    0.19036	    0.29607	     108.09	    0.34690	-9.7531e+92	-9.7531e+92	    0.10262	   0.097885	     0.0000	   0.051482	    -3.6701	   -0.62513	
5	15	  0.0016395	  0.0025500	     104.94	    0.38615	-9.7531e+92	-9.7531e+92	  0.0020722	 0.00091152	     0.0000	 -0.0054957	  -0.040225	   0.038382	
5	16	 3.2407e-05	 5.0403e-05	     71.546	     1.3237	-9.7531e+92	-9.7531e+92	 0.00021316	 5.4268e-05	     0.0000	-0.00014822	 -0.0022947	 0.00063276	
5	17	 3.1132e-14	 4.8421e-14	     219.60	   0.022168	-9.7531e+92	-9.7531e+92	 0.00011901	 3.9243e-05	     0.0000	-0.00082055	 -0.0016482	  0.0023165	
5	18	   0.097979	    0.15239	     53.346	     2.4617	-9.7531e+92	-9.7531e+92	   0.077847	   0.037470	     0.0000	 -0.0045245	    -2.3084	    0.15712	
5	19	    0.41035	    0.63822	     64.874	     1.6901	-9.7531e+92	-9.7531e+92	    0.17978	    0.14736	    0.14340	    0.31778	    -8.0158	    -3.0048	
5	20	   0.073268	    0.11395	     39.691	     3.3571	-9.7531e+92	-9.7531e+92	   0.067520	   0.028938	   0.044622	   0.057195	    -1.4983	   -0.50756	
5	21	 4.6209e-06	 7.1870e-06	     132.91	    0.15951	-9.7531e+92	-9.7531e+92	  0.0061382	 3.8855e-05	     0.0000	     0.0000	 -0.0016925	    0.43161	
5	22	 2.7338e-13	 4.2518e-13	     151.89	   0.095092	-9.7531e+92	-9.7531e+92	 0.00032034	 3.7285e-05	     0.0000	 -0.0014939	 -0.0016016	  0.0051406	
5	23	  0.0029828	  0.0046391	     65.633	     1.6449	-9.7531e+92	-9.7531e+92	   0.014019	  0.0014277	     0.0000	-0.00017219	  -0.067440	    0.28455	
5	24	 2.3595e-08	 3.6697e-08	     106.34	    0.36810	-9.7531e+92	-9.7531e+92	 0.00021949	 3.5596e-05	     0.0000	-0.00020301	 -0.0015900	  0.0039779	
6	0	   0.052660	    0.14351	     105.31	    0.38136	-9.7531e+92	-9.7531e+92	   0.078235	   0.059676	     0.0000	 -0.0043708	    0.41286	   0.017608	
6	1	   0.074215	    0.20225	     96.519	    0.51972	-9.7531e+92	-9.7531e+92	   0.096096	   0.075435	     0.0000	     0.0000	    0.45039	 -0.0075417	
6	2	  0.0057279	   0.015609	     118.53	    0.24644	-9.7531e+92	-9.7531e+92	  0.0085522	  0.0078257	     0.0000	 -0.0045001	   0.051412	  0.0055354	
6	3	 4.6609e-05	 0.00012702	     180.81	   0.047921	-9.7531e+92	-9.7531e+92	  0.0017994	 0.00015515	     0.0000	  -0.012174	  0.0010692	  0.0098640	
6	4	 6.8744e-07	 1.8734e-06	     179.35	   0.049487	-9.7531e+92	-9.7531e+92	  0.0013417	 9.3961e-05	     0.0000	  -0.011893	 0.00056087	  0.0094737	
6	5	   0.055030	    0.14996	     72.218	     1.2908	-9.7531e+92	-9.7531e+92	   0.058551	   0.070517	     0.0000	   0.012099	    0.46077	  -0.021678	
6	6	     0.0000	     0.0000	     0.0000	     4.0000	-9.7531e+92	-9.7531e+92	     1.4665	     0.0000	     1.1261	     0.0000	     0.0000	     0.0000	
6	7	    0.14167	    0.38606	     34.871	     3.5904	-9.7531e+92	-9.7531e+92	    0.14192	   0.084995	     0.0000	     0.0000	     1.7899	     0.0000	
6	8	 0.00024399	 0.00066490	     109.28	    0.33318	-9.7531e+92	-9.7531e+92	  0.0063577	 0.00042853	     0.0000	  -0.021575	  0.0024417	   0.040977	
6	9	   0.094964	    0.25879	     62.827	     1.8164	-9.7531e+92	-9.7531e+92	    0.19952	   0.095829	     0.0000	 -0.0026076	    0.81539	    0.11727	
6	10	 5.2634e-14	 1.4344e-13	     153.37	   0.091543	-9.7531e+92	-9.7531e+92	 0.00025612	 0.00010133	     0.0000	 -0.0022183	 0.00046669	  0.0025116	
6	11	 1.9014e-07	 5.1815e-07	     117.04	    0.25846	-9.7531e+92	-9.7531e+92	 0.00063402	 9.5855e-05	     0.0000	 -0.0029768	 0.00051544	  0.0066791	
6	12	 4.0874e-13	 1.1139e-12	     152.49	   0.093630	-9.7531e+92	-9.7531e+92	 0.00084946	 0.00010088	     0.0000	 -0.0078466	 0.00046555	  0.0080103	
6	13	    0.14519	    0.39567	     53.773	     2.4314	-9.7531e+92	-9.7531e+92	    0.15390	    0.15835	     0.0000	   0.014836	     1.1013	  -0.092051	
6	14	    0.28983	    0.78983	     41.508	     3.2546	-9.7531e+92	-9.7531e+92	    0.26953	    0.30867	     0.0000	    0.11762	     2.1618	   -0.28463	
6	15	  0.0020238	  0.0055153	     96.746	    0.51548	-9.7531e+92	-9.7531e+92	  0.0039748	  0.0027955	     0.0000	 -0.0046765	   0.016918	  0.0079083	
6	16	 3.5532e-13	 9.6831e-13	     111.89	    0.30549	-9.7531e+92	-9.7531e+92	 0.00011345	 0.00010115	     0.0000	-0.00021835	 0.00045374	 0.00023282	
6	17	 2.2079e-13	 6.0169e-13	     251.72	   0.012870	-9.7531e+92	-9.7531e+92	 0.00012539	 0.00010375	     0.0000	-0.00077949	 0.00043316	 0.00054776	
6	18	    0.12592	    0.34315	     36.723	     3.5078	-9.7531e+92	-9.7531e+92	    0.16103	    0.14202	     0.0000	  0.0047418	    0.99827	  -0.026825	
6	19	 6.9989e-07	 1.9073e-06	     133.74	    0.15573	-9.7531e+92	-9.7531e+92	   0.012832	 9.3948e-05	     0.0000	  -0.046258	 0.00049520	   0.058128	
6	20	 0.00010254	 0.00027943	     111.59	    0.30852	-9.7531e+92	-9.7531e+92	  0.0051254	 0.00023924	     0.0000	  -0.029583	  0.0012842	   0.036261	
6	21	   0.010775	   0.029363	     78.899	     1.0025	-9.7531e+92	-9.7531e+92	   0.035603	   0.013727	     0.0000	     0.0000	   0.091292	   0.073600	
6	22	 1.1818e-14	 3.2205e-14	     216.08	   0.023641	-9.7531e+92	-9.7531e+92	 0.00017235	 0.00010260	     0.0000	 -0.0014496	 0.00044579	  0.0012112	
6	23	  0.0015962	  0.0043498	     73.330	     1.2380	-9.7531e+92	-9.7531e+92	   0.021572	  0.0020388	     0.0000	 -0.0014747	   0.015952	   0.071794	
6	24	 1.8047e-06	 4.9180e-06	     108.13	    0.34637	-9.7531e+92	-9.7531e+92	 0.00026135	 9.4282e-05	     0.0000	-0.00019579	 0.00056401	 0.00093587	
7	0	  0.0056045	  0.0097562	     80.265	    0.95180	-9.7531e+92	-9.7531e+92	   0.028212	  0.0043933	     0.0000	     0.0000	   0.068516	     0.0000	
7	1	  0.0099662	   0.017349	     75.481	     1.1413	-9.7531e+92	-9.7531e+92	   0.034738	  0.0060499	     0.0000	     0.0000	   0.080376	     0.0000	
7	2	 4.7702e-05	 8.3038e-05	     153.12	   0.092143	-9.7531e+92	-9.7531e+92	  0.0027809	 0.00010957	     0.0000	     0.0000	  0.0016049	     0.0000	
7	3	 1.5976e-09	 2.7811e-09	     215.68	   0.023812	-9.7531e+92	-9.7531e+92	 0.00063232	 6.4306e-05	     0.0000	     0.0000	 0.00095705	     0.0000	
7	4	 5.2740e-13	 9.1809e-13	     209.16	   0.026904	-9.7531e+92	-9.7531e+92	 0.00049457	 6.4977e-05	     0.0000	     0.0000	 0.00091372	     0.0000	
7	5	 0.00023031	 0.00040093	     89.752	    0.66590	-9.7531e+92	-9.7531e+92	   0.018802	 0.00028064	     0.0000	     0.0000	  0.0040206	     0.0000	
7	6	    0.85403	     1.4867	     34.871	     3.5904	-9.7531e+92	-9.7531e+92	    0.40566	    0.64452	    0.18822	     0.0000	     11.708	     0.0000	
7	7	     0.0000	     0.0000	     0.0000	     4.0000	-9.7531e+92	-9.7531e+92	    0.91344	     0.0000	    0.78580	     0.0000	     0.0000	     0.0000	
7	8	 1.1028e-05	 1.9198e-05	     109.89	    0.32644	-9.7531e+92	-9.7531e+92	  0.0022756	 7.7041e-05	     0.0000	     0.0000	  0.0010340	     0.0000	
7	9	  0.0032853	  0.0057189	     64.406	     1.7184	-9.7531e+92	-9.7531e+92	   0.068490	  0.0024505	     0.0000	     0.0000	   0.046733	     0.0000	
7	10	 4.0826e-13	 7.1068e-13	     153.29	   0.091732	-9.7531e+92	-9.7531e+92	 0.00011743	 7.1120e-05	     0.0000	     0.0000	 0.00086008	     0.0000	
7	11	 2.8727e-07	 5.0008e-07	     112.26	    0.30176	-9.7531e+92	-9.7531e+92	 0.00025887	 6.8473e-05	     0.0000	     0.0000	 0.00088680	     0.0000	
7	12	 3.2709e-13	 5.6940e-13	     158.06	   0.081372	-9.7531e+92	-9.7531e+92	 0.00030986	 7.0934e-05	     0.0000	     0.0000	 0.00085629	     0.0000	
7	13	   0.041668	   0.072535	     57.312	     2.1828	-9.7531e+92	-9.7531e+92	   0.064944	   0.032237	     0.0000	     0.0000	    0.51015	     0.0000	
7	14	   0.038612	   0.067215	     65.464	     1.6549	-9.7531e+92	-9.7531e+92	   0.097156	   0.029474	     0.0000	     0.0000	    0.48472	     0.0000	
7	15	 1.3360e-05	 2.3257e-05	     131.62	    0.16559	-9.7531e+92	-9.7531e+92	  0.0013234	 7.7452e-05	     0.0000	     0.0000	  0.0010782	     0.0000	
7	16	 1.9575e-13	 3.4077e-13	     137.28	    0.14083	-9.7531e+92	-9.7531e+92	 6.5680e-05	 7.0891e-05	     0.0000	     0.0000	 0.00085312	     0.0000	
7	17	 2.6241e-13	 4.5680e-13	     281.54	  0.0082346	-9.7531e+92	-9.7531e+92	 7.0789e-05	 7.1997e-05	     0.0000	     0.0000	 0.00084614	     0.0000	
7	18	   0.038967	   0.067832	     38.248	     3.4331	-9.7531e+92	-9.7531e+92	   0.069578	   0.032345	     0.0000	     0.0000	    0.52486	     0.0000	
7	19	 1.6579e-12	 2.8861e-12	     154.38	   0.089237	-9.7531e+92	-9.7531e+92	  0.0041666	 6.5782e-05	     0.0000	     0.0000	 0.00087113	     0.0000	
7	20	 3.0669e-07	 5.3387e-07	     126.68	    0.19164	-9.7531e+92	-9.7531e+92	  0.0017062	 6.7789e-05	     0.0000	     0.0000	 0.00087700	     0.0000	
7	21	  0.0069993	   0.012184	     44.967	     3.0407	-9.7531e+92	-9.7531e+92	   0.015807	  0.0059787	     0.0000	     0.0000	    0.10163	     0.0000	
7	22	 7.0591e-14	 1.2288e-13	     241.36	   0.015218	-9.7531e+92	-9.7531e+92	 8.8110e-05	 7.1277e-05	     0.0000	     0.0000	 0.00085252	     0.0000	
7	23	 0.00055495	 0.00096605	     58.677	     2.0891	-9.7531e+92	-9.7531e+92	  0.0093525	 0.00055700	     0.0000	     0.0000	  0.0091480	     0.0000	
7	24	 1.4851e-05	 2.5853e-05	     84.614	    0.80724	-9.7531e+92	-9.7531e+92	 0.00013759	 7.7589e-05	     0.0000	     0.0000	  0.0011776	     0.0000	
8	0	  0.0017990	  0.0016656	     172.11	   0.058221	-9.7531e+92	-9.7531e+92	  0.0094970	 0.00043814	     0.0000	  -0.035806	  -0.041963	     1.0922	
8	1	 0.00031421	 0.00029091	     184.58	   0.044171	-9.7531e+92	-9.7531e+92	  0.0077864	 9.0965e-05	     0.0000	     0.0000	 -0.0083648	     1.2136	
8	2	 1.1177e-05	 1.0348e-05	     174.51	   0.055125	-9.7531e+92	-9.7531e+92	 0.00096948	 1.8792e-05	     0.0000	  -0.020187	 -0.0019309	    0.16229	
8	3	 2.3645e-14	 2.1892e-14	     221.29	   0.021502	-9.7531e+92	-9.7531e+92	 0.00029521	 1.5703e-05	     0.0000	  -0.016952	 -0.0016319	   0.091312	
8	4	 1.1327e-08	 1.0487e-08	     186.41	   0.042479	-9.7531e+92	-9.7531e+92	 0.00050440	 1.5619e-05	     0.0000	  -0.016399	 -0.0016931	   0.082955	
8	5	    0.32438	    0.30033	     54.235	     2.3987	-9.7531e+92	-9.7531e+92	   0.098512	   0.057543	   0.055905	    0.30460	    -8.0509	    -5.5298	
8	6	   0.027536	   0.025494	     109.28	    0.33318	-9.7531e+92	-9.7531e+92	   0.025616	  0.0063147	     0.0000	     0.0000	   -0.69801	     1.9552	
8	7	  0.0029176	  0.0027012	     109.89	    0.32644	-9.7531e+92	-9.7531e+92	   0.010432	 0.00071587	     0.0000	  -0.095287	  -0.077053	     1.4413	
8	8	     0.0000	     0.0000	     0.0000	     4.0000	-9.7531e+92	-9.7531e+92	    0.48500	     0.0000	    0.46943	     0.0000	     0.0000	     0.0000	
8	9	 1.7401e-06	 1.6111e-06	     171.65	   0.058843	-9.7531e+92	-9.7531e+92	   0.013989	 1.5760e-05	     0.0000	  -0.010343	 -0.0017448	     2.9377	
8	10	   0.030624	   0.028353	     44.054	     3.0993	-9.7531e+92	-9.7531e+92	  0.0083542	  0.0043550	  0.0073762	   0.026896	   -0.56515	   -0.40742	
8	11	    0.13527	    0.12524	     32.525	     3.6821	-9.7531e+92	-9.7531e+92	   0.033405	   0.023324	   0.030899	   0.056124	    -2.8833	    -2.2047	
8	12	   0.021534	   0.019937	     55.069	     2.3397	-9.7531e+92	-9.7531e+92	  0.0077984	  0.0040337	  0.0048119	   0.038101	   -0.50409	   -0.34289	
8	13	  0.0065847	  0.0060963	     162.59	   0.072826	-9.7531e+92	-9.7531e+92	   0.013548	  0.0015042	     0.0000	  -0.028557	   -0.14655	     1.4056	
8	14	  0.0081145	  0.0075127	     146.54	    0.10935	-9.7531e+92	-9.7531e+92	   0.024362	  0.0019227	     0.0000	   -0.10614	   -0.18123	     1.9738	
8	15	 1.7210e-07	 1.5934e-07	     159.01	   0.079481	-9.7531e+92	-9.7531e+92	 0.00045379	 1.6275e-05	     0.0000	  -0.010398	 -0.0017306	    0.10906	
8	16	 3.5062e-13	 3.2462e-13	     112.87	    0.29583	-9.7531e+92	-9.7531e+92	 5.7576e-05	 1.6813e-05	     0.0000	-0.00030102	 -0.0017681	  0.0019231	
8	17	 1.5236e-13	 1.4106e-13	     258.50	   0.011577	-9.7531e+92	-9.7531e+92	 4.3870e-05	 1.7098e-05	     0.0000	 -0.0010746	 -0.0017752	  0.0045418	
8	18	    0.23461	    0.21721	     75.421	     1.1439	-9.7531e+92	-9.7531e+92	   0.082485	   0.049500	     0.0000	   0.062569	    -5.8478	    -2.3743	
8	19	   0.018944	   0.017539	     80.536	    0.94205	-9.7531e+92	-9.7531e+92	   0.029477	  0.0032687	  0.0078178	 -0.0068332	   -0.45810	   0.085497	
8	20	   0.091719	   0.084917	     51.987	     2.5582	-9.7531e+92	-9.7531e+92	   0.033286	   0.011896	   0.019656	   0.062195	    -1.9094	    -1.2351	
8	21	 6.8729e-05	 6.3632e-05	     132.38	    0.16196	-9.7531e+92	-9.7531e+92	  0.0046365	 3.3447e-05	     0.0000	     0.0000	 -0.0035109	    0.84734	
8	22	 1.2467e-13	 1.1542e-13	     168.70	   0.062994	-9.7531e+92	-9.7531e+92	 7.9328e-05	 1.6227e-05	     0.0000	 -0.0019719	 -0.0017461	   0.010083	
8	23	   0.094070	   0.087094	     54.810	     2.3580	-9.7531e+92	-9.7531e+92	   0.034346	   0.021645	  0.0062384	  0.0039474	    -2.4212	    -1.3299	
8	24	  0.0014997	  0.0013885	     77.960	     1.0389	-9.7531e+92	-9.7531e+92	 0.00080800	 0.00038399	 0.00040302	 0.00080799	  -0.041073	  -0.023697	
9	0	    0.13069	    0.31365	     86.890	    0.74099	-9.7531e+92	-9.7531e+92	    0.11771	    0.22385	     0.0000	   0.097636	     5.2980	    0.70410	
9	1	    0.24372	    0.58492	     55.376	     2.3181	-9.7531e+92	-9.7531e+92	    0.18047	    0.40389	   0.013635	     0.0000	     9.7706	     1.8210	
9	2	  0.0045339	   0.010881	     133.64	    0.15619	-9.7531e+92	-9.7531e+92	  0.0062971	  0.0089654	     0.0000	  -0.022461	    0.20218	  -0.037533	
9	3	 6.0447e-05	 0.00014507	     191.41	   0.038254	-9.7531e+92	-9.7531e+92	  0.0013676	 0.00026427	     0.0000	  -0.041193	  0.0056765	  -0.046908	
9	4	 1.4592e-11	 3.5021e-11	     223.28	   0.020749	-9.7531e+92	-9.7531e+92	 0.00095841	 0.00014270	     0.0000	  -0.040368	  0.0029278	  -0.041208	
9	5	 0.00047288	  0.0011349	     134.70	    0.15149	-9.7531e+92	-9.7531e+92	   0.014625	  0.0011208	     0.0000	   -0.20790	   0.023507	   -0.45115	
9	6	    0.16357	    0.39257	     62.827	     1.8164	-9.7531e+92	-9.7531e+92	    0.18132	    0.27080	     0.0000	     0.0000	     7.1756	    0.38479	
9	7	    0.12335	    0.29604	     64.406	     1.7184	-9.7531e+92	-9.7531e+92	    0.12327	    0.25093	     0.0000	    0.16635	     5.4062	    0.49555	
9	8	 7.2792e-12	 1.7470e-11	     171.65	   0.058843	-9.7531e+92	-9.7531e+92	  0.0021817	 0.00015417	     0.0000	  -0.074300	  0.0028523	   -0.16541	
9	9	     0.0000	     0.0000	     0.0000	     4.0000	-9.7531e+92	-9.7531e+92	     1.3047	     0.0000	    0.95583	     0.0000	     0.0000	     0.0000	
9	10	 1.1044e-11	 2.6504e-11	     215.04	   0.024096	-9.7531e+92	-9.7531e+92	 0.00013612	 0.00016625	     0.0000	 -0.0075280	  0.0028059	 -0.0097304	
9	11	 8.9948e-12	 2.1587e-11	     175.31	   0.054135	-9.7531e+92	-9.7531e+92	 0.00028235	 0.00015982	     0.0000	  -0.010103	  0.0028328	  -0.025962	
9	12	 1.0925e-11	 2.6219e-11	     214.99	   0.024120	-9.7531e+92	-9.7531e+92	 0.00028783	 0.00016483	     0.0000	  -0.026629	  0.0028075	  -0.031064	
9	13	    0.14929	    0.35829	     9.0540	     3.9979	-9.7531e+92	-9.7531e+92	    0.14796	    0.26055	     0.0000	   0.053912	     6.2646	    0.64903	
9	14	    0.15442	    0.37060	     38.749	     3.4073	-9.7531e+92	-9.7531e+92	    0.16534	    0.10568	     0.0000	     0.0000	     3.0046	     0.0000	
9	15	  0.0019546	  0.0046910	     117.55	    0.25424	-9.7531e+92	-9.7531e+92	  0.0031377	  0.0040206	     0.0000	  -0.016203	   0.088789	  -0.033422	
9	16	 7.4385e-12	 1.7852e-11	     159.83	   0.077890	-9.7531e+92	-9.7531e+92	 9.1672e-05	 0.00015476	     0.0000	-0.00074100	  0.0028591	-0.00089446	
9	17	 1.5249e-11	 3.6598e-11	     293.28	  0.0069951	-9.7531e+92	-9.7531e+92	 0.00010469	 0.00016295	     0.0000	 -0.0026453	  0.0028152	 -0.0021221	
9	18	   0.018836	   0.045205	     96.665	    0.51699	-9.7531e+92	-9.7531e+92	   0.090671	   0.037140	     0.0000	   -0.12325	    0.83186	   -0.95397	
9	19	 3.2993e-12	 7.9182e-12	     193.08	   0.036956	-9.7531e+92	-9.7531e+92	  0.0033023	 0.00015184	     0.0000	   -0.15699	  0.0028389	   -0.23010	
9	20	 6.0671e-12	 1.4561e-11	     174.09	   0.055651	-9.7531e+92	-9.7531e+92	  0.0014105	 0.00015660	     0.0000	   -0.10110	  0.0028377	   -0.14457	
9	21	  0.0089909	   0.021578	     83.320	    0.84769	-9.7531e+92	-9.7531e+92	   0.041894	   0.013860	     0.0000	     0.0000	    0.41940	   -0.32062	
9	22	 1.6081e-11	 3.8594e-11	     266.14	   0.010307	-9.7531e+92	-9.7531e+92	 0.00013425	 0.00016171	     0.0000	 -0.0049196	  0.0028240	 -0.0047334	
9	23	 0.00010892	 0.00026142	     121.73	    0.22293	-9.7531e+92	-9.7531e+92	   0.011857	 0.00038435	     0.0000	 -0.0052635	  0.0076078	   -0.29753	
9	24	 1.5596e-11	 3.7431e-11	     149.07	    0.10229	-9.7531e+92	-9.7531e+92	 0.00018405	 0.00015524	     0.0000	-0.00066769	  0.0028590	 -0.0036456	
10	0	 0.00010544	 4.2741e-05	     210.64	   0.026161	-9.7531e+92	-9.7531e+92	  0.0023569	 3.2698e-06	     0.0000	 -0.0036387	-0.00040417	    0.13078	
10	1	 0.00028093	 0.00011388	     228.04	   0.019080	-9.7531e+92	-9.7531e+92	  0.0019854	 6.6316e-06	     0.0000	     0.0000	-0.00080032	    0.14159	
10	2	 1.7618e-11	 7.1413e-12	     213.20	   0.024934	-9.7531e+92	-9.7531e+92	 0.00029318	 1.2677e-06	     0.0000	 -0.0019989	-0.00017203	   0.018853	
10	3	 2.3420e-11	 9.4931e-12	     258.79	   0.011525	-9.7531e+92	-9.7531e+92	 9.9775e-05	 1.2317e-06	     0.0000	 -0.0016763	-0.00016993	   0.010599	
10	4	 1.1618e-11	 4.7094e-12	     204.61	   0.029363	-9.7531e+92	-9.7531e+92	 0.00018270	 1.2255e-06	     0.0000	 -0.0016216	-0.00017574	  0.0096151	
10	5	   0.051554	   0.020897	     93.726	    0.57518	-9.7531e+92	-9.7531e+92	   0.022866	 0.00087281	  0.0042119	 0.00089807	   -0.13710	  -0.013112	
10	6	  0.0011058	 0.00044825	     153.37	   0.091543	-9.7531e+92	-9.7531e+92	  0.0058256	 2.1545e-05	     0.0000	     0.0000	 -0.0030791	    0.28807	
10	7	 0.00016252	 6.5876e-05	     153.29	   0.091732	-9.7531e+92	-9.7531e+92	  0.0024866	 4.3697e-06	     0.0000	 -0.0097909	-0.00061400	    0.17347	
10	8	    0.49286	    0.19978	     44.054	     3.0993	-9.7531e+92	-9.7531e+92	   0.059453	  0.0068071	   0.052634	   0.051467	    -1.1472	   -0.97904	
10	9	 6.0132e-12	 2.4374e-12	     215.04	   0.024096	-9.7531e+92	-9.7531e+92	  0.0035382	 1.2192e-06	     0.0000	 -0.0010228	-0.00017649	    0.34045	
10	10	     0.0000	     0.0000	     0.0000	     4.0000	-9.7531e+92	-9.7531e+92	    0.20464	     0.0000	    0.20422	     0.0000	     0.0000	     0.0000	
10	11	    0.10418	   0.042229	     46.926	     2.9109	-9.7531e+92	-9.7531e+92	   0.014808	  0.0016907	   0.013711	  0.0097452	   -0.23812	   -0.20520	
10	12	    0.14270	   0.057843	     46.012	     2.9721	-9.7531e+92	-9.7531e+92	   0.016068	  0.0016300	   0.014761	   0.019848	   -0.17416	   -0.13359	
10	13	  0.0020437	 0.00082842	     205.99	   0.028587	-9.7531e+92	-9.7531e+92	  0.0034423	 3.9438e-05	     0.0000	 -0.0029826	 -0.0048359	    0.17318	
10	14	  0.0042453	  0.0017208	     190.48	   0.038997	-9.7531e+92	-9.7531e+92	  0.0062110	 8.0057e-05	     0.0000	  -0.010860	  -0.010023	    0.23805	
10	15	 3.9275e-11	 1.5920e-11	     197.67	   0.033672	-9.7531e+92	-9.7531e+92	 0.00013493	 1.2845e-06	     0.0000	 -0.0010282	-0.00017899	   0.012631	
10	16	 8.8953e-12	 3.6057e-12	     147.94	    0.10538	-9.7531e+92	-9.7531e+92	 2.2841e-05	 1.3362e-06	     0.0000	-2.9766e-05	-0.00018367	 0.00022248	
10	17	 1.0222e-12	 4.1435e-13	     270.72	  0.0096279	-9.7531e+92	-9.7531e+92	 1.8226e-05	 1.3388e-06	     0.0000	-0.00010626	-0.00018358	 0.00052548	
10	18	   0.061091	   0.024763	     118.82	    0.24422	-9.7531e+92	-9.7531e+92	   0.021484	  0.0011036	     0.0000	 -0.0027393	   -0.15744	    0.11939	
10	19	  0.0084044	  0.0034067	     85.643	    0.77653	-9.7531e+92	-9.7531e+92	   0.010370	 0.00013578	 0.00088727	 -0.0032747	  -0.022039	   0.034898	
10	20	    0.11267	   0.045669	     74.457	     1.1864	-9.7531e+92	-9.7531e+92	   0.019688	  0.0017800	   0.013720	   0.019904	   -0.28944	   -0.22519	
10	21	 7.1410e-12	 2.8946e-12	     171.26	   0.059366	-9.7531e+92	-9.7531e+92	  0.0011780	 1.3067e-06	     0.0000	     0.0000	-0.00017938	   0.098292	
10	22	 9.9110e-11	 4.0174e-11	     176.66	   0.052524	-9.7531e+92	-9.7531e+92	 3.0887e-05	 1.3002e-06	     0.0000	-0.00019660	-0.00018196	  0.0011668	
10	23	   0.018535	  0.0075133	     95.614	    0.53700	-9.7531e+92	-9.7531e+92	  0.0078950	 0.00035737	     0.0000	-8.2083e-05	  -0.050550	   0.028520	
10	24	 6.6587e-05	 2.6991e-05	     102.71	    0.41717	-9.7531e+92	-9.7531e+92	 0.00022442	 2.6467e-06	 4.7111e-05	-2.1611e-05	-0.00036459	 0.00074065	
11	0	  0.0039559	  0.0018594	     167.10	   0.065400	-9.7531e+92	-9.7531e+92	  0.0062320	 0.00017968	     0.0000	 -0.0075838	  -0.018642	    0.22616	
11	1	  0.0042304	  0.0019884	     185.20	   0.043588	-9.7531e+92	-9.7531e+92	  0.0050932	 0.00019365	     0.0000	     0.0000	  -0.019491	    0.24577	
11	2	 2.5415e-06	 1.1946e-06	     197.83	   0.033565	-9.7531e+92	-9.7531e+92	 0.00036301	 3.1189e-06	     0.0000	 -0.0044368	-0.00035383	   0.034863	
11	3	 2.4020e-12	 1.1290e-12	     244.71	   0.014404	-9.7531e+92	-9.7531e+92	 0.00011026	 2.9231e-06	     0.0000	 -0.0037217	-0.00033646	   0.019596	
11	4	 1.8258e-12	 8.5815e-13	     218.09	   0.022784	-9.7531e+92	-9.7531e+92	 0.00015377	 2.9093e-06	     0.0000	 -0.0036003	-0.00034860	   0.017801	
11	5	   0.096193	   0.045212	     77.490	     1.0576	-9.7531e+92	-9.7531e+92	   0.027189	  0.0037897	  0.0055587	   0.017811	   -0.50546	   -0.22042	
11	6	   0.022929	   0.010777	     117.04	    0.25846	-9.7531e+92	-9.7531e+92	   0.012739	 0.00099704	     0.0000	     0.0000	   -0.11976	    0.43939	
11	7	  0.0017777	 0.00083557	     112.26	    0.30176	-9.7531e+92	-9.7531e+92	  0.0056895	 8.3086e-05	     0.0000	  -0.021259	 -0.0098051	    0.31429	
11	8	    0.34120	    0.16037	     32.525	     3.6821	-9.7531e+92	-9.7531e+92	   0.045587	  0.0082726	   0.037680	   0.040700	    -1.3066	   -0.97228	
11	9	 2.7390e-06	 1.2874e-06	     175.31	   0.054135	-9.7531e+92	-9.7531e+92	  0.0072090	 3.0003e-06	     0.0000	 -0.0022707	-0.00036451	    0.63038	
11	10	   0.026747	   0.012572	     46.926	     2.9109	-9.7531e+92	-9.7531e+92	  0.0039797	 0.00080051	  0.0034832	  0.0061100	  -0.091491	  -0.067000	
11	11	     0.0000	     0.0000	     0.0000	     4.0000	-9.7531e+92	-9.7531e+92	    0.23841	     0.0000	    0.23714	     0.0000	     0.0000	     0.0000	
11	12	 0.00083412	 0.00039205	     77.218	     1.0686	-9.7531e+92	-9.7531e+92	  0.0013503	 3.6048e-05	     0.0000	 -0.0013855	 -0.0044852	  0.0097107	
11	13	  0.0051902	  0.0024395	     166.60	   0.066184	-9.7531e+92	-9.7531e+92	  0.0076485	 0.00022978	     0.0000	 -0.0063779	  -0.023793	    0.30692	
11	14	   0.011224	  0.0052757	     157.91	   0.081669	-9.7531e+92	-9.7531e+92	   0.011505	 0.00049680	     0.0000	  -0.022652	  -0.051720	    0.41185	
11	15	 1.6937e-11	 7.9609e-12	     182.32	   0.046370	-9.7531e+92	-9.7531e+92	 0.00018618	 3.0392e-06	     0.0000	 -0.0022829	-0.00035535	   0.023402	
11	16	 1.2407e-12	 5.8316e-13	     142.85	    0.12075	-9.7531e+92	-9.7531e+92	 2.2393e-05	 3.1657e-06	     0.0000	-6.6088e-05	-0.00036523	 0.00041264	
11	17	 3.6794e-12	 1.7294e-12	     290.18	  0.0072979	-9.7531e+92	-9.7531e+92	 1.9638e-05	 3.1751e-06	     0.0000	-0.00023593	-0.00036501	 0.00097453	
11	18	    0.37623	    0.17684	     81.269	    0.91620	-9.7531e+92	-9.7531e+92	   0.058680	   0.015721	  0.0053666	   0.030429	    -1.9233	    -1.1056	
11	19	 0.00024246	 0.00011396	     108.78	    0.33886	-9.7531e+92	-9.7531e+92	  0.0070777	 1.1997e-05	     0.0000	  -0.011781	 -0.0016226	    0.10220	
11	20	   0.024147	   0.011350	     83.734	    0.83452	-9.7531e+92	-9.7531e+92	  0.0077052	 0.00085656	 0.00078536	  0.0036172	   -0.12158	  -0.039696	
11	21	 6.0977e-05	 2.8660e-05	     128.65	    0.18069	-9.7531e+92	-9.7531e+92	  0.0030526	 5.9068e-06	     0.0000	     0.0000	-0.00068133	    0.18185	
11	22	 2.1673e-12	 1.0187e-12	     200.45	   0.031856	-9.7531e+92	-9.7531e+92	 2.9172e-05	 3.0896e-06	     0.0000	-0.00043758	-0.00036204	  0.0021635	
11	23	   0.067358	   0.031659	     53.605	     2.4433	-9.7531e+92	-9.7531e+92	   0.017714	  0.0029951	  0.0034443	 0.00056524	   -0.35915	   -0.16574	
11	24	   0.017669	  0.0083048	     56.094	     2.2676	-9.7531e+92	-9.7531e+92	  0.0022243	 0.00077166	  0.0020187	  0.0022638	  -0.086524	  -0.070354	
12	0	 0.00021714	 9.2274e-05	     226.76	   0.019512	-9.7531e+92	-9.7531e+92	  0.0018061	 1.2526e-05	     0.0000	 -0.0076540	 -0.0012201	    0.21458	
12	1	 8.6586e-05	 3.6795e-05	     231.78	   0.017881	-9.7531e+92	-9.7531e+92	  0.0016450	 6.8156e-06	     0.0000	     0.0000	-0.00064506	    0.23313	
12	2	 0.00027252	 0.00011581	     181.48	   0.047226	-9.7531e+92	-9.7531e+92	 0.00072516	 1.5013e-05	     0.0000	 -0.0040733	 -0.0016096	   0.030133	
12	3	 4.1761e-12	 1.7746e-12	     227.10	   0.019395	-9.7531e+92	-9.7531e+92	 0.00024694	 2.8695e-06	     0.0000	 -0.0035323	-0.00031266	   0.017506	
12	4	 0.00046278	 0.00019666	     165.11	   0.068567	-9.7531e+92	-9.7531e+92	 0.00060979	 2.2546e-05	     0.0000	 -0.0030340	 -0.0025695	   0.014126	
12	5	    0.16614	   0.070602	     80.590	    0.94012	-9.7531e+92	-9.7531e+92	   0.034710	  0.0056737	   0.015153	   0.028298	   -0.79397	   -0.46157	
12	6	  0.0053464	  0.0022719	     152.49	   0.093630	-9.7531e+92	-9.7531e+92	  0.0058782	 0.00023001	     0.0000	     0.0000	  -0.026203	    0.46031	
12	7	 3.1593e-05	 1.3426e-05	     158.06	   0.081372	-9.7531e+92	-9.7531e+92	  0.0021095	 4.3535e-06	     0.0000	  -0.020669	-0.00048610	    0.28782	
12	8	   0.081363	   0.034575	     55.069	     2.3397	-9.7531e+92	-9.7531e+92	   0.025036	  0.0030311	   0.017887	   0.018748	   -0.37972	   -0.24288	
12	9	 4.1407e-12	 1.7596e-12	     214.99	   0.024120	-9.7531e+92	-9.7531e+92	  0.0037735	 2.8394e-06	     0.0000	 -0.0021552	-0.00032549	    0.56346	
12	10	    0.10283	   0.043697	     46.012	     2.9721	-9.7531e+92	-9.7531e+92	   0.011632	  0.0032455	   0.011183	   0.035394	   -0.29358	   -0.20137	
12	11	   0.012811	  0.0054440	     77.218	     1.0686	-9.7531e+92	-9.7531e+92	  0.0037243	 0.00055411	  0.0025745	  0.0030081	  -0.063413	  -0.040931	
12	12	     0.0000	     0.0000	     0.0000	     4.0000	-9.7531e+92	-9.7531e+92	    0.21624	     0.0000	    0.21487	     0.0000	     0.0000	     0.0000	
12	13	  0.0039730	  0.0016883	     205.94	   0.028617	-9.7531e+92	-9.7531e+92	  0.0032264	 0.00017463	     0.0000	 -0.0061430	  -0.016942	    0.27779	
12	14	  0.0056187	  0.0023877	     188.63	   0.040536	-9.7531e+92	-9.7531e+92	  0.0071957	 0.00024646	     0.0000	  -0.022612	  -0.024158	    0.38643	
12	15	 8.7474e-07	 3.7172e-07	     166.81	   0.065853	-9.7531e+92	-9.7531e+92	 0.00025695	 3.0271e-06	     0.0000	 -0.0021663	-0.00033467	   0.020918	
12	16	 3.2282e-12	 1.3718e-12	     115.95	    0.26758	-9.7531e+92	-9.7531e+92	 4.8516e-05	 3.0683e-06	     0.0000	-6.2724e-05	-0.00033648	 0.00036904	
12	17	 5.7230e-13	 2.4320e-13	     225.22	   0.020047	-9.7531e+92	-9.7531e+92	 2.9871e-05	 3.1160e-06	     0.0000	-0.00022392	-0.00033921	 0.00087152	
12	18	   0.037961	   0.016131	     120.73	    0.22996	-9.7531e+92	-9.7531e+92	   0.015850	  0.0015674	     0.0000	 -0.0082007	   -0.18051	    0.28427	
12	19	    0.26337	    0.11192	     44.530	     3.0689	-9.7531e+92	-9.7531e+92	   0.040706	  0.0071143	   0.030765	   0.061343	    -1.0025	   -0.69795	
12	20	    0.31851	    0.13535	     45.010	     3.0379	-9.7531e+92	-9.7531e+92	   0.044839	   0.010468	   0.038582	    0.11046	    -1.3863	    -1.0495	
12	21	 7.7951e-12	 3.3125e-12	     187.39	   0.041605	-9.7531e+92	-9.7531e+92	 0.00092351	 3.0438e-06	     0.0000	     0.0000	-0.00033115	    0.16282	
12	22	 1.4455e-11	 6.1425e-12	     131.16	    0.16782	-9.7531e+92	-9.7531e+92	 7.6017e-05	 2.9190e-06	     0.0000	-0.00040499	-0.00032964	  0.0019348	
12	23	 0.00099762	 0.00042394	     109.85	    0.32696	-9.7531e+92	-9.7531e+92	  0.0035361	 4.7200e-05	     0.0000	-0.00039598	 -0.0053366	    0.11751	
12	24	 5.2353e-13	 2.2247e-13	     132.31	    0.16230	-9.7531e+92	-9.7531e+92	 8.3161e-05	 3.0911e-06	     0.0000	-5.6518e-05	-0.00033840	  0.0014967	
13	0	   0.050391	    0.46020	     86.013	    0.76580	-9.7531e+92	-9.7531e+92	    0.27774	   0.051014	     0.0000	     0.0000	    0.71036	     0.0000	
13	1	   0.033841	    0.30906	     57.043	     2.2015	-9.7531e+92	-9.7531e+92	    0.24020	   0.025339	     0.0000	     0.0000	    0.25798	     0.0000	
13	2	  0.0045595	   0.041640	     127.66	    0.18612	-9.7531e+92	-9.7531e+92	   0.023140	  0.0047401	     0.0000	     0.0000	   0.065678	     0.0000	
13	3	 2.4026e-05	 0.00021942	     188.65	   0.040519	-9.7531e+92	-9.7531e+92	  0.0054310	 9.9107e-05	     0.0000	     0.0000	  0.0013582	     0.0000	
13	4	 3.2995e-13	 3.0133e-12	     217.30	   0.023117	-9.7531e+92	-9.7531e+92	  0.0038975	 7.6299e-05	     0.0000	     0.0000	 0.00099146	     0.0000	
13	5	  0.0012470	   0.011388	     125.66	    0.19761	-9.7531e+92	-9.7531e+92	    0.13934	  0.0015795	     0.0000	     0.0000	   0.018957	     0.0000	
13	6	   0.054973	    0.50204	     53.773	     2.4314	-9.7531e+92	-9.7531e+92	    0.40707	   0.053709	     0.0000	     0.0000	    0.80302	     0.0000	
13	7	   0.053992	    0.49308	     57.312	     2.1828	-9.7531e+92	-9.7531e+92	    0.28474	   0.060110	     0.0000	     0.0000	    0.80285	     0.0000	
13	8	 1.3180e-11	 1.2037e-10	     162.59	   0.072826	-9.7531e+92	-9.7531e+92	   0.023892	 8.3512e-05	     0.0000	     0.0000	 0.00094445	     0.0000	
13	9	   0.054516	    0.49786	     9.0540	     3.9979	-9.7531e+92	-9.7531e+92	    0.50715	   0.050544	     0.0000	     0.0000	    0.80647	     0.0000	
13	10	 2.6843e-12	 2.4515e-11	     205.99	   0.028587	-9.7531e+92	-9.7531e+92	 0.00085884	 8.9851e-05	     0.0000	     0.0000	 0.00090990	     0.0000	
13	11	 1.5023e-12	 1.3720e-11	     166.60	   0.066184	-9.7531e+92	-9.7531e+92	  0.0025683	 8.5978e-05	     0.0000	     0.0000	 0.00093638	     0.0000	
13	12	 4.0957e-12	 3.7404e-11	     205.94	   0.028617	-9.7531e+92	-9.7531e+92	  0.0022504	 8.9519e-05	     0.0000	     0.0000	 0.00090782	     0.0000	
13	13	     0.0000	     0.0000	     0.0000	     4.0000	-9.7531e+92	-9.7531e+92	     4.7688	     0.0000	     3.9718	     0.0000	     0.0000	     0.0000	
13	14	    0.18404	     1.6808	     32.765	     3.6733	-9.7531e+92	-9.7531e+92	    0.66464	    0.17715	     0.0000	     0.0000	     2.5757	     0.0000	
13	15	  0.0037576	   0.034317	     111.52	    0.30921	-9.7531e+92	-9.7531e+92	   0.015618	  0.0040380	     0.0000	     0.0000	   0.058196	     0.0000	
13	16	 2.8321e-12	 2.5864e-11	     153.85	   0.090443	-9.7531e+92	-9.7531e+92	 0.00036709	 8.5284e-05	     0.0000	     0.0000	 0.00094459	     0.0000	
13	17	 1.5728e-13	 1.4364e-12	     287.27	  0.0075975	-9.7531e+92	-9.7531e+92	 0.00040482	 8.7046e-05	     0.0000	     0.0000	 0.00092359	     0.0000	
13	18	    0.48647	     4.4427	     87.611	    0.72124	-9.7531e+92	-9.7531e+92	     1.2941	    0.50401	    0.25818	     0.0000	     7.0221	     0.0000	
13	19	 5.9146e-13	 5.4015e-12	     184.51	   0.044238	-9.7531e+92	-9.7531e+92	   0.030843	 8.2686e-05	     0.0000	     0.0000	 0.00093099	     0.0000	
13	20	 8.0056e-12	 7.3111e-11	     165.04	   0.068678	-9.7531e+92	-9.7531e+92	   0.012974	 8.5089e-05	     0.0000	     0.0000	 0.00093075	     0.0000	
13	21	   0.071965	    0.65722	     76.619	     1.0932	-9.7531e+92	-9.7531e+92	    0.26231	   0.080549	     0.0000	     0.0000	     1.0748	     0.0000	
13	22	 1.5865e-12	 1.4489e-11	     260.15	   0.011286	-9.7531e+92	-9.7531e+92	 0.00053727	 8.7034e-05	     0.0000	     0.0000	 0.00092431	     0.0000	
13	23	 0.00022326	  0.0020390	     113.01	    0.29441	-9.7531e+92	-9.7531e+92	    0.16119	 0.00032839	     0.0000	     0.0000	  0.0045000	     0.0000	
13	24	 1.9827e-12	 1.8107e-11	     142.21	    0.12286	-9.7531e+92	-9.7531e+92	  0.0015806	 7.8262e-05	     0.0000	     0.0000	  0.0010516	     0.0000	
14	0	   0.030179	    0.25316	     114.85	    0.27729	-9.7531e+92	-9.7531e+92	    0.25151	   0.041528	     0.0000	     0.0000	    0.43958	     0.0000	
14	1	   0.023623	    0.19817	     88.839	    0.68891	-9.7531e+92	-9.7531e+92	    0.32352	   0.029808	     0.0000	     0.0000	    0.30844	     0.0000	
14	2	   0.016015	    0.13434	     97.273	    0.50580	-9.7531e+92	-9.7531e+92	   0.047213	   0.019719	     0.0000	     0.0000	    0.20879	     0.0000	
14	3	 0.00010160	 0.00085228	     161.01	   0.075671	-9.7531e+92	-9.7531e+92	  0.0090985	 0.00022996	     0.0000	     0.0000	  0.0023720	     0.0000	
14	4	 9.4085e-07	 7.8926e-06	     184.55	   0.044193	-9.7531e+92	-9.7531e+92	  0.0061526	 9.7273e-05	     0.0000	     0.0000	 0.00096197	     0.0000	
14	5	 0.00021842	  0.0018323	     108.09	    0.34690	-9.7531e+92	-9.7531e+92	   0.037504	 0.00040467	     0.0000	     0.0000	  0.0041507	     0.0000	
14	6	   0.037372	    0.31351	     41.508	     3.2546	-9.7531e+92	-9.7531e+92	    0.38698	   0.043549	     0.0000	     0.0000	    0.51686	     0.0000	
14	7	   0.024386	    0.20457	     65.464	     1.6549	-9.7531e+92	-9.7531e+92	    0.25326	   0.034703	     0.0000	     0.0000	    0.34981	     0.0000	
14	8	 9.4074e-09	 7.8917e-08	     146.54	    0.10935	-9.7531e+92	-9.7531e+92	  0.0059296	 0.00010921	     0.0000	     0.0000	 0.00089512	     0.0000	
14	9	    0.79481	     6.6675	     38.749	     3.4073	-9.7531e+92	-9.7531e+92	     1.8583	     1.0000	    0.63875	     0.0000	     11.275	     0.0000	
14	10	 1.0189e-13	 8.5475e-13	     190.48	   0.038997	-9.7531e+92	-9.7531e+92	 0.00043519	 0.00011909	     0.0000	     0.0000	 0.00084166	     0.0000	
14	11	 1.6315e-13	 1.3687e-12	     157.91	   0.081669	-9.7531e+92	-9.7531e+92	 0.00083526	 0.00011381	     0.0000	     0.0000	 0.00087367	     0.0000	
14	12	 9.8249e-14	 8.2419e-13	     188.63	   0.040536	-9.7531e+92	-9.7531e+92	 0.00083103	 0.00011782	     0.0000	     0.0000	 0.00084784	     0.0000	
14	13	   0.035900	    0.30116	     32.765	     3.6733	-9.7531e+92	-9.7531e+92	    0.31976	   0.041358	     0.0000	     0.0000	    0.36455	     0.0000	
14	14	     0.0000	     0.0000	     0.0000	     4.0000	-9.7531e+92	-9.7531e+92	     4.4820	     0.0000	     3.4802	     0.0000	     0.0000	     0.0000	
14	15	  0.0038757	   0.032513	     78.991	    0.99899	-9.7531e+92	-9.7531e+92	   0.018749	  0.0052017	     0.0000	     0.0000	   0.058361	     0.0000	
14	16	 5.3054e-14	 4.4506e-13	     121.20	    0.22662	-9.7531e+92	-9.7531e+92	 0.00034574	 0.00010578	     0.0000	     0.0000	 0.00097038	     0.0000	
14	17	 1.3626e-15	 1.1431e-14	     254.84	   0.012253	-9.7531e+92	-9.7531e+92	 0.00043786	 0.00011316	     0.0000	     0.0000	 0.00087046	     0.0000	
14	18	   0.032642	    0.27382	     78.249	     1.0276	-9.7531e+92	-9.7531e+92	    0.25310	   0.044958	     0.0000	     0.0000	    0.45812	     0.0000	
14	19	 1.0487e-13	 8.7971e-13	     166.55	   0.066257	-9.7531e+92	-9.7531e+92	  0.0086023	 0.00010757	     0.0000	     0.0000	 0.00088376	     0.0000	
14	20	 2.0252e-13	 1.6989e-12	     147.73	    0.10597	-9.7531e+92	-9.7531e+92	  0.0037616	 0.00011136	     0.0000	     0.0000	 0.00087897	     0.0000	
14	21	 0.00085766	  0.0071947	     101.18	    0.44014	-9.7531e+92	-9.7531e+92	   0.085765	  0.0013331	     0.0000	     0.0000	   0.013392	     0.0000	
14	22	 8.6835e-14	 7.2844e-13	     227.39	   0.019298	-9.7531e+92	-9.7531e+92	 0.00061448	 0.00011287	     0.0000	     0.0000	 0.00087744	     0.0000	
14	23	 1.4628e-05	 0.00012271	     114.84	    0.27739	-9.7531e+92	-9.7531e+92	   0.032711	 0.00012537	     0.0000	     0.0000	  0.0011523	     0.0000	
14	24	 2.5473e-14	 2.1369e-13	     150.00	   0.099849	-9.7531e+92	-9.7531e+92	 0.00055374	 0.00011177	     0.0000	     0.0000	 0.00087862	     0.0000	
15	0	 0.00081393	  0.0013760	     189.51	   0.039789	-9.7531e+92	-9.7531e+92	   0.016489	 0.00045619	     0.0000	   -0.11821	  0.0010423	  -0.070879	
15	1	  0.0023985	  0.0040547	     167.83	   0.064291	-9.7531e+92	-9.7531e+92	   0.019167	  0.0012724	     0.0000	     0.0000	  0.0035402	  -0.094135	
15	2	    0.24810	    0.41943	     21.827	     3.9312	-9.7531e+92	-9.7531e+92	    0.13032	   0.066126	    0.11626	    0.45170	   -0.49854	   -0.42670	
15	3	    0.19551	    0.33051	     84.108	    0.82281	-9.7531e+92	-9.7531e+92	    0.11050	   0.033015	    0.10246	    0.44371	   -0.75652	   -0.68529	
15	4	   0.041744	   0.070570	     106.18	    0.37015	-9.7531e+92	-9.7531e+92	   0.049002	   0.010825	   0.041923	    0.19027	  -0.025126	  -0.017099	
15	5	   0.016984	   0.028711	     104.94	    0.38615	-9.7531e+92	-9.7531e+92	   0.015366	  0.0085327	     0.0000	   -0.17496	  -0.018819	   0.027010	
15	6	   0.051125	   0.086429	     96.746	    0.51548	-9.7531e+92	-9.7531e+92	   0.047968	   0.025322	     0.0000	     0.0000	  -0.036302	   0.041066	
15	7	 0.00078284	  0.0013234	     131.62	    0.16559	-9.7531e+92	-9.7531e+92	   0.017589	 0.00043561	     0.0000	   -0.31897	-0.00089585	   0.063195	
15	8	 5.4081e-13	 9.1426e-13	     159.01	   0.079481	-9.7531e+92	-9.7531e+92	  0.0018841	 3.4469e-05	     0.0000	  -0.098063	-9.0281e-05	   0.018989	
15	9	   0.022677	   0.038336	     117.55	    0.25424	-9.7531e+92	-9.7531e+92	   0.075457	   0.011137	     0.0000	  -0.028369	  -0.018626	   0.081039	
15	10	 3.0531e-12	 5.1613e-12	     197.67	   0.033672	-9.7531e+92	-9.7531e+92	 0.00010714	 3.5928e-05	     0.0000	 -0.0099357	-0.00010329	  0.0012867	
15	11	 9.4696e-13	 1.6009e-12	     182.32	   0.046370	-9.7531e+92	-9.7531e+92	 0.00022263	 3.5704e-05	     0.0000	  -0.013334	-0.00010150	  0.0033766	
15	12	 1.1598e-12	 1.9606e-12	     166.81	   0.065853	-9.7531e+92	-9.7531e+92	 0.00027929	 3.5562e-05	     0.0000	  -0.035145	-0.00010182	  0.0040872	
15	13	    0.15918	    0.26910	     111.52	    0.30921	-9.7531e+92	-9.7531e+92	   0.099073	   0.080729	     0.0000	   0.082519	    0.22205	    0.10741	
15	14	    0.20893	    0.35321	     78.991	    0.99899	-9.7531e+92	-9.7531e+92	    0.14108	    0.10265	     0.0000	    0.27651	    0.22545	    0.11235	
15	15	     0.0000	     0.0000	     0.0000	     4.0000	-9.7531e+92	-9.7531e+92	    0.88019	     0.0000	    0.87109	     0.0000	     0.0000	     0.0000	
15	16	  0.0013592	  0.0022978	     65.362	     1.6609	-9.7531e+92	-9.7531e+92	 0.00094706	 0.00059119	 0.00068037	  0.0080044	  0.0018342	  0.0015766	
15	17	 7.2868e-12	 1.2319e-11	     175.81	   0.053534	-9.7531e+92	-9.7531e+92	  0.0013141	 2.5175e-05	 0.00083654	 -0.0022220	 3.4943e-05	-0.00010675	
15	18	   0.050355	   0.085127	     116.73	    0.26100	-9.7531e+92	-9.7531e+92	   0.058777	   0.025262	     0.0000	   -0.10854	  -0.017077	   0.013762	
15	19	 1.6833e-06	 2.8457e-06	     131.26	    0.16732	-9.7531e+92	-9.7531e+92	  0.0037106	 3.3876e-05	     0.0000	   -0.20676	-9.0377e-05	   0.027154	
15	20	 3.4560e-05	 5.8425e-05	     124.66	    0.20372	-9.7531e+92	-9.7531e+92	  0.0015248	 5.2063e-05	     0.0000	   -0.13312	-0.00013939	   0.017008	
15	21	 1.2167e-12	 2.0569e-12	     175.65	   0.053734	-9.7531e+92	-9.7531e+92	  0.0091933	 3.5152e-05	     0.0000	     0.0000	-7.4315e-05	   0.038089	
15	22	 3.7320e-12	 6.3091e-12	     163.21	   0.071746	-9.7531e+92	-9.7531e+92	  0.0026368	 2.7880e-05	  0.0017113	 -0.0045658	-8.0803e-06	 6.5899e-05	
15	23	 1.4581e-11	 2.4649e-11	     149.47	    0.10124	-9.7531e+92	-9.7531e+92	  0.0074454	 3.5253e-05	     0.0000	 -0.0069719	-9.4401e-05	   0.036137	
15	24	 5.6448e-12	 9.5428e-12	     189.75	   0.039594	-9.7531e+92	-9.7531e+92	 0.00011482	 3.6150e-05	     0.0000	-0.00088124	-0.00010266	 0.00048062	
16	0	 1.2522e-05	 2.9871e-06	     217.18	   0.023165	-9.7531e+92	-9.7531e+92	  0.0011668	 7.0583e-07	     0.0000	 -0.0017602	-6.3906e-06	  0.0037766	
16	1	 0.00015296	 3.6487e-05	     207.46	   0.027791	-9.7531e+92	-9.7531e+92	  0.0013973	 1.9517e-06	     0.0000	     0.0000	-1.6454e-05	  0.0038314	
16	2	    0.40481	   0.096564	     68.097	     1.5042	-9.7531e+92	-9.7531e+92	   0.029279	  0.0028729	   0.027295	   0.030180	  -0.049448	  -0.037204	
16	3	   0.020796	  0.0049607	     111.94	    0.30495	-9.7531e+92	-9.7531e+92	  0.0090762	 0.00012477	  0.0079407	  0.0015598	 -0.0027158	 -0.0016232	
16	4	    0.21156	   0.050466	     75.439	     1.1432	-9.7531e+92	-9.7531e+92	   0.017054	 0.00086116	   0.016055	   0.012228	  -0.022930	  -0.016975	
16	5	   0.091892	   0.021920	     71.546	     1.3237	-9.7531e+92	-9.7531e+92	  0.0071316	 0.00079156	     0.0000	  0.0040087	  -0.011357	 -0.0045032	
16	6	  0.0070742	  0.0016875	     111.89	    0.30549	-9.7531e+92	-9.7531e+92	  0.0030462	 6.1501e-05	     0.0000	     0.0000	-0.00084348	   0.010771	
16	7	 0.00020405	 4.8674e-05	     137.28	    0.14083	-9.7531e+92	-9.7531e+92	  0.0012898	 2.4154e-06	     0.0000	 -0.0047265	-3.3873e-05	  0.0071054	
16	8	 0.00013826	 3.2980e-05	     112.87	    0.29583	-9.7531e+92	-9.7531e+92	 0.00091019	 1.8335e-06	     0.0000	 -0.0014280	-2.6604e-05	  0.0016965	
16	9	 8.6077e-06	 2.0533e-06	     159.83	   0.077890	-9.7531e+92	-9.7531e+92	  0.0058956	 6.4203e-07	     0.0000	-0.00049398	-9.0770e-06	   0.013566	
16	10	 2.0661e-13	 4.9285e-14	     147.94	    0.10538	-9.7531e+92	-9.7531e+92	 4.2091e-05	 6.2416e-07	     0.0000	-0.00014604	-8.9112e-06	 0.00010408	
16	11	 1.8451e-12	 4.4013e-13	     142.85	    0.12075	-9.7531e+92	-9.7531e+92	 7.8335e-05	 6.2018e-07	     0.0000	-0.00019603	-8.9147e-06	 0.00027655	
16	12	 1.6397e-07	 3.9112e-08	     115.95	    0.26758	-9.7531e+92	-9.7531e+92	 0.00026657	 6.1676e-07	     0.0000	-0.00051383	-8.7073e-06	 0.00033183	
16	13	  0.0056097	  0.0013381	     153.85	   0.090443	-9.7531e+92	-9.7531e+92	  0.0048679	 4.9948e-05	     0.0000	 -0.0013804	-0.00041575	  0.0043703	
16	14	   0.086942	   0.020739	     121.20	    0.22662	-9.7531e+92	-9.7531e+92	   0.013012	 0.00074747	     0.0000	 -0.0014840	 -0.0068377	  0.0018875	
16	15	    0.10179	   0.024281	     65.362	     1.6609	-9.7531e+92	-9.7531e+92	   0.011752	 0.00080514	   0.010468	  0.0065942	  -0.011404	 -0.0083943	
16	16	     0.0000	     0.0000	     0.0000	     4.0000	-9.7531e+92	-9.7531e+92	    0.11938	     0.0000	    0.11934	     0.0000	     0.0000	     0.0000	
16	17	 9.7065e-13	 2.3154e-13	     148.25	    0.10451	-9.7531e+92	-9.7531e+92	 0.00044567	 4.7875e-07	 0.00037828	-3.3859e-05	-5.5879e-06	 1.3178e-05	
16	18	   0.013044	  0.0031115	     110.59	    0.31898	-9.7531e+92	-9.7531e+92	  0.0040086	 0.00011355	     0.0000	 -0.0025376	 -0.0014534	  0.0085494	
16	19	   0.052453	   0.012512	     73.024	     1.2523	-9.7531e+92	-9.7531e+92	  0.0048870	 0.00044326	     0.0000	  0.0036846	 -0.0058662	 -0.0025663	
16	20	  0.0034917	 0.00083292	     74.477	     1.1855	-9.7531e+92	-9.7531e+92	  0.0014657	 3.1589e-05	     0.0000	 -0.0014875	-0.00045638	  0.0011465	
16	21	 1.5227e-11	 3.6322e-12	     180.81	   0.047925	-9.7531e+92	-9.7531e+92	 0.00057835	 6.1073e-07	     0.0000	     0.0000	-8.4282e-06	  0.0040546	
16	22	 1.4982e-05	 3.5737e-06	     106.73	    0.36321	-9.7531e+92	-9.7531e+92	 0.00090930	 5.8763e-07	 0.00077870	-5.7418e-05	-6.8859e-06	 2.8557e-05	
16	23	 1.5870e-08	 3.7856e-09	     136.77	    0.14287	-9.7531e+92	-9.7531e+92	 0.00056083	 6.1238e-07	     0.0000	-0.00010249	-8.8028e-06	  0.0031257	
16	24	 1.6930e-12	 4.0385e-13	     177.80	   0.051213	-9.7531e+92	-9.7531e+92	 1.3161e-05	 6.2828e-07	     0.0000	-1.2955e-05	-8.9746e-06	 3.8964e-05	
17	0	 1.5669e-10	 6.3485e-11	     353.56	  0.0033150	-9.7531e+92	-9.7531e+92	 0.00091027	 2.1827e-06	     0.0000	 -0.0077842	-1.1563e-05	  0.0096608	
17	1	 3.3594e-11	 1.3611e-11	     342.57	  0.0037606	-9.7531e+92	-9.7531e+92	  0.0011261	 2.1831e-06	     0.0000	     0.0000	-1.0174e-05	  0.0093016	
17	2	    0.11620	   0.047081	     160.64	   0.076357	-9.7531e+92	-9.7531e+92	   0.029564	  0.0030275	   0.026195	   0.037163	  -0.036878	  -0.030706	
17	3	    0.31195	    0.12639	     122.41	    0.21829	-9.7531e+92	-9.7531e+92	   0.049732	  0.0062294	   0.047803	    0.12462	   -0.11559	   -0.10304	
17	4	    0.53380	    0.21628	     73.525	     1.2289	-9.7531e+92	-9.7531e+92	   0.068128	  0.0051696	   0.066431	    0.10135	   -0.14109	   -0.12491	
17	5	 6.4230e-10	 2.6024e-10	     219.60	   0.022168	-9.7531e+92	-9.7531e+92	 0.00071839	 2.1134e-06	     0.0000	  -0.018022	-2.2736e-05	   0.014287	
17	6	 8.1308e-10	 3.2943e-10	     251.72	   0.012870	-9.7531e+92	-9.7531e+92	  0.0020638	 2.1001e-06	     0.0000	     0.0000	-2.0775e-05	   0.035267	
17	7	 5.1779e-10	 2.0979e-10	     281.54	  0.0082346	-9.7531e+92	-9.7531e+92	 0.00095046	 2.1665e-06	     0.0000	  -0.020957	-2.2483e-05	   0.022445	
17	8	 4.1164e-10	 1.6678e-10	     258.50	   0.011577	-9.7531e+92	-9.7531e+92	 0.00019730	 2.1730e-06	     0.0000	 -0.0063743	-2.3878e-05	  0.0054660	
17	9	 3.2274e-10	 1.3076e-10	     293.28	  0.0069951	-9.7531e+92	-9.7531e+92	  0.0045741	 2.0758e-06	     0.0000	 -0.0021843	-2.1338e-05	   0.042195	
17	10	 8.7583e-10	 3.5486e-10	     270.72	  0.0096279	-9.7531e+92	-9.7531e+92	 2.1300e-05	 2.2628e-06	     0.0000	-0.00064584	-2.4785e-05	 0.00033535	
17	11	 9.8553e-10	 3.9930e-10	     290.18	  0.0072979	-9.7531e+92	-9.7531e+92	 3.0055e-05	 2.2508e-06	     0.0000	-0.00086674	-2.4685e-05	 0.00089017	
17	12	 2.5998e-10	 1.0533e-10	     225.22	   0.020047	-9.7531e+92	-9.7531e+92	 6.3256e-05	 2.2398e-06	     0.0000	 -0.0022845	-2.4656e-05	  0.0010689	
17	13	 2.2185e-09	 8.9885e-10	     287.27	  0.0075975	-9.7531e+92	-9.7531e+92	  0.0051827	 2.1653e-06	     0.0000	 -0.0065227	-9.6927e-06	   0.011058	
17	14	  0.0012164	 0.00049286	     254.84	   0.012253	-9.7531e+92	-9.7531e+92	  0.0098161	 4.0500e-05	     0.0000	  -0.023803	-0.00021234	   0.017117	
17	15	 3.9683e-10	 1.6078e-10	     175.81	   0.053534	-9.7531e+92	-9.7531e+92	   0.015348	 1.9703e-06	   0.013167	 -0.0016842	-2.1310e-05	  0.0015682	
17	16	 3.4986e-11	 1.4175e-11	     148.25	    0.10451	-9.7531e+92	-9.7531e+92	 0.00037922	 1.9754e-06	 0.00031530	-4.8236e-05	-1.7718e-05	 2.2494e-05	
17	17	     0.0000	     0.0000	     0.0000	     4.0000	-9.7531e+92	-9.7531e+92	    0.20434	     0.0000	    0.20423	     0.0000	     0.0000	     0.0000	
17	18	 1.2822e-09	 5.1950e-10	     258.46	   0.011584	-9.7531e+92	-9.7531e+92	  0.0025476	 2.1156e-06	     0.0000	  -0.012676	-1.8947e-05	   0.029117	
17	19	 2.3548e-09	 9.5410e-10	     187.53	   0.041480	-9.7531e+92	-9.7531e+92	 0.00087156	 2.0827e-06	     0.0000	  -0.013372	-2.3566e-05	  0.0076640	
17	20	 1.8374e-09	 7.4445e-10	     207.02	   0.028026	-9.7531e+92	-9.7531e+92	 0.00038376	 2.1621e-06	     0.0000	 -0.0086736	-2.3982e-05	  0.0048140	
17	21	 1.8979e-09	 7.6898e-10	     326.31	  0.0045671	-9.7531e+92	-9.7531e+92	 0.00049440	 2.2225e-06	     0.0000	     0.0000	-2.2759e-05	   0.012810	
17	22	   0.036831	   0.014923	     106.10	    0.37108	-9.7531e+92	-9.7531e+92	  0.0073210	 0.00086757	  0.0070992	   0.017947	 -0.0038036	 -0.0030127	
17	23	 1.8597e-10	 7.5347e-11	     284.58	  0.0078888	-9.7531e+92	-9.7531e+92	 0.00034254	 2.2272e-06	     0.0000	-0.00045319	-2.4217e-05	   0.010018	
17	24	 5.6105e-10	 2.2732e-10	     325.25	  0.0046269	-9.7531e+92	-9.7531e+92	 1.6390e-05	 2.2810e-06	     0.0000	-5.7281e-05	-2.4788e-05	 0.00012552	
18	0	    0.10042	    0.37961	     116.29	    0.26473	-9.7531e+92	-9.7531e+92	    0.14886	    0.12329	     0.0000	   0.022282	    0.67111	    0.14534	
18	1	   0.071686	    0.27099	     111.77	    0.30668	-9.7531e+92	-9.7531e+92	    0.11921	    0.10317	     0.0000	     0.0000	    0.88135	  0.0082828	
18	2	 0.00041714	  0.0015769	     137.27	    0.14087	-9.7531e+92	-9.7531e+92	  0.0050476	 0.00085273	     0.0000	  -0.019495	  0.0061263	  -0.029081	
18	3	 4.0538e-06	 1.5324e-05	     199.21	   0.032649	-9.7531e+92	-9.7531e+92	  0.0013065	 0.00012770	     0.0000	  -0.017203	 0.00095288	  -0.017518	
18	4	 2.0307e-07	 7.6764e-07	     186.18	   0.042684	-9.7531e+92	-9.7531e+92	  0.0013502	 0.00012314	     0.0000	  -0.016655	 0.00079812	  -0.015126	
18	5	    0.15863	    0.59965	     53.346	     2.4617	-9.7531e+92	-9.7531e+92	    0.19914	    0.26539	   0.025175	    0.21199	     1.8820	    0.40790	
18	6	    0.10245	    0.38729	     36.723	     3.5078	-9.7531e+92	-9.7531e+92	    0.21041	    0.15302	     0.0000	     0.0000	     1.2209	  -0.082949	
18	7	   0.056666	    0.21421	     38.248	     3.4331	-9.7531e+92	-9.7531e+92	    0.12171	   0.096286	     0.0000	  -0.022957	    0.66142	  -0.060674	
18	8	   0.014393	   0.054407	     75.421	     1.1439	-9.7531e+92	-9.7531e+92	   0.035160	   0.022593	     0.0000	 -0.0043491	    0.19381	 -0.0086082	
18	9	   0.019131	   0.072321	     96.665	    0.51699	-9.7531e+92	-9.7531e+92	    0.14491	   0.029764	     0.0000	 -0.0091242	    0.22744	   -0.46223	
18	10	 6.4769e-13	 2.4484e-12	     118.82	    0.24422	-9.7531e+92	-9.7531e+92	 0.00091256	 0.00012270	     0.0000	 -0.0030973	 0.00079757	 -0.0035463	
18	11	 0.00024561	 0.00092846	     81.269	    0.91620	-9.7531e+92	-9.7531e+92	  0.0034665	 0.00046400	     0.0000	 -0.0033634	  0.0048867	 -0.0099949	
18	12	 4.6648e-12	 1.7634e-11	     120.73	    0.22996	-9.7531e+92	-9.7531e+92	  0.0028685	 0.00012658	     0.0000	  -0.010982	 0.00074243	  -0.011322	
18	13	   0.089854	    0.33967	     87.611	    0.72124	-9.7531e+92	-9.7531e+92	    0.16268	   0.078773	     0.0000	     0.0000	   -0.17760	 -0.0012250	
18	14	   0.094678	    0.35790	     78.249	     1.0276	-9.7531e+92	-9.7531e+92	    0.19942	    0.15303	     0.0000	  -0.024073	     1.4241	  -0.096902	
18	15	 0.00071360	  0.0026976	     116.73	    0.26100	-9.7531e+92	-9.7531e+92	  0.0029133	  0.0013554	     0.0000	 -0.0091460	  0.0089957	  -0.016735	
18	16	 5.3429e-13	 2.0197e-12	     110.59	    0.31898	-9.7531e+92	-9.7531e+92	 0.00017165	 0.00013317	     0.0000	-0.00030573	 0.00065980	-0.00032581	
18	17	 1.4979e-13	 5.6624e-13	     258.46	   0.011584	-9.7531e+92	-9.7531e+92	 0.00016084	 0.00013699	     0.0000	 -0.0010914	 0.00063210	-0.00077340	
18	18	     0.0000	     0.0000	     0.0000	     4.0000	-9.7531e+92	-9.7531e+92	     2.0232	     0.0000	     1.5944	     0.0000	     0.0000	     0.0000	
18	19	 1.3321e-05	 5.0355e-05	     118.15	    0.24945	-9.7531e+92	-9.7531e+92	   0.043636	 0.00013544	     0.0000	  -0.064729	 0.00095115	  -0.083933	
18	20	 0.00069950	  0.0026443	     90.275	    0.65310	-9.7531e+92	-9.7531e+92	   0.018154	  0.0013273	     0.0000	  -0.039704	  0.0091565	  -0.050250	
18	21	   0.045229	    0.17097	     79.511	    0.97945	-9.7531e+92	-9.7531e+92	   0.083941	   0.075996	     0.0000	     0.0000	    0.53845	   0.014015	
18	22	 1.2823e-12	 4.8474e-12	     205.13	   0.029065	-9.7531e+92	-9.7531e+92	 0.00023095	 0.00013452	     0.0000	 -0.0020298	 0.00065818	 -0.0017261	
18	23	    0.24354	    0.92063	     36.898	     3.4995	-9.7531e+92	-9.7531e+92	    0.24906	    0.37570	    0.13429	   0.015313	     3.2776	    0.76546	
18	24	  0.0012324	  0.0046586	     74.739	     1.1738	-9.7531e+92	-9.7531e+92	  0.0019486	  0.0019898	 0.00029502	 0.00063688	   0.018743	  0.0030802	
19	0	 3.8934e-08	 3.2293e-08	     234.49	   0.017074	-9.7531e+92	-9.7531e+92	  0.0045542	 1.7881e-05	     0.0000	  -0.034307	 -0.0010629	    0.56777	
19	1	 2.9751e-05	 2.4676e-05	     226.57	   0.019575	-9.7531e+92	-9.7531e+92	  0.0042117	 2.6284e-05	     0.0000	     0.0000	 -0.0014903	    0.61290	
19	2	   0.018457	   0.015309	     139.30	    0.13308	-9.7531e+92	-9.7531e+92	  0.0058331	  0.0050934	     0.0000	   0.023192	   -0.32888	   -0.10315	
19	3	 7.7144e-05	 6.3986e-05	     184.07	   0.044655	-9.7531e+92	-9.7531e+92	  0.0019479	 3.8482e-05	     0.0000	  -0.015504	 -0.0025170	   0.046115	
19	4	   0.019271	   0.015984	     119.82	    0.23665	-9.7531e+92	-9.7531e+92	  0.0054431	  0.0050771	  0.0019698	   0.055731	   -0.35234	   -0.15724	
19	5	    0.30968	    0.25686	     64.874	     1.6901	-9.7531e+92	-9.7531e+92	   0.090572	   0.040315	   0.052401	   0.049490	    -4.7871	    -2.1166	
19	6	  0.0041276	  0.0034236	     133.74	    0.15573	-9.7531e+92	-9.7531e+92	   0.013691	  0.0010766	     0.0000	     0.0000	  -0.076232	     1.2522	
19	7	 5.7072e-06	 4.7337e-06	     154.38	   0.089237	-9.7531e+92	-9.7531e+92	  0.0052736	 1.9742e-05	     0.0000	  -0.092356	 -0.0013478	    0.77800	
19	8	   0.069744	   0.057847	     80.536	    0.94205	-9.7531e+92	-9.7531e+92	   0.041226	   0.015476	   0.027272	   0.055714	    -1.2329	   -0.55294	
19	9	 1.9446e-12	 1.6129e-12	     193.08	   0.036956	-9.7531e+92	-9.7531e+92	  0.0099601	 1.7555e-05	     0.0000	 -0.0096269	 -0.0012235	     1.5191	
19	10	  0.0015042	  0.0012476	     85.643	    0.77653	-9.7531e+92	-9.7531e+92	  0.0022865	 0.00039557	  0.0014103	  0.0013260	  -0.028066	 -0.0055475	
19	11	 1.8036e-05	 1.4960e-05	     108.78	    0.33886	-9.7531e+92	-9.7531e+92	  0.0031497	 2.2002e-05	 0.00090527	 -0.0034894	 -0.0015644	   0.028682	
19	12	   0.089296	   0.074065	     44.530	     3.0689	-9.7531e+92	-9.7531e+92	   0.022212	   0.017043	   0.019537	    0.13582	    -1.2484	   -0.59562	
19	13	  0.0075774	  0.0062849	     184.51	   0.044238	-9.7531e+92	-9.7531e+92	  0.0086028	  0.0019583	     0.0000	  -0.026253	   -0.11923	    0.69721	
19	14	   0.010924	  0.0090606	     166.55	   0.066257	-9.7531e+92	-9.7531e+92	   0.019250	  0.0029541	     0.0000	  -0.096301	   -0.17122	    0.96989	
19	15	 0.00053949	 0.00044747	     131.26	    0.16732	-9.7531e+92	-9.7531e+92	  0.0016296	 0.00016781	     0.0000	 -0.0086949	  -0.011289	   0.050815	
19	16	  0.0014556	  0.0012073	     73.024	     1.2523	-9.7531e+92	-9.7531e+92	 0.00038540	 0.00041831	 0.00025455	  0.0041865	  -0.027630	  -0.014983	
19	17	 1.5352e-13	 1.2733e-13	     187.53	   0.041480	-9.7531e+92	-9.7531e+92	 0.00016781	 1.9466e-05	     0.0000	-0.00099788	 -0.0012805	  0.0023652	
19	18	    0.10536	   0.087391	     118.15	    0.24945	-9.7531e+92	-9.7531e+92	   0.042698	   0.024715	     0.0000	 -0.0036528	    -1.8929	   0.082636	
19	19	     0.0000	     0.0000	     0.0000	     4.0000	-9.7531e+92	-9.7531e+92	    0.44634	     0.0000	    0.42694	     0.0000	     0.0000	     0.0000	
19	20	    0.36047	    0.29899	     28.400	     3.8088	-9.7531e+92	-9.7531e+92	   0.089265	   0.065825	   0.077053	    0.42651	    -5.5883	    -2.8739	
19	21	 1.1725e-12	 9.7248e-13	     197.71	   0.033641	-9.7531e+92	-9.7531e+92	  0.0023918	 1.8884e-05	     0.0000	     0.0000	 -0.0012479	    0.44020	
19	22	  0.0014532	  0.0012053	     93.933	    0.57085	-9.7531e+92	-9.7531e+92	 0.00063814	 0.00037483	 0.00018406	  0.0033034	  -0.025616	 -0.0094709	
19	23	 4.6548e-06	 3.8608e-06	     121.29	    0.22600	-9.7531e+92	-9.7531e+92	  0.0074825	 1.8772e-05	     0.0000	-0.00095209	 -0.0013283	    0.32935	
19	24	 4.6658e-13	 3.8699e-13	     150.08	   0.099629	-9.7531e+92	-9.7531e+92	 0.00012823	 1.8931e-05	     0.0000	-0.00025246	 -0.0012734	  0.0040618	
20	0	 3.4705e-05	 2.8887e-05	     206.61	   0.028245	-9.7531e+92	-9.7531e+92	  0.0049627	 1.8158e-05	     0.0000	  -0.028108	 -0.0015907	    0.71317	
20	1	 5.9615e-05	 4.9621e-05	     199.20	   0.032652	-9.7531e+92	-9.7531e+92	  0.0044888	 2.2877e-05	     0.0000	     0.0000	 -0.0019353	    0.77234	
20	2	 0.00030113	 0.00025064	     139.77	    0.13137	-9.7531e+92	-9.7531e+92	  0.0013426	 6.6589e-05	     0.0000	  -0.014859	 -0.0063804	   0.099824	
20	3	 1.2090e-06	 1.0063e-06	     185.64	   0.043179	-9.7531e+92	-9.7531e+92	 0.00045751	 1.1953e-05	     0.0000	  -0.012927	 -0.0011633	   0.058164	
20	4	 0.00066387	 0.00055258	     135.08	    0.14987	-9.7531e+92	-9.7531e+92	  0.0010618	 0.00012673	     0.0000	  -0.010483	  -0.012970	   0.044420	
20	5	    0.19012	    0.15824	     39.691	     3.3571	-9.7531e+92	-9.7531e+92	   0.074348	   0.022350	   0.036043	   0.073856	    -3.2241	    -1.7719	
20	6	   0.028396	   0.023635	     111.59	    0.30852	-9.7531e+92	-9.7531e+92	   0.018373	  0.0048964	     0.0000	     0.0000	   -0.50406	     1.2365	
20	7	 0.00021821	 0.00018163	     126.68	    0.19164	-9.7531e+92	-9.7531e+92	  0.0057875	 5.1399e-05	     0.0000	  -0.075490	 -0.0051547	    0.95568	
20	8	    0.42424	    0.35312	     51.987	     2.5582	-9.7531e+92	-9.7531e+92	    0.10147	   0.059827	   0.087469	    0.35688	    -7.1619	    -5.0372	
20	9	 1.5341e-08	 1.2769e-08	     174.09	   0.055651	-9.7531e+92	-9.7531e+92	  0.0096411	 1.1596e-05	     0.0000	 -0.0078917	 -0.0011914	     1.8749	
20	10	  0.0025008	  0.0020815	     74.457	     1.1864	-9.7531e+92	-9.7531e+92	  0.0029108	 0.00038192	  0.0020315	  0.0025168	  -0.040917	  -0.017410	
20	11	 0.00031702	 0.00026387	     83.734	    0.83452	-9.7531e+92	-9.7531e+92	  0.0072416	 6.4887e-05	  0.0049892	 -0.0024607	 -0.0068072	   0.030994	
20	12	   0.037663	   0.031349	     45.010	     3.0379	-9.7531e+92	-9.7531e+92	   0.012471	  0.0042130	  0.0097858	   0.034473	   -0.48255	   -0.28922	
20	13	  0.0060422	  0.0050292	     165.04	   0.068678	-9.7531e+92	-9.7531e+92	  0.0085175	  0.0010618	     0.0000	  -0.021936	  -0.093570	    0.89689	
20	14	   0.010187	  0.0084789	     147.73	    0.10597	-9.7531e+92	-9.7531e+92	   0.017717	  0.0018181	     0.0000	  -0.079479	   -0.15855	     1.2289	
20	15	 0.00047557	 0.00039584	     124.66	    0.20372	-9.7531e+92	-9.7531e+92	 0.00059133	 9.9081e-05	     0.0000	 -0.0072245	 -0.0098213	   0.063429	
20	16	 3.2156e-05	 2.6765e-05	     74.477	     1.1855	-9.7531e+92	-9.7531e+92	 8.9645e-05	 1.8392e-05	     0.0000	-0.00014871	 -0.0018158	 0.00079630	
20	17	 4.9848e-13	 4.1492e-13	     207.02	   0.028026	-9.7531e+92	-9.7531e+92	 5.5091e-05	 1.2756e-05	     0.0000	-0.00081928	 -0.0012422	  0.0029035	
20	18	   0.081264	   0.067641	     90.275	    0.65310	-9.7531e+92	-9.7531e+92	   0.044285	   0.013258	     0.0000	  -0.012560	    -1.4151	    0.40368	
20	19	    0.21725	    0.18083	     28.400	     3.8088	-9.7531e+92	-9.7531e+92	   0.065330	   0.019540	   0.045858	    0.10050	    -2.9449	    -1.7558	
20	20	     0.0000	     0.0000	     0.0000	     4.0000	-9.7531e+92	-9.7531e+92	    0.43756	     0.0000	    0.42531	     0.0000	     0.0000	     0.0000	
20	21	 2.8198e-11	 2.3471e-11	     169.84	   0.061351	-9.7531e+92	-9.7531e+92	  0.0025409	 1.2440e-05	     0.0000	     0.0000	 -0.0012125	    0.54207	
20	22	 5.8073e-08	 4.8337e-08	     116.48	    0.26308	-9.7531e+92	-9.7531e+92	 0.00013148	 1.1361e-05	     0.0000	 -0.0014298	 -0.0011697	  0.0062903	
20	23	 0.00023520	 0.00019577	     93.058	    0.58941	-9.7531e+92	-9.7531e+92	   0.010675	 5.3751e-05	     0.0000	 -0.0013019	 -0.0055224	    0.40158	
20	24	 4.0456e-12	 3.3674e-12	     121.85	    0.22210	-9.7531e+92	-9.7531e+92	 0.00021674	 1.2555e-05	     0.0000	-0.00020684	 -0.0012381	  0.0049864	
21	0	   0.086535	    0.13701	     39.458	     3.3697	-9.7531e+92	-9.7531e+92	   0.064857	   0.032125	     0.0000	     0.0000	    0.80102	     0.0000	
21	1	   0.099155	    0.15699	     57.297	     2.1839	-9.7531e+92	-9.7531e+92	   0.076884	   0.056841	     0.0000	     0.0000	     1.5057	    0.17749	
21	2	 1.2166e-05	 1.9263e-05	     197.19	   0.033993	-9.7531e+92	-9.7531e+92	  0.0021165	 6.4690e-05	     0.0000	  -0.029224	  0.0015031	  -0.047505	
21	3	 1.1707e-11	 1.8536e-11	     259.71	   0.011362	-9.7531e+92	-9.7531e+92	 0.00049440	 5.4441e-05	     0.0000	  -0.024542	  0.0012839	  -0.027195	
21	4	 2.5575e-11	 4.0493e-11	     253.96	   0.012424	-9.7531e+92	-9.7531e+92	 0.00038442	 5.4761e-05	     0.0000	  -0.023742	  0.0012573	  -0.023562	
21	5	 0.00017922	 0.00028376	     132.91	    0.15951	-9.7531e+92	-9.7531e+92	   0.010096	 0.00020222	     0.0000	   -0.12306	  0.0045786	   -0.25946	
21	6	   0.012655	   0.020036	     78.899	     1.0025	-9.7531e+92	-9.7531e+92	   0.066772	  0.0094378	     0.0000	     0.0000	    0.23987	   -0.64220	
21	7	    0.10016	    0.15859	     44.967	     3.0407	-9.7531e+92	-9.7531e+92	   0.072797	   0.080635	     0.0000	   0.052435	     1.8814	    0.15178	
21	8	 3.7005e-05	 5.8589e-05	     132.38	    0.16196	-9.7531e+92	-9.7531e+92	  0.0017158	 8.7313e-05	     0.0000	  -0.043602	  0.0019225	  -0.094279	
21	9	    0.39641	    0.62763	     83.320	    0.84769	-9.7531e+92	-9.7531e+92	    0.21418	    0.27500	     0.0000	   0.025808	     7.4897	     1.4294	
21	10	 9.3061e-12	 1.4734e-11	     171.26	   0.059366	-9.7531e+92	-9.7531e+92	 9.5141e-05	 5.9701e-05	     0.0000	 -0.0044275	  0.0012228	 -0.0055565	
21	11	 5.4872e-11	 8.6878e-11	     128.65	    0.18069	-9.7531e+92	-9.7531e+92	 0.00022398	 5.7641e-05	     0.0000	 -0.0059419	  0.0012367	  -0.014826	
21	12	 3.6175e-12	 5.7276e-12	     187.39	   0.041605	-9.7531e+92	-9.7531e+92	 0.00019875	 5.9532e-05	     0.0000	  -0.015661	  0.0012204	  -0.017739	
21	13	   0.057421	   0.090914	     76.619	     1.0932	-9.7531e+92	-9.7531e+92	   0.063291	   0.036832	     0.0000	  -0.015321	    0.94249	   -0.17996	
21	14	    0.13696	    0.21685	     101.18	    0.44014	-9.7531e+92	-9.7531e+92	    0.10019	    0.10078	     0.0000	   0.023987	     2.6305	    0.10400	
21	15	 3.5278e-11	 5.5855e-11	     175.65	   0.053734	-9.7531e+92	-9.7531e+92	  0.0010137	 5.5258e-05	     0.0000	  -0.015054	  0.0012471	  -0.030173	
21	16	 1.8547e-11	 2.9365e-11	     180.81	   0.047925	-9.7531e+92	-9.7531e+92	 5.7923e-05	 5.9899e-05	     0.0000	-0.00043581	  0.0012183	-0.00051073	
21	17	 4.9363e-12	 7.8156e-12	     326.31	  0.0045671	-9.7531e+92	-9.7531e+92	 6.2704e-05	 6.0250e-05	     0.0000	 -0.0015558	  0.0012166	 -0.0012118	
21	18	    0.10627	    0.16825	     79.511	    0.97945	-9.7531e+92	-9.7531e+92	   0.080941	   0.075749	     0.0000	 -0.0055752	     1.9792	  -0.041981	
21	19	 1.5265e-11	 2.4169e-11	     197.71	   0.033641	-9.7531e+92	-9.7531e+92	  0.0022787	 5.5467e-05	     0.0000	  -0.092330	  0.0012294	   -0.13143	
21	20	 2.8335e-12	 4.4862e-12	     169.84	   0.061351	-9.7531e+92	-9.7531e+92	 0.00098429	 5.6935e-05	     0.0000	  -0.059461	  0.0012300	  -0.082576	
21	21	     0.0000	     0.0000	     0.0000	     4.0000	-9.7531e+92	-9.7531e+92	    0.81129	     0.0000	    0.74581	     0.0000	     0.0000	     0.0000	
21	22	 3.1247e-12	 4.9474e-12	     284.69	  0.0078758	-9.7531e+92	-9.7531e+92	 7.5603e-05	 5.9683e-05	     0.0000	 -0.0028934	  0.0012201	 -0.0027033	
21	23	  0.0032317	  0.0051167	     78.648	     1.0121	-9.7531e+92	-9.7531e+92	   0.011604	  0.0026522	     0.0000	 -0.0027759	   0.062275	   -0.15238	
21	24	 0.00096890	  0.0015341	     85.071	    0.79345	-9.7531e+92	-9.7531e+92	 0.00052111	 0.00082504	     0.0000	 0.00062758	   0.019926	  0.0033493	
22	0	 6.4068e-12	 3.6994e-12	     321.47	  0.0048482	-9.7531e+92	-9.7531e+92	  0.0014425	 4.4762e-06	     0.0000	  -0.016173	-5.2452e-05	   0.045818	
22	1	 5.2805e-12	 3.0491e-12	     312.59	  0.0054224	-9.7531e+92	-9.7531e+92	  0.0016771	 4.4791e-06	     0.0000	     0.0000	-4.9147e-05	   0.047370	
22	2	    0.13468	   0.077766	     161.29	   0.075160	-9.7531e+92	-9.7531e+92	   0.039792	  0.0071644	   0.034990	   0.090311	   -0.15057	   -0.13035	
22	3	   0.039325	   0.022708	     164.94	   0.068842	-9.7531e+92	-9.7531e+92	   0.030971	  0.0015988	   0.028222	   0.029145	  -0.048144	  -0.039165	
22	4	    0.60502	    0.34935	     82.638	    0.86986	-9.7531e+92	-9.7531e+92	   0.098664	   0.011536	   0.096246	    0.23449	   -0.61855	   -0.56734	
22	5	  0.0040771	  0.0023542	     151.89	   0.095092	-9.7531e+92	-9.7531e+92	  0.0074948	 0.00026793	     0.0000	  -0.034092	 -0.0048896	   0.046167	
22	6	 2.6608e-12	 1.5364e-12	     216.08	   0.023641	-9.7531e+92	-9.7531e+92	  0.0034807	 4.3020e-06	     0.0000	     0.0000	-7.4276e-05	    0.12919	
22	7	 5.2580e-14	 3.0361e-14	     241.36	   0.015218	-9.7531e+92	-9.7531e+92	  0.0015446	 4.4358e-06	     0.0000	  -0.043542	-7.8324e-05	   0.079965	
22	8	 6.7604e-12	 3.9036e-12	     168.70	   0.062994	-9.7531e+92	-9.7531e+92	  0.0040706	 4.4436e-06	     0.0000	  -0.013242	-8.1573e-05	   0.019079	
22	9	 1.0438e-11	 6.0272e-12	     266.14	   0.010307	-9.7531e+92	-9.7531e+92	  0.0065326	 4.2529e-06	     0.0000	 -0.0045383	-7.5610e-05	    0.15309	
22	10	 3.2149e-14	 1.8563e-14	     176.66	   0.052524	-9.7531e+92	-9.7531e+92	 0.00019634	 4.6267e-06	     0.0000	 -0.0013418	-8.3720e-05	  0.0011566	
22	11	 4.2235e-13	 2.4388e-13	     200.45	   0.031856	-9.7531e+92	-9.7531e+92	 0.00032226	 4.6038e-06	     0.0000	 -0.0018008	-8.3508e-05	  0.0030745	
22	12	 1.3508e-12	 7.8001e-13	     131.16	    0.16782	-9.7531e+92	-9.7531e+92	  0.0014763	 4.5761e-06	     0.0000	 -0.0047444	-8.3258e-05	  0.0036882	
22	13	 3.8752e-06	 2.2376e-06	     260.15	   0.011286	-9.7531e+92	-9.7531e+92	  0.0064433	 4.6992e-06	     0.0000	  -0.013551	-5.0798e-05	   0.058001	
22	14	   0.011152	  0.0064393	     227.39	   0.019298	-9.7531e+92	-9.7531e+92	   0.014091	 0.00072623	     0.0000	  -0.045303	 -0.0086004	   0.076634	
22	15	 0.00073564	 0.00042478	     163.21	   0.071746	-9.7531e+92	-9.7531e+92	   0.015629	 4.8406e-05	   0.012520	 -0.0030166	-0.00091289	  0.0048975	
22	16	 1.4257e-11	 8.2325e-12	     106.73	    0.36321	-9.7531e+92	-9.7531e+92	 0.00056189	 4.0237e-06	 0.00047080	-9.9851e-05	-6.9372e-05	 8.9387e-05	
22	17	  0.0026760	  0.0015452	     106.10	    0.37108	-9.7531e+92	-9.7531e+92	  0.0029372	 0.00012219	  0.0027741	  0.0030012	-0.00066311	-0.00044552	
22	18	 7.3152e-05	 4.2240e-05	     205.13	   0.029065	-9.7531e+92	-9.7531e+92	  0.0059836	 9.0784e-06	     0.0000	  -0.026321	-0.00014659	    0.11033	
22	19	    0.15728	   0.090819	     93.933	    0.57085	-9.7531e+92	-9.7531e+92	   0.026294	  0.0099993	   0.012786	    0.15882	   -0.18819	   -0.15159	
22	20	   0.044980	   0.025973	     116.48	    0.26308	-9.7531e+92	-9.7531e+92	   0.012063	  0.0029806	  0.0035622	   0.037179	  -0.055137	  -0.034603	
22	21	 3.6934e-11	 2.1327e-11	     284.69	  0.0078758	-9.7531e+92	-9.7531e+92	 0.00075576	 4.5512e-06	     0.0000	     0.0000	-7.8977e-05	   0.045448	
22	22	     0.0000	     0.0000	     0.0000	     4.0000	-9.7531e+92	-9.7531e+92	    0.29394	     0.0000	    0.29362	     0.0000	     0.0000	     0.0000	
22	23	 9.9287e-12	 5.7331e-12	     209.07	   0.026949	-9.7531e+92	-9.7531e+92	 0.00097655	 4.5582e-06	     0.0000	-0.00094158	-8.2412e-05	   0.034816	
22	24	 8.8578e-12	 5.1147e-12	     237.89	   0.016122	-9.7531e+92	-9.7531e+92	 3.1080e-05	 4.6685e-06	     0.0000	-0.00011901	-8.3779e-05	 0.00043303	
23	0	   0.093402	   0.069086	     119.13	    0.24186	-9.7531e+92	-9.7531e+92	   0.027188	   0.031382	     0.0000	   0.011332	   -0.34754	  -0.060219	
23	1	   0.047259	   0.034956	     132.72	    0.16037	-9.7531e+92	-9.7531e+92	   0.018509	   0.017265	     0.0000	     0.0000	   -0.13237	   0.042308	
23	2	 1.3530e-05	 1.0008e-05	     168.40	   0.063436	-9.7531e+92	-9.7531e+92	 0.00087783	 3.2358e-05	     0.0000	  -0.012826	-0.00030243	   0.019906	
23	3	 6.6418e-13	 4.9127e-13	     228.38	   0.018966	-9.7531e+92	-9.7531e+92	 0.00022575	 2.6805e-05	     0.0000	  -0.010774	-0.00023717	   0.011068	
23	4	 3.1485e-12	 2.3288e-12	     212.30	   0.025355	-9.7531e+92	-9.7531e+92	 0.00024554	 2.7004e-05	     0.0000	  -0.010422	-0.00027211	   0.010389	
23	5	    0.14672	    0.10852	     65.633	     1.6449	-9.7531e+92	-9.7531e+92	   0.037725	   0.056672	  0.0036855	    0.11791	   -0.61695	   -0.26400	
23	6	    0.13573	    0.10039	     73.330	     1.2380	-9.7531e+92	-9.7531e+92	   0.049167	   0.049935	     0.0000	     0.0000	   -0.54782	  -0.026736	
23	7	    0.10608	   0.078466	     58.677	     2.0891	-9.7531e+92	-9.7531e+92	   0.031421	   0.042138	     0.0000	   0.028107	   -0.45261	  -0.085142	
23	8	   0.037814	   0.027969	     54.810	     2.3580	-9.7531e+92	-9.7531e+92	   0.010841	   0.013324	     0.0000	   0.021913	   -0.11628	  -0.050276	
23	9	 0.00022622	 0.00016732	     121.73	    0.22293	-9.7531e+92	-9.7531e+92	   0.022464	 0.00010871	     0.0000	 -0.0065631	 -0.0012055	    0.36881	
23	10	 9.7801e-07	 7.2339e-07	     95.614	    0.53700	-9.7531e+92	-9.7531e+92	 0.00025378	 2.7504e-05	     0.0000	 -0.0018973	-0.00025629	  0.0027102	
23	11	  0.0042852	  0.0031696	     53.605	     2.4433	-9.7531e+92	-9.7531e+92	  0.0016227	  0.0015736	     0.0000	  0.0013240	  -0.012171	 -0.0038252	
23	12	 4.0365e-08	 2.9856e-08	     109.85	    0.32696	-9.7531e+92	-9.7531e+92	 0.00060061	 2.8182e-05	     0.0000	 -0.0068315	-0.00029433	  0.0086531	
23	13	    0.13064	   0.096631	     113.01	    0.29441	-9.7531e+92	-9.7531e+92	   0.037872	   0.037744	     0.0000	  0.0018060	   -0.57868	  -0.080836	
23	14	   0.067401	   0.049854	     114.84	    0.27739	-9.7531e+92	-9.7531e+92	   0.034963	   0.025719	     0.0000	  -0.031573	   -0.17013	    0.10127	
23	15	 3.6147e-07	 2.6736e-07	     149.47	    0.10124	-9.7531e+92	-9.7531e+92	 0.00043891	 2.7106e-05	     0.0000	 -0.0066079	-0.00028868	   0.013892	
23	16	 4.0266e-13	 2.9783e-13	     136.77	    0.14287	-9.7531e+92	-9.7531e+92	 3.3195e-05	 2.9445e-05	     0.0000	-0.00019131	-0.00032011	 0.00025122	
23	17	 1.6820e-12	 1.2441e-12	     284.58	  0.0078888	-9.7531e+92	-9.7531e+92	 3.0993e-05	 2.9760e-05	     0.0000	-0.00068296	-0.00032236	 0.00059164	
23	18	    0.21955	    0.16239	     36.898	     3.4995	-9.7531e+92	-9.7531e+92	   0.064056	   0.051503	     0.0000	  0.0010455	    -1.1619	   -0.34777	
23	19	 1.0325e-05	 7.6368e-06	     121.29	    0.22600	-9.7531e+92	-9.7531e+92	  0.0083287	 2.9922e-05	     0.0000	  -0.040277	-0.00033212	   0.062928	
23	20	 0.00010182	 7.5311e-05	     93.058	    0.58941	-9.7531e+92	-9.7531e+92	  0.0035736	 6.6075e-05	     0.0000	  -0.025445	-0.00069678	   0.039275	
23	21	  0.0068985	  0.0051026	     78.648	     1.0121	-9.7531e+92	-9.7531e+92	  0.0097986	  0.0027837	     0.0000	     0.0000	  -0.029574	   0.090263	
23	22	 1.3389e-12	 9.9030e-13	     209.07	   0.026949	-9.7531e+92	-9.7531e+92	 4.4057e-05	 2.9313e-05	     0.0000	 -0.0012701	-0.00031551	  0.0013097	
23	23	     0.0000	     0.0000	     0.0000	     4.0000	-9.7531e+92	-9.7531e+92	    0.37848	     0.0000	    0.35603	     0.0000	     0.0000	     0.0000	
23	24	  0.0038572	  0.0028530	     40.708	     3.3006	-9.7531e+92	-9.7531e+92	 0.00082018	  0.0012537	 0.00049664	 0.00019431	 -0.0014813	 0.00022335	
24	0	    0.19164	   0.079950	     123.34	    0.21210	-9.7531e+92	-9.7531e+92	   0.026408	  0.0011042	 0.00016181	 0.00094677	  -0.058846	  -0.032205	
24	1	   0.014716	  0.0061397	     142.19	    0.12292	-9.7531e+92	-9.7531e+92	  0.0075438	 8.8807e-05	     0.0000	     0.0000	 -0.0043282	   0.013478	
24	2	 3.3623e-10	 1.4027e-10	     210.29	   0.026336	-9.7531e+92	-9.7531e+92	 0.00031501	 4.2779e-07	     0.0000	-0.00025401	-2.2129e-05	  0.0022699	
24	3	 3.0195e-11	 1.2597e-11	     270.69	  0.0096323	-9.7531e+92	-9.7531e+92	 8.8278e-05	 4.2059e-07	     0.0000	-0.00021301	-2.1768e-05	  0.0012759	
24	4	 9.3586e-11	 3.9044e-11	     253.16	   0.012581	-9.7531e+92	-9.7531e+92	 8.4722e-05	 4.2254e-07	     0.0000	-0.00020606	-2.2733e-05	  0.0011579	
24	5	 0.00091378	 0.00038123	     106.34	    0.36810	-9.7531e+92	-9.7531e+92	  0.0073528	 6.1330e-06	     0.0000	 -0.0010286	-0.00034029	   0.012922	
24	6	   0.018917	  0.0078920	     108.13	    0.34637	-9.7531e+92	-9.7531e+92	   0.015516	 0.00011537	     0.0000	     0.0000	 -0.0064426	   0.029706	
24	7	   0.067586	   0.028197	     84.614	    0.80724	-9.7531e+92	-9.7531e+92	   0.014304	 0.00043464	     0.0000	-9.8465e-05	  -0.023498	  0.0016536	
24	8	  0.0055566	  0.0023182	     77.960	     1.0389	-9.7531e+92	-9.7531e+92	  0.0028962	 3.3443e-05	     0.0000	-0.00018320	 -0.0017941	  0.0030407	
24	9	 0.00023342	 9.7384e-05	     149.07	    0.10229	-9.7531e+92	-9.7531e+92	  0.0096954	 1.8095e-06	     0.0000	-0.00012976	-0.00010268	   0.040935	
24	10	 4.7598e-05	 1.9858e-05	     102.71	    0.41717	-9.7531e+92	-9.7531e+92	 0.00013160	 7.4764e-07	     0.0000	-3.0549e-05	-3.7896e-05	 0.00027018	
24	11	   0.039342	   0.016413	     56.094	     2.2676	-9.7531e+92	-9.7531e+92	  0.0043963	 0.00020789	  0.0032674	 0.00019304	 -0.0040336	 -0.0020878	
24	12	 3.2373e-11	 1.3506e-11	     132.31	    0.16230	-9.7531e+92	-9.7531e+92	 0.00014595	 4.4926e-07	     0.0000	-0.00013128	-2.3466e-05	 0.00092630	
24	13	    0.13138	   0.054813	     142.21	    0.12286	-9.7531e+92	-9.7531e+92	   0.022153	 0.00072449	     0.0000	 0.00017794	  -0.039705	  -0.010747	
24	14	  0.0016297	 0.00067992	     150.00	   0.099849	-9.7531e+92	-9.7531e+92	   0.011108	 1.0353e-05	     0.0000	 -0.0014113	-0.00049527	   0.029275	
24	15	 1.8344e-11	 7.6529e-12	     189.75	   0.039594	-9.7531e+92	-9.7531e+92	 0.00017760	 4.3364e-07	     0.0000	-0.00013066	-2.3239e-05	  0.0015214	
24	16	 2.3771e-11	 9.9170e-12	     177.80	   0.051213	-9.7531e+92	-9.7531e+92	 1.5893e-05	 4.6481e-07	     0.0000	-3.7824e-06	-2.4099e-05	 2.6806e-05	
24	17	 1.1949e-11	 4.9852e-12	     325.25	  0.0046269	-9.7531e+92	-9.7531e+92	 1.6098e-05	 4.6537e-07	     0.0000	-1.3503e-05	-2.4058e-05	 6.3312e-05	
24	18	    0.24219	    0.10104	     74.739	     1.1738	-9.7531e+92	-9.7531e+92	   0.041745	  0.0012889	     0.0000	 0.00066625	  -0.082744	  -0.035488	
24	19	 1.9518e-10	 8.1428e-11	     150.08	   0.099629	-9.7531e+92	-9.7531e+92	  0.0016586	 4.1871e-07	     0.0000	-0.00078384	-2.3451e-05	  0.0067873	
24	20	 1.1006e-05	 4.5916e-06	     121.85	    0.22210	-9.7531e+92	-9.7531e+92	 0.00081610	 4.9278e-07	     0.0000	-0.00047709	-2.6935e-05	  0.0042608	
24	21	   0.015832	  0.0066052	     85.071	    0.79345	-9.7531e+92	-9.7531e+92	  0.0082290	 0.00010052	     0.0000	     0.0000	 -0.0054305	  0.0073077	
24	22	 4.4448e-11	 1.8544e-11	     237.89	   0.016122	-9.7531e+92	-9.7531e+92	 1.9818e-05	 4.5957e-07	     0.0000	-2.5112e-05	-2.3908e-05	 0.00014057	
24	23	    0.27001	    0.11265	     40.708	     3.3006	-9.7531e+92	-9.7531e+92	   0.033597	  0.0016426	   0.020931	 0.00015909	  -0.082530	  -0.061947	
24	24	     0.0000	     0.0000	     0.0000	     4.0000	-9.7531e+92	-9.7531e+92	    0.20874	     0.0000	    0.20856	     0.0000	     0.0000	     0.0000	
