#source	Target	value	weight	distance	potential1	geneCorrelation	separation	influenceWeight	betweenness	influence'Weight	betweenness'	nbetweenness	nbetweenness'	
0	0	     0.0000	     0.0000	     0.0000	     4.0000	-9.7531e+92	-9.7531e+92	     6.3364	     0.0000	     4.7260	     0.0000	     0.0000	     0.0000	
0	1	   0.092106	     1.0843	     35.562	     3.5606	-9.7531e+92	-9.7531e+92	    0.48094	   0.053553	     0.0000	 0.00049646	    0.71592	 -0.0031297	
0	2	 2.2906e-09	 2.6967e-08	     211.35	   0.025814	-9.7531e+92	-9.7531e+92	    0.22327	 6.6661e-05	     0.0000	  -0.013730	  0.0011942	   0.040500	
0	3	 1.9377e-10	 2.2812e-09	     273.88	  0.0091920	-9.7531e+92	-9.7531e+92	   0.016299	 7.3559e-05	     0.0000	 -0.0060606	  0.0012455	  0.0074164	
0	4	 5.4995e-10	 6.4743e-09	     281.58	  0.0082298	-9.7531e+92	-9.7531e+92	   0.014063	 7.1807e-05	     0.0000	 -0.0075240	  0.0011721	  0.0088496	
0	5	 1.3166e-09	 1.5500e-08	     169.69	   0.061568	-9.7531e+92	-9.7531e+92	   0.023204	 7.0804e-05	     0.0000	 -0.0010728	  0.0011649	  0.0042860	
0	6	    0.14539	     1.7116	     105.31	    0.38136	-9.7531e+92	-9.7531e+92	    0.71213	    0.12207	     0.0000	     0.0000	     2.6471	  -0.016176	
0	7	    0.16122	     1.8980	     80.265	    0.95180	-9.7531e+92	-9.7531e+92	    0.64315	    0.14986	     0.0000	     0.0000	     2.8596	  -0.058374	
0	8	 7.3318e-10	 8.6314e-09	     172.11	   0.058221	-9.7531e+92	-9.7531e+92	  0.0030101	 7.4595e-05	     0.0000	-0.00070172	  0.0011182	 0.00081772	
0	9	    0.12146	     1.4299	     86.890	    0.74099	-9.7531e+92	-9.7531e+92	    0.75452	   0.067578	     0.0000	     0.0000	     2.3630	     0.0000	
0	10	 7.4576e-10	 8.7794e-09	     210.64	   0.026161	-9.7531e+92	-9.7531e+92	 0.00071006	 7.7529e-05	     0.0000	-0.00020331	  0.0010851	 0.00018922	
0	11	 7.9677e-10	 9.3800e-09	     167.10	   0.065400	-9.7531e+92	-9.7531e+92	 0.00071066	 7.5473e-05	     0.0000	-0.00012633	  0.0011248	 0.00014773	
0	12	 2.9566e-09	 3.4806e-08	     226.76	   0.019512	-9.7531e+92	-9.7531e+92	 0.00059557	 7.8749e-05	     0.0000	-0.00021411	  0.0010806	 0.00018709	
0	13	    0.13908	     1.6373	     86.013	    0.76580	-9.7531e+92	-9.7531e+92	    0.74332	    0.10614	     0.0000	  0.0027272	     1.9946	 -0.0071865	
0	14	    0.10197	     1.2005	     114.85	    0.27729	-9.7531e+92	-9.7531e+92	    0.55692	    0.10311	     0.0000	  0.0038252	     1.8811	 -0.0062408	
0	15	 9.1643e-10	 1.0789e-08	     189.51	   0.039789	-9.7531e+92	-9.7531e+92	   0.038553	 7.3837e-05	     0.0000	 -0.0040503	  0.0011381	   0.010598	
0	16	 1.3047e-10	 1.5360e-09	     217.18	   0.023165	-9.7531e+92	-9.7531e+92	  0.0010449	 7.8668e-05	     0.0000	-0.00026564	  0.0010800	 0.00044402	
0	17	 1.5137e-09	 1.7820e-08	     353.56	  0.0033150	-9.7531e+92	-9.7531e+92	  0.0022933	 7.7159e-05	     0.0000	 -0.0024924	  0.0010704	  0.0027883	
0	18	   0.087733	     1.0328	     116.29	    0.26473	-9.7531e+92	-9.7531e+92	    0.48744	   0.084024	     0.0000	 0.00086534	     1.5428	  -0.011525	
0	19	 8.0198e-10	 9.4413e-09	     234.49	   0.017074	-9.7531e+92	-9.7531e+92	  0.0010822	 7.6049e-05	     0.0000	-0.00054317	  0.0011039	 0.00061619	
0	20	 2.6068e-10	 3.0689e-09	     206.61	   0.028245	-9.7531e+92	-9.7531e+92	  0.0016631	 7.5669e-05	     0.0000	-0.00062101	  0.0011080	 0.00069201	
0	21	    0.14698	     1.7303	     39.458	     3.3697	-9.7531e+92	-9.7531e+92	    0.70578	    0.11630	     0.0000	  0.0029783	     2.5778	  -0.035101	
0	22	 1.4442e-09	 1.7002e-08	     321.47	  0.0048482	-9.7531e+92	-9.7531e+92	  0.0013688	 7.9116e-05	     0.0000	 -0.0013997	  0.0010788	  0.0015095	
0	23	  0.0040599	   0.047795	     119.13	    0.24186	-9.7531e+92	-9.7531e+92	   0.021919	  0.0042443	     0.0000	 0.00017817	   0.074941	-0.00066616	
0	24	 1.0951e-10	 1.2892e-09	     123.34	    0.21210	-9.7531e+92	-9.7531e+92	 0.00095394	 6.5059e-05	     0.0000	-2.7617e-05	  0.0012779	 9.8362e-05	
1	0	    0.19143	     2.3576	     35.562	     3.5606	-9.7531e+92	-9.7531e+92	    0.98472	   0.068153	     0.0000	     0.0000	     1.3183	     0.0000	
1	1	     0.0000	     0.0000	     0.0000	     4.0000	-9.7531e+92	-9.7531e+92	     6.3950	     0.0000	     5.6227	     0.0000	     0.0000	     0.0000	
1	2	  0.0023645	   0.029121	     184.62	   0.044134	-9.7531e+92	-9.7531e+92	    0.26026	  0.0013739	     0.0000	     0.0000	   0.028962	     0.0000	
1	3	 4.9611e-11	 6.1101e-10	     244.14	   0.014539	-9.7531e+92	-9.7531e+92	   0.020456	 3.9779e-05	     0.0000	     0.0000	 0.00081210	     0.0000	
1	4	 8.1209e-12	 1.0002e-10	     272.02	  0.0094459	-9.7531e+92	-9.7531e+92	   0.016766	 3.9060e-05	     0.0000	     0.0000	 0.00078218	     0.0000	
1	5	 0.00018581	  0.0022884	     161.91	   0.074033	-9.7531e+92	-9.7531e+92	   0.019375	 0.00015009	     0.0000	     0.0000	  0.0029381	     0.0000	
1	6	   0.028726	    0.35379	     96.519	    0.51972	-9.7531e+92	-9.7531e+92	    0.39885	   0.015498	     0.0000	     0.0000	    0.33884	     0.0000	
1	7	   0.045719	    0.56307	     75.481	     1.1413	-9.7531e+92	-9.7531e+92	    0.36566	   0.022302	     0.0000	     0.0000	    0.54985	     0.0000	
1	8	 5.7394e-12	 7.0686e-11	     184.58	   0.044171	-9.7531e+92	-9.7531e+92	  0.0022905	 4.0477e-05	     0.0000	     0.0000	 0.00075981	     0.0000	
1	9	   0.082211	     1.0125	     55.376	     2.3181	-9.7531e+92	-9.7531e+92	    0.56544	   0.037117	     0.0000	     0.0000	    0.98508	     0.0000	
1	10	 1.9234e-11	 2.3688e-10	     228.04	   0.019080	-9.7531e+92	-9.7531e+92	 0.00066925	 4.1923e-05	     0.0000	     0.0000	 0.00074418	     0.0000	
1	11	 1.9338e-11	 2.3816e-10	     185.20	   0.043588	-9.7531e+92	-9.7531e+92	 0.00063738	 4.1156e-05	     0.0000	     0.0000	 0.00076220	     0.0000	
1	12	 5.6870e-12	 7.0040e-11	     231.78	   0.017881	-9.7531e+92	-9.7531e+92	 0.00059810	 4.2642e-05	     0.0000	     0.0000	 0.00074027	     0.0000	
1	13	    0.35566	     4.3803	     57.043	     2.2015	-9.7531e+92	-9.7531e+92	     1.3678	    0.14216	   0.096738	     0.0000	     2.9710	     0.0000	
1	14	    0.11186	     1.3776	     88.839	    0.68891	-9.7531e+92	-9.7531e+92	    0.61927	   0.062190	     0.0000	     0.0000	     1.3319	     0.0000	
1	15	 2.8356e-10	 3.4923e-09	     167.83	   0.064291	-9.7531e+92	-9.7531e+92	   0.063165	 3.9750e-05	     0.0000	     0.0000	 0.00077509	     0.0000	
1	16	 1.9530e-12	 2.4053e-11	     207.46	   0.027791	-9.7531e+92	-9.7531e+92	  0.0011877	 4.2879e-05	     0.0000	     0.0000	 0.00073936	     0.0000	
1	17	 6.1228e-11	 7.5408e-10	     342.57	  0.0037606	-9.7531e+92	-9.7531e+92	  0.0026761	 4.1853e-05	     0.0000	     0.0000	 0.00073237	     0.0000	
1	18	   0.036181	    0.44560	     111.77	    0.30668	-9.7531e+92	-9.7531e+92	    0.37247	   0.018189	     0.0000	     0.0000	    0.40718	     0.0000	
1	19	 1.5634e-10	 1.9255e-09	     226.57	   0.019575	-9.7531e+92	-9.7531e+92	  0.0010537	 4.1286e-05	     0.0000	     0.0000	 0.00075157	     0.0000	
1	20	 6.7896e-12	 8.3620e-11	     199.20	   0.032652	-9.7531e+92	-9.7531e+92	  0.0014918	 4.1079e-05	     0.0000	     0.0000	 0.00075361	     0.0000	
1	21	    0.14566	     1.7939	     57.297	     2.1839	-9.7531e+92	-9.7531e+92	    0.84343	   0.065160	     0.0000	     0.0000	     1.6985	     0.0000	
1	22	 5.1215e-11	 6.3076e-10	     312.59	  0.0054224	-9.7531e+92	-9.7531e+92	  0.0015721	 4.2944e-05	     0.0000	     0.0000	 0.00073615	     0.0000	
1	23	 2.3779e-10	 2.9286e-09	     132.72	    0.16037	-9.7531e+92	-9.7531e+92	  0.0091218	 3.8884e-05	     0.0000	     0.0000	 0.00078436	     0.0000	
1	24	 3.4984e-11	 4.3085e-10	     142.19	    0.12292	-9.7531e+92	-9.7531e+92	 0.00076714	 3.7306e-05	     0.0000	     0.0000	 0.00081727	     0.0000	
2	0	  0.0017286	  0.0061814	     211.35	   0.025814	-9.7531e+92	-9.7531e+92	    0.10235	  0.0018266	     0.0000	     0.0000	   0.016162	   -0.96382	
2	1	   0.013620	   0.048706	     184.62	   0.044134	-9.7531e+92	-9.7531e+92	   0.046290	   0.014069	     0.0000	 -0.0097228	    0.12116	   -0.35769	
2	2	     0.0000	     0.0000	     0.0000	     4.0000	-9.7531e+92	-9.7531e+92	     1.8894	     0.0000	     1.5963	     0.0000	     0.0000	     0.0000	
2	3	   0.098002	    0.35045	     63.167	     1.7950	-9.7531e+92	-9.7531e+92	    0.11310	   0.065151	   0.057013	    0.17793	   0.041539	    0.26161	
2	4	   0.087467	    0.31277	     91.235	    0.63030	-9.7531e+92	-9.7531e+92	    0.10630	   0.066636	   0.048430	    0.28505	    0.34521	    0.33961	
2	5	  0.0032568	   0.011646	     120.45	    0.23204	-9.7531e+92	-9.7531e+92	  0.0060920	  0.0039681	     0.0000	 -0.0069660	  0.0079003	  -0.017151	
2	6	    0.56721	     2.0283	     118.53	    0.24644	-9.7531e+92	-9.7531e+92	    0.56381	    0.65476	    0.14586	     1.0000	     1.4694	     1.9474	
2	7	 0.00045919	  0.0016420	     153.12	   0.092143	-9.7531e+92	-9.7531e+92	   0.027983	 0.00058606	     0.0000	     0.0000	  0.0014826	   -0.24985	
2	8	 1.3863e-11	 4.9572e-11	     174.51	   0.055125	-9.7531e+92	-9.7531e+92	 0.00052680	 8.1735e-05	     0.0000	 -0.0082116	 9.8071e-05	 -0.0053622	
2	9	  0.0011318	  0.0040472	     133.64	    0.15619	-9.7531e+92	-9.7531e+92	    0.25189	  0.0012982	     0.0000	   -0.14911	  0.0032306	   -0.57863	
2	10	 6.8047e-11	 2.4333e-10	     213.20	   0.024934	-9.7531e+92	-9.7531e+92	 0.00018717	 8.3699e-05	     0.0000	 -0.0023791	 6.4072e-05	 -0.0011712	
2	11	 5.2641e-11	 1.8824e-10	     197.83	   0.033565	-9.7531e+92	-9.7531e+92	 0.00016819	 8.3972e-05	     0.0000	 -0.0014783	 7.0786e-05	-0.00091503	
2	12	 9.7326e-12	 3.4803e-11	     181.48	   0.047226	-9.7531e+92	-9.7531e+92	 0.00023329	 8.4247e-05	     0.0000	 -0.0025056	 7.0909e-05	 -0.0011593	
2	13	   0.074104	    0.26499	     127.66	    0.18612	-9.7531e+92	-9.7531e+92	    0.13152	   0.075504	     0.0000	  -0.025994	    0.52113	   -0.19508	
2	14	   0.072510	    0.25929	     97.273	    0.50580	-9.7531e+92	-9.7531e+92	    0.13845	   0.033553	     0.0000	     0.0000	   -0.45670	   0.028809	
2	15	   0.072639	    0.25975	     21.827	     3.9312	-9.7531e+92	-9.7531e+92	   0.088298	   0.058458	   0.024034	   0.054510	    0.38591	    0.27406	
2	16	  0.0044192	   0.015803	     68.097	     1.5042	-9.7531e+92	-9.7531e+92	  0.0053418	  0.0039757	  0.0026331	   0.010849	   0.038864	   0.026246	
2	17	 8.8834e-12	 3.1767e-11	     160.64	   0.076357	-9.7531e+92	-9.7531e+92	   0.014453	 6.2738e-05	     0.0000	  -0.026029	 0.00035216	  -0.017277	
2	18	  0.0034408	   0.012304	     137.27	    0.14087	-9.7531e+92	-9.7531e+92	   0.036937	  0.0039583	     0.0000	  -0.026701	   0.013122	   -0.29269	
2	19	 9.9084e-12	 3.5432e-11	     139.30	    0.13308	-9.7531e+92	-9.7531e+92	  0.0010764	 8.0337e-05	     0.0000	 -0.0063563	 0.00012417	 -0.0039884	
2	20	 1.5612e-05	 5.5828e-05	     139.77	    0.13137	-9.7531e+92	-9.7531e+92	 0.00071782	 0.00010018	     0.0000	 -0.0071660	 0.00013348	 -0.0044578	
2	21	 1.6304e-11	 5.8301e-11	     197.19	   0.033993	-9.7531e+92	-9.7531e+92	   0.041843	 7.3546e-05	     0.0000	  -0.044162	 0.00020711	   -0.37029	
2	22	 4.4216e-11	 1.5811e-10	     161.29	   0.075160	-9.7531e+92	-9.7531e+92	  0.0073741	 6.7546e-05	     0.0000	  -0.015353	 0.00031853	 -0.0095336	
2	23	 3.7353e-11	 1.3357e-10	     168.40	   0.063436	-9.7531e+92	-9.7531e+92	  0.0010720	 8.1202e-05	     0.0000	 -0.0058652	 0.00010616	  -0.011891	
2	24	 3.0674e-11	 1.0969e-10	     210.29	   0.026336	-9.7531e+92	-9.7531e+92	 0.00015260	 8.2350e-05	     0.0000	-0.00032318	 8.5073e-05	-0.00061031	
3	0	 0.00017774	 0.00071448	     273.88	  0.0091920	-9.7531e+92	-9.7531e+92	   0.045009	 5.1760e-05	     0.0000	     0.0000	 -0.0014536	    0.74116	
3	1	  0.0078818	   0.031683	     244.14	   0.014539	-9.7531e+92	-9.7531e+92	   0.033032	  0.0017244	     0.0000	 -0.0032762	  -0.046382	    0.29058	
3	2	    0.41944	     1.6860	     63.167	     1.7950	-9.7531e+92	-9.7531e+92	    0.56597	   0.068722	    0.23649	    0.10826	    -3.8394	    -2.5576	
3	3	     0.0000	     0.0000	     0.0000	     4.0000	-9.7531e+92	-9.7531e+92	     2.0999	     0.0000	     2.0368	     0.0000	     0.0000	     0.0000	
3	4	    0.27938	     1.1230	     82.606	    0.87092	-9.7531e+92	-9.7531e+92	    0.34100	   0.030231	    0.27595	    0.12123	    -2.2895	    -1.8238	
3	5	 6.7781e-10	 2.7247e-09	     167.87	   0.064235	-9.7531e+92	-9.7531e+92	  0.0042604	 1.5612e-05	     0.0000	 -0.0037878	-0.00061593	   0.056589	
3	6	 2.1578e-10	 8.6737e-10	     180.81	   0.047921	-9.7531e+92	-9.7531e+92	    0.17993	 1.5156e-05	     0.0000	  -0.078419	-0.00060836	    0.89555	
3	7	 2.8642e-10	 1.1513e-09	     215.68	   0.023812	-9.7531e+92	-9.7531e+92	   0.016724	 1.5012e-05	     0.0000	     0.0000	-0.00060474	    0.43998	
3	8	 3.0290e-11	 1.2176e-10	     221.29	   0.021502	-9.7531e+92	-9.7531e+92	 0.00057589	 1.5505e-05	     0.0000	 -0.0024776	-0.00063235	   0.010477	
3	9	 8.0209e-11	 3.2242e-10	     191.41	   0.038254	-9.7531e+92	-9.7531e+92	   0.089826	 1.4588e-05	     0.0000	  -0.045370	-0.00060707	     1.0285	
3	10	 1.5183e-11	 6.1032e-11	     258.79	   0.011525	-9.7531e+92	-9.7531e+92	 0.00021710	 1.5718e-05	     0.0000	-0.00071782	-0.00064213	  0.0023828	
3	11	 1.3202e-11	 5.3067e-11	     244.71	   0.014404	-9.7531e+92	-9.7531e+92	 0.00018629	 1.5902e-05	     0.0000	-0.00044602	-0.00064162	  0.0018607	
3	12	 5.9224e-11	 2.3807e-10	     227.10	   0.019395	-9.7531e+92	-9.7531e+92	 0.00037955	 1.5853e-05	     0.0000	-0.00075598	-0.00064131	  0.0023568	
3	13	   0.063114	    0.25370	     188.65	   0.040519	-9.7531e+92	-9.7531e+92	    0.12745	   0.013199	     0.0000	  -0.010707	   -0.42735	    0.23218	
3	14	   0.034486	    0.13863	     161.01	   0.075671	-9.7531e+92	-9.7531e+92	    0.13852	  0.0062494	     0.0000	  -0.038045	   -0.29913	    0.36003	
3	15	    0.19400	    0.77986	     84.108	    0.82281	-9.7531e+92	-9.7531e+92	    0.23970	   0.033303	    0.16746	   0.077867	    -1.5118	    -1.1913	
3	16	 2.0952e-11	 8.4222e-11	     111.94	    0.30495	-9.7531e+92	-9.7531e+92	  0.0047346	 1.3113e-05	  0.0016897	-0.00061384	-0.00051342	  0.0048101	
3	17	 4.9166e-11	 1.9764e-10	     122.41	    0.21829	-9.7531e+92	-9.7531e+92	   0.046112	 9.4226e-06	   0.028170	 -0.0030486	-0.00031680	   0.017432	
3	18	  0.0015191	  0.0061063	     199.21	   0.032649	-9.7531e+92	-9.7531e+92	   0.024183	 0.00035873	     0.0000	 -0.0083094	  -0.013606	    0.45915	
3	19	 9.6269e-12	 3.8698e-11	     184.07	   0.044655	-9.7531e+92	-9.7531e+92	  0.0027193	 1.5424e-05	     0.0000	 -0.0019178	-0.00063075	  0.0078637	
3	20	 5.6090e-11	 2.2547e-10	     185.64	   0.043179	-9.7531e+92	-9.7531e+92	  0.0012943	 1.5477e-05	     0.0000	 -0.0021926	-0.00063199	  0.0088562	
3	21	 2.6326e-10	 1.0582e-09	     259.71	   0.011362	-9.7531e+92	-9.7531e+92	   0.033422	 1.4834e-05	     0.0000	  -0.013324	-0.00059421	    0.61682	
3	22	 5.5666e-11	 2.2376e-10	     164.94	   0.068842	-9.7531e+92	-9.7531e+92	   0.023396	 1.1634e-05	   0.013469	 -0.0028054	-0.00049202	   0.015763	
3	23	 1.4207e-10	 5.7109e-10	     228.38	   0.018966	-9.7531e+92	-9.7531e+92	 0.00072896	 1.5792e-05	     0.0000	 -0.0017696	-0.00063599	   0.023774	
3	24	 2.1281e-10	 8.5547e-10	     270.69	  0.0096323	-9.7531e+92	-9.7531e+92	 0.00015893	 1.5895e-05	     0.0000	-9.7508e-05	-0.00064006	  0.0012395	
4	0	 9.0138e-11	 2.1143e-10	     281.58	  0.0082298	-9.7531e+92	-9.7531e+92	   0.017209	 1.9567e-05	     0.0000	     0.0000	-0.00095794	     1.8737	
4	1	 5.4751e-05	 0.00012842	     272.02	  0.0094459	-9.7531e+92	-9.7531e+92	  0.0096364	 3.6788e-05	     0.0000	 -0.0062173	 -0.0017118	    0.84246	
4	2	    0.28260	    0.66287	     91.235	    0.63030	-9.7531e+92	-9.7531e+92	    0.26069	   0.067842	   0.068433	    0.12380	    -5.4701	    -3.5273	
4	3	    0.22274	    0.52245	     82.606	    0.87092	-9.7531e+92	-9.7531e+92	    0.18477	   0.029056	    0.14798	    0.10812	    -4.6775	    -3.9583	
4	4	     0.0000	     0.0000	     0.0000	     4.0000	-9.7531e+92	-9.7531e+92	     1.2868	     0.0000	     1.2488	     0.0000	     0.0000	     0.0000	
4	5	  0.0021929	  0.0051436	     147.08	    0.10778	-9.7531e+92	-9.7531e+92	  0.0056718	 0.00072098	     0.0000	 -0.0044054	  -0.045146	   0.093616	
4	6	 1.3537e-11	 3.1752e-11	     179.35	   0.049487	-9.7531e+92	-9.7531e+92	   0.081634	 2.0726e-05	     0.0000	   -0.13024	 -0.0013212	     2.1192	
4	7	 2.8966e-11	 6.7942e-11	     209.16	   0.026904	-9.7531e+92	-9.7531e+92	  0.0057710	 2.0667e-05	     0.0000	     0.0000	 -0.0013156	     1.0418	
4	8	 3.9788e-11	 9.3327e-11	     186.41	   0.042479	-9.7531e+92	-9.7531e+92	 0.00091450	 2.1054e-05	     0.0000	 -0.0041148	 -0.0013604	   0.024674	
4	9	 4.0203e-11	 9.4301e-11	     223.28	   0.020749	-9.7531e+92	-9.7531e+92	   0.038495	 2.0067e-05	     0.0000	  -0.075350	 -0.0013193	     2.4343	
4	10	 9.8354e-11	 2.3070e-10	     204.61	   0.029363	-9.7531e+92	-9.7531e+92	 0.00021689	 2.1300e-05	     0.0000	 -0.0011922	 -0.0013761	  0.0056015	
4	11	 3.3317e-12	 7.8149e-12	     218.09	   0.022784	-9.7531e+92	-9.7531e+92	 0.00015011	 2.1593e-05	     0.0000	-0.00074076	 -0.0013758	  0.0043743	
4	12	 3.6151e-12	 8.4796e-12	     165.11	   0.068567	-9.7531e+92	-9.7531e+92	 0.00085727	 2.1461e-05	 8.9044e-06	 -0.0012555	 -0.0013735	  0.0055405	
4	13	  0.0064064	   0.015027	     217.30	   0.023117	-9.7531e+92	-9.7531e+92	   0.033365	  0.0019161	     0.0000	  -0.043305	  -0.099345	     1.3944	
4	14	  0.0073926	   0.017340	     184.55	   0.044193	-9.7531e+92	-9.7531e+92	   0.042649	  0.0019666	     0.0000	   -0.10696	   -0.13783	     1.3162	
4	15	   0.062155	    0.14579	     106.18	    0.37015	-9.7531e+92	-9.7531e+92	   0.069460	   0.016845	   0.027307	   0.045967	    -1.2093	   -0.80644	
4	16	   0.018660	   0.043770	     75.439	     1.1432	-9.7531e+92	-9.7531e+92	   0.012694	  0.0047223	   0.010918	   0.023590	   -0.30607	   -0.27745	
4	17	    0.26849	    0.62978	     73.525	     1.2289	-9.7531e+92	-9.7531e+92	    0.17357	   0.039175	    0.16310	    0.15266	    -2.8737	    -2.5743	
4	18	 0.00075911	  0.0017806	     186.18	   0.042684	-9.7531e+92	-9.7531e+92	  0.0097324	 0.00025625	     0.0000	  -0.013967	  -0.015593	     1.1087	
4	19	  0.0033095	  0.0077629	     119.82	    0.23665	-9.7531e+92	-9.7531e+92	  0.0094213	  0.0010523	  0.0069358	  0.0074124	  -0.068239	  -0.043081	
4	20	 0.00011957	 0.00028046	     135.08	    0.14987	-9.7531e+92	-9.7531e+92	  0.0037959	 5.8568e-05	  0.0010115	 -0.0032536	 -0.0037920	   0.018633	
4	21	 7.3301e-12	 1.7194e-11	     253.96	   0.012424	-9.7531e+92	-9.7531e+92	  0.0095535	 2.0373e-05	     0.0000	  -0.022129	 -0.0012972	     1.4642	
4	22	    0.12512	    0.29348	     82.638	    0.86986	-9.7531e+92	-9.7531e+92	   0.087839	   0.020735	   0.082046	    0.12431	    -1.4387	    -1.2891	
4	23	 1.6193e-11	 3.7983e-11	     212.30	   0.025355	-9.7531e+92	-9.7531e+92	 0.00041740	 2.1561e-05	     0.0000	 -0.0029390	 -0.0013680	   0.055930	
4	24	 3.0866e-11	 7.2400e-11	     253.16	   0.012581	-9.7531e+92	-9.7531e+92	 9.1306e-05	 2.1713e-05	     0.0000	-0.00016194	 -0.0013745	  0.0029141	
5	0	  0.0085791	   0.012837	     169.69	   0.061568	-9.7531e+92	-9.7531e+92	   0.046043	  0.0015845	     0.0000	     0.0000	   -0.17666	     2.3321	
5	1	  0.0082491	   0.012343	     161.91	   0.074033	-9.7531e+92	-9.7531e+92	   0.021657	  0.0015935	     0.0000	 -0.0036511	   -0.16685	    0.97656	
5	2	  0.0055456	  0.0082979	     120.45	    0.23204	-9.7531e+92	-9.7531e+92	   0.024095	  0.0011041	     0.0000	  -0.050708	   -0.13825	     1.6743	
5	3	 1.4396e-06	 2.1540e-06	     167.87	   0.064235	-9.7531e+92	-9.7531e+92	  0.0017431	 1.3673e-05	     0.0000	  -0.024001	 -0.0016633	    0.33929	
5	4	 3.4262e-06	 5.1266e-06	     147.08	    0.10778	-9.7531e+92	-9.7531e+92	  0.0016133	 1.3248e-05	     0.0000	  -0.029643	 -0.0017735	    0.36233	
5	5	     0.0000	     0.0000	     0.0000	     4.0000	-9.7531e+92	-9.7531e+92	    0.76063	     0.0000	    0.74960	     0.0000	     0.0000	     0.0000	
5	6	    0.48123	    0.72006	     72.218	     1.2908	-9.7531e+92	-9.7531e+92	    0.21760	   0.096245	   0.042718	    0.27386	    -12.291	    -8.2576	
5	7	   0.034726	   0.051960	     89.752	    0.66590	-9.7531e+92	-9.7531e+92	   0.032091	  0.0068356	     0.0000	     0.0000	   -0.88493	    0.51980	
5	8	   0.040180	   0.060121	     54.235	     2.3987	-9.7531e+92	-9.7531e+92	   0.018907	  0.0055757	   0.016822	   0.040762	   -0.89249	   -0.75873	
5	9	 3.4228e-05	 5.1216e-05	     134.70	    0.15149	-9.7531e+92	-9.7531e+92	   0.097665	 1.9481e-05	     0.0000	  -0.050889	 -0.0025775	     3.0472	
5	10	 1.7072e-06	 2.5545e-06	     93.726	    0.57518	-9.7531e+92	-9.7531e+92	  0.0016891	 1.1407e-05	  0.0011431	-0.00057329	 -0.0016384	  0.0063285	
5	11	 0.00034405	 0.00051479	     77.490	     1.0576	-9.7531e+92	-9.7531e+92	  0.0013960	 7.1807e-05	 0.00094774	 0.00017548	 -0.0098550	 -0.0023667	
5	12	 0.00022768	 0.00034067	     80.590	    0.94012	-9.7531e+92	-9.7531e+92	  0.0018380	 4.4974e-05	  0.0012968	-0.00011760	 -0.0066262	  0.0013492	
5	13	   0.045591	   0.068217	     125.66	    0.19761	-9.7531e+92	-9.7531e+92	   0.047472	  0.0084979	     0.0000	  -0.017434	   -0.97511	     1.0901	
5	14	   0.073252	    0.10961	     108.09	    0.34690	-9.7531e+92	-9.7531e+92	   0.054201	   0.014581	     0.0000	  -0.013782	    -1.7371	    0.28839	
5	15	  0.0019310	  0.0028893	     104.94	    0.38615	-9.7531e+92	-9.7531e+92	  0.0037287	 0.00040877	     0.0000	  -0.014317	  -0.051462	    0.36629	
5	16	 3.2175e-05	 4.8143e-05	     71.546	     1.3237	-9.7531e+92	-9.7531e+92	 0.00014068	 1.9825e-05	     0.0000	-0.00091751	 -0.0024989	   0.014945	
5	17	 1.7844e-13	 2.6700e-13	     219.60	   0.022168	-9.7531e+92	-9.7531e+92	 0.00026807	 1.3459e-05	     0.0000	 -0.0098447	 -0.0017548	    0.10271	
5	18	    0.20028	    0.29968	     53.346	     2.4617	-9.7531e+92	-9.7531e+92	   0.096988	   0.033599	 0.00045822	  0.0042039	    -5.0002	    -3.0026	
5	19	   0.022375	   0.033479	     64.874	     1.6901	-9.7531e+92	-9.7531e+92	   0.011455	  0.0027901	  0.0098695	   0.016871	   -0.46551	   -0.38705	
5	20	   0.047470	   0.071029	     39.691	     3.3571	-9.7531e+92	-9.7531e+92	   0.021056	  0.0058588	   0.019280	   0.038056	    -1.0014	   -0.85376	
5	21	 0.00028788	 0.00043075	     132.91	    0.15951	-9.7531e+92	-9.7531e+92	   0.019450	 6.7320e-05	     0.0000	  -0.012890	 -0.0089287	     1.8320	
5	22	 5.1226e-13	 7.6649e-13	     151.89	   0.095092	-9.7531e+92	-9.7531e+92	 0.00016778	 1.3039e-05	     0.0000	 -0.0051039	 -0.0017075	   0.055228	
5	23	   0.029657	   0.044375	     65.633	     1.6449	-9.7531e+92	-9.7531e+92	   0.013937	  0.0053868	  0.0093637	  0.0094191	   -0.72481	   -0.58002	
5	24	 2.5011e-08	 3.7423e-08	     106.34	    0.36810	-9.7531e+92	-9.7531e+92	 0.00030540	 1.3296e-05	     0.0000	-9.7253e-05	 -0.0017334	  0.0036243	
6	0	  0.0097366	   0.018053	     105.31	    0.38136	-9.7531e+92	-9.7531e+92	    0.14955	  0.0097049	     0.0000	     0.0000	   0.039958	  -0.054588	
6	1	   0.012120	   0.022473	     96.519	    0.51972	-9.7531e+92	-9.7531e+92	   0.040119	   0.014477	     0.0000	 -0.0019307	    0.12639	  -0.023635	
6	2	 0.00028206	 0.00052298	     118.53	    0.24644	-9.7531e+92	-9.7531e+92	   0.026566	 0.00028552	     0.0000	 -0.0033775	  0.0012743	   0.070098	
6	3	 2.4132e-06	 4.4744e-06	     180.81	   0.047921	-9.7531e+92	-9.7531e+92	  0.0019438	 8.6116e-05	     0.0000	  -0.010225	 0.00039680	  0.0017161	
6	4	 4.6951e-08	 8.7053e-08	     179.35	   0.049487	-9.7531e+92	-9.7531e+92	  0.0016978	 8.3691e-05	     0.0000	  -0.015206	 0.00035068	  0.0036493	
6	5	  0.0011069	  0.0020524	     72.218	     1.2908	-9.7531e+92	-9.7531e+92	  0.0024151	  0.0011617	     0.0000	-0.00092357	  0.0098905	 -0.0039483	
6	6	     0.0000	     0.0000	     0.0000	     4.0000	-9.7531e+92	-9.7531e+92	    0.96573	     0.0000	    0.74902	     0.0000	     0.0000	     0.0000	
6	7	   0.017744	   0.032899	     34.871	     3.5904	-9.7531e+92	-9.7531e+92	   0.032625	   0.021971	     0.0000	     0.0000	   0.098020	   0.010026	
6	8	 8.7229e-06	 1.6173e-05	     109.28	    0.33318	-9.7531e+92	-9.7531e+92	 0.00028852	 0.00010142	     0.0000	 -0.0014640	 0.00037619	 0.00043768	
6	9	    0.82125	     1.5227	     62.827	     1.8164	-9.7531e+92	-9.7531e+92	    0.41263	     1.0000	    0.16346	    0.14789	     4.1589	   -0.17675	
6	10	 1.0338e-14	 1.9168e-14	     153.37	   0.091543	-9.7531e+92	-9.7531e+92	 9.6030e-05	 9.6868e-05	     0.0000	-0.00044715	 0.00025433	 0.00010749	
6	11	 6.2172e-10	 1.1528e-09	     117.04	    0.25846	-9.7531e+92	-9.7531e+92	 9.0413e-05	 9.4151e-05	     0.0000	-0.00027612	 0.00030049	 8.3873e-05	
6	12	 1.9961e-13	 3.7011e-13	     152.49	   0.093630	-9.7531e+92	-9.7531e+92	 8.7552e-05	 9.7388e-05	     0.0000	-0.00046372	 0.00026553	 0.00010618	
6	13	   0.040187	   0.074513	     53.773	     2.4314	-9.7531e+92	-9.7531e+92	   0.074348	   0.046739	     0.0000	  -0.010853	    0.31239	  -0.020125	
6	14	   0.055668	    0.10322	     41.508	     3.2546	-9.7531e+92	-9.7531e+92	   0.065703	   0.059988	     0.0000	 -0.0041297	    0.25217	 0.00053087	
6	15	 0.00022600	 0.00041903	     96.746	    0.51548	-9.7531e+92	-9.7531e+92	  0.0043163	 0.00038256	     0.0000	 -0.0073933	  0.0014868	  0.0051914	
6	16	 1.3580e-13	 2.5178e-13	     111.89	    0.30549	-9.7531e+92	-9.7531e+92	 0.00013948	 9.0543e-05	     0.0000	-0.00045481	 0.00035045	 0.00025793	
6	17	 4.1246e-13	 7.6476e-13	     251.72	   0.012870	-9.7531e+92	-9.7531e+92	 0.00029146	 9.3392e-05	     0.0000	 -0.0056201	 0.00025479	  0.0015825	
6	18	   0.037765	   0.070022	     36.723	     3.5078	-9.7531e+92	-9.7531e+92	   0.038307	   0.037118	     0.0000	 -0.0018335	    0.16977	  0.0040277	
6	19	 1.6392e-08	 3.0393e-08	     133.74	    0.15573	-9.7531e+92	-9.7531e+92	 0.00014378	 9.0613e-05	     0.0000	 -0.0011161	 0.00033182	 0.00033615	
6	20	 1.2967e-05	 2.4043e-05	     111.59	    0.30852	-9.7531e+92	-9.7531e+92	 0.00020236	 0.00010754	     0.0000	 -0.0012676	 0.00039927	 0.00036988	
6	21	  0.0037195	  0.0068965	     78.899	     1.0025	-9.7531e+92	-9.7531e+92	   0.035306	  0.0047107	     0.0000	 -0.0080842	   0.020279	   0.016899	
6	22	 5.4072e-13	 1.0026e-12	     216.08	   0.023641	-9.7531e+92	-9.7531e+92	 0.00018031	 9.5898e-05	     0.0000	 -0.0031411	 0.00026723	 0.00084239	
6	23	 0.00017310	 0.00032096	     73.330	     1.2380	-9.7531e+92	-9.7531e+92	  0.0010833	 0.00031765	     0.0000	-0.00097850	  0.0013163	 0.00098113	
6	24	 4.2453e-07	 7.8713e-07	     108.13	    0.34637	-9.7531e+92	-9.7531e+92	 9.3070e-05	 9.1901e-05	     0.0000	-6.1898e-05	 0.00031104	 5.5607e-05	
7	0	   0.074982	    0.14914	     80.265	    0.95180	-9.7531e+92	-9.7531e+92	   0.097838	   0.030869	     0.0000	     0.0000	    0.52482	     0.0000	
7	1	    0.11850	    0.23570	     75.481	     1.1413	-9.7531e+92	-9.7531e+92	   0.092550	   0.061984	     0.0000	     0.0000	     1.4477	     0.0000	
7	2	 0.00015134	 0.00030102	     153.12	   0.092143	-9.7531e+92	-9.7531e+92	   0.042068	 0.00015764	     0.0000	     0.0000	  0.0031823	     0.0000	
7	3	 5.0962e-12	 1.0136e-11	     215.68	   0.023812	-9.7531e+92	-9.7531e+92	  0.0031903	 5.0640e-05	     0.0000	     0.0000	 0.00098992	     0.0000	
7	4	 2.1779e-13	 4.3319e-13	     209.16	   0.026904	-9.7531e+92	-9.7531e+92	  0.0026746	 4.8922e-05	     0.0000	     0.0000	 0.00094569	     0.0000	
7	5	  0.0014270	  0.0028383	     89.752	    0.66590	-9.7531e+92	-9.7531e+92	  0.0055371	  0.0010812	     0.0000	     0.0000	   0.021528	     0.0000	
7	6	    0.11588	    0.23048	     34.871	     3.5904	-9.7531e+92	-9.7531e+92	    0.10998	   0.079066	     0.0000	     0.0000	     1.6592	     0.0000	
7	7	     0.0000	     0.0000	     0.0000	     4.0000	-9.7531e+92	-9.7531e+92	     1.0292	     0.0000	    0.91450	     0.0000	     0.0000	     0.0000	
7	8	 4.2039e-05	 8.3615e-05	     109.89	    0.32644	-9.7531e+92	-9.7531e+92	 0.00063155	 8.0253e-05	     0.0000	     0.0000	  0.0015364	     0.0000	
7	9	   0.011268	   0.022412	     64.406	     1.7184	-9.7531e+92	-9.7531e+92	   0.072286	  0.0066305	     0.0000	     0.0000	    0.16424	     0.0000	
7	10	 3.1801e-12	 6.3253e-12	     153.29	   0.091732	-9.7531e+92	-9.7531e+92	 0.00013038	 5.1399e-05	     0.0000	     0.0000	 0.00091603	     0.0000	
7	11	 1.2048e-06	 2.3963e-06	     112.26	    0.30176	-9.7531e+92	-9.7531e+92	 0.00013237	 5.0867e-05	     0.0000	     0.0000	 0.00097003	     0.0000	
7	12	 1.8419e-12	 3.6636e-12	     158.06	   0.081372	-9.7531e+92	-9.7531e+92	 0.00010635	 5.2393e-05	     0.0000	     0.0000	 0.00090915	     0.0000	
7	13	    0.27311	    0.54321	     57.312	     2.1828	-9.7531e+92	-9.7531e+92	    0.18329	    0.14445	     0.0000	     0.0000	     3.1333	     0.0000	
7	14	    0.12204	    0.24273	     65.464	     1.6549	-9.7531e+92	-9.7531e+92	    0.10380	   0.088137	     0.0000	     0.0000	     1.8251	     0.0000	
7	15	 2.0493e-05	 4.0759e-05	     131.62	    0.16559	-9.7531e+92	-9.7531e+92	  0.0088291	 6.6582e-05	     0.0000	     0.0000	  0.0012130	     0.0000	
7	16	 1.3559e-11	 2.6969e-11	     137.28	    0.14083	-9.7531e+92	-9.7531e+92	 0.00019065	 5.3488e-05	     0.0000	     0.0000	 0.00089699	     0.0000	
7	17	 1.8232e-12	 3.6264e-12	     281.54	  0.0082346	-9.7531e+92	-9.7531e+92	 0.00042772	 5.2160e-05	     0.0000	     0.0000	 0.00088868	     0.0000	
7	18	    0.13363	    0.26579	     38.248	     3.4331	-9.7531e+92	-9.7531e+92	    0.10427	   0.079637	     0.0000	     0.0000	     1.8548	     0.0000	
7	19	 1.0222e-11	 2.0331e-11	     154.38	   0.089237	-9.7531e+92	-9.7531e+92	 0.00021201	 5.0732e-05	     0.0000	     0.0000	 0.00092360	     0.0000	
7	20	 1.2215e-06	 2.4296e-06	     126.68	    0.19164	-9.7531e+92	-9.7531e+92	 0.00034307	 5.1243e-05	     0.0000	     0.0000	 0.00094529	     0.0000	
7	21	    0.14396	    0.28634	     44.967	     3.0407	-9.7531e+92	-9.7531e+92	    0.12631	   0.083513	     0.0000	     0.0000	     2.0992	     0.0000	
7	22	 1.8144e-12	 3.6088e-12	     241.36	   0.015218	-9.7531e+92	-9.7531e+92	 0.00025165	 5.3352e-05	     0.0000	     0.0000	 0.00089507	     0.0000	
7	23	  0.0048029	  0.0095530	     58.677	     2.0891	-9.7531e+92	-9.7531e+92	  0.0042462	  0.0032233	     0.0000	     0.0000	   0.078385	     0.0000	
7	24	 0.00018836	 0.00037465	     84.614	    0.80724	-9.7531e+92	-9.7531e+92	 0.00025962	 0.00017159	     0.0000	     0.0000	  0.0039428	     0.0000	
8	0	  0.0026760	  0.0022134	     172.11	   0.058221	-9.7531e+92	-9.7531e+92	   0.012990	 0.00024695	     0.0000	     0.0000	  -0.049482	     2.3579	
8	1	  0.0010404	 0.00086056	     184.58	   0.044171	-9.7531e+92	-9.7531e+92	  0.0081032	 0.00010401	     0.0000	 -0.0026202	  -0.019715	     1.0705	
8	2	 1.5036e-05	 1.2437e-05	     174.51	   0.055125	-9.7531e+92	-9.7531e+92	  0.0055616	 7.6252e-06	     0.0000	  -0.034465	 -0.0017452	     1.7023	
8	3	 8.9915e-12	 7.4373e-12	     221.29	   0.021502	-9.7531e+92	-9.7531e+92	 0.00043632	 6.3040e-06	     0.0000	  -0.015215	 -0.0014124	    0.32200	
8	4	 1.4982e-11	 1.2392e-11	     186.41	   0.042479	-9.7531e+92	-9.7531e+92	 0.00044268	 5.9405e-06	     0.0000	  -0.018845	 -0.0014574	    0.34280	
8	5	    0.26136	    0.21619	     54.235	     2.3987	-9.7531e+92	-9.7531e+92	   0.067471	   0.022548	   0.061374	   0.066284	    -5.6880	    -5.3834	
8	6	  0.0039829	  0.0032945	     109.28	    0.33318	-9.7531e+92	-9.7531e+92	   0.036178	 0.00038320	     0.0000	  -0.053865	  -0.089207	     2.4216	
8	7	  0.0012684	  0.0010492	     109.89	    0.32644	-9.7531e+92	-9.7531e+92	   0.012369	 0.00012661	     0.0000	     0.0000	  -0.029334	     1.2064	
8	8	     0.0000	     0.0000	     0.0000	     4.0000	-9.7531e+92	-9.7531e+92	    0.42948	     0.0000	    0.42833	     0.0000	     0.0000	     0.0000	
8	9	 1.2724e-06	 1.0524e-06	     171.65	   0.058843	-9.7531e+92	-9.7531e+92	   0.017407	 6.2708e-06	     0.0000	  -0.032262	 -0.0014978	     2.8805	
8	10	    0.13777	    0.11396	     44.054	     3.0993	-9.7531e+92	-9.7531e+92	   0.032878	  0.0064564	   0.032576	   0.078360	    -1.9890	    -1.9081	
8	11	    0.11156	   0.092280	     32.525	     3.6821	-9.7531e+92	-9.7531e+92	   0.025916	  0.0078634	   0.025668	   0.085158	    -2.1085	    -2.0416	
8	12	   0.012169	   0.010066	     55.069	     2.3397	-9.7531e+92	-9.7531e+92	  0.0064538	 0.00076514	  0.0061547	   0.011559	   -0.21970	   -0.20666	
8	13	  0.0081764	  0.0067632	     162.59	   0.072826	-9.7531e+92	-9.7531e+92	   0.014946	 0.00076073	     0.0000	  -0.018213	   -0.15395	     1.7293	
8	14	  0.0014930	  0.0012349	     146.54	    0.10935	-9.7531e+92	-9.7531e+92	   0.012629	 0.00014762	     0.0000	  -0.054555	  -0.032152	     1.7140	
8	15	 7.6757e-07	 6.3490e-07	     159.01	   0.079481	-9.7531e+92	-9.7531e+92	 0.00092573	 6.5363e-06	     0.0000	  -0.010169	 -0.0015007	    0.38756	
8	16	 4.9441e-12	 4.0896e-12	     112.87	    0.29583	-9.7531e+92	-9.7531e+92	 5.1011e-05	 6.5436e-06	     0.0000	-0.00065940	 -0.0015105	   0.015263	
8	17	 4.7595e-12	 3.9369e-12	     258.50	   0.011577	-9.7531e+92	-9.7531e+92	 8.7635e-05	 6.2914e-06	     0.0000	 -0.0062496	 -0.0015088	   0.096810	
8	18	    0.23666	    0.19576	     75.421	     1.1439	-9.7531e+92	-9.7531e+92	   0.072709	   0.021804	   0.019348	   0.014477	    -5.0636	    -3.5785	
8	19	  0.0094688	  0.0078321	     80.536	    0.94205	-9.7531e+92	-9.7531e+92	  0.0067747	 0.00073622	  0.0058982	  0.0081155	   -0.20217	   -0.17496	
8	20	   0.089414	   0.073959	     51.987	     2.5582	-9.7531e+92	-9.7531e+92	   0.024555	  0.0056427	   0.023573	   0.065279	    -1.7469	    -1.6746	
8	21	 0.00010140	 8.3876e-05	     132.38	    0.16196	-9.7531e+92	-9.7531e+92	  0.0076368	 1.5635e-05	     0.0000	 -0.0093915	 -0.0036605	     1.7373	
8	22	 2.7821e-12	 2.3012e-12	     168.70	   0.062994	-9.7531e+92	-9.7531e+92	 6.2358e-05	 6.2639e-06	     0.0000	 -0.0033693	 -0.0014941	   0.052529	
8	23	    0.12263	    0.10143	     54.810	     2.3580	-9.7531e+92	-9.7531e+92	   0.029837	   0.010990	   0.027309	   0.036001	    -2.6491	    -2.5168	
8	24	 0.00020778	 0.00017187	     77.960	     1.0389	-9.7531e+92	-9.7531e+92	  0.0011719	 2.6382e-05	 0.00098837	 2.1701e-05	 -0.0061361	 -0.0011403	
9	0	    0.63549	     1.2041	     86.890	    0.74099	-9.7531e+92	-9.7531e+92	    0.34323	    0.51038	   0.084045	     0.0000	     6.8595	   -0.60385	
9	1	   0.082015	    0.15539	     55.376	     2.3181	-9.7531e+92	-9.7531e+92	   0.072984	   0.075429	     0.0000	 0.00063368	     1.1994	  -0.022414	
9	2	  0.0011954	  0.0022649	     133.64	    0.15619	-9.7531e+92	-9.7531e+92	   0.033897	  0.0012171	     0.0000	  -0.012506	   0.019356	    0.15624	
9	3	 3.4652e-05	 6.5654e-05	     191.41	   0.038254	-9.7531e+92	-9.7531e+92	  0.0025442	 0.00012140	     0.0000	  -0.011761	  0.0016608	   0.029562	
9	4	 2.6711e-12	 5.0609e-12	     223.28	   0.020749	-9.7531e+92	-9.7531e+92	  0.0021598	 7.8857e-05	     0.0000	  -0.014634	  0.0010403	   0.032950	
9	5	 0.00017496	 0.00033150	     134.70	    0.15149	-9.7531e+92	-9.7531e+92	  0.0021192	 0.00026139	     0.0000	 -0.0011828	  0.0040288	   0.015110	
9	6	   0.032823	   0.062190	     62.827	     1.8164	-9.7531e+92	-9.7531e+92	   0.067822	   0.018358	     0.0000	     0.0000	    0.66343	     0.0000	
9	7	   0.012711	   0.024083	     64.406	     1.7184	-9.7531e+92	-9.7531e+92	   0.048194	   0.014370	     0.0000	     0.0000	    0.20166	   0.093267	
9	8	 4.2715e-11	 8.0932e-11	     171.65	   0.058843	-9.7531e+92	-9.7531e+92	 0.00029392	 8.3749e-05	     0.0000	 -0.0013648	 0.00099701	  0.0028896	
9	9	     0.0000	     0.0000	     0.0000	     4.0000	-9.7531e+92	-9.7531e+92	     1.0074	     0.0000	    0.75280	     0.0000	     0.0000	     0.0000	
9	10	 4.2529e-14	 8.0579e-14	     215.04	   0.024096	-9.7531e+92	-9.7531e+92	 9.8113e-05	 8.8009e-05	     0.0000	-0.00039542	 0.00095074	 0.00066032	
9	11	 1.1680e-11	 2.2130e-11	     175.31	   0.054135	-9.7531e+92	-9.7531e+92	 9.3552e-05	 8.6565e-05	     0.0000	-0.00024570	 0.00097612	 0.00051561	
9	12	 1.3010e-11	 2.4649e-11	     214.99	   0.024120	-9.7531e+92	-9.7531e+92	 8.8792e-05	 8.8821e-05	     0.0000	-0.00041644	 0.00095479	 0.00065304	
9	13	    0.13542	    0.25659	     9.0540	     3.9979	-9.7531e+92	-9.7531e+92	    0.11958	    0.13393	     0.0000	  0.0047624	     2.1257	  -0.043382	
9	14	   0.084464	    0.16003	     38.749	     3.4073	-9.7531e+92	-9.7531e+92	   0.082885	   0.084665	     0.0000	 -0.0012207	     1.2533	  0.0043836	
9	15	 0.00080548	  0.0015261	     117.55	    0.25424	-9.7531e+92	-9.7531e+92	  0.0064606	  0.0010501	     0.0000	 -0.0075238	   0.013467	   0.036418	
9	16	 2.9630e-12	 5.6139e-12	     159.83	   0.077890	-9.7531e+92	-9.7531e+92	 0.00016286	 8.6011e-05	     0.0000	-0.00051665	 0.00098997	  0.0015410	
9	17	 1.7369e-11	 3.2908e-11	     293.28	  0.0069951	-9.7531e+92	-9.7531e+92	 0.00035513	 8.5983e-05	     0.0000	 -0.0048476	 0.00094914	  0.0097324	
9	18	  0.0054519	   0.010330	     96.665	    0.51699	-9.7531e+92	-9.7531e+92	   0.038864	  0.0056737	     0.0000	 -0.0042256	   0.086033	    0.11465	
9	19	 1.0148e-11	 1.9227e-11	     193.08	   0.036956	-9.7531e+92	-9.7531e+92	 0.00014427	 8.4625e-05	     0.0000	 -0.0010564	 0.00099297	  0.0021712	
9	20	 1.8576e-13	 3.5196e-13	     174.09	   0.055651	-9.7531e+92	-9.7531e+92	 0.00019290	 8.4220e-05	     0.0000	 -0.0012078	 0.00099549	  0.0024433	
9	21	  0.0094061	   0.017822	     83.320	    0.84769	-9.7531e+92	-9.7531e+92	   0.063129	   0.010484	     0.0000	 -0.0064995	    0.14949	    0.14750	
9	22	 8.2211e-12	 1.5576e-11	     266.14	   0.010307	-9.7531e+92	-9.7531e+92	 0.00021323	 8.8249e-05	     0.0000	 -0.0027224	 0.00095772	  0.0052906	
9	23	 5.0424e-06	 9.5537e-06	     121.73	    0.22293	-9.7531e+92	-9.7531e+92	  0.0014713	 8.8206e-05	     0.0000	-0.00097318	  0.0010991	  0.0065635	
9	24	 1.6014e-12	 3.0341e-12	     149.07	    0.10229	-9.7531e+92	-9.7531e+92	 0.00010566	 8.2498e-05	     0.0000	-5.3713e-05	  0.0010020	 0.00034343	
10	0	  0.0033976	  0.0014296	     210.64	   0.026161	-9.7531e+92	-9.7531e+92	  0.0042163	 0.00011486	     0.0000	     0.0000	  -0.021913	    0.82876	
10	1	  0.0027305	  0.0011489	     228.04	   0.019080	-9.7531e+92	-9.7531e+92	  0.0028645	 9.6519e-05	     0.0000	-0.00096905	  -0.017474	    0.36788	
10	2	 4.3503e-11	 1.8305e-11	     213.20	   0.024934	-9.7531e+92	-9.7531e+92	  0.0018470	 2.2771e-06	     0.0000	  -0.013108	-0.00050009	    0.60252	
10	3	 6.5791e-13	 2.7683e-13	     258.79	   0.011525	-9.7531e+92	-9.7531e+92	 0.00015653	 2.3055e-06	     0.0000	 -0.0057860	-0.00049588	    0.11394	
10	4	 6.2174e-12	 2.6161e-12	     204.61	   0.029363	-9.7531e+92	-9.7531e+92	 0.00018747	 2.1778e-06	     0.0000	 -0.0071771	-0.00051174	    0.12133	
10	5	   0.031233	   0.013142	     93.726	    0.57518	-9.7531e+92	-9.7531e+92	   0.017634	  0.0010757	   0.014532	  0.0029611	   -0.24254	   -0.18196	
10	6	 8.3252e-05	 3.5030e-05	     153.37	   0.091543	-9.7531e+92	-9.7531e+92	   0.010611	 5.1986e-06	     0.0000	  -0.021189	 -0.0011603	    0.88677	
10	7	 0.00034363	 0.00014459	     153.29	   0.091732	-9.7531e+92	-9.7531e+92	  0.0037443	 1.4297e-05	     0.0000	     0.0000	 -0.0031662	    0.43403	
10	8	    0.48442	    0.20383	     44.054	     3.0993	-9.7531e+92	-9.7531e+92	   0.058332	  0.0090734	   0.057746	    0.10658	    -2.8616	    -2.7868	
10	9	 1.0741e-11	 4.5197e-12	     215.04	   0.024096	-9.7531e+92	-9.7531e+92	  0.0051937	 2.2564e-06	     0.0000	  -0.012268	-0.00051605	     1.0196	
10	10	     0.0000	     0.0000	     0.0000	     4.0000	-9.7531e+92	-9.7531e+92	    0.21684	     0.0000	    0.21668	     0.0000	     0.0000	     0.0000	
10	11	    0.11042	   0.046464	     46.926	     2.9109	-9.7531e+92	-9.7531e+92	   0.015320	  0.0021591	   0.015194	   0.022373	   -0.46421	   -0.44794	
10	12	    0.15319	   0.064459	     46.012	     2.9721	-9.7531e+92	-9.7531e+92	   0.017955	  0.0041130	   0.017802	   0.072625	    -1.0063	   -0.98314	
10	13	  0.0054277	  0.0022838	     205.99	   0.028587	-9.7531e+92	-9.7531e+92	  0.0049794	 0.00018652	     0.0000	 -0.0071256	  -0.035991	    0.62895	
10	14	 0.00042524	 0.00017893	     190.48	   0.038997	-9.7531e+92	-9.7531e+92	  0.0038812	 1.7044e-05	     0.0000	  -0.021004	 -0.0035604	    0.61397	
10	15	 2.0069e-11	 8.4447e-12	     197.67	   0.033672	-9.7531e+92	-9.7531e+92	 0.00031204	 2.3642e-06	     0.0000	 -0.0038669	-0.00052094	    0.13720	
10	16	 8.3166e-12	 3.4994e-12	     147.94	    0.10538	-9.7531e+92	-9.7531e+92	 2.4771e-05	 2.4071e-06	     0.0000	-0.00025277	-0.00053131	  0.0054039	
10	17	 5.4872e-11	 2.3089e-11	     270.72	  0.0096279	-9.7531e+92	-9.7531e+92	 3.9509e-05	 2.3031e-06	     0.0000	 -0.0023785	-0.00052987	   0.034275	
10	18	   0.087607	   0.036863	     118.82	    0.24422	-9.7531e+92	-9.7531e+92	   0.024125	  0.0030286	     0.0000	 0.00080255	   -0.65780	   -0.16956	
10	19	  0.0093697	  0.0039425	     85.643	    0.77653	-9.7531e+92	-9.7531e+92	  0.0059344	 0.00030017	  0.0054885	  0.0037544	  -0.072405	  -0.063109	
10	20	    0.10439	   0.043925	     74.457	     1.1864	-9.7531e+92	-9.7531e+92	   0.017846	  0.0030899	   0.017347	   0.042364	   -0.78217	   -0.75904	
10	21	 6.0558e-06	 2.5482e-06	     171.26	   0.059366	-9.7531e+92	-9.7531e+92	  0.0023855	 2.4937e-06	     0.0000	 -0.0036026	-0.00055659	    0.61562	
10	22	 3.2983e-11	 1.3878e-11	     176.66	   0.052524	-9.7531e+92	-9.7531e+92	 3.0397e-05	 2.3311e-06	     0.0000	 -0.0013144	-0.00052687	   0.018663	
10	23	  0.0065580	  0.0027594	     95.614	    0.53700	-9.7531e+92	-9.7531e+92	  0.0057430	 0.00023083	  0.0044568	 0.00049795	  -0.051863	  -0.027404	
10	24	 0.00038709	 0.00016288	     102.71	    0.41717	-9.7531e+92	-9.7531e+92	 0.00053469	 1.6125e-05	 0.00044133	 3.7045e-05	 -0.0035723	 -0.0017915	
11	0	   0.026320	   0.011194	     167.10	   0.065400	-9.7531e+92	-9.7531e+92	  0.0094918	 0.00059634	     0.0000	     0.0000	   -0.10670	    0.43722	
11	1	  0.0075777	  0.0032228	     185.20	   0.043588	-9.7531e+92	-9.7531e+92	  0.0053009	 0.00017988	     0.0000	-0.00059485	  -0.030515	    0.21534	
11	2	 5.8647e-06	 2.4943e-06	     197.83	   0.033565	-9.7531e+92	-9.7531e+92	  0.0025940	 1.6949e-06	     0.0000	 -0.0087527	-0.00034836	    0.38437	
11	3	 7.2798e-12	 3.0961e-12	     244.71	   0.014404	-9.7531e+92	-9.7531e+92	 0.00020471	 1.5780e-06	     0.0000	 -0.0038638	-0.00031750	   0.072688	
11	4	 1.9938e-13	 8.4795e-14	     218.09	   0.022784	-9.7531e+92	-9.7531e+92	 0.00019380	 1.4921e-06	     0.0000	 -0.0047948	-0.00032779	   0.077423	
11	5	   0.093317	   0.039688	     77.490	     1.0576	-9.7531e+92	-9.7531e+92	   0.017368	  0.0021861	   0.014234	  0.0070318	   -0.46295	   -0.41715	
11	6	  0.0081383	  0.0034612	     117.04	    0.25846	-9.7531e+92	-9.7531e+92	   0.015778	 0.00019448	     0.0000	  -0.013175	  -0.040651	    0.52692	
11	7	   0.011949	  0.0050818	     112.26	    0.30176	-9.7531e+92	-9.7531e+92	  0.0078327	 0.00028606	     0.0000	     0.0000	  -0.059376	    0.22095	
11	8	    0.17395	   0.073981	     32.525	     3.6821	-9.7531e+92	-9.7531e+92	   0.026886	  0.0020483	   0.026294	   0.022731	   -0.60795	   -0.58501	
11	9	 4.2070e-08	 1.7892e-08	     175.31	   0.054135	-9.7531e+92	-9.7531e+92	  0.0080209	 1.5428e-06	     0.0000	 -0.0081923	-0.00033078	    0.65069	
11	10	    0.23047	   0.098018	     46.926	     2.9109	-9.7531e+92	-9.7531e+92	   0.026795	  0.0030399	   0.026639	   0.040670	   -0.67421	   -0.64937	
11	11	     0.0000	     0.0000	     0.0000	     4.0000	-9.7531e+92	-9.7531e+92	    0.21577	     0.0000	    0.21564	     0.0000	     0.0000	     0.0000	
11	12	  0.0031236	  0.0013285	     77.218	     1.0686	-9.7531e+92	-9.7531e+92	  0.0027863	 6.4355e-05	  0.0026325	  0.0010006	  -0.014766	  -0.012797	
11	13	  0.0038582	  0.0016409	     166.60	   0.066184	-9.7531e+92	-9.7531e+92	  0.0078035	 9.0914e-05	     0.0000	 -0.0048346	  -0.016440	    0.40714	
11	14	 0.00072043	 0.00030640	     157.91	   0.081669	-9.7531e+92	-9.7531e+92	  0.0061603	 1.8649e-05	     0.0000	  -0.013978	 -0.0036464	    0.39023	
11	15	 6.1399e-12	 2.6113e-12	     182.32	   0.046370	-9.7531e+92	-9.7531e+92	 0.00044903	 1.6180e-06	     0.0000	 -0.0025822	-0.00033374	   0.087564	
11	16	 1.1636e-12	 4.9488e-13	     142.85	    0.12075	-9.7531e+92	-9.7531e+92	 2.3295e-05	 1.6488e-06	     0.0000	-0.00016888	-0.00034049	  0.0034495	
11	17	 1.7322e-13	 7.3672e-14	     290.18	  0.0072979	-9.7531e+92	-9.7531e+92	 4.0487e-05	 1.5781e-06	     0.0000	 -0.0015887	-0.00033955	   0.021878	
11	18	    0.27245	    0.11587	     81.269	    0.91620	-9.7531e+92	-9.7531e+92	   0.041258	  0.0064141	   0.013821	  0.0047911	    -1.3095	   -0.97560	
11	19	 9.5908e-05	 4.0789e-05	     108.78	    0.33886	-9.7531e+92	-9.7531e+92	  0.0013206	 3.6240e-06	 0.00086991	-0.00027780	-0.00080721	  0.0043659	
11	20	  0.0039850	  0.0016948	     83.734	    0.83452	-9.7531e+92	-9.7531e+92	  0.0040776	 8.3965e-05	  0.0035727	 0.00080356	  -0.019636	  -0.013574	
11	21	  0.0033132	  0.0014091	     128.65	    0.18069	-9.7531e+92	-9.7531e+92	  0.0047867	 7.9046e-05	     0.0000	 -0.0023089	  -0.016545	    0.37701	
11	22	 2.5964e-14	 1.1042e-14	     200.45	   0.031856	-9.7531e+92	-9.7531e+92	 2.8666e-05	 1.6019e-06	     0.0000	-0.00088225	-0.00033792	   0.011928	
11	23	    0.11017	   0.046855	     53.605	     2.4433	-9.7531e+92	-9.7531e+92	   0.014605	  0.0025699	   0.013305	  0.0094479	   -0.54225	   -0.51606	
11	24	   0.050560	   0.021503	     56.094	     2.2676	-9.7531e+92	-9.7531e+92	  0.0056833	  0.0011633	  0.0055890	  0.0048258	   -0.23710	   -0.23086	
12	0	  0.0014205	 0.00060865	     226.76	   0.019512	-9.7531e+92	-9.7531e+92	  0.0036402	 4.6633e-05	     0.0000	     0.0000	 -0.0079413	    0.70549	
12	1	  0.0019614	 0.00084039	     231.78	   0.017881	-9.7531e+92	-9.7531e+92	  0.0023668	 6.6150e-05	     0.0000	-0.00091873	  -0.010692	    0.31245	
12	2	 0.00014505	 6.2148e-05	     181.48	   0.047226	-9.7531e+92	-9.7531e+92	  0.0026046	 6.8121e-06	     0.0000	  -0.012248	 -0.0013452	    0.50662	
12	3	 8.4429e-12	 3.6175e-12	     227.10	   0.019395	-9.7531e+92	-9.7531e+92	 0.00023428	 2.1676e-06	     0.0000	 -0.0054136	-0.00042047	   0.095960	
12	4	 7.4896e-05	 3.2091e-05	     165.11	   0.068567	-9.7531e+92	-9.7531e+92	 0.00044158	 4.3031e-06	     0.0000	 -0.0066302	-0.00092060	    0.10178	
12	5	    0.10420	   0.044645	     80.590	    0.94012	-9.7531e+92	-9.7531e+92	   0.028439	  0.0033718	   0.025281	   0.011087	   -0.68475	   -0.62065	
12	6	 0.00043980	 0.00018844	     152.49	   0.093630	-9.7531e+92	-9.7531e+92	   0.012008	 1.6584e-05	     0.0000	  -0.019774	 -0.0033247	    0.74520	
12	7	 7.0475e-05	 3.0196e-05	     158.06	   0.081372	-9.7531e+92	-9.7531e+92	  0.0030316	 4.5190e-06	     0.0000	     0.0000	-0.00089847	    0.36757	
12	8	    0.23987	    0.10278	     55.069	     2.3397	-9.7531e+92	-9.7531e+92	   0.033901	  0.0068149	   0.033304	   0.090556	    -1.5127	    -1.4660	
12	9	 2.3312e-12	 9.9884e-13	     214.99	   0.024120	-9.7531e+92	-9.7531e+92	  0.0057001	 2.1323e-06	     0.0000	  -0.011484	-0.00043791	    0.85946	
12	10	   0.063819	   0.027344	     46.012	     2.9721	-9.7531e+92	-9.7531e+92	  0.0099302	  0.0013913	  0.0097739	   0.022153	   -0.26871	   -0.25719	
12	11	  0.0077060	  0.0033018	     77.218	     1.0686	-9.7531e+92	-9.7531e+92	  0.0033264	 0.00023774	  0.0031981	  0.0030693	  -0.049385	  -0.046305	
12	12	     0.0000	     0.0000	     0.0000	     4.0000	-9.7531e+92	-9.7531e+92	    0.21869	     0.0000	    0.21853	     0.0000	     0.0000	     0.0000	
12	13	  0.0056349	  0.0024144	     205.94	   0.028617	-9.7531e+92	-9.7531e+92	  0.0051661	 0.00018295	     0.0000	 -0.0066560	  -0.031560	    0.52696	
12	14	  0.0018512	 0.00079316	     188.63	   0.040536	-9.7531e+92	-9.7531e+92	  0.0040957	 6.2707e-05	     0.0000	  -0.019337	  -0.011760	    0.50824	
12	15	 3.4595e-11	 1.4823e-11	     166.81	   0.065853	-9.7531e+92	-9.7531e+92	 0.00038320	 2.2307e-06	     0.0000	 -0.0036196	-0.00044212	    0.11567	
12	16	 2.9745e-12	 1.2745e-12	     115.95	    0.26758	-9.7531e+92	-9.7531e+92	 4.5652e-05	 2.2555e-06	     0.0000	-0.00023323	-0.00044927	  0.0045478	
12	17	 2.5220e-12	 1.0806e-12	     225.22	   0.020047	-9.7531e+92	-9.7531e+92	 7.4189e-05	 2.1569e-06	     0.0000	 -0.0022150	-0.00044906	   0.028907	
12	18	   0.033280	   0.014259	     120.73	    0.22996	-9.7531e+92	-9.7531e+92	   0.017207	  0.0010918	     0.0000	 -0.0010279	   -0.21214	    0.19379	
12	19	    0.25169	    0.10784	     44.530	     3.0689	-9.7531e+92	-9.7531e+92	   0.032772	  0.0046266	   0.032318	   0.053699	    -1.1903	    -1.1457	
12	20	    0.28719	    0.12305	     45.010	     3.0379	-9.7531e+92	-9.7531e+92	   0.039017	  0.0064123	   0.038509	   0.080746	    -1.5983	    -1.5463	
12	21	 1.0609e-06	 4.5457e-07	     187.39	   0.041605	-9.7531e+92	-9.7531e+92	  0.0020880	 2.1962e-06	     0.0000	 -0.0033725	-0.00043981	    0.51881	
12	22	 3.0072e-12	 1.2885e-12	     131.16	    0.16782	-9.7531e+92	-9.7531e+92	 6.1402e-05	 2.0743e-06	     0.0000	 -0.0011210	-0.00043629	   0.015348	
12	23	 0.00063658	 0.00027275	     109.85	    0.32696	-9.7531e+92	-9.7531e+92	  0.0030538	 2.3651e-05	  0.0017441	-0.00034160	 -0.0047119	   0.015429	
12	24	 8.7316e-12	 3.7412e-12	     132.31	    0.16230	-9.7531e+92	-9.7531e+92	 0.00015021	 2.2711e-06	 5.5147e-05	-2.4480e-05	-0.00044933	  0.0010202	
13	0	   0.081315	    0.82828	     86.013	    0.76580	-9.7531e+92	-9.7531e+92	    0.57078	   0.066924	     0.0000	     0.0000	     1.8018	   -0.10262	
13	1	   0.070476	    0.71788	     57.043	     2.2015	-9.7531e+92	-9.7531e+92	    0.38085	   0.040027	     0.0000	     0.0000	    0.74291	     0.0000	
13	2	   0.011224	    0.11433	     127.66	    0.18612	-9.7531e+92	-9.7531e+92	    0.24859	   0.012982	     0.0000	  -0.013641	    0.31435	   -0.12603	
13	3	 0.00042076	  0.0042859	     188.65	   0.040519	-9.7531e+92	-9.7531e+92	   0.032050	 0.00058351	     0.0000	 -0.0067883	   0.013668	  -0.027150	
13	4	 1.3163e-10	 1.3408e-09	     217.30	   0.023117	-9.7531e+92	-9.7531e+92	   0.019781	 8.1233e-05	     0.0000	 -0.0086603	  0.0018521	  -0.028577	
13	5	  0.0029821	   0.030376	     125.66	    0.19761	-9.7531e+92	-9.7531e+92	   0.026479	  0.0037920	     0.0000	-0.00073153	   0.084396	 -0.0076440	
13	6	   0.063993	    0.65184	     53.773	     2.4314	-9.7531e+92	-9.7531e+92	    0.41728	   0.072720	     0.0000	  -0.011583	     1.7847	  -0.093644	
13	7	   0.080023	    0.81512	     57.312	     2.1828	-9.7531e+92	-9.7531e+92	    0.37330	   0.076742	     0.0000	     0.0000	     2.2812	   0.039427	
13	8	 1.3634e-11	 1.3888e-10	     162.59	   0.072826	-9.7531e+92	-9.7531e+92	  0.0024332	 8.5963e-05	     0.0000	-0.00080769	  0.0018056	 -0.0023363	
13	9	   0.062237	    0.63395	     9.0540	     3.9979	-9.7531e+92	-9.7531e+92	    0.42163	   0.059663	     0.0000	 -0.0079489	     1.7562	   -0.12774	
13	10	 1.2301e-10	 1.2530e-09	     205.99	   0.028587	-9.7531e+92	-9.7531e+92	 0.00059929	 8.9236e-05	     0.0000	-0.00023401	  0.0017722	-0.00052429	
13	11	 2.5146e-10	 2.5614e-09	     166.60	   0.066184	-9.7531e+92	-9.7531e+92	 0.00057435	 8.7901e-05	     0.0000	-0.00014540	  0.0017940	-0.00040947	
13	12	 6.5738e-11	 6.6961e-10	     205.94	   0.028617	-9.7531e+92	-9.7531e+92	 0.00052930	 9.0374e-05	     0.0000	-0.00024645	  0.0017733	-0.00051869	
13	13	     0.0000	     0.0000	     0.0000	     4.0000	-9.7531e+92	-9.7531e+92	     5.3762	     0.0000	     4.3250	     0.0000	     0.0000	     0.0000	
13	14	   0.097756	    0.99575	     32.765	     3.6733	-9.7531e+92	-9.7531e+92	    0.50623	    0.11535	     0.0000	  0.0031687	     2.7878	   0.019417	
13	15	   0.073271	    0.74635	     111.52	    0.30921	-9.7531e+92	-9.7531e+92	    0.21036	   0.087672	   0.027306	   0.014384	     2.0556	   0.097536	
13	16	 1.3353e-10	 1.3602e-09	     153.85	   0.090443	-9.7531e+92	-9.7531e+92	  0.0012263	 8.9794e-05	     0.0000	-0.00030575	  0.0017840	 -0.0012135	
13	17	 2.8486e-13	 2.9016e-12	     287.27	  0.0075975	-9.7531e+92	-9.7531e+92	  0.0030107	 8.7746e-05	     0.0000	 -0.0028688	  0.0017675	 -0.0077300	
13	18	   0.059521	    0.60628	     87.611	    0.72124	-9.7531e+92	-9.7531e+92	    0.40903	   0.065285	     0.0000	-0.00021637	     1.6428	 -0.0089581	
13	19	 7.8604e-11	 8.0067e-10	     184.51	   0.044238	-9.7531e+92	-9.7531e+92	  0.0010836	 8.6249e-05	     0.0000	-0.00062521	  0.0018141	 -0.0017482	
13	20	 1.5791e-10	 1.6085e-09	     165.04	   0.068678	-9.7531e+92	-9.7531e+92	  0.0016125	 8.6728e-05	     0.0000	-0.00071480	  0.0018027	 -0.0019731	
13	21	    0.39654	     4.0392	     76.619	     1.0932	-9.7531e+92	-9.7531e+92	     1.1695	    0.41205	    0.33344	   0.016624	     11.034	    0.55691	
13	22	 1.5178e-10	 1.5461e-09	     260.15	   0.011286	-9.7531e+92	-9.7531e+92	  0.0017036	 9.0316e-05	     0.0000	 -0.0016111	  0.0017726	 -0.0042271	
13	23	 0.00023629	  0.0024069	     113.01	    0.29441	-9.7531e+92	-9.7531e+92	  0.0095295	 0.00036315	     0.0000	-0.00053139	  0.0085786	 -0.0048459	
13	24	 4.0768e-10	 4.1526e-09	     142.21	    0.12286	-9.7531e+92	-9.7531e+92	 0.00075546	 7.6346e-05	     0.0000	-3.1788e-05	  0.0019396	-0.00027288	
14	0	   0.011358	   0.060812	     114.85	    0.27729	-9.7531e+92	-9.7531e+92	    0.14293	  0.0083263	     0.0000	     0.0000	    0.14175	    0.12641	
14	1	   0.030449	    0.16303	     88.839	    0.68891	-9.7531e+92	-9.7531e+92	   0.090560	   0.021545	     0.0000	-0.00042647	    0.35242	   0.031676	
14	2	    0.74918	     4.0111	     97.273	    0.50580	-9.7531e+92	-9.7531e+92	     1.0713	    0.69708	    0.63243	   0.079633	     11.376	   -0.93099	
14	3	 7.6031e-05	 0.00040707	     161.01	   0.075671	-9.7531e+92	-9.7531e+92	   0.064783	 0.00013670	     0.0000	 -0.0036183	  0.0021804	   0.021399	
14	4	 5.0651e-07	 2.7119e-06	     184.55	   0.044193	-9.7531e+92	-9.7531e+92	   0.060634	 6.6197e-05	     0.0000	 -0.0055579	  0.0010190	   0.023471	
14	5	 0.00019228	  0.0010295	     108.09	    0.34690	-9.7531e+92	-9.7531e+92	  0.0076225	 0.00026230	     0.0000	-0.00081553	  0.0039743	   0.010645	
14	6	   0.015475	   0.082854	     41.508	     3.2546	-9.7531e+92	-9.7531e+92	    0.37348	   0.014820	     0.0000	  -0.015046	    0.23790	    0.14999	
14	7	   0.014136	   0.075682	     65.464	     1.6549	-9.7531e+92	-9.7531e+92	   0.056907	   0.012632	     0.0000	     0.0000	    0.22137	   0.064098	
14	8	 6.5402e-13	 3.5017e-12	     146.54	    0.10935	-9.7531e+92	-9.7531e+92	 0.00083573	 7.1525e-05	     0.0000	-0.00054783	 0.00096400	  0.0020276	
14	9	   0.098290	    0.52625	     38.749	     3.4073	-9.7531e+92	-9.7531e+92	    0.30853	   0.083376	     0.0000	 -0.0027033	     1.5212	   0.053488	
14	10	 2.6181e-12	 1.4017e-11	     190.48	   0.038997	-9.7531e+92	-9.7531e+92	 0.00027971	 7.4309e-05	     0.0000	-0.00015872	 0.00092975	 0.00046161	
14	11	 7.5600e-15	 4.0477e-14	     157.91	   0.081669	-9.7531e+92	-9.7531e+92	 0.00025855	 7.3441e-05	     0.0000	-9.8622e-05	 0.00094905	 0.00036046	
14	12	 1.8466e-12	 9.8868e-12	     188.63	   0.040536	-9.7531e+92	-9.7531e+92	 0.00028766	 7.5187e-05	     0.0000	-0.00016716	 0.00093128	 0.00045655	
14	13	   0.024421	    0.13075	     32.765	     3.6733	-9.7531e+92	-9.7531e+92	    0.14827	   0.018614	     0.0000	 -0.0043407	    0.30560	   0.085339	
14	14	     0.0000	     0.0000	     0.0000	     4.0000	-9.7531e+92	-9.7531e+92	     2.7857	     0.0000	     2.3207	     0.0000	     0.0000	     0.0000	
14	15	  0.0013168	  0.0070500	     78.991	    0.99899	-9.7531e+92	-9.7531e+92	   0.054813	  0.0010223	     0.0000	     0.0000	   0.025518	     0.0000	
14	16	 4.1589e-12	 2.2267e-11	     121.20	    0.22662	-9.7531e+92	-9.7531e+92	  0.0031467	 7.1984e-05	     0.0000	-0.00017707	 0.00099413	  0.0010754	
14	17	 3.9056e-12	 2.0911e-11	     254.84	   0.012253	-9.7531e+92	-9.7531e+92	  0.0083557	 7.1820e-05	     0.0000	 -0.0019458	 0.00093975	  0.0068041	
14	18	   0.054310	    0.29078	     78.249	     1.0276	-9.7531e+92	-9.7531e+92	    0.11096	   0.049375	     0.0000	-0.00029863	    0.81796	   0.014337	
14	19	 6.1779e-12	 3.3077e-11	     166.55	   0.066257	-9.7531e+92	-9.7531e+92	 0.00084578	 7.2382e-05	     0.0000	-0.00042406	 0.00095867	  0.0015222	
14	20	 4.9141e-12	 2.6310e-11	     147.73	    0.10597	-9.7531e+92	-9.7531e+92	 0.00075823	 7.2028e-05	     0.0000	-0.00048482	 0.00096213	  0.0017140	
14	21	 0.00077520	  0.0041505	     101.18	    0.44014	-9.7531e+92	-9.7531e+92	   0.055439	 0.00073322	     0.0000	 -0.0029184	   0.012920	    0.11772	
14	22	 9.9272e-13	 5.3151e-12	     227.39	   0.019298	-9.7531e+92	-9.7531e+92	  0.0043215	 7.4248e-05	     0.0000	 -0.0010928	 0.00094021	  0.0037033	
14	23	 2.3235e-05	 0.00012440	     114.84	    0.27739	-9.7531e+92	-9.7531e+92	  0.0022372	 9.2398e-05	     0.0000	-0.00038826	  0.0013675	  0.0045678	
14	24	 3.3087e-12	 1.7715e-11	     150.00	   0.099849	-9.7531e+92	-9.7531e+92	 0.00024482	 6.9289e-05	     0.0000	-2.1561e-05	 0.00098111	 0.00024012	
15	0	  0.0013056	  0.0018020	     189.51	   0.039789	-9.7531e+92	-9.7531e+92	   0.021597	 0.00039473	     0.0000	     0.0000	  0.0052889	   -0.10144	
15	1	   0.021180	   0.029231	     167.83	   0.064291	-9.7531e+92	-9.7531e+92	   0.019342	  0.0059588	     0.0000	 -0.0018814	   0.075021	  -0.033085	
15	2	    0.16976	    0.23429	     21.827	     3.9312	-9.7531e+92	-9.7531e+92	    0.14701	   0.044318	   0.033885	   0.029573	    0.34317	 -0.0082060	
15	3	    0.15000	    0.20702	     84.108	    0.82281	-9.7531e+92	-9.7531e+92	   0.063401	   0.027777	   0.041752	   0.029009	    0.13556	   -0.14708	
15	4	   0.025061	   0.034588	     106.18	    0.37015	-9.7531e+92	-9.7531e+92	   0.025766	  0.0060849	  0.0034310	  0.0079438	   0.062643	 0.00050363	
15	5	  0.0046888	  0.0064712	     104.94	    0.38615	-9.7531e+92	-9.7531e+92	  0.0028830	  0.0015650	     0.0000	 -0.0011563	  0.0094603	 0.00042807	
15	6	   0.019694	   0.027180	     96.746	    0.51548	-9.7531e+92	-9.7531e+92	   0.058798	  0.0062648	     0.0000	  -0.055435	   0.040630	   0.012767	
15	7	 0.00061175	 0.00084430	     131.62	    0.16559	-9.7531e+92	-9.7531e+92	  0.0092257	 0.00020739	     0.0000	     0.0000	  0.0014435	  0.0068088	
15	8	 9.7183e-13	 1.3413e-12	     159.01	   0.079481	-9.7531e+92	-9.7531e+92	 0.00021044	 2.1949e-05	     0.0000	 -0.0021059	 0.00011953	 0.00029523	
15	9	  0.0040647	  0.0056098	     117.55	    0.25424	-9.7531e+92	-9.7531e+92	   0.038971	  0.0012390	     0.0000	  -0.037398	  0.0086321	   0.016648	
15	10	 8.8785e-13	 1.2254e-12	     197.67	   0.033672	-9.7531e+92	-9.7531e+92	 7.2302e-05	 2.2325e-05	     0.0000	-0.00061013	 0.00011180	 7.7133e-05	
15	11	 1.1256e-12	 1.5535e-12	     182.32	   0.046370	-9.7531e+92	-9.7531e+92	 6.5329e-05	 2.2502e-05	     0.0000	-0.00037911	 0.00011310	 6.0147e-05	
15	12	 5.4243e-12	 7.4863e-12	     166.81	   0.065853	-9.7531e+92	-9.7531e+92	 8.2355e-05	 2.2538e-05	     0.0000	-0.00064256	 0.00011252	 7.6105e-05	
15	13	    0.11782	    0.16261	     111.52	    0.30921	-9.7531e+92	-9.7531e+92	   0.062616	   0.026711	     0.0000	  0.0027368	   0.061331	  0.0019837	
15	14	    0.47771	    0.65932	     78.991	    0.99899	-9.7531e+92	-9.7531e+92	    0.18548	    0.13473	   0.065614	    0.26984	     1.0939	   0.069935	
15	15	     0.0000	     0.0000	     0.0000	     4.0000	-9.7531e+92	-9.7531e+92	    0.70488	     0.0000	    0.68007	     0.0000	     0.0000	     0.0000	
15	16	  0.0014587	  0.0020133	     65.362	     1.6609	-9.7531e+92	-9.7531e+92	  0.0011237	 0.00043996	 7.8260e-05	 0.00062366	  0.0066434	  0.0010472	
15	17	 8.0610e-13	 1.1125e-12	     175.81	   0.053534	-9.7531e+92	-9.7531e+92	  0.0035205	 1.8828e-05	     0.0000	 -0.0056328	 0.00017666	  0.0011343	
15	18	  0.0065802	  0.0090816	     116.73	    0.26100	-9.7531e+92	-9.7531e+92	   0.015474	  0.0020936	     0.0000	 -0.0064957	   0.015824	-0.00082538	
15	19	 6.0850e-07	 8.3982e-07	     131.26	    0.16732	-9.7531e+92	-9.7531e+92	 0.00030782	 2.2110e-05	     0.0000	 -0.0016291	 0.00012246	 0.00022896	
15	20	 5.6187e-05	 7.7546e-05	     124.66	    0.20372	-9.7531e+92	-9.7531e+92	 0.00025956	 4.0435e-05	     0.0000	 -0.0017704	 0.00022071	 0.00023940	
15	21	 9.4931e-06	 1.3102e-05	     175.65	   0.053734	-9.7531e+92	-9.7531e+92	   0.016678	 2.3523e-05	     0.0000	  -0.011324	 0.00016698	  0.0060893	
15	22	 1.2974e-12	 1.7905e-12	     163.21	   0.071746	-9.7531e+92	-9.7531e+92	  0.0018053	 2.0281e-05	     0.0000	 -0.0036710	 0.00015741	 0.00059130	
15	23	 1.5932e-12	 2.1989e-12	     149.47	    0.10124	-9.7531e+92	-9.7531e+92	 0.00038592	 2.2038e-05	     0.0000	 -0.0015041	 0.00012090	 0.00072695	
15	24	 7.3510e-13	 1.0145e-12	     189.75	   0.039594	-9.7531e+92	-9.7531e+92	 5.8558e-05	 2.1963e-05	     0.0000	-8.2879e-05	 0.00012012	 3.9912e-05	
16	0	 0.00019121	 4.4901e-05	     217.18	   0.023165	-9.7531e+92	-9.7531e+92	  0.0025742	 3.1988e-06	     0.0000	     0.0000	-2.6038e-05	   0.011884	
16	1	 0.00069856	 0.00016405	     207.46	   0.027791	-9.7531e+92	-9.7531e+92	  0.0015231	 9.7795e-06	     0.0000	-0.00020428	-7.3260e-05	  0.0051231	
16	2	    0.40788	   0.095783	     68.097	     1.5042	-9.7531e+92	-9.7531e+92	   0.031512	  0.0043416	   0.012264	  0.0073597	  -0.093012	  -0.053419	
16	3	   0.057227	   0.013439	     111.94	    0.30495	-9.7531e+92	-9.7531e+92	  0.0078396	 0.00057083	  0.0041561	  0.0018328	  -0.013113	 -0.0066460	
16	4	    0.22258	   0.052270	     75.439	     1.1432	-9.7531e+92	-9.7531e+92	   0.016655	  0.0015571	   0.012854	  0.0048452	  -0.033242	  -0.020448	
16	5	   0.064918	   0.015245	     71.546	     1.3237	-9.7531e+92	-9.7531e+92	  0.0045631	 0.00088834	  0.0028322	  0.0016441	  -0.015073	 -0.0097206	
16	6	  0.0018856	 0.00044279	     111.89	    0.30549	-9.7531e+92	-9.7531e+92	   0.011813	 2.5924e-05	     0.0000	 -0.0042540	-0.00044494	   0.019100	
16	7	 0.00011299	 2.6535e-05	     137.28	    0.14083	-9.7531e+92	-9.7531e+92	  0.0012045	 2.3773e-06	     0.0000	     0.0000	-4.0570e-05	  0.0094947	
16	8	 0.00013648	 3.2051e-05	     112.87	    0.29583	-9.7531e+92	-9.7531e+92	 0.00026380	 2.7514e-06	     0.0000	-0.00012257	-4.9193e-05	 0.00020756	
16	9	 4.3314e-06	 1.0172e-06	     159.83	   0.077890	-9.7531e+92	-9.7531e+92	  0.0055786	 9.1098e-07	     0.0000	 -0.0025014	-1.6149e-05	   0.022278	
16	10	 5.1976e-12	 1.2206e-12	     147.94	    0.10538	-9.7531e+92	-9.7531e+92	 3.9964e-05	 9.1550e-07	     0.0000	-3.9577e-05	-1.6536e-05	 5.2972e-05	
16	11	 1.0271e-12	 2.4120e-13	     142.85	    0.12075	-9.7531e+92	-9.7531e+92	 2.7412e-05	 9.2735e-07	     0.0000	-2.4591e-05	-1.6548e-05	 4.1362e-05	
16	12	 1.0503e-07	 2.4663e-08	     115.95	    0.26758	-9.7531e+92	-9.7531e+92	 0.00013887	 9.2384e-07	 5.3938e-05	-4.1666e-05	-1.6366e-05	 5.2367e-05	
16	13	  0.0039519	 0.00092804	     153.85	   0.090443	-9.7531e+92	-9.7531e+92	  0.0040395	 5.0521e-05	     0.0000	 -0.0014743	-0.00050917	  0.0098892	
16	14	   0.018015	  0.0042305	     121.20	    0.22662	-9.7531e+92	-9.7531e+92	  0.0064454	 0.00020346	     0.0000	 -0.0028628	 -0.0038351	  0.0095122	
16	15	    0.13201	   0.031001	     65.362	     1.6609	-9.7531e+92	-9.7531e+92	   0.010339	  0.0016097	  0.0061189	  0.0045707	  -0.027343	  -0.019120	
16	16	     0.0000	     0.0000	     0.0000	     4.0000	-9.7531e+92	-9.7531e+92	    0.11765	     0.0000	    0.11748	     0.0000	     0.0000	     0.0000	
16	17	 1.8352e-12	 4.3096e-13	     148.25	    0.10451	-9.7531e+92	-9.7531e+92	  0.0022534	 7.0696e-07	  0.0012053	-0.00026049	-9.4613e-06	 0.00049750	
16	18	   0.062261	   0.014621	     110.59	    0.31898	-9.7531e+92	-9.7531e+92	  0.0053535	 0.00082604	     0.0000	-1.6679e-05	  -0.012877	 0.00035073	
16	19	   0.019229	  0.0045157	     73.024	     1.2523	-9.7531e+92	-9.7531e+92	  0.0014301	 0.00025869	  0.0011813	  0.0019384	 -0.0043403	 -0.0031878	
16	20	  0.0088802	  0.0020854	     74.477	     1.1855	-9.7531e+92	-9.7531e+92	 0.00091498	 0.00012070	 0.00063622	 0.00083565	 -0.0021327	 -0.0013522	
16	21	 2.8297e-07	 6.6450e-08	     180.81	   0.047925	-9.7531e+92	-9.7531e+92	  0.0013209	 8.7313e-07	     0.0000	-0.00073464	-1.4709e-05	   0.013208	
16	22	 1.5473e-05	 3.6337e-06	     106.73	    0.36321	-9.7531e+92	-9.7531e+92	  0.0011456	 9.1374e-07	 0.00056564	-0.00015562	-1.2213e-05	 0.00028280	
16	23	 1.2761e-11	 2.9967e-12	     136.77	    0.14287	-9.7531e+92	-9.7531e+92	 0.00016856	 9.2415e-07	     0.0000	-9.7569e-05	-1.6325e-05	 0.00052695	
16	24	 2.3256e-13	 5.4612e-14	     177.80	   0.051213	-9.7531e+92	-9.7531e+92	 1.1952e-05	 9.2995e-07	     0.0000	-5.3761e-06	-1.6503e-05	 2.7548e-05	
17	0	 7.0934e-09	 3.0369e-09	     353.56	  0.0033150	-9.7531e+92	-9.7531e+92	  0.0022726	 6.9890e-06	     0.0000	     0.0000	-0.00010162	    0.18907	
17	1	 3.4094e-09	 1.4597e-09	     342.57	  0.0037606	-9.7531e+92	-9.7531e+92	  0.0012977	 7.2523e-06	     0.0000	 -0.0026014	-9.7220e-05	   0.083022	
17	2	    0.11362	   0.048646	     160.64	   0.076357	-9.7531e+92	-9.7531e+92	   0.034731	   0.010943	     0.0000	   0.010808	   -0.30155	  -0.070948	
17	3	    0.23800	    0.10190	     122.41	    0.21829	-9.7531e+92	-9.7531e+92	   0.037598	   0.017867	   0.030882	    0.11114	   -0.67478	   -0.53073	
17	4	    0.56300	    0.24104	     73.525	     1.2289	-9.7531e+92	-9.7531e+92	   0.074107	   0.015286	   0.067178	   0.056742	   -0.99487	   -0.79245	
17	5	 1.8884e-08	 8.0849e-09	     219.60	   0.022168	-9.7531e+92	-9.7531e+92	 0.00064016	 7.5179e-06	     0.0000	 -0.0026298	-0.00019115	   0.018040	
17	6	 1.1899e-08	 5.0944e-09	     251.72	   0.012870	-9.7531e+92	-9.7531e+92	   0.010810	 7.3201e-06	     0.0000	  -0.054446	-0.00018804	    0.28408	
17	7	 1.2792e-08	 5.4766e-09	     281.54	  0.0082346	-9.7531e+92	-9.7531e+92	 0.00075635	 7.3407e-06	     0.0000	     0.0000	-0.00018678	    0.13930	
17	8	 5.3750e-09	 2.3012e-09	     258.50	   0.011577	-9.7531e+92	-9.7531e+92	 0.00013101	 7.3844e-06	     0.0000	 -0.0017202	-0.00019720	  0.0033700	
17	9	 2.9000e-11	 1.2416e-11	     293.28	  0.0069951	-9.7531e+92	-9.7531e+92	  0.0050712	 7.1233e-06	     0.0000	  -0.031500	-0.00018761	    0.32608	
17	10	 1.6361e-08	 7.0048e-09	     270.72	  0.0096279	-9.7531e+92	-9.7531e+92	 3.4440e-05	 7.4571e-06	     0.0000	-0.00049836	-0.00020087	 0.00077043	
17	11	 1.2958e-08	 5.5478e-09	     290.18	  0.0072979	-9.7531e+92	-9.7531e+92	 2.4757e-05	 7.5711e-06	     0.0000	-0.00030965	-0.00020082	 0.00060159	
17	12	 1.4303e-08	 6.1238e-09	     225.22	   0.020047	-9.7531e+92	-9.7531e+92	 0.00012170	 7.5221e-06	     0.0000	-0.00052485	-0.00020049	 0.00076194	
17	13	 5.1817e-10	 2.2185e-10	     287.27	  0.0075975	-9.7531e+92	-9.7531e+92	  0.0044212	 7.1106e-06	     0.0000	  -0.019311	-0.00011659	    0.15992	
17	14	 2.8917e-08	 1.2381e-08	     254.84	   0.012253	-9.7531e+92	-9.7531e+92	  0.0050933	 6.8394e-06	     0.0000	  -0.054197	-0.00016291	    0.17893	
17	15	 6.0224e-08	 2.5784e-08	     175.81	   0.053534	-9.7531e+92	-9.7531e+92	  0.0074345	 6.9590e-06	     0.0000	 -0.0093509	-0.00018650	   0.044441	
17	16	 8.9568e-09	 3.8347e-09	     148.25	    0.10451	-9.7531e+92	-9.7531e+92	 0.00078728	 6.5754e-06	 0.00046297	-0.00046104	-0.00016195	  0.0015714	
17	17	     0.0000	     0.0000	     0.0000	     4.0000	-9.7531e+92	-9.7531e+92	    0.22418	     0.0000	    0.22227	     0.0000	     0.0000	     0.0000	
17	18	 3.2106e-09	 1.3746e-09	     258.46	   0.011584	-9.7531e+92	-9.7531e+92	  0.0012153	 7.3423e-06	     0.0000	 -0.0059083	-0.00017367	    0.14554	
17	19	 2.0642e-08	 8.8377e-09	     187.53	   0.041480	-9.7531e+92	-9.7531e+92	  0.0012785	 7.3514e-06	 0.00082483	 -0.0013315	-0.00019604	  0.0025324	
17	20	 5.4781e-09	 2.3454e-09	     207.02	   0.028026	-9.7531e+92	-9.7531e+92	 0.00055465	 7.3737e-06	 4.6432e-05	 -0.0015223	-0.00019707	  0.0028496	
17	21	 1.2040e-08	 5.1548e-09	     326.31	  0.0045671	-9.7531e+92	-9.7531e+92	  0.0012690	 7.2293e-06	     0.0000	 -0.0092511	-0.00018238	    0.19386	
17	22	   0.085370	   0.036550	     106.10	    0.37108	-9.7531e+92	-9.7531e+92	   0.014195	  0.0062385	   0.013138	   0.046648	   -0.11902	   -0.10067	
17	23	 2.2427e-08	 9.6018e-09	     284.58	  0.0078888	-9.7531e+92	-9.7531e+92	 5.7726e-05	 7.6018e-06	     0.0000	 -0.0012286	-0.00019913	  0.0076698	
17	24	 1.7581e-09	 7.5272e-10	     325.25	  0.0046269	-9.7531e+92	-9.7531e+92	 1.6159e-05	 7.6469e-06	     0.0000	-6.7699e-05	-0.00020056	 0.00040071	
18	0	   0.035894	    0.12546	     116.29	    0.26473	-9.7531e+92	-9.7531e+92	    0.14021	   0.021027	     0.0000	     0.0000	   -0.46096	    0.56940	
18	1	   0.099564	    0.34799	     111.77	    0.30668	-9.7531e+92	-9.7531e+92	    0.13461	   0.063748	     0.0000	 0.00092187	    -1.0202	   -0.20431	
18	2	 0.00039344	  0.0013752	     137.27	    0.14087	-9.7531e+92	-9.7531e+92	   0.065292	 0.00038540	     0.0000	  -0.020233	 -0.0058101	    0.56365	
18	3	 1.0299e-06	 3.5996e-06	     199.21	   0.032649	-9.7531e+92	-9.7531e+92	  0.0046300	 5.9287e-05	     0.0000	 -0.0089734	-0.00082337	    0.10693	
18	4	 2.8760e-10	 1.0052e-09	     186.18	   0.042684	-9.7531e+92	-9.7531e+92	  0.0040823	 5.6409e-05	     0.0000	  -0.011141	-0.00091245	    0.11453	
18	5	   0.073770	    0.25784	     53.346	     2.4617	-9.7531e+92	-9.7531e+92	   0.070610	   0.055277	   0.044847	   0.013783	   -0.93087	   -0.47957	
18	6	    0.37589	     1.3138	     36.723	     3.5078	-9.7531e+92	-9.7531e+92	    0.40944	    0.30280	 0.00093439	   0.072762	    -5.1745	    -1.8563	
18	7	    0.16141	    0.56416	     38.248	     3.4331	-9.7531e+92	-9.7531e+92	    0.18077	    0.11473	     0.0000	     0.0000	    -2.1141	   -0.74139	
18	8	  0.0039457	   0.013791	     75.421	     1.1439	-9.7531e+92	-9.7531e+92	  0.0064689	  0.0028261	  0.0015997	  0.0015010	  -0.044890	  -0.016326	
18	9	  0.0065931	   0.023044	     96.665	    0.51699	-9.7531e+92	-9.7531e+92	    0.20254	  0.0048784	     0.0000	  -0.018095	  -0.091538	    0.91670	
18	10	 3.8940e-08	 1.3610e-07	     118.82	    0.24422	-9.7531e+92	-9.7531e+92	 0.00067393	 5.2768e-05	     0.0000	-0.00027547	-0.00083373	  0.0022081	
18	11	 9.2898e-05	 0.00032470	     81.269	    0.91620	-9.7531e+92	-9.7531e+92	 0.00069823	 0.00011444	     0.0000	-8.0135e-05	 -0.0016362	 0.00078107	
18	12	 1.4609e-13	 5.1062e-13	     120.73	    0.22996	-9.7531e+92	-9.7531e+92	 0.00042226	 5.5758e-05	     0.0000	-0.00030424	-0.00089788	  0.0021844	
18	13	   0.084766	    0.29627	     87.611	    0.72124	-9.7531e+92	-9.7531e+92	    0.16810	   0.052873	     0.0000	 -0.0012650	    -1.0752	    0.10904	
18	14	    0.10642	    0.37196	     78.249	     1.0276	-9.7531e+92	-9.7531e+92	    0.16260	   0.086105	     0.0000	  0.0073397	    -1.2625	   -0.12919	
18	15	 7.7436e-05	 0.00027065	     116.73	    0.26100	-9.7531e+92	-9.7531e+92	  0.0096018	 0.00012590	     0.0000	 -0.0059715	 -0.0020677	    0.12936	
18	16	 1.9544e-13	 6.8311e-13	     110.59	    0.31898	-9.7531e+92	-9.7531e+92	 0.00030766	 5.9770e-05	     0.0000	-0.00039323	-0.00096944	  0.0051357	
18	17	 4.4270e-14	 1.5473e-13	     258.46	   0.011584	-9.7531e+92	-9.7531e+92	 0.00066834	 6.0263e-05	     0.0000	 -0.0036905	 -0.0010380	   0.032554	
18	18	     0.0000	     0.0000	     0.0000	     4.0000	-9.7531e+92	-9.7531e+92	     1.8105	     0.0000	     1.5851	     0.0000	     0.0000	     0.0000	
18	19	 6.7360e-06	 2.3544e-05	     118.15	    0.24945	-9.7531e+92	-9.7531e+92	  0.0014440	 5.7961e-05	     0.0000	-0.00078525	-0.00094587	  0.0072555	
18	20	  0.0010200	  0.0035652	     90.275	    0.65310	-9.7531e+92	-9.7531e+92	  0.0033386	 0.00083051	     0.0000	-8.0504e-05	  -0.013524	 0.00075005	
18	21	   0.026197	   0.091562	     79.511	    0.97945	-9.7531e+92	-9.7531e+92	   0.092740	   0.015817	     0.0000	     0.0000	   -0.34092	    0.38773	
18	22	 1.0114e-14	 3.5350e-14	     205.13	   0.029065	-9.7531e+92	-9.7531e+92	 0.00040063	 6.0993e-05	     0.0000	 -0.0020702	 -0.0010127	   0.017741	
18	23	   0.023712	   0.082879	     36.898	     3.4995	-9.7531e+92	-9.7531e+92	   0.023911	   0.016934	   0.013227	  0.0029816	   -0.26140	   -0.12837	
18	24	 0.00024809	 0.00086713	     74.739	     1.1738	-9.7531e+92	-9.7531e+92	 0.00073340	 0.00020289	     0.0000	 5.5935e-06	 -0.0028302	-0.00039794	
19	0	 0.00023029	 0.00016936	     234.49	   0.017074	-9.7531e+92	-9.7531e+92	  0.0085896	 1.7996e-05	     0.0000	     0.0000	 -0.0029280	     1.2952	
19	1	 0.00058659	 0.00043139	     226.57	   0.019575	-9.7531e+92	-9.7531e+92	  0.0053172	 4.1186e-05	     0.0000	 -0.0017378	 -0.0063568	    0.58141	
19	2	   0.033960	   0.024975	     139.30	    0.13308	-9.7531e+92	-9.7531e+92	   0.012126	  0.0020962	     0.0000	  -0.013184	   -0.40018	    0.54209	
19	3	 7.8843e-05	 5.7982e-05	     184.07	   0.044655	-9.7531e+92	-9.7531e+92	  0.0012275	 8.9064e-06	     0.0000	 -0.0097456	 -0.0016994	    0.17400	
19	4	   0.013017	  0.0095727	     119.82	    0.23665	-9.7531e+92	-9.7531e+92	  0.0035419	 0.00071437	     0.0000	 -0.0021883	   -0.15689	   0.035987	
19	5	    0.33366	    0.24538	     64.874	     1.6901	-9.7531e+92	-9.7531e+92	   0.078851	   0.019559	   0.073430	   0.059799	    -4.0004	    -3.7572	
19	6	  0.0018903	  0.0013902	     133.74	    0.15573	-9.7531e+92	-9.7531e+92	   0.032276	 0.00012383	     0.0000	  -0.036121	  -0.023792	     1.3416	
19	7	 0.00010997	 8.0873e-05	     154.38	   0.089237	-9.7531e+92	-9.7531e+92	  0.0069576	 1.1236e-05	     0.0000	     0.0000	 -0.0021430	    0.66964	
19	8	   0.032381	   0.023813	     80.536	    0.94205	-9.7531e+92	-9.7531e+92	   0.018372	  0.0018583	   0.017347	   0.023028	   -0.38919	   -0.35796	
19	9	 3.5779e-12	 2.6312e-12	     193.08	   0.036956	-9.7531e+92	-9.7531e+92	   0.015215	 4.1207e-06	     0.0000	  -0.021241	-0.00081112	     1.5668	
19	10	  0.0026637	  0.0019589	     85.643	    0.77653	-9.7531e+92	-9.7531e+92	  0.0031607	 0.00015201	  0.0028923	  0.0021627	  -0.031838	  -0.026484	
19	11	 1.0525e-05	 7.7402e-06	     108.78	    0.33886	-9.7531e+92	-9.7531e+92	  0.0013878	 4.8346e-06	  0.0011675	-0.00018692	-0.00095153	  0.0026395	
19	12	    0.13445	   0.098880	     44.530	     3.0689	-9.7531e+92	-9.7531e+92	   0.027987	  0.0051174	   0.027721	   0.075187	    -1.0738	    -1.0090	
19	13	   0.036899	   0.027136	     184.51	   0.044238	-9.7531e+92	-9.7531e+92	   0.016252	  0.0022893	     0.0000	 -0.0083709	   -0.37805	    0.65227	
19	14	  0.0040613	  0.0029867	     166.55	   0.066257	-9.7531e+92	-9.7531e+92	   0.010627	 0.00025949	     0.0000	  -0.034839	  -0.046849	    0.90200	
19	15	 0.00062846	 0.00046218	     131.26	    0.16732	-9.7531e+92	-9.7531e+92	  0.0015231	 4.4626e-05	     0.0000	 -0.0064530	 -0.0085246	    0.20350	
19	16	  0.0011254	 0.00082762	     73.024	     1.2523	-9.7531e+92	-9.7531e+92	 0.00030401	 7.5683e-05	     0.0000	 0.00025710	  -0.014485	 -0.0050664	
19	17	 1.2837e-11	 9.4408e-12	     187.53	   0.041480	-9.7531e+92	-9.7531e+92	 0.00050462	 4.0016e-06	     0.0000	 -0.0038647	-0.00082241	   0.052209	
19	18	    0.10172	   0.074804	     118.15	    0.24945	-9.7531e+92	-9.7531e+92	   0.037890	  0.0063988	     0.0000	  0.0021703	    -1.1991	   -0.41968	
19	19	     0.0000	     0.0000	     0.0000	     4.0000	-9.7531e+92	-9.7531e+92	    0.38007	     0.0000	    0.37929	     0.0000	     0.0000	     0.0000	
19	20	    0.30152	    0.22174	     28.400	     3.8088	-9.7531e+92	-9.7531e+92	   0.064125	   0.010253	   0.063252	    0.10987	    -2.7214	    -2.5707	
19	21	 2.4019e-12	 1.7664e-12	     197.71	   0.033641	-9.7531e+92	-9.7531e+92	  0.0055066	 4.1726e-06	     0.0000	 -0.0062382	-0.00080174	    0.94576	
19	22	 0.00099811	 0.00073402	     93.933	    0.57085	-9.7531e+92	-9.7531e+92	 0.00045665	 5.1333e-05	     0.0000	-0.00089319	  -0.010852	   0.013705	
19	23	 3.9203e-06	 2.8831e-06	     121.29	    0.22600	-9.7531e+92	-9.7531e+92	  0.0029604	 4.5785e-06	 0.00071237	-0.00079461	-0.00087711	   0.035689	
19	24	 1.2679e-11	 9.3240e-12	     150.08	   0.099629	-9.7531e+92	-9.7531e+92	 0.00011071	 4.3885e-06	     0.0000	-4.5540e-05	-0.00083304	  0.0018603	
20	0	  0.0016313	  0.0013058	     206.61	   0.028245	-9.7531e+92	-9.7531e+92	  0.0097597	 0.00012958	     0.0000	     0.0000	  -0.021924	     1.6857	
20	1	 0.00060870	 0.00048726	     199.20	   0.032652	-9.7531e+92	-9.7531e+92	  0.0060365	 5.3674e-05	     0.0000	 -0.0022161	 -0.0086079	    0.76435	
20	2	   0.010608	  0.0084915	     139.77	    0.13137	-9.7531e+92	-9.7531e+92	  0.0083714	 0.00083598	     0.0000	  -0.025183	   -0.16413	     1.0580	
20	3	 7.5372e-06	 6.0335e-06	     185.64	   0.043179	-9.7531e+92	-9.7531e+92	 0.00067029	 5.8606e-06	     0.0000	  -0.012733	 -0.0011329	    0.22964	
20	4	 0.00057105	 0.00045712	     135.08	    0.14987	-9.7531e+92	-9.7531e+92	  0.0010678	 4.6618e-05	     0.0000	  -0.014979	  -0.010030	    0.23609	
20	5	    0.30959	    0.24782	     39.691	     3.3571	-9.7531e+92	-9.7531e+92	   0.082720	   0.021831	   0.076820	   0.061844	    -4.8106	    -4.5283	
20	6	  0.0079207	  0.0063405	     111.59	    0.30852	-9.7531e+92	-9.7531e+92	   0.035513	 0.00063767	     0.0000	  -0.043665	   -0.12694	     1.6698	
20	7	  0.0018460	  0.0014777	     126.68	    0.19164	-9.7531e+92	-9.7531e+92	  0.0084556	 0.00015329	     0.0000	     0.0000	  -0.030319	    0.85302	
20	8	    0.19434	    0.15557	     51.987	     2.5582	-9.7531e+92	-9.7531e+92	   0.047089	   0.012267	   0.045974	    0.14996	    -2.8660	    -2.7400	
20	9	 1.2942e-08	 1.0360e-08	     174.09	   0.055651	-9.7531e+92	-9.7531e+92	   0.016675	 5.1989e-06	     0.0000	  -0.027097	 -0.0010606	     2.0579	
20	10	  0.0098803	  0.0079091	     74.457	     1.1864	-9.7531e+92	-9.7531e+92	  0.0063382	 0.00061075	  0.0060461	  0.0091941	   -0.13752	   -0.12728	
20	11	 0.00094834	 0.00075914	     83.734	    0.83452	-9.7531e+92	-9.7531e+92	  0.0033001	 7.6690e-05	  0.0030603	 0.00070776	  -0.016002	  -0.010885	
20	12	   0.065346	   0.052309	     45.010	     3.0379	-9.7531e+92	-9.7531e+92	   0.017991	  0.0030284	   0.017701	   0.043407	   -0.71728	   -0.67806	
20	13	   0.013871	   0.011103	     165.04	   0.068678	-9.7531e+92	-9.7531e+92	   0.013844	  0.0010877	     0.0000	  -0.014381	   -0.18664	     1.1549	
20	14	  0.0070178	  0.0056177	     147.73	    0.10597	-9.7531e+92	-9.7531e+92	   0.011940	 0.00056439	     0.0000	  -0.042858	   -0.10514	     1.1429	
20	15	 7.2971e-05	 5.8412e-05	     124.66	    0.20372	-9.7531e+92	-9.7531e+92	  0.0010743	 1.1373e-05	     0.0000	 -0.0085051	 -0.0022405	    0.27585	
20	16	 0.00012175	 9.7462e-05	     74.477	     1.1855	-9.7531e+92	-9.7531e+92	 0.00011283	 1.5334e-05	     0.0000	-0.00044363	 -0.0030428	  0.0088960	
20	17	 3.0555e-13	 2.4459e-13	     207.02	   0.028026	-9.7531e+92	-9.7531e+92	 0.00017131	 5.2197e-06	     0.0000	 -0.0051879	 -0.0010852	   0.069192	
20	18	    0.12989	    0.10398	     90.275	    0.65310	-9.7531e+92	-9.7531e+92	   0.048627	   0.010211	     0.0000	  0.0047080	    -2.0027	   -0.96928	
20	19	    0.24411	    0.19540	     28.400	     3.8088	-9.7531e+92	-9.7531e+92	   0.054089	   0.010036	   0.053241	   0.094027	    -2.8669	    -2.7218	
20	20	     0.0000	     0.0000	     0.0000	     4.0000	-9.7531e+92	-9.7531e+92	    0.41541	     0.0000	    0.41446	     0.0000	     0.0000	     0.0000	
20	21	 1.3430e-06	 1.0750e-06	     169.84	   0.061351	-9.7531e+92	-9.7531e+92	  0.0055190	 5.3598e-06	     0.0000	 -0.0079578	 -0.0010693	     1.2422	
20	22	 2.9973e-06	 2.3993e-06	     116.48	    0.26308	-9.7531e+92	-9.7531e+92	 0.00012823	 4.9921e-06	     0.0000	 -0.0024375	 -0.0010668	   0.035450	
20	23	  0.0016194	  0.0012963	     93.058	    0.58941	-9.7531e+92	-9.7531e+92	  0.0053094	 0.00013623	  0.0028625	-0.00044464	  -0.027245	   0.021482	
20	24	 2.5909e-11	 2.0740e-11	     121.85	    0.22210	-9.7531e+92	-9.7531e+92	 0.00019991	 5.5141e-06	 2.2306e-05	-5.7764e-05	 -0.0010877	  0.0024431	
21	0	    0.26525	    0.66259	     39.458	     3.3697	-9.7531e+92	-9.7531e+92	    0.22564	    0.20152	     0.0000	     0.0000	     8.0899	    0.74833	
21	1	    0.15598	    0.38963	     57.297	     2.1839	-9.7531e+92	-9.7531e+92	    0.14017	    0.10521	     0.0000	     0.0000	     4.3817	    0.54546	
21	2	 1.4768e-05	 3.6889e-05	     197.19	   0.033993	-9.7531e+92	-9.7531e+92	   0.047341	 9.5682e-05	     0.0000	  -0.054461	  0.0031346	   -0.45646	
21	3	 1.2914e-12	 3.2259e-12	     259.71	   0.011362	-9.7531e+92	-9.7531e+92	  0.0033421	 8.1639e-05	     0.0000	  -0.024044	  0.0025821	  -0.087296	
21	4	 3.7713e-11	 9.4206e-11	     253.96	   0.012424	-9.7531e+92	-9.7531e+92	  0.0029477	 7.9831e-05	     0.0000	  -0.029850	  0.0025371	  -0.089194	
21	5	 0.00024602	 0.00061455	     132.91	    0.15951	-9.7531e+92	-9.7531e+92	  0.0091430	 0.00038518	     0.0000	 -0.0041131	   0.011846	  -0.038868	
21	6	   0.017232	   0.043045	     78.899	     1.0025	-9.7531e+92	-9.7531e+92	   0.098392	   0.019584	     0.0000	  -0.075139	    0.65920	   -0.54966	
21	7	    0.10181	    0.25431	     44.967	     3.0407	-9.7531e+92	-9.7531e+92	    0.11294	   0.096251	     0.0000	     0.0000	     3.9733	    0.24308	
21	8	 2.9526e-05	 7.3755e-05	     132.38	    0.16196	-9.7531e+92	-9.7531e+92	 0.00099289	 0.00011997	     0.0000	 -0.0027221	  0.0036130	 -0.0071135	
21	9	  0.0071183	   0.017781	     83.320	    0.84769	-9.7531e+92	-9.7531e+92	   0.075514	  0.0069621	     0.0000	  -0.048283	    0.27609	   -0.70215	
21	10	 3.3121e-11	 8.2736e-11	     171.26	   0.059366	-9.7531e+92	-9.7531e+92	 0.00018002	 8.5768e-05	     0.0000	-0.00080659	  0.0024820	 -0.0016316	
21	11	 2.3471e-11	 5.8630e-11	     128.65	    0.18069	-9.7531e+92	-9.7531e+92	 0.00018087	 8.4643e-05	     0.0000	-0.00050118	  0.0025035	 -0.0012743	
21	12	 1.4021e-12	 3.5023e-12	     187.39	   0.041605	-9.7531e+92	-9.7531e+92	 0.00014234	 8.7005e-05	     0.0000	-0.00084946	  0.0024792	 -0.0016142	
21	13	   0.069732	    0.17419	     76.619	     1.0932	-9.7531e+92	-9.7531e+92	    0.12202	   0.039026	     0.0000	     0.0000	     1.5475	     0.0000	
21	14	    0.10010	    0.25005	     101.18	    0.44014	-9.7531e+92	-9.7531e+92	    0.11893	    0.12007	     0.0000	   0.013287	     3.9111	   0.074052	
21	15	 4.5474e-12	 1.1359e-11	     175.65	   0.053734	-9.7531e+92	-9.7531e+92	  0.0068298	 8.1891e-05	     0.0000	  -0.016069	  0.0025248	  -0.098524	
21	16	 2.5651e-11	 6.4075e-11	     180.81	   0.047925	-9.7531e+92	-9.7531e+92	 0.00022045	 8.7804e-05	     0.0000	 -0.0010539	  0.0024764	 -0.0037755	
21	17	 2.2040e-12	 5.5055e-12	     326.31	  0.0045671	-9.7531e+92	-9.7531e+92	 0.00048172	 8.5261e-05	     0.0000	 -0.0098882	  0.0024719	  -0.024057	
21	18	    0.28044	    0.70053	     79.511	    0.97945	-9.7531e+92	-9.7531e+92	    0.21445	    0.30963	   0.053298	   0.031977	     10.709	     1.2009	
21	19	 3.1234e-11	 7.8021e-11	     197.71	   0.033641	-9.7531e+92	-9.7531e+92	 0.00030346	 8.4220e-05	     0.0000	 -0.0021550	  0.0024972	 -0.0054432	
21	20	 2.5614e-12	 6.3982e-12	     169.84	   0.061351	-9.7531e+92	-9.7531e+92	 0.00053978	 8.4171e-05	     0.0000	 -0.0024638	  0.0024970	 -0.0061439	
21	21	     0.0000	     0.0000	     0.0000	     4.0000	-9.7531e+92	-9.7531e+92	     1.3116	     0.0000	     1.1066	     0.0000	     0.0000	     0.0000	
21	22	 1.4054e-11	 3.5107e-11	     284.69	  0.0078758	-9.7531e+92	-9.7531e+92	 0.00028801	 8.7456e-05	     0.0000	 -0.0055531	  0.0024768	  -0.013158	
21	23	  0.0017441	  0.0043567	     78.648	     1.0121	-9.7531e+92	-9.7531e+92	  0.0047364	  0.0020750	     0.0000	-0.00083059	   0.070485	 -0.0068407	
21	24	 0.00030593	 0.00076421	     85.071	    0.79345	-9.7531e+92	-9.7531e+92	 0.00039338	 0.00042084	     0.0000	 0.00010604	   0.014483	 0.00082190	
22	0	 2.2203e-12	 1.2486e-12	     321.47	  0.0048482	-9.7531e+92	-9.7531e+92	  0.0032255	 3.7227e-06	     0.0000	     0.0000	-0.00011441	    0.22042	
22	1	 1.4898e-11	 8.3781e-12	     312.59	  0.0054224	-9.7531e+92	-9.7531e+92	  0.0017622	 3.8629e-06	     0.0000	 -0.0013791	-0.00011150	   0.098555	
22	2	    0.13064	   0.073467	     161.29	   0.075160	-9.7531e+92	-9.7531e+92	   0.041486	  0.0067690	     0.0000	  0.0089191	   -0.31911	   -0.10662	
22	3	   0.061326	   0.034488	     164.94	   0.068842	-9.7531e+92	-9.7531e+92	   0.023784	  0.0025383	   0.014962	   0.013085	   -0.15506	   -0.10289	
22	4	    0.58537	    0.32920	     82.638	    0.86986	-9.7531e+92	-9.7531e+92	   0.094090	   0.010113	   0.084989	   0.046160	    -1.1836	    -1.0360	
22	5	  0.0083754	  0.0047101	     151.89	   0.095092	-9.7531e+92	-9.7531e+92	  0.0073584	 0.00050658	  0.0032133	 0.00020173	  -0.021837	 -0.0024797	
22	6	 4.6549e-12	 2.6178e-12	     216.08	   0.023641	-9.7531e+92	-9.7531e+92	   0.015167	 3.9013e-06	     0.0000	  -0.028863	-0.00017071	    0.27107	
22	7	 5.2310e-12	 2.9417e-12	     241.36	   0.015218	-9.7531e+92	-9.7531e+92	  0.0013699	 3.9127e-06	     0.0000	     0.0000	-0.00016990	    0.13315	
22	8	 8.7990e-12	 4.9483e-12	     168.70	   0.062994	-9.7531e+92	-9.7531e+92	  0.0018496	 3.9361e-06	  0.0010661	-0.00091190	-0.00017664	  0.0031755	
22	9	 1.6609e-12	 9.3402e-13	     266.14	   0.010307	-9.7531e+92	-9.7531e+92	  0.0070385	 3.7966e-06	     0.0000	  -0.016699	-0.00017046	    0.31130	
22	10	 9.8384e-13	 5.5328e-13	     176.66	   0.052524	-9.7531e+92	-9.7531e+92	 0.00030492	 3.9743e-06	 9.9722e-05	-0.00026420	-0.00017898	 0.00072257	
22	11	 4.1815e-13	 2.3516e-13	     200.45	   0.031856	-9.7531e+92	-9.7531e+92	 0.00015367	 4.0354e-06	     0.0000	-0.00016416	-0.00017898	 0.00056425	
22	12	 1.4071e-12	 7.9133e-13	     131.16	    0.16782	-9.7531e+92	-9.7531e+92	  0.0019198	 4.0083e-06	  0.0017164	-0.00027824	-0.00017866	 0.00071467	
22	13	 0.00096170	 0.00054083	     260.15	   0.011286	-9.7531e+92	-9.7531e+92	  0.0056632	 5.8373e-05	     0.0000	  -0.010142	 -0.0019100	    0.17629	
22	14	 2.0918e-05	 1.1764e-05	     227.39	   0.019298	-9.7531e+92	-9.7531e+92	  0.0059808	 4.8073e-06	     0.0000	  -0.028724	-0.00020164	    0.17965	
22	15	 1.0944e-10	 6.1543e-11	     163.21	   0.071746	-9.7531e+92	-9.7531e+92	  0.0070416	 3.7280e-06	     0.0000	 -0.0049825	-0.00017048	   0.042155	
22	16	 6.2022e-12	 3.4879e-12	     106.73	    0.36321	-9.7531e+92	-9.7531e+92	  0.0010053	 3.5634e-06	 0.00057933	-0.00025373	-0.00015959	  0.0015767	
22	17	   0.023900	   0.013441	     106.10	    0.37108	-9.7531e+92	-9.7531e+92	   0.016061	 0.00082167	   0.013551	  0.0042252	  -0.017334	  -0.011766	
22	18	 2.6181e-06	 1.4723e-06	     205.13	   0.029065	-9.7531e+92	-9.7531e+92	  0.0042244	 4.0672e-06	     0.0000	 -0.0031319	-0.00016770	    0.14199	
22	19	    0.14727	   0.082820	     93.933	    0.57085	-9.7531e+92	-9.7531e+92	   0.022898	  0.0086374	   0.022302	    0.10380	   -0.38676	   -0.35053	
22	20	   0.042137	   0.023697	     116.48	    0.26308	-9.7531e+92	-9.7531e+92	   0.010079	  0.0024838	  0.0094109	   0.029493	   -0.11156	  -0.098097	
22	21	 1.6390e-11	 9.2174e-12	     284.69	  0.0078758	-9.7531e+92	-9.7531e+92	  0.0017347	 3.8528e-06	     0.0000	 -0.0049042	-0.00016703	    0.18654	
22	22	     0.0000	     0.0000	     0.0000	     4.0000	-9.7531e+92	-9.7531e+92	    0.28777	     0.0000	    0.28638	     0.0000	     0.0000	     0.0000	
22	23	 1.1137e-11	 6.2629e-12	     209.07	   0.026949	-9.7531e+92	-9.7531e+92	 0.00032351	 4.0513e-06	     0.0000	-0.00065133	-0.00017790	  0.0072075	
22	24	 9.6032e-12	 5.4006e-12	     237.89	   0.016122	-9.7531e+92	-9.7531e+92	 2.8432e-05	 4.0761e-06	     0.0000	-3.5889e-05	-0.00017885	 0.00037587	
23	0	    0.10989	   0.065458	     119.13	    0.24186	-9.7531e+92	-9.7531e+92	   0.030244	  0.0058285	     0.0000	     0.0000	   -0.57344	    0.12227	
23	1	   0.010342	  0.0061605	     132.72	    0.16037	-9.7531e+92	-9.7531e+92	   0.011600	 0.00061789	     0.0000	-0.00084747	  -0.051057	    0.23354	
23	2	 3.8948e-05	 2.3201e-05	     168.40	   0.063436	-9.7531e+92	-9.7531e+92	  0.0078481	 6.7032e-06	     0.0000	  -0.013122	-0.00063948	    0.44441	
23	3	 3.1380e-12	 1.8693e-12	     228.38	   0.018966	-9.7531e+92	-9.7531e+92	 0.00059224	 4.3356e-06	     0.0000	 -0.0057950	-0.00039947	   0.084030	
23	4	 1.4697e-11	 8.7548e-12	     212.30	   0.025355	-9.7531e+92	-9.7531e+92	 0.00051354	 4.1229e-06	     0.0000	 -0.0071929	-0.00041569	   0.089686	
23	5	    0.11347	   0.067590	     65.633	     1.6449	-9.7531e+92	-9.7531e+92	   0.020756	  0.0066095	   0.016366	   0.010944	   -0.68600	   -0.57737	
23	6	   0.063844	   0.038031	     73.330	     1.2380	-9.7531e+92	-9.7531e+92	   0.032264	  0.0040307	     0.0000	 -0.0096495	   -0.40178	    0.29824	
23	7	    0.13987	   0.083322	     58.677	     2.0891	-9.7531e+92	-9.7531e+92	   0.031154	  0.0085907	     0.0000	     0.0000	   -0.87248	   -0.45966	
23	8	   0.061899	   0.036872	     54.810	     2.3580	-9.7531e+92	-9.7531e+92	   0.010358	  0.0028759	  0.0095280	   0.014835	   -0.28921	   -0.24755	
23	9	 0.00025363	 0.00015108	     121.73	    0.22293	-9.7531e+92	-9.7531e+92	   0.017863	 1.9025e-05	     0.0000	  -0.012264	 -0.0020110	    0.75272	
23	10	 2.9332e-05	 1.7473e-05	     95.614	    0.53700	-9.7531e+92	-9.7531e+92	 0.00094214	 5.4538e-06	 0.00072479	-0.00012719	-0.00054839	  0.0013846	
23	11	  0.0063310	  0.0037713	     53.605	     2.4433	-9.7531e+92	-9.7531e+92	  0.0016597	 0.00033690	  0.0014813	  0.0018624	  -0.028678	  -0.023878	
23	12	 3.6458e-06	 2.1718e-06	     109.85	    0.32696	-9.7531e+92	-9.7531e+92	 0.00023617	 4.2913e-06	 2.0714e-05	-0.00017159	-0.00042906	  0.0016130	
23	13	   0.093618	   0.055767	     113.01	    0.29441	-9.7531e+92	-9.7531e+92	   0.028739	  0.0054961	     0.0000	-0.00070669	   -0.48901	   0.045469	
23	14	   0.045676	   0.027209	     114.84	    0.27739	-9.7531e+92	-9.7531e+92	   0.019275	  0.0029235	     0.0000	  -0.010033	   -0.26544	    0.21551	
23	15	 1.0426e-06	 6.2107e-07	     149.47	    0.10124	-9.7531e+92	-9.7531e+92	  0.0014778	 4.4859e-06	     0.0000	 -0.0038726	-0.00043143	    0.10154	
23	16	 2.8551e-12	 1.7008e-12	     136.77	    0.14287	-9.7531e+92	-9.7531e+92	 4.3715e-05	 4.5124e-06	     0.0000	-0.00025178	-0.00043385	  0.0040054	
23	17	 1.9273e-12	 1.1481e-12	     284.58	  0.0078888	-9.7531e+92	-9.7531e+92	 8.9341e-05	 4.3720e-06	     0.0000	 -0.0023830	-0.00043444	   0.025398	
23	18	    0.25679	    0.15297	     36.898	     3.4995	-9.7531e+92	-9.7531e+92	   0.051772	   0.013902	   0.013343	  0.0038286	    -1.5808	    -1.0540	
23	19	 1.1584e-05	 6.9004e-06	     121.29	    0.22600	-9.7531e+92	-9.7531e+92	 0.00050010	 4.7980e-06	     0.0000	-0.00045823	-0.00049051	  0.0055868	
23	20	 0.00089204	 0.00053138	     93.058	    0.58941	-9.7531e+92	-9.7531e+92	  0.0012971	 5.6487e-05	 0.00059001	-0.00010030	 -0.0058734	  0.0012771	
23	21	   0.068299	   0.040685	     78.648	     1.0121	-9.7531e+92	-9.7531e+92	   0.022154	  0.0040443	     0.0000	-0.00050823	   -0.42297	   0.076710	
23	22	 3.1602e-13	 1.8825e-13	     209.07	   0.026949	-9.7531e+92	-9.7531e+92	 5.5981e-05	 4.4411e-06	     0.0000	 -0.0013268	-0.00043149	   0.013845	
23	23	     0.0000	     0.0000	     0.0000	     4.0000	-9.7531e+92	-9.7531e+92	    0.29982	     0.0000	    0.29800	     0.0000	     0.0000	     0.0000	
23	24	   0.028744	   0.017122	     40.708	     3.3006	-9.7531e+92	-9.7531e+92	  0.0043772	  0.0016690	  0.0042451	  0.0028454	   -0.15383	   -0.13643	
24	0	    0.18797	   0.082254	     123.34	    0.21210	-9.7531e+92	-9.7531e+92	   0.030755	  0.0011643	     0.0000	     0.0000	   -0.20555	  -0.053516	
24	1	   0.046220	   0.020225	     142.19	    0.12292	-9.7531e+92	-9.7531e+92	   0.013085	 0.00029980	     0.0000	-3.7721e-05	  -0.049811	   0.017138	
24	2	 1.6576e-10	 7.2534e-11	     210.29	   0.026336	-9.7531e+92	-9.7531e+92	  0.0042529	 4.4714e-07	     0.0000	 -0.0018527	-8.5837e-05	    0.10128	
24	3	 6.5170e-12	 2.8518e-12	     270.69	  0.0096323	-9.7531e+92	-9.7531e+92	 0.00036253	 4.5402e-07	     0.0000	-0.00081783	-8.5106e-05	   0.019159	
24	4	 2.7710e-11	 1.2125e-11	     253.16	   0.012581	-9.7531e+92	-9.7531e+92	 0.00029582	 4.3203e-07	     0.0000	 -0.0010153	-8.7850e-05	   0.020381	
24	5	  0.0011227	 0.00049129	     106.34	    0.36810	-9.7531e+92	-9.7531e+92	  0.0031051	 8.1337e-06	     0.0000	-0.00011590	 -0.0015831	  0.0079387	
24	6	  0.0036103	  0.0015798	     108.13	    0.34637	-9.7531e+92	-9.7531e+92	   0.017173	 2.4903e-05	     0.0000	 -0.0029046	 -0.0048810	    0.14442	
24	7	   0.065903	   0.028838	     84.614	    0.80724	-9.7531e+92	-9.7531e+92	   0.017067	 0.00044201	     0.0000	     0.0000	  -0.087238	  -0.010403	
24	8	  0.0098016	  0.0042890	     77.960	     1.0389	-9.7531e+92	-9.7531e+92	  0.0019419	 5.9946e-05	  0.0013323	 0.00047644	  -0.012675	  -0.010485	
24	9	 0.00011728	 5.1319e-05	     149.07	    0.10229	-9.7531e+92	-9.7531e+92	   0.011145	 1.1986e-06	     0.0000	 -0.0017325	-0.00024411	    0.17108	
24	10	 5.2293e-05	 2.2883e-05	     102.71	    0.41717	-9.7531e+92	-9.7531e+92	 0.00050280	 7.5796e-07	 0.00034314	-1.9244e-05	-0.00015356	 0.00030648	
24	11	   0.025744	   0.011265	     56.094	     2.2676	-9.7531e+92	-9.7531e+92	  0.0029956	 0.00011218	  0.0028645	 0.00075086	  -0.014769	  -0.013424	
24	12	 1.2270e-11	 5.3692e-12	     132.31	    0.16230	-9.7531e+92	-9.7531e+92	 8.6080e-05	 4.5487e-07	     0.0000	-2.7622e-05	-8.9759e-05	 0.00038366	
24	13	    0.14466	   0.063299	     142.21	    0.12286	-9.7531e+92	-9.7531e+92	   0.027327	 0.00092658	     0.0000	 0.00042541	   -0.16343	  -0.044859	
24	14	  0.0019816	 0.00086714	     150.00	   0.099849	-9.7531e+92	-9.7531e+92	   0.010172	 1.3865e-05	     0.0000	 -0.0029154	 -0.0025445	    0.10146	
24	15	 8.9662e-11	 3.9235e-11	     189.75	   0.039594	-9.7531e+92	-9.7531e+92	  0.0012326	 4.6559e-07	     0.0000	-0.00054656	-8.9424e-05	   0.023034	
24	16	 3.2739e-12	 1.4326e-12	     177.80	   0.051213	-9.7531e+92	-9.7531e+92	 2.7744e-05	 4.7808e-07	     0.0000	-3.5844e-05	-9.1259e-05	 0.00090668	
24	17	 1.2656e-11	 5.5381e-12	     325.25	  0.0046269	-9.7531e+92	-9.7531e+92	 5.4649e-05	 4.5819e-07	     0.0000	-0.00033633	-9.0998e-05	  0.0057513	
24	18	    0.40206	    0.17594	     74.739	     1.1738	-9.7531e+92	-9.7531e+92	   0.052410	  0.0026316	   0.024180	  0.0015576	   -0.51869	   -0.41731	
24	19	 1.2834e-11	 5.6162e-12	     150.08	   0.099629	-9.7531e+92	-9.7531e+92	 0.00010867	 4.5464e-07	     0.0000	-7.2226e-05	-9.0102e-05	  0.0012920	
24	20	 5.7675e-05	 2.5238e-05	     121.85	    0.22210	-9.7531e+92	-9.7531e+92	 0.00027362	 8.3314e-07	     0.0000	-7.6660e-05	-0.00016713	  0.0013798	
24	21	   0.040880	   0.017889	     85.071	    0.79345	-9.7531e+92	-9.7531e+92	   0.015402	 0.00026699	     0.0000	-0.00025583	  -0.053671	   0.051958	
24	22	 1.8788e-11	 8.2213e-12	     237.89	   0.016122	-9.7531e+92	-9.7531e+92	 3.5440e-05	 4.6869e-07	     0.0000	-0.00018873	-9.0729e-05	  0.0031359	
24	23	   0.069818	   0.030552	     40.708	     3.3006	-9.7531e+92	-9.7531e+92	  0.0087201	 0.00035683	  0.0073825	 0.00080574	  -0.066723	  -0.060698	
24	24	     0.0000	     0.0000	     0.0000	     4.0000	-9.7531e+92	-9.7531e+92	    0.21901	     0.0000	    0.21891	     0.0000	     0.0000	     0.0000	
