#source	Target	value	weight	distance	potential1	geneCorrelation	separation	influenceWeight	betweenness	influence'Weight	betweenness'	nbetweenness	nbetweenness'	
0	0	     0.0000	     0.0000	     0.0000	     4.0000	-9.7531e+92	-9.7531e+92	     4.1167	     0.0000	     3.8773	     0.0000	     0.0000	     0.0000	
0	1	    0.13081	     1.0390	     35.562	     3.5606	-9.7531e+92	-9.7531e+92	    0.39258	   0.025615	    0.14604	   0.016907	    0.19580	  -0.025243	
0	2	 1.0517e-10	 8.3537e-10	     211.35	   0.025814	-9.7531e+92	-9.7531e+92	   0.011597	 1.8773e-05	     0.0000	  -0.035819	 0.00033369	  -0.011978	
0	3	 4.6993e-10	 3.7325e-09	     273.88	  0.0091920	-9.7531e+92	-9.7531e+92	  0.0031907	 1.9325e-05	     0.0000	  -0.026587	 0.00034948	 -0.0063684	
0	4	 7.7305e-12	 6.1401e-11	     281.58	  0.0082298	-9.7531e+92	-9.7531e+92	  0.0033429	 1.9237e-05	     0.0000	  -0.034217	 0.00031846	 -0.0061228	
0	5	 2.0012e-10	 1.5894e-09	     169.69	   0.061568	-9.7531e+92	-9.7531e+92	   0.065813	 1.8809e-05	     0.0000	  -0.024289	 0.00030274	  -0.070885	
0	6	    0.15193	     1.2067	     105.31	    0.38136	-9.7531e+92	-9.7531e+92	    0.40179	   0.035832	   0.021064	   0.041766	    0.71778	   0.079101	
0	7	   0.096127	    0.76350	     80.265	    0.95180	-9.7531e+92	-9.7531e+92	    0.31503	   0.024381	   0.059649	   0.046395	    0.47245	   0.049970	
0	8	 2.5032e-10	 1.9882e-09	     172.11	   0.058221	-9.7531e+92	-9.7531e+92	   0.035602	 2.0215e-05	     0.0000	  -0.034362	 0.00028281	  -0.037662	
0	9	   0.085495	    0.67905	     86.890	    0.74099	-9.7531e+92	-9.7531e+92	    0.23198	   0.022354	   0.083194	   0.022134	    0.41995	   0.049578	
0	10	 1.2698e-11	 1.0086e-10	     210.64	   0.026161	-9.7531e+92	-9.7531e+92	  0.0014610	 2.1460e-05	     0.0000	 -0.0059454	 0.00026771	 -0.0020246	
0	11	 8.6964e-11	 6.9072e-10	     167.10	   0.065400	-9.7531e+92	-9.7531e+92	  0.0028772	 2.1049e-05	     0.0000	 -0.0069577	 0.00027525	 -0.0048190	
0	12	 3.9192e-10	 3.1128e-09	     226.76	   0.019512	-9.7531e+92	-9.7531e+92	  0.0081234	 2.1130e-05	     0.0000	  -0.012243	 0.00026844	 -0.0090830	
0	13	    0.23306	     1.8511	     86.013	    0.76580	-9.7531e+92	-9.7531e+92	    0.65883	   0.064078	    0.19219	    0.14245	     1.1946	    0.21953	
0	14	   0.090777	    0.72101	     114.85	    0.27729	-9.7531e+92	-9.7531e+92	    0.35302	   0.019328	     0.0000	  0.0031872	    0.25240	  0.0021738	
0	15	 2.0218e-11	 1.6059e-10	     189.51	   0.039789	-9.7531e+92	-9.7531e+92	   0.016746	 1.9187e-05	     0.0000	  -0.029300	 0.00030167	 -0.0082982	
0	16	 1.1559e-10	 9.1811e-10	     217.18	   0.023165	-9.7531e+92	-9.7531e+92	 0.00033235	 2.1202e-05	     0.0000	-0.00062555	 0.00026591	-8.5316e-05	
0	17	 2.3907e-11	 1.8989e-10	     353.56	  0.0033150	-9.7531e+92	-9.7531e+92	 0.00035461	 2.1313e-05	     0.0000	 -0.0023318	 0.00026543	-0.00023790	
0	18	   0.035611	    0.28284	     116.29	    0.26473	-9.7531e+92	-9.7531e+92	    0.60261	   0.010266	     0.0000	  -0.080354	    0.18424	   -0.12598	
0	19	 1.8837e-11	 1.4962e-10	     234.49	   0.017074	-9.7531e+92	-9.7531e+92	   0.031758	 2.0465e-05	     0.0000	  -0.019568	 0.00027809	  -0.030470	
0	20	 6.4615e-10	 5.1322e-09	     206.61	   0.028245	-9.7531e+92	-9.7531e+92	    0.26980	 1.8564e-05	     0.0000	  -0.081476	 0.00028507	   -0.12258	
0	21	    0.17467	     1.3874	     39.458	     3.3697	-9.7531e+92	-9.7531e+92	    0.40872	   0.041405	    0.28865	   0.093449	    0.91184	    0.17099	
0	22	 1.2523e-10	 9.9464e-10	     321.47	  0.0048482	-9.7531e+92	-9.7531e+92	 0.00052411	 2.1153e-05	     0.0000	 -0.0042316	 0.00026909	-0.00067001	
0	23	  0.0015156	   0.012038	     119.13	    0.24186	-9.7531e+92	-9.7531e+92	  0.0082666	 0.00043548	     0.0000	 -0.0020084	  0.0089834	 -0.0059990	
0	24	 2.8366e-10	 2.2530e-09	     123.34	    0.21210	-9.7531e+92	-9.7531e+92	 0.00075137	 1.9548e-05	     0.0000	-0.00052826	 0.00035480	-0.00036793	
1	0	    0.12308	    0.92941	     35.562	     3.5606	-9.7531e+92	-9.7531e+92	    0.31607	   0.023091	   0.088458	   0.068119	    0.42368	   0.040819	
1	1	     0.0000	     0.0000	     0.0000	     4.0000	-9.7531e+92	-9.7531e+92	     3.8792	     0.0000	     3.6448	     0.0000	     0.0000	     0.0000	
1	2	  0.0017119	   0.012927	     184.62	   0.044134	-9.7531e+92	-9.7531e+92	   0.013434	 0.00053945	     0.0000	  -0.041054	   0.014795	  -0.030887	
1	3	 3.6138e-13	 2.7289e-12	     244.14	   0.014539	-9.7531e+92	-9.7531e+92	  0.0032068	 2.0814e-05	     0.0000	  -0.034777	 0.00056986	  -0.018091	
1	4	 1.5441e-11	 1.1660e-10	     272.02	  0.0094459	-9.7531e+92	-9.7531e+92	  0.0039435	 2.0739e-05	     0.0000	  -0.044757	 0.00054372	  -0.019673	
1	5	 0.00025244	  0.0019063	     161.91	   0.074033	-9.7531e+92	-9.7531e+92	    0.11144	 9.7054e-05	     0.0000	  -0.031834	  0.0025384	   -0.25151	
1	6	   0.092972	    0.70205	     96.519	    0.51972	-9.7531e+92	-9.7531e+92	    0.27234	   0.023946	     0.0000	   0.025354	    0.75596	    0.10972	
1	7	   0.030601	    0.23107	     75.481	     1.1413	-9.7531e+92	-9.7531e+92	    0.15001	  0.0082088	     0.0000	 -0.0013691	    0.25911	 -0.0039572	
1	8	 4.4691e-12	 3.3747e-11	     184.58	   0.044171	-9.7531e+92	-9.7531e+92	   0.062372	 2.1908e-05	     0.0000	  -0.045619	 0.00050923	   -0.14469	
1	9	   0.093007	    0.70232	     55.376	     2.3181	-9.7531e+92	-9.7531e+92	    0.22062	   0.024635	   0.079157	   0.013002	    0.80674	    0.20419	
1	10	 7.5360e-12	 5.6906e-11	     228.04	   0.019080	-9.7531e+92	-9.7531e+92	  0.0023491	 2.3209e-05	     0.0000	 -0.0077860	 0.00049561	 -0.0083101	
1	11	 7.2716e-12	 5.4910e-11	     185.20	   0.043588	-9.7531e+92	-9.7531e+92	  0.0047654	 2.2812e-05	     0.0000	 -0.0091820	 0.00050097	  -0.019544	
1	12	 5.7168e-12	 4.3169e-11	     231.78	   0.017881	-9.7531e+92	-9.7531e+92	   0.014150	 2.2818e-05	     0.0000	  -0.016014	 0.00049807	  -0.037039	
1	13	    0.11590	    0.87517	     57.043	     2.2015	-9.7531e+92	-9.7531e+92	    0.37685	   0.034903	     0.0000	   0.061062	    0.98174	    0.16817	
1	14	   0.072605	    0.54826	     88.839	    0.68891	-9.7531e+92	-9.7531e+92	    0.28659	   0.016522	     0.0000	 -0.0088248	    0.41992	  -0.023819	
1	15	 3.4229e-05	 0.00025847	     167.83	   0.064291	-9.7531e+92	-9.7531e+92	   0.014215	 3.1243e-05	     0.0000	  -0.038220	 0.00080189	  -0.029029	
1	16	 1.5166e-11	 1.1452e-10	     207.46	   0.027791	-9.7531e+92	-9.7531e+92	 0.00033094	 2.2868e-05	     0.0000	-0.00081825	 0.00049726	-0.00035786	
1	17	 1.1543e-12	 8.7162e-12	     342.57	  0.0037606	-9.7531e+92	-9.7531e+92	 0.00035755	 2.2985e-05	     0.0000	 -0.0030501	 0.00049593	-0.00097216	
1	18	    0.38803	     2.9301	     111.77	    0.30668	-9.7531e+92	-9.7531e+92	     1.0721	    0.12066	     0.0000	    0.15822	     3.2968	    0.54594	
1	19	 3.3099e-12	 2.4994e-11	     226.57	   0.019575	-9.7531e+92	-9.7531e+92	   0.056022	 2.2098e-05	     0.0000	  -0.025595	 0.00050737	   -0.11854	
1	20	 9.0146e-13	 6.8071e-12	     199.20	   0.032652	-9.7531e+92	-9.7531e+92	    0.47905	 2.0052e-05	     0.0000	   -0.10657	 0.00051363	   -0.46120	
1	21	   0.081810	    0.61777	     57.297	     2.1839	-9.7531e+92	-9.7531e+92	    0.20394	   0.021635	   0.089786	   0.060861	    0.69633	    0.17394	
1	22	 6.8112e-12	 5.1433e-11	     312.59	  0.0054224	-9.7531e+92	-9.7531e+92	 0.00057563	 2.2820e-05	     0.0000	 -0.0055350	 0.00049904	 -0.0026819	
1	23	 2.3457e-06	 1.7713e-05	     132.72	    0.16037	-9.7531e+92	-9.7531e+92	  0.0059327	 2.2041e-05	     0.0000	 -0.0046912	 0.00054989	  -0.014819	
1	24	 5.5191e-12	 4.1676e-11	     142.19	    0.12292	-9.7531e+92	-9.7531e+92	 0.00058740	 2.2261e-05	     0.0000	-0.00074856	 0.00051361	 -0.0011084	
2	0	 0.00021577	 0.00077164	     211.35	   0.025814	-9.7531e+92	-9.7531e+92	   0.025348	 9.3252e-05	     0.0000	   -0.15174	-0.00095418	    0.10521	
2	1	  0.0019433	  0.0069498	     184.62	   0.044134	-9.7531e+92	-9.7531e+92	   0.027980	 0.00066909	     0.0000	  -0.050512	 -0.0073411	    0.10804	
2	2	     0.0000	     0.0000	     0.0000	     4.0000	-9.7531e+92	-9.7531e+92	     1.8974	     0.0000	     1.8478	     0.0000	     0.0000	     0.0000	
2	3	    0.15990	    0.57185	     63.167	     1.7950	-9.7531e+92	-9.7531e+92	    0.20507	   0.020242	    0.17996	    0.44510	    -1.6417	    -1.4549	
2	4	    0.20795	    0.74368	     91.235	    0.63030	-9.7531e+92	-9.7531e+92	    0.23827	   0.027990	    0.20927	    0.79984	    -1.5174	    -1.3696	
2	5	  0.0033690	   0.012048	     120.45	    0.23204	-9.7531e+92	-9.7531e+92	   0.024569	  0.0011066	     0.0000	   -0.10384	  -0.024562	    0.70541	
2	6	   0.012536	   0.044833	     118.53	    0.24644	-9.7531e+92	-9.7531e+92	   0.042204	  0.0041401	     0.0000	   -0.10405	  -0.087447	    0.23103	
2	7	 2.4146e-05	 8.6350e-05	     153.12	   0.092143	-9.7531e+92	-9.7531e+92	   0.026221	 3.0400e-05	     0.0000	   -0.12448	-0.00065520	    0.21642	
2	8	 1.9416e-12	 6.9436e-12	     174.51	   0.055125	-9.7531e+92	-9.7531e+92	   0.011579	 2.2006e-05	     0.0000	   -0.12516	-0.00050888	    0.45109	
2	9	 0.00025028	 0.00089504	     133.64	    0.15619	-9.7531e+92	-9.7531e+92	   0.020299	 0.00010712	     0.0000	  -0.037146	 -0.0022978	    0.12514	
2	10	 1.8748e-12	 6.7047e-12	     213.20	   0.024934	-9.7531e+92	-9.7531e+92	 0.00050980	 2.3087e-05	     0.0000	  -0.021362	-0.00052970	   0.027427	
2	11	 2.4539e-12	 8.7755e-12	     197.83	   0.033565	-9.7531e+92	-9.7531e+92	 0.00096557	 2.2899e-05	     0.0000	  -0.025193	-0.00052587	   0.063874	
2	12	 4.8350e-12	 1.7291e-11	     181.48	   0.047226	-9.7531e+92	-9.7531e+92	  0.0027263	 2.2730e-05	     0.0000	  -0.043937	-0.00052534	    0.12160	
2	13	    0.27112	    0.96958	     127.66	    0.18612	-9.7531e+92	-9.7531e+92	    0.30867	   0.091232	   0.098558	    0.62287	   -0.99106	   -0.80005	
2	14	    0.18172	    0.64988	     97.273	    0.50580	-9.7531e+92	-9.7531e+92	    0.23299	   0.054107	     0.0000	    0.30571	    -1.0197	   -0.43602	
2	15	    0.14343	    0.51295	     21.827	     3.9312	-9.7531e+92	-9.7531e+92	    0.18956	   0.029172	    0.14513	    0.26037	   -0.80451	   -0.69997	
2	16	  0.0033254	   0.011892	     68.097	     1.5042	-9.7531e+92	-9.7531e+92	  0.0040696	 0.00076264	  0.0032521	   0.018273	 -0.0073787	 -0.0069487	
2	17	 8.9160e-12	 3.1886e-11	     160.64	   0.076357	-9.7531e+92	-9.7531e+92	  0.0064425	 1.4462e-05	  0.0046442	 -0.0044442	-0.00028611	  0.0018656	
2	18	   0.014185	   0.050730	     137.27	    0.14087	-9.7531e+92	-9.7531e+92	    0.18848	  0.0045164	     0.0000	   -0.33230	  -0.083070	    0.90357	
2	19	 3.5991e-07	 1.2871e-06	     139.30	    0.13308	-9.7531e+92	-9.7531e+92	   0.011804	 2.2089e-05	     0.0000	  -0.070225	-0.00050904	    0.37377	
2	20	 2.1360e-05	 7.6389e-05	     139.77	    0.13137	-9.7531e+92	-9.7531e+92	   0.086149	 2.6622e-05	     0.0000	   -0.29237	-0.00065939	     1.4099	
2	21	 5.0023e-13	 1.7889e-12	     197.19	   0.033993	-9.7531e+92	-9.7531e+92	  0.0072955	 2.2438e-05	     0.0000	  -0.068409	-0.00048303	    0.10190	
2	22	 5.7562e-12	 2.0586e-11	     161.29	   0.075160	-9.7531e+92	-9.7531e+92	   0.015977	 1.6752e-05	   0.011464	 -0.0082234	-0.00037548	  0.0066772	
2	23	 9.8645e-13	 3.5277e-12	     168.40	   0.063436	-9.7531e+92	-9.7531e+92	  0.0011009	 2.3039e-05	     0.0000	  -0.016048	-0.00051864	   0.047489	
2	24	 3.8974e-12	 1.3938e-11	     210.29	   0.026336	-9.7531e+92	-9.7531e+92	 0.00017048	 2.3188e-05	     0.0000	 -0.0021084	-0.00052794	  0.0036320	
3	0	 2.5422e-10	 1.0296e-09	     273.88	  0.0091920	-9.7531e+92	-9.7531e+92	   0.018626	 1.2820e-05	     0.0000	  -0.098082	-0.00026513	    0.11188	
3	1	 0.00076099	  0.0030820	     244.14	   0.014539	-9.7531e+92	-9.7531e+92	   0.021222	 0.00016048	     0.0000	  -0.033734	 -0.0034197	    0.11664	
3	2	    0.29176	     1.1816	     63.167	     1.7950	-9.7531e+92	-9.7531e+92	    0.44697	   0.029548	    0.39078	    0.54307	    -2.1860	    -1.8990	
3	3	     0.0000	     0.0000	     0.0000	     4.0000	-9.7531e+92	-9.7531e+92	     2.1499	     0.0000	     2.1215	     0.0000	     0.0000	     0.0000	
3	4	    0.27688	     1.1214	     82.606	    0.87092	-9.7531e+92	-9.7531e+92	    0.36541	   0.018689	    0.33257	    0.64216	    -1.8726	    -1.6725	
3	5	 6.3560e-10	 2.5742e-09	     167.87	   0.064235	-9.7531e+92	-9.7531e+92	   0.015220	 1.2620e-05	     0.0000	  -0.068791	-0.00043697	    0.64800	
3	6	 9.6648e-11	 3.9142e-10	     180.81	   0.047921	-9.7531e+92	-9.7531e+92	   0.028326	 1.2807e-05	     0.0000	  -0.090413	-0.00042535	    0.28038	
3	7	 3.9925e-10	 1.6170e-09	     215.68	   0.023812	-9.7531e+92	-9.7531e+92	   0.020398	 1.2934e-05	     0.0000	  -0.079946	-0.00043698	    0.19283	
3	8	 2.6924e-09	 1.0904e-08	     221.29	   0.021502	-9.7531e+92	-9.7531e+92	  0.0072204	 1.2712e-05	     0.0000	  -0.080324	-0.00045552	    0.39766	
3	9	 2.9343e-10	 1.1884e-09	     191.41	   0.038254	-9.7531e+92	-9.7531e+92	   0.015723	 1.3097e-05	     0.0000	  -0.024162	-0.00043917	    0.11278	
3	10	 6.3155e-10	 2.5578e-09	     258.79	   0.011525	-9.7531e+92	-9.7531e+92	 0.00038285	 1.3309e-05	     0.0000	  -0.013709	-0.00046900	   0.024018	
3	11	 2.4532e-10	 9.9354e-10	     244.71	   0.014404	-9.7531e+92	-9.7531e+92	 0.00067242	 1.3216e-05	     0.0000	  -0.016168	-0.00046667	   0.055998	
3	12	 1.3346e-10	 5.4049e-10	     227.10	   0.019395	-9.7531e+92	-9.7531e+92	  0.0018200	 1.3127e-05	     0.0000	  -0.028197	-0.00046706	    0.10655	
3	13	   0.038324	    0.15521	     188.65	   0.040519	-9.7531e+92	-9.7531e+92	    0.15675	  0.0074912	     0.0000	  -0.038518	   -0.15985	   0.079620	
3	14	   0.081798	    0.33128	     161.01	   0.075671	-9.7531e+92	-9.7531e+92	    0.19707	   0.014820	     0.0000	 -0.0070973	   -0.41303	   0.015368	
3	15	    0.30534	     1.2366	     84.108	    0.82281	-9.7531e+92	-9.7531e+92	    0.38717	   0.039930	    0.33686	    0.63456	    -1.7440	    -1.5440	
3	16	 7.7672e-10	 3.1457e-09	     111.94	    0.30495	-9.7531e+92	-9.7531e+92	  0.0022527	 1.0029e-05	  0.0013270	-0.00084825	-0.00035027	 0.00080558	
3	17	 5.4732e-10	 2.2166e-09	     122.41	    0.21829	-9.7531e+92	-9.7531e+92	  0.0098321	 7.3649e-06	  0.0077956	 -0.0024019	-0.00018848	  0.0011026	
3	18	  0.0051379	   0.020808	     199.21	   0.032649	-9.7531e+92	-9.7531e+92	    0.11234	 0.00095520	     0.0000	   -0.22516	  -0.029229	    0.88539	
3	19	 1.3473e-09	 5.4567e-09	     184.07	   0.044655	-9.7531e+92	-9.7531e+92	  0.0087370	 1.2720e-05	     0.0000	  -0.045068	-0.00045541	    0.32905	
3	20	 2.8671e-11	 1.1612e-10	     185.64	   0.043179	-9.7531e+92	-9.7531e+92	   0.052690	 1.1688e-05	     0.0000	   -0.18765	-0.00045025	     1.2459	
3	21	 1.2141e-10	 4.9170e-10	     259.71	   0.011362	-9.7531e+92	-9.7531e+92	  0.0054252	 1.2993e-05	     0.0000	  -0.043902	-0.00043811	   0.090672	
3	22	 1.5640e-09	 6.3344e-09	     164.94	   0.068842	-9.7531e+92	-9.7531e+92	   0.024443	 8.9836e-06	   0.019333	 -0.0044652	-0.00031049	  0.0051877	
3	23	 5.9569e-10	 2.4125e-09	     228.38	   0.018966	-9.7531e+92	-9.7531e+92	 0.00077704	 1.3315e-05	     0.0000	  -0.010299	-0.00046189	   0.041730	
3	24	 9.0325e-10	 3.6581e-09	     270.69	  0.0096323	-9.7531e+92	-9.7531e+92	 0.00017121	 1.3371e-05	     0.0000	 -0.0013530	-0.00046750	  0.0031832	
4	0	 1.8645e-11	 4.7249e-11	     281.58	  0.0082298	-9.7531e+92	-9.7531e+92	  0.0078486	 1.7086e-05	     0.0000	   -0.13153	-0.00075213	    0.32804	
4	1	 1.2499e-11	 3.1674e-11	     272.02	  0.0094459	-9.7531e+92	-9.7531e+92	  0.0087399	 1.7233e-05	     0.0000	  -0.046374	-0.00076985	    0.34495	
4	2	    0.36183	    0.91694	     91.235	    0.63030	-9.7531e+92	-9.7531e+92	    0.31577	   0.051717	    0.28061	    0.99663	    -5.8006	    -5.2798	
4	3	    0.31639	    0.80178	     82.606	    0.87092	-9.7531e+92	-9.7531e+92	    0.26169	   0.031723	    0.24390	     1.0000	    -5.5175	    -5.1115	
4	4	     0.0000	     0.0000	     0.0000	     4.0000	-9.7531e+92	-9.7531e+92	     1.3773	     0.0000	     1.3567	     0.0000	     0.0000	     0.0000	
4	5	 0.00092848	  0.0023529	     147.08	    0.10778	-9.7531e+92	-9.7531e+92	   0.010748	 0.00025107	     0.0000	  -0.091452	  -0.015316	     1.5661	
4	6	 4.4235e-11	 1.1210e-10	     179.35	   0.049487	-9.7531e+92	-9.7531e+92	   0.012727	 1.7092e-05	     0.0000	   -0.12124	 -0.0010088	    0.68982	
4	7	 1.3959e-10	 3.5376e-10	     209.16	   0.026904	-9.7531e+92	-9.7531e+92	  0.0085432	 1.7219e-05	     0.0000	   -0.10721	 -0.0010272	    0.47041	
4	8	 2.0886e-12	 5.2929e-12	     186.41	   0.042479	-9.7531e+92	-9.7531e+92	  0.0045117	 1.6897e-05	     0.0000	   -0.10771	 -0.0010562	    0.95760	
4	9	 8.4341e-11	 2.1374e-10	     223.28	   0.020749	-9.7531e+92	-9.7531e+92	  0.0065269	 1.7446e-05	     0.0000	  -0.032401	 -0.0010309	    0.27465	
4	10	 2.9807e-11	 7.5537e-11	     204.61	   0.029363	-9.7531e+92	-9.7531e+92	 0.00025071	 1.7690e-05	     0.0000	  -0.018384	 -0.0010775	   0.057330	
4	11	 1.4820e-11	 3.7558e-11	     218.09	   0.022784	-9.7531e+92	-9.7531e+92	 0.00042031	 1.7573e-05	     0.0000	  -0.021680	 -0.0010742	    0.13386	
4	12	 8.0996e-12	 2.0526e-11	     165.11	   0.068567	-9.7531e+92	-9.7531e+92	  0.0014929	 1.7432e-05	     0.0000	  -0.037811	 -0.0010732	    0.25453	
4	13	 0.00076942	  0.0019499	     217.30	   0.023117	-9.7531e+92	-9.7531e+92	   0.069647	 0.00021677	     0.0000	   -0.14646	 -0.0096990	    0.64860	
4	14	   0.022428	   0.056838	     184.55	   0.044193	-9.7531e+92	-9.7531e+92	   0.080083	  0.0055131	     0.0000	   -0.17450	   -0.28688	    0.75760	
4	15	    0.10464	    0.26517	     106.18	    0.37015	-9.7531e+92	-9.7531e+92	    0.13809	   0.020563	    0.10661	    0.35885	    -1.5452	    -1.3048	
4	16	  0.0041798	   0.010592	     75.439	     1.1432	-9.7531e+92	-9.7531e+92	  0.0037037	 0.00076491	  0.0031244	   0.022636	  -0.047238	  -0.042940	
4	17	   0.052632	    0.13338	     73.525	     1.2289	-9.7531e+92	-9.7531e+92	   0.036633	  0.0060091	   0.035358	    0.26204	   -0.38397	   -0.35636	
4	18	  0.0025200	  0.0063860	     186.18	   0.042684	-9.7531e+92	-9.7531e+92	   0.051097	 0.00063027	     0.0000	   -0.30655	  -0.035991	     2.3078	
4	19	  0.0012233	  0.0031000	     119.82	    0.23665	-9.7531e+92	-9.7531e+92	   0.012762	 0.00032434	     0.0000	  -0.059024	  -0.020250	    0.77251	
4	20	 0.00017231	 0.00043666	     135.08	    0.14987	-9.7531e+92	-9.7531e+92	   0.030837	 5.5545e-05	     0.0000	   -0.25142	 -0.0037471	     3.0071	
4	21	 1.6900e-11	 4.2828e-11	     253.96	   0.012424	-9.7531e+92	-9.7531e+92	  0.0023087	 1.7298e-05	     0.0000	  -0.058871	 -0.0010290	    0.22102	
4	22	    0.13229	    0.33526	     82.638	    0.86986	-9.7531e+92	-9.7531e+92	   0.091676	   0.018754	   0.088479	    0.34185	    -1.2566	    -1.1820	
4	23	 1.3825e-11	 3.5035e-11	     212.30	   0.025355	-9.7531e+92	-9.7531e+92	 0.00043199	 1.7715e-05	     0.0000	  -0.013811	 -0.0010668	    0.10006	
4	24	 7.6811e-11	 1.9465e-10	     253.16	   0.012581	-9.7531e+92	-9.7531e+92	 0.00010346	 1.7777e-05	     0.0000	 -0.0018144	 -0.0010755	  0.0076065	
5	0	 0.00026488	 0.00040468	     169.69	   0.061568	-9.7531e+92	-9.7531e+92	   0.017445	 9.7476e-05	     0.0000	 -0.0028835	 -0.0048485	   0.016561	
5	1	 0.00088445	  0.0013512	     161.91	   0.074033	-9.7531e+92	-9.7531e+92	   0.018129	 0.00026154	     0.0000	-0.00099646	  -0.014903	   0.016941	
5	2	  0.0094389	   0.014421	     120.45	    0.23204	-9.7531e+92	-9.7531e+92	  0.0086371	  0.0028847	     0.0000	-0.00077713	   -0.16484	  0.0028022	
5	3	 1.3483e-05	 2.0598e-05	     167.87	   0.064235	-9.7531e+92	-9.7531e+92	  0.0017624	 2.5412e-05	     0.0000	 -0.0018127	 -0.0013565	  0.0043722	
5	4	 6.8046e-06	 1.0396e-05	     147.08	    0.10778	-9.7531e+92	-9.7531e+92	  0.0019309	 2.2879e-05	     0.0000	 -0.0023354	 -0.0013264	  0.0052945	
5	5	     0.0000	     0.0000	     0.0000	     4.0000	-9.7531e+92	-9.7531e+92	    0.79816	     0.0000	    0.63366	     0.0000	     0.0000	     0.0000	
5	6	    0.13000	    0.19861	     72.218	     1.2908	-9.7531e+92	-9.7531e+92	   0.068704	   0.039077	     0.0000	  0.0045887	    -2.3851	  -0.054822	
5	7	   0.013805	   0.021091	     89.752	    0.66590	-9.7531e+92	-9.7531e+92	   0.024971	  0.0042080	     0.0000	 -0.0013527	   -0.25791	   0.012400	
5	8	   0.094030	    0.14366	     54.235	     2.3987	-9.7531e+92	-9.7531e+92	   0.053730	   0.022582	     0.0000	  0.0011355	    -1.5535	  -0.020922	
5	9	 8.2391e-06	 1.2587e-05	     134.70	    0.15149	-9.7531e+92	-9.7531e+92	   0.012534	 2.2670e-05	     0.0000	-0.00071632	 -0.0013952	   0.012671	
5	10	 7.4570e-07	 1.1393e-06	     93.726	    0.57518	-9.7531e+92	-9.7531e+92	  0.0011830	 1.9360e-05	     0.0000	-0.00040653	 -0.0011559	  0.0026129	
5	11	 0.00030392	 0.00046432	     77.490	     1.0576	-9.7531e+92	-9.7531e+92	  0.0034952	 9.7984e-05	     0.0000	-0.00046289	 -0.0060748	  0.0058963	
5	12	 0.00015796	 0.00024133	     80.590	    0.94012	-9.7531e+92	-9.7531e+92	  0.0051045	 5.6827e-05	     0.0000	-0.00051854	 -0.0034746	   0.011499	
5	13	   0.024315	   0.037148	     125.66	    0.19761	-9.7531e+92	-9.7531e+92	   0.038895	  0.0059537	     0.0000	 -0.0019247	   -0.40955	   0.019443	
5	14	    0.34784	    0.53141	     108.09	    0.34690	-9.7531e+92	-9.7531e+92	    0.15997	    0.10077	   0.029817	   0.016283	    -5.5861	   -0.15557	
5	15	  0.0016674	  0.0025474	     104.94	    0.38615	-9.7531e+92	-9.7531e+92	  0.0083443	 0.00054613	     0.0000	 -0.0017319	  -0.032284	  0.0072249	
5	16	 9.9951e-05	 0.00015270	     71.546	     1.3237	-9.7531e+92	-9.7531e+92	 0.00013031	 5.3469e-05	     0.0000	-1.6399e-05	 -0.0030467	 4.3669e-05	
5	17	 6.4746e-12	 9.8918e-12	     219.60	   0.022168	-9.7531e+92	-9.7531e+92	 0.00010246	 2.3056e-05	     0.0000	-0.00015929	 -0.0013124	 0.00030503	
5	18	    0.19662	    0.30039	     53.346	     2.4617	-9.7531e+92	-9.7531e+92	    0.13899	   0.042499	     0.0000	 0.00041726	    -3.7032	  -0.012863	
5	19	   0.023486	   0.035881	     64.874	     1.6901	-9.7531e+92	-9.7531e+92	   0.024704	  0.0050699	     0.0000	-0.00019806	   -0.35022	  0.0072329	
5	20	    0.15168	    0.23174	     39.691	     3.3571	-9.7531e+92	-9.7531e+92	    0.13033	   0.028754	     0.0000	-0.00020454	    -2.3561	   0.021800	
5	21	 6.8558e-06	 1.0474e-05	     132.91	    0.15951	-9.7531e+92	-9.7531e+92	  0.0054304	 2.2574e-05	     0.0000	 -0.0013015	 -0.0013722	   0.010203	
5	22	 3.8578e-12	 5.8939e-12	     151.89	   0.095092	-9.7531e+92	-9.7531e+92	 0.00020539	 2.1408e-05	     0.0000	-0.00028906	 -0.0012531	 0.00083232	
5	23	  0.0053750	  0.0082118	     65.633	     1.6449	-9.7531e+92	-9.7531e+92	  0.0045332	  0.0015926	     0.0000	-5.6463e-05	  -0.097560	 0.00084560	
5	24	 1.7798e-07	 2.7192e-07	     106.34	    0.36810	-9.7531e+92	-9.7531e+92	 0.00020062	 2.0629e-05	     0.0000	-4.0117e-05	 -0.0012522	 0.00034687	
6	0	    0.13269	    0.26353	     105.31	    0.38136	-9.7531e+92	-9.7531e+92	   0.093691	   0.034361	   0.033825	     0.0000	    0.65078	     0.0000	
6	1	    0.11719	    0.23275	     96.519	    0.51972	-9.7531e+92	-9.7531e+92	   0.089147	   0.035828	   0.027499	  0.0023273	    0.82006	   0.030408	
6	2	  0.0021603	  0.0042907	     118.53	    0.24644	-9.7531e+92	-9.7531e+92	  0.0063632	 0.00084324	     0.0000	 -0.0025701	   0.020612	 -0.0039962	
6	3	 7.9820e-06	 1.5853e-05	     180.81	   0.047921	-9.7531e+92	-9.7531e+92	  0.0015569	 2.9337e-05	     0.0000	 -0.0022582	 0.00071297	 -0.0023912	
6	4	 1.8397e-07	 3.6539e-07	     179.35	   0.049487	-9.7531e+92	-9.7531e+92	  0.0014740	 2.6162e-05	     0.0000	 -0.0029095	 0.00060828	 -0.0027362	
6	5	   0.017934	   0.035619	     72.218	     1.2908	-9.7531e+92	-9.7531e+92	   0.026631	  0.0062386	     0.0000	 -0.0021172	    0.17173	  -0.030278	
6	6	     0.0000	     0.0000	     0.0000	     4.0000	-9.7531e+92	-9.7531e+92	     1.0271	     0.0000	    0.93193	     0.0000	     0.0000	     0.0000	
6	7	    0.12258	    0.24345	     34.871	     3.5904	-9.7531e+92	-9.7531e+92	   0.087831	   0.043010	   0.023972	  0.0073346	     1.1551	   0.030481	
6	8	 0.00016650	 0.00033068	     109.28	    0.33318	-9.7531e+92	-9.7531e+92	   0.010386	 9.3309e-05	     0.0000	 -0.0029578	  0.0020450	  -0.021292	
6	9	   0.029574	   0.058736	     62.827	     1.8164	-9.7531e+92	-9.7531e+92	   0.036143	   0.011053	     0.0000	 0.00044303	    0.27127	  0.0036630	
6	10	 7.6557e-13	 1.5205e-12	     153.37	   0.091543	-9.7531e+92	-9.7531e+92	 0.00040644	 2.8726e-05	     0.0000	-0.00050615	 0.00056538	 -0.0012490	
6	11	 2.5944e-08	 5.1527e-08	     117.04	    0.25846	-9.7531e+92	-9.7531e+92	 0.00081796	 2.7944e-05	     0.0000	-0.00059691	 0.00057871	 -0.0029280	
6	12	 2.7275e-12	 5.4170e-12	     152.49	   0.093630	-9.7531e+92	-9.7531e+92	  0.0022737	 2.8079e-05	     0.0000	 -0.0010410	 0.00057360	 -0.0055573	
6	13	    0.16615	    0.32999	     53.773	     2.4314	-9.7531e+92	-9.7531e+92	    0.13345	   0.060877	   0.016764	  0.0074625	     1.5353	   0.037861	
6	14	    0.29887	    0.59359	     41.508	     3.2546	-9.7531e+92	-9.7531e+92	    0.18167	   0.091288	   0.012468	   0.014485	     2.1975	   0.074479	
6	15	 0.00063651	  0.0012642	     96.746	    0.51548	-9.7531e+92	-9.7531e+92	  0.0087086	 0.00027039	     0.0000	 -0.0023634	  0.0063126	 -0.0039605	
6	16	 2.2820e-12	 4.5324e-12	     111.89	    0.30549	-9.7531e+92	-9.7531e+92	 9.8181e-05	 2.8590e-05	     0.0000	-5.3193e-05	 0.00056329	-5.4098e-05	
6	17	 2.7753e-13	 5.5121e-13	     251.72	   0.012870	-9.7531e+92	-9.7531e+92	 0.00010561	 2.8988e-05	     0.0000	-0.00019828	 0.00055091	-0.00014594	
6	18	    0.10234	    0.20325	     36.723	     3.5078	-9.7531e+92	-9.7531e+92	    0.16650	   0.037399	     0.0000	 -0.0035916	    0.92382	  -0.025373	
6	19	 1.9104e-08	 3.7942e-08	     133.74	    0.15573	-9.7531e+92	-9.7531e+92	  0.0089618	 2.6930e-05	     0.0000	 -0.0016639	 0.00058656	  -0.017553	
6	20	 7.9606e-05	 0.00015811	     111.59	    0.30852	-9.7531e+92	-9.7531e+92	   0.075318	 5.3040e-05	     0.0000	 -0.0069254	  0.0013042	  -0.067598	
6	21	  0.0089877	   0.017850	     78.899	     1.0025	-9.7531e+92	-9.7531e+92	   0.025255	  0.0033767	     0.0000	-0.00044411	   0.081804	 -0.0020515	
6	22	 1.3598e-12	 2.7008e-12	     216.08	   0.023641	-9.7531e+92	-9.7531e+92	 0.00017453	 2.8619e-05	     0.0000	-0.00035982	 0.00055833	-0.00040033	
6	23	 0.00064049	  0.0012721	     73.330	     1.2380	-9.7531e+92	-9.7531e+92	  0.0016513	 0.00027071	     0.0000	-0.00021907	  0.0068162	 -0.0019921	
6	24	 1.4203e-06	 2.8208e-06	     108.13	    0.34637	-9.7531e+92	-9.7531e+92	 0.00015840	 2.8007e-05	     0.0000	-4.6953e-05	 0.00060562	-0.00016573	
7	0	   0.094421	    0.14744	     80.265	    0.95180	-9.7531e+92	-9.7531e+92	   0.060947	   0.020578	   0.013878	   0.052365	    0.25159	 -0.0062886	
7	1	    0.13315	    0.20792	     75.481	     1.1413	-9.7531e+92	-9.7531e+92	   0.074005	   0.036918	   0.025535	   0.039276	    0.70908	   0.088368	
7	2	 0.00032726	 0.00051104	     153.12	   0.092143	-9.7531e+92	-9.7531e+92	  0.0023081	 0.00012300	     0.0000	  -0.033508	  0.0023427	 -0.0067450	
7	3	 1.7669e-11	 2.7591e-11	     215.68	   0.023812	-9.7531e+92	-9.7531e+92	 0.00062086	 2.1372e-05	     0.0000	  -0.025474	 0.00041046	 -0.0037832	
7	4	 8.4077e-11	 1.3129e-10	     209.16	   0.026904	-9.7531e+92	-9.7531e+92	 0.00069685	 2.1280e-05	     0.0000	  -0.032785	 0.00038167	 -0.0032513	
7	5	  0.0027899	  0.0043565	     89.752	    0.66590	-9.7531e+92	-9.7531e+92	   0.017941	 0.00087207	     0.0000	  -0.018139	   0.016151	  -0.032648	
7	6	    0.10673	    0.16666	     34.871	     3.5904	-9.7531e+92	-9.7531e+92	   0.062092	   0.028310	     0.0000	   0.027600	    0.63349	   0.027631	
7	7	     0.0000	     0.0000	     0.0000	     4.0000	-9.7531e+92	-9.7531e+92	    0.80559	     0.0000	    0.75538	     0.0000	     0.0000	     0.0000	
7	8	 0.00025839	 0.00040348	     109.89	    0.32644	-9.7531e+92	-9.7531e+92	  0.0094828	 0.00010798	     0.0000	  -0.032662	  0.0017163	  -0.015921	
7	9	   0.018958	   0.029604	     64.406	     1.7184	-9.7531e+92	-9.7531e+92	   0.019868	  0.0059439	     0.0000	 0.00013458	    0.10784	 7.9486e-05	
7	10	 1.3207e-11	 2.0623e-11	     153.29	   0.091732	-9.7531e+92	-9.7531e+92	 0.00036724	 2.3622e-05	     0.0000	 -0.0056950	 0.00033631	-0.00076929	
7	11	 6.5457e-06	 1.0222e-05	     112.26	    0.30176	-9.7531e+92	-9.7531e+92	 0.00076302	 2.5331e-05	     0.0000	 -0.0066512	 0.00038225	 -0.0018696	
7	12	 1.6154e-11	 2.5226e-11	     158.06	   0.081372	-9.7531e+92	-9.7531e+92	  0.0021132	 2.3242e-05	     0.0000	  -0.011730	 0.00033763	 -0.0034923	
7	13	    0.20063	    0.31329	     57.312	     2.1828	-9.7531e+92	-9.7531e+92	    0.11330	   0.063460	   0.021558	    0.11109	     1.3149	    0.12137	
7	14	   0.085725	    0.13386	     65.464	     1.6549	-9.7531e+92	-9.7531e+92	   0.064421	   0.019363	     0.0000	 0.00018889	    0.27375	-0.00021367	
7	15	 0.00011727	 0.00018313	     131.62	    0.16559	-9.7531e+92	-9.7531e+92	  0.0031238	 5.8462e-05	     0.0000	  -0.027808	  0.0010171	 -0.0039539	
7	16	 1.4979e-11	 2.3391e-11	     137.28	    0.14083	-9.7531e+92	-9.7531e+92	 6.6223e-05	 2.3422e-05	     0.0000	-0.00059937	 0.00033405	-3.1117e-05	
7	17	 6.2046e-13	 9.6888e-13	     281.54	  0.0082346	-9.7531e+92	-9.7531e+92	 7.0777e-05	 2.3576e-05	     0.0000	 -0.0022342	 0.00033115	-9.1122e-05	
7	18	    0.16736	    0.26135	     38.248	     3.4331	-9.7531e+92	-9.7531e+92	    0.15786	   0.052369	     0.0000	 -0.0048786	     1.0020	 -0.0046908	
7	19	 1.0873e-12	 1.6979e-12	     154.38	   0.089237	-9.7531e+92	-9.7531e+92	  0.0083126	 2.2482e-05	     0.0000	  -0.018749	 0.00034719	  -0.012683	
7	20	 3.4261e-05	 5.3500e-05	     126.68	    0.19164	-9.7531e+92	-9.7531e+92	   0.070737	 3.0817e-05	     0.0000	  -0.078053	 0.00053511	  -0.053670	
7	21	    0.17950	    0.28029	     44.967	     3.0407	-9.7531e+92	-9.7531e+92	   0.081418	   0.045065	   0.057812	   0.071000	     1.2155	    0.18027	
7	22	 2.1836e-11	 3.4097e-11	     241.36	   0.015218	-9.7531e+92	-9.7531e+92	 0.00010780	 2.3370e-05	     0.0000	 -0.0040545	 0.00033509	-0.00026614	
7	23	  0.0091760	   0.014329	     58.677	     2.0891	-9.7531e+92	-9.7531e+92	  0.0046742	  0.0027246	     0.0000	 0.00073533	   0.066347	  0.0028595	
7	24	 0.00081581	  0.0012739	     84.614	    0.80724	-9.7531e+92	-9.7531e+92	 0.00051482	 0.00029213	     0.0000	 0.00033892	  0.0051397	 6.7308e-05	
8	0	 0.00077741	 0.00068181	     172.11	   0.058221	-9.7531e+92	-9.7531e+92	  0.0041750	 0.00014809	     0.0000	 -0.0057147	 -0.0092855	   0.075691	
8	1	 0.00028912	 0.00025357	     184.58	   0.044171	-9.7531e+92	-9.7531e+92	  0.0030614	 5.8758e-05	     0.0000	 -0.0020490	 -0.0041390	   0.080075	
8	2	 1.6269e-05	 1.4268e-05	     174.51	   0.055125	-9.7531e+92	-9.7531e+92	  0.0011939	 1.5027e-05	     0.0000	 -0.0049282	 -0.0010641	   0.039678	
8	3	 3.9977e-11	 3.5061e-11	     221.29	   0.021502	-9.7531e+92	-9.7531e+92	 0.00031625	 1.2539e-05	     0.0000	 -0.0036623	-0.00083750	   0.019786	
8	4	 6.4507e-08	 5.6574e-08	     186.41	   0.042479	-9.7531e+92	-9.7531e+92	 0.00057260	 1.2340e-05	     0.0000	 -0.0047132	-0.00088776	   0.023701	
8	5	    0.18413	    0.16149	     54.235	     2.3987	-9.7531e+92	-9.7531e+92	   0.069592	   0.028949	     0.0000	  0.0029137	    -2.4057	   -0.22973	
8	6	  0.0035643	  0.0031260	     109.28	    0.33318	-9.7531e+92	-9.7531e+92	   0.010863	 0.00065942	     0.0000	 -0.0050054	  -0.049071	    0.13220	
8	7	  0.0010880	 0.00095420	     109.89	    0.32644	-9.7531e+92	-9.7531e+92	  0.0055293	 0.00020911	     0.0000	 -0.0046196	  -0.015784	   0.093380	
8	8	     0.0000	     0.0000	     0.0000	     4.0000	-9.7531e+92	-9.7531e+92	    0.46082	     0.0000	    0.40500	     0.0000	     0.0000	     0.0000	
8	9	 5.4006e-12	 4.7364e-12	     171.65	   0.058843	-9.7531e+92	-9.7531e+92	  0.0017976	 1.2051e-05	     0.0000	 -0.0014451	-0.00091285	   0.056340	
8	10	   0.025930	   0.022741	     44.054	     3.0993	-9.7531e+92	-9.7531e+92	  0.0070470	  0.0038875	  0.0037137	  0.0016013	   -0.26361	  -0.042392	
8	11	    0.11047	   0.096882	     32.525	     3.6821	-9.7531e+92	-9.7531e+92	   0.026558	   0.015310	   0.018828	  0.0018357	    -1.0792	   -0.14684	
8	12	   0.035563	   0.031190	     55.069	     2.3397	-9.7531e+92	-9.7531e+92	   0.011984	  0.0057632	     0.0000	  0.0017685	   -0.41616	  -0.058354	
8	13	  0.0019237	  0.0016871	     162.59	   0.072826	-9.7531e+92	-9.7531e+92	  0.0073445	 0.00029444	     0.0000	 -0.0064021	  -0.024476	    0.14853	
8	14	  0.0055212	  0.0048423	     146.54	    0.10935	-9.7531e+92	-9.7531e+92	   0.019859	 0.00096908	     0.0000	 -0.0099728	  -0.066651	    0.21630	
8	15	 2.8313e-06	 2.4831e-06	     159.01	   0.079481	-9.7531e+92	-9.7531e+92	  0.0011017	 1.3070e-05	     0.0000	 -0.0040351	-0.00095284	   0.037139	
8	16	 1.8738e-11	 1.6434e-11	     112.87	    0.29583	-9.7531e+92	-9.7531e+92	 4.3727e-05	 1.3383e-05	     0.0000	-8.6168e-05	-0.00095162	 0.00050218	
8	17	 3.7405e-12	 3.2805e-12	     258.50	   0.011577	-9.7531e+92	-9.7531e+92	 4.4615e-05	 1.3618e-05	     0.0000	-0.00032120	-0.00095813	  0.0013475	
8	18	    0.29191	    0.25601	     75.421	     1.1439	-9.7531e+92	-9.7531e+92	   0.097933	   0.039334	     0.0000	  0.0068536	    -3.9860	   -0.32983	
8	19	   0.015231	   0.013358	     80.536	    0.94205	-9.7531e+92	-9.7531e+92	   0.018128	  0.0025112	     0.0000	 -0.0019119	   -0.19717	    0.11372	
8	20	    0.25491	    0.22357	     51.987	     2.5582	-9.7531e+92	-9.7531e+92	    0.10998	   0.032192	     0.0000	  0.0016085	    -2.9850	   -0.14842	
8	21	 2.9845e-05	 2.6175e-05	     132.38	    0.16196	-9.7531e+92	-9.7531e+92	  0.0013018	 1.7632e-05	     0.0000	 -0.0026205	 -0.0013226	   0.045287	
8	22	 2.4848e-12	 2.1793e-12	     168.70	   0.062994	-9.7531e+92	-9.7531e+92	 8.6315e-05	 1.2997e-05	     0.0000	-0.00058289	-0.00093250	  0.0036799	
8	23	   0.068152	   0.059771	     54.810	     2.3580	-9.7531e+92	-9.7531e+92	   0.016899	   0.012360	   0.011068	  0.0057505	   -0.92118	   -0.18890	
8	24	 0.00049240	 0.00043185	     77.960	     1.0389	-9.7531e+92	-9.7531e+92	 0.00071630	 0.00010171	 0.00022229	-7.6165e-07	 -0.0075607	 1.5604e-05	
9	0	   0.097682	    0.14383	     86.890	    0.74099	-9.7531e+92	-9.7531e+92	   0.052883	   0.015715	  0.0085024	   0.055964	    0.64667	    0.18626	
9	1	    0.18552	    0.27315	     55.376	     2.3181	-9.7531e+92	-9.7531e+92	   0.083822	   0.031312	   0.038120	   0.029539	     1.2638	    0.43871	
9	2	  0.0011370	  0.0016741	     133.64	    0.15619	-9.7531e+92	-9.7531e+92	  0.0031055	 0.00027277	     0.0000	  -0.034741	   0.011387	  -0.050598	
9	3	 6.2011e-05	 9.1304e-05	     191.41	   0.038254	-9.7531e+92	-9.7531e+92	 0.00081926	 2.9922e-05	     0.0000	  -0.027846	  0.0012314	  -0.027642	
9	4	 4.1933e-11	 6.1741e-11	     223.28	   0.020749	-9.7531e+92	-9.7531e+92	 0.00087185	 1.5458e-05	     0.0000	  -0.036159	 0.00062779	  -0.031795	
9	5	 0.00044694	 0.00065806	     134.70	    0.15149	-9.7531e+92	-9.7531e+92	   0.019765	 0.00011695	     0.0000	  -0.019494	  0.0048177	   -0.41957	
9	6	   0.044001	   0.064787	     62.827	     1.8164	-9.7531e+92	-9.7531e+92	   0.037439	  0.0092574	     0.0000	 -0.0027054	    0.41768	  -0.015497	
9	7	   0.024370	   0.035882	     64.406	     1.7184	-9.7531e+92	-9.7531e+92	   0.025110	  0.0054806	     0.0000	 -0.0079627	    0.23138	  -0.030383	
9	8	 5.2608e-11	 7.7459e-11	     171.65	   0.058843	-9.7531e+92	-9.7531e+92	   0.011056	 1.6395e-05	     0.0000	  -0.036855	 0.00061107	   -0.24734	
9	9	     0.0000	     0.0000	     0.0000	     4.0000	-9.7531e+92	-9.7531e+92	    0.74895	     0.0000	    0.72137	     0.0000	     0.0000	     0.0000	
9	10	 5.3686e-11	 7.9047e-11	     215.04	   0.024096	-9.7531e+92	-9.7531e+92	 0.00042104	 1.7332e-05	     0.0000	 -0.0062902	 0.00060397	  -0.014459	
9	11	 1.0701e-10	 1.5756e-10	     175.31	   0.054135	-9.7531e+92	-9.7531e+92	 0.00084941	 1.7077e-05	     0.0000	 -0.0074181	 0.00060663	  -0.033900	
9	12	 2.3641e-11	 3.4809e-11	     214.99	   0.024120	-9.7531e+92	-9.7531e+92	  0.0025124	 1.7033e-05	     0.0000	  -0.012937	 0.00060593	  -0.064336	
9	13	    0.18821	    0.27712	     9.0540	     3.9979	-9.7531e+92	-9.7531e+92	   0.098068	   0.043185	   0.011563	    0.11180	     1.7692	    0.53468	
9	14	    0.15519	    0.22850	     38.749	     3.4073	-9.7531e+92	-9.7531e+92	   0.081948	   0.025448	     0.0000	   0.024986	     1.0986	    0.18532	
9	15	 0.00084319	  0.0012415	     117.55	    0.25424	-9.7531e+92	-9.7531e+92	  0.0041924	 0.00021011	     0.0000	  -0.028854	  0.0085135	  -0.045141	
9	16	 1.1495e-10	 1.6924e-10	     159.83	   0.077890	-9.7531e+92	-9.7531e+92	 6.7320e-05	 1.7054e-05	     0.0000	-0.00066105	 0.00060726	-0.00062606	
9	17	 2.7093e-12	 3.9891e-12	     293.28	  0.0069951	-9.7531e+92	-9.7531e+92	 7.2444e-05	 1.7129e-05	     0.0000	 -0.0024642	 0.00060494	 -0.0016895	
9	18	    0.29364	    0.43235	     96.665	    0.51699	-9.7531e+92	-9.7531e+92	    0.18993	   0.068648	     0.0000	   0.070847	     2.8145	    0.46904	
9	19	 3.9284e-11	 5.7842e-11	     193.08	   0.036956	-9.7531e+92	-9.7531e+92	  0.0099330	 1.6506e-05	     0.0000	  -0.020678	 0.00061094	   -0.20333	
9	20	 1.3555e-10	 1.9958e-10	     174.09	   0.055651	-9.7531e+92	-9.7531e+92	   0.084877	 1.4987e-05	     0.0000	  -0.086100	 0.00061409	   -0.78374	
9	21	  0.0088730	   0.013064	     83.320	    0.84769	-9.7531e+92	-9.7531e+92	   0.014308	  0.0020099	     0.0000	 -0.0069331	   0.084360	  -0.024244	
9	22	 5.0537e-11	 7.4409e-11	     266.14	   0.010307	-9.7531e+92	-9.7531e+92	 0.00011807	 1.7011e-05	     0.0000	 -0.0044717	 0.00060617	 -0.0046357	
9	23	 2.3097e-05	 3.4007e-05	     121.73	    0.22293	-9.7531e+92	-9.7531e+92	  0.0010101	 2.2040e-05	     0.0000	 -0.0041674	 0.00083354	  -0.025464	
9	24	 5.4119e-10	 7.9684e-10	     149.07	    0.10229	-9.7531e+92	-9.7531e+92	 9.9467e-05	 1.6894e-05	     0.0000	-0.00060949	 0.00061129	 -0.0019242	
10	0	 0.00055544	 0.00021331	     210.64	   0.026161	-9.7531e+92	-9.7531e+92	  0.0011634	 6.9351e-06	     0.0000	 -0.0022539	-0.00093007	   0.029814	
10	1	 3.5907e-05	 1.3789e-05	     228.04	   0.019080	-9.7531e+92	-9.7531e+92	 0.00087952	 1.1171e-06	     0.0000	-0.00080867	-0.00015684	   0.031559	
10	2	 3.8927e-11	 1.4949e-11	     213.20	   0.024934	-9.7531e+92	-9.7531e+92	 0.00039978	 7.4979e-07	     0.0000	 -0.0019314	-0.00011250	   0.015515	
10	3	 1.8348e-10	 7.0463e-11	     258.79	   0.011525	-9.7531e+92	-9.7531e+92	 0.00011418	 7.6415e-07	     0.0000	 -0.0014336	-0.00011096	  0.0077283	
10	4	 3.6769e-11	 1.4121e-11	     204.61	   0.029363	-9.7531e+92	-9.7531e+92	 0.00022928	 7.4852e-07	     0.0000	 -0.0018450	-0.00011561	  0.0092548	
10	5	   0.062609	   0.024044	     93.726	    0.57518	-9.7531e+92	-9.7531e+92	   0.021397	 0.00068831	     0.0000	-0.00067506	   -0.11048	   0.053084	
10	6	 0.00019215	 7.3793e-05	     153.37	   0.091543	-9.7531e+92	-9.7531e+92	  0.0030365	 2.9591e-06	     0.0000	 -0.0021082	-0.00045451	   0.055540	
10	7	 6.4225e-05	 2.4664e-05	     153.29	   0.091732	-9.7531e+92	-9.7531e+92	  0.0015053	 1.4982e-06	     0.0000	 -0.0018679	-0.00023227	   0.037658	
10	8	    0.23756	   0.091231	     44.054	     3.0993	-9.7531e+92	-9.7531e+92	   0.033699	  0.0021533	  0.0092595	  0.0026134	   -0.35887	   -0.17966	
10	9	 3.3459e-10	 1.2849e-10	     215.04	   0.024096	-9.7531e+92	-9.7531e+92	 0.00053698	 7.6816e-07	     0.0000	-0.00056566	-0.00011857	   0.021995	
10	10	     0.0000	     0.0000	     0.0000	     4.0000	-9.7531e+92	-9.7531e+92	    0.19356	     0.0000	    0.19210	     0.0000	     0.0000	     0.0000	
10	11	    0.23836	   0.091537	     46.926	     2.9109	-9.7531e+92	-9.7531e+92	   0.025067	  0.0023221	   0.021682	  0.0049090	   -0.31672	   -0.20193	
10	12	    0.15909	   0.061095	     46.012	     2.9721	-9.7531e+92	-9.7531e+92	   0.017266	  0.0014126	   0.010863	  0.0020850	   -0.14798	  -0.068887	
10	13	 0.00069821	 0.00026814	     205.99	   0.028587	-9.7531e+92	-9.7531e+92	  0.0021408	 7.9233e-06	     0.0000	 -0.0025601	 -0.0011879	   0.059312	
10	14	  0.0033764	  0.0012967	     190.48	   0.038997	-9.7531e+92	-9.7531e+92	  0.0060490	 3.8031e-05	     0.0000	 -0.0040087	 -0.0054563	   0.086795	
10	15	 1.9201e-10	 7.3737e-11	     197.67	   0.033672	-9.7531e+92	-9.7531e+92	 0.00034989	 7.7347e-07	     0.0000	 -0.0015799	-0.00011826	   0.014503	
10	16	 2.5888e-10	 9.9420e-11	     147.94	    0.10538	-9.7531e+92	-9.7531e+92	 1.8490e-05	 8.1977e-07	     0.0000	-3.3730e-05	-0.00012238	 0.00019601	
10	17	 1.0684e-10	 4.1031e-11	     270.72	  0.0096279	-9.7531e+92	-9.7531e+92	 1.8973e-05	 8.2126e-07	     0.0000	-0.00012573	-0.00012217	 0.00052597	
10	18	   0.081145	   0.031163	     118.82	    0.24422	-9.7531e+92	-9.7531e+92	   0.025791	 0.00079122	     0.0000	 -0.0029302	   -0.13838	    0.10599	
10	19	   0.025511	  0.0097970	     85.643	    0.77653	-9.7531e+92	-9.7531e+92	  0.0095491	 0.00027625	     0.0000	-0.00039381	  -0.044467	   0.032113	
10	20	    0.17263	   0.066296	     74.457	     1.1864	-9.7531e+92	-9.7531e+92	   0.036812	  0.0016507	     0.0000	-0.00057910	   -0.29720	   0.034226	
10	21	 5.2345e-11	 2.0102e-11	     171.26	   0.059366	-9.7531e+92	-9.7531e+92	 0.00036241	 7.6808e-07	     0.0000	 -0.0010278	-0.00011852	   0.017715	
10	22	 1.1764e-10	 4.5179e-11	     176.66	   0.052524	-9.7531e+92	-9.7531e+92	 3.7985e-05	 7.9843e-07	     0.0000	-0.00022816	-0.00012081	  0.0014364	
10	23	   0.017731	  0.0068093	     95.614	    0.53700	-9.7531e+92	-9.7531e+92	  0.0036557	 0.00020911	  0.0011021	 0.00040725	  -0.032065	  -0.013341	
10	24	 0.00044575	 0.00017118	     102.71	    0.41717	-9.7531e+92	-9.7531e+92	 0.00035646	 5.9869e-06	 0.00014015	-3.1691e-06	-0.00091772	 6.2206e-05	
11	0	  0.0024098	  0.0011311	     167.10	   0.065400	-9.7531e+92	-9.7531e+92	  0.0024013	 7.3351e-05	     0.0000	 -0.0073247	  -0.012193	   0.097631	
11	1	 0.00078855	 0.00037011	     185.20	   0.043588	-9.7531e+92	-9.7531e+92	  0.0016747	 2.4869e-05	     0.0000	 -0.0027358	 -0.0042854	    0.10758	
11	2	 3.4760e-06	 1.6315e-06	     197.83	   0.033565	-9.7531e+92	-9.7531e+92	 0.00054423	 2.0813e-06	     0.0000	 -0.0066948	-0.00038797	   0.054191	
11	3	 9.0682e-12	 4.2563e-12	     244.71	   0.014404	-9.7531e+92	-9.7531e+92	 0.00014222	 2.0096e-06	     0.0000	 -0.0049705	-0.00036407	   0.027000	
11	4	 6.6264e-12	 3.1102e-12	     218.09	   0.022784	-9.7531e+92	-9.7531e+92	 0.00022149	 1.9657e-06	     0.0000	 -0.0063969	-0.00037850	   0.032334	
11	5	    0.17821	   0.083644	     77.490	     1.0576	-9.7531e+92	-9.7531e+92	   0.034039	  0.0050988	     0.0000	  0.0036478	    -1.0279	   -0.28904	
11	6	  0.0022251	  0.0010444	     117.04	    0.25846	-9.7531e+92	-9.7531e+92	  0.0054834	 6.9164e-05	     0.0000	 -0.0069984	  -0.013164	    0.18578	
11	7	  0.0056089	  0.0026326	     112.26	    0.30176	-9.7531e+92	-9.7531e+92	  0.0033702	 0.00017136	     0.0000	 -0.0053569	  -0.032920	    0.10882	
11	8	    0.33240	    0.15601	     32.525	     3.6821	-9.7531e+92	-9.7531e+92	   0.046312	  0.0068988	   0.016443	  0.0058045	    -1.5890	   -0.90338	
11	9	 5.6853e-11	 2.6685e-11	     175.31	   0.054135	-9.7531e+92	-9.7531e+92	 0.00091617	 2.0317e-06	     0.0000	 -0.0019613	-0.00038797	   0.076845	
11	10	   0.035638	   0.016727	     46.926	     2.9109	-9.7531e+92	-9.7531e+92	  0.0049940	 0.00069730	  0.0032102	  0.0016711	  -0.099031	  -0.045695	
11	11	     0.0000	     0.0000	     0.0000	     4.0000	-9.7531e+92	-9.7531e+92	    0.23801	     0.0000	    0.23388	     0.0000	     0.0000	     0.0000	
11	12	  0.0025335	  0.0011891	     77.218	     1.0686	-9.7531e+92	-9.7531e+92	  0.0025687	 7.4133e-05	     0.0000	 -0.0016782	  -0.014496	   0.059290	
11	13	  0.0021917	  0.0010287	     166.60	   0.066184	-9.7531e+92	-9.7531e+92	  0.0039235	 6.3105e-05	     0.0000	 -0.0086481	  -0.011448	    0.20189	
11	14	  0.0025382	  0.0011913	     157.91	   0.081669	-9.7531e+92	-9.7531e+92	  0.0096763	 7.6353e-05	     0.0000	  -0.014041	  -0.013554	    0.30634	
11	15	 1.7662e-11	 8.2900e-12	     182.32	   0.046370	-9.7531e+92	-9.7531e+92	 0.00052667	 2.0358e-06	     0.0000	 -0.0054777	-0.00038677	   0.050669	
11	16	 8.1163e-12	 3.8095e-12	     142.85	    0.12075	-9.7531e+92	-9.7531e+92	 2.1386e-05	 2.1474e-06	     0.0000	-0.00011695	-0.00039970	 0.00068481	
11	17	 2.3951e-11	 1.1242e-11	     290.18	  0.0072979	-9.7531e+92	-9.7531e+92	 2.1604e-05	 2.1503e-06	     0.0000	-0.00043594	-0.00039882	  0.0018376	
11	18	    0.35426	    0.16628	     81.269	    0.91620	-9.7531e+92	-9.7531e+92	   0.060791	  0.0092435	     0.0000	   0.019008	    -1.9667	   -0.69278	
11	19	 8.1732e-05	 3.8362e-05	     108.78	    0.33886	-9.7531e+92	-9.7531e+92	  0.0052670	 4.3157e-06	     0.0000	 -0.0036525	-0.00086517	    0.21830	
11	20	   0.014747	  0.0069215	     83.734	    0.83452	-9.7531e+92	-9.7531e+92	   0.037366	 0.00037186	     0.0000	  -0.012493	  -0.084659	    0.77457	
11	21	 0.00012706	 5.9637e-05	     128.65	    0.18069	-9.7531e+92	-9.7531e+92	 0.00078835	 5.8857e-06	     0.0000	 -0.0035336	 -0.0011254	   0.061371	
11	22	 2.7204e-11	 1.2768e-11	     200.45	   0.031856	-9.7531e+92	-9.7531e+92	 3.6026e-05	 2.0980e-06	     0.0000	-0.00079110	-0.00039589	  0.0050184	
11	23	   0.048793	   0.022902	     53.605	     2.4433	-9.7531e+92	-9.7531e+92	  0.0079550	  0.0014887	  0.0048341	  0.0052167	   -0.28524	   -0.17660	
11	24	   0.017447	  0.0081887	     56.094	     2.2676	-9.7531e+92	-9.7531e+92	  0.0022620	 0.00047226	  0.0019977	  0.0027620	  -0.086417	  -0.060739	
12	0	 3.7107e-05	 1.5966e-05	     226.76	   0.019512	-9.7531e+92	-9.7531e+92	  0.0012461	 4.7359e-06	     0.0000	 -0.0038575	-0.00035849	   0.050057	
12	1	 3.7546e-05	 1.6155e-05	     231.78	   0.017881	-9.7531e+92	-9.7531e+92	  0.0012066	 4.5399e-06	     0.0000	 -0.0013601	-0.00037589	   0.052074	
12	2	 0.00060574	 0.00026064	     181.48	   0.047226	-9.7531e+92	-9.7531e+92	 0.00080207	 3.1330e-05	     0.0000	 -0.0031063	 -0.0026757	   0.024492	
12	3	 9.1080e-11	 3.9190e-11	     227.10	   0.019395	-9.7531e+92	-9.7531e+92	 0.00022766	 3.2051e-06	     0.0000	 -0.0024112	-0.00026079	   0.012758	
12	4	 0.00015193	 6.5373e-05	     165.11	   0.068567	-9.7531e+92	-9.7531e+92	 0.00057942	 1.0281e-05	     0.0000	 -0.0030447	-0.00089939	   0.014993	
12	5	    0.20066	   0.086341	     80.590	    0.94012	-9.7531e+92	-9.7531e+92	   0.039366	  0.0091389	     0.0000	  0.0023339	   -0.84027	   -0.18018	
12	6	 0.00044430	 0.00019117	     152.49	   0.093630	-9.7531e+92	-9.7531e+92	  0.0044185	 2.4082e-05	     0.0000	 -0.0035272	 -0.0021359	   0.091225	
12	7	 1.4519e-05	 6.2473e-06	     158.06	   0.081372	-9.7531e+92	-9.7531e+92	  0.0017340	 3.8245e-06	     0.0000	 -0.0031466	-0.00034350	   0.062282	
12	8	    0.13930	   0.059939	     55.069	     2.3397	-9.7531e+92	-9.7531e+92	   0.024508	  0.0058660	     0.0000	  0.0035569	   -0.53568	   -0.14884	
12	9	 3.3711e-11	 1.4505e-11	     214.99	   0.024120	-9.7531e+92	-9.7531e+92	 0.00079932	 3.1424e-06	     0.0000	-0.00095144	-0.00028229	   0.036321	
12	10	   0.069424	   0.029872	     46.012	     2.9721	-9.7531e+92	-9.7531e+92	  0.0080683	  0.0027944	  0.0064330	  0.0036607	   -0.15390	  -0.039247	
12	11	   0.010915	  0.0046965	     77.218	     1.0686	-9.7531e+92	-9.7531e+92	  0.0035925	 0.00051780	     0.0000	 0.00014725	  -0.045644	 -0.0042750	
12	12	     0.0000	     0.0000	     0.0000	     4.0000	-9.7531e+92	-9.7531e+92	    0.21921	     0.0000	    0.21204	     0.0000	     0.0000	     0.0000	
12	13	 0.00050551	 0.00021751	     205.94	   0.028617	-9.7531e+92	-9.7531e+92	  0.0030779	 2.2844e-05	     0.0000	 -0.0043203	 -0.0021492	   0.098198	
12	14	  0.0043363	  0.0018658	     188.63	   0.040536	-9.7531e+92	-9.7531e+92	  0.0096949	 0.00019876	     0.0000	 -0.0066636	  -0.016351	    0.14157	
12	15	 1.0191e-06	 4.3852e-07	     166.81	   0.065853	-9.7531e+92	-9.7531e+92	 0.00059434	 3.2725e-06	     0.0000	 -0.0026571	-0.00028658	   0.023947	
12	16	 5.3254e-11	 2.2914e-11	     115.95	    0.26758	-9.7531e+92	-9.7531e+92	 3.0152e-05	 3.4408e-06	     0.0000	-5.6733e-05	-0.00029346	 0.00032372	
12	17	 1.1039e-11	 4.7498e-12	     225.22	   0.020047	-9.7531e+92	-9.7531e+92	 2.9929e-05	 3.4644e-06	     0.0000	-0.00021148	-0.00029410	 0.00086865	
12	18	   0.074846	   0.032204	     120.73	    0.22996	-9.7531e+92	-9.7531e+92	   0.025625	  0.0028056	     0.0000	 -0.0052549	   -0.31129	    0.18656	
12	19	    0.29941	    0.12883	     44.530	     3.0689	-9.7531e+92	-9.7531e+92	   0.038406	   0.011362	   0.015870	  0.0017552	   -0.93278	   -0.34105	
12	20	    0.19758	   0.085014	     45.010	     3.0379	-9.7531e+92	-9.7531e+92	   0.045072	  0.0074251	     0.0000	-0.00010928	   -0.74861	  0.0075973	
12	21	 2.0167e-12	 8.6776e-13	     187.39	   0.041605	-9.7531e+92	-9.7531e+92	 0.00040321	 3.1624e-06	     0.0000	 -0.0017287	-0.00028250	   0.029254	
12	22	 8.1673e-11	 3.5142e-11	     131.16	    0.16782	-9.7531e+92	-9.7531e+92	 9.2061e-05	 3.2836e-06	     0.0000	-0.00038377	-0.00028186	  0.0023722	
12	23	  0.0017226	 0.00074119	     109.85	    0.32696	-9.7531e+92	-9.7531e+92	  0.0013659	 8.7176e-05	     0.0000	-0.00029961	 -0.0076982	  0.0096365	
12	24	 4.4064e-11	 1.8960e-11	     132.31	    0.16230	-9.7531e+92	-9.7531e+92	 8.2086e-05	 3.2568e-06	     0.0000	-5.3280e-05	-0.00028769	 0.00098831	
13	0	   0.035335	    0.26313	     86.013	    0.76580	-9.7531e+92	-9.7531e+92	    0.10337	   0.015781	     0.0000	  0.0041818	    0.41778	  0.0066386	
13	1	   0.029893	    0.22260	     57.043	     2.2015	-9.7531e+92	-9.7531e+92	   0.096638	   0.016847	     0.0000	-0.00069449	    0.49482	 -0.0052093	
13	2	 0.00078523	  0.0058473	     127.66	    0.18612	-9.7531e+92	-9.7531e+92	  0.0096510	 0.00043323	     0.0000	  -0.032966	   0.014093	  -0.042631	
13	3	 6.7689e-06	 5.0406e-05	     188.65	   0.040519	-9.7531e+92	-9.7531e+92	  0.0025837	 4.4351e-05	     0.0000	  -0.037255	  0.0013347	  -0.029637	
13	4	 2.0767e-11	 1.5465e-10	     217.30	   0.023117	-9.7531e+92	-9.7531e+92	  0.0040356	 4.1578e-05	     0.0000	  -0.048067	  0.0012241	  -0.033123	
13	5	 0.00013275	 0.00098857	     125.66	    0.19761	-9.7531e+92	-9.7531e+92	    0.17634	 0.00013420	     0.0000	  -0.043044	  0.0036081	   -0.43211	
13	6	   0.026986	    0.20095	     53.773	     2.4314	-9.7531e+92	-9.7531e+92	    0.13371	   0.015541	     0.0000	  -0.017368	    0.49680	  -0.085748	
13	7	   0.014211	    0.10582	     57.312	     2.1828	-9.7531e+92	-9.7531e+92	   0.072823	  0.0083525	     0.0000	  -0.021283	    0.26773	  -0.075487	
13	8	 2.4318e-11	 1.8109e-10	     162.59	   0.072826	-9.7531e+92	-9.7531e+92	    0.10058	 4.8664e-05	     0.0000	  -0.054321	  0.0011613	   -0.25157	
13	9	   0.020479	    0.15250	     9.0540	     3.9979	-9.7531e+92	-9.7531e+92	   0.061639	   0.012468	     0.0000	  0.0010959	    0.38486	  0.0073610	
13	10	 1.6552e-11	 1.2326e-10	     205.99	   0.028587	-9.7531e+92	-9.7531e+92	  0.0036305	 5.1687e-05	     0.0000	 -0.0092713	  0.0011312	  -0.014598	
13	11	 5.8606e-12	 4.3642e-11	     166.60	   0.066184	-9.7531e+92	-9.7531e+92	  0.0074940	 5.0683e-05	     0.0000	  -0.010934	  0.0011429	  -0.034270	
13	12	 1.5397e-12	 1.1466e-11	     205.94	   0.028617	-9.7531e+92	-9.7531e+92	   0.022741	 5.0739e-05	     0.0000	  -0.019069	  0.0011378	  -0.065000	
13	13	     0.0000	     0.0000	     0.0000	     4.0000	-9.7531e+92	-9.7531e+92	     3.8110	     0.0000	     3.3735	     0.0000	     0.0000	     0.0000	
13	14	   0.034469	    0.25668	     32.765	     3.6733	-9.7531e+92	-9.7531e+92	    0.18362	   0.018185	     0.0000	  -0.055493	    0.54512	   -0.20361	
13	15	 0.00034950	  0.0026026	     111.52	    0.30921	-9.7531e+92	-9.7531e+92	   0.010169	 0.00024335	     0.0000	  -0.035843	  0.0077339	  -0.049262	
13	16	 1.9718e-11	 1.4683e-10	     153.85	   0.090443	-9.7531e+92	-9.7531e+92	 0.00033109	 4.7406e-05	     0.0000	-0.00087503	  0.0011890	-0.00063064	
13	17	 4.4816e-12	 3.3373e-11	     287.27	  0.0075975	-9.7531e+92	-9.7531e+92	 0.00035663	 4.8229e-05	     0.0000	 -0.0034615	  0.0011667	 -0.0017066	
13	18	    0.83344	     6.2064	     87.611	    0.72124	-9.7531e+92	-9.7531e+92	     1.7397	    0.56788	    0.42872	    0.58471	     15.956	     2.7868	
13	19	 6.0316e-12	 4.4915e-11	     184.51	   0.044238	-9.7531e+92	-9.7531e+92	   0.090544	 4.8636e-05	     0.0000	  -0.030478	  0.0011660	   -0.20651	
13	20	 9.2753e-12	 6.9070e-11	     165.04	   0.068678	-9.7531e+92	-9.7531e+92	    0.77663	 4.4478e-05	     0.0000	   -0.12690	  0.0011714	   -0.79914	
13	21	  0.0038782	   0.028880	     76.619	     1.0932	-9.7531e+92	-9.7531e+92	   0.029618	  0.0023618	     0.0000	  -0.016462	   0.073573	  -0.045718	
13	22	 1.7248e-11	 1.2844e-10	     260.15	   0.011286	-9.7531e+92	-9.7531e+92	 0.00061357	 4.8804e-05	     0.0000	 -0.0063153	  0.0011601	 -0.0046931	
13	23	 3.5086e-05	 0.00026128	     113.01	    0.29441	-9.7531e+92	-9.7531e+92	  0.0076143	 7.1831e-05	     0.0000	 -0.0055093	  0.0018271	  -0.025762	
13	24	 7.9938e-12	 5.9528e-11	     142.21	    0.12286	-9.7531e+92	-9.7531e+92	 0.00057454	 4.9542e-05	     0.0000	-0.00088887	  0.0011612	 -0.0019445	
14	0	    0.10166	    0.60545	     114.85	    0.27729	-9.7531e+92	-9.7531e+92	    0.22578	   0.047954	   0.046270	   0.017126	    0.33875	  -0.013506	
14	1	    0.10702	    0.63733	     88.839	    0.68891	-9.7531e+92	-9.7531e+92	    0.24423	   0.053843	   0.059380	  0.0062778	    0.45017	  -0.015113	
14	2	   0.031584	    0.18810	     97.273	    0.50580	-9.7531e+92	-9.7531e+92	   0.079492	   0.014684	     0.0000	  0.0078472	   0.098943	 -0.0053478	
14	3	 0.00074262	  0.0044226	     161.01	   0.075671	-9.7531e+92	-9.7531e+92	   0.020904	 0.00039560	     0.0000	 -0.0040546	  0.0028875	  0.0017990	
14	4	 6.3328e-06	 3.7715e-05	     184.55	   0.044193	-9.7531e+92	-9.7531e+92	   0.016716	 3.8020e-05	     0.0000	 -0.0058362	 0.00029382	  0.0026412	
14	5	  0.0015411	  0.0091777	     108.09	    0.34690	-9.7531e+92	-9.7531e+92	   0.061908	 0.00072632	     0.0000	     0.0000	  0.0080544	  0.0038424	
14	6	    0.10252	    0.61055	     41.508	     3.2546	-9.7531e+92	-9.7531e+92	    0.23349	   0.046843	     0.0000	  0.0047923	    0.43369	  -0.016857	
14	7	    0.14646	    0.87225	     65.464	     1.6549	-9.7531e+92	-9.7531e+92	    0.27440	   0.080433	   0.082911	   0.021076	    0.58245	  -0.040371	
14	8	 1.0112e-11	 6.0220e-11	     146.54	    0.10935	-9.7531e+92	-9.7531e+92	   0.032776	 3.9441e-05	     0.0000	 -0.0059533	 0.00022729	   0.023610	
14	9	    0.11525	    0.68635	     38.749	     3.4073	-9.7531e+92	-9.7531e+92	    0.21099	   0.061696	   0.099426	  0.0092468	    0.48795	  -0.034316	
14	10	 1.2939e-12	 7.7058e-12	     190.48	   0.038997	-9.7531e+92	-9.7531e+92	  0.0012987	 4.2680e-05	     0.0000	 -0.0010161	 0.00019356	  0.0014343	
14	11	 1.9403e-12	 1.1555e-11	     157.91	   0.081669	-9.7531e+92	-9.7531e+92	  0.0025839	 4.1451e-05	     0.0000	 -0.0011983	 0.00021039	  0.0033407	
14	12	 3.0897e-12	 1.8400e-11	     188.63	   0.040536	-9.7531e+92	-9.7531e+92	  0.0074505	 4.1247e-05	     0.0000	 -0.0020898	 0.00021463	  0.0063593	
14	13	    0.15151	    0.90232	     32.765	     3.6733	-9.7531e+92	-9.7531e+92	    0.37829	   0.084164	   0.028404	   0.012938	    0.88948	  -0.018691	
14	14	     0.0000	     0.0000	     0.0000	     4.0000	-9.7531e+92	-9.7531e+92	     3.1205	     0.0000	     2.6131	     0.0000	     0.0000	     0.0000	
14	15	   0.082220	    0.48965	     78.991	    0.99899	-9.7531e+92	-9.7531e+92	    0.13840	   0.038613	   0.064411	   0.028220	    0.37355	  -0.024499	
14	16	 7.2251e-12	 4.3028e-11	     121.20	    0.22662	-9.7531e+92	-9.7531e+92	 0.00059723	 3.9633e-05	     0.0000	-0.00010678	 0.00024709	 6.2822e-05	
14	17	 1.3414e-12	 7.9883e-12	     254.84	   0.012253	-9.7531e+92	-9.7531e+92	 0.00064296	 4.0771e-05	     0.0000	-0.00039804	 0.00020459	 0.00016719	
14	18	    0.15541	    0.92553	     78.249	     1.0276	-9.7531e+92	-9.7531e+92	    0.55613	   0.084382	     0.0000	 -0.0020347	    0.68278	  0.0061294	
14	19	 3.9107e-12	 2.3290e-11	     166.55	   0.066257	-9.7531e+92	-9.7531e+92	   0.029364	 3.9154e-05	     0.0000	 -0.0023182	 0.00023831	   0.019559	
14	20	 2.4123e-06	 1.4366e-05	     147.73	    0.10597	-9.7531e+92	-9.7531e+92	    0.24908	 3.6295e-05	     0.0000	  -0.011262	 0.00025901	   0.073821	
14	21	  0.0039226	   0.023361	     101.18	    0.44014	-9.7531e+92	-9.7531e+92	   0.063687	  0.0022047	     0.0000	 -0.0024072	   0.015776	  0.0039505	
14	22	 5.6857e-13	 3.3861e-12	     227.39	   0.019298	-9.7531e+92	-9.7531e+92	  0.0013435	 4.0916e-05	     0.0000	-0.00072233	 0.00020526	 0.00045346	
14	23	 0.00014495	 0.00086323	     114.84	    0.27739	-9.7531e+92	-9.7531e+92	  0.0043076	 0.00012683	     0.0000	-0.00074655	 0.00075454	  0.0024299	
14	24	 8.5616e-13	 5.0988e-12	     150.00	   0.099849	-9.7531e+92	-9.7531e+92	 0.00046340	 4.2049e-05	     0.0000	-0.00010028	 0.00019666	 0.00018995	
15	0	 0.00037986	 0.00062797	     189.51	   0.039789	-9.7531e+92	-9.7531e+92	   0.013727	 0.00011998	     0.0000	   -0.11442	  0.0018939	   -0.10973	
15	1	  0.0038663	  0.0063916	     167.83	   0.064291	-9.7531e+92	-9.7531e+92	   0.015870	  0.0010724	     0.0000	  -0.035766	   0.016310	  -0.097644	
15	2	    0.32509	    0.53743	     21.827	     3.9312	-9.7531e+92	-9.7531e+92	    0.16560	   0.055227	    0.14266	    0.92380	    0.46681	    0.46335	
15	3	    0.15069	    0.24911	     84.108	    0.82281	-9.7531e+92	-9.7531e+92	   0.087424	   0.016007	   0.075816	    0.32779	   -0.10444	  -0.079966	
15	4	   0.059754	   0.098783	     106.18	    0.37015	-9.7531e+92	-9.7531e+92	   0.056904	  0.0095282	   0.043498	    0.28766	    0.14226	    0.11620	
15	5	  0.0063503	   0.010498	     104.94	    0.38615	-9.7531e+92	-9.7531e+92	   0.011972	  0.0016791	     0.0000	  -0.069177	   0.014889	   -0.21869	
15	6	   0.028530	   0.047165	     96.746	    0.51548	-9.7531e+92	-9.7531e+92	   0.027549	  0.0076076	     0.0000	  -0.042810	   0.069068	  -0.043990	
15	7	 0.00023960	 0.00039609	     131.62	    0.16559	-9.7531e+92	-9.7531e+92	   0.014919	 8.3948e-05	     0.0000	  -0.093748	 0.00069227	  -0.069032	
15	8	 7.2302e-14	 1.1953e-13	     159.01	   0.079481	-9.7531e+92	-9.7531e+92	  0.0050315	 1.8153e-05	     0.0000	  -0.094899	 0.00013479	   -0.12738	
15	9	 0.00086472	  0.0014295	     117.55	    0.25424	-9.7531e+92	-9.7531e+92	   0.011423	 0.00025717	     0.0000	  -0.027226	  0.0020961	  -0.038211	
15	10	 2.4791e-12	 4.0983e-12	     197.67	   0.033672	-9.7531e+92	-9.7531e+92	 0.00022315	 1.9076e-05	     0.0000	  -0.016197	 0.00012281	 -0.0070414	
15	11	 2.2813e-11	 3.7714e-11	     182.32	   0.046370	-9.7531e+92	-9.7531e+92	 0.00042269	 1.8895e-05	     0.0000	  -0.019101	 0.00012539	  -0.016674	
15	12	 2.3923e-11	 3.9549e-11	     166.81	   0.065853	-9.7531e+92	-9.7531e+92	  0.0011593	 1.8776e-05	     0.0000	  -0.033313	 0.00012533	  -0.031501	
15	13	    0.14709	    0.24316	     111.52	    0.30921	-9.7531e+92	-9.7531e+92	    0.10685	   0.040713	  0.0097215	    0.19640	    0.61461	    0.31527	
15	14	    0.24771	    0.40950	     78.991	    0.99899	-9.7531e+92	-9.7531e+92	    0.13886	   0.054889	     0.0000	    0.30153	    0.45024	    0.37182	
15	15	     0.0000	     0.0000	     0.0000	     4.0000	-9.7531e+92	-9.7531e+92	    0.86061	     0.0000	    0.84007	     0.0000	     0.0000	     0.0000	
15	16	  0.0031554	  0.0052164	     65.362	     1.6609	-9.7531e+92	-9.7531e+92	  0.0018064	 0.00072823	  0.0014285	   0.020931	   0.013500	   0.010938	
15	17	 6.3544e-12	 1.0505e-11	     175.81	   0.053534	-9.7531e+92	-9.7531e+92	  0.0015653	 1.4541e-05	 0.00073405	 -0.0044970	 0.00021824	 -0.0012080	
15	18	   0.026264	   0.043418	     116.73	    0.26100	-9.7531e+92	-9.7531e+92	   0.081004	  0.0068704	     0.0000	   -0.23318	   0.078883	   -0.40728	
15	19	 3.5784e-06	 5.9157e-06	     131.26	    0.16732	-9.7531e+92	-9.7531e+92	  0.0047874	 1.9167e-05	     0.0000	  -0.053241	 0.00014272	   -0.10359	
15	20	 2.1442e-05	 3.5447e-05	     124.66	    0.20372	-9.7531e+92	-9.7531e+92	   0.036915	 2.1970e-05	     0.0000	   -0.22168	 0.00018504	   -0.41100	
15	21	 4.7923e-11	 7.9224e-11	     175.65	   0.053734	-9.7531e+92	-9.7531e+92	  0.0039506	 1.8389e-05	     0.0000	  -0.051868	 0.00014988	  -0.032476	
15	22	 4.5964e-12	 7.5985e-12	     163.21	   0.071746	-9.7531e+92	-9.7531e+92	  0.0038447	 1.5718e-05	  0.0017588	 -0.0084120	 0.00018712	 -0.0027833	
15	23	 4.4732e-12	 7.3949e-12	     149.47	    0.10124	-9.7531e+92	-9.7531e+92	 0.00050962	 1.8952e-05	     0.0000	  -0.012168	 0.00013025	  -0.012821	
15	24	 1.5867e-11	 2.6231e-11	     189.75	   0.039594	-9.7531e+92	-9.7531e+92	 7.9729e-05	 1.9134e-05	     0.0000	 -0.0015986	 0.00012403	-0.00094394	
16	0	 0.00017882	 4.1811e-05	     217.18	   0.023165	-9.7531e+92	-9.7531e+92	 0.00084409	 1.0212e-06	     0.0000	 -0.0016134	 2.5816e-06	-0.00044642	
16	1	 0.00026713	 6.2459e-05	     207.46	   0.027791	-9.7531e+92	-9.7531e+92	 0.00092325	 1.4025e-06	     0.0000	-0.00056734	 2.7155e-06	-0.00041061	
16	2	    0.34505	   0.080677	     68.097	     1.5042	-9.7531e+92	-9.7531e+92	   0.027780	 0.00094028	   0.024536	   0.015471	  -0.014845	 -0.0089737	
16	3	   0.031838	  0.0074442	     111.94	    0.30495	-9.7531e+92	-9.7531e+92	  0.0088110	 9.4658e-05	  0.0071693	  0.0021215	-0.00097340	-0.00032759	
16	4	    0.31847	   0.074462	     75.439	     1.1432	-9.7531e+92	-9.7531e+92	   0.023696	 0.00080960	   0.021800	   0.023599	 -0.0070136	 -0.0028611	
16	5	    0.10009	   0.023403	     71.546	     1.3237	-9.7531e+92	-9.7531e+92	  0.0074630	 0.00041625	     0.0000	-8.1292e-05	 -0.0023588	 8.1670e-05	
16	6	  0.0036517	 0.00085382	     111.89	    0.30549	-9.7531e+92	-9.7531e+92	  0.0018991	 1.5650e-05	     0.0000	 -0.0013822	-8.1511e-05	 0.00038923	
16	7	 0.00037834	 8.8462e-05	     137.28	    0.14083	-9.7531e+92	-9.7531e+92	 0.00097774	 1.8922e-06	     0.0000	 -0.0013074	-1.0821e-05	 0.00033273	
16	8	 0.00011419	 2.6698e-05	     112.87	    0.29583	-9.7531e+92	-9.7531e+92	  0.0011037	 7.5984e-07	     0.0000	 -0.0013268	-5.0229e-06	 0.00083895	
16	9	 1.6710e-06	 3.9069e-07	     159.83	   0.077890	-9.7531e+92	-9.7531e+92	 0.00066300	 2.9466e-07	     0.0000	-0.00039980	-1.6918e-06	 0.00020249	
16	10	 3.7682e-11	 8.8105e-12	     147.94	    0.10538	-9.7531e+92	-9.7531e+92	 4.1109e-05	 2.9439e-07	     0.0000	-0.00022686	-2.0325e-06	 5.6701e-05	
16	11	 3.4596e-13	 8.0889e-14	     142.85	    0.12075	-9.7531e+92	-9.7531e+92	 8.4679e-05	 2.9185e-07	     0.0000	-0.00026754	-2.0104e-06	 0.00012986	
16	12	 2.9348e-06	 6.8619e-07	     115.95	    0.26758	-9.7531e+92	-9.7531e+92	 0.00024027	 3.0274e-07	     0.0000	-0.00046652	-2.0309e-06	 0.00024908	
16	13	  0.0039397	 0.00092115	     153.85	   0.090443	-9.7531e+92	-9.7531e+92	  0.0062921	 1.6929e-05	     0.0000	 -0.0017086	 3.0011e-05	-0.00070935	
16	14	   0.025143	  0.0058787	     121.20	    0.22662	-9.7531e+92	-9.7531e+92	  0.0080760	 0.00010043	     0.0000	 -0.0020272	-0.00013237	-0.00042101	
16	15	    0.10576	   0.024729	     65.362	     1.6609	-9.7531e+92	-9.7531e+92	   0.011097	 0.00035209	  0.0081924	  0.0048438	-0.00040876	 0.00058846	
16	16	     0.0000	     0.0000	     0.0000	     4.0000	-9.7531e+92	-9.7531e+92	    0.11702	     0.0000	    0.11697	     0.0000	     0.0000	     0.0000	
16	17	 2.1324e-11	 4.9859e-12	     148.25	    0.10451	-9.7531e+92	-9.7531e+92	 0.00063666	 2.3780e-07	 0.00051909	-6.3859e-05	-1.7556e-07	-1.6732e-06	
16	18	   0.016495	  0.0038567	     110.59	    0.31898	-9.7531e+92	-9.7531e+92	  0.0065633	 6.6542e-05	     0.0000	 -0.0034787	-0.00020095	 0.00020821	
16	19	   0.012142	  0.0028389	     73.024	     1.2523	-9.7531e+92	-9.7531e+92	  0.0016510	 5.1180e-05	     0.0000	-0.00057297	-0.00027438	 0.00054697	
16	20	   0.036313	  0.0084906	     74.477	     1.1855	-9.7531e+92	-9.7531e+92	  0.0059789	 0.00014034	     0.0000	 -0.0025455	-0.00094736	  0.0020696	
16	21	 1.3020e-12	 3.0443e-13	     180.81	   0.047925	-9.7531e+92	-9.7531e+92	 0.00025144	 2.8510e-07	     0.0000	-0.00072649	-1.6390e-06	 0.00016039	
16	22	 0.00016297	 3.8105e-05	     106.73	    0.36321	-9.7531e+92	-9.7531e+92	  0.0015947	 8.5408e-07	  0.0012997	-9.7757e-05	-2.1886e-06	 2.7092e-06	
16	23	 1.6545e-10	 3.8685e-11	     136.77	    0.14287	-9.7531e+92	-9.7531e+92	 8.6495e-05	 2.9331e-07	     0.0000	-0.00017043	-1.9546e-06	 9.3166e-05	
16	24	 2.8014e-12	 6.5500e-13	     177.80	   0.051213	-9.7531e+92	-9.7531e+92	 1.1184e-05	 2.9494e-07	     0.0000	-2.2390e-05	-2.0334e-06	 7.4174e-06	
17	0	 8.1035e-09	 3.3652e-09	     353.56	  0.0033150	-9.7531e+92	-9.7531e+92	 0.00080072	 1.1689e-06	     0.0000	 -0.0089759	-6.1542e-06	  0.0025714	
17	1	 8.6047e-09	 3.5733e-09	     342.57	  0.0037606	-9.7531e+92	-9.7531e+92	 0.00089292	 1.1800e-06	     0.0000	 -0.0031648	-6.9205e-06	  0.0029565	
17	2	    0.10670	   0.044311	     160.64	   0.076357	-9.7531e+92	-9.7531e+92	   0.033686	  0.0014366	   0.027924	   0.032536	  -0.028226	  -0.021513	
17	3	    0.21263	   0.088301	     122.41	    0.21829	-9.7531e+92	-9.7531e+92	   0.038908	  0.0025205	   0.035993	   0.099321	  -0.062748	  -0.053173	
17	4	    0.64603	    0.26828	     73.525	     1.2289	-9.7531e+92	-9.7531e+92	   0.079344	  0.0034207	   0.075976	    0.12432	   -0.18043	   -0.16254	
17	5	 1.4964e-09	 6.2143e-10	     219.60	   0.022168	-9.7531e+92	-9.7531e+92	  0.0010490	 1.1602e-06	     0.0000	 -0.0062953	-1.8316e-05	   0.026759	
17	6	 3.6439e-11	 1.5132e-11	     251.72	   0.012870	-9.7531e+92	-9.7531e+92	  0.0012863	 1.1738e-06	     0.0000	 -0.0082740	-1.7471e-05	   0.011345	
17	7	 2.2806e-09	 9.4709e-10	     281.54	  0.0082346	-9.7531e+92	-9.7531e+92	 0.00086417	 1.1798e-06	     0.0000	 -0.0073162	-1.8284e-05	  0.0079515	
17	8	 1.1659e-08	 4.8418e-09	     258.50	   0.011577	-9.7531e+92	-9.7531e+92	 0.00046103	 1.1589e-06	     0.0000	 -0.0073508	-1.9573e-05	   0.016861	
17	9	 6.4728e-09	 2.6880e-09	     293.28	  0.0069951	-9.7531e+92	-9.7531e+92	 0.00066183	 1.1965e-06	     0.0000	 -0.0022112	-1.8448e-05	  0.0046682	
17	10	 5.0007e-09	 2.0766e-09	     270.72	  0.0096279	-9.7531e+92	-9.7531e+92	 3.0900e-05	 1.2126e-06	     0.0000	 -0.0012546	-2.0508e-05	  0.0010372	
17	11	 4.8946e-08	 2.0326e-08	     290.18	  0.0072979	-9.7531e+92	-9.7531e+92	 4.8982e-05	 1.2053e-06	     0.0000	 -0.0014795	-2.0371e-05	  0.0024107	
17	12	 2.9329e-08	 1.2180e-08	     225.22	   0.020047	-9.7531e+92	-9.7531e+92	 0.00015333	 1.1974e-06	     0.0000	 -0.0025804	-2.0363e-05	  0.0045934	
17	13	 7.4161e-10	 3.0797e-10	     287.27	  0.0075975	-9.7531e+92	-9.7531e+92	  0.0074110	 1.1853e-06	     0.0000	  -0.010127	-7.1224e-06	  0.0057578	
17	14	 3.3202e-08	 1.3788e-08	     254.84	   0.012253	-9.7531e+92	-9.7531e+92	  0.0079636	 1.1417e-06	     0.0000	  -0.016277	-1.0293e-05	   0.011581	
17	15	 1.5724e-08	 6.5300e-09	     175.81	   0.053534	-9.7531e+92	-9.7531e+92	   0.012850	 1.0424e-06	  0.0076904	 -0.0048719	-1.6980e-05	  0.0029302	
17	16	 2.2792e-08	 9.4651e-09	     148.25	    0.10451	-9.7531e+92	-9.7531e+92	 0.00025593	 1.0063e-06	 0.00016101	-9.1657e-05	-1.1365e-05	 2.6570e-05	
17	17	     0.0000	     0.0000	     0.0000	     4.0000	-9.7531e+92	-9.7531e+92	    0.20976	     0.0000	    0.20956	     0.0000	     0.0000	     0.0000	
17	18	 4.2020e-09	 1.7450e-09	     258.46	   0.011584	-9.7531e+92	-9.7531e+92	  0.0052672	 1.1169e-06	     0.0000	  -0.021224	-1.3932e-05	   0.033287	
17	19	 4.0283e-09	 1.6729e-09	     187.53	   0.041480	-9.7531e+92	-9.7531e+92	  0.0012246	 1.1607e-06	     0.0000	 -0.0041243	-1.9407e-05	   0.014004	
17	20	 3.5293e-09	 1.4656e-09	     207.02	   0.028026	-9.7531e+92	-9.7531e+92	  0.0031236	 1.0671e-06	     0.0000	  -0.017173	-1.9182e-05	   0.052483	
17	21	 2.0547e-08	 8.5326e-09	     326.31	  0.0045671	-9.7531e+92	-9.7531e+92	 0.00024043	 1.1853e-06	     0.0000	 -0.0040176	-1.8368e-05	  0.0037454	
17	22	   0.034622	   0.014378	     106.10	    0.37108	-9.7531e+92	-9.7531e+92	  0.0088794	 0.00044482	  0.0083554	   0.011943	 -0.0010584	-0.00072157	
17	23	 9.6367e-09	 4.0019e-09	     284.58	  0.0078888	-9.7531e+92	-9.7531e+92	 5.0186e-05	 1.2140e-06	     0.0000	-0.00094251	-2.0032e-05	  0.0017851	
17	24	 7.8488e-09	 3.2594e-09	     325.25	  0.0046269	-9.7531e+92	-9.7531e+92	 1.5955e-05	 1.2178e-06	     0.0000	-0.00012382	-2.0410e-05	 0.00013715	
18	0	  0.0022571	  0.0087293	     116.29	    0.26473	-9.7531e+92	-9.7531e+92	   0.018897	  0.0025416	     0.0000	  -0.051610	   0.056869	   -0.19888	
18	1	  0.0027580	   0.010667	     111.77	    0.30668	-9.7531e+92	-9.7531e+92	   0.019349	  0.0024414	     0.0000	  -0.023676	   0.045343	   -0.20109	
18	2	 6.2694e-05	 0.00024247	     137.27	    0.14087	-9.7531e+92	-9.7531e+92	  0.0062404	 0.00016197	     0.0000	  -0.052386	  0.0031266	  -0.094804	
18	3	 4.6028e-07	 1.7801e-06	     199.21	   0.032649	-9.7531e+92	-9.7531e+92	  0.0017507	 9.4214e-05	     0.0000	  -0.046010	  0.0017195	  -0.048152	
18	4	 2.1921e-08	 8.4779e-08	     186.18	   0.042684	-9.7531e+92	-9.7531e+92	  0.0035875	 9.4565e-05	     0.0000	  -0.059218	  0.0015705	  -0.054988	
18	5	   0.017925	   0.069326	     53.346	     2.4617	-9.7531e+92	-9.7531e+92	    0.21040	   0.021707	     0.0000	  -0.043096	    0.41796	   -0.60816	
18	6	   0.043187	    0.16703	     36.723	     3.5078	-9.7531e+92	-9.7531e+92	   0.076790	   0.050695	     0.0000	 -0.0057594	     1.0000	  -0.032350	
18	7	   0.012980	   0.050200	     38.248	     3.4331	-9.7531e+92	-9.7531e+92	   0.031505	   0.014748	     0.0000	  -0.029314	    0.30534	   -0.12971	
18	8	 0.00027911	  0.0010795	     75.421	     1.1439	-9.7531e+92	-9.7531e+92	    0.12057	 0.00041026	     0.0000	  -0.060094	  0.0083062	   -0.42668	
18	9	 0.00020438	 0.00079043	     96.665	    0.51699	-9.7531e+92	-9.7531e+92	   0.010534	 0.00028606	     0.0000	  -0.014389	  0.0065039	   -0.12510	
18	10	 9.1053e-12	 3.5215e-11	     118.82	    0.24422	-9.7531e+92	-9.7531e+92	  0.0041795	 9.5587e-05	     0.0000	  -0.010302	  0.0014879	  -0.025066	
18	11	 7.4547e-05	 0.00028831	     81.269	    0.91620	-9.7531e+92	-9.7531e+92	  0.0087868	 0.00016885	     0.0000	  -0.012045	  0.0035399	  -0.058265	
18	12	 5.6092e-12	 2.1694e-11	     120.73	    0.22996	-9.7531e+92	-9.7531e+92	   0.027135	 9.5700e-05	     0.0000	  -0.021188	  0.0014666	   -0.11153	
18	13	   0.026724	    0.10335	     87.611	    0.72124	-9.7531e+92	-9.7531e+92	   0.057342	   0.015390	     0.0000	     0.0000	    0.13072	     0.0000	
18	14	   0.044039	    0.17032	     78.249	     1.0276	-9.7531e+92	-9.7531e+92	    0.11180	   0.046759	     0.0000	  -0.059950	    0.99083	   -0.28953	
18	15	 1.9023e-05	 7.3573e-05	     116.73	    0.26100	-9.7531e+92	-9.7531e+92	  0.0060690	 0.00011417	     0.0000	  -0.048845	  0.0019364	  -0.083731	
18	16	 1.7172e-11	 6.6412e-11	     110.59	    0.31898	-9.7531e+92	-9.7531e+92	 0.00020721	 0.00010321	     0.0000	 -0.0010826	  0.0013546	 -0.0010856	
18	17	 1.6390e-12	 6.3387e-12	     258.46	   0.011584	-9.7531e+92	-9.7531e+92	 0.00022505	 0.00010700	     0.0000	 -0.0040356	  0.0013251	 -0.0029290	
18	18	     0.0000	     0.0000	     0.0000	     4.0000	-9.7531e+92	-9.7531e+92	     2.0925	     0.0000	     1.4116	     0.0000	     0.0000	     0.0000	
18	19	 2.6563e-06	 1.0273e-05	     118.15	    0.24945	-9.7531e+92	-9.7531e+92	    0.10860	 9.1725e-05	     0.0000	  -0.033864	  0.0015835	   -0.35233	
18	20	    0.84517	     3.2687	     90.275	    0.65310	-9.7531e+92	-9.7531e+92	    0.93367	     1.0000	    0.15561	    0.45057	     19.301	     4.3384	
18	21	  0.0014110	  0.0054569	     79.511	    0.97945	-9.7531e+92	-9.7531e+92	  0.0076389	  0.0016937	     0.0000	  -0.028339	   0.034565	  -0.092472	
18	22	 4.8775e-13	 1.8864e-12	     205.13	   0.029065	-9.7531e+92	-9.7531e+92	 0.00048092	 0.00010449	     0.0000	 -0.0073235	  0.0013626	 -0.0080351	
18	23	  0.0028511	   0.011027	     36.898	     3.4995	-9.7531e+92	-9.7531e+92	  0.0084255	  0.0034099	     0.0000	 -0.0043929	   0.072274	  -0.025139	
18	24	 5.0755e-05	 0.00019630	     74.739	     1.1738	-9.7531e+92	-9.7531e+92	 0.00047199	 0.00013194	     0.0000	-0.00091300	  0.0030584	 -0.0029953	
19	0	 1.7214e-07	 1.3415e-07	     234.49	   0.017074	-9.7531e+92	-9.7531e+92	  0.0027399	 9.8132e-06	     0.0000	 -0.0050158	-0.00045239	   0.054761	
19	1	 1.7154e-05	 1.3368e-05	     226.57	   0.019575	-9.7531e+92	-9.7531e+92	  0.0027815	 1.1533e-05	     0.0000	 -0.0017675	-0.00061228	   0.056965	
19	2	  0.0044041	  0.0034322	     139.30	    0.13308	-9.7531e+92	-9.7531e+92	  0.0031350	 0.00067358	     0.0000	 -0.0028755	  -0.035982	   0.019176	
19	3	 4.2471e-05	 3.3098e-05	     184.07	   0.044655	-9.7531e+92	-9.7531e+92	  0.0011651	 1.7065e-05	     0.0000	 -0.0031123	-0.00085794	   0.013921	
19	4	   0.016489	   0.012850	     119.82	    0.23665	-9.7531e+92	-9.7531e+92	  0.0043040	  0.0024975	     0.0000	  0.0042181	   -0.13878	  -0.017587	
19	5	    0.34710	    0.27050	     64.874	     1.6901	-9.7531e+92	-9.7531e+92	   0.092806	   0.049728	  0.0088946	  0.0078102	    -2.9234	   -0.51104	
19	6	  0.0013721	  0.0010693	     133.74	    0.15573	-9.7531e+92	-9.7531e+92	   0.010308	 0.00021917	     0.0000	 -0.0044913	  -0.012286	   0.098406	
19	7	 1.8114e-06	 1.4117e-06	     154.38	   0.089237	-9.7531e+92	-9.7531e+92	  0.0038314	 1.0411e-05	     0.0000	 -0.0040881	-0.00059286	   0.068579	
19	8	   0.041858	   0.032621	     80.536	    0.94205	-9.7531e+92	-9.7531e+92	   0.026182	  0.0059275	     0.0000	 -0.0014076	   -0.34627	   0.047301	
19	9	 2.7693e-12	 2.1581e-12	     193.08	   0.036956	-9.7531e+92	-9.7531e+92	  0.0018564	 1.0087e-05	     0.0000	 -0.0012356	-0.00057664	   0.039981	
19	10	 0.00057265	 0.00044627	     85.643	    0.77653	-9.7531e+92	-9.7531e+92	  0.0015129	 9.7755e-05	     0.0000	-0.00051224	 -0.0051187	  0.0069440	
19	11	 5.9785e-05	 4.6591e-05	     108.78	    0.33886	-9.7531e+92	-9.7531e+92	  0.0019475	 1.9580e-05	     0.0000	-0.00082115	 -0.0010961	   0.019040	
19	12	    0.10867	   0.084689	     44.530	     3.0689	-9.7531e+92	-9.7531e+92	   0.024598	   0.013297	   0.011603	  0.0010494	   -0.53712	  -0.039451	
19	13	   0.016761	   0.013062	     184.51	   0.044238	-9.7531e+92	-9.7531e+92	  0.0097763	  0.0020571	     0.0000	 -0.0040457	   -0.13275	   0.077418	
19	14	  0.0035582	  0.0027729	     166.55	   0.066257	-9.7531e+92	-9.7531e+92	   0.022328	 0.00052537	     0.0000	 -0.0087371	  -0.026943	    0.15657	
19	15	 0.00076731	 0.00059797	     131.26	    0.16732	-9.7531e+92	-9.7531e+92	  0.0018341	 0.00013101	     0.0000	 -0.0032371	 -0.0072269	   0.024723	
19	16	 0.00050876	 0.00039648	     73.024	     1.2523	-9.7531e+92	-9.7531e+92	 0.00015201	 9.6095e-05	     0.0000	 0.00015743	 -0.0051275	-0.00076230	
19	17	 2.6469e-13	 2.0627e-13	     187.53	   0.041480	-9.7531e+92	-9.7531e+92	 0.00014193	 1.1293e-05	     0.0000	-0.00027465	-0.00060536	 0.00095715	
19	18	    0.15312	    0.11932	     118.15	    0.24945	-9.7531e+92	-9.7531e+92	   0.059799	   0.017218	     0.0000	-0.00084760	    -1.3501	   0.046775	
19	19	     0.0000	     0.0000	     0.0000	     4.0000	-9.7531e+92	-9.7531e+92	    0.40547	     0.0000	    0.36465	     0.0000	     0.0000	     0.0000	
19	20	    0.30267	    0.23587	     28.400	     3.8088	-9.7531e+92	-9.7531e+92	   0.099484	   0.032804	     0.0000	  0.0014497	    -2.0609	   -0.17597	
19	21	 2.0806e-11	 1.6214e-11	     197.71	   0.033641	-9.7531e+92	-9.7531e+92	 0.00089033	 1.0211e-05	     0.0000	 -0.0022451	-0.00057809	   0.032200	
19	22	  0.0020281	  0.0015805	     93.933	    0.57085	-9.7531e+92	-9.7531e+92	 0.00072323	 0.00029632	     0.0000	 0.00034598	  -0.014363	 -0.0018143	
19	23	 7.1580e-07	 5.5783e-07	     121.29	    0.22600	-9.7531e+92	-9.7531e+92	  0.0013818	 1.0619e-05	     0.0000	-0.00052663	-0.00059377	   0.014369	
19	24	 1.5792e-11	 1.2307e-11	     150.08	   0.099629	-9.7531e+92	-9.7531e+92	 8.0561e-05	 1.0515e-05	     0.0000	-6.9193e-05	-0.00058772	  0.0010890	
20	0	 2.1569e-05	 2.2529e-05	     206.61	   0.028245	-9.7531e+92	-9.7531e+92	  0.0042287	 7.3397e-05	     0.0000	  -0.026732	 0.00033801	  -0.047173	
20	1	 4.3503e-05	 4.5438e-05	     199.20	   0.032652	-9.7531e+92	-9.7531e+92	  0.0041893	 7.8708e-05	     0.0000	 -0.0094188	-1.0970e-05	  -0.048059	
20	2	  0.0020670	  0.0021590	     139.77	    0.13137	-9.7531e+92	-9.7531e+92	  0.0027480	  0.0019127	     0.0000	  -0.019138	  0.0016983	  -0.016371	
20	3	 7.0833e-06	 7.3985e-06	     185.64	   0.043179	-9.7531e+92	-9.7531e+92	 0.00075588	 7.1251e-05	     0.0000	  -0.016684	 0.00012567	 -0.0098166	
20	4	  0.0026965	  0.0028164	     135.08	    0.14987	-9.7531e+92	-9.7531e+92	  0.0019405	  0.0026390	     0.0000	  -0.014300	-0.00056585	 -0.0072343	
20	5	    0.33635	    0.35131	     39.691	     3.3571	-9.7531e+92	-9.7531e+92	    0.12049	    0.25797	  0.0080272	   0.039782	   0.019263	    0.29923	
20	6	   0.013660	   0.014268	     111.59	    0.30852	-9.7531e+92	-9.7531e+92	   0.016682	   0.011941	     0.0000	  -0.017634	 -0.0088290	  -0.045523	
20	7	 7.8667e-05	 8.2167e-05	     126.68	    0.19164	-9.7531e+92	-9.7531e+92	  0.0057681	 0.00012397	     0.0000	  -0.021751	-0.00011258	  -0.042020	
20	8	    0.22317	    0.23310	     51.987	     2.5582	-9.7531e+92	-9.7531e+92	   0.074889	    0.15314	  0.0084201	   0.054870	    0.41069	    0.20464	
20	9	 9.8065e-11	 1.0243e-10	     174.09	   0.055651	-9.7531e+92	-9.7531e+92	  0.0027756	 5.4890e-05	     0.0000	 -0.0065901	-3.6015e-05	  -0.024439	
20	10	  0.0029233	  0.0030533	     74.457	     1.1864	-9.7531e+92	-9.7531e+92	  0.0025627	  0.0025070	     0.0000	-0.00081679	  0.0033218	 -0.0010322	
20	11	  0.0026132	  0.0027295	     83.734	    0.83452	-9.7531e+92	-9.7531e+92	  0.0053624	  0.0022262	     0.0000	 -0.0030945	 0.00078472	 -0.0077890	
20	12	   0.039945	   0.041723	     45.010	     3.0379	-9.7531e+92	-9.7531e+92	   0.016967	   0.032176	     0.0000	   0.010776	   0.060009	   0.029490	
20	13	  0.0030005	  0.0031340	     165.04	   0.068678	-9.7531e+92	-9.7531e+92	   0.010283	  0.0016715	     0.0000	     0.0000	  -0.015437	  -0.086298	
20	14	   0.022511	   0.023512	     147.73	    0.10597	-9.7531e+92	-9.7531e+92	   0.033795	   0.018288	     0.0000	  -0.035790	   0.037357	  -0.093330	
20	15	 0.00034786	 0.00036333	     124.66	    0.20372	-9.7531e+92	-9.7531e+92	  0.0020770	 0.00039013	     0.0000	  -0.017888	-0.00047568	  -0.015812	
20	16	 2.7558e-05	 2.8784e-05	     74.477	     1.1855	-9.7531e+92	-9.7531e+92	 7.8039e-05	 9.6426e-05	     0.0000	-0.00032619	-0.00023097	-0.00016927	
20	17	 1.5273e-11	 1.5953e-11	     207.02	   0.028026	-9.7531e+92	-9.7531e+92	 8.6720e-05	 7.1527e-05	     0.0000	 -0.0014648	-0.00020955	-0.00055252	
20	18	    0.13373	    0.13968	     90.275	    0.65310	-9.7531e+92	-9.7531e+92	   0.079114	   0.046503	     0.0000	     0.0000	   -0.86885	     0.0000	
20	19	    0.21659	    0.22622	     28.400	     3.8088	-9.7531e+92	-9.7531e+92	   0.068013	    0.15334	   0.013306	   0.038516	    0.44807	    0.21002	
20	20	     0.0000	     0.0000	     0.0000	     4.0000	-9.7531e+92	-9.7531e+92	    0.58651	     0.0000	    0.37638	     0.0000	     0.0000	     0.0000	
20	21	 1.1893e-10	 1.2422e-10	     169.84	   0.061351	-9.7531e+92	-9.7531e+92	  0.0013424	 5.7518e-05	     0.0000	  -0.011974	-5.4123e-05	  -0.019734	
20	22	 2.7711e-06	 2.8944e-06	     116.48	    0.26308	-9.7531e+92	-9.7531e+92	 0.00023411	 6.6353e-05	     0.0000	 -0.0026520	-7.3223e-05	 -0.0015175	
20	23	 0.00022534	 0.00023537	     93.058	    0.58941	-9.7531e+92	-9.7531e+92	  0.0033163	 0.00025381	     0.0000	 -0.0027130	-0.00016825	 -0.0081115	
20	24	 1.8535e-10	 1.9359e-10	     121.85	    0.22210	-9.7531e+92	-9.7531e+92	 0.00017122	 5.6955e-05	     0.0000	-0.00036903	-1.1658e-05	-0.00062969	
21	0	    0.18388	    0.27959	     39.458	     3.3697	-9.7531e+92	-9.7531e+92	   0.089369	   0.020004	   0.043538	   0.063854	    0.48869	    0.14967	
21	1	    0.13706	    0.20840	     57.297	     2.1839	-9.7531e+92	-9.7531e+92	   0.074644	   0.023416	   0.027449	   0.026188	    0.83340	    0.45636	
21	2	 9.0710e-06	 1.3792e-05	     197.19	   0.033993	-9.7531e+92	-9.7531e+92	  0.0020239	 1.7919e-05	     0.0000	  -0.063039	 0.00064459	  -0.075130	
21	3	 2.8933e-10	 4.3991e-10	     259.71	   0.011362	-9.7531e+92	-9.7531e+92	 0.00056752	 1.5980e-05	     0.0000	  -0.046821	 0.00057465	  -0.038145	
21	4	 4.0608e-12	 6.1744e-12	     253.96	   0.012424	-9.7531e+92	-9.7531e+92	 0.00064140	 1.5703e-05	     0.0000	  -0.060258	 0.00055612	  -0.043074	
21	5	 0.00014244	 0.00021658	     132.91	    0.15951	-9.7531e+92	-9.7531e+92	   0.015937	 4.9670e-05	     0.0000	  -0.052530	  0.0017130	   -0.56632	
21	6	   0.012190	   0.018534	     78.899	     1.0025	-9.7531e+92	-9.7531e+92	   0.030423	  0.0026484	     0.0000	  -0.037504	    0.10218	   -0.18952	
21	7	    0.23647	    0.35954	     44.967	     3.0407	-9.7531e+92	-9.7531e+92	    0.10623	   0.044243	   0.057339	    0.12580	     2.1664	     1.2261	
21	8	 4.1363e-05	 6.2892e-05	     132.38	    0.16196	-9.7531e+92	-9.7531e+92	  0.0089121	 2.6472e-05	     0.0000	  -0.061378	 0.00086804	   -0.33126	
21	9	  0.0088061	   0.013389	     83.320	    0.84769	-9.7531e+92	-9.7531e+92	   0.016713	  0.0020289	     0.0000	 -0.0075112	   0.073789	  -0.051995	
21	10	 4.1931e-11	 6.3755e-11	     171.26	   0.059366	-9.7531e+92	-9.7531e+92	 0.00034980	 1.7225e-05	     0.0000	  -0.010483	 0.00052832	  -0.019313	
21	11	 1.8174e-11	 2.7633e-11	     128.65	    0.18069	-9.7531e+92	-9.7531e+92	 0.00071440	 1.6985e-05	     0.0000	  -0.012362	 0.00053169	  -0.045307	
21	12	 5.8872e-11	 8.9513e-11	     187.39	   0.041605	-9.7531e+92	-9.7531e+92	  0.0020193	 1.7006e-05	     0.0000	  -0.021560	 0.00052890	  -0.085963	
21	13	    0.15231	    0.23158	     76.619	     1.0932	-9.7531e+92	-9.7531e+92	   0.096409	   0.036353	  0.0070783	    0.13463	     1.3579	    0.53913	
21	14	   0.088134	    0.13401	     101.18	    0.44014	-9.7531e+92	-9.7531e+92	   0.060721	   0.018367	     0.0000	  0.0039306	    0.71954	   0.016142	
21	15	 4.3639e-11	 6.6352e-11	     175.65	   0.053734	-9.7531e+92	-9.7531e+92	  0.0028815	 1.6092e-05	     0.0000	  -0.051600	 0.00054644	  -0.065253	
21	16	 6.7600e-12	 1.0278e-11	     180.81	   0.047925	-9.7531e+92	-9.7531e+92	 6.3649e-05	 1.7221e-05	     0.0000	 -0.0011016	 0.00052684	-0.00083541	
21	17	 6.3301e-12	 9.6247e-12	     326.31	  0.0045671	-9.7531e+92	-9.7531e+92	 6.7930e-05	 1.7186e-05	     0.0000	 -0.0041065	 0.00052757	 -0.0022572	
21	18	    0.17630	    0.26806	     79.511	    0.97945	-9.7531e+92	-9.7531e+92	    0.15138	   0.041338	     0.0000	 2.5111e-05	     1.5079	 0.00013629	
21	19	 1.5569e-11	 2.3673e-11	     197.71	   0.033641	-9.7531e+92	-9.7531e+92	  0.0079402	 1.6555e-05	     0.0000	  -0.034460	 0.00053395	   -0.27232	
21	20	 5.8480e-11	 8.8917e-11	     169.84	   0.061351	-9.7531e+92	-9.7531e+92	   0.067699	 1.5073e-05	     0.0000	   -0.14348	 0.00053760	    -1.0515	
21	21	     0.0000	     0.0000	     0.0000	     4.0000	-9.7531e+92	-9.7531e+92	    0.78127	     0.0000	    0.75828	     0.0000	     0.0000	     0.0000	
21	22	 3.1613e-11	 4.8067e-11	     284.69	  0.0078758	-9.7531e+92	-9.7531e+92	 0.00010233	 1.7023e-05	     0.0000	 -0.0074521	 0.00052960	 -0.0061997	
21	23	  0.0039460	  0.0059999	     78.648	     1.0121	-9.7531e+92	-9.7531e+92	  0.0028124	 0.00093874	     0.0000	 -0.0022212	   0.033932	  -0.013730	
21	24	 0.00070811	  0.0010767	     85.071	    0.79345	-9.7531e+92	-9.7531e+92	 0.00043829	 0.00018625	     0.0000	 0.00042146	  0.0066178	  0.0010888	
22	0	 1.0114e-10	 5.7139e-11	     321.47	  0.0048482	-9.7531e+92	-9.7531e+92	  0.0010579	 2.9064e-06	     0.0000	  -0.022467	-3.6529e-05	   0.015208	
22	1	 5.0723e-11	 2.8656e-11	     312.59	  0.0054224	-9.7531e+92	-9.7531e+92	  0.0011424	 2.9325e-06	     0.0000	 -0.0079216	-3.8659e-05	   0.016506	
22	2	   0.052684	   0.029763	     161.29	   0.075160	-9.7531e+92	-9.7531e+92	   0.030360	  0.0017480	   0.022521	   0.033691	  -0.053256	  -0.034821	
22	3	   0.099158	   0.056018	     164.94	   0.068842	-9.7531e+92	-9.7531e+92	   0.031667	  0.0028840	   0.027700	    0.11026	   -0.10748	  -0.088549	
22	4	    0.53649	    0.30308	     82.638	    0.86986	-9.7531e+92	-9.7531e+92	   0.086539	  0.0065572	   0.081957	    0.23717	   -0.56815	   -0.51061	
22	5	  0.0043934	  0.0024820	     151.89	   0.095092	-9.7531e+92	-9.7531e+92	   0.011396	 0.00019224	     0.0000	  -0.015115	 -0.0046733	   0.098308	
22	6	 5.7808e-11	 3.2658e-11	     216.08	   0.023641	-9.7531e+92	-9.7531e+92	  0.0024250	 2.9142e-06	     0.0000	  -0.020711	-6.7652e-05	   0.044061	
22	7	 2.5171e-10	 1.4220e-10	     241.36	   0.015218	-9.7531e+92	-9.7531e+92	  0.0012423	 2.9283e-06	     0.0000	  -0.018313	-6.9883e-05	   0.030483	
22	8	 1.0588e-10	 5.9818e-11	     168.70	   0.062994	-9.7531e+92	-9.7531e+92	  0.0045500	 2.8727e-06	     0.0000	  -0.018400	-7.3385e-05	   0.063426	
22	9	 1.4633e-10	 8.2669e-11	     266.14	   0.010307	-9.7531e+92	-9.7531e+92	 0.00082414	 2.9694e-06	     0.0000	 -0.0055347	-7.0332e-05	   0.017850	
22	10	 7.3285e-11	 4.1402e-11	     176.66	   0.052524	-9.7531e+92	-9.7531e+92	 0.00021163	 3.0056e-06	     0.0000	 -0.0031403	-7.5935e-05	  0.0038536	
22	11	 1.9116e-10	 1.0799e-10	     200.45	   0.031856	-9.7531e+92	-9.7531e+92	 0.00034861	 2.9863e-06	     0.0000	 -0.0037034	-7.5563e-05	  0.0089757	
22	12	 2.8999e-11	 1.6383e-11	     131.16	    0.16782	-9.7531e+92	-9.7531e+92	  0.0022577	 2.9650e-06	     0.0000	 -0.0064589	-7.5327e-05	   0.017086	
22	13	 7.1763e-11	 4.0542e-11	     260.15	   0.011286	-9.7531e+92	-9.7531e+92	  0.0076108	 2.9442e-06	     0.0000	  -0.025350	-3.9254e-05	   0.031701	
22	14	 0.00025263	 0.00014272	     227.39	   0.019298	-9.7531e+92	-9.7531e+92	  0.0099104	 1.3560e-05	     0.0000	  -0.040627	-0.00022873	   0.054662	
22	15	  0.0013751	 0.00077686	     163.21	   0.071746	-9.7531e+92	-9.7531e+92	   0.012186	 5.5639e-05	  0.0051669	  -0.010815	 -0.0014380	   0.010147	
22	16	 5.8139e-11	 3.2845e-11	     106.73	    0.36321	-9.7531e+92	-9.7531e+92	 0.00027730	 2.4669e-06	 0.00014816	-0.00022593	-5.3072e-05	 0.00012131	
22	17	  0.0080080	  0.0045240	     106.10	    0.37108	-9.7531e+92	-9.7531e+92	  0.0034445	 0.00022482	  0.0031604	   0.010786	-0.00085826	-0.00042264	
22	18	 0.00017116	 9.6693e-05	     205.13	   0.029065	-9.7531e+92	-9.7531e+92	   0.011254	 9.8686e-06	     0.0000	  -0.053073	-0.00020655	    0.13879	
22	19	    0.17688	   0.099927	     93.933	    0.57085	-9.7531e+92	-9.7531e+92	   0.029083	  0.0075952	     0.0000	   0.024525	   -0.18999	   -0.12483	
22	20	    0.12059	   0.068124	     116.48	    0.26308	-9.7531e+92	-9.7531e+92	   0.028209	  0.0047769	     0.0000	  -0.017255	   -0.13053	   0.079604	
22	21	 9.6057e-12	 5.4267e-12	     284.69	  0.0078758	-9.7531e+92	-9.7531e+92	 0.00032751	 2.9411e-06	     0.0000	  -0.010056	-7.0100e-05	   0.014342	
22	22	     0.0000	     0.0000	     0.0000	     4.0000	-9.7531e+92	-9.7531e+92	    0.28828	     0.0000	    0.28757	     0.0000	     0.0000	     0.0000	
22	23	 2.5902e-11	 1.4633e-11	     209.07	   0.026949	-9.7531e+92	-9.7531e+92	 0.00024850	 3.0111e-06	     0.0000	 -0.0023592	-7.4676e-05	  0.0066749	
22	24	 2.4328e-11	 1.3744e-11	     237.89	   0.016122	-9.7531e+92	-9.7531e+92	 2.8875e-05	 3.0198e-06	     0.0000	-0.00030994	-7.5712e-05	 0.00051037	
23	0	    0.14995	   0.096410	     119.13	    0.24186	-9.7531e+92	-9.7531e+92	   0.030495	  0.0045730	   0.011114	   0.031600	   -0.68769	   -0.42215	
23	1	  0.0095841	  0.0061623	     132.72	    0.16037	-9.7531e+92	-9.7531e+92	  0.0094497	 0.00030187	     0.0000	 -0.0019361	  -0.044384	   0.076308	
23	2	 4.4100e-05	 2.8355e-05	     168.40	   0.063436	-9.7531e+92	-9.7531e+92	 0.00079124	 3.5590e-06	     0.0000	 -0.0066617	-0.00056304	   0.054060	
23	3	 1.5542e-12	 9.9932e-13	     228.38	   0.018966	-9.7531e+92	-9.7531e+92	 0.00021378	 2.1756e-06	     0.0000	 -0.0049605	-0.00033451	   0.027014	
23	4	 1.4813e-11	 9.5245e-12	     212.30	   0.025355	-9.7531e+92	-9.7531e+92	 0.00027963	 2.1306e-06	     0.0000	 -0.0063841	-0.00034848	   0.032353	
23	5	   0.097065	   0.062409	     65.633	     1.6449	-9.7531e+92	-9.7531e+92	   0.025414	  0.0030109	     0.0000	-0.00055456	   -0.51460	   0.044058	
23	6	   0.076901	   0.049445	     73.330	     1.2380	-9.7531e+92	-9.7531e+92	   0.022104	  0.0024826	     0.0000	  0.0044224	   -0.40699	   -0.11771	
23	7	    0.17255	    0.11094	     58.677	     2.0891	-9.7531e+92	-9.7531e+92	   0.034154	  0.0054149	   0.013480	   0.028292	   -0.91399	   -0.57626	
23	8	   0.034984	   0.022494	     54.810	     2.3580	-9.7531e+92	-9.7531e+92	   0.011756	 0.00092902	     0.0000	 -0.0013100	   -0.16609	    0.10610	
23	9	 0.00015399	 9.9009e-05	     121.73	    0.22293	-9.7531e+92	-9.7531e+92	  0.0037551	 7.2709e-06	     0.0000	 -0.0019412	 -0.0011820	   0.076261	
23	10	 2.3869e-05	 1.5347e-05	     95.614	    0.53700	-9.7531e+92	-9.7531e+92	 0.00030927	 2.8652e-06	     0.0000	-0.00093236	-0.00045854	   0.015129	
23	11	  0.0035227	  0.0022650	     53.605	     2.4433	-9.7531e+92	-9.7531e+92	  0.0016035	 0.00010560	     0.0000	-0.00041722	  -0.016933	   0.019492	
23	12	 3.0314e-06	 1.9491e-06	     109.85	    0.32696	-9.7531e+92	-9.7531e+92	  0.0012960	 2.2878e-06	     0.0000	 -0.0022681	-0.00037461	   0.069978	
23	13	   0.027676	   0.017795	     113.01	    0.29441	-9.7531e+92	-9.7531e+92	   0.017949	 0.00085250	     0.0000	 -0.0047443	   -0.12874	    0.11101	
23	14	   0.028528	   0.018343	     114.84	    0.27739	-9.7531e+92	-9.7531e+92	   0.018963	 0.00089281	     0.0000	 -0.0096111	   -0.13701	    0.21019	
23	15	 1.2704e-05	 8.1685e-06	     149.47	    0.10124	-9.7531e+92	-9.7531e+92	 0.00095148	 2.6218e-06	     0.0000	 -0.0054611	-0.00042428	   0.050649	
23	16	 4.1650e-12	 2.6780e-12	     136.77	    0.14287	-9.7531e+92	-9.7531e+92	 2.7849e-05	 2.3291e-06	     0.0000	-0.00011671	-0.00036907	 0.00068529	
23	17	 1.8707e-11	 1.2028e-11	     284.58	  0.0078888	-9.7531e+92	-9.7531e+92	 2.8954e-05	 2.3305e-06	     0.0000	-0.00043507	-0.00036825	  0.0018389	
23	18	    0.34811	    0.22383	     36.898	     3.4995	-9.7531e+92	-9.7531e+92	   0.081705	   0.010131	     0.0000	   0.018314	    -1.7769	   -0.66918	
23	19	 1.1241e-05	 7.2277e-06	     121.29	    0.22600	-9.7531e+92	-9.7531e+92	  0.0048176	 2.5115e-06	     0.0000	 -0.0036501	-0.00042118	    0.21874	
23	20	 0.00054554	 0.00035077	     93.058	    0.58941	-9.7531e+92	-9.7531e+92	   0.038896	 1.7451e-05	     0.0000	  -0.014133	 -0.0032610	    0.83404	
23	21	   0.010531	  0.0067709	     78.648	     1.0121	-9.7531e+92	-9.7531e+92	  0.0081774	 0.00033911	     0.0000	 -0.0010723	  -0.056408	   0.018673	
23	22	 6.7944e-12	 4.3686e-12	     209.07	   0.026949	-9.7531e+92	-9.7531e+92	 4.5325e-05	 2.2864e-06	     0.0000	-0.00078951	-0.00036590	  0.0050219	
23	23	     0.0000	     0.0000	     0.0000	     4.0000	-9.7531e+92	-9.7531e+92	    0.32324	     0.0000	    0.31897	     0.0000	     0.0000	     0.0000	
23	24	   0.039807	   0.025595	     40.708	     3.3006	-9.7531e+92	-9.7531e+92	  0.0064797	 0.00081930	  0.0061176	 0.00053906	  -0.083478	  -0.043196	
24	0	   0.096476	   0.043087	     123.34	    0.21210	-9.7531e+92	-9.7531e+92	   0.015594	 0.00038475	  0.0021321	  0.0032097	  -0.059383	  -0.035261	
24	1	  0.0032643	  0.0014579	     142.19	    0.12292	-9.7531e+92	-9.7531e+92	  0.0037548	 1.3572e-05	     0.0000	-0.00045980	 -0.0020635	   0.014910	
24	2	 1.6657e-11	 7.4391e-12	     210.29	   0.026336	-9.7531e+92	-9.7531e+92	 0.00034592	 2.7217e-07	     0.0000	 -0.0012258	-4.5787e-05	  0.0082187	
24	3	 7.3518e-11	 3.2834e-11	     270.69	  0.0096323	-9.7531e+92	-9.7531e+92	 0.00010409	 2.7369e-07	     0.0000	-0.00090989	-4.5217e-05	  0.0040919	
24	4	 9.5697e-11	 4.2739e-11	     253.16	   0.012581	-9.7531e+92	-9.7531e+92	 0.00016614	 2.6795e-07	     0.0000	 -0.0011710	-4.7010e-05	  0.0049076	
24	5	  0.0013223	 0.00059055	     106.34	    0.36810	-9.7531e+92	-9.7531e+92	   0.010001	 5.7045e-06	     0.0000	 -0.0010096	 -0.0010000	   0.066394	
24	6	   0.012436	  0.0055539	     108.13	    0.34637	-9.7531e+92	-9.7531e+92	  0.0073642	 5.1891e-05	     0.0000	-0.00099503	 -0.0089184	   0.021912	
24	7	   0.028518	   0.012736	     84.614	    0.80724	-9.7531e+92	-9.7531e+92	  0.0091072	 0.00011597	     0.0000	-0.00013390	  -0.020445	  0.0022574	
24	8	   0.016483	  0.0073616	     77.960	     1.0389	-9.7531e+92	-9.7531e+92	  0.0081697	 6.3920e-05	     0.0000	-0.00052931	  -0.011659	   0.029426	
24	9	 3.4651e-05	 1.5475e-05	     149.07	    0.10229	-9.7531e+92	-9.7531e+92	  0.0015722	 4.3073e-07	     0.0000	-0.00035836	-7.3254e-05	   0.011654	
24	10	 8.2952e-05	 3.7047e-05	     102.71	    0.41717	-9.7531e+92	-9.7531e+92	 0.00038536	 6.1804e-07	     0.0000	-0.00016682	-0.00010459	  0.0022752	
24	11	   0.081553	   0.036422	     56.094	     2.2676	-9.7531e+92	-9.7531e+92	  0.0097380	 0.00028904	  0.0058016	  0.0011110	  -0.042066	  -0.031893	
24	12	 9.9851e-12	 4.4594e-12	     132.31	    0.16230	-9.7531e+92	-9.7531e+92	  0.0010241	 2.8520e-07	     0.0000	-0.00041698	-4.9023e-05	   0.010636	
24	13	  0.0047289	  0.0021120	     142.21	    0.12286	-9.7531e+92	-9.7531e+92	  0.0069048	 1.9666e-05	     0.0000	 -0.0015121	 -0.0029789	   0.029113	
24	14	  0.0011060	 0.00049396	     150.00	   0.099849	-9.7531e+92	-9.7531e+92	  0.0071428	 4.7211e-06	     0.0000	 -0.0026149	-0.00075810	   0.047132	
24	15	 1.0800e-10	 4.8233e-11	     189.75	   0.039594	-9.7531e+92	-9.7531e+92	 0.00037910	 2.7957e-07	     0.0000	 -0.0010027	-4.8045e-05	  0.0076970	
24	16	 8.5239e-12	 3.8069e-12	     177.80	   0.051213	-9.7531e+92	-9.7531e+92	 1.8270e-05	 2.9480e-07	     0.0000	-2.1408e-05	-4.9713e-05	 0.00010416	
24	17	 3.3034e-12	 1.4753e-12	     325.25	  0.0046269	-9.7531e+92	-9.7531e+92	 1.9368e-05	 2.9301e-07	     0.0000	-7.9802e-05	-4.9530e-05	 0.00027946	
24	18	    0.43954	    0.19630	     74.739	     1.1738	-9.7531e+92	-9.7531e+92	   0.067427	  0.0017192	     0.0000	  0.0051467	   -0.30031	   -0.15532	
24	19	 1.9034e-11	 8.5005e-12	     150.08	   0.099629	-9.7531e+92	-9.7531e+92	  0.0037124	 2.7975e-07	     0.0000	-0.00066967	-4.8925e-05	   0.033240	
24	20	 0.00014116	 6.3041e-05	     121.85	    0.22210	-9.7531e+92	-9.7531e+92	   0.031050	 7.8641e-07	     0.0000	 -0.0027657	-0.00015103	    0.12694	
24	21	   0.033032	   0.014752	     85.071	    0.79345	-9.7531e+92	-9.7531e+92	  0.0063224	 0.00013540	     0.0000	 0.00077695	  -0.023718	  -0.011199	
24	22	 2.1867e-11	 9.7659e-12	     237.89	   0.016122	-9.7531e+92	-9.7531e+92	 2.9991e-05	 2.8936e-07	     0.0000	-0.00014482	-4.9314e-05	 0.00076308	
24	23	    0.28128	    0.12562	     40.708	     3.3006	-9.7531e+92	-9.7531e+92	   0.032184	 0.00066332	   0.029215	  0.0014213	  -0.086131	  -0.062439	
24	24	     0.0000	     0.0000	     0.0000	     4.0000	-9.7531e+92	-9.7531e+92	    0.22405	     0.0000	    0.22379	     0.0000	     0.0000	     0.0000	
